20.75 -1 40.505779 -3.356400 0.60 1.50
34.35 -1 40.505981 -3.360293 0.62 1.50
50.57 -1 40.504864 -3.365508 1.38 1.50
56.73 1 40.503963 -3.367396 0.94 1.50
68.31 1 40.502136 -3.371194 0.90 1.50
118.48 -1 40.494385 -3.386175 0.87 1.50
152.28 1 40.487640 -3.395657 0.87 1.50
177.91 -1 40.482098 -3.401600 0.86 1.50
210.93 1 40.475399 -3.410262 0.72 1.50
216.67 -1 40.474586 -3.412241 0.76 1.50
228.54 1 40.473331 -3.416522 0.95 1.50
249.59 -1 40.471439 -3.423878 0.70 1.50
329.27 -1 40.466785 -3.452950 0.53 1.50
348.88 1 40.466919 -3.459886 0.71 1.50
376.74 1 40.467175 -3.468245 0.48 1.50
384.40 1 40.467129 -3.470515 0.77 1.50
517.37 -1 40.465374 -3.479615 0.80 1.50
530.34 -1 40.466068 -3.476366 0.83 1.50
573.41 -1 40.466908 -3.462485 0.86 1.50
612.91 1 40.467033 -3.447418 0.93 1.50
621.13 1 40.467262 -3.444297 1.09 1.50
630.61 -1 40.467655 -3.440703 0.81 1.50
650.20 -1 40.468807 -3.434046 0.98 1.50
665.02 1 40.469894 -3.428469 0.83 1.50
697.88 1 40.473007 -3.416976 0.90 1.50
712.95 -1 40.474415 -3.412145 0.68 1.50
781.77 1 40.487816 -3.395045 1.12 1.50
792.74 -1 40.489937 -3.392191 0.69 1.50
796.93 -1 40.490738 -3.391115 1.20 1.50
816.42 1 40.494671 -3.385335 0.91 1.50
875.78 1 40.504005 -3.366809 0.62 1.50
879.75 2 40.504417 -3.365765 2.00 1.50
910.53 1 40.505608 -3.358034 1.11 1.50
913.20 1 40.505547 -3.357507 0.82 1.50
