14.71 -1.0 -1 - -1 -1 0.000000 0.000000 -1.000 75.2 
15.71 -1.0 -1 - -1 -1 0.000000 0.000000 -1.000 78.3 
16.71 -1.0 -1 - -1 -1 0.000000 0.000000 -1.000 78.7 
17.71 -1.0 -1 - -1 -1 0.000000 0.000000 -1.000 77.8 
18.71 -1.0 -1 - -1 -1 0.000000 0.000000 -1.000 77.9 
19.71 -1.0 -1 - -1 -1 0.000000 0.000000 -1.000 77.1 
20.71 -1.0 -1 - -1 -1 0.000000 0.000000 -1.000 78.3 
21.71 -1.0 -1 - -1 -1 0.000000 0.000000 -1.000 78.0 
22.71 -1.0 -1 - -1 -1 0.000000 0.000000 -1.000 78.0 
23.71 -1.0 -1 - -1 -1 0.000000 0.000000 -1.000 77.7 
24.71 -1.0 -1 - -1 -1 0.000000 0.000000 -1.000 78.6 
25.71 -1.0 -1 - -1 -1 0.000000 0.000000 -1.000 80.7 
26.71 -1.0 -1 - -1 -1 0.000000 0.000000 -1.000 83.4 
27.71 -1.0 -1 - -1 -1 0.000000 0.000000 -1.000 86.5 
28.71 -1.0 -1 - -1 -1 0.000000 0.000000 -1.000 87.8 
29.72 -1.0 -1 - -1 -1 0.000000 0.000000 -1.000 86.8 
30.71 -1.0 -1 - -1 -1 0.000000 0.000000 -1.000 86.8 
31.71 -1.0 -1 - -1 -1 0.000000 0.000000 -1.000 86.8 
32.71 -1.0 -1 - -1 -1 0.000000 0.000000 -1.000 87.9 
33.71 -1.0 -1 - -1 -1 0.000000 0.000000 -1.000 92.4 
34.71 -1.0 -1 - -1 -1 0.000000 0.000000 -1.000 94.0 
35.71 -1.0 -1 - -1 -1 0.000000 0.000000 -1.000 97.0 
36.71 -1.0 -1 - -1 -1 0.000000 0.000000 -1.000 98.7 
37.71 -1.0 -1 - -1 -1 0.000000 0.000000 -1.000 100.5 
38.71 -1.0 -1 - -1 -1 0.000000 0.000000 -1.000 101.9 
39.71 -1.0 -1 - -1 -1 0.000000 0.000000 -1.000 103.9 
40.71 -1.0 -1 - -1 -1 0.000000 0.000000 -1.000 105.0 
41.71 -1.0 -1 - -1 -1 0.000000 0.000000 -1.000 104.9 
42.71 -1.0 -1 - -1 -1 0.000000 0.000000 -1.000 104.8 
43.71 -1.0 -1 - -1 -1 0.000000 0.000000 -1.000 105.9 
44.71 -1.0 -1 - -1 -1 0.000000 0.000000 -1.000 104.8 
45.71 -1.0 -1 - -1 -1 0.000000 0.000000 -1.000 107.6 
46.71 -1.0 -1 - -1 -1 0.000000 0.000000 -1.000 108.3 
47.71 -1.0 -1 - -1 -1 0.000000 0.000000 -1.000 108.2 
48.71 -1.0 -1 - -1 -1 0.000000 0.000000 -1.000 107.7 
49.71 -1.0 -1 - -1 -1 0.000000 0.000000 -1.000 108.0 
50.71 -1.0 -1 - -1 -1 0.000000 0.000000 -1.000 110.1 
51.71 -1.0 -1 - -1 -1 0.000000 0.000000 -1.000 110.4 
52.71 -1.0 -1 - -1 -1 0.000000 0.000000 -1.000 112.6 
53.71 -1.0 -1 - -1 -1 0.000000 0.000000 -1.000 113.5 
54.71 -1.0 -1 - -1 -1 0.000000 0.000000 -1.000 114.2 
55.71 -1.0 -1 - -1 -1 0.000000 0.000000 -1.000 114.9 
56.71 -1.0 -1 - -1 -1 0.000000 0.000000 -1.000 115.4 
57.71 -1.0 -1 - -1 -1 0.000000 0.000000 -1.000 115.5 
58.71 -1.0 -1 - -1 -1 0.000000 0.000000 -1.000 115.5 
59.71 -1.0 -1 - -1 -1 0.000000 0.000000 -1.000 115.9 
60.71 -1.0 -1 - -1 -1 0.000000 0.000000 -1.000 115.7 
61.71 -1.0 -1 - -1 -1 0.000000 0.000000 -1.000 115.6 
62.71 -1.0 -1 - -1 -1 0.000000 0.000000 -1.000 114.0 
63.71 -1.0 -1 - -1 -1 0.000000 0.000000 -1.000 114.7 
64.71 -1.0 -1 - -1 -1 0.000000 0.000000 -1.000 113.8 
65.71 -1.0 -1 - -1 -1 0.000000 0.000000 -1.000 113.3 
66.71 -1.0 -1 - -1 -1 0.000000 0.000000 -1.000 113.3 
67.71 -1.0 -1 - -1 -1 0.000000 0.000000 -1.000 113.0 
68.71 -1.0 -1 - -1 -1 0.000000 0.000000 -1.000 112.3 
69.71 -1.0 -1 - -1 -1 0.000000 0.000000 -1.000 111.8 
70.71 -1.0 -1 - -1 -1 0.000000 0.000000 -1.000 111.2 
71.71 -1.0 -1 - -1 -1 0.000000 0.000000 -1.000 110.6 
72.71 -1.0 -1 - -1 -1 0.000000 0.000000 -1.000 109.8 
73.71 -1.0 -1 - -1 -1 0.000000 0.000000 -1.000 109.8 
74.71 -1.0 -1 - -1 -1 0.000000 0.000000 -1.000 109.0 
75.72 -1.0 -1 - -1 -1 0.000000 0.000000 -1.000 108.7 
76.72 -1.0 -1 - -1 -1 0.000000 0.000000 -1.000 109.2 
77.73 -1.0 -1 - -1 -1 0.000000 0.000000 -1.000 109.2 
78.71 -1.0 -1 - -1 -1 0.000000 0.000000 -1.000 109.0 
80.28 -1.0 -1 - -1 -1 0.000000 0.000000 -1.000 109.4 
89.45 -1.0 -1 - -1 -1 40.500370 -3.374856 1.185 109.4 
89.74 -1.0 -1 - -1 -1 40.499012 -3.377487 0.024 109.4 
90.73 -1.0 -1 - -1 -1 40.498867 -3.377793 0.020 108.9 
91.74 -1.0 -1 - -1 -1 40.498714 -3.378094 0.033 108.8 
92.78 -1.0 -1 - -1 -1 40.498566 -3.378391 0.070 110.1 
93.72 -1.0 -1 - -1 -1 40.498413 -3.378696 0.013 112.5 
94.79 -1.0 -1 - -1 -1 40.498257 -3.379006 0.078 110.9 
95.72 -1.0 -1 - -1 -1 40.498093 -3.379312 0.013 110.4 
96.75 -1.0 -1 - -1 -1 40.497940 -3.379614 0.034 110.6 
97.77 -1.0 -1 - -1 -1 40.497787 -3.379917 0.055 111.3 
98.82 -1.0 -1 - -1 -1 40.497635 -3.380227 0.111 111.2 
99.81 -1.0 -1 - -1 -1 40.497475 -3.380526 0.101 109.3 
100.81 -1.0 -1 - -1 -1 40.497330 -3.380834 0.098 111.2 
101.73 -1.0 -1 - -1 -1 40.497173 -3.381140 0.017 112.1 
102.72 -1.0 -1 - -1 -1 40.497028 -3.381447 0.013 111.6 
103.80 -1.0 -1 - -1 -1 40.496872 -3.381754 0.085 111.7 
104.73 -1.0 -1 - -1 -1 40.496719 -3.382063 0.019 111.7 
105.73 -1.0 -1 - -1 -1 40.496555 -3.382372 0.011 112.2 
106.81 -1.0 -1 - -1 -1 40.496395 -3.382670 0.103 111.3 
107.73 -1.0 -1 - -1 -1 40.496235 -3.382970 0.019 111.5 
108.73 -1.0 -1 - -1 -1 40.496086 -3.383272 0.017 110.6 
109.75 -1.0 -1 - -1 -1 40.495926 -3.383573 0.038 110.5 
110.73 -1.0 -1 - -1 -1 40.495762 -3.383868 0.017 110.4 
111.73 -1.0 -1 - -1 -1 40.495598 -3.384154 0.017 111.0 
112.76 -1.0 -1 - -1 -1 40.495434 -3.384447 0.046 111.0 
113.83 -1.0 -1 - -1 -1 40.495262 -3.384753 0.117 112.8 
114.72 -1.0 -1 - -1 -1 40.495083 -3.385043 0.014 111.7 
115.73 -1.0 -1 - -1 -1 40.494907 -3.385331 0.020 112.1 
116.75 -1.0 -1 - -1 -1 40.494732 -3.385619 0.043 112.5 
117.74 -1.0 -1 - -1 -1 40.494572 -3.385891 0.029 113.5 
118.72 -1.0 -1 - -1 -1 40.494385 -3.386176 0.010 114.1 
119.77 -1.0 -1 - -1 -1 40.494198 -3.386461 0.061 114.2 
120.72 -1.0 -1 - -1 -1 40.494015 -3.386739 0.013 114.4 
121.73 -1.0 -1 - -1 -1 40.493824 -3.387025 0.019 114.7 
122.72 -1.0 -1 - -1 -1 40.493633 -3.387305 0.014 115.5 
123.76 -1.0 -1 - -1 -1 40.493443 -3.387582 0.053 115.7 
124.74 -1.0 -1 - -1 -1 40.493259 -3.387865 0.030 115.9 
125.72 -1.0 -1 - -1 -1 40.493065 -3.388149 0.013 116.2 
126.73 -1.0 -1 - -1 -1 40.492870 -3.388440 0.021 117.3 
127.80 -1.0 -1 - -1 -1 40.492672 -3.388723 0.089 116.7 
128.83 -1.0 -1 - -1 -1 40.492477 -3.389018 0.118 117.6 
129.74 -1.0 -1 - -1 -1 40.492287 -3.389311 0.028 117.8 
130.78 -1.0 -1 - -1 -1 40.492085 -3.389595 0.073 118.3 
131.82 -1.0 -1 - -1 -1 40.491882 -3.389880 0.109 119.4 
132.77 -1.0 -1 - -1 -1 40.491676 -3.390162 0.064 119.2 
133.74 -1.0 -1 - -1 -1 40.491474 -3.390445 0.024 118.9 
134.74 -1.0 -1 - -1 -1 40.491268 -3.390716 0.030 118.2 
135.74 -1.0 -1 - -1 -1 40.491066 -3.391004 0.027 117.7 
136.74 -1.0 -1 - -1 -1 40.490856 -3.391282 0.028 118.4 
137.77 -1.0 -1 - -1 -1 40.490650 -3.391567 0.057 118.8 
141.58 120.0 1 motorway 3 -1 40.490448 -3.391850 2.870 115.2 
143.27 120.0 1 motorway 3 -1 40.489853 -3.392662 1.558 115.6 
144.90 120.0 1 motorway 3 -1 40.489452 -3.393202 1.187 116.1 
147.89 120.0 1 motorway 3 -1 40.489048 -3.393750 2.175 116.6 
150.34 120.0 1 motorway 3 -1 40.488438 -3.394573 1.629 116.2 
151.78 120.0 1 motorway 3 -1 40.488033 -3.395110 1.068 115.2 
154.37 120.0 1 motorway 3 1 40.487640 -3.395657 1.661 113.9 
156.07 120.0 1 motorway 3 1 40.487251 -3.396205 1.363 114.7 
157.60 120.0 1 motorway 3 1 40.486843 -3.396716 0.889 112.0 
158.68 120.0 1 motorway 3 1 40.486633 -3.396972 0.965 112.0 
159.65 120.0 1 motorway 3 1 40.486427 -3.397221 0.934 111.6 
160.46 120.0 1 motorway 3 1 40.486221 -3.397465 0.753 111.9 
161.96 120.0 1 motorway 3 1 40.486008 -3.397712 1.248 111.8 
163.36 120.0 1 motorway 3 1 40.485580 -3.398182 0.647 112.4 
164.23 120.0 1 motorway 3 1 40.485363 -3.398412 0.517 112.4 
165.50 120.0 1 motorway 3 1 40.485142 -3.398643 0.793 115.2 
166.28 120.0 1 motorway 3 1 40.484909 -3.398889 0.569 116.5 
168.05 120.0 1 motorway 3 1 40.484680 -3.399119 1.340 117.5 
169.99 120.0 1 motorway 3 1 40.484203 -3.399577 1.274 117.3 
171.83 120.0 1 motorway 3 1 40.483734 -3.400033 1.117 116.4 
173.96 120.0 1 motorway 3 1 40.483257 -3.400491 1.250 115.9 
175.72 120.0 1 motorway 3 1 40.482796 -3.400935 1.011 115.3 
177.98 120.0 1 motorway 3 2 40.482330 -3.401383 1.273 115.4 
179.72 120.0 1 motorway 3 2 40.481861 -3.401816 1.010 114.3 
181.97 120.0 1 motorway 3 2 40.481396 -3.402246 1.259 114.8 
183.83 120.0 1 motorway 3 2 40.480934 -3.402673 1.120 113.4 
185.66 120.0 1 motorway 3 2 40.480469 -3.403130 0.952 114.7 
186.78 120.0 1 motorway 3 2 40.480244 -3.403360 1.070 114.0 
188.76 120.0 1 motorway 3 2 40.479790 -3.403812 1.046 112.4 
190.77 120.0 1 motorway 3 2 40.479355 -3.404256 1.054 112.4 
193.07 120.0 1 motorway 3 2 40.478920 -3.404741 1.356 113.2 
194.74 120.0 1 motorway 3 2 40.478508 -3.405241 1.024 114.6 
196.48 120.0 1 motorway 3 2 40.478104 -3.405761 0.766 114.5 
197.87 120.0 1 motorway 3 2 40.477901 -3.406031 1.163 115.6 
200.28 120.0 1 motorway 3 2 40.477493 -3.406576 1.571 116.5 
201.84 120.0 1 motorway 3 2 40.477104 -3.407137 1.130 116.6 
204.11 120.0 1 motorway 3 2 40.476738 -3.407721 1.395 117.1 
206.04 120.0 1 motorway 3 2 40.476379 -3.408324 1.326 118.3 
208.50 120.0 1 motorway 3 2 40.476036 -3.408958 1.794 117.6 
210.13 120.0 1 motorway 3 2 40.475700 -3.409603 1.417 116.7 
211.97 120.0 1 motorway 3 1 40.475399 -3.410262 1.263 115.0 
214.03 120.0 1 motorway 3 1 40.475121 -3.410913 1.314 115.9 
216.07 120.0 1 motorway 3 1 40.474850 -3.411574 1.357 114.3 
218.05 120.0 1 motorway 3 2 40.474586 -3.412241 1.338 116.1 
219.35 120.0 1 motorway 3 2 40.474323 -3.412925 0.635 117.0 
220.72 120.0 1 motorway 3 2 40.474205 -3.413272 1.005 117.6 
222.52 120.0 1 motorway 3 2 40.473976 -3.413985 0.808 117.1 
223.84 120.0 1 motorway 3 2 40.473877 -3.414351 1.133 115.9 
226.11 120.0 1 motorway 3 2 40.473686 -3.415068 1.395 116.5 
227.74 120.0 1 motorway 3 2 40.473507 -3.415796 1.029 116.6 
229.79 120.0 1 motorway 3 1 40.473331 -3.416522 1.076 115.1 
231.43 120.0 1 motorway 3 1 40.473171 -3.417239 0.717 114.9 
232.66 120.0 1 motorway 3 1 40.473087 -3.417599 0.945 117.1 
233.75 120.0 1 motorway 3 1 40.473003 -3.417964 1.040 114.4 
235.42 120.0 1 motorway 3 1 40.472824 -3.418679 0.708 113.6 
236.55 120.0 1 motorway 3 1 40.472733 -3.419036 0.836 113.2 
237.69 120.0 1 motorway 3 1 40.472645 -3.419394 0.980 113.3 
238.70 120.0 1 motorway 3 1 40.472553 -3.419743 0.986 113.0 
239.93 120.0 1 motorway 3 1 40.472473 -3.420097 1.215 113.0 
241.57 120.0 1 motorway 3 1 40.472282 -3.420797 0.856 113.5 
242.36 120.0 1 motorway 3 1 40.472202 -3.421151 0.651 113.7 
243.30 120.0 1 motorway 3 1 40.472107 -3.421503 0.591 113.2 
244.13 120.0 1 motorway 3 1 40.472008 -3.421854 0.416 113.2 
245.46 120.0 1 motorway 3 1 40.471916 -3.422199 0.751 112.3 
246.28 120.0 1 motorway 3 1 40.471836 -3.422523 0.569 112.4 
247.30 120.0 1 motorway 3 1 40.471741 -3.422868 0.588 112.7 
248.22 120.0 1 motorway 3 1 40.471645 -3.423192 0.510 112.7 
249.47 120.0 1 motorway 3 1 40.471539 -3.423546 0.760 113.2 
250.27 120.0 1 motorway 3 2 40.471439 -3.423878 0.559 112.6 
251.32 120.0 1 motorway 3 2 40.471336 -3.424224 0.613 112.6 
252.52 120.0 1 motorway 3 2 40.471230 -3.424571 0.811 112.0 
253.55 120.0 1 motorway 3 2 40.471130 -3.424899 0.835 112.9 
255.12 120.0 1 motorway 3 2 40.471024 -3.425245 1.410 113.8 
256.83 120.0 1 motorway 3 2 40.470810 -3.425937 1.121 115.4 
258.93 120.0 1 motorway 3 2 40.470596 -3.426637 1.223 114.0 
260.63 120.0 1 motorway 3 2 40.470409 -3.427340 0.923 114.1 
261.88 120.0 1 motorway 3 2 40.470306 -3.427690 1.168 114.2 
264.03 120.0 1 motorway 3 2 40.470123 -3.428394 1.322 114.8 
266.65 120.0 1 motorway 3 2 40.469929 -3.429110 1.940 115.4 
268.71 120.0 1 motorway 3 2 40.469753 -3.429839 1.997 113.6 
269.85 120.0 1 motorway 3 2 40.469593 -3.430565 1.141 113.0 
272.55 120.0 1 motorway 3 2 40.469440 -3.431288 1.844 111.9 
273.83 120.0 1 motorway 3 2 40.469315 -3.432009 1.115 115.2 
275.75 120.0 1 motorway 3 2 40.469189 -3.432764 1.043 117.4 
277.99 120.0 1 motorway 3 2 40.469063 -3.433510 1.274 118.2 
280.08 120.0 1 motorway 3 2 40.468945 -3.434274 1.367 117.6 
281.98 120.0 1 motorway 3 2 40.468819 -3.435046 1.269 116.6 
284.28 120.0 1 motorway 3 2 40.468689 -3.435797 1.572 115.1 
286.51 120.0 1 motorway 3 2 40.468571 -3.436534 1.791 114.9 
287.95 120.0 1 motorway 3 2 40.468441 -3.437269 1.236 115.3 
289.86 120.0 1 motorway 3 2 40.468315 -3.438005 1.145 116.0 
291.96 120.0 1 motorway 3 2 40.468185 -3.438747 1.242 117.0 
294.20 120.0 1 motorway 3 2 40.468067 -3.439497 1.491 114.7 
295.78 120.0 1 motorway 3 2 40.467937 -3.440232 1.067 114.5 
298.34 120.0 1 motorway 3 2 40.467812 -3.440967 1.634 114.9 
299.79 120.0 1 motorway 3 2 40.467705 -3.441704 1.083 115.6 
301.67 120.0 1 motorway 3 2 40.467613 -3.442449 0.956 116.6 
302.49 120.0 1 motorway 3 2 40.467579 -3.442823 0.782 116.2 
303.57 120.0 1 motorway 3 2 40.467541 -3.443201 0.863 115.2 
305.06 120.0 1 motorway 3 2 40.467503 -3.443578 1.348 114.1 
307.31 120.0 1 motorway 3 2 40.467430 -3.444315 1.596 113.2 
309.20 120.0 1 motorway 3 2 40.467365 -3.445045 1.491 114.7 
310.44 120.0 1 motorway 3 2 40.467304 -3.445794 0.724 114.4 
311.61 120.0 1 motorway 3 2 40.467274 -3.446159 0.898 114.4 
312.63 120.0 1 motorway 3 2 40.467239 -3.446530 0.919 114.1 
313.84 120.0 1 motorway 3 2 40.467205 -3.446904 1.132 113.4 
315.47 120.0 1 motorway 3 2 40.467144 -3.447647 0.756 111.9 
316.74 120.0 1 motorway 3 2 40.467110 -3.448015 1.028 110.4 
318.41 120.0 1 motorway 3 2 40.467049 -3.448735 0.695 109.4 
319.39 120.0 1 motorway 3 2 40.467018 -3.449089 0.680 109.7 
320.45 120.0 1 motorway 3 2 40.466995 -3.449439 0.737 109.0 
321.77 120.0 1 motorway 3 2 40.466969 -3.449791 1.062 107.5 
323.38 120.0 1 motorway 3 2 40.466919 -3.450496 0.673 106.3 
325.57 120.0 1 motorway 3 2 40.466896 -3.450834 1.855 106.2 
327.20 120.0 1 motorway 3 2 40.466866 -3.451534 1.494 106.7 
329.84 120.0 1 motorway 3 3 40.466831 -3.452239 2.119 109.9 
333.01 120.0 1 motorway 3 3 40.466763 -3.453318 2.302 112.9 
335.06 120.0 1 motorway 3 3 40.466721 -3.454430 1.346 115.5 
337.10 120.0 1 motorway 3 3 40.466721 -3.455188 1.393 115.4 
338.88 120.0 1 motorway 3 3 40.466724 -3.455928 1.175 112.2 
340.47 120.0 1 motorway 3 3 40.466763 -3.456654 0.753 111.5 
341.92 120.0 1 motorway 3 3 40.466770 -3.457029 1.211 110.8 
344.09 120.0 1 motorway 3 3 40.466793 -3.457761 1.374 110.8 
345.71 120.0 1 motorway 3 3 40.466835 -3.458477 0.988 109.0 
347.05 120.0 1 motorway 3 3 40.466854 -3.458834 1.342 107.4 
348.90 120.0 1 motorway 3 2 40.466892 -3.459546 1.185 103.3 
351.13 120.0 1 motorway 3 2 40.466938 -3.460215 1.423 97.2 
353.08 120.0 1 motorway 3 2 40.466988 -3.460858 1.368 94.5 
354.74 120.0 1 motorway 3 2 40.467022 -3.461480 1.028 91.9 
357.30 120.0 1 motorway 3 2 40.467045 -3.462091 1.586 88.8 
358.93 120.0 1 motorway 3 2 40.467079 -3.462673 1.214 88.2 
360.78 120.0 1 motorway 3 2 40.467106 -3.463241 1.073 90.0 
363.01 120.0 1 motorway 3 2 40.467117 -3.463827 1.300 91.1 
364.77 120.0 1 motorway 3 2 40.467144 -3.464434 1.055 89.3 
367.01 120.0 1 motorway 3 2 40.467163 -3.464991 1.297 87.3 
368.95 120.0 1 motorway 3 2 40.467175 -3.465544 1.243 91.5 
370.80 120.0 1 motorway 3 2 40.467171 -3.466145 1.085 91.1 
372.74 120.0 1 motorway 3 2 40.467182 -3.466747 1.030 89.6 
376.43 120.0 1 motorway 3 2 40.467178 -3.467348 2.718 90.3 
377.96 120.0 1 motorway 3 1 40.467175 -3.468246 1.253 89.3 
379.94 120.0 1 motorway 3 1 40.467178 -3.468821 1.231 87.5 
381.82 120.0 1 motorway 3 1 40.467178 -3.469407 1.111 84.3 
383.60 120.0 1 motorway 3 1 40.467152 -3.469956 0.884 87.1 
385.68 120.0 1 motorway 3 1 40.467140 -3.470244 1.964 86.7 
386.61 120.0 1 motorway 3 1 40.467121 -3.470806 0.899 85.8 
388.27 120.0 1 motorway 3 1 40.467102 -3.471081 1.556 83.6 
390.11 120.0 1 motorway 3 1 40.467056 -3.471636 1.400 83.2 
392.30 120.0 1 motorway 3 1 40.466999 -3.472178 1.587 80.9 
394.45 120.0 1 motorway 3 1 40.466942 -3.472711 1.739 79.3 
395.48 120.0 1 motorway 3 1 40.466877 -3.473231 0.765 81.6 
396.70 -1.0 0 track 1 1 40.466846 -3.473495 0.994 80.4 
398.03 -1.0 0 track 1 1 40.466805 -3.473762 1.324 78.5 
400.12 120.0 1 motorway 3 1 40.466721 -3.474270 1.400 76.6 
401.43 120.0 1 motorway 3 1 40.466648 -3.474754 0.719 74.6 
402.64 120.0 1 motorway 3 1 40.466606 -3.474989 0.930 73.7 
403.89 120.0 1 motorway 3 1 40.466564 -3.475231 1.180 72.1 
405.63 120.0 1 motorway 3 1 40.466484 -3.475693 0.919 70.5 
406.64 120.0 1 motorway 3 1 40.466446 -3.475908 0.934 70.3 
407.72 120.0 1 motorway 3 1 40.466404 -3.476136 1.001 70.5 
409.82 120.0 1 motorway 3 1 40.466320 -3.476573 1.109 71.0 
411.86 120.0 1 motorway 3 1 40.466225 -3.477048 1.146 70.8 
413.91 120.0 1 motorway 3 1 40.466125 -3.477497 1.195 70.5 
415.96 120.0 1 motorway 3 1 40.466042 -3.477926 1.253 70.4 
417.59 80.0 1 primary_link 1 1 40.465954 -3.478398 0.880 71.1 
418.72 80.0 1 primary_link 1 1 40.465919 -3.478614 1.008 71.1 
420.74 80.0 1 primary_link 1 1 40.465843 -3.479060 1.027 68.0 
422.63 80.0 1 primary_link 1 1 40.465775 -3.479502 0.915 65.8 
423.74 80.0 1 primary_link 1 1 40.465748 -3.479720 1.027 64.8 
427.25 70.0 1 primary_link 1 1 40.465733 -3.480144 2.537 62.6 
428.55 70.0 1 primary_link 1 1 40.465797 -3.480744 0.837 61.8 
431.52 70.0 1 primary_link 1 1 40.465847 -3.480924 2.809 63.6 
441.41 70.0 1 primary_link 1 1 40.466026 -3.481494 9.694 74.7 
443.60 70.0 1 primary_link 1 1 40.466679 -3.483689 1.890 71.6 
444.99 70.0 1 primary_link 1 1 40.466698 -3.484156 1.277 72.1 
448.88 70.0 1 primary_link 1 1 40.466652 -3.484611 3.168 69.7 
460.21 70.0 1 primary_link 1 1 40.466373 -3.485459 10.504 74.2 
462.03 50.0 1 primary 1 1 40.465099 -3.487443 1.318 69.8 
463.67 50.0 1 primary 1 1 40.464840 -3.487739 0.957 61.8 
464.60 50.0 1 primary 1 1 40.464706 -3.487837 0.889 58.9 
467.67 50.0 1 primary 1 1 40.464565 -3.487903 2.960 52.4 
469.00 50.0 1 primary 1 1 40.464157 -3.487872 1.280 50.5 
471.66 50.0 1 primary 1 1 40.463821 -3.487621 0.948 51.6 
473.63 50.0 1 primary 1 1 40.463737 -3.487497 1.917 51.7 
474.69 50.0 1 primary 1 1 40.463615 -3.487209 0.981 53.2 
475.99 50.0 1 primary 1 1 40.463581 -3.487036 1.280 54.6 
478.09 50.0 1 primary 1 1 40.463596 -3.486682 1.383 54.7 
479.37 100.0 3 primary 1 1 40.463657 -3.486326 0.661 56.8 
480.89 100.0 3 primary 1 1 40.463654 -3.486132 1.179 58.9 
482.86 100.0 3 primary 1 1 40.463737 -3.485765 1.146 63.4 
484.27 100.0 3 primary 1 1 40.463825 -3.485365 0.560 65.4 
485.41 100.0 3 primary 1 1 40.463875 -3.485152 0.695 67.0 
486.62 100.0 3 primary 1 1 40.463924 -3.484940 0.912 66.5 
488.35 100.0 3 primary 1 1 40.463943 -3.484859 1.638 64.6 
489.89 100.0 3 primary 1 1 40.464058 -3.484312 1.174 65.7 
492.06 100.0 3 primary 1 1 40.464149 -3.483907 1.353 60.8 
493.67 100.0 3 primary 2 1 40.464230 -3.483521 0.963 48.2 
508.02 90.0 3 motorway_link 1 1 40.464626 -3.481934 2.307 56.1 
509.90 90.0 3 motorway_link 1 1 40.464699 -3.481384 1.184 61.6 
511.51 90.0 3 motorway_link 1 1 40.464851 -3.481025 0.798 64.8 
513.08 90.0 1 motorway_link 1 1 40.464931 -3.480839 1.371 66.2 
514.79 90.0 1 motorway_link 1 1 40.465096 -3.480455 1.079 67.6 
516.51 90.0 1 motorway_link 1 1 40.465237 -3.480051 0.799 72.4 
518.08 90.0 1 motorway_link 1 1 40.465305 -3.479836 1.369 73.8 
519.52 90.0 1 motorway_link 1 1 40.465435 -3.479397 0.804 73.5 
520.72 90.0 1 motorway_link 1 1 40.465492 -3.479170 1.010 76.9 
522.86 90.0 1 motorway_link 1 1 40.465595 -3.478687 1.147 81.1 
524.83 90.0 1 motorway_link 1 1 40.465698 -3.478181 1.116 80.1 
526.65 90.0 1 motorway_link 1 1 40.465801 -3.477680 0.938 80.9 
527.70 90.0 1 motorway_link 1 1 40.465851 -3.477418 0.989 81.3 
529.21 90.0 1 motorway_link 1 1 40.465908 -3.477155 1.501 82.1 
530.69 120.0 1 motorway 4 1 40.466015 -3.476638 0.977 84.6 
531.88 120.0 1 motorway 4 1 40.466068 -3.476366 1.165 85.0 
533.51 120.0 1 motorway 4 1 40.466183 -3.475826 0.803 89.0 
534.66 120.0 1 motorway 4 1 40.466236 -3.475546 0.949 91.3 
535.47 120.0 1 motorway 4 1 40.466286 -3.475259 0.757 90.5 
536.69 120.0 1 motorway 4 1 40.466335 -3.474966 0.981 91.4 
537.41 120.0 1 motorway 4 1 40.466385 -3.474668 0.695 93.7 
538.77 120.0 1 motorway 4 1 40.466434 -3.474369 1.062 95.6 
540.88 120.0 1 motorway 4 1 40.466522 -3.473748 1.171 99.5 
542.84 120.0 1 motorway 4 1 40.466606 -3.473116 1.125 101.3 
544.78 120.0 1 motorway 4 1 40.466682 -3.472462 1.073 101.3 
546.68 120.0 1 motorway 4 1 40.466751 -3.471813 0.967 99.7 
547.97 120.0 1 motorway 4 1 40.466789 -3.471484 1.263 98.8 
550.00 120.0 1 motorway 4 1 40.466843 -3.470831 1.287 96.7 
552.15 120.0 1 motorway 4 1 40.466892 -3.470204 1.433 96.9 
553.81 120.0 1 motorway 3 1 40.466942 -3.469573 1.096 99.3 
555.84 120.0 1 motorway 3 1 40.466980 -3.468920 1.124 100.2 
557.60 120.0 1 motorway 3 1 40.467014 -3.468275 0.894 100.9 
559.01 120.0 1 motorway 3 1 40.467022 -3.467947 1.297 101.3 
560.85 120.0 1 motorway 3 1 40.467030 -3.467275 1.141 102.6 
562.81 120.0 1 motorway 3 1 40.467026 -3.466599 1.103 103.6 
565.41 120.0 1 motorway 3 1 40.467010 -3.465926 1.699 102.9 
567.01 120.0 1 motorway 3 1 40.466999 -3.465258 1.299 103.8 
568.74 120.0 1 motorway 3 1 40.466984 -3.464572 1.032 105.4 
571.01 120.0 1 motorway 3 1 40.466957 -3.463886 1.300 106.0 
572.75 120.0 1 motorway 3 1 40.466923 -3.463192 1.042 107.9 
574.68 120.0 1 motorway 3 2 40.466908 -3.462485 0.965 110.1 
575.50 120.0 1 motorway 3 2 40.466892 -3.462116 0.792 112.9 
576.42 120.0 1 motorway 3 2 40.466877 -3.461756 0.706 114.1 
577.95 120.0 1 motorway 3 2 40.466862 -3.461387 1.241 115.1 
580.65 120.0 1 motorway 3 2 40.466831 -3.460641 1.941 116.1 
581.64 120.0 1 motorway 3 2 40.466793 -3.459869 0.923 115.5 
582.89 120.0 1 motorway 3 2 40.466778 -3.459485 1.175 114.5 
584.43 120.0 1 motorway 3 2 40.466743 -3.458724 0.716 116.2 
585.85 120.0 1 motorway 3 2 40.466732 -3.458349 1.128 116.7 
587.49 120.0 1 motorway 3 2 40.466702 -3.457581 0.779 117.4 
588.61 120.0 1 motorway 3 2 40.466686 -3.457195 0.894 117.4 
589.52 120.0 1 motorway 3 2 40.466675 -3.456806 0.809 117.6 
590.66 120.0 1 motorway 3 2 40.466663 -3.456415 0.948 117.7 
591.57 120.0 1 motorway 3 2 40.466656 -3.456023 0.861 117.7 
592.80 120.0 1 motorway 3 2 40.466652 -3.455646 1.089 118.4 
594.95 120.0 1 motorway 3 2 40.466629 -3.454866 1.240 120.0 
597.00 120.0 1 motorway 3 2 40.466633 -3.454092 1.287 119.7 
598.94 120.0 1 motorway 3 2 40.466652 -3.453321 1.233 119.6 
601.00 120.0 1 motorway 3 2 40.466679 -3.452532 1.290 120.4 
602.89 120.0 1 motorway 3 2 40.466717 -3.451741 1.176 120.2 
604.55 120.0 1 motorway 3 2 40.466766 -3.450972 0.837 120.7 
605.70 120.0 1 motorway 3 2 40.466789 -3.450580 0.994 120.8 
606.57 120.0 1 motorway 3 2 40.466820 -3.450183 0.863 121.4 
607.47 120.0 1 motorway 3 2 40.466846 -3.449790 0.758 121.2 
609.39 120.0 1 motorway 3 2 40.466877 -3.449393 1.676 121.9 
611.03 120.0 1 motorway 3 2 40.466946 -3.448598 1.317 122.1 
613.40 120.0 1 motorway 3 1 40.467007 -3.447807 1.690 121.0 
614.93 120.0 1 motorway 3 1 40.467056 -3.447006 1.222 120.6 
617.90 120.0 1 motorway 3 1 40.467110 -3.446208 2.191 118.0 
621.00 120.0 1 motorway 3 1 40.467209 -3.445056 2.292 116.9 
623.01 120.0 1 motorway 3 1 40.467285 -3.443919 1.296 115.5 
624.96 120.0 1 motorway 3 1 40.467346 -3.443168 1.246 112.8 
636.44 120.0 1 motorway 3 2 40.467411 -3.442440 10.725 110.6 
637.45 120.0 1 motorway 3 2 40.468033 -3.438601 0.732 110.9 
638.38 120.0 1 motorway 3 2 40.468094 -3.438255 0.665 110.8 
639.46 120.0 1 motorway 3 2 40.468166 -3.437908 0.748 111.1 
641.04 120.0 1 motorway 3 2 40.468224 -3.437554 1.325 111.0 
644.31 120.0 1 motorway 3 2 40.468346 -3.436842 2.593 108.3 
646.25 120.0 1 motorway 3 2 40.468529 -3.435792 1.541 108.5 
647.49 120.0 1 motorway 3 2 40.468647 -3.435095 0.778 107.8 
649.03 120.0 1 motorway 3 2 40.468700 -3.434750 1.319 109.0 
651.28 120.0 1 motorway 3 3 40.468807 -3.434045 1.572 114.9 
653.30 120.0 1 motorway 3 3 40.468941 -3.433326 1.590 116.6 
655.03 120.0 1 motorway 3 3 40.469059 -3.432584 1.322 115.8 
656.54 120.0 1 motorway 3 3 40.469177 -3.431830 0.825 117.0 
657.65 120.0 1 motorway 3 3 40.469246 -3.431456 0.940 116.4 
658.58 120.0 1 motorway 3 3 40.469311 -3.431086 0.867 118.4 
659.47 120.0 1 motorway 3 3 40.469379 -3.430716 0.755 118.4 
661.11 120.0 1 motorway 3 3 40.469460 -3.430340 1.396 119.0 
662.53 120.0 1 motorway 3 3 40.469631 -3.429592 0.823 119.4 
663.46 120.0 1 motorway 3 3 40.469715 -3.429214 0.750 118.9 
664.29 120.0 1 motorway 3 3 40.469803 -3.428849 0.577 119.0 
665.30 120.0 1 motorway 3 2 40.469894 -3.428469 0.590 118.3 
666.23 120.0 1 motorway 3 2 40.469986 -3.428101 0.516 118.3 
667.26 120.0 1 motorway 3 2 40.470078 -3.427728 0.553 117.6 
668.37 120.0 1 motorway 3 2 40.470177 -3.427362 0.659 115.4 
669.40 120.0 1 motorway 3 2 40.470272 -3.427006 0.686 114.4 
670.42 120.0 1 motorway 3 2 40.470375 -3.426661 0.707 113.1 
671.27 120.0 1 motorway 3 2 40.470478 -3.426314 0.556 113.1 
672.99 120.0 1 motorway 3 2 40.470581 -3.425969 1.279 111.6 
675.03 120.0 1 motorway 3 2 40.470791 -3.425291 1.313 111.1 
676.97 120.0 1 motorway 3 2 40.470997 -3.424611 1.264 111.2 
678.60 120.0 1 motorway 3 2 40.471203 -3.423939 0.892 111.9 
679.64 120.0 1 motorway 3 2 40.471298 -3.423600 0.925 113.1 
680.88 120.0 1 motorway 3 2 40.471397 -3.423253 1.166 113.3 
683.01 120.0 1 motorway 3 2 40.471600 -3.422555 1.295 113.4 
684.45 120.0 1 motorway 3 2 40.471802 -3.421855 0.738 113.2 
685.42 120.0 1 motorway 3 2 40.471897 -3.421497 0.701 113.8 
687.52 120.0 1 motorway 3 2 40.471989 -3.421149 1.809 114.1 
689.26 120.0 1 motorway 3 2 40.472168 -3.420459 1.553 113.3 
691.32 120.0 1 motorway 3 2 40.472336 -3.419745 1.607 112.0 
693.48 120.0 1 motorway 3 2 40.472500 -3.419044 1.771 111.2 
694.72 120.0 1 motorway 3 2 40.472672 -3.418360 0.999 111.2 
697.07 120.0 1 motorway 3 2 40.472851 -3.417670 1.364 109.7 
698.48 120.0 1 motorway 3 1 40.473007 -3.416975 0.763 109.4 
699.56 120.0 1 motorway 3 1 40.473091 -3.416621 0.845 108.3 
700.42 120.0 1 motorway 3 1 40.473179 -3.416280 0.712 107.1 
701.55 120.0 1 motorway 3 1 40.473263 -3.415940 0.838 106.0 
702.69 120.0 1 motorway 3 1 40.473339 -3.415598 0.981 105.2 
703.50 120.0 1 motorway 3 1 40.473431 -3.415273 0.782 104.7 
704.72 120.0 1 motorway 3 1 40.473507 -3.414939 1.012 104.5 
706.51 120.0 1 motorway 3 1 40.473679 -3.414310 0.802 103.3 
707.60 120.0 1 motorway 3 1 40.473770 -3.413988 0.884 103.5 
708.72 120.0 1 motorway 3 1 40.473873 -3.413683 1.008 103.4 
710.62 120.0 1 motorway 3 1 40.474079 -3.413064 0.905 102.0 
711.38 120.0 1 motorway 3 1 40.474186 -3.412755 0.659 103.4 
712.61 120.0 1 motorway 3 1 40.474300 -3.412456 0.898 103.7 
713.43 120.0 1 motorway 3 2 40.474415 -3.412145 0.714 106.8 
714.87 120.0 1 motorway 3 2 40.474537 -3.411837 1.155 109.2 
716.40 120.0 1 motorway 3 2 40.474800 -3.411202 0.687 113.4 
717.33 120.0 1 motorway 3 2 40.474930 -3.410884 0.614 114.1 
718.45 120.0 1 motorway 3 2 40.475079 -3.410554 0.731 115.7 
720.01 120.0 1 motorway 3 2 40.475235 -3.410253 1.300 116.0 
722.13 120.0 1 motorway 3 2 40.475533 -3.409595 1.419 116.4 
723.36 120.0 1 motorway 3 2 40.475857 -3.408955 0.653 116.6 
724.43 120.0 1 motorway 3 2 40.476025 -3.408638 0.715 116.2 
725.58 120.0 1 motorway 3 2 40.476196 -3.408331 0.866 116.4 
726.97 120.0 1 motorway 3 2 40.476364 -3.408032 1.253 115.4 
728.59 120.0 1 motorway 3 2 40.476711 -3.407439 0.878 113.7 
729.81 120.0 1 motorway 3 2 40.476891 -3.407156 1.095 113.4 
731.85 120.0 1 motorway 3 2 40.477261 -3.406579 1.135 111.8 
733.94 120.0 1 motorway 3 2 40.477634 -3.406051 1.226 112.1 
735.76 120.0 1 motorway 3 2 40.478027 -3.405532 1.043 114.1 
738.31 120.0 1 motorway 3 2 40.478439 -3.405013 1.596 111.3 
740.31 120.0 1 motorway 3 2 40.478859 -3.404505 1.609 109.2 
741.52 120.0 1 motorway 3 2 40.479256 -3.404037 0.811 106.8 
743.04 120.0 1 motorway 3 2 40.479454 -3.403811 1.329 107.9 
745.33 120.0 1 motorway 3 2 40.479893 -3.403382 1.613 113.4 
747.62 120.0 1 motorway 3 2 40.480347 -3.402958 1.913 114.0 
749.18 120.0 1 motorway 3 2 40.480801 -3.402526 1.469 113.4 
750.81 120.0 1 motorway 3 2 40.481258 -3.402082 1.101 114.0 
753.20 120.0 1 motorway 3 2 40.481724 -3.401639 1.488 113.6 
755.11 120.0 1 motorway 3 2 40.482185 -3.401198 1.393 112.2 
756.85 120.0 1 motorway 3 2 40.482624 -3.400759 1.141 108.9 
759.07 120.0 1 motorway 3 2 40.483059 -3.400338 1.355 106.2 
761.28 120.0 1 motorway 3 2 40.483490 -3.399931 1.560 101.1 
762.70 120.0 1 motorway 3 2 40.483906 -3.399518 0.991 101.0 
763.91 120.0 1 motorway 3 2 40.484104 -3.399317 1.200 100.8 
765.40 120.0 1 motorway 3 2 40.484512 -3.398924 0.692 102.3 
766.38 120.0 1 motorway 3 2 40.484711 -3.398729 0.666 103.4 
767.51 120.0 1 motorway 3 2 40.484921 -3.398522 0.800 103.9 
768.75 120.0 1 motorway 3 2 40.485134 -3.398304 1.035 103.2 
770.50 120.0 1 motorway 3 2 40.485531 -3.397877 0.787 101.1 
771.60 120.0 1 motorway 3 2 40.485718 -3.397649 0.887 100.8 
773.30 120.0 1 motorway 3 2 40.485905 -3.397449 1.589 101.6 
774.63 120.0 1 motorway 3 2 40.486286 -3.396996 0.919 103.5 
775.49 120.0 1 motorway 3 2 40.486481 -3.396764 0.775 104.0 
777.02 120.0 1 motorway 3 2 40.486679 -3.396540 1.313 105.9 
778.36 120.0 1 motorway 3 2 40.487057 -3.396061 0.647 108.1 
779.38 120.0 1 motorway 3 2 40.487247 -3.395808 0.672 109.0 
780.70 120.0 1 motorway 3 2 40.487442 -3.395557 0.994 110.2 
781.32 120.0 1 motorway 3 2 40.487633 -3.395302 0.609 110.2 
782.47 120.0 1 motorway 3 1 40.487816 -3.395045 0.760 109.8 
783.98 120.0 1 motorway 3 1 40.488010 -3.394786 1.270 108.9 
785.43 120.0 1 motorway 3 1 40.488400 -3.394278 0.722 107.3 
786.44 120.0 1 motorway 3 1 40.488590 -3.394027 0.731 107.5 
787.32 120.0 1 motorway 3 1 40.488781 -3.393770 0.612 108.9 
788.78 120.0 1 motorway 3 1 40.488972 -3.393505 1.069 110.2 
790.56 120.0 1 motorway 3 1 40.489357 -3.392970 0.843 109.5 
791.57 120.0 1 motorway 3 1 40.489544 -3.392719 0.854 109.7 
792.19 120.0 1 motorway 3 1 40.489735 -3.392453 0.476 109.7 
793.42 120.0 1 motorway 3 2 40.489937 -3.392191 0.711 113.8 
794.73 120.0 1 motorway 3 2 40.490139 -3.391939 1.022 115.8 
796.91 120.0 1 motorway 3 2 40.490536 -3.391388 1.195 119.9 
798.64 120.0 1 motorway 3 3 40.490936 -3.390841 0.932 121.0 
800.04 120.0 1 motorway 3 3 40.491154 -3.390559 1.332 121.5 
802.68 120.0 1 motorway 3 3 40.491577 -3.389996 1.969 121.1 
804.82 120.0 1 motorway 3 3 40.491997 -3.389421 2.101 121.3 
807.29 120.0 1 motorway 3 3 40.492611 -3.388539 1.577 119.3 
809.06 120.0 1 motorway 3 3 40.493008 -3.387955 1.352 117.6 
811.43 120.0 1 motorway 3 3 40.493378 -3.387385 1.719 115.4 
812.86 120.0 1 motorway 3 3 40.493759 -3.386809 1.151 114.4 
814.93 120.0 1 motorway 3 3 40.494129 -3.386221 1.220 114.9 
817.19 120.0 1 motorway 3 2 40.494495 -3.385649 1.475 117.1 
818.85 120.0 1 motorway 3 2 40.494846 -3.385027 1.131 119.4 
822.56 120.0 1 motorway 3 2 40.495201 -3.384394 2.844 117.8 
823.83 120.0 1 motorway 3 2 40.495728 -3.383448 1.121 117.3 
826.66 120.0 1 motorway 3 2 40.496067 -3.382825 1.950 116.0 
827.65 120.0 1 motorway 3 2 40.496399 -3.382202 0.932 115.8 
828.54 120.0 1 motorway 3 2 40.496571 -3.381891 0.827 115.3 
829.66 120.0 1 motorway 3 2 40.496727 -3.381584 0.951 115.1 
830.98 120.0 1 motorway 3 2 40.496899 -3.381269 1.274 115.2 
832.77 120.0 1 motorway 3 2 40.497223 -3.380661 1.053 115.0 
834.69 120.0 1 motorway 3 2 40.497547 -3.380046 0.979 115.6 
835.61 120.0 1 motorway 3 2 40.497700 -3.379731 0.894 116.8 
836.77 120.0 1 motorway 3 2 40.497864 -3.379409 1.052 118.2 
839.13 120.0 1 motorway 3 2 40.498180 -3.378773 1.423 118.9 
840.51 120.0 1 motorway 3 2 40.498508 -3.378093 0.799 119.1 
841.74 120.0 1 motorway 3 2 40.498672 -3.377768 1.033 119.6 
844.31 120.0 1 motorway 3 2 40.499001 -3.377112 1.596 118.2 
845.67 120.0 1 motorway 3 2 40.499336 -3.376472 0.961 117.9 
846.45 120.0 1 motorway 3 2 40.499512 -3.376139 0.735 118.2 
847.68 120.0 1 motorway 3 2 40.499676 -3.375817 0.963 117.8 
849.11 120.0 1 motorway 3 2 40.499847 -3.375489 1.396 117.9 
850.55 120.0 1 motorway 3 2 40.500160 -3.374859 0.826 117.5 
851.70 120.0 1 motorway 3 2 40.500332 -3.374534 0.987 117.6 
852.44 120.0 1 motorway 3 2 40.500488 -3.374222 0.725 116.3 
853.78 120.0 1 motorway 3 2 40.500641 -3.373895 1.067 113.7 
855.89 120.0 1 motorway 3 2 40.500931 -3.373272 1.176 115.0 
858.14 120.0 1 motorway 3 2 40.501244 -3.372610 1.429 112.9 
859.56 120.0 1 motorway 3 2 40.501545 -3.371995 0.839 111.1 
860.37 120.0 1 motorway 3 2 40.501698 -3.371677 0.662 109.9 
862.01 120.0 1 motorway 3 2 40.501842 -3.371365 1.303 109.3 
863.61 120.0 1 motorway 3 2 40.502125 -3.370756 0.901 110.1 
864.71 120.0 1 motorway 3 2 40.502274 -3.370429 0.994 111.7 
866.11 120.0 1 motorway 4 3 40.502419 -3.370117 1.392 111.5 
867.81 120.0 1 motorway 4 3 40.502716 -3.369519 1.087 111.8 
869.59 120.0 1 motorway 4 3 40.503029 -3.368920 0.871 111.3 
870.72 120.0 1 motorway 4 3 40.503185 -3.368598 1.007 110.5 
872.63 120.0 1 motorway 4 3 40.503494 -3.367941 0.906 109.4 
873.43 120.0 1 motorway 4 3 40.503613 -3.367674 0.717 107.2 
874.72 120.0 1 motorway 4 3 40.503754 -3.367372 1.004 103.2 
876.77 120.0 1 motorway 4 2 40.504005 -3.366809 1.052 92.6 
880.36 120.0 1 motorway 4 1 40.504215 -3.366281 2.648 86.5 
881.68 120.0 1 motorway 4 1 40.504517 -3.365513 0.973 85.6 
882.29 120.0 1 motorway 4 1 40.504620 -3.365259 0.578 83.7 
883.53 120.0 1 motorway 4 1 40.504711 -3.365012 0.812 83.2 
884.54 120.0 1 motorway 4 1 40.504807 -3.364775 0.823 82.5 
885.36 120.0 1 motorway 4 1 40.504898 -3.364532 0.641 82.0 
886.38 120.0 1 motorway 4 1 40.504974 -3.364301 0.672 81.8 
887.31 120.0 1 motorway 4 1 40.505054 -3.364039 0.600 81.4 
888.55 120.0 1 motorway 4 1 40.505127 -3.363789 0.840 81.4 
889.44 120.0 1 motorway 4 1 40.505203 -3.363539 0.724 81.2 
890.58 120.0 1 motorway 4 1 40.505272 -3.363300 0.872 82.1 
891.44 120.0 1 motorway 4 1 40.505341 -3.363029 0.718 79.8 
892.63 120.0 1 motorway 4 1 40.505390 -3.362816 0.919 79.5 
893.55 120.0 1 motorway 3 1 40.505444 -3.362541 0.839 79.3 
894.97 120.0 1 motorway 3 1 40.505486 -3.362284 1.253 78.3 
896.42 120.0 1 motorway 3 1 40.505569 -3.361777 0.705 76.4 
897.72 120.0 1 motorway 3 1 40.505604 -3.361526 1.010 75.3 
899.89 120.0 1 motorway 3 1 40.505630 -3.361038 1.183 74.6 
901.74 120.0 1 motorway 3 1 40.505642 -3.360537 1.025 74.1 
903.89 90.0 3 motorway_link 1 1 40.505642 -3.360054 1.176 74.2 
905.84 90.0 1 motorway_link 2 1 40.505653 -3.359565 1.129 73.8 
908.20 90.0 1 motorway_link 2 1 40.505657 -3.359076 1.487 78.9 
909.84 90.0 1 motorway_link 2 1 40.505646 -3.358558 1.128 80.1 
912.01 90.0 1 motorway_link 2 1 40.505608 -3.358034 1.299 79.8 
913.83 90.0 1 motorway_link 2 1 40.505547 -3.357507 1.116 80.1 
916.02 90.0 1 motorway_link 2 1 40.505482 -3.357004 1.311 77.9 
919.15 90.0 1 motorway_link 2 1 40.505440 -3.356495 2.437 75.0 
921.51 90.0 1 motorway_link 2 1 40.505367 -3.355760 1.795 70.1 
924.17 70.0 1 motorway_link 2 1 40.505314 -3.355288 2.459 66.0 
926.44 70.0 1 motorway_link 2 1 40.505211 -3.354657 1.718 54.9 
928.53 70.0 1 motorway_link 2 1 40.505142 -3.354293 1.817 50.3 
