14.75 75.2 40.505695 -3.354856 603.4 3 5 271.4 0.703 0 0 0 
15.72 78.3 40.505703 -3.355109 604.0 3 5 272.1 1.406 0 0 0 
16.74 78.7 40.505714 -3.355369 603.2 3 5 273.5 2.109 0 0 0 
17.71 77.8 40.505730 -3.355628 601.8 4 5 274.6 2.461 0 0 0 
18.74 77.9 40.505745 -3.355879 601.2 3 5 275.3 1.758 0 0 0 
19.74 77.1 40.505768 -3.356141 601.1 3 5 274.2 1.055 0 0 0 
20.71 78.3 40.505779 -3.356400 600.6 3 5 273.9 1.406 2 0 0 
21.73 78.0 40.505795 -3.356657 600.7 3 5 274.2 0.352 0 0 0 
22.72 78.0 40.505817 -3.356920 600.0 3 5 275.3 1.406 0 0 0 
23.75 77.7 40.505829 -3.357180 599.9 3 5 275.3 1.055 1 0 0 
24.72 78.6 40.505844 -3.357434 599.6 3 5 275.6 0.352 1 2 0 
25.76 80.7 40.505867 -3.357707 599.7 3 5 276.0 0.703 0 1 0 
26.71 83.4 40.505890 -3.357978 599.8 3 5 276.7 1.055 0 0 0 
27.72 86.5 40.505917 -3.358264 599.4 4 5 276.7 0.703 0 1 0 
28.73 87.8 40.505943 -3.358541 599.3 4 5 276.0 0.703 0 1 0 
29.73 86.8 40.505962 -3.358822 599.0 3 5 275.3 1.406 0 1 0 
30.76 86.8 40.505978 -3.359105 598.5 3 5 274.9 1.055 0 1 0 
31.72 86.8 40.505993 -3.359389 598.5 3 5 273.5 1.758 0 1 0 
32.72 87.9 40.505997 -3.359673 598.7 3 5 271.4 3.516 0 1 0 
33.79 92.4 40.505993 -3.359980 598.8 3 5 268.6 4.922 2 1 0 
34.72 94.0 40.505981 -3.360293 598.9 3 5 266.1 5.273 0 1 0 
35.77 97.0 40.505959 -3.360599 599.5 3 5 264.7 3.867 0 1 0 
36.75 98.7 40.505932 -3.360913 599.9 3 5 263.7 2.461 0 1 0 
37.73 100.5 40.505905 -3.361243 600.4 3 5 262.6 2.109 0 1 0 
38.79 101.9 40.505871 -3.361573 601.0 3 5 262.3 1.406 1 1 0 
39.72 103.9 40.505833 -3.361901 601.6 3 5 260.5 2.109 1 1 0 
40.82 105.0 40.505783 -3.362241 604.0 3 5 258.8 3.516 1 2 0 
41.75 104.9 40.505711 -3.362574 602.4 3 5 257.0 3.516 2 2 0 
42.77 104.8 40.505646 -3.362894 602.6 4 5 255.6 3.164 1 2 0 
43.74 105.9 40.505581 -3.363222 603.6 4 5 254.2 2.812 1 2 0 
44.75 104.8 40.505505 -3.363560 605.2 4 5 253.5 2.109 1 3 0 
45.71 107.6 40.505421 -3.363890 605.9 4 5 250.7 3.516 0 2 0 
46.73 108.3 40.505325 -3.364219 606.8 4 5 248.2 5.273 0 2 0 
47.77 108.2 40.505219 -3.364551 606.0 4 5 246.8 3.867 1 3 0 
48.75 107.7 40.505112 -3.364872 603.2 4 5 245.0 3.164 1 3 0 
49.74 108.0 40.504990 -3.365185 604.1 4 5 242.9 3.867 2 3 0 
50.75 110.1 40.504864 -3.365508 604.3 4 5 240.5 4.570 0 3 0 
51.73 110.4 40.504719 -3.365820 604.3 4 5 238.7 4.219 0 3 0 
52.73 112.6 40.504570 -3.366134 605.0 4 5 237.7 2.812 0 3 0 
53.74 113.5 40.504417 -3.366444 605.9 4 5 237.7 1.055 0 3 0 
54.73 114.2 40.504265 -3.366755 605.4 4 5 237.7 0 0 3 0 
55.79 114.9 40.504112 -3.367079 604.4 4 5 237.7 0 2 3 0 
56.73 115.4 40.503963 -3.367396 604.5 4 5 238.4 0.703 2 3 0 
57.73 115.5 40.503811 -3.367712 603.8 4 5 238.4 0.703 0 3 0 
58.73 115.5 40.503662 -3.368034 603.6 4 5 238.4 0 0 3 0 
59.73 115.9 40.503513 -3.368345 603.3 4 5 238.4 0 0 3 0 
60.74 115.7 40.503357 -3.368671 602.5 4 5 237.7 0.703 0 3 0 
61.74 115.6 40.503197 -3.368985 602.0 4 5 237.7 0.703 0 3 0 
62.73 114.0 40.503040 -3.369301 602.3 4 5 237.7 0 0 3 0 
63.74 114.7 40.502884 -3.369617 603.5 4 5 237.3 0.352 0 3 0 
64.77 113.8 40.502728 -3.369938 601.7 4 5 237.3 0.352 0 2 0 
65.74 113.3 40.502583 -3.370243 600.2 4 5 237.3 0 1 2 0 
66.72 113.3 40.502430 -3.370562 600.2 4 5 237.3 0 1 3 0 
67.75 113.0 40.502281 -3.370879 600.2 4 5 238.0 0.703 2 3 0 
68.75 112.3 40.502136 -3.371194 600.0 3 5 239.1 1.758 0 3 0 
69.74 111.8 40.501991 -3.371523 599.2 4 5 238.4 0.703 0 3 0 
70.79 111.2 40.501850 -3.371830 598.9 4 5 238.0 1.055 0 3 0 
71.71 110.6 40.501705 -3.372120 598.6 4 5 237.7 0.703 0 3 0 
72.81 109.8 40.501549 -3.372426 598.3 4 5 237.7 0.352 0 3 0 
73.75 109.8 40.501404 -3.372744 597.8 4 5 237.3 0.352 0 3 0 
74.74 109.0 40.501255 -3.373044 597.2 4 5 237.3 0.352 0 3 0 
75.74 108.7 40.501102 -3.373335 597.1 4 5 237.0 0.352 0 3 0 
76.74 109.2 40.500957 -3.373638 597.2 3 5 237.3 0.352 0 3 0 
77.74 109.2 40.500813 -3.373941 596.6 3 5 238.0 1.055 0 3 0 
78.71 109.0 40.500668 -3.374249 596.3 3 5 237.3 0.703 0 3 0 
88.80 109.0 40.499161 -3.377187 593.0 4 5 236.2 0 0 3 0 
89.75 109.4 40.499012 -3.377486 592.9 3 5 236.2 0 0 3 0 
90.77 108.9 40.498867 -3.377793 593.0 4 5 236.6 0.352 0 2 0 
91.74 108.8 40.498714 -3.378094 592.8 3 5 236.2 0.352 0 2 0 
92.78 110.1 40.498566 -3.378391 593.1 3 5 236.6 0.352 0 2 0 
93.75 112.5 40.498413 -3.378696 592.8 4 5 236.2 0.352 0 2 0 
94.72 110.9 40.498257 -3.379006 592.1 4 5 236.2 0.352 0 2 0 
95.73 110.4 40.498093 -3.379312 592.8 3 5 236.2 0 0 2 0 
96.80 110.6 40.497940 -3.379614 592.4 4 5 235.9 0.352 0 2 0 
97.77 111.3 40.497787 -3.379917 592.2 4 5 236.2 0.352 0 2 0 
98.72 111.2 40.497635 -3.380226 592.0 4 5 235.9 0.352 0 2 0 
99.72 109.3 40.497475 -3.380526 591.7 4 5 235.5 0.703 0 2 0 
100.75 111.2 40.497330 -3.380834 591.4 4 5 236.2 0.703 0 2 0 
101.74 112.1 40.497173 -3.381139 591.3 3 5 236.2 0.703 0 2 0 
102.74 111.6 40.497028 -3.381446 591.0 3 5 236.6 0.352 0 2 0 
103.80 111.7 40.496872 -3.381754 591.4 3 5 236.6 0.352 0 2 0 
104.74 111.7 40.496719 -3.382063 591.8 3 5 236.2 0.352 0 2 0 
105.74 112.2 40.496555 -3.382372 591.6 3 5 235.9 0.703 0 2 0 
106.72 111.3 40.496395 -3.382669 591.2 3 5 235.9 0.352 0 2 0 
107.75 111.5 40.496235 -3.382969 591.0 3 5 235.9 0 0 2 0 
108.73 110.6 40.496086 -3.383272 591.1 3 5 234.8 1.055 0 2 0 
109.72 110.5 40.495926 -3.383573 590.9 3 5 234.5 1.406 0 1 0 
110.74 110.4 40.495762 -3.383868 591.2 4 5 234.1 0.703 0 1 0 
111.78 111.0 40.495598 -3.384154 591.1 3 5 233.8 0.703 0 1 0 
112.81 111.0 40.495434 -3.384447 591.3 4 5 233.8 0.352 0 1 0 
113.71 112.8 40.495262 -3.384753 591.3 4 5 232.4 1.406 0 1 0 
114.74 111.7 40.495083 -3.385042 591.7 4 5 232.7 1.055 0 1 0 
115.71 112.1 40.494907 -3.385331 591.8 4 5 232.0 0.703 0 1 0 
116.76 112.5 40.494732 -3.385619 591.7 3 5 231.7 1.055 0 1 0 
117.72 113.5 40.494572 -3.385890 591.9 4 5 230.6 1.406 2 1 0 
118.73 114.1 40.494385 -3.386175 592.3 3 5 229.9 1.758 0 1 0 
119.72 114.2 40.494198 -3.386460 591.8 4 5 229.6 1.055 0 1 0 
120.74 114.4 40.494015 -3.386739 592.2 4 5 229.2 0.703 0 1 0 
121.75 114.7 40.493824 -3.387025 592.8 4 5 228.9 0.703 0 1 0 
122.73 115.5 40.493633 -3.387305 592.6 3 5 229.2 0.352 0 1 0 
123.73 115.7 40.493443 -3.387582 592.9 3 5 229.2 0.352 0 0 0 
124.79 115.9 40.493259 -3.387865 592.7 3 5 228.9 0.352 0 0 0 
125.77 116.2 40.493065 -3.388149 592.3 3 5 228.9 0.352 0 1 0 
126.72 117.3 40.492870 -3.388440 592.3 3 5 228.2 0.703 0 1 0 
127.72 116.7 40.492672 -3.388723 593.7 3 5 227.5 1.406 0 1 0 
128.72 117.6 40.492477 -3.389018 594.6 3 5 227.8 0.352 0 1 0 
129.72 117.8 40.492287 -3.389310 595.6 3 5 227.1 0.703 1 1 0 
130.72 118.3 40.492085 -3.389595 590.3 4 5 226.8 1.055 1 1 0 
131.75 119.4 40.491882 -3.389880 591.8 4 5 226.8 0.352 0 1 0 
132.72 119.2 40.491676 -3.390162 592.2 4 5 226.4 0.352 0 1 0 
133.72 118.9 40.491474 -3.390445 591.8 4 5 226.1 0.703 0 1 0 
134.75 118.2 40.491268 -3.390715 592.1 4 5 226.1 0.352 0 0 0 
135.72 117.7 40.491066 -3.391004 591.3 4 5 226.1 0 0 0 0 
136.74 118.4 40.490856 -3.391282 590.2 4 5 226.4 0.352 0 0 0 
137.74 118.8 40.490650 -3.391567 593.7 4 5 227.1 1.055 0 0 0 
138.72 116.1 40.490448 -3.391850 594.2 4 5 225.7 1.406 0 0 0 
139.73 115.6 40.490242 -3.392126 591.8 4 5 226.1 1.055 0 0 0 
140.73 115.1 40.490051 -3.392390 591.4 4 5 226.4 0.703 0 0 0 
141.76 115.2 40.489853 -3.392662 591.6 4 5 226.1 0.352 0 0 0 
142.80 115.1 40.489655 -3.392929 591.4 4 5 225.4 1.055 0 0 0 
143.73 115.6 40.489452 -3.393202 590.7 4 5 226.1 0.703 0 0 0 
144.80 116.1 40.489250 -3.393478 590.3 4 5 226.4 1.055 0 0 0 
145.72 116.5 40.489048 -3.393750 590.8 4 5 226.4 0.352 0 0 0 
146.73 116.4 40.488850 -3.394025 589.8 4 5 226.1 0.352 0 0 0 
147.72 116.6 40.488636 -3.394298 589.8 4 5 226.1 0.352 0 0 0 
148.73 115.9 40.488438 -3.394573 593.5 3 5 226.1 0 0 0 0 
149.75 116.4 40.488235 -3.394839 589.4 3 5 226.1 0 0 0 0 
150.77 116.2 40.488033 -3.395110 589.1 3 5 226.4 0.352 0 0 0 
151.75 115.2 40.487839 -3.395375 589.2 3 5 227.1 1.055 2 0 0 
152.73 115.2 40.487640 -3.395657 589.2 3 5 227.5 1.055 0 0 0 
153.73 114.8 40.487446 -3.395933 589.3 3 5 226.4 1.055 0 0 0 
154.77 113.9 40.487251 -3.396205 589.2 3 5 225.4 2.109 0 0 0 
155.73 114.7 40.487049 -3.396460 588.8 3 5 224.3 2.109 0 0 0 
156.78 111.5 40.486843 -3.396716 588.9 3 5 222.9 2.461 0 0 0 
157.74 112.0 40.486633 -3.396972 588.4 4 5 222.5 1.758 0 0 0 
158.74 112.0 40.486427 -3.397221 589.6 4 5 222.2 0.703 0 0 0 
159.81 111.6 40.486221 -3.397465 590.5 4 5 221.5 1.055 1 0 0 
160.74 111.9 40.486008 -3.397712 589.0 4 5 220.8 1.406 0 1 0 
161.75 111.8 40.485790 -3.397951 588.9 3 5 220.4 1.055 0 1 0 
162.74 111.4 40.485580 -3.398181 589.3 3 5 219.4 1.406 0 1 0 
163.74 112.4 40.485363 -3.398412 589.1 3 5 219.0 1.406 0 1 0 
164.72 113.7 40.485142 -3.398642 589.5 3 5 218.3 1.055 0 1 0 
165.74 115.2 40.484909 -3.398889 589.8 3 5 218.0 1.000 0 1 0 
166.79 116.5 40.484680 -3.399119 589.6 3 5 217.3 1.061 0 1 0 
167.74 117.5 40.484444 -3.399342 589.6 3 5 216.4 1.623 0 1 0 
168.75 117.3 40.484203 -3.399577 589.6 3 5 216.4 0.859 0 1 0 
169.72 117.3 40.483967 -3.399805 589.0 3 5 217.1 0.746 0 1 0 
170.74 116.6 40.483734 -3.400032 588.4 3 5 216.9 0.516 0 1 0 
171.71 116.4 40.483486 -3.400271 588.5 3 5 216.9 0.229 0 1 0 
172.71 116.0 40.483257 -3.400490 588.1 3 5 216.9 0 0 1 0 
173.73 115.9 40.483025 -3.400712 587.4 3 5 217.6 0.636 0 1 0 
174.71 115.6 40.482796 -3.400935 586.8 3 5 217.6 0.636 0 1 0 
175.74 115.3 40.482567 -3.401160 586.3 3 5 216.7 0.861 0 1 0 
176.75 115.3 40.482330 -3.401383 585.4 3 5 217.3 0.612 2 1 0 
177.71 115.4 40.482098 -3.401600 585.2 3 5 216.3 0.960 2 1 0 
178.72 115.5 40.481861 -3.401816 585.3 3 5 216.3 0.960 0 1 0 
179.73 114.3 40.481625 -3.402032 584.9 3 5 216.3 0 0 1 0 
180.75 114.6 40.481396 -3.402246 584.5 3 5 216.3 0 0 1 0 
181.72 114.8 40.481159 -3.402458 583.9 3 5 216.3 0 0 0 0 
182.79 114.4 40.480934 -3.402673 583.9 3 5 216.3 0 0 0 0 
183.75 113.4 40.480698 -3.402902 583.9 3 5 216.9 0.555 0 0 0 
184.72 113.3 40.480469 -3.403130 582.9 3 5 216.9 0.526 0 0 0 
185.73 114.7 40.480244 -3.403360 582.2 3 5 216.7 0.243 0 0 0 
186.76 114.0 40.480019 -3.403586 585.6 3 5 217.1 0.405 0 0 0 
187.80 112.7 40.479790 -3.403812 585.6 3 5 217.1 0.405 0 0 0 
188.77 112.4 40.479565 -3.404036 581.8 3 5 217.5 0.404 0 0 0 
189.72 113.1 40.479355 -3.404256 580.4 4 5 219.4 2.360 0 0 0 
190.73 112.4 40.479141 -3.404490 580.3 3 5 221.1 3.660 0 0 0 
191.73 112.7 40.478920 -3.404741 580.3 4 5 221.4 2.020 0 0 0 
192.74 113.2 40.478718 -3.404978 580.0 4 5 221.4 0.316 0 0 0 
193.75 114.0 40.478508 -3.405240 580.7 4 5 223.2 1.751 0 0 0 
194.72 114.6 40.478302 -3.405500 580.7 3 5 223.6 2.152 0 0 0 
195.72 114.5 40.478104 -3.405761 580.7 3 5 224.3 1.104 0 0 0 
196.73 114.5 40.477901 -3.406030 580.2 3 5 225.4 1.758 0 0 0 
197.72 115.6 40.477695 -3.406302 580.0 3 5 226.4 2.109 0 0 0 
198.73 116.1 40.477493 -3.406576 579.9 3 5 226.8 1.406 0 0 0 
199.73 116.0 40.477299 -3.406849 580.4 3 5 228.2 1.758 0 0 0 
200.73 116.5 40.477104 -3.407136 578.2 3 5 229.2 2.461 0 0 0 
201.73 116.6 40.476917 -3.407426 578.2 3 5 229.9 1.758 0 0 0 
202.73 116.7 40.476738 -3.407721 578.5 3 5 231.0 1.758 0 0 0 
203.77 117.1 40.476559 -3.408021 578.0 3 5 232.0 2.109 0 0 0 
204.73 116.7 40.476379 -3.408324 577.3 3 5 232.7 1.758 0 0 0 
205.77 118.3 40.476204 -3.408631 578.8 3 5 234.1 2.109 0 0 0 
206.73 118.5 40.476036 -3.408958 581.5 3 5 234.8 2.109 0 0 0 
207.73 117.8 40.475864 -3.409280 577.5 3 5 235.5 1.406 0 0 0 
208.75 117.6 40.475700 -3.409602 578.5 3 5 236.6 1.758 0 0 0 
209.76 116.7 40.475548 -3.409926 577.8 3 5 237.7 2.109 1 0 0 
210.73 115.5 40.475399 -3.410262 579.3 3 5 239.8 3.164 2 0 0 
211.79 115.0 40.475254 -3.410585 578.2 3 5 241.5 3.867 0 0 0 
212.74 113.8 40.475121 -3.410912 578.3 3 5 241.5 1.758 0 0 0 
213.73 115.9 40.474983 -3.411242 578.3 3 5 241.2 0.352 0 0 0 
214.77 113.3 40.474850 -3.411574 578.1 3 5 242.6 1.406 0 0 0 
215.74 114.3 40.474716 -3.411907 578.6 3 5 242.9 1.758 2 0 0 
216.74 115.0 40.474586 -3.412241 579.1 3 5 242.6 0.352 0 0 0 
217.71 116.1 40.474453 -3.412582 579.8 3 5 243.3 0.703 0 0 0 
218.72 116.4 40.474323 -3.412924 579.8 3 5 244.0 1.406 0 0 0 
219.77 117.0 40.474205 -3.413271 580.6 3 5 246.1 2.812 0 0 0 
220.79 117.6 40.474087 -3.413625 580.2 4 5 247.1 3.164 0 0 0 
221.73 117.3 40.473976 -3.413984 580.5 3 5 248.6 2.461 0 0 0 
222.73 117.1 40.473877 -3.414350 581.4 3 5 250.0 2.812 0 0 0 
223.76 115.9 40.473778 -3.414707 581.9 3 5 250.7 2.109 0 0 0 
224.76 116.6 40.473686 -3.415068 583.3 3 5 251.7 1.758 0 0 0 
225.77 116.5 40.473595 -3.415426 583.9 3 5 252.4 1.758 0 0 0 
226.75 117.0 40.473507 -3.415795 583.4 3 5 252.4 0.703 1 0 0 
227.75 116.6 40.473415 -3.416160 583.6 3 5 252.8 0.352 2 0 0 
228.77 115.6 40.473331 -3.416522 583.8 3 5 253.1 0.703 0 1 0 
229.71 115.1 40.473251 -3.416878 584.1 3 5 253.5 0.703 0 1 0 
230.72 114.9 40.473171 -3.417238 583.4 3 5 253.1 0.352 0 1 0 
231.79 114.9 40.473087 -3.417599 583.2 3 5 253.1 0.352 0 1 0 
232.72 117.1 40.473003 -3.417964 583.2 3 5 252.4 0.703 0 1 0 
233.72 114.4 40.472916 -3.418322 582.4 3 5 251.7 1.406 0 1 0 
234.73 113.4 40.472824 -3.418678 582.5 3 5 251.7 0.703 0 1 0 
235.73 113.6 40.472733 -3.419036 581.7 3 5 251.7 0 0 1 0 
236.71 113.2 40.472645 -3.419393 581.6 3 5 251.7 0 0 1 0 
237.72 113.3 40.472553 -3.419742 581.1 3 5 252.1 0.352 0 0 0 
238.72 113.0 40.472473 -3.420096 580.5 3 5 251.7 0.352 0 0 0 
239.72 113.0 40.472378 -3.420448 579.7 3 5 251.4 0.703 0 0 0 
240.73 113.5 40.472282 -3.420797 579.3 3 5 251.0 0.703 0 0 0 
241.72 113.5 40.472202 -3.421150 578.8 3 5 251.0 0.352 0 0 0 
242.73 113.7 40.472107 -3.421503 578.1 3 5 250.7 0.352 0 0 0 
243.76 113.2 40.472008 -3.421854 578.0 3 5 250.7 0.352 0 0 0 
244.72 112.7 40.471916 -3.422199 577.7 3 5 250.7 0 0 0 0 
245.72 112.3 40.471836 -3.422523 578.3 3 5 250.7 0 0 0 0 
246.72 112.4 40.471741 -3.422868 578.1 4 5 249.6 1.055 0 0 0 
247.73 112.7 40.471645 -3.423191 576.9 4 5 249.3 1.406 0 0 0 
248.76 112.8 40.471539 -3.423545 576.6 4 5 248.6 1.055 1 1 0 
249.72 113.2 40.471439 -3.423878 576.4 4 5 247.9 1.406 0 1 0 
250.78 112.6 40.471336 -3.424224 576.0 4 5 247.9 0.703 0 1 0 
251.81 112.6 40.471230 -3.424571 575.9 4 5 247.9 0 0 1 0 
252.72 112.0 40.471130 -3.424899 575.8 4 5 248.2 0.352 0 1 0 
253.72 112.9 40.471024 -3.425245 575.3 4 5 247.9 0.352 0 1 0 
254.73 113.8 40.470917 -3.425588 574.8 4 5 248.2 0.352 0 1 0 
255.72 114.7 40.470810 -3.425937 574.9 4 5 248.6 0.703 0 1 0 
256.72 115.4 40.470703 -3.426284 575.1 4 5 248.6 0.352 0 1 0 
257.73 114.8 40.470596 -3.426637 574.9 4 5 249.3 0.703 0 1 0 
258.73 114.0 40.470497 -3.426992 577.3 4 5 250.0 1.406 0 1 0 
259.73 112.0 40.470409 -3.427339 578.2 4 5 250.0 0.703 0 1 0 
260.73 114.1 40.470306 -3.427690 578.2 4 5 250.3 0.352 0 1 0 
261.77 114.2 40.470211 -3.428047 575.6 4 5 250.7 0.703 0 1 0 
262.73 113.9 40.470123 -3.428393 578.1 4 5 250.7 0.352 0 1 0 
263.71 114.8 40.470024 -3.428751 578.4 4 5 251.0 0.352 0 1 0 
264.73 115.3 40.469929 -3.429110 579.0 4 5 251.4 0.703 0 1 0 
265.72 115.8 40.469837 -3.429476 579.3 3 5 251.7 0.703 0 1 0 
266.72 115.4 40.469753 -3.429838 579.8 3 5 252.4 1.055 0 1 0 
267.71 114.4 40.469669 -3.430200 581.0 3 5 253.8 2.109 0 1 0 
268.73 113.6 40.469593 -3.430564 581.6 3 5 254.5 2.109 0 1 0 
269.82 113.0 40.469517 -3.430923 581.4 3 5 255.2 1.406 0 1 0 
270.73 113.9 40.469440 -3.431288 581.5 3 5 256.3 1.758 0 1 0 
271.73 114.2 40.469379 -3.431648 582.3 3 5 257.0 1.758 1 1 0 
272.73 111.9 40.469315 -3.432009 583.8 3 5 257.7 1.406 1 1 0 
273.73 115.2 40.469257 -3.432376 586.1 4 5 258.8 1.758 0 1 0 
274.74 116.4 40.469189 -3.432764 583.7 4 5 259.1 1.406 0 1 0 
275.72 117.4 40.469128 -3.433131 585.0 4 5 258.8 0.352 0 1 0 
276.76 118.1 40.469063 -3.433509 585.8 3 5 258.4 0.703 0 1 0 
277.74 118.2 40.469009 -3.433884 585.9 3 5 258.8 0.352 0 1 0 
278.78 118.2 40.468945 -3.434274 586.4 4 5 258.8 0.352 0 1 0 
279.72 117.6 40.468887 -3.434660 587.2 4 5 258.4 0.352 0 1 0 
280.79 117.0 40.468819 -3.435046 587.4 4 5 258.0 0.703 0 1 0 
281.80 116.6 40.468758 -3.435422 589.4 4 5 258.0 0.352 0 1 0 
282.76 116.1 40.468689 -3.435797 588.5 3 5 257.7 0.352 0 1 0 
283.82 115.5 40.468636 -3.436164 587.9 3 5 257.3 0.703 0 1 0 
284.82 115.1 40.468571 -3.436534 588.1 3 5 257.3 0.352 0 1 0 
285.76 114.8 40.468506 -3.436901 588.5 3 5 257.0 0.352 0 1 0 
286.74 114.9 40.468441 -3.437269 589.3 3 5 256.6 0.703 0 1 0 
287.72 115.3 40.468376 -3.437629 590.6 3 5 256.6 0.352 0 0 0 
288.72 116.4 40.468315 -3.438004 587.1 3 5 257.0 0.352 0 0 0 
289.74 116.0 40.468250 -3.438376 587.3 3 5 257.0 0.352 0 0 0 
290.73 117.3 40.468185 -3.438747 586.9 3 5 257.0 0 0 0 0 
291.72 117.0 40.468132 -3.439123 586.3 3 5 256.6 0.352 0 0 0 
292.75 116.6 40.468067 -3.439497 585.5 3 5 256.6 0.352 0 0 0 
293.75 114.7 40.468006 -3.439865 585.4 3 5 257.0 0.352 0 0 0 
294.72 114.3 40.467937 -3.440232 584.5 4 5 257.3 0.703 0 0 0 
295.83 114.5 40.467876 -3.440600 583.3 4 5 257.7 0.703 0 0 0 
296.72 114.4 40.467812 -3.440966 583.8 3 5 259.1 1.758 0 0 0 
297.72 115.0 40.467758 -3.441334 585.3 3 5 259.8 2.109 0 0 0 
298.72 114.9 40.467705 -3.441704 587.5 3 5 260.5 1.406 0 0 0 
299.71 115.6 40.467667 -3.442068 585.2 4 5 261.2 1.406 0 0 0 
300.73 116.2 40.467613 -3.442448 582.4 4 5 261.9 1.406 0 0 0 
301.72 116.6 40.467579 -3.442822 582.8 3 5 262.6 1.406 0 0 0 
302.72 116.2 40.467541 -3.443200 583.4 3 5 262.6 0.703 0 0 0 
303.77 115.2 40.467503 -3.443578 583.2 3 5 263.7 1.055 0 0 0 
304.72 114.1 40.467472 -3.443946 583.3 3 5 263.7 1.055 0 0 0 
305.72 113.5 40.467430 -3.444314 583.3 3 5 263.7 0 0 0 0 
306.77 112.4 40.467396 -3.444681 583.6 3 5 263.7 0 0 0 0 
307.76 113.2 40.467365 -3.445045 584.1 3 5 263.7 0 0 0 0 
308.72 114.7 40.467339 -3.445416 582.3 3 5 263.3 0.352 0 0 0 
309.73 114.8 40.467304 -3.445794 582.9 3 5 263.3 0.352 0 0 0 
310.72 114.4 40.467274 -3.446159 582.6 3 5 263.7 0.352 0 0 0 
311.80 114.4 40.467239 -3.446529 584.3 3 5 263.3 0.352 0 0 0 
312.72 114.1 40.467205 -3.446904 584.8 3 5 263.7 0.352 0 0 0 
313.74 113.4 40.467182 -3.447276 582.7 3 5 263.7 0.352 0 0 0 
314.75 113.0 40.467144 -3.447647 582.7 3 5 263.7 0 0 0 0 
315.73 111.9 40.467110 -3.448015 582.3 3 5 263.7 0 0 0 0 
316.72 110.4 40.467083 -3.448374 582.0 3 5 263.7 0 0 0 0 
317.73 110.1 40.467049 -3.448734 581.7 3 5 264.0 0.352 0 0 0 
318.73 109.4 40.467018 -3.449088 582.1 3 5 264.0 0.352 0 0 0 
319.72 109.7 40.466995 -3.449438 586.7 3 5 264.0 0 0 0 0 
320.79 109.0 40.466969 -3.449790 584.9 4 5 264.0 0 0 0 0 
321.71 107.5 40.466942 -3.450144 584.8 3 5 264.7 0.703 0 0 0 
322.76 106.8 40.466919 -3.450496 581.7 3 5 265.1 1.055 0 0 0 
323.73 106.3 40.466896 -3.450834 582.5 3 5 265.4 0.703 0 0 0 
324.78 106.3 40.466881 -3.451184 583.3 3 5 265.3 0.202 0 0 0 
325.73 106.2 40.466866 -3.451533 583.0 3 5 265.3 0.116 0 0 0 
326.73 106.7 40.466850 -3.451886 584.0 3 5 266.7 1.372 0 0 0 
327.74 107.6 40.466831 -3.452238 584.0 3 5 266.7 1.339 0 0 0 
328.74 108.8 40.466808 -3.452588 584.3 3 5 266.7 0 2 0 0 
329.81 109.9 40.466785 -3.452950 584.7 3 5 266.7 0 0 0 0 
330.72 110.9 40.466763 -3.453318 584.9 3 5 267.5 0.825 0 0 0 
331.72 112.0 40.466751 -3.453682 584.8 3 5 268.6 1.957 0 0 0 
332.77 112.9 40.466736 -3.454053 585.4 3 5 268.6 1.132 0 0 0 
333.74 114.9 40.466721 -3.454429 586.3 3 5 269.0 0.415 0 0 0 
334.74 115.5 40.466721 -3.454806 587.2 3 5 269.7 1.076 0 0 0 
335.72 115.4 40.466721 -3.455187 587.6 3 5 269.7 0.661 0 0 0 
336.73 115.4 40.466721 -3.455572 586.5 3 5 270.7 1.000 0 0 0 
337.75 115.1 40.466724 -3.455927 587.0 3 5 271.6 1.913 0 0 0 
338.79 112.2 40.466751 -3.456283 586.6 3 5 271.6 0.913 0 0 0 
339.74 112.1 40.466763 -3.456654 586.8 3 5 272.5 0.927 0 0 0 
340.81 111.5 40.466770 -3.457028 586.7 3 5 272.5 0.927 0 0 0 
341.74 110.8 40.466778 -3.457383 587.7 3 5 272.5 0 0 0 0 
342.83 111.4 40.466793 -3.457760 587.3 3 5 272.9 0.397 0 0 0 
343.74 110.8 40.466812 -3.458098 587.0 3 5 272.9 0.397 0 0 0 
344.74 109.5 40.466835 -3.458477 587.5 3 5 273.6 0.721 0 0 0 
345.71 109.0 40.466854 -3.458833 587.6 3 5 273.2 0.484 0 0 0 
346.79 107.4 40.466873 -3.459177 587.5 4 5 273.6 0.449 0 0 0 
347.74 106.0 40.466892 -3.459545 587.0 3 5 273.6 0.449 1 0 0 
348.74 103.3 40.466919 -3.459886 587.2 3 5 273.6 0 2 0 0 
349.73 99.5 40.466938 -3.460215 586.8 3 5 273.6 0 0 0 0 
350.71 97.2 40.466961 -3.460535 586.4 4 5 273.6 0 0 0 0 
351.72 95.6 40.466988 -3.460858 586.3 4 5 273.6 0.046 1 0 0 
352.73 94.5 40.467003 -3.461170 586.8 4 5 274.0 0.429 1 0 0 
353.72 93.0 40.467022 -3.461480 587.2 3 5 274.0 0.429 1 0 0 
354.73 91.9 40.467033 -3.461787 588.1 3 5 274.0 0 0 0 0 
355.72 91.3 40.467045 -3.462090 588.5 3 5 273.3 0.732 0 0 0 
356.72 89.7 40.467060 -3.462379 588.5 3 5 273.3 0.732 0 0 0 
357.72 88.8 40.467079 -3.462673 588.6 3 5 273.3 0 0 0 0 
358.72 88.2 40.467094 -3.462946 589.7 3 5 273.8 0.503 0 0 0 
359.75 88.9 40.467106 -3.463241 588.8 3 5 273.8 0.503 0 0 0 
360.72 90.0 40.467117 -3.463532 588.8 3 5 272.9 0.908 0 0 0 
361.78 92.1 40.467117 -3.463827 589.0 3 5 272.9 0.908 0 0 0 
362.73 91.1 40.467133 -3.464121 590.1 3 5 272.9 0 0 0 0 
363.72 90.2 40.467144 -3.464434 589.8 3 5 272.9 0 0 0 0 
364.72 89.3 40.467152 -3.464701 589.8 3 5 271.9 0.936 0 1 0 
365.74 87.4 40.467163 -3.464990 589.5 3 5 271.9 0.936 0 1 0 
366.74 87.3 40.467167 -3.465253 590.8 4 5 271.4 0.476 0 1 0 
367.72 88.5 40.467175 -3.465544 589.7 4 5 270.6 1.351 0 1 0 
368.72 91.5 40.467171 -3.465847 590.0 4 5 270.6 0.875 0 1 0 
369.73 92.6 40.467171 -3.466145 589.0 4 5 270.6 0 0 1 0 
370.72 91.1 40.467175 -3.466449 588.2 4 5 271.0 0.422 0 1 0 
371.73 90.1 40.467182 -3.466747 586.4 4 5 270.3 0.699 0 1 0 
372.75 89.6 40.467182 -3.467049 585.2 3 5 270.1 0.867 0 0 0 
373.79 90.4 40.467178 -3.467348 585.4 3 5 270.1 0.168 0 0 0 
374.73 92.1 40.467182 -3.467652 585.4 4 5 269.5 0.590 0 1 0 
375.72 91.2 40.467182 -3.467941 585.5 3 5 269.5 0.629 1 1 0 
376.72 90.3 40.467175 -3.468245 586.8 3 5 268.5 1.036 2 1 0 
377.72 89.3 40.467182 -3.468527 586.7 3 5 268.5 0.997 0 1 0 
378.73 88.4 40.467178 -3.468821 586.4 3 5 267.8 0.662 0 1 0 
379.80 87.5 40.467178 -3.469114 586.5 3 5 267.4 1.101 0 1 0 
380.73 86.1 40.467178 -3.469407 586.5 3 5 267.4 0.438 0 1 0 
381.84 84.3 40.467171 -3.469685 587.0 3 5 266.7 0.649 0 1 0 
382.71 85.0 40.467152 -3.469956 587.0 3 5 265.7 1.665 0 1 0 
383.74 87.1 40.467140 -3.470244 587.3 3 5 265.2 1.548 2 1 0 
384.73 87.5 40.467129 -3.470515 587.6 3 5 265.2 0.532 0 1 0 
385.74 86.7 40.467121 -3.470805 587.1 3 5 265.2 0 2 1 0 
386.74 85.8 40.467102 -3.471080 587.2 3 5 264.0 1.191 1 1 0 
387.73 84.6 40.467079 -3.471359 587.6 3 5 264.0 1.191 1 1 0 
388.80 83.6 40.467056 -3.471635 587.8 4 5 263.0 0.986 0 1 0 
389.72 83.2 40.467026 -3.471909 588.4 3 5 262.4 1.614 0 1 0 
390.72 83.1 40.466999 -3.472178 588.4 3 5 262.4 0.628 0 1 0 
391.73 82.4 40.466972 -3.472447 588.0 3 5 262.1 0.313 0 1 0 
392.74 80.9 40.466942 -3.472711 587.9 3 5 261.0 1.368 0 1 0 
393.74 81.8 40.466908 -3.472981 587.7 4 5 260.0 2.058 0 1 0 
394.74 79.3 40.466877 -3.473231 588.2 4 5 261.2 1.205 0 1 0 
395.72 81.6 40.466846 -3.473495 587.7 4 5 261.2 1.205 0 1 0 
396.79 80.4 40.466805 -3.473762 587.8 4 5 259.9 1.291 0 1 0 
397.75 78.5 40.466763 -3.474011 587.5 4 5 259.3 1.910 0 1 0 
398.80 77.9 40.466721 -3.474269 587.2 3 5 258.7 1.281 0 1 0 
399.74 76.6 40.466686 -3.474517 587.0 3 5 258.7 0.662 0 1 0 
400.78 75.6 40.466648 -3.474754 586.6 3 5 257.7 0.969 0 1 0 
401.74 74.6 40.466606 -3.474989 588.2 3 5 257.7 0.969 0 1 0 
402.72 73.7 40.466564 -3.475230 589.7 3 5 257.0 0.717 0 1 0 
403.74 72.1 40.466518 -3.475475 589.5 3 5 257.0 0.717 0 1 0 
404.77 71.0 40.466484 -3.475692 588.7 3 5 256.4 0.607 0 1 0 
405.71 70.5 40.466446 -3.475908 588.9 3 5 256.4 0.607 0 1 0 
406.74 70.3 40.466404 -3.476136 588.3 3 5 256.4 0 0 1 0 
407.71 70.5 40.466362 -3.476364 587.0 3 5 256.4 0 0 1 0 
408.76 71.2 40.466320 -3.476573 587.0 3 5 255.5 0.864 0 1 0 
409.72 71.0 40.466270 -3.476820 587.0 3 5 255.5 0.864 0 1 0 
410.74 71.4 40.466225 -3.477047 587.7 3 5 255.5 0 0 1 0 
411.72 70.8 40.466175 -3.477270 588.7 3 5 255.5 0 0 1 0 
412.73 70.6 40.466125 -3.477497 588.9 3 5 255.5 0 0 1 0 
413.71 70.5 40.466080 -3.477719 588.3 3 5 255.5 0 0 1 0 
414.72 70.1 40.466042 -3.477926 587.9 3 5 255.5 0 0 1 0 
415.72 70.4 40.465992 -3.478172 588.0 3 5 253.4 2.143 0 1 0 
416.72 71.4 40.465954 -3.478398 588.1 3 5 254.4 1.143 0 1 0 
417.73 71.1 40.465919 -3.478613 588.5 3 5 256.6 3.283 0 1 0 
418.72 71.1 40.465878 -3.478841 588.5 3 5 257.0 2.634 0 1 0 
419.72 70.2 40.465843 -3.479060 588.6 3 5 257.0 0.352 0 1 0 
420.72 68.0 40.465805 -3.479282 588.8 3 5 257.7 0.703 0 1 0 
421.72 67.2 40.465775 -3.479501 588.4 3 5 260.2 3.164 0 1 0 
422.72 65.8 40.465748 -3.479720 588.6 3 5 263.0 5.273 1 1 0 
423.72 64.8 40.465733 -3.479932 588.6 3 5 265.1 4.922 1 1 0 
424.79 63.6 40.465733 -3.480144 588.8 3 5 268.9 5.977 1 1 0 
425.71 62.5 40.465736 -3.480341 589.2 3 5 279.3 14.232 0 1 0 
426.72 62.6 40.465759 -3.480544 589.3 3 5 289.4 20.447 0 1 0 
427.73 61.5 40.465797 -3.480743 589.6 3 5 289.4 10.082 0 1 0 
428.78 61.8 40.465847 -3.480924 589.4 3 5 290.3 0.878 0 1 0 
429.73 62.1 40.465904 -3.481114 589.6 3 5 292.1 2.730 0 1 0 
430.74 63.2 40.465961 -3.481299 589.6 3 5 293.3 3.060 0 1 0 
431.72 63.6 40.466026 -3.481493 589.7 3 5 293.3 1.208 0 1 0 
432.77 64.5 40.466087 -3.481680 589.8 3 5 294.0 0.651 0 1 0 
433.74 67.2 40.466156 -3.481892 590.2 3 5 294.0 0.651 0 1 0 
434.79 71.9 40.466228 -3.482098 590.6 3 5 294.9 0.888 1 1 0 
435.73 75.1 40.466297 -3.482320 591.2 3 5 295.1 1.094 0 1 0 
436.73 75.0 40.466373 -3.482541 591.5 3 5 295.1 0.206 0 1 0 
437.72 74.1 40.466454 -3.482771 591.4 3 5 295.1 0.053 0 1 0 
438.73 73.1 40.466530 -3.482980 591.6 3 5 295.1 0.053 1 1 0 
439.73 73.6 40.466621 -3.483188 591.5 3 5 301.0 5.880 0 1 0 
440.73 74.7 40.466637 -3.483453 592.2 3 5 285.8 15.187 0 1 0 
441.73 74.7 40.466679 -3.483688 592.2 4 5 279.8 21.164 0 1 0 
442.78 73.0 40.466698 -3.483926 592.3 3 5 274.6 11.250 0 1 0 
443.79 71.6 40.466698 -3.484156 592.7 3 5 268.6 11.250 0 1 0 
444.72 72.1 40.466679 -3.484387 592.7 3 5 261.7 12.846 0 1 0 
445.76 70.5 40.466652 -3.484611 592.4 3 5 258.4 10.240 0 1 0 
446.73 71.2 40.466602 -3.484848 592.7 3 5 251.2 10.536 0 1 0 
447.73 70.3 40.466545 -3.485061 592.5 3 5 245.6 12.754 0 0 0 
448.72 69.7 40.466469 -3.485263 592.6 3 5 238.2 13.016 0 0 0 
449.75 68.8 40.466373 -3.485458 592.4 3 5 236.0 9.553 0 0 0 
450.75 69.4 40.466267 -3.485629 592.8 3 5 238.6 2.523 0 0 0 
451.81 69.0 40.466160 -3.485812 592.9 3 5 229.3 9.296 0 0 0 
452.81 69.4 40.466042 -3.485973 592.7 3 5 229.3 9.296 0 0 0 
453.75 70.5 40.465931 -3.486143 592.9 3 5 231.2 1.896 0 0 0 
454.76 72.0 40.465824 -3.486317 593.2 3 5 231.6 2.337 0 0 0 
455.72 73.2 40.465706 -3.486509 593.3 3 5 231.6 0.441 0 0 0 
456.75 74.4 40.465588 -3.486698 593.4 3 5 231.2 0.390 0 0 0 
457.74 73.8 40.465458 -3.486896 593.6 3 5 231.5 0.255 0 0 0 
458.71 74.3 40.465343 -3.487082 593.6 3 5 224.8 6.683 0 1 0 
459.79 74.2 40.465221 -3.487266 593.6 3 5 224.8 6.683 0 1 0 
460.76 73.2 40.465099 -3.487443 593.6 3 5 224.3 0.512 0 1 0 
461.73 69.8 40.464973 -3.487609 593.6 3 5 221.8 3.033 0 1 0 
462.74 64.3 40.464840 -3.487739 593.9 3 5 213.2 11.102 0 1 0 
463.75 61.8 40.464706 -3.487837 594.6 3 5 205.6 16.200 0 1 0 
464.73 58.9 40.464565 -3.487903 595.8 3 5 191.0 22.224 0 1 0 
465.72 56.4 40.464424 -3.487917 597.1 3 5 185.6 19.961 0 1 0 
466.74 53.9 40.464283 -3.487910 597.9 3 5 168.3 22.693 0 1 0 
467.74 52.4 40.464157 -3.487872 598.6 3 5 166.8 18.772 0 1 0 
468.73 50.5 40.464035 -3.487808 599.2 3 5 155.0 13.278 0 1 0 
469.74 49.9 40.463932 -3.487733 599.4 3 5 147.1 0 -9 -9 0 
470.71 51.3 40.463821 -3.487621 599.8 3 5 141.7 13.274 0 1 0 
471.74 51.6 40.463737 -3.487497 599.9 3 5 126.0 21.114 0 1 0 
472.71 52.1 40.463665 -3.487366 600.4 3 5 126.3 15.456 0 1 0 
473.72 51.7 40.463615 -3.487210 600.0 3 5 107.4 18.851 0 1 0 
474.71 53.2 40.463581 -3.487036 599.8 3 5 110.3 15.931 0 1 0 
475.71 54.6 40.463543 -3.486881 600.1 3 5 117.6 10.150 0 1 0 
476.73 54.7 40.463596 -3.486682 600.3 3 5 71.1 46.484 0 1 0 
477.72 54.7 40.463623 -3.486518 600.1 3 5 69.7 47.883 0 1 0 
478.72 55.8 40.463657 -3.486326 600.0 3 5 69.7 1.400 0 1 0 
479.72 56.8 40.463654 -3.486133 600.1 3 5 74.5 4.862 0 1 0 
480.72 58.9 40.463696 -3.485959 599.9 3 5 74.2 4.510 0 1 0 
481.73 61.5 40.463737 -3.485765 599.7 3 5 74.2 0.352 0 1 0 
482.72 63.4 40.463779 -3.485559 599.3 3 5 74.2 0 0 0 0 
483.74 65.4 40.463825 -3.485366 599.1 3 5 73.8 0.352 0 0 0 
484.72 66.4 40.463875 -3.485152 599.1 3 5 73.8 0.352 0 0 0 
485.77 67.0 40.463924 -3.484941 599.3 3 5 74.2 0.352 0 0 0 
486.73 66.5 40.463943 -3.484859 599.4 3 5 75.7 1.913 0 0 0 
487.72 66.1 40.464008 -3.484516 599.4 3 5 74.5 1.210 0 0 0 
488.71 64.6 40.464058 -3.484313 599.5 3 5 73.8 1.913 0 0 0 
489.73 65.7 40.464104 -3.484109 599.4 3 5 73.5 1.055 0 0 0 
490.75 64.9 40.464149 -3.483907 599.5 3 5 74.2 0.703 0 0 0 
491.73 60.8 40.464188 -3.483692 599.1 3 5 74.5 1.055 0 0 0 
492.72 54.1 40.464230 -3.483521 598.9 3 5 74.9 0.703 0 0 0 
493.72 48.2 40.464268 -3.483355 598.3 3 5 74.5 0 -9 -9 0 
494.73 44.1 40.464298 -3.483215 598.5 3 5 73.5 0 -9 -9 0 
495.73 39.9 40.464325 -3.483089 598.3 3 5 75.2 0 -9 -9 0 
496.73 38.1 40.464344 -3.482959 598.3 3 5 77.3 0 -9 -9 0 
497.72 37.1 40.464367 -3.482841 598.1 3 5 78.4 0 -9 -9 0 
498.72 35.7 40.464390 -3.482729 598.0 3 5 73.8 0 -9 -9 0 
499.73 34.4 40.464409 -3.482625 597.9 3 5 73.1 0 -9 -9 0 
500.73 34.6 40.464432 -3.482517 598.1 3 5 74.9 0 -9 -9 0 
501.73 33.7 40.464458 -3.482410 598.0 3 5 71.7 0 -9 -9 0 
502.73 35.1 40.464493 -3.482313 598.0 3 5 68.2 0 -9 -9 0 
503.73 39.0 40.464531 -3.482205 598.3 3 5 65.0 0 -9 -9 0 
504.73 43.3 40.464577 -3.482081 598.7 3 5 65.4 0 -9 -9 0 
505.72 50.4 40.464626 -3.481935 598.5 3 5 66.1 1.055 0 0 0 
506.72 53.2 40.464550 -3.481702 597.5 3 5 66.3 0.871 0 0 0 
507.73 56.1 40.464622 -3.481548 596.4 3 5 66.3 0.168 0 0 0 
508.73 59.1 40.464699 -3.481384 595.8 3 5 66.3 0 0 0 0 
509.73 61.6 40.464775 -3.481208 594.9 3 5 66.7 0.456 0 0 0 
510.75 63.2 40.464851 -3.481026 594.0 3 5 67.4 1.139 1 0 0 
511.72 64.8 40.464931 -3.480840 592.9 3 5 67.4 0.684 1 0 0 
512.79 66.2 40.465012 -3.480645 592.4 3 5 66.1 1.343 0 0 0 
513.81 65.5 40.465096 -3.480455 592.2 3 5 66.1 1.343 0 0 0 
514.74 67.6 40.465172 -3.480260 592.2 3 5 67.6 1.549 0 0 0 
515.75 71.2 40.465237 -3.480051 592.6 3 5 67.6 1.549 0 0 0 
516.75 72.4 40.465305 -3.479836 592.5 3 5 65.8 1.771 2 0 0 
517.73 73.8 40.465374 -3.479615 592.5 3 5 61.5 6.131 0 0 0 
518.74 72.8 40.465435 -3.479398 592.1 3 5 74.1 12.663 0 0 0 
519.78 73.5 40.465492 -3.479170 592.1 3 5 74.1 12.663 0 0 0 
520.73 76.9 40.465542 -3.478926 592.0 3 5 74.1 0 0 0 0 
521.75 80.1 40.465595 -3.478688 592.3 3 5 74.1 0 0 0 0 
522.73 81.1 40.465645 -3.478439 591.8 3 5 74.1 0 0 0 0 
523.72 80.7 40.465698 -3.478182 593.0 3 5 74.1 0 0 0 0 
524.73 80.1 40.465748 -3.477934 594.0 3 5 76.0 1.824 0 0 0 
525.71 80.9 40.465801 -3.477680 592.0 4 5 75.1 0.978 0 0 0 
526.71 80.9 40.465851 -3.477418 591.6 4 5 75.1 0.846 0 0 0 
527.76 81.3 40.465908 -3.477156 593.0 4 5 75.1 0 0 0 0 
528.71 82.1 40.465954 -3.476894 593.1 4 5 75.1 0 1 0 0 
529.72 83.4 40.466015 -3.476638 592.0 4 5 75.5 0.427 2 0 0 
530.73 84.6 40.466068 -3.476366 592.3 4 5 76.0 0.846 0 0 0 
531.71 85.0 40.466129 -3.476094 592.2 4 5 76.0 0.419 0 0 0 
532.72 86.6 40.466183 -3.475826 592.5 4 5 76.5 0.580 0 0 0 
533.72 89.0 40.466236 -3.475546 592.8 3 5 76.5 0.580 0 0 0 
534.73 91.3 40.466286 -3.475259 593.1 4 5 76.5 0 0 0 0 
535.74 90.5 40.466335 -3.474966 593.0 3 5 77.4 0.837 0 0 0 
536.72 91.4 40.466385 -3.474668 592.8 3 5 78.3 1.791 0 0 0 
537.77 93.7 40.466434 -3.474370 593.2 3 5 78.3 0.954 0 0 0 
538.79 95.6 40.466480 -3.474075 593.4 3 5 78.3 0 0 0 0 
539.72 98.7 40.466522 -3.473748 593.4 3 5 79.4 1.053 0 0 0 
540.82 99.5 40.466564 -3.473432 593.4 3 5 79.4 1.053 0 0 0 
541.72 100.7 40.466606 -3.473117 594.3 3 5 80.1 0.676 0 0 0 
542.72 101.3 40.466640 -3.472789 594.4 3 5 80.7 1.336 0 0 0 
543.72 101.1 40.466682 -3.472462 595.2 3 5 81.4 1.367 0 0 0 
544.77 101.3 40.466717 -3.472136 594.9 3 5 82.8 2.095 0 0 0 
545.73 100.0 40.466751 -3.471814 594.6 3 5 83.5 2.055 0 0 0 
546.75 99.7 40.466789 -3.471484 594.7 3 5 83.0 0.524 0 0 0 
547.72 98.8 40.466816 -3.471163 594.6 3 5 83.5 0.539 0 0 0 
548.73 97.6 40.466843 -3.470832 594.1 3 5 84.5 1.540 0 0 0 
549.79 96.7 40.466869 -3.470522 593.5 3 5 85.0 1.549 0 0 0 
550.73 96.2 40.466892 -3.470205 593.4 3 5 85.0 0.548 0 0 0 
551.75 96.9 40.466919 -3.469883 593.5 3 5 86.0 0.959 2 0 0 
552.74 98.2 40.466942 -3.469574 593.8 3 5 86.5 1.470 0 1 0 
553.73 99.3 40.466965 -3.469241 593.9 3 5 86.5 0.511 0 1 0 
554.73 99.8 40.466980 -3.468921 593.9 4 5 86.5 0 0 1 0 
555.75 100.2 40.466999 -3.468597 594.1 4 5 88.1 1.592 0 1 0 
556.75 100.2 40.467014 -3.468275 594.2 4 5 95.7 9.191 0 1 0 
557.73 100.9 40.467022 -3.467947 594.2 3 5 92.4 4.287 0 1 0 
558.74 101.3 40.467030 -3.467613 594.2 3 5 89.3 6.414 0 1 0 
559.84 101.5 40.467030 -3.467275 594.2 3 5 89.6 2.750 0 1 0 
560.71 102.6 40.467026 -3.466938 593.9 3 5 90.4 1.055 0 1 0 
561.73 103.1 40.467026 -3.466599 594.6 3 5 91.4 1.758 0 1 0 
562.72 103.6 40.467022 -3.466259 595.6 3 5 91.4 1.055 0 1 0 
563.73 103.1 40.467010 -3.465926 597.1 3 5 91.1 0.352 0 1 0 
564.73 101.7 40.467003 -3.465597 597.1 3 5 91.4 0.352 0 1 0 
565.76 102.9 40.466999 -3.465258 595.8 3 5 91.8 0.703 0 1 0 
566.72 103.8 40.466995 -3.464921 593.0 3 5 92.1 0.703 0 1 0 
567.73 104.9 40.466984 -3.464573 594.2 3 5 92.5 0.703 0 1 0 
568.72 105.4 40.466969 -3.464231 596.7 3 5 92.8 0.703 0 1 0 
569.73 105.1 40.466957 -3.463887 596.0 3 5 92.5 0.352 0 1 0 
570.74 106.0 40.466942 -3.463531 595.4 3 5 93.3 0.792 0 1 0 
571.73 106.5 40.466923 -3.463192 595.2 3 5 93.3 0.792 1 0 0 
572.71 107.9 40.466915 -3.462839 595.7 3 5 93.5 0.213 2 0 0 
573.78 108.9 40.466908 -3.462485 596.1 3 5 93.5 0.213 0 1 0 
574.77 110.1 40.466892 -3.462116 596.1 3 5 93.5 0 0 1 0 
575.80 112.9 40.466877 -3.461756 596.5 3 5 93.5 0 1 1 0 
576.82 114.1 40.466862 -3.461387 596.7 3 5 93.5 0 1 1 0 
577.74 115.1 40.466843 -3.461009 597.0 3 5 93.5 0 0 1 0 
578.74 116.2 40.466831 -3.460641 597.0 3 5 93.3 0.174 0 1 0 
579.74 116.6 40.466812 -3.460251 597.1 3 5 93.7 0.447 0 1 0 
580.74 116.1 40.466793 -3.459869 597.4 3 5 93.7 0.447 0 1 0 
581.84 115.5 40.466778 -3.459486 597.6 3 5 93.7 0 0 1 0 
582.74 114.5 40.466763 -3.459096 596.6 3 5 93.7 0 0 1 0 
583.74 115.1 40.466743 -3.458725 596.1 3 5 93.5 0.220 0 1 0 
584.74 116.2 40.466732 -3.458349 595.9 3 5 93.5 0.220 0 1 0 
585.71 116.7 40.466717 -3.457956 595.9 3 5 93.5 0 0 1 0 
586.80 117.6 40.466702 -3.457581 596.5 3 5 92.5 1.042 0 1 0 
587.71 117.4 40.466686 -3.457195 596.1 3 5 92.5 1.042 0 1 0 
588.72 117.4 40.466675 -3.456807 596.3 3 5 92.5 0 0 1 0 
589.74 117.6 40.466663 -3.456415 597.0 3 5 91.7 0.738 0 0 0 
590.72 117.7 40.466656 -3.456023 597.6 3 5 90.8 1.727 0 0 0 
591.76 117.7 40.466652 -3.455647 596.6 3 5 91.4 0.682 0 0 0 
592.75 118.4 40.466644 -3.455272 595.0 4 5 90.5 0.982 0 0 0 
593.72 119.4 40.466629 -3.454867 595.3 3 5 90.5 0.982 0 0 0 
594.72 120.0 40.466629 -3.454481 595.3 3 5 91.0 0.576 0 0 0 
595.76 119.9 40.466633 -3.454093 595.8 3 5 88.6 2.441 0 0 0 
596.71 119.7 40.466640 -3.453708 595.2 3 5 87.9 3.148 0 0 0 
597.72 118.8 40.466652 -3.453321 595.2 4 5 87.1 1.516 0 0 0 
598.72 119.6 40.466663 -3.452933 596.1 4 5 87.1 0.810 0 0 0 
599.72 120.0 40.466679 -3.452532 596.0 4 5 87.1 0 0 0 0 
600.73 120.4 40.466702 -3.452133 594.3 3 5 87.1 0 0 0 0 
601.72 119.9 40.466717 -3.451742 593.7 3 5 86.0 1.049 0 0 0 
602.72 120.2 40.466740 -3.451358 595.4 3 5 85.5 1.564 0 0 0 
603.77 120.1 40.466766 -3.450973 595.9 3 5 85.0 0.998 0 0 0 
604.73 120.7 40.466789 -3.450581 593.4 3 5 85.0 0.483 0 0 0 
605.73 120.8 40.466820 -3.450184 593.1 3 5 85.0 0.065 0 0 0 
606.73 121.4 40.466846 -3.449791 592.3 3 5 85.0 0.065 0 0 0 
607.73 121.2 40.466877 -3.449393 592.6 3 5 84.3 0.668 0 0 0 
608.72 121.9 40.466908 -3.448992 592.7 3 5 83.9 1.021 0 0 0 
609.73 121.9 40.466946 -3.448598 592.6 3 5 84.8 0.823 0 0 0 
610.73 122.1 40.466976 -3.448205 592.8 3 5 84.1 0.670 0 0 0 
611.72 121.8 40.467007 -3.447807 592.5 3 5 84.1 0.670 2 0 0 
612.73 121.4 40.467033 -3.447418 592.2 3 5 82.6 1.538 2 0 0 
613.74 121.0 40.467056 -3.447006 592.0 3 5 83.2 0.904 0 0 0 
614.75 120.6 40.467079 -3.446612 591.7 3 5 84.0 1.422 0 0 0 
615.73 118.8 40.467110 -3.446208 591.6 3 5 84.0 0.788 0 0 0 
616.81 118.8 40.467144 -3.445828 591.6 3 5 84.0 0 0 0 0 
617.72 118.0 40.467178 -3.445443 591.5 3 5 84.3 0.304 0 0 0 
618.77 118.3 40.467209 -3.445056 591.4 3 5 83.6 0.694 0 0 0 
619.82 117.6 40.467239 -3.444677 592.0 3 5 83.6 0.694 1 0 0 
620.76 116.9 40.467262 -3.444297 592.0 3 5 83.6 0 2 1 0 
621.73 116.2 40.467285 -3.443920 592.3 3 5 84.0 0.440 0 1 0 
622.78 115.5 40.467316 -3.443540 592.1 3 5 82.8 1.184 0 1 0 
623.76 114.2 40.467346 -3.443168 592.0 3 5 82.4 1.660 0 1 0 
624.73 112.8 40.467377 -3.442796 592.0 3 5 82.4 0.475 0 1 0 
625.74 111.0 40.467411 -3.442441 591.9 3 5 81.9 0.433 0 1 0 
626.74 110.1 40.467449 -3.442084 591.7 3 5 81.9 0.433 0 1 0 
627.73 109.2 40.467491 -3.441739 591.6 3 5 80.5 1.394 0 1 0 
628.71 108.6 40.467541 -3.441390 591.8 3 5 79.8 2.154 0 1 0 
629.74 108.3 40.467590 -3.441045 591.9 3 5 78.7 1.887 2 1 0 
630.80 108.5 40.467655 -3.440703 592.2 3 5 78.7 1.127 0 1 0 
631.77 108.7 40.467720 -3.440362 592.7 3 5 77.4 1.282 0 1 0 
632.83 108.9 40.467777 -3.440016 593.2 3 5 77.4 1.282 0 1 0 
633.78 110.0 40.467842 -3.439664 593.5 3 5 75.2 2.195 0 1 0 
634.73 110.1 40.467903 -3.439314 594.2 3 5 76.7 1.566 0 1 0 
635.86 110.4 40.467968 -3.438956 594.3 3 5 76.6 1.467 0 1 0 
636.74 110.6 40.468033 -3.438602 594.3 3 5 76.6 0.099 0 1 0 
637.72 110.9 40.468094 -3.438255 594.8 3 5 77.0 0.352 0 1 0 
638.75 110.8 40.468166 -3.437908 595.0 3 5 77.0 0.352 0 1 0 
639.72 111.1 40.468224 -3.437554 595.4 3 5 77.0 0 0 1 0 
640.75 111.0 40.468285 -3.437195 595.7 3 5 76.6 0.352 0 1 0 
641.74 110.5 40.468346 -3.436842 596.3 3 5 77.0 0.352 0 1 0 
642.79 109.5 40.468407 -3.436495 597.3 3 5 77.3 0.703 0 1 0 
643.74 108.3 40.468468 -3.436139 597.7 3 5 77.3 0.352 0 1 0 
644.72 108.3 40.468529 -3.435793 596.2 3 5 77.7 0.352 0 1 0 
645.71 108.5 40.468590 -3.435442 596.2 3 5 78.0 0.703 0 1 0 
646.72 107.8 40.468647 -3.435095 596.3 3 5 78.0 0.352 0 1 0 
647.74 107.8 40.468700 -3.434750 595.9 3 5 78.4 0.352 0 1 0 
648.75 109.0 40.468750 -3.434408 595.7 3 5 79.1 1.055 0 1 0 
649.72 110.7 40.468807 -3.434046 595.7 3 5 77.3 1.758 2 1 0 
650.72 112.6 40.468872 -3.433692 595.7 3 5 77.0 2.109 0 1 0 
651.75 114.9 40.468941 -3.433326 595.2 3 5 77.3 0.352 0 1 0 
652.72 116.0 40.468998 -3.432957 595.3 3 5 77.7 0.703 0 1 0 
653.72 116.6 40.469059 -3.432585 594.8 4 5 78.0 0.703 0 1 0 
654.76 115.8 40.469120 -3.432209 593.5 3 5 78.0 0.352 0 1 0 
655.85 116.7 40.469177 -3.431831 593.6 3 5 77.7 0.352 0 1 0 
656.73 117.0 40.469246 -3.431456 593.1 3 5 77.0 1.055 0 1 0 
657.74 116.4 40.469311 -3.431086 592.3 4 5 76.3 1.406 0 1 0 
658.76 118.4 40.469379 -3.430717 592.3 4 5 75.6 1.406 0 1 0 
659.73 118.4 40.469460 -3.430341 592.4 4 5 74.5 1.758 0 1 0 
660.71 119.0 40.469543 -3.429971 590.9 4 5 73.8 1.758 0 1 0 
661.79 118.4 40.469631 -3.429593 592.8 4 5 72.8 1.758 0 1 0 
662.74 119.4 40.469715 -3.429215 592.8 3 5 72.1 1.758 0 1 0 
663.77 118.9 40.469803 -3.428849 588.8 4 5 71.7 1.055 1 1 0 
664.73 119.0 40.469894 -3.428469 588.8 4 5 72.8 1.055 2 1 0 
665.75 118.3 40.469986 -3.428101 588.8 4 5 72.8 1.055 0 1 0 
666.73 117.6 40.470078 -3.427729 587.4 4 5 72.1 0.703 0 1 0 
667.77 116.6 40.470177 -3.427363 586.5 4 5 71.0 1.758 0 1 0 
668.73 115.4 40.470272 -3.427007 586.2 4 5 70.0 2.109 0 1 0 
669.73 114.4 40.470375 -3.426662 586.1 4 5 69.6 1.406 0 1 0 
670.72 113.1 40.470478 -3.426314 585.2 4 5 69.3 0.703 0 1 0 
671.74 112.1 40.470581 -3.425970 585.1 4 5 68.9 0.703 0 1 0 
672.76 111.6 40.470680 -3.425627 584.6 3 5 68.6 0.703 0 1 0 
673.73 111.0 40.470791 -3.425291 584.7 3 5 68.9 0.352 0 1 0 
674.73 111.1 40.470886 -3.424954 585.0 3 5 68.6 0.352 0 1 0 
675.73 111.0 40.470997 -3.424611 585.0 3 5 68.6 0.352 0 1 0 
676.75 111.2 40.471104 -3.424277 585.5 3 5 68.9 0.352 0 1 0 
677.84 112.1 40.471203 -3.423939 585.4 3 5 69.3 0.703 0 1 0 
678.72 111.9 40.471298 -3.423600 585.5 3 5 69.3 0.352 0 1 0 
679.71 113.1 40.471397 -3.423253 585.8 3 5 69.6 0.352 0 1 0 
680.72 113.3 40.471497 -3.422901 586.2 3 5 69.6 0.352 0 0 0 
681.73 113.4 40.471600 -3.422555 586.2 3 5 70.3 0.703 0 0 0 
682.71 113.4 40.471699 -3.422201 586.3 3 5 70.3 0.703 0 0 0 
683.77 113.5 40.471802 -3.421855 586.8 3 5 70.3 0 0 0 0 
684.78 113.2 40.471897 -3.421497 587.1 3 5 70.7 0.352 0 0 0 
685.78 113.8 40.471989 -3.421149 587.5 3 5 70.7 0.352 0 0 0 
686.73 113.4 40.472080 -3.420807 587.1 3 5 71.7 1.055 0 0 0 
687.73 114.1 40.472168 -3.420460 587.4 3 5 71.0 0.703 0 0 0 
688.76 113.9 40.472248 -3.420104 587.7 3 5 71.7 0.703 0 0 0 
689.74 113.3 40.472336 -3.419746 587.9 3 5 71.7 0.703 0 0 0 
690.71 113.0 40.472412 -3.419395 588.6 3 5 71.7 0 0 0 0 
691.71 112.0 40.472500 -3.419045 590.8 3 5 71.7 0 0 0 0 
692.75 110.7 40.472591 -3.418700 591.5 3 5 72.1 0.352 0 0 0 
693.74 111.2 40.472672 -3.418361 592.5 3 5 71.0 1.055 1 0 0 
694.78 111.2 40.472767 -3.418017 591.4 3 5 72.1 1.055 0 0 0 
695.75 111.2 40.472851 -3.417670 589.6 3 5 72.1 1.055 0 0 0 
696.73 109.7 40.472946 -3.417341 591.6 4 5 71.7 0.352 1 0 0 
697.72 110.5 40.473007 -3.416976 591.9 4 5 73.1 1.406 2 0 0 
698.73 109.4 40.473091 -3.416621 591.1 4 5 73.5 1.758 0 0 0 
699.80 108.3 40.473179 -3.416281 591.3 3 5 73.1 0.352 0 0 0 
700.72 107.1 40.473263 -3.415940 591.2 3 5 72.4 1.055 0 0 0 
701.72 106.0 40.473339 -3.415599 591.2 3 5 72.4 0.703 0 0 0 
702.73 105.2 40.473431 -3.415274 590.9 3 5 72.4 0 0 0 0 
703.71 104.7 40.473507 -3.414939 590.8 4 5 72.1 0.352 0 0 0 
704.80 104.5 40.473583 -3.414623 590.3 4 5 71.0 1.406 0 0 0 
705.77 103.3 40.473679 -3.414310 590.0 4 5 70.3 1.758 0 0 0 
706.74 103.3 40.473770 -3.413988 589.6 4 5 69.3 1.758 0 0 0 
707.74 103.5 40.473873 -3.413683 589.3 4 5 68.2 2.109 0 0 0 
708.73 103.4 40.473972 -3.413372 588.9 4 5 67.5 1.758 0 0 0 
709.71 103.0 40.474079 -3.413065 588.5 4 5 66.4 1.758 0 0 0 
710.76 102.0 40.474186 -3.412755 588.2 4 5 65.4 2.109 0 0 0 
711.72 103.4 40.474300 -3.412456 588.3 4 5 64.3 2.109 0 0 0 
712.74 103.7 40.474415 -3.412145 587.9 4 5 63.3 2.109 2 0 0 
713.73 106.8 40.474537 -3.411838 588.3 3 5 61.9 2.461 0 0 0 
714.72 109.2 40.474674 -3.411523 588.2 4 5 61.5 1.758 0 0 0 
715.72 111.5 40.474800 -3.411203 589.0 3 5 60.8 1.055 0 0 0 
716.80 113.4 40.474930 -3.410884 589.3 3 5 60.5 1.055 0 0 0 
717.73 114.1 40.475079 -3.410555 588.5 4 5 60.1 0.703 0 0 0 
718.72 115.7 40.475235 -3.410254 588.5 4 5 59.4 1.055 0 0 0 
719.75 116.0 40.475384 -3.409924 588.1 3 5 58.4 1.758 0 0 0 
720.73 115.7 40.475533 -3.409595 589.0 3 5 57.3 2.109 0 0 0 
721.71 116.4 40.475697 -3.409280 588.4 3 5 56.2 2.109 0 0 0 
722.73 116.9 40.475857 -3.408956 588.2 3 5 55.5 1.758 0 0 0 
723.73 116.6 40.476025 -3.408638 589.3 3 5 54.5 1.758 0 0 0 
724.74 116.2 40.476196 -3.408331 587.4 3 5 53.4 2.109 0 0 0 
725.76 116.4 40.476364 -3.408032 587.2 3 5 52.4 2.109 0 0 0 
726.73 115.4 40.476536 -3.407735 587.1 3 5 51.7 1.758 0 0 0 
727.72 114.4 40.476711 -3.407439 586.8 4 5 50.6 1.758 0 0 0 
728.74 113.7 40.476891 -3.407156 586.3 4 5 50.3 1.406 0 0 0 
729.73 113.4 40.477074 -3.406863 586.7 3 5 49.2 1.406 0 0 0 
730.75 112.8 40.477261 -3.406579 588.3 3 5 48.2 2.109 0 0 0 
731.82 111.8 40.477451 -3.406317 588.6 4 5 47.5 1.758 0 0 0 
732.81 111.5 40.477634 -3.406051 591.5 4 5 46.8 1.406 0 0 0 
733.74 112.1 40.477825 -3.405793 586.6 4 5 45.7 1.758 0 0 0 
734.81 113.7 40.478027 -3.405532 587.6 4 5 44.3 2.461 0 0 0 
735.72 114.1 40.478233 -3.405262 588.8 4 5 43.6 2.109 0 0 0 
736.74 113.5 40.478439 -3.405013 588.9 4 5 42.9 1.406 0 0 0 
737.75 113.5 40.478653 -3.404752 589.8 4 5 41.8 1.758 0 0 0 
738.74 111.3 40.478859 -3.404505 589.9 4 5 41.5 1.406 0 0 0 
739.71 109.2 40.479061 -3.404267 589.9 4 5 41.1 0.703 0 0 0 
740.74 108.9 40.479256 -3.404037 590.4 4 5 39.7 1.758 0 0 0 
741.78 106.8 40.479454 -3.403811 590.9 4 5 38.7 2.461 0 0 0 
742.73 107.9 40.479675 -3.403595 591.3 4 5 37.3 2.461 0 0 0 
743.78 109.8 40.479893 -3.403382 591.5 4 5 36.2 2.461 0 0 0 
744.83 111.0 40.480118 -3.403170 592.5 4 5 36.6 0.703 0 0 0 
745.76 113.4 40.480347 -3.402959 592.9 4 5 36.6 0.352 0 0 0 
746.74 114.2 40.480568 -3.402748 593.5 4 5 36.9 0.352 0 0 0 
747.76 114.0 40.480801 -3.402526 593.5 3 5 36.6 0.352 0 0 0 
748.73 113.4 40.481030 -3.402307 593.7 3 5 36.6 0.352 0 0 0 
749.77 114.1 40.481258 -3.402083 593.9 3 5 36.9 0.352 0 0 0 
750.73 114.0 40.481491 -3.401864 594.8 3 5 36.9 0.352 0 0 0 
751.73 114.1 40.481724 -3.401639 595.0 3 5 36.6 0.352 0 0 0 
752.72 113.6 40.481960 -3.401417 595.6 3 5 36.6 0.352 0 0 0 
753.75 112.8 40.482185 -3.401199 596.2 3 5 36.9 0.352 0 0 0 
754.71 112.2 40.482410 -3.400974 596.8 3 5 36.9 0.352 0 0 0 
755.73 110.1 40.482624 -3.400760 599.2 3 5 36.9 0 0 0 0 
756.71 108.9 40.482841 -3.400549 600.5 3 5 36.6 0.352 0 0 0 
757.76 107.8 40.483059 -3.400338 597.7 3 5 36.6 0.352 0 0 0 
758.80 106.2 40.483276 -3.400135 597.8 3 5 36.6 0 0 0 0 
759.80 103.9 40.483490 -3.399931 598.5 3 5 36.9 0.352 0 0 0 
760.73 101.7 40.483696 -3.399724 599.0 3 5 36.6 0.285 1 0 0 
761.76 101.1 40.483906 -3.399518 599.8 3 5 35.7 1.238 1 0 0 
762.76 101.0 40.484104 -3.399318 600.0 4 5 36.8 1.138 0 0 0 
763.72 100.8 40.484318 -3.399121 600.1 4 5 36.8 1.138 0 0 0 
764.72 100.9 40.484512 -3.398924 600.7 4 5 37.3 0.438 0 0 0 
765.74 102.3 40.484711 -3.398729 601.1 4 5 37.8 1.025 0 0 0 
766.72 103.4 40.484921 -3.398522 601.2 4 5 37.8 0.587 0 0 0 
767.74 103.9 40.485134 -3.398304 602.3 4 5 37.8 0 0 0 0 
768.71 103.2 40.485332 -3.398094 601.1 4 5 39.0 1.136 0 0 0 
769.73 101.7 40.485531 -3.397878 600.7 4 5 40.3 2.429 0 0 0 
770.72 101.1 40.485718 -3.397649 600.1 4 5 40.3 1.293 0 0 0 
771.73 100.8 40.485905 -3.397449 600.7 4 5 41.6 1.292 0 0 0 
772.72 101.6 40.486092 -3.397228 600.9 4 5 43.2 2.935 0 0 0 
773.75 103.1 40.486286 -3.396997 600.6 4 5 43.2 1.643 0 0 0 
774.72 103.5 40.486481 -3.396764 600.7 4 5 43.2 0 0 0 0 
775.76 104.0 40.486679 -3.396540 601.1 4 5 44.1 0.851 0 0 0 
776.72 105.9 40.486866 -3.396301 601.2 4 5 44.1 0.851 0 0 0 
777.73 107.2 40.487057 -3.396061 600.8 4 5 44.1 0 0 0 0 
778.72 108.1 40.487247 -3.395808 600.9 4 5 57.2 13.167 0 0 0 
779.79 109.0 40.487442 -3.395557 601.1 4 5 45.4 11.870 1 0 0 
780.76 110.2 40.487633 -3.395302 601.0 4 5 46.4 10.816 2 0 0 
781.72 110.6 40.487816 -3.395045 601.5 4 5 47.1 1.758 2 1 0 
782.73 109.8 40.488010 -3.394786 601.1 4 5 47.5 1.055 0 1 0 
783.75 108.9 40.488209 -3.394534 601.5 4 5 47.1 0.352 0 1 0 
784.79 108.2 40.488400 -3.394278 601.8 4 5 46.4 1.055 0 1 0 
785.73 107.3 40.488590 -3.394027 602.1 4 5 46.4 0.703 0 1 0 
786.72 107.5 40.488781 -3.393770 602.3 4 5 46.4 0 0 1 0 
787.79 108.9 40.488972 -3.393506 602.2 4 5 46.4 0 0 1 0 
788.72 110.2 40.489162 -3.393236 602.1 4 5 46.8 0.352 0 1 0 
789.73 109.6 40.489357 -3.392970 602.5 6 5 46.1 0.703 0 0 0 
790.76 109.5 40.489544 -3.392719 603.1 6 5 46.1 0.703 0 0 0 
791.73 109.7 40.489735 -3.392453 602.7 6 5 45.0 1.055 1 1 0 
792.74 111.8 40.489937 -3.392191 602.8 6 5 44.3 1.758 2 1 0 
793.72 113.8 40.490139 -3.391939 602.8 6 5 44.3 0.703 0 1 0 
794.75 115.8 40.490337 -3.391663 603.3 4 5 45.0 0.703 0 1 0 
795.73 116.8 40.490536 -3.391389 603.5 4 5 45.0 0.703 2 1 0 
796.78 119.9 40.490738 -3.391115 603.7 4 5 44.6 0.352 2 1 0 
797.73 121.1 40.490936 -3.390842 603.8 6 5 45.9 1.275 0 1 0 
798.73 121.0 40.491154 -3.390559 604.6 4 5 45.9 1.275 0 1 0 
799.74 121.5 40.491371 -3.390281 605.5 4 5 46.2 0.284 0 1 0 
800.74 121.8 40.491577 -3.389996 605.4 4 5 46.2 0.284 0 1 0 
801.71 121.6 40.491791 -3.389702 606.6 4 5 46.2 0 0 1 0 
802.74 121.1 40.491997 -3.389421 607.0 4 5 46.5 0.321 0 1 0 
803.76 120.7 40.492207 -3.389120 606.2 4 5 47.3 1.119 0 1 0 
804.73 121.3 40.492409 -3.388835 606.1 3 5 47.3 0.798 0 1 0 
805.74 119.7 40.492611 -3.388539 607.9 4 5 47.8 0.472 0 1 0 
806.74 119.3 40.492802 -3.388254 605.7 4 5 48.4 1.056 0 1 0 
807.73 118.2 40.493008 -3.387955 605.2 4 5 48.4 0.584 0 1 0 
808.73 117.6 40.493198 -3.387668 606.7 3 5 49.5 1.099 0 1 0 
809.74 117.2 40.493378 -3.387385 607.0 3 5 49.5 1.099 0 1 0 
810.73 116.7 40.493565 -3.387117 605.5 3 5 50.1 0.578 0 1 0 
811.71 115.4 40.493759 -3.386810 605.2 3 5 50.7 1.246 0 1 0 
812.74 114.4 40.493942 -3.386523 605.6 3 5 50.7 0.668 1 1 0 
813.77 114.6 40.494129 -3.386222 606.6 3 5 50.7 0 1 1 0 
814.71 114.9 40.494316 -3.385928 606.9 3 5 51.1 0.413 1 1 0 
815.74 115.2 40.494495 -3.385649 605.1 3 5 51.5 0.800 2 1 0 
816.74 117.1 40.494671 -3.385335 605.5 3 5 51.5 0.387 0 1 0 
817.75 118.8 40.494846 -3.385027 606.2 3 5 52.4 0.905 0 1 0 
818.73 119.4 40.495022 -3.384707 606.8 3 5 53.0 1.521 0 1 0 
819.78 118.3 40.495201 -3.384394 604.8 4 5 52.3 0.729 0 1 0 
820.75 119.2 40.495380 -3.384083 605.1 4 5 54.0 1.674 0 1 0 
821.71 118.1 40.495548 -3.383762 604.3 4 5 53.8 1.518 0 1 0 
822.72 117.8 40.495728 -3.383449 604.3 4 5 53.8 0.156 0 1 0 
823.71 117.3 40.495895 -3.383142 604.1 4 5 56.7 2.821 0 1 0 
824.75 116.8 40.496067 -3.382826 604.0 3 5 56.7 2.821 0 1 0 
825.71 116.5 40.496235 -3.382517 603.8 3 5 56.7 0 0 1 0 
826.74 116.0 40.496399 -3.382203 604.2 3 5 55.9 0.772 0 1 0 
827.75 115.8 40.496571 -3.381891 605.3 3 5 55.9 0.772 0 1 0 
828.74 115.3 40.496727 -3.381585 605.0 3 5 56.5 0.661 0 1 0 
829.72 115.1 40.496899 -3.381269 604.9 3 5 56.5 0.661 1 1 0 
830.72 115.2 40.497059 -3.380969 604.6 4 5 55.9 0.640 0 1 0 
831.75 115.0 40.497223 -3.380662 605.1 4 5 56.5 0.573 0 1 0 
832.72 115.0 40.497379 -3.380359 605.4 3 5 56.5 0.573 0 1 0 
833.73 114.6 40.497547 -3.380046 605.0 3 5 56.5 0 0 1 0 
834.73 115.6 40.497700 -3.379731 605.0 3 5 56.5 0 0 1 0 
835.74 116.8 40.497864 -3.379410 605.7 3 5 56.3 0.210 0 1 0 
836.73 118.2 40.498024 -3.379084 605.4 4 5 55.9 0.543 0 1 0 
837.73 118.9 40.498180 -3.378773 605.1 3 5 55.9 0.332 0 1 0 
838.79 118.9 40.498352 -3.378422 604.8 4 5 55.9 0 0 1 0 
839.73 117.9 40.498508 -3.378093 604.7 4 5 55.6 0.365 0 1 0 
840.75 119.1 40.498672 -3.377768 604.9 3 5 55.6 0.365 0 1 0 
841.86 119.6 40.498837 -3.377436 605.1 3 5 56.2 0.622 0 1 0 
842.74 119.3 40.499001 -3.377112 605.1 3 5 56.2 0.622 0 1 0 
843.74 118.5 40.499168 -3.376800 607.5 3 5 56.2 0 0 1 0 
844.73 118.2 40.499336 -3.376472 606.5 3 5 57.0 0.762 0 1 0 
845.73 117.9 40.499512 -3.376140 605.6 3 5 57.0 0.762 0 1 0 
846.74 118.2 40.499676 -3.375817 606.1 3 5 57.0 0 0 1 0 
847.73 117.8 40.499847 -3.375490 607.0 3 5 56.7 0.286 0 1 0 
848.73 117.9 40.500000 -3.375185 606.8 3 5 56.7 0.286 0 1 0 
849.74 117.9 40.500160 -3.374859 606.1 3 5 55.9 0.767 0 1 0 
850.82 117.5 40.500332 -3.374535 606.8 4 5 55.9 0.767 0 1 0 
851.73 117.6 40.500488 -3.374222 605.9 3 5 57.9 2.006 0 1 0 
852.74 116.3 40.500641 -3.373896 607.9 3 5 57.9 2.006 0 1 0 
853.82 113.7 40.500790 -3.373577 609.6 3 5 57.7 0.237 0 1 0 
854.72 114.7 40.500931 -3.373272 605.6 3 5 57.7 0.237 0 1 0 
855.77 115.0 40.501091 -3.372930 605.7 4 5 57.7 0 0 1 0 
856.73 113.8 40.501244 -3.372611 605.8 4 5 57.7 0.054 0 0 0 
857.81 112.9 40.501396 -3.372303 606.5 4 5 57.7 0.054 1 0 0 
858.74 112.4 40.501545 -3.371995 606.6 4 5 57.7 0 1 1 0 
859.76 111.1 40.501698 -3.371678 607.7 4 5 57.4 0.311 2 1 0 
860.78 109.9 40.501842 -3.371365 607.6 4 5 57.4 0.311 2 1 0 
861.73 109.3 40.501991 -3.371050 608.3 4 5 57.4 0 2 1 0 
862.83 108.7 40.502125 -3.370756 607.7 4 5 57.4 0 2 1 0 
863.74 110.1 40.502274 -3.370429 608.5 4 5 54.2 3.222 2 1 0 
864.74 111.7 40.502419 -3.370117 608.4 3 5 57.8 3.579 2 2 0 
865.78 111.5 40.502567 -3.369814 608.4 3 5 58.4 4.251 2 2 0 
866.74 110.7 40.502716 -3.369520 608.4 4 5 57.5 0.980 1 2 0 
867.71 111.8 40.502880 -3.369207 608.4 4 5 57.5 0.980 1 2 0 
868.74 111.5 40.503029 -3.368920 608.3 4 5 57.9 0.472 0 2 0 
869.75 111.3 40.503185 -3.368598 608.7 4 5 57.9 0.472 0 2 0 
870.71 110.5 40.503326 -3.368299 609.6 4 5 57.9 0 0 2 0 
871.74 110.5 40.503494 -3.367942 610.4 4 5 57.9 0.041 0 2 0 
872.73 109.4 40.503613 -3.367675 610.8 4 5 57.9 0.041 0 2 0 
873.77 107.2 40.503754 -3.367372 609.5 4 5 58.3 0.444 0 2 0 
874.74 103.2 40.503887 -3.367074 606.3 4 5 58.3 0.444 0 2 0 
875.74 97.7 40.504005 -3.366809 606.6 4 5 57.8 0.512 2 2 0 
876.74 92.6 40.504112 -3.366547 606.9 4 5 58.3 0.475 0 2 0 
877.72 89.4 40.504215 -3.366281 606.4 4 5 58.3 0.475 2 2 0 
878.71 87.7 40.504314 -3.366032 605.8 4 5 58.3 0 2 2 0 
879.72 86.9 40.504417 -3.365765 605.9 4 5 60.1 1.800 2 2 0 
880.73 86.5 40.504517 -3.365514 606.2 4 5 60.9 2.556 0 2 0 
881.74 85.6 40.504620 -3.365259 606.2 4 5 61.9 1.826 0 2 0 
882.74 83.7 40.504711 -3.365012 606.1 4 5 63.4 2.578 0 2 0 
883.75 83.2 40.504807 -3.364775 605.8 4 5 64.4 2.448 0 2 0 
884.79 82.5 40.504898 -3.364532 606.2 4 5 65.9 2.426 0 2 0 
885.72 82.0 40.504974 -3.364301 606.4 4 5 65.9 1.485 0 2 0 
886.72 81.8 40.505054 -3.364039 606.1 3 5 67.6 1.735 0 2 0 
887.74 81.4 40.505127 -3.363789 606.5 3 5 69.0 3.101 0 2 0 
888.84 81.4 40.505203 -3.363539 605.6 3 5 70.8 3.211 0 2 0 
889.73 81.2 40.505272 -3.363300 605.7 3 5 71.8 2.838 0 2 0 
890.74 82.1 40.505341 -3.363029 607.2 4 5 72.5 1.709 0 2 0 
891.76 79.8 40.505390 -3.362816 608.3 4 5 72.5 0.716 0 2 0 
892.74 79.5 40.505444 -3.362541 608.6 4 5 75.3 2.766 0 2 0 
893.83 79.3 40.505486 -3.362284 608.4 4 5 76.1 3.538 0 2 0 
894.72 78.3 40.505531 -3.362030 607.4 4 5 76.6 1.287 0 2 0 
895.75 76.7 40.505569 -3.361777 607.0 4 5 78.8 2.696 0 2 0 
896.72 76.4 40.505604 -3.361526 606.3 3 5 80.9 4.290 0 2 0 
897.74 75.3 40.505627 -3.361284 604.9 3 5 84.4 5.625 0 2 0 
898.73 75.0 40.505630 -3.361038 603.6 3 5 86.8 5.977 0 2 0 
899.72 74.6 40.505642 -3.360780 603.2 3 5 88.6 4.219 0 2 0 
900.73 74.5 40.505642 -3.360537 603.0 3 5 89.3 2.461 0 2 0 
901.73 74.1 40.505642 -3.360293 603.1 3 5 89.3 0.703 0 2 0 
902.76 74.6 40.505642 -3.360054 602.9 3 5 89.3 0 0 2 0 
903.74 74.2 40.505646 -3.359810 603.1 3 5 89.3 0 0 2 0 
904.72 73.8 40.505653 -3.359565 603.1 3 5 88.9 0.352 0 2 0 
905.75 73.8 40.505653 -3.359324 603.0 3 5 88.9 0.352 0 2 0 
906.74 75.7 40.505657 -3.359076 602.9 3 5 89.3 0.352 0 2 0 
907.72 78.9 40.505653 -3.358829 603.7 3 5 90.0 1.055 0 2 0 
908.72 80.9 40.505646 -3.358558 603.5 3 5 90.7 1.406 0 2 0 
909.73 80.1 40.505638 -3.358296 603.4 3 5 94.2 4.219 2 2 0 
910.74 79.8 40.505608 -3.358034 603.0 3 5 97.0 6.328 0 2 0 
911.73 79.8 40.505581 -3.357774 603.7 3 5 98.4 4.219 0 2 0 
912.74 80.4 40.505547 -3.357507 604.1 4 5 99.1 2.109 2 2 0 
913.86 80.1 40.505508 -3.357255 604.4 3 5 99.8 1.406 0 2 0 
914.73 79.0 40.505482 -3.357005 604.0 3 5 98.4 1.406 0 2 0 
915.73 77.9 40.505459 -3.356754 604.2 3 5 97.4 2.461 0 2 0 
916.73 76.9 40.505440 -3.356495 604.6 3 5 96.7 1.758 0 2 0 
917.74 75.9 40.505413 -3.356243 604.7 3 5 96.7 0.703 0 2 0 
918.75 75.0 40.505386 -3.356006 605.1 3 5 96.3 0.352 0 2 0 
919.78 74.2 40.505367 -3.355760 605.5 3 5 97.0 0.703 0 2 0 
920.75 72.4 40.505341 -3.355517 606.3 3 5 97.4 1.055 0 2 0 
921.80 70.1 40.505314 -3.355288 606.6 3 5 98.4 1.406 1 2 0 
922.72 68.7 40.505283 -3.355067 606.8 3 5 99.8 2.461 1 2 0 
923.74 66.0 40.505249 -3.354855 606.6 3 5 102.0 3.516 2 2 0 
924.76 62.2 40.505211 -3.354657 605.8 3 5 103.0 3.164 2 2 0 
925.74 58.9 40.505180 -3.354463 606.0 3 5 103.7 1.758 2 2 0 
926.77 54.9 40.505142 -3.354293 606.1 3 5 106.5 3.516 2 2 0 
927.72 51.4 40.505096 -3.354130 606.2 3 5 115.0 11.250 2 2 0 
928.73 50.3 40.505085 -3.353971 606.1 3 5 104.4 10.583 2 2 0 
