20.00 -1.00 -1.00 0 72.4 
20.34 -1.00 -1.00 0 72.4 
20.75 -1.00 -1.00 0 72.4 
21.22 -1.00 -1.00 0 73.0 
21.50 -1.00 -1.00 0 73.0 
21.89 -1.00 -1.00 0 73.0 
22.22 -1.00 -1.00 0 75.0 
22.73 -1.00 -1.00 0 75.0 
23.05 -1.00 -1.00 0 76.9 
23.40 -1.00 -1.00 0 76.9 
23.88 -1.00 -1.00 0 76.9 
24.13 -1.00 -1.00 0 78.6 
24.47 -1.00 -1.00 0 78.6 
24.75 -1.00 -1.00 0 78.6 
25.08 -1.00 -1.00 0 80.4 
25.37 -1.00 -1.00 0 80.4 
25.67 -1.00 -1.00 0 80.4 
26.08 -1.00 -1.00 0 82.1 
26.37 -1.00 -1.00 0 82.1 
26.80 -1.00 -1.00 0 82.1 
27.07 -1.00 -1.00 0 83.6 
27.38 -1.00 -1.00 0 83.6 
28.03 -1.00 -1.00 0 85.1 
28.40 -1.00 -1.00 0 85.1 
28.77 -1.00 -1.00 0 85.1 
29.10 -1.00 -1.00 0 86.5 
29.67 -1.00 -1.00 0 86.5 
29.97 -1.00 -1.00 0 87.9 
30.29 -1.00 -1.00 0 87.9 
30.70 -1.00 -1.00 0 87.9 
31.07 -1.00 -1.00 0 89.6 
31.37 -1.00 -1.00 0 89.6 
31.80 -1.00 -1.00 0 89.6 
32.17 -1.00 -1.00 0 90.4 
32.53 -1.00 -1.00 0 90.4 
32.92 -1.00 -1.00 0 90.4 
33.26 -1.00 -1.00 0 89.0 
33.54 -1.00 -1.00 0 89.0 
33.80 -1.00 -1.00 0 89.0 
34.14 -1.00 -1.00 0 87.6 
34.46 -1.00 -1.00 0 87.6 
34.72 -1.00 -1.00 0 87.6 
35.08 -1.00 -1.00 0 88.5 
35.28 -1.00 -1.00 0 88.5 
35.64 -1.00 -1.00 0 88.5 
36.02 -1.00 -1.00 0 89.4 
36.27 -1.00 -1.00 0 89.4 
36.63 -1.00 -1.00 0 89.4 
36.95 -1.00 -1.00 0 90.4 
37.27 -1.00 -1.00 0 90.4 
37.61 -1.00 -1.00 0 90.4 
37.89 -1.00 -1.00 0 91.3 
38.15 -1.00 -1.00 0 91.3 
38.48 -1.00 -1.00 0 91.3 
38.75 -1.00 -1.00 0 91.3 
39.08 -1.00 -1.00 0 92.0 
39.38 -1.00 -1.00 0 92.0 
39.63 -1.00 -1.00 0 92.0 
39.87 -1.00 -1.00 0 91.4 
40.20 -1.00 -1.00 0 91.4 
40.50 -1.00 -1.00 0 91.4 
40.82 -1.00 -1.00 0 91.4 
41.07 -1.00 -1.00 0 87.4 
41.35 -1.00 -1.00 0 87.4 
41.70 -1.00 -1.00 0 87.4 
41.98 -1.00 -1.00 0 82.8 
42.25 -1.00 -1.00 0 82.8 
42.65 -1.00 -1.00 0 82.8 
42.92 -1.00 -1.00 1 85.2 
43.19 -1.00 -1.00 1 85.2 
43.42 -1.00 -1.00 0 85.2 
43.68 -1.00 -1.00 0 85.2 
44.01 -1.00 -1.00 0 85.2 
44.21 -1.00 -1.00 0 85.2 
44.51 -1.00 -1.00 0 85.2 
44.82 -1.00 -1.00 0 85.2 
45.10 -1.00 -1.00 0 87.2 
45.34 -1.00 -1.00 0 87.2 
45.67 -1.00 -1.00 0 87.2 
45.96 -1.00 -1.00 0 88.1 
46.21 -1.00 -1.00 0 88.1 
46.46 -1.00 -1.00 0 88.1 
46.81 -1.00 -1.00 0 88.1 
47.11 -1.00 -1.00 0 88.7 
47.33 -1.00 -1.00 0 88.7 
47.92 -1.00 -1.00 0 89.0 
48.25 -1.00 -1.00 0 89.0 
48.45 -1.00 -1.00 0 89.0 
48.76 -1.00 -1.00 0 89.0 
49.06 -1.00 -1.00 0 88.1 
49.37 -1.00 -1.00 0 88.1 
49.66 -1.00 -1.00 0 88.1 
49.97 -1.00 -1.00 0 87.7 
50.25 -1.00 -1.00 0 87.7 
50.48 -1.00 -1.00 0 87.7 
50.81 -1.00 -1.00 0 87.7 
51.13 -1.00 -1.00 0 87.6 
51.49 -1.00 -1.00 0 87.6 
51.78 -1.00 -1.00 0 87.6 
52.07 -1.00 -1.00 0 88.3 
52.37 -1.00 -1.00 0 88.3 
52.76 -1.00 -1.00 0 88.3 
53.04 -1.00 -1.00 0 88.3 
53.35 -1.00 -1.00 0 88.3 
53.72 -1.00 -1.00 0 88.3 
53.99 -1.00 -1.00 0 88.8 
54.34 -1.00 -1.00 0 88.8 
54.66 -1.00 -1.00 0 88.8 
54.96 -1.00 -1.00 0 89.9 
55.28 -1.00 -1.00 0 89.9 
55.55 -1.00 -1.00 0 89.9 
55.87 -1.00 -1.00 0 89.9 
56.24 -1.00 -1.00 0 90.4 
56.63 -1.00 -1.00 0 90.4 
56.92 -1.00 -1.00 0 90.5 
57.27 -1.00 -1.00 0 90.5 
57.57 -1.00 -1.00 0 90.5 
57.88 -1.00 -1.00 0 90.5 
58.15 -1.00 -1.00 0 90.9 
58.41 -1.00 -1.00 0 90.9 
58.73 -1.00 -1.00 0 90.9 
58.96 -1.00 -1.00 0 91.3 
59.21 -1.00 -1.00 0 91.3 
59.53 -1.00 -1.00 0 91.3 
59.85 -1.00 -1.00 0 91.3 
60.13 -1.00 -1.00 0 91.7 
60.38 -1.00 -1.00 0 91.7 
60.77 -1.00 -1.00 0 91.7 
61.06 -1.00 -1.00 0 92.3 
61.29 -1.00 -1.00 0 92.3 
61.63 -1.00 -1.00 0 92.3 
61.95 -1.00 -1.00 0 91.1 
62.25 -1.00 -1.00 0 91.1 
62.56 -1.00 -1.00 0 91.1 
62.93 -1.00 -1.00 0 91.1 
63.24 -1.00 -1.00 0 89.1 
63.57 -1.00 -1.00 0 89.1 
63.88 -1.00 -1.00 0 89.1 
64.14 -1.00 -1.00 0 85.8 
64.42 -1.00 -1.00 0 85.8 
64.81 -1.00 -1.00 0 85.8 
65.04 -1.00 -1.00 0 84.0 
65.34 -1.00 -1.00 0 84.0 
65.63 -1.00 -1.00 0 84.0 
65.96 -1.00 -1.00 0 84.5 
66.25 -1.00 -1.00 0 84.5 
66.66 -1.00 -1.00 0 84.5 
66.97 -1.00 -1.00 0 85.6 
67.21 -1.00 -1.00 0 85.6 
67.63 -1.00 -1.00 0 85.6 
67.95 -1.00 -1.00 0 87.3 
68.17 -1.00 -1.00 0 87.3 
68.49 -1.00 -1.00 0 87.3 
68.81 -1.00 -1.00 0 87.3 
69.07 -1.00 -1.00 0 87.5 
69.39 -1.00 -1.00 0 87.5 
69.72 -1.00 -1.00 0 87.5 
70.02 -1.00 -1.00 0 88.2 
70.37 -1.00 -1.00 0 88.2 
70.65 -1.00 -1.00 0 88.2 
70.97 -1.00 -1.00 0 88.5 
71.19 -1.00 -1.00 0 88.5 
71.54 -1.00 -1.00 0 88.5 
71.87 -1.00 -1.00 0 88.5 
72.07 -1.00 -1.00 0 88.3 
72.30 -1.00 -1.00 0 88.3 
72.54 -1.00 -1.00 0 88.3 
72.83 -1.00 -1.00 0 88.3 
73.15 -1.00 -1.00 0 88.5 
73.46 -1.00 -1.00 0 88.5 
73.76 -1.00 -1.00 0 88.5 
74.06 -1.00 -1.00 0 88.5 
74.35 -1.00 -1.00 0 88.5 
74.71 -1.00 -1.00 0 88.5 
75.04 -1.00 -1.00 0 89.0 
75.29 -1.00 -1.00 0 89.0 
75.63 -1.00 -1.00 0 89.0 
75.92 -1.00 -1.00 0 89.3 
76.17 -1.00 -1.00 0 89.3 
76.46 -1.00 -1.00 0 89.3 
76.75 -1.00 -1.00 0 89.3 
77.01 -1.00 -1.00 0 89.6 
77.27 -1.00 -1.00 0 89.6 
77.60 -1.00 -1.00 0 89.6 
77.86 -1.00 -1.00 0 89.2 
78.12 -1.00 -1.00 0 89.2 
78.44 -1.00 -1.00 0 89.2 
78.69 -1.00 -1.00 0 89.2 
78.98 -1.00 -1.00 0 89.3 
79.23 -1.00 -1.00 0 89.3 
79.47 -1.00 -1.00 0 89.3 
79.79 -1.00 -1.00 0 89.3 
80.06 -1.00 -1.00 0 89.5 
80.30 -1.00 -1.00 0 89.5 
80.70 -1.00 -1.00 0 89.5 
81.00 -1.00 -1.00 0 89.7 
81.29 -1.00 -1.00 0 89.7 
81.55 -1.00 -1.00 0 89.7 
81.91 -1.00 -1.00 0 89.7 
82.15 -1.00 -1.00 0 89.4 
82.37 -1.00 -1.00 0 89.4 
82.69 -1.00 -1.00 0 89.4 
82.98 -1.00 -1.00 0 88.6 
83.28 -1.00 -1.00 0 88.6 
83.66 -1.00 -1.00 0 88.6 
83.90 -1.00 -1.00 0 87.0 
84.20 -1.00 -1.00 0 87.0 
84.47 -1.00 -1.00 0 87.0 
84.75 -1.00 -1.00 0 87.0 
85.06 -1.00 -1.00 0 89.8 
85.29 -1.00 -1.00 0 89.8 
85.70 -1.00 -1.00 0 89.8 
85.97 -1.00 -1.00 0 92.5 
86.30 -1.00 -1.00 0 92.5 
86.64 -1.00 -1.00 0 92.5 
86.95 -1.00 -1.00 0 91.0 
87.14 -1.00 -1.00 0 91.0 
87.77 -1.00 -1.00 0 91.0 
88.07 -1.00 -1.00 0 91.3 
88.41 -1.00 -1.00 0 91.3 
88.67 -1.00 -1.00 0 91.3 
88.92 -1.00 -1.00 0 90.7 
89.17 -1.00 -1.00 0 90.7 
89.48 -1.00 -1.00 0 90.7 
89.73 -1.00 -1.00 0 90.7 
90.00 -1.00 -1.00 0 90.7 
90.24 -1.00 -1.00 0 90.7 
90.52 -1.00 -1.00 0 90.7 
90.74 -1.00 -1.00 0 90.7 
91.03 -1.00 -1.00 0 91.0 
91.23 -1.00 -1.00 0 91.0 
91.46 -1.00 -1.00 0 91.0 
91.82 -1.00 -1.00 0 91.0 
92.09 -1.00 -1.00 0 91.6 
92.33 -1.00 -1.00 0 91.6 
92.64 -1.00 -1.00 0 91.6 
92.87 -1.00 -1.00 0 92.2 
93.15 -1.00 -1.00 0 92.2 
93.43 -1.00 -1.00 0 92.2 
93.71 -1.00 -1.00 0 92.2 
93.97 -1.00 -1.00 0 92.3 
94.23 -1.00 -1.00 0 92.3 
94.50 -1.00 -1.00 0 92.3 
94.87 -1.00 -1.00 0 92.3 
95.19 -1.00 -1.00 0 92.8 
95.40 -1.00 -1.00 0 92.8 
95.73 -1.00 -1.00 0 92.8 
95.99 -1.00 -1.00 0 92.7 
96.25 -1.00 -1.00 0 92.7 
96.52 -1.00 -1.00 0 92.7 
96.89 -1.00 -1.00 0 92.7 
97.13 -1.00 -1.00 0 92.2 
97.40 -1.00 -1.00 0 92.2 
97.77 -1.00 -1.00 0 92.2 
98.03 -1.00 -1.00 0 90.4 
98.32 -1.00 -1.00 0 90.4 
98.65 -1.00 -1.00 0 90.4 
98.92 -1.00 -1.00 0 91.4 
99.21 -1.00 -1.00 0 91.4 
99.41 -1.00 -1.00 0 91.4 
99.74 -1.00 -1.00 0 91.4 
100.04 -1.00 -1.00 0 92.3 
100.27 -1.00 -1.00 0 92.3 
100.68 -1.00 -1.00 0 92.3 
100.97 -1.00 -1.00 0 91.7 
101.24 -1.00 -1.00 0 91.7 
101.54 -1.00 -1.00 0 91.7 
101.80 -1.00 -1.00 0 91.7 
102.10 -1.00 -1.00 0 91.1 
102.37 -1.00 -1.00 0 91.1 
102.72 -1.00 -1.00 0 91.1 
102.98 -1.00 -1.00 0 89.8 
103.24 -1.00 -1.00 0 89.8 
103.54 -1.00 -1.00 0 89.8 
103.87 -1.00 -1.00 0 89.8 
104.17 -1.00 -1.00 0 89.2 
104.48 -1.00 -1.00 0 89.2 
104.80 -1.00 -1.00 0 89.2 
105.06 -1.00 -1.00 0 89.2 
105.29 -1.00 -1.00 0 89.2 
105.51 -1.00 -1.00 0 89.2 
105.76 -1.00 -1.00 0 89.2 
106.06 -1.00 -1.00 0 89.2 
106.28 -1.00 -1.00 0 89.2 
106.55 -1.00 -1.00 0 89.2 
106.86 -1.00 -1.00 0 89.2 
107.14 -1.00 -1.00 0 89.4 
107.36 -1.00 -1.00 0 89.4 
107.68 -1.00 -1.00 0 89.4 
107.87 -1.00 -1.00 0 90.1 
108.18 -1.00 -1.00 0 90.1 
108.43 -1.00 -1.00 0 90.1 
108.74 -1.00 -1.00 0 90.1 
108.97 -1.00 -1.00 0 89.9 
109.28 -1.00 -1.00 0 89.9 
109.52 -1.00 -1.00 0 89.9 
109.79 -1.00 -1.00 0 89.9 
110.06 -1.00 -1.00 0 89.4 
110.26 -1.00 -1.00 0 89.4 
110.49 -1.00 -1.00 0 89.4 
110.76 -1.00 -1.00 0 89.4 
110.95 -1.00 -1.00 0 89.7 
111.22 -1.00 -1.00 0 89.7 
111.50 -1.00 -1.00 0 89.7 
111.82 -1.00 -1.00 0 89.7 
112.07 -1.00 -1.00 0 89.7 
112.37 -1.00 -1.00 0 89.7 
112.70 -1.00 -1.00 0 89.7 
113.02 -1.00 -1.00 0 90.0 
113.22 -1.00 -1.00 0 90.0 
113.51 -1.00 -1.00 0 90.0 
113.85 -1.00 -1.00 0 90.0 
114.15 -1.00 -1.00 0 90.8 
114.35 -1.00 -1.00 0 90.8 
114.66 -1.00 -1.00 0 90.8 
114.89 -1.00 -1.00 0 91.0 
115.13 -1.00 -1.00 0 91.0 
115.38 -1.00 -1.00 0 91.0 
115.73 -1.00 -1.00 0 91.0 
116.01 -1.00 -1.00 0 89.4 
116.31 -1.00 -1.00 0 89.4 
116.72 -1.00 -1.00 0 89.4 
116.98 -1.00 -1.00 0 91.0 
117.24 -1.00 -1.00 0 91.0 
117.86 -1.00 -1.00 0 91.0 
118.09 -1.00 -1.00 0 90.9 
118.40 -1.00 -1.00 0 90.9 
118.72 -1.00 -1.00 0 90.9 
119.02 -1.00 -1.00 0 89.6 
119.27 -1.00 -1.00 0 89.6 
119.65 -1.00 -1.00 0 89.6 
119.94 -1.00 -1.00 0 91.2 
120.26 -1.00 -1.00 0 91.2 
120.52 -1.00 -1.00 0 91.2 
120.88 -1.00 -1.00 0 91.2 
121.19 -1.00 -1.00 0 91.4 
121.41 -1.00 -1.00 0 91.4 
121.76 -1.00 -1.00 0 91.4 
122.00 -1.00 -1.00 0 91.5 
122.33 -1.00 -1.00 0 91.5 
122.55 -1.00 -1.00 0 91.5 
122.91 -1.00 -1.00 0 91.5 
123.13 -1.00 -1.00 0 91.4 
123.48 -1.00 -1.00 0 91.4 
123.80 -1.00 -1.00 0 91.4 
124.09 -1.00 -1.00 0 90.8 
124.46 -1.00 -1.00 0 90.8 
124.81 -1.00 -1.00 0 90.8 
125.05 -1.00 -1.00 0 91.4 
125.40 -1.00 -1.00 0 91.4 
125.70 -1.00 -1.00 0 91.4 
126.03 -1.00 -1.00 0 90.8 
126.33 -1.00 -1.00 0 90.8 
126.55 -1.00 -1.00 0 90.8 
126.84 -1.00 -1.00 0 88.1 
127.07 -1.00 -1.00 0 88.1 
127.37 -1.00 -1.00 0 88.1 
127.61 -1.00 -1.00 0 88.1 
127.85 -1.00 -1.00 0 88.0 
128.10 -1.00 -1.00 0 88.0 
128.34 -1.00 -1.00 0 88.0 
128.69 -1.00 -1.00 0 88.0 
128.94 -1.00 -1.00 0 88.3 
129.18 -1.00 -1.00 0 88.3 
129.44 -1.00 -1.00 0 88.3 
129.75 -1.00 -1.00 0 88.3 
130.06 -1.00 -1.00 0 88.6 
130.37 -1.00 -1.00 0 88.6 
130.57 -1.00 -1.00 0 88.6 
130.87 -1.00 -1.00 0 88.6 
131.20 -1.00 -1.00 0 89.7 
131.46 -1.00 -1.00 0 89.7 
131.77 -1.00 -1.00 0 89.7 
132.06 -1.00 -1.00 0 90.1 
132.35 -1.00 -1.00 0 90.1 
132.61 -1.00 -1.00 0 90.1 
132.88 -1.00 -1.00 0 89.7 
133.18 -1.00 -1.00 0 89.7 
133.42 -1.00 -1.00 0 89.7 
133.80 -1.00 -1.00 0 89.7 
134.03 -1.00 -1.00 0 90.4 
134.30 -1.00 -1.00 0 90.4 
134.65 -1.00 -1.00 0 90.4 
134.94 -1.00 -1.00 0 90.9 
135.20 -1.00 -1.00 0 90.9 
135.44 -1.00 -1.00 0 90.9 
135.84 -1.00 -1.00 0 90.9 
136.07 -1.00 -1.00 0 90.9 
136.38 -1.00 -1.00 0 90.9 
136.62 -1.00 -1.00 0 90.9 
136.99 -1.00 -1.00 0 88.6 
137.29 -1.00 -1.00 0 88.6 
137.66 -1.00 -1.00 0 88.6 
137.98 -1.00 -1.00 0 86.8 
138.24 -1.00 -1.00 0 86.8 
138.50 -1.00 -1.00 0 86.8 
138.92 -1.00 -1.00 0 86.8 
139.26 -1.00 -1.00 0 87.2 
139.50 -1.00 -1.00 0 87.2 
139.90 -1.00 -1.00 0 87.2 
140.21 -1.00 -1.00 0 86.6 
140.48 -1.00 -1.00 0 86.6 
140.94 -1.00 -1.00 0 86.6 
141.18 -1.00 -1.00 0 86.9 
141.52 -1.00 -1.00 0 86.9 
141.84 -1.00 -1.00 0 86.9 
142.14 -1.00 -1.00 0 84.9 
142.34 -1.00 -1.00 0 84.9 
142.68 -1.00 -1.00 0 84.9 
142.98 -1.00 -1.00 0 84.4 
143.29 -1.00 -1.00 0 84.4 
143.58 -1.00 -1.00 0 84.4 
143.90 -1.00 -1.00 0 84.9 
144.17 -1.00 -1.00 0 84.9 
144.42 -1.00 -1.00 0 84.9 
144.79 -1.00 -1.00 0 84.9 
145.14 -1.00 -1.00 0 86.4 
145.40 -1.00 -1.00 0 86.4 
145.79 -1.00 -1.00 0 86.4 
146.03 -1.00 -1.00 0 85.7 
146.34 -1.00 -1.00 0 85.7 
146.64 -1.00 -1.00 0 85.7 
146.94 -1.00 -1.00 0 86.0 
147.25 -1.00 -1.00 0 86.0 
147.83 -1.00 -1.00 0 86.0 
148.11 -1.00 -1.00 0 86.2 
148.44 -1.00 -1.00 0 86.2 
148.80 -1.00 -1.00 0 86.2 
149.13 -1.00 -1.00 0 87.2 
149.38 -1.00 -1.00 0 87.2 
149.70 -1.00 -1.00 0 87.2 
149.95 -1.00 -1.00 0 87.7 
150.24 -1.00 -1.00 0 87.7 
150.52 -1.00 -1.00 0 87.7 
150.84 -1.00 -1.00 0 87.7 
151.09 -1.00 -1.00 0 87.4 
151.38 -1.00 -1.00 0 87.4 
151.68 -1.00 -1.00 0 87.4 
151.87 -1.00 -1.00 0 87.1 
152.15 -1.00 -1.00 0 87.1 
152.46 -1.00 -1.00 0 87.1 
152.76 -1.00 -1.00 0 87.1 
153.01 -1.00 -1.00 0 86.1 
153.25 -1.00 -1.00 0 86.1 
153.52 -1.00 -1.00 0 86.1 
153.83 -1.00 -1.00 0 86.1 
154.11 -1.00 -1.00 0 85.0 
154.30 -1.00 -1.00 0 85.0 
154.55 -1.00 -1.00 0 85.0 
154.81 -1.00 -1.00 0 85.0 
155.02 -1.00 -1.00 0 82.4 
155.33 -1.00 -1.00 0 82.4 
155.68 -1.00 -1.00 0 82.4 
155.87 -1.00 -1.00 0 83.3 
156.13 -1.00 -1.00 0 83.3 
156.33 -1.00 -1.00 0 83.3 
156.70 -1.00 -1.00 0 83.3 
156.97 -1.00 -1.00 0 81.6 
157.20 -1.00 -1.00 0 81.6 
157.78 -1.00 -1.00 0 81.6 
158.02 -1.00 -1.00 0 81.1 
158.32 -1.00 -1.00 0 81.1 
158.55 -1.00 -1.00 0 81.1 
158.82 -1.00 -1.00 0 81.1 
159.10 -1.00 -1.00 0 81.7 
159.39 -1.00 -1.00 0 81.7 
159.72 -1.00 -1.00 0 81.7 
159.91 -1.00 -1.00 0 79.5 
160.15 -1.00 -1.00 0 79.5 
160.37 -1.00 -1.00 0 79.5 
160.72 -1.00 -1.00 0 79.5 
161.00 -1.00 -1.00 0 78.2 
161.25 -1.00 -1.00 0 78.2 
161.56 -1.00 -1.00 0 78.2 
161.87 -1.00 -1.00 0 78.2 
162.08 -1.00 -1.00 0 79.1 
162.33 -1.00 -1.00 0 79.1 
162.67 -1.00 -1.00 0 79.1 
162.85 -1.00 -1.00 0 82.0 
163.15 -1.00 -1.00 0 82.0 
163.35 -1.00 -1.00 0 82.0 
163.61 -1.00 -1.00 0 82.0 
163.89 -1.00 -1.00 0 81.1 
164.20 -1.00 -1.00 0 81.1 
164.36 -1.00 -1.00 0 81.1 
164.68 -1.00 -1.00 0 81.1 
164.95 -1.00 -1.00 0 81.0 
165.18 -1.00 -1.00 0 81.0 
165.42 -1.00 -1.00 0 81.0 
165.88 -1.00 -1.00 0 81.0 
166.20 -1.00 -1.00 0 81.5 
166.52 -1.00 -1.00 0 81.5 
166.82 -1.00 -1.00 0 81.5 
167.04 -1.00 -1.00 0 84.3 
167.32 -1.00 -1.00 0 84.3 
167.84 -1.00 -1.00 0 85.6 
168.14 -1.00 -1.00 0 85.6 
168.44 -1.00 -1.00 0 85.6 
168.82 -1.00 -1.00 0 85.6 
169.05 -1.00 -1.00 0 84.6 
169.31 -1.00 -1.00 0 84.6 
169.55 -1.00 -1.00 0 84.6 
169.90 -1.00 -1.00 0 84.6 
170.09 -1.00 -1.00 0 84.0 
170.37 -1.00 -1.00 0 84.0 
170.62 -1.00 -1.00 0 84.0 
170.93 -1.00 -1.00 0 86.6 
171.21 -1.00 -1.00 0 86.6 
171.46 -1.00 -1.00 0 86.6 
171.80 -1.00 -1.00 0 86.6 
172.13 -1.00 -1.00 0 86.8 
172.37 -1.00 -1.00 0 86.8 
172.67 -1.00 -1.00 0 86.8 
172.99 -1.00 -1.00 0 86.5 
173.25 -1.00 -1.00 0 86.5 
173.61 -1.00 -1.00 0 86.5 
173.95 -1.00 -1.00 0 87.6 
174.25 -1.00 -1.00 0 87.6 
174.65 -1.00 -1.00 0 87.6 
174.92 -1.00 -1.00 0 86.9 
175.19 -1.00 -1.00 0 86.9 
175.53 -1.00 -1.00 0 86.9 
175.81 -1.00 -1.00 0 86.9 
176.12 -1.00 -1.00 0 86.3 
176.37 -1.00 -1.00 0 86.3 
176.65 -1.00 -1.00 0 86.3 
176.97 -1.00 -1.00 0 86.3 
177.20 -1.00 -1.00 0 86.3 
177.54 -1.00 -1.00 0 86.3 
177.86 -1.00 -1.00 0 86.3 
178.09 -1.00 -1.00 0 85.7 
178.44 -1.00 -1.00 0 85.7 
178.74 -1.00 -1.00 0 85.7 
179.04 -1.00 -1.00 0 83.8 
179.29 -1.00 -1.00 0 83.8 
179.49 -1.00 -1.00 1 83.8 
179.81 -1.00 -1.00 1 83.8 
180.10 -1.00 -1.00 0 82.7 
180.38 -1.00 -1.00 0 82.7 
180.73 -1.00 -1.00 0 82.7 
180.98 -1.00 -1.00 0 82.4 
181.22 -1.00 -1.00 1 82.4 
181.53 -1.00 -1.00 1 82.4 
181.86 40.86 1.79 1 82.4 
182.11 41.16 1.81 1 82.1 
182.37 42.39 1.86 1 82.1 
182.68 45.19 1.98 1 82.1 
182.94 46.86 2.04 1 82.6 
183.24 -1.00 -1.00 1 82.6 
183.49 49.10 2.14 1 82.6 
183.86 50.51 2.20 1 82.6 
184.06 50.97 2.29 1 80.1 
184.36 51.41 2.31 1 80.1 
184.72 51.79 2.33 1 80.1 
185.02 52.12 2.31 1 81.3 
185.27 52.43 2.32 1 81.3 
185.53 -1.00 -1.00 0 81.3 
185.81 -1.00 -1.00 0 81.3 
186.07 -1.00 -1.00 0 79.6 
186.41 -1.00 -1.00 0 79.6 
186.76 -1.00 -1.00 0 79.6 
187.09 -1.00 -1.00 0 80.4 
187.40 -1.00 -1.00 0 80.4 
187.99 -1.00 -1.00 0 81.1 
188.24 -1.00 -1.00 0 81.1 
188.64 -1.00 -1.00 0 81.1 
188.91 -1.00 -1.00 0 82.4 
189.22 -1.00 -1.00 1 82.4 
189.51 -1.00 -1.00 1 82.4 
189.86 -1.00 -1.00 1 82.4 
190.12 -1.00 -1.00 1 82.1 
190.43 -1.00 -1.00 1 82.1 
190.76 -1.00 -1.00 1 82.1 
191.08 -1.00 -1.00 1 82.7 
191.38 -1.00 -1.00 1 82.7 
191.75 -1.00 -1.00 1 82.7 
192.09 -1.00 -1.00 1 82.3 
192.38 -1.00 -1.00 1 82.3 
192.79 -1.00 -1.00 1 82.3 
193.12 17.72 0.75 1 85.5 
193.45 19.08 0.80 1 85.5 
193.81 20.41 0.86 1 85.5 
194.06 22.05 0.90 1 88.6 
194.39 22.82 0.93 1 88.6 
194.75 24.33 0.99 1 88.6 
195.04 25.24 1.07 1 85.2 
195.34 26.30 1.11 1 85.2 
195.75 27.54 1.16 1 85.2 
196.02 28.96 1.24 1 84.2 
196.28 29.75 1.27 1 84.2 
196.59 32.38 1.38 1 84.2 
196.85 34.52 1.47 1 84.8 
197.13 35.73 1.52 1 84.8 
197.81 39.39 1.67 1 84.8 
198.05 41.92 1.73 1 87.0 
198.39 43.29 1.79 1 87.0 
198.75 45.24 1.87 1 87.0 
199.05 47.91 2.08 1 82.8 
199.37 49.23 2.14 1 82.8 
199.74 51.32 2.23 1 82.8 
199.95 52.21 2.19 1 85.7 
200.31 53.92 2.26 1 85.7 
200.51 54.50 2.29 1 85.7 
200.90 -1.00 -1.00 0 85.7 
201.14 -1.00 -1.00 0 85.3 
201.40 -1.00 -1.00 0 85.3 
201.75 -1.00 -1.00 0 85.3 
202.06 -1.00 -1.00 0 86.0 
202.30 -1.00 -1.00 0 86.0 
202.67 -1.00 -1.00 0 86.0 
202.90 -1.00 -1.00 0 84.8 
203.22 -1.00 -1.00 0 84.8 
203.53 -1.00 -1.00 0 84.8 
203.84 -1.00 -1.00 0 84.8 
204.08 -1.00 -1.00 0 85.9 
204.41 -1.00 -1.00 0 85.9 
204.63 -1.00 -1.00 0 85.9 
204.87 -1.00 -1.00 0 84.5 
205.09 -1.00 -1.00 0 84.5 
205.39 -1.00 -1.00 0 84.5 
205.72 -1.00 -1.00 0 84.5 
206.04 -1.00 -1.00 0 84.5 
206.37 -1.00 -1.00 0 84.5 
206.72 -1.00 -1.00 0 84.5 
207.03 -1.00 -1.00 0 83.8 
207.35 -1.00 -1.00 0 83.8 
207.69 -1.00 -1.00 0 83.8 
208.02 -1.00 -1.00 0 83.8 
208.31 -1.00 -1.00 0 83.8 
208.55 -1.00 -1.00 0 83.8 
208.94 -1.00 -1.00 0 83.8 
209.21 -1.00 -1.00 0 85.1 
209.56 -1.00 -1.00 0 85.1 
209.85 -1.00 -1.00 0 85.1 
210.21 -1.00 -1.00 0 86.1 
210.42 -1.00 -1.00 0 86.1 
210.71 -1.00 -1.00 0 86.1 
211.04 -1.00 -1.00 0 86.1 
211.31 -1.00 -1.00 0 86.1 
211.63 -1.00 -1.00 0 86.1 
211.92 -1.00 -1.00 0 86.8 
212.22 -1.00 -1.00 0 86.8 
212.61 -1.00 -1.00 0 86.8 
212.90 -1.00 -1.00 0 87.6 
213.19 -1.00 -1.00 0 87.6 
213.51 -1.00 -1.00 0 87.6 
213.91 -1.00 -1.00 0 87.6 
214.13 -1.00 -1.00 0 86.9 
214.43 -1.00 -1.00 0 86.9 
214.76 -1.00 -1.00 0 86.9 
215.03 -1.00 -1.00 0 86.6 
215.29 -1.00 -1.00 0 86.6 
215.70 -1.00 -1.00 0 86.6 
215.93 -1.00 -1.00 0 86.4 
216.28 -1.00 -1.00 0 86.4 
216.57 -1.00 -1.00 0 86.4 
216.95 -1.00 -1.00 0 86.4 
217.25 -1.00 -1.00 0 86.3 
217.87 -1.00 -1.00 0 86.3 
218.16 -1.00 -1.00 0 86.0 
218.60 -1.00 -1.00 0 86.0 
218.90 -1.00 -1.00 0 86.0 
219.20 -1.00 -1.00 0 86.0 
219.59 -1.00 -1.00 0 86.0 
219.89 -1.00 -1.00 0 86.1 
220.20 -1.00 -1.00 0 86.1 
220.54 -1.00 -1.00 0 86.1 
220.88 -1.00 -1.00 0 86.1 
221.13 -1.00 -1.00 0 85.8 
221.43 -1.00 -1.00 0 85.8 
221.81 -1.00 -1.00 0 85.8 
222.08 -1.00 -1.00 0 85.5 
222.32 -1.00 -1.00 0 85.5 
222.69 -1.00 -1.00 0 85.5 
222.95 -1.00 -1.00 0 85.4 
223.27 -1.00 -1.00 0 85.4 
223.64 -1.00 -1.00 0 85.4 
223.90 -1.00 -1.00 0 85.3 
224.18 -1.00 -1.00 0 85.3 
224.39 -1.00 -1.00 0 85.3 
224.60 -1.00 -1.00 0 85.3 
224.95 -1.00 -1.00 0 85.3 
225.24 -1.00 -1.00 0 85.1 
225.53 -1.00 -1.00 0 85.1 
225.83 -1.00 -1.00 0 85.1 
226.17 -1.00 -1.00 0 85.0 
226.38 -1.00 -1.00 0 85.0 
226.78 -1.00 -1.00 0 85.0 
227.09 -1.00 -1.00 0 84.7 
227.85 -1.00 -1.00 0 84.7 
228.13 -1.00 -1.00 0 84.2 
228.44 -1.00 -1.00 0 84.2 
228.77 -1.00 -1.00 0 84.2 
229.06 -1.00 -1.00 0 84.0 
229.36 -1.00 -1.00 0 84.0 
229.61 -1.00 -1.00 0 84.0 
230.01 -1.00 -1.00 0 83.1 
230.25 -1.00 -1.00 0 83.1 
230.59 -1.00 -1.00 0 83.1 
230.86 -1.00 -1.00 0 83.1 
231.10 -1.00 -1.00 0 83.1 
231.30 -1.00 -1.00 0 83.1 
231.65 -1.00 -1.00 0 83.1 
231.98 -1.00 -1.00 0 82.3 
232.30 -1.00 -1.00 0 82.3 
232.49 -1.00 -1.00 0 82.3 
232.82 -1.00 -1.00 0 82.3 
233.15 -1.00 -1.00 0 82.4 
233.36 -1.00 -1.00 0 82.4 
233.69 -1.00 -1.00 0 82.4 
234.02 -1.00 -1.00 0 82.4 
234.37 -1.00 -1.00 0 82.4 
234.72 -1.00 -1.00 0 82.4 
235.06 -1.00 -1.00 0 82.1 
235.32 -1.00 -1.00 0 82.1 
235.68 -1.00 -1.00 0 82.1 
236.02 -1.00 -1.00 0 82.2 
236.23 -1.00 -1.00 0 82.2 
236.61 -1.00 -1.00 0 82.2 
236.94 -1.00 -1.00 0 82.4 
237.30 -1.00 -1.00 0 82.4 
237.88 -1.00 -1.00 0 82.4 
238.20 -1.00 -1.00 0 82.4 
238.54 -1.00 -1.00 0 82.4 
238.94 -1.00 -1.00 0 82.4 
239.18 -1.00 -1.00 0 82.5 
239.54 -1.00 -1.00 0 82.5 
239.89 -1.00 -1.00 0 82.5 
240.21 -1.00 -1.00 0 82.7 
240.51 -1.00 -1.00 1 82.7 
240.91 -1.00 -1.00 1 82.7 
241.24 -1.00 -1.00 1 83.2 
241.63 20.13 0.87 1 83.2 
241.96 22.54 0.98 1 82.8 
242.29 27.07 1.18 1 82.8 
242.52 30.71 1.33 1 82.8 
242.86 33.80 1.47 1 82.8 
243.11 35.12 1.53 1 82.9 
243.44 38.53 1.67 1 82.9 
243.79 46.06 2.00 1 82.9 
244.04 54.75 2.38 1 82.8 
244.29 59.28 2.58 1 82.8 
244.68 60.50 2.63 1 82.8 
244.95 67.07 2.90 1 83.4 
245.17 70.29 3.04 1 83.4 
245.49 73.24 3.16 1 83.4 
245.76 75.97 3.28 1 83.4 
246.02 80.86 3.51 1 82.9 
246.23 -1.00 -1.00 0 82.9 
246.51 -1.00 -1.00 0 82.9 
246.85 -1.00 -1.00 0 82.9 
247.10 -1.00 -1.00 0 83.1 
247.28 -1.00 -1.00 0 83.1 
247.87 -1.00 -1.00 0 83.1 
248.07 -1.00 -1.00 0 82.7 
248.39 -1.00 -1.00 0 82.7 
248.76 -1.00 -1.00 0 82.7 
249.04 -1.00 -1.00 0 82.4 
249.38 -1.00 -1.00 0 82.4 
249.72 -1.00 -1.00 0 82.4 
250.00 -1.00 -1.00 0 83.4 
250.21 -1.00 -1.00 0 83.4 
250.55 -1.00 -1.00 0 83.4 
250.82 -1.00 -1.00 0 83.4 
251.11 -1.00 -1.00 0 83.2 
251.42 -1.00 -1.00 0 83.2 
251.73 -1.00 -1.00 0 83.2 
252.04 -1.00 -1.00 0 82.5 
252.28 -1.00 -1.00 0 82.5 
252.61 -1.00 -1.00 0 82.5 
252.91 -1.00 -1.00 0 83.1 
253.18 -1.00 -1.00 0 83.1 
253.49 -1.00 -1.00 0 83.1 
253.84 -1.00 -1.00 0 83.1 
254.04 -1.00 -1.00 0 82.7 
254.34 -1.00 -1.00 0 82.7 
254.53 -1.00 -1.00 0 82.7 
254.83 -1.00 -1.00 0 82.7 
255.07 -1.00 -1.00 0 83.0 
255.38 -1.00 -1.00 0 83.0 
255.64 -1.00 -1.00 0 83.0 
255.98 -1.00 -1.00 1 83.2 
256.30 -1.00 -1.00 0 83.2 
256.67 -1.00 -1.00 0 83.2 
256.96 -1.00 -1.00 1 82.6 
257.27 -1.00 -1.00 0 82.6 
257.88 -1.00 -1.00 0 82.6 
258.14 -1.00 -1.00 0 83.2 
258.46 -1.00 -1.00 0 83.2 
258.80 -1.00 -1.00 0 83.2 
259.05 -1.00 -1.00 0 82.8 
259.37 -1.00 -1.00 0 82.8 
259.74 -1.00 -1.00 0 82.8 
259.97 -1.00 -1.00 0 83.2 
260.23 -1.00 -1.00 0 83.2 
260.55 -1.00 -1.00 0 83.2 
260.85 -1.00 -1.00 0 83.2 
261.15 -1.00 -1.00 0 82.8 
261.36 -1.00 -1.00 0 82.8 
261.68 -1.00 -1.00 0 82.8 
261.96 -1.00 -1.00 0 84.0 
262.24 -1.00 -1.00 0 84.0 
262.50 -1.00 -1.00 0 84.0 
262.85 -1.00 -1.00 0 84.0 
263.15 -1.00 -1.00 0 82.5 
263.35 -1.00 -1.00 0 82.5 
263.73 -1.00 -1.00 0 82.5 
264.02 -1.00 -1.00 0 82.3 
264.31 -1.00 -1.00 0 82.3 
264.50 -1.00 -1.00 0 82.3 
264.79 -1.00 -1.00 0 82.3 
265.10 -1.00 -1.00 0 82.5 
265.34 -1.00 -1.00 0 82.5 
265.66 -1.00 -1.00 0 82.5 
265.93 -1.00 -1.00 0 82.7 
266.23 -1.00 -1.00 0 82.7 
266.44 -1.00 -1.00 0 82.7 
266.78 -1.00 -1.00 0 82.7 
267.02 -1.00 -1.00 0 83.7 
267.33 -1.00 -1.00 0 83.7 
267.87 -1.00 -1.00 0 82.8 
268.13 -1.00 -1.00 0 82.8 
268.44 -1.00 -1.00 0 82.8 
268.75 -1.00 -1.00 0 82.8 
268.99 -1.00 -1.00 0 82.9 
269.26 -1.00 -1.00 0 82.9 
269.54 -1.00 -1.00 0 82.9 
269.81 -1.00 -1.00 0 82.9 
270.05 -1.00 -1.00 0 83.3 
270.38 -1.00 -1.00 0 83.3 
270.74 -1.00 -1.00 0 83.3 
270.99 -1.00 -1.00 0 84.1 
271.32 -1.00 -1.00 0 84.1 
271.67 -1.00 -1.00 0 84.1 
272.01 -1.00 -1.00 0 85.2 
272.35 -1.00 -1.00 0 85.2 
272.72 -1.00 -1.00 0 85.2 
272.96 -1.00 -1.00 0 83.8 
273.24 -1.00 -1.00 0 83.8 
273.46 -1.00 -1.00 0 83.8 
273.80 -1.00 -1.00 0 83.8 
274.12 -1.00 -1.00 0 84.3 
274.41 -1.00 -1.00 0 84.3 
274.79 -1.00 -1.00 0 84.3 
275.08 -1.00 -1.00 0 87.4 
275.33 -1.00 -1.00 0 87.4 
275.66 -1.00 -1.00 0 87.4 
275.95 -1.00 -1.00 0 87.8 
276.27 -1.00 -1.00 0 87.8 
276.53 -1.00 -1.00 0 87.8 
276.86 -1.00 -1.00 0 87.8 
277.09 -1.00 -1.00 0 86.9 
277.79 -1.00 -1.00 0 86.9 
278.13 -1.00 -1.00 0 85.4 
278.45 -1.00 -1.00 0 85.4 
278.81 -1.00 -1.00 0 85.4 
279.11 -1.00 -1.00 0 84.1 
279.43 -1.00 -1.00 0 84.1 
279.80 -1.00 -1.00 0 84.1 
280.13 -1.00 -1.00 0 83.8 
280.45 -1.00 -1.00 0 83.8 
280.70 -1.00 -1.00 0 83.8 
281.04 -1.00 -1.00 0 85.2 
281.35 -1.00 -1.00 0 85.2 
281.65 -1.00 -1.00 0 85.2 
281.97 -1.00 -1.00 0 87.1 
282.22 -1.00 -1.00 0 87.1 
282.51 -1.00 -1.00 0 87.1 
282.87 -1.00 -1.00 0 87.1 
283.17 -1.00 -1.00 0 88.2 
283.48 -1.00 -1.00 0 88.2 
283.84 -1.00 -1.00 0 88.2 
284.13 -1.00 -1.00 0 88.9 
284.40 -1.00 -1.00 0 88.9 
284.73 -1.00 -1.00 0 88.9 
285.03 -1.00 -1.00 0 87.8 
285.35 -1.00 -1.00 0 87.8 
285.70 -1.00 -1.00 0 87.8 
286.04 -1.00 -1.00 0 86.4 
286.32 -1.00 -1.00 0 86.4 
286.70 -1.00 -1.00 0 86.4 
287.03 -1.00 -1.00 0 84.5 
287.32 -1.00 -1.00 0 84.5 
287.65 -1.00 -1.00 0 84.5 
287.94 -1.00 -1.00 0 85.9 
288.18 -1.00 -1.00 0 85.9 
288.41 -1.00 -1.00 0 85.9 
288.78 -1.00 -1.00 0 85.9 
289.02 -1.00 -1.00 0 87.8 
289.34 -1.00 -1.00 0 87.8 
289.72 -1.00 -1.00 0 87.8 
290.02 -1.00 -1.00 0 88.2 
290.28 -1.00 -1.00 0 88.2 
290.68 -1.00 -1.00 0 88.2 
290.90 -1.00 -1.00 0 87.4 
291.22 -1.00 -1.00 0 87.4 
291.62 -1.00 -1.00 0 87.4 
291.90 -1.00 -1.00 0 87.3 
292.21 -1.00 -1.00 0 87.3 
292.51 -1.00 -1.00 0 87.3 
292.87 -1.00 -1.00 0 87.3 
293.17 -1.00 -1.00 0 89.4 
293.48 -1.00 -1.00 0 89.4 
293.85 -1.00 -1.00 0 89.4 
294.21 -1.00 -1.00 0 91.0 
294.61 -1.00 -1.00 0 91.0 
294.95 -1.00 -1.00 0 92.3 
295.24 -1.00 -1.00 0 92.3 
295.62 -1.00 -1.00 0 92.3 
295.97 -1.00 -1.00 0 91.4 
296.34 -1.00 -1.00 0 91.4 
296.68 -1.00 -1.00 0 91.4 
297.11 -1.00 -1.00 0 89.8 
297.38 -1.00 -1.00 0 89.8 
297.69 -1.00 -1.00 0 89.8 
298.04 -1.00 -1.00 0 87.7 
298.28 -1.00 -1.00 0 87.7 
298.66 -1.00 -1.00 0 87.7 
298.95 -1.00 -1.00 0 87.6 
299.25 -1.00 -1.00 0 87.6 
299.51 -1.00 -1.00 0 87.6 
299.80 -1.00 -1.00 0 87.6 
300.05 -1.00 -1.00 0 89.6 
300.35 -1.00 -1.00 0 89.6 
300.59 -1.00 -1.00 0 89.6 
300.95 -1.00 -1.00 0 91.2 
301.22 -1.00 -1.00 0 91.2 
301.53 -1.00 -1.00 0 91.2 
301.83 -1.00 -1.00 0 91.2 
302.07 -1.00 -1.00 0 92.0 
302.37 -1.00 -1.00 0 92.0 
302.69 -1.00 -1.00 0 92.0 
302.95 -1.00 -1.00 0 92.4 
303.29 -1.00 -1.00 0 92.4 
303.53 -1.00 -1.00 0 92.4 
303.81 -1.00 -1.00 0 92.4 
304.14 -1.00 -1.00 0 91.8 
304.45 -1.00 -1.00 0 91.8 
304.92 -1.00 -1.00 0 91.8 
305.19 -1.00 -1.00 0 91.4 
305.52 -1.00 -1.00 0 91.4 
305.88 -1.00 -1.00 0 91.4 
306.25 -1.00 -1.00 0 91.2 
306.65 -1.00 -1.00 0 91.2 
307.01 -1.00 -1.00 0 92.0 
307.30 -1.00 -1.00 0 92.0 
307.78 -1.00 -1.00 0 92.0 
308.13 -1.00 -1.00 0 93.1 
308.53 -1.00 -1.00 0 93.1 
309.02 -1.00 -1.00 0 93.1 
309.33 -1.00 -1.00 0 93.7 
309.69 -1.00 -1.00 0 93.7 
309.95 -1.00 -1.00 0 92.5 
310.29 -1.00 -1.00 0 92.5 
310.62 -1.00 -1.00 0 92.5 
310.89 -1.00 -1.00 0 94.0 
311.13 -1.00 -1.00 0 94.0 
311.46 -1.00 -1.00 0 94.0 
311.76 -1.00 -1.00 0 94.0 
312.01 -1.00 -1.00 0 93.9 
312.33 -1.00 -1.00 0 93.9 
312.56 -1.00 -1.00 0 93.9 
312.92 -1.00 -1.00 0 93.9 
313.22 -1.00 -1.00 0 92.0 
313.52 -1.00 -1.00 0 92.0 
313.87 -1.00 -1.00 0 92.0 
314.13 -1.00 -1.00 0 91.6 
314.36 -1.00 -1.00 0 91.6 
314.75 -1.00 -1.00 0 91.6 
314.98 -1.00 -1.00 0 92.4 
315.29 -1.00 -1.00 0 92.4 
315.66 -1.00 -1.00 0 92.4 
315.96 -1.00 -1.00 0 93.6 
316.18 -1.00 -1.00 0 93.6 
316.63 -1.00 -1.00 0 93.6 
316.95 -1.00 -1.00 0 95.3 
317.27 -1.00 -1.00 0 95.3 
317.78 -1.00 -1.00 0 95.3 
318.03 -1.00 -1.00 0 96.7 
318.32 -1.00 -1.00 0 96.7 
318.57 -1.00 -1.00 0 96.7 
318.86 -1.00 -1.00 0 96.7 
319.13 -1.00 -1.00 0 98.5 
319.47 -1.00 -1.00 0 98.5 
319.77 -1.00 -1.00 0 98.5 
319.99 -1.00 -1.00 0 99.9 
320.31 -1.00 -1.00 0 99.9 
320.55 -1.00 -1.00 0 99.9 
320.84 -1.00 -1.00 0 99.9 
321.11 -1.00 -1.00 0 101.3 
321.45 -1.00 -1.00 0 101.3 
321.78 -1.00 -1.00 0 101.3 
322.05 -1.00 -1.00 0 100.1 
322.29 -1.00 -1.00 0 100.1 
322.53 -1.00 -1.00 0 100.1 
322.89 -1.00 -1.00 0 100.1 
323.19 -1.00 -1.00 0 98.2 
323.52 -1.00 -1.00 0 98.2 
323.84 -1.00 -1.00 0 98.2 
324.22 -1.00 -1.00 0 96.5 
324.51 -1.00 -1.00 0 96.5 
324.82 -1.00 -1.00 0 96.5 
325.13 -1.00 -1.00 0 94.8 
325.36 -1.00 -1.00 0 94.8 
325.66 -1.00 -1.00 0 94.8 
325.92 -1.00 -1.00 0 93.2 
326.22 -1.00 -1.00 0 93.2 
326.60 -1.00 -1.00 0 93.2 
326.94 -1.00 -1.00 0 91.4 
327.17 -1.00 -1.00 0 91.4 
327.75 -1.00 -1.00 0 91.4 
328.07 -1.00 -1.00 0 89.7 
328.27 -1.00 -1.00 0 89.7 
328.68 -1.00 -1.00 0 89.7 
328.92 -1.00 -1.00 0 87.9 
329.21 -1.00 -1.00 0 87.9 
329.44 -1.00 -1.00 0 87.9 
329.68 -1.00 -1.00 0 87.9 
329.96 -1.00 -1.00 0 86.9 
330.23 -1.00 -1.00 0 86.9 
330.50 -1.00 -1.00 0 86.9 
330.82 -1.00 -1.00 0 86.9 
331.10 -1.00 -1.00 0 85.2 
331.36 -1.00 -1.00 0 85.2 
331.74 -1.00 -1.00 0 85.2 
332.01 -1.00 -1.00 0 85.1 
332.31 -1.00 -1.00 0 85.1 
332.68 -1.00 -1.00 0 85.1 
332.94 -1.00 -1.00 0 85.8 
333.18 -1.00 -1.00 0 85.8 
333.43 -1.00 -1.00 0 85.8 
333.78 -1.00 -1.00 0 85.8 
334.00 -1.00 -1.00 1 85.8 
334.31 -1.00 -1.00 0 85.8 
334.62 -1.00 -1.00 0 85.8 
334.94 -1.00 -1.00 0 85.0 
335.21 -1.00 -1.00 0 85.0 
335.46 -1.00 -1.00 0 85.0 
335.83 -1.00 -1.00 0 85.0 
336.16 -1.00 -1.00 0 84.7 
336.42 -1.00 -1.00 0 84.7 
336.81 -1.00 -1.00 0 84.7 
337.04 -1.00 -1.00 0 84.9 
337.28 -1.00 -1.00 0 84.9 
337.61 -1.00 -1.00 0 84.9 
337.82 -1.00 -1.00 0 86.3 
338.12 -1.00 -1.00 0 86.3 
338.31 -1.00 -1.00 0 86.3 
338.56 -1.00 -1.00 0 86.3 
338.86 -1.00 -1.00 0 86.3 
339.13 -1.00 -1.00 0 87.8 
339.38 -1.00 -1.00 0 87.8 
339.62 -1.00 -1.00 0 87.8 
339.90 -1.00 -1.00 0 89.1 
340.15 -1.00 -1.00 0 89.1 
340.42 -1.00 -1.00 0 89.1 
340.74 -1.00 -1.00 0 89.1 
340.99 -1.00 -1.00 0 89.0 
341.27 -1.00 -1.00 0 89.0 
341.51 -1.00 -1.00 0 89.0 
341.86 -1.00 -1.00 0 89.0 
342.08 -1.00 -1.00 0 88.8 
342.35 -1.00 -1.00 1 88.8 
342.70 -1.00 -1.00 2 88.8 
342.99 -1.00 -1.00 2 89.6 
343.26 -1.00 -1.00 3 89.6 
343.71 -1.00 -1.00 0 89.6 
343.97 -1.00 -1.00 0 86.7 
344.25 -1.00 -1.00 0 86.7 
344.59 -1.00 -1.00 0 86.7 
344.80 -1.00 -1.00 0 89.0 
345.09 -1.00 -1.00 0 89.0 
345.39 -1.00 -1.00 0 89.0 
345.80 -1.00 -1.00 0 89.0 
346.07 -1.00 -1.00 0 87.4 
346.36 -1.00 -1.00 0 87.4 
346.67 -1.00 -1.00 0 87.4 
347.03 -1.00 -1.00 0 87.4 
347.27 -1.00 -1.00 0 91.0 
347.92 -1.00 -1.00 0 91.0 
348.12 -1.00 -1.00 0 92.1 
348.36 -1.00 -1.00 0 92.1 
348.68 -1.00 -1.00 0 92.1 
348.88 -1.00 -1.00 0 93.5 
349.16 -1.00 -1.00 0 93.5 
349.50 -1.00 -1.00 0 93.5 
349.80 -1.00 -1.00 0 93.5 
350.06 -1.00 -1.00 0 93.1 
350.41 -1.00 -1.00 0 93.1 
350.76 -1.00 -1.00 0 93.1 
351.01 -1.00 -1.00 0 92.2 
351.27 -1.00 -1.00 0 92.2 
351.61 -1.00 -1.00 0 92.2 
351.94 -1.00 -1.00 0 91.2 
352.23 -1.00 -1.00 0 91.2 
352.42 -1.00 -1.00 0 91.2 
352.73 -1.00 -1.00 0 91.2 
353.07 -1.00 -1.00 0 90.2 
353.40 -1.00 -1.00 0 90.2 
353.69 -1.00 -1.00 0 90.2 
354.03 -1.00 -1.00 0 91.1 
354.26 -1.00 -1.00 0 91.1 
354.64 -1.00 -1.00 0 91.1 
354.90 -1.00 -1.00 0 92.7 
355.19 -1.00 -1.00 0 92.7 
355.40 -1.00 -1.00 0 92.7 
355.70 -1.00 -1.00 0 92.7 
356.00 -1.00 -1.00 0 94.0 
356.28 -1.00 -1.00 0 94.0 
356.59 -1.00 -1.00 0 94.0 
356.84 -1.00 -1.00 0 94.4 
357.17 -1.00 -1.00 0 94.4 
357.78 -1.00 -1.00 0 94.4 
358.04 -1.00 -1.00 0 95.0 
358.36 -1.00 -1.00 0 95.0 
358.65 -1.00 -1.00 0 95.0 
358.99 -1.00 -1.00 0 93.7 
359.22 -1.00 -1.00 0 93.7 
359.47 -1.00 -1.00 0 93.7 
359.81 -1.00 -1.00 0 93.7 
360.10 -1.00 -1.00 0 93.7 
360.30 -1.00 -1.00 0 93.7 
360.61 -1.00 -1.00 1 93.7 
360.85 -1.00 -1.00 0 93.7 
361.15 -1.00 -1.00 0 93.7 
361.47 -1.00 -1.00 0 93.7 
361.73 -1.00 -1.00 0 93.7 
362.02 -1.00 -1.00 0 93.2 
362.25 -1.00 -1.00 0 93.2 
362.54 -1.00 -1.00 0 93.2 
362.85 -1.00 -1.00 0 93.2 
363.07 -1.00 -1.00 0 93.0 
363.33 -1.00 -1.00 0 93.0 
363.66 -1.00 -1.00 0 93.0 
363.88 -1.00 -1.00 0 92.8 
364.18 -1.00 -1.00 0 92.8 
364.48 -1.00 -1.00 0 92.8 
364.77 -1.00 -1.00 0 92.8 
365.04 -1.00 -1.00 0 94.3 
365.30 -1.00 -1.00 0 94.3 
365.64 -1.00 -1.00 0 94.3 
365.89 -1.00 -1.00 0 94.9 
366.21 -1.00 -1.00 0 94.9 
366.49 -1.00 -1.00 0 94.9 
366.81 -1.00 -1.00 0 94.9 
367.11 -1.00 -1.00 0 94.4 
367.37 -1.00 -1.00 0 94.4 
367.67 -1.00 -1.00 0 94.4 
367.92 -1.00 -1.00 0 93.5 
368.24 -1.00 -1.00 0 93.5 
368.54 -1.00 -1.00 0 93.5 
368.87 -1.00 -1.00 0 93.5 
369.13 -1.00 -1.00 0 93.5 
369.42 -1.00 -1.00 0 93.5 
369.66 -1.00 -1.00 0 93.5 
369.93 -1.00 -1.00 0 92.3 
370.22 -1.00 -1.00 0 92.3 
370.49 -1.00 -1.00 0 92.3 
370.91 -1.00 -1.00 0 92.3 
371.18 -1.00 -1.00 0 92.1 
371.51 -1.00 -1.00 0 92.1 
371.80 -1.00 -1.00 0 92.1 
372.08 -1.00 -1.00 0 91.2 
372.37 -1.00 -1.00 0 91.2 
372.73 -1.00 -1.00 0 91.2 
372.95 -1.00 -1.00 0 91.8 
373.23 -1.00 -1.00 0 91.8 
373.53 -1.00 -1.00 0 91.8 
373.78 -1.00 -1.00 0 91.8 
374.07 -1.00 -1.00 0 92.6 
374.40 -1.00 -1.00 0 92.6 
374.70 -1.00 -1.00 0 92.6 
374.95 -1.00 -1.00 0 92.7 
375.20 -1.00 -1.00 0 92.7 
375.51 -1.00 -1.00 0 92.7 
375.77 -1.00 -1.00 0 92.7 
376.03 -1.00 -1.00 0 93.3 
376.30 -1.00 -1.00 0 93.3 
376.49 -1.00 -1.00 0 93.3 
376.84 -1.00 -1.00 0 93.3 
377.10 -1.00 -1.00 0 94.4 
377.35 -1.00 -1.00 0 94.4 
377.64 -1.00 -1.00 0 94.4 
377.89 -1.00 -1.00 0 95.4 
378.19 -1.00 -1.00 0 95.4 
378.48 -1.00 -1.00 0 95.4 
378.84 -1.00 -1.00 0 95.4 
379.13 -1.00 -1.00 0 96.0 
379.38 -1.00 -1.00 0 96.0 
379.67 -1.00 -1.00 0 96.0 
379.93 -1.00 -1.00 0 95.1 
380.21 -1.00 -1.00 0 95.1 
380.45 -1.00 -1.00 0 95.1 
380.83 -1.00 -1.00 0 95.1 
381.11 -1.00 -1.00 0 94.7 
381.42 -1.00 -1.00 0 94.7 
381.72 -1.00 -1.00 0 94.7 
381.97 -1.00 -1.00 0 93.2 
382.24 -1.00 -1.00 0 93.2 
382.44 -1.00 -1.00 0 93.2 
382.79 -1.00 -1.00 0 93.2 
383.01 -1.00 -1.00 0 92.5 
383.19 -1.00 -1.00 0 92.5 
383.41 -1.00 -1.00 0 92.5 
383.73 -1.00 -1.00 0 92.5 
383.96 -1.00 -1.00 0 92.1 
384.26 -1.00 -1.00 0 92.1 
384.55 -1.00 -1.00 0 92.1 
384.85 -1.00 -1.00 0 92.1 
385.15 -1.00 -1.00 0 90.3 
385.44 -1.00 -1.00 0 90.3 
385.77 -1.00 -1.00 0 90.3 
386.06 -1.00 -1.00 0 90.3 
386.28 -1.00 -1.00 0 90.3 
386.62 -1.00 -1.00 0 90.3 
386.92 -1.00 -1.00 0 90.8 
387.19 -1.00 -1.00 0 90.8 
387.75 -1.00 -1.00 0 90.8 
388.00 -1.00 -1.00 0 90.3 
388.26 -1.00 -1.00 0 90.3 
388.64 -1.00 -1.00 0 90.3 
388.92 -1.00 -1.00 0 89.2 
389.17 -1.00 -1.00 0 89.2 
389.43 -1.00 -1.00 0 89.2 
389.76 -1.00 -1.00 0 89.2 
390.05 -1.00 -1.00 0 89.2 
390.24 -1.00 -1.00 0 89.2 
390.52 -1.00 -1.00 1 89.2 
390.81 -1.00 -1.00 1 89.2 
391.12 -1.00 -1.00 1 86.7 
391.45 -1.00 -1.00 1 86.7 
391.71 -1.00 -1.00 1 86.7 
391.95 -1.00 -1.00 0 87.8 
392.24 -1.00 -1.00 0 87.8 
392.44 -1.00 -1.00 0 87.8 
392.73 -1.00 -1.00 0 87.8 
392.99 -1.00 -1.00 0 88.7 
393.26 -1.00 -1.00 0 88.7 
393.55 -1.00 -1.00 0 88.7 
393.90 -1.00 -1.00 0 88.7 
394.18 -1.00 -1.00 0 89.0 
394.42 -1.00 -1.00 1 89.0 
394.79 -1.00 -1.00 0 89.0 
394.98 -1.00 -1.00 0 92.4 
395.30 -1.00 -1.00 1 92.4 
395.60 -1.00 -1.00 1 92.4 
395.91 -1.00 -1.00 1 92.8 
396.10 -1.00 -1.00 1 92.8 
396.39 -1.00 -1.00 1 92.8 
396.67 -1.00 -1.00 1 92.8 
396.92 -1.00 -1.00 1 92.8 
397.22 -1.00 -1.00 1 92.8 
397.47 -1.00 -1.00 1 92.8 
397.79 -1.00 -1.00 1 92.8 
398.09 -1.00 -1.00 1 90.8 
398.30 -1.00 -1.00 0 90.8 
398.61 -1.00 -1.00 0 90.8 
398.91 -1.00 -1.00 0 88.8 
399.18 -1.00 -1.00 0 88.8 
399.49 -1.00 -1.00 0 88.8 
399.78 -1.00 -1.00 0 88.8 
400.07 -1.00 -1.00 0 88.7 
400.31 -1.00 -1.00 0 88.7 
400.62 -1.00 -1.00 0 88.7 
400.92 -1.00 -1.00 0 87.1 
401.14 -1.00 -1.00 0 87.1 
401.44 -1.00 -1.00 0 87.1 
401.72 -1.00 -1.00 0 87.1 
401.97 -1.00 -1.00 0 86.8 
402.23 -1.00 -1.00 0 86.8 
402.50 -1.00 -1.00 0 86.8 
402.77 -1.00 -1.00 0 86.8 
403.05 -1.00 -1.00 0 85.2 
403.25 -1.00 -1.00 0 85.2 
403.57 -1.00 -1.00 0 85.2 
403.84 -1.00 -1.00 0 85.2 
404.14 -1.00 -1.00 0 82.9 
404.42 -1.00 -1.00 0 82.9 
404.62 -1.00 -1.00 0 82.9 
404.93 -1.00 -1.00 0 82.9 
405.22 -1.00 -1.00 0 84.4 
405.46 -1.00 -1.00 0 84.4 
405.75 -1.00 -1.00 0 84.4 
406.03 -1.00 -1.00 0 86.0 
406.29 -1.00 -1.00 0 86.0 
406.54 -1.00 -1.00 0 86.0 
406.86 -1.00 -1.00 0 86.0 
407.12 -1.00 -1.00 0 85.0 
407.35 -1.00 -1.00 0 85.0 
407.63 -1.00 -1.00 0 85.0 
407.96 -1.00 -1.00 0 84.0 
408.28 -1.00 -1.00 0 84.0 
408.58 -1.00 -1.00 0 84.0 
408.86 -1.00 -1.00 0 83.8 
409.14 -1.00 -1.00 0 83.8 
409.39 -1.00 -1.00 0 83.8 
409.70 -1.00 -1.00 0 83.8 
409.96 -1.00 -1.00 0 85.0 
410.16 -1.00 -1.00 0 85.0 
410.42 -1.00 -1.00 0 85.0 
410.66 -1.00 -1.00 0 85.0 
410.88 -1.00 -1.00 0 86.6 
411.16 -1.00 -1.00 0 86.6 
411.38 -1.00 -1.00 0 86.6 
411.66 -1.00 -1.00 0 86.6 
411.94 -1.00 -1.00 0 85.9 
412.25 -1.00 -1.00 0 85.9 
412.65 -1.00 -1.00 0 85.9 
412.95 -1.00 -1.00 0 86.8 
413.19 -1.00 -1.00 0 86.8 
413.61 -1.00 -1.00 0 86.8 
413.97 -1.00 -1.00 0 87.3 
414.31 -1.00 -1.00 0 87.3 
414.71 -1.00 -1.00 0 87.3 
414.98 -1.00 -1.00 0 85.5 
415.35 -1.00 -1.00 0 85.5 
415.70 -1.00 -1.00 0 85.5 
416.03 -1.00 -1.00 0 85.4 
416.39 -1.00 -1.00 0 85.4 
416.68 -1.00 -1.00 0 85.4 
417.04 -1.00 -1.00 0 85.4 
417.36 -1.00 -1.00 0 85.4 
417.69 -1.00 -1.00 0 85.4 
418.02 -1.00 -1.00 0 85.2 
418.32 -1.00 -1.00 0 85.2 
418.65 -1.00 -1.00 0 85.2 
419.06 -1.00 -1.00 0 85.9 
419.36 -1.00 -1.00 0 85.9 
419.62 -1.00 -1.00 0 85.9 
419.90 -1.00 -1.00 0 86.5 
420.19 -1.00 -1.00 0 86.5 
420.48 -1.00 -1.00 0 86.5 
420.78 -1.00 -1.00 0 86.5 
421.07 -1.00 -1.00 0 86.0 
421.28 -1.00 -1.00 0 86.0 
421.63 -1.00 -1.00 0 86.0 
421.93 -1.00 -1.00 0 85.8 
422.24 -1.00 -1.00 0 85.8 
422.61 -1.00 -1.00 0 85.8 
422.85 -1.00 -1.00 0 85.4 
423.08 -1.00 -1.00 0 85.4 
423.37 -1.00 -1.00 0 85.4 
423.61 -1.00 -1.00 0 85.4 
423.88 -1.00 -1.00 0 85.8 
424.16 -1.00 -1.00 0 85.8 
424.42 -1.00 -1.00 0 85.8 
424.77 -1.00 -1.00 0 85.8 
425.03 -1.00 -1.00 0 85.7 
425.26 -1.00 -1.00 0 85.7 
425.52 -1.00 -1.00 0 85.7 
425.86 -1.00 -1.00 0 85.7 
426.13 -1.00 -1.00 0 85.5 
426.38 -1.00 -1.00 0 85.5 
426.68 -1.00 -1.00 0 85.5 
426.98 -1.00 -1.00 0 86.2 
427.21 -1.00 -1.00 0 86.2 
427.86 -1.00 -1.00 0 86.2 
428.06 -1.00 -1.00 0 86.3 
428.39 -1.00 -1.00 0 86.3 
428.78 -1.00 -1.00 0 86.3 
429.08 -1.00 -1.00 0 86.0 
429.40 -1.00 -1.00 0 86.0 
429.80 -1.00 -1.00 0 86.0 
430.08 -1.00 -1.00 0 85.1 
430.32 -1.00 -1.00 0 85.1 
430.68 -1.00 -1.00 0 85.1 
430.94 -1.00 -1.00 0 85.3 
431.27 -1.00 -1.00 0 85.3 
431.58 -1.00 -1.00 0 85.3 
431.97 -1.00 -1.00 0 85.3 
432.33 -1.00 -1.00 0 84.9 
432.73 -1.00 -1.00 0 84.9 
432.98 -1.00 -1.00 0 84.6 
433.25 -1.00 -1.00 0 84.6 
433.55 -1.00 -1.00 0 84.6 
433.88 -1.00 -1.00 0 84.6 
434.16 -1.00 -1.00 0 83.8 
434.43 -1.00 -1.00 0 83.8 
434.74 -1.00 -1.00 0 83.8 
435.07 -1.00 -1.00 0 86.0 
435.29 -1.00 -1.00 0 86.0 
435.66 -1.00 -1.00 0 86.0 
435.84 -1.00 -1.00 0 85.8 
436.16 -1.00 -1.00 0 85.8 
436.46 -1.00 -1.00 0 85.8 
436.77 -1.00 -1.00 0 85.8 
437.09 -1.00 -1.00 0 85.3 
437.42 -1.00 -1.00 0 85.3 
437.69 -1.00 -1.00 0 85.3 
437.87 -1.00 -1.00 0 85.8 
438.13 -1.00 -1.00 0 85.8 
438.44 -1.00 -1.00 0 85.8 
438.72 -1.00 -1.00 0 85.8 
439.01 -1.00 -1.00 0 83.8 
439.31 -1.00 -1.00 0 83.8 
439.52 -1.00 -1.00 0 83.8 
439.87 -1.00 -1.00 0 83.8 
440.14 -1.00 -1.00 0 83.6 
440.38 -1.00 -1.00 0 83.6 
440.67 -1.00 -1.00 0 83.6 
441.00 -1.00 -1.00 0 83.7 
441.27 -1.00 -1.00 0 83.7 
441.63 -1.00 -1.00 0 83.7 
441.93 -1.00 -1.00 0 84.8 
442.18 -1.00 -1.00 0 84.8 
442.47 -1.00 -1.00 0 84.8 
442.78 -1.00 -1.00 0 84.8 
443.09 -1.00 -1.00 0 86.1 
443.35 -1.00 -1.00 0 86.1 
443.71 -1.00 -1.00 0 86.1 
444.00 -1.00 -1.00 0 85.8 
444.27 -1.00 -1.00 0 85.8 
444.55 -1.00 -1.00 0 85.8 
444.85 -1.00 -1.00 0 85.8 
445.13 -1.00 -1.00 0 84.8 
445.41 -1.00 -1.00 0 84.8 
445.76 -1.00 -1.00 0 84.8 
446.11 -1.00 -1.00 0 83.6 
446.44 -1.00 -1.00 0 83.6 
446.69 -1.00 -1.00 0 83.6 
446.99 -1.00 -1.00 0 84.3 
447.28 -1.00 -1.00 0 84.3 
447.92 -1.00 -1.00 0 81.4 
448.16 -1.00 -1.00 0 81.4 
448.48 -1.00 -1.00 0 81.4 
448.78 -1.00 -1.00 0 81.4 
449.03 -1.00 -1.00 0 83.0 
449.29 -1.00 -1.00 0 83.0 
449.67 -1.00 -1.00 0 83.0 
449.98 -1.00 -1.00 0 84.1 
450.17 -1.00 -1.00 0 84.1 
450.47 -1.00 -1.00 0 84.1 
450.79 -1.00 -1.00 0 84.1 
451.10 -1.00 -1.00 0 85.5 
451.44 -1.00 -1.00 0 85.5 
451.76 -1.00 -1.00 0 85.5 
452.06 -1.00 -1.00 0 89.2 
452.32 -1.00 -1.00 0 89.2 
452.71 -1.00 -1.00 0 89.2 
453.03 -1.00 -1.00 0 87.4 
453.33 -1.00 -1.00 0 87.4 
453.69 -1.00 -1.00 0 87.4 
454.03 -1.00 -1.00 0 88.0 
454.37 -1.00 -1.00 0 88.0 
454.62 -1.00 -1.00 0 88.0 
454.90 -1.00 -1.00 0 89.5 
455.25 -1.00 -1.00 0 89.5 
455.46 -1.00 -1.00 0 89.5 
455.88 -1.00 -1.00 0 89.5 
456.18 -1.00 -1.00 0 89.1 
456.49 -1.00 -1.00 0 89.1 
456.74 -1.00 -1.00 0 89.1 
457.04 -1.00 -1.00 0 89.0 
457.34 -1.00 -1.00 0 89.0 
457.68 -1.00 -1.00 0 89.0 
457.97 -1.00 -1.00 0 88.4 
458.25 -1.00 -1.00 0 88.4 
458.46 -1.00 -1.00 0 88.4 
458.76 -1.00 -1.00 0 88.4 
459.10 -1.00 -1.00 0 88.8 
459.44 -1.00 -1.00 0 88.8 
459.77 -1.00 -1.00 0 88.8 
460.12 -1.00 -1.00 0 89.5 
460.46 -1.00 -1.00 0 89.5 
460.82 -1.00 -1.00 1 89.5 
461.15 -1.00 -1.00 1 90.3 
461.42 -1.00 -1.00 1 90.3 
461.75 -1.00 -1.00 1 90.3 
462.12 -1.00 -1.00 1 90.4 
462.43 11.95 0.48 1 90.4 
462.81 13.19 0.53 1 90.4 
463.11 14.75 0.57 1 92.6 
463.46 16.31 0.63 1 92.6 
463.85 18.19 0.71 1 92.6 
464.20 20.20 0.79 2 92.4 
464.47 22.47 0.88 2 92.4 
464.83 24.65 0.96 2 92.4 
465.14 26.42 1.02 2 93.5 
465.36 28.83 1.11 2 93.5 
465.77 31.38 1.21 2 93.5 
466.07 34.14 1.32 2 93.0 
466.34 37.23 1.44 2 93.0 
466.75 39.81 1.54 2 93.0 
466.98 22.97 0.88 2 93.8 
467.26 25.95 1.00 2 93.8 
467.74 31.52 1.21 1 93.8 
467.98 34.14 1.34 1 91.9 
468.24 36.34 1.42 1 91.9 
468.55 38.97 1.53 1 91.9 
468.78 40.47 1.59 1 91.9 
469.03 41.80 1.63 1 92.1 
469.36 42.97 1.68 1 92.1 
469.70 43.37 1.70 1 92.1 
469.97 48.86 1.92 1 91.6 
470.33 48.12 1.89 1 91.6 
470.66 49.21 1.93 1 91.6 
470.96 69.42 2.74 1 91.2 
471.20 71.20 2.81 1 91.2 
471.47 72.85 2.88 2 91.2 
471.78 74.37 2.94 2 91.2 
472.13 80.04 3.20 2 90.0 
472.53 80.91 3.24 2 90.0 
472.78 79.56 3.18 2 90.0 
473.15 82.23 3.24 2 91.5 
473.43 81.60 3.21 2 91.5 
473.83 15.03 0.59 2 91.5 
474.10 16.90 0.66 2 92.8 
474.41 18.57 0.72 2 92.8 
474.67 20.77 0.81 1 92.8 
474.93 22.85 0.88 1 93.6 
475.18 24.51 0.94 1 93.6 
475.44 27.21 1.05 1 93.6 
475.74 29.95 1.15 1 93.6 
475.98 32.85 1.27 1 93.1 
476.25 35.25 1.36 1 93.1 
476.62 37.27 1.44 1 93.1 
476.92 39.77 1.55 1 92.6 
477.19 43.99 1.71 1 92.6 
477.70 49.58 1.93 1 92.6 
477.97 52.34 2.02 1 93.5 
478.24 56.16 2.16 1 93.5 
478.54 59.48 2.29 1 93.5 
478.89 67.06 2.58 1 93.5 
479.14 66.92 2.57 1 93.7 
479.48 70.82 2.72 1 93.7 
479.70 72.52 2.79 1 93.7 
479.98 74.04 2.86 1 93.2 
480.29 75.44 2.91 1 93.2 
480.67 76.68 2.96 1 93.2 
480.95 77.80 3.06 1 91.7 
481.22 78.81 3.10 1 91.7 
481.64 79.71 3.13 1 91.7 
481.98 80.51 3.14 1 92.3 
482.26 81.23 3.17 1 92.3 
482.52 80.54 3.14 1 92.3 
482.88 81.23 3.17 1 92.3 
483.20 81.84 3.20 1 92.1 
483.53 82.38 3.22 1 92.1 
483.92 81.49 3.19 2 92.1 
484.25 82.04 3.23 2 91.5 
484.54 82.53 3.25 1 91.5 
484.83 82.95 3.26 1 91.5 
485.10 83.32 3.29 1 91.2 
485.32 83.64 3.30 1 91.2 
485.59 83.92 3.31 1 91.2 
485.93 84.15 3.32 1 91.2 
486.21 84.35 3.35 1 90.7 
486.54 84.52 3.36 1 90.7 
486.86 84.66 3.36 1 90.7 
487.10 84.78 3.40 1 89.8 
487.33 84.87 3.40 1 89.8 
487.69 84.93 3.41 1 89.8 
487.94 84.98 3.44 1 88.9 
488.16 85.02 3.44 1 88.9 
488.41 85.04 3.44 1 88.9 
488.76 85.04 3.44 1 88.9 
488.98 85.03 3.43 1 89.4 
489.27 85.02 3.43 1 89.4 
489.61 84.99 3.42 1 89.4 
489.87 84.96 3.45 1 88.7 
490.18 83.48 3.39 1 88.7 
490.44 83.58 3.39 1 88.7 
490.76 83.66 3.40 1 88.7 
490.98 -1.00 -1.00 0 88.9 
491.21 -1.00 -1.00 0 88.9 
491.45 -1.00 -1.00 0 88.9 
491.85 -1.00 -1.00 0 88.9 
492.12 -1.00 -1.00 0 89.6 
492.37 -1.00 -1.00 0 89.6 
492.73 -1.00 -1.00 0 89.6 
492.96 -1.00 -1.00 0 88.9 
493.23 -1.00 -1.00 0 88.9 
493.55 -1.00 -1.00 0 88.9 
493.90 -1.00 -1.00 0 88.9 
494.15 -1.00 -1.00 0 88.1 
494.38 -1.00 -1.00 0 88.1 
494.62 -1.00 -1.00 0 88.1 
494.94 -1.00 -1.00 0 88.1 
495.16 -1.00 -1.00 0 88.7 
495.41 -1.00 -1.00 0 88.7 
495.76 -1.00 -1.00 0 88.7 
495.96 -1.00 -1.00 0 89.4 
496.20 -1.00 -1.00 0 89.4 
496.50 -1.00 -1.00 0 89.4 
496.82 -1.00 -1.00 0 89.4 
497.11 -1.00 -1.00 0 90.4 
497.35 -1.00 -1.00 0 90.4 
497.69 -1.00 -1.00 0 90.4 
497.98 -1.00 -1.00 0 90.6 
498.26 -1.00 -1.00 0 90.6 
498.62 -1.00 -1.00 0 90.6 
498.83 -1.00 -1.00 0 90.5 
499.13 -1.00 -1.00 0 90.5 
499.36 -1.00 -1.00 0 90.5 
499.71 -1.00 -1.00 0 90.5 
500.00 -1.00 -1.00 0 90.1 
500.23 -1.00 -1.00 0 90.1 
500.55 -1.00 -1.00 0 90.1 
500.83 -1.00 -1.00 0 90.1 
501.10 -1.00 -1.00 0 90.8 
501.32 -1.00 -1.00 0 90.8 
501.69 -1.00 -1.00 0 90.8 
501.96 -1.00 -1.00 0 91.5 
502.25 -1.00 -1.00 0 91.5 
502.47 -1.00 -1.00 0 91.5 
502.93 -1.00 -1.00 0 91.5 
503.20 -1.00 -1.00 0 92.1 
503.45 -1.00 -1.00 0 92.1 
503.67 -1.00 -1.00 0 92.1 
503.96 -1.00 -1.00 0 92.1 
504.22 -1.00 -1.00 0 92.1 
504.51 -1.00 -1.00 0 92.1 
504.75 -1.00 -1.00 0 92.1 
505.04 -1.00 -1.00 0 89.4 
505.26 -1.00 -1.00 0 89.4 
505.64 -1.00 -1.00 0 89.4 
505.89 -1.00 -1.00 0 86.1 
506.15 -1.00 -1.00 0 86.1 
506.41 -1.00 -1.00 0 86.1 
506.71 -1.00 -1.00 0 86.1 
506.90 -1.00 -1.00 0 85.3 
507.15 -1.00 -1.00 0 85.3 
507.38 -1.00 -1.00 0 85.3 
507.65 -1.00 -1.00 0 85.3 
507.86 -1.00 -1.00 0 85.9 
508.05 -1.00 -1.00 0 85.9 
508.32 -1.00 -1.00 0 85.9 
508.51 -1.00 -1.00 0 85.9 
508.83 -1.00 -1.00 0 85.9 
509.02 -1.00 -1.00 0 86.9 
509.31 -1.00 -1.00 0 86.9 
509.51 -1.00 -1.00 0 86.9 
509.76 -1.00 -1.00 0 86.9 
510.08 -1.00 -1.00 0 87.7 
510.32 -1.00 -1.00 0 87.7 
510.56 -1.00 -1.00 0 87.7 
510.87 -1.00 -1.00 0 87.7 
511.15 -1.00 -1.00 0 90.8 
511.37 -1.00 -1.00 0 90.8 
511.62 -1.00 -1.00 0 90.8 
511.84 -1.00 -1.00 0 89.8 
512.07 -1.00 -1.00 0 89.8 
512.27 -1.00 -1.00 0 89.8 
512.54 -1.00 -1.00 0 89.8 
512.81 -1.00 -1.00 0 89.8 
513.03 -1.00 -1.00 0 90.6 
513.23 -1.00 -1.00 0 90.6 
513.49 -1.00 -1.00 1 90.6 
513.84 -1.00 -1.00 1 90.6 
514.07 -1.00 -1.00 0 90.8 
514.36 -1.00 -1.00 0 90.8 
514.71 -1.00 -1.00 0 90.8 
514.94 -1.00 -1.00 0 90.7 
515.17 -1.00 -1.00 0 90.7 
515.46 -1.00 -1.00 0 90.7 
515.77 -1.00 -1.00 0 90.7 
516.06 -1.00 -1.00 1 91.2 
516.38 -1.00 -1.00 1 91.2 
516.62 -1.00 -1.00 1 91.2 
516.91 -1.00 -1.00 1 91.8 
517.15 -1.00 -1.00 1 91.8 
517.76 -1.00 -1.00 0 91.8 
517.98 -1.00 -1.00 0 88.5 
518.21 -1.00 -1.00 0 88.5 
518.50 -1.00 -1.00 0 88.5 
518.80 -1.00 -1.00 0 88.5 
519.06 -1.00 -1.00 0 88.8 
519.32 -1.00 -1.00 0 88.8 
519.65 -1.00 -1.00 0 88.8 
519.84 -1.00 -1.00 0 88.6 
520.12 -1.00 -1.00 0 88.6 
520.31 -1.00 -1.00 0 88.6 
520.61 -1.00 -1.00 0 88.6 
520.85 -1.00 -1.00 0 88.5 
521.04 -1.00 -1.00 0 88.5 
521.33 -1.00 -1.00 0 88.5 
521.55 -1.00 -1.00 0 88.5 
521.83 -1.00 -1.00 0 88.5 
522.05 -1.00 -1.00 0 88.3 
522.25 -1.00 -1.00 0 88.3 
522.45 -1.00 -1.00 0 88.3 
522.75 -1.00 -1.00 0 88.3 
522.93 -1.00 -1.00 0 88.9 
523.21 -1.00 -1.00 1 88.9 
523.44 -1.00 -1.00 1 88.9 
523.67 -1.00 -1.00 1 88.9 
524.01 -1.00 -1.00 0 89.4 
524.27 -1.00 -1.00 0 89.4 
524.54 -1.00 -1.00 0 89.4 
524.86 -1.00 -1.00 0 89.4 
525.14 -1.00 -1.00 0 89.6 
525.45 -1.00 -1.00 0 89.6 
525.77 -1.00 -1.00 0 89.6 
525.99 -1.00 -1.00 0 87.3 
526.24 -1.00 -1.00 0 87.3 
526.50 -1.00 -1.00 0 87.3 
526.85 -1.00 -1.00 0 87.3 
527.12 -1.00 -1.00 0 85.8 
527.39 -1.00 -1.00 0 85.8 
527.65 -1.00 -1.00 0 85.8 
527.88 -1.00 -1.00 0 86.5 
528.13 -1.00 -1.00 0 86.5 
528.30 -1.00 -1.00 0 86.5 
528.58 -1.00 -1.00 0 86.5 
528.82 -1.00 -1.00 0 87.9 
529.04 -1.00 -1.00 0 87.9 
529.29 -1.00 -1.00 0 87.9 
529.65 -1.00 -1.00 0 87.9 
529.86 -1.00 -1.00 0 88.8 
530.11 -1.00 -1.00 0 88.8 
530.42 -1.00 -1.00 0 88.8 
530.65 -1.00 -1.00 0 88.8 
530.91 -1.00 -1.00 0 90.4 
531.15 -1.00 -1.00 0 90.4 
531.34 -1.00 -1.00 0 90.4 
531.70 -1.00 -1.00 0 90.4 
531.92 -1.00 -1.00 0 90.4 
532.13 -1.00 -1.00 0 90.4 
532.44 -1.00 -1.00 0 90.4 
532.72 -1.00 -1.00 0 90.4 
532.97 -1.00 -1.00 0 90.6 
533.24 -1.00 -1.00 0 90.6 
533.49 -1.00 -1.00 0 90.6 
533.81 -1.00 -1.00 0 90.6 
534.09 -1.00 -1.00 0 88.8 
534.40 -1.00 -1.00 0 88.8 
534.70 -1.00 -1.00 0 88.8 
535.02 -1.00 -1.00 0 87.9 
535.29 -1.00 -1.00 0 87.9 
535.61 -1.00 -1.00 0 87.9 
535.88 -1.00 -1.00 0 86.4 
536.08 -1.00 -1.00 0 86.4 
536.36 -1.00 -1.00 0 86.4 
536.75 -1.00 -1.00 1 86.4 
537.07 -1.00 -1.00 0 84.7 
537.37 -1.00 -1.00 0 84.7 
537.67 -1.00 -1.00 0 84.7 
537.96 -1.00 -1.00 0 84.3 
538.18 -1.00 -1.00 0 84.3 
538.50 -1.00 -1.00 0 84.3 
538.80 -1.00 -1.00 1 84.3 
539.11 -1.00 -1.00 0 84.3 
539.36 -1.00 -1.00 0 84.3 
539.56 -1.00 -1.00 0 84.3 
539.79 -1.00 -1.00 0 84.3 
540.04 -1.00 -1.00 0 86.5 
540.33 -1.00 -1.00 0 86.5 
540.63 -1.00 -1.00 0 86.5 
540.90 -1.00 -1.00 0 87.9 
541.08 -1.00 -1.00 0 87.9 
541.37 -1.00 -1.00 0 87.9 
541.59 -1.00 -1.00 0 87.9 
541.86 -1.00 -1.00 0 87.9 
542.05 -1.00 -1.00 0 87.0 
542.30 -1.00 -1.00 0 87.0 
542.48 -1.00 -1.00 0 87.0 
542.79 -1.00 -1.00 0 87.0 
543.05 -1.00 -1.00 0 87.3 
543.31 -1.00 -1.00 0 87.3 
543.58 -1.00 -1.00 0 87.3 
543.84 -1.00 -1.00 0 87.3 
544.06 -1.00 -1.00 0 87.2 
544.27 -1.00 -1.00 0 87.2 
544.60 -1.00 -1.00 0 87.2 
544.86 -1.00 -1.00 0 88.2 
545.06 -1.00 -1.00 0 88.2 
545.29 -1.00 -1.00 0 88.2 
545.64 -1.00 -1.00 0 88.2 
545.87 -1.00 -1.00 0 86.9 
546.15 -1.00 -1.00 0 86.9 
546.33 -1.00 -1.00 0 86.9 
546.70 -1.00 -1.00 0 86.9 
546.90 -1.00 -1.00 0 89.7 
547.18 -1.00 -1.00 0 89.7 
547.83 -1.00 -1.00 0 89.7 
548.05 -1.00 -1.00 0 92.5 
548.27 -1.00 -1.00 0 92.5 
548.48 -1.00 -1.00 0 92.5 
548.73 -1.00 -1.00 0 92.5 
549.05 -1.00 -1.00 0 90.4 
549.34 -1.00 -1.00 0 90.4 
549.73 -1.00 -1.00 0 90.4 
549.94 -1.00 -1.00 0 91.0 
550.24 12.89 0.51 1 91.0 
550.46 13.29 0.53 1 91.0 
550.79 13.96 0.55 1 91.0 
551.02 15.27 0.60 1 91.2 
551.28 16.77 0.66 1 91.2 
551.50 18.99 0.75 1 91.2 
551.75 21.05 0.83 1 91.2 
552.02 23.06 0.91 1 91.2 
552.32 25.52 1.01 1 91.2 
552.63 28.60 1.13 1 91.2 
552.85 31.74 1.27 1 90.3 
553.06 34.32 1.37 1 90.3 
553.30 37.26 1.49 1 90.3 
553.47 40.68 1.62 1 90.3 
553.76 43.57 1.74 1 90.3 
554.01 46.05 1.85 1 89.4 
554.20 49.34 1.99 1 89.4 
554.39 53.64 2.16 1 89.4 
554.73 -1.00 -1.00 1 89.4 
554.91 58.50 2.35 1 89.5 
555.13 61.66 2.48 1 89.5 
555.38 64.46 2.59 1 89.5 
555.70 68.84 2.77 1 89.5 
555.88 70.84 2.87 1 88.8 
556.08 72.64 2.94 1 88.8 
556.31 78.89 3.20 1 88.8 
556.64 79.91 3.24 1 88.8 
556.93 80.82 3.34 1 87.2 
557.16 80.36 3.32 1 87.2 
557.40 81.22 3.35 1 87.2 
557.91 83.38 3.37 1 89.0 
558.08 83.91 3.40 1 89.0 
558.29 84.37 3.41 1 89.0 
558.51 84.76 3.43 1 89.0 
558.80 85.10 3.44 1 89.0 
558.97 -1.00 -1.00 1 90.5 
559.23 -1.00 -1.00 0 90.5 
559.47 -1.00 -1.00 0 90.5 
559.68 -1.00 -1.00 0 90.5 
559.90 -1.00 -1.00 0 89.7 
560.12 -1.00 -1.00 0 89.7 
560.33 -1.00 -1.00 0 89.7 
560.67 -1.00 -1.00 0 89.7 
560.88 -1.00 -1.00 0 88.1 
561.14 -1.00 -1.00 0 88.1 
561.32 -1.00 -1.00 0 88.1 
561.62 -1.00 -1.00 0 88.1 
561.90 -1.00 -1.00 0 92.1 
562.15 -1.00 -1.00 0 92.1 
562.32 -1.00 -1.00 0 92.1 
562.55 -1.00 -1.00 0 92.1 
562.84 -1.00 -1.00 0 92.1 
563.00 -1.00 -1.00 0 91.7 
563.17 -1.00 -1.00 0 91.7 
563.42 -1.00 -1.00 0 91.7 
563.67 -1.00 -1.00 0 91.7 
563.89 -1.00 -1.00 0 91.2 
564.08 -1.00 -1.00 0 91.2 
564.33 -1.00 -1.00 0 91.2 
564.64 -1.00 -1.00 0 91.2 
564.88 -1.00 -1.00 0 91.2 
565.09 -1.00 -1.00 0 91.2 
565.35 -1.00 -1.00 0 91.2 
565.61 -1.00 -1.00 0 91.2 
565.78 -1.00 -1.00 0 92.6 
566.00 -1.00 -1.00 0 92.6 
566.22 -1.00 -1.00 0 92.6 
566.42 -1.00 -1.00 0 92.6 
566.68 -1.00 -1.00 0 92.6 
566.94 -1.00 -1.00 0 90.5 
567.11 -1.00 -1.00 0 90.5 
567.33 -1.00 -1.00 0 90.5 
567.62 -1.00 -1.00 0 90.5 
567.93 -1.00 -1.00 0 90.4 
568.22 -1.00 -1.00 0 90.4 
568.52 -1.00 -1.00 0 90.4 
568.82 -1.00 -1.00 0 90.4 
569.11 -1.00 -1.00 0 90.5 
569.31 -1.00 -1.00 0 90.5 
569.64 -1.00 -1.00 0 90.5 
569.86 -1.00 -1.00 0 90.1 
570.12 -1.00 -1.00 0 90.1 
570.31 -1.00 -1.00 0 90.1 
570.66 -1.00 -1.00 0 90.1 
570.98 -1.00 -1.00 0 89.9 
571.25 -1.00 -1.00 0 89.9 
571.53 -1.00 -1.00 0 89.9 
571.84 -1.00 -1.00 0 89.9 
572.12 -1.00 -1.00 0 89.3 
572.38 -1.00 -1.00 0 89.3 
572.68 -1.00 -1.00 0 89.3 
572.96 -1.00 -1.00 0 89.5 
573.23 -1.00 -1.00 0 89.5 
573.47 -1.00 -1.00 0 89.5 
573.69 -1.00 -1.00 0 89.5 
573.92 -1.00 -1.00 0 89.0 
574.21 -1.00 -1.00 0 89.0 
574.42 -1.00 -1.00 0 89.0 
574.71 -1.00 -1.00 0 89.0 
574.97 -1.00 -1.00 0 89.3 
575.17 -1.00 -1.00 0 89.3 
575.36 -1.00 -1.00 0 89.3 
575.64 -1.00 -1.00 0 89.3 
575.83 -1.00 -1.00 0 90.0 
576.07 -1.00 -1.00 0 90.0 
576.27 -1.00 -1.00 0 90.0 
576.45 -1.00 -1.00 0 90.0 
576.69 -1.00 -1.00 0 90.0 
576.92 -1.00 -1.00 0 90.6 
577.16 -1.00 -1.00 0 90.6 
577.34 -1.00 -1.00 0 90.6 
577.88 -1.00 -1.00 0 91.4 
578.07 -1.00 -1.00 0 91.4 
578.34 -1.00 -1.00 1 91.4 
578.64 -1.00 -1.00 0 91.4 
578.90 -1.00 -1.00 0 90.7 
579.14 -1.00 -1.00 0 90.7 
579.38 -1.00 -1.00 0 90.7 
579.66 -1.00 -1.00 0 90.7 
579.87 -1.00 -1.00 0 93.6 
580.08 -1.00 -1.00 0 93.6 
580.36 -1.00 -1.00 0 93.6 
580.68 -1.00 -1.00 0 93.6 
580.90 -1.00 -1.00 0 94.5 
581.15 -1.00 -1.00 0 94.5 
581.38 -1.00 -1.00 0 94.5 
581.71 -1.00 -1.00 0 94.5 
582.00 -1.00 -1.00 0 94.5 
582.29 -1.00 -1.00 0 94.5 
582.52 -1.00 -1.00 0 94.5 
582.85 -1.00 -1.00 0 94.5 
583.10 -1.00 -1.00 0 93.9 
583.35 -1.00 -1.00 0 93.9 
583.53 -1.00 -1.00 0 93.9 
583.82 -1.00 -1.00 0 93.9 
584.08 -1.00 -1.00 0 93.7 
584.31 -1.00 -1.00 0 93.7 
584.68 -1.00 -1.00 0 93.7 
584.91 -1.00 -1.00 0 92.0 
585.20 -1.00 -1.00 0 92.0 
585.49 -1.00 -1.00 0 92.0 
585.72 -1.00 -1.00 0 92.0 
585.95 -1.00 -1.00 0 92.4 
586.15 -1.00 -1.00 0 92.4 
586.42 -1.00 -1.00 0 92.4 
586.67 -1.00 -1.00 0 92.4 
586.95 -1.00 -1.00 0 88.3 
587.18 -1.00 -1.00 0 88.3 
587.71 -1.00 -1.00 0 88.3 
588.01 -1.00 -1.00 0 86.9 
588.31 -1.00 -1.00 0 86.9 
588.65 -1.00 -1.00 0 86.9 
588.93 -1.00 -1.00 0 86.3 
589.18 -1.00 -1.00 0 86.3 
589.41 -1.00 -1.00 0 86.3 
589.74 -1.00 -1.00 0 86.3 
589.94 -1.00 -1.00 0 88.4 
590.15 -1.00 -1.00 0 88.4 
590.42 -1.00 -1.00 0 88.4 
590.69 -1.00 -1.00 0 88.4 
590.92 -1.00 -1.00 0 87.4 
591.21 -1.00 -1.00 0 87.4 
591.52 -1.00 -1.00 0 87.4 
591.79 -1.00 -1.00 0 87.4 
592.02 -1.00 -1.00 0 86.9 
592.32 -1.00 -1.00 0 86.9 
592.56 -1.00 -1.00 0 86.9 
592.85 -1.00 -1.00 0 86.9 
593.14 -1.00 -1.00 0 87.9 
593.38 -1.00 -1.00 0 87.9 
593.69 -1.00 -1.00 0 87.9 
593.99 -1.00 -1.00 0 89.3 
594.20 -1.00 -1.00 0 89.3 
594.46 -1.00 -1.00 0 89.3 
594.74 -1.00 -1.00 0 89.3 
595.03 -1.00 -1.00 0 89.7 
595.28 -1.00 -1.00 0 89.7 
595.62 -1.00 -1.00 0 89.7 
595.84 -1.00 -1.00 0 89.6 
596.17 -1.00 -1.00 0 89.6 
596.38 -1.00 -1.00 0 89.6 
596.71 -1.00 -1.00 0 89.6 
597.00 -1.00 -1.00 0 91.0 
597.31 -1.00 -1.00 0 91.0 
597.81 -1.00 -1.00 0 92.1 
598.11 -1.00 -1.00 0 92.1 
598.37 -1.00 -1.00 0 92.1 
598.65 -1.00 -1.00 0 92.1 
598.95 -1.00 -1.00 0 92.3 
599.22 -1.00 -1.00 0 92.3 
599.49 -1.00 -1.00 0 92.3 
599.79 -1.00 -1.00 0 92.3 
599.99 -1.00 -1.00 0 91.7 
600.31 -1.00 -1.00 0 91.7 
600.61 -1.00 -1.00 0 91.7 
600.86 -1.00 -1.00 0 92.5 
601.15 -1.00 -1.00 0 92.5 
601.37 -1.00 -1.00 0 92.5 
601.65 -1.00 -1.00 0 92.5 
601.95 -1.00 -1.00 0 91.3 
602.20 -1.00 -1.00 0 91.3 
602.48 -1.00 -1.00 0 91.3 
602.82 -1.00 -1.00 0 91.3 
603.07 -1.00 -1.00 0 90.9 
603.32 -1.00 -1.00 0 90.9 
603.55 -1.00 -1.00 0 90.9 
603.80 -1.00 -1.00 0 90.9 
604.07 -1.00 -1.00 0 90.6 
604.31 -1.00 -1.00 0 90.6 
604.52 -1.00 -1.00 0 90.6 
604.84 -1.00 -1.00 0 90.6 
605.13 -1.00 -1.00 0 90.8 
605.38 -1.00 -1.00 0 90.8 
605.68 -1.00 -1.00 0 90.8 
605.89 -1.00 -1.00 0 91.0 
606.18 -1.00 -1.00 0 91.0 
606.44 -1.00 -1.00 1 91.0 
606.73 -1.00 -1.00 0 91.0 
607.03 -1.00 -1.00 0 89.7 
607.21 -1.00 -1.00 0 89.7 
607.49 -1.00 -1.00 0 89.7 
607.79 -1.00 -1.00 0 89.7 
608.00 -1.00 -1.00 0 88.8 
608.18 -1.00 -1.00 0 88.8 
608.45 -1.00 -1.00 0 88.8 
608.72 -1.00 -1.00 0 88.8 
608.93 -1.00 -1.00 0 88.1 
609.16 -1.00 -1.00 0 88.1 
609.39 -1.00 -1.00 0 88.1 
609.69 -1.00 -1.00 0 88.1 
609.87 -1.00 -1.00 0 88.3 
610.12 -1.00 -1.00 0 88.3 
610.36 -1.00 -1.00 0 88.3 
610.62 -1.00 -1.00 0 88.3 
610.82 -1.00 -1.00 0 88.6 
611.10 -1.00 -1.00 0 88.6 
611.34 -1.00 -1.00 0 88.6 
611.61 -1.00 -1.00 0 88.6 
611.82 -1.00 -1.00 0 87.3 
612.08 -1.00 -1.00 0 87.3 
612.30 -1.00 -1.00 0 87.3 
612.57 -1.00 -1.00 0 87.3 
612.85 -1.00 -1.00 0 87.3 
613.08 -1.00 -1.00 0 85.0 
613.34 -1.00 -1.00 0 85.0 
613.50 -1.00 -1.00 0 85.0 
613.70 -1.00 -1.00 0 85.0 
613.95 -1.00 -1.00 0 84.1 
614.18 -1.00 -1.00 0 84.1 
614.43 -1.00 -1.00 0 84.1 
614.66 -1.00 -1.00 0 84.1 
614.93 -1.00 -1.00 0 82.4 
615.16 -1.00 -1.00 0 82.4 
615.45 -1.00 -1.00 0 82.4 
615.76 -1.00 -1.00 0 82.4 
616.03 -1.00 -1.00 0 81.8 
616.31 -1.00 -1.00 0 81.8 
616.56 -1.00 -1.00 0 81.8 
616.89 -1.00 -1.00 0 81.8 
617.10 -1.00 -1.00 0 83.6 
617.28 -1.00 -1.00 0 83.6 
617.57 -1.00 -1.00 0 83.6 
617.84 -1.00 -1.00 0 83.6 
618.10 -1.00 -1.00 0 84.9 
618.29 -1.00 -1.00 0 84.9 
618.55 -1.00 -1.00 0 84.9 
618.80 -1.00 -1.00 0 84.9 
619.02 -1.00 -1.00 0 84.2 
619.28 -1.00 -1.00 0 84.2 
619.65 -1.00 -1.00 0 84.2 
619.94 -1.00 -1.00 0 85.4 
620.13 -1.00 -1.00 0 85.4 
620.44 -1.00 -1.00 0 85.4 
620.67 -1.00 -1.00 0 85.4 
620.94 -1.00 -1.00 0 86.7 
621.22 -1.00 -1.00 0 86.7 
621.48 -1.00 -1.00 0 86.7 
621.77 -1.00 -1.00 0 86.7 
622.01 -1.00 -1.00 0 86.1 
622.29 -1.00 -1.00 0 86.1 
622.47 -1.00 -1.00 0 86.1 
622.78 -1.00 -1.00 0 86.1 
623.07 -1.00 -1.00 0 85.3 
623.28 -1.00 -1.00 0 85.3 
623.58 -1.00 -1.00 0 85.3 
623.82 -1.00 -1.00 0 85.3 
624.06 -1.00 -1.00 0 85.5 
624.35 -1.00 -1.00 0 85.5 
624.62 -1.00 -1.00 0 85.5 
624.87 -1.00 -1.00 0 86.4 
625.12 -1.00 -1.00 0 86.4 
625.35 -1.00 -1.00 0 86.4 
625.67 -1.00 -1.00 0 86.4 
625.95 -1.00 -1.00 0 85.1 
626.18 -1.00 -1.00 0 85.1 
626.48 -1.00 -1.00 0 85.1 
626.70 -1.00 -1.00 0 85.1 
627.00 -1.00 -1.00 0 85.0 
627.23 -1.00 -1.00 0 85.0 
627.49 -1.00 -1.00 0 85.0 
627.76 -1.00 -1.00 0 85.0 
628.05 -1.00 -1.00 0 83.4 
628.23 -1.00 -1.00 0 83.4 
628.49 -1.00 -1.00 0 83.4 
628.79 -1.00 -1.00 0 83.4 
629.07 -1.00 -1.00 0 81.3 
629.36 -1.00 -1.00 0 81.3 
629.73 -1.00 -1.00 0 81.3 
630.01 -1.00 -1.00 0 82.0 
630.24 -1.00 -1.00 0 82.0 
630.59 -1.00 -1.00 0 82.0 
630.87 -1.00 -1.00 0 82.0 
631.18 -1.00 -1.00 0 83.2 
631.44 -1.00 -1.00 1 83.2 
631.79 -1.00 -1.00 1 83.2 
632.04 -1.00 -1.00 1 81.6 
632.30 -1.00 -1.00 1 81.6 
632.53 -1.00 -1.00 1 81.6 
632.90 -1.00 -1.00 1 81.6 
633.24 -1.00 -1.00 1 85.6 
633.55 -1.00 -1.00 1 85.6 
633.79 -1.00 -1.00 1 85.6 
634.09 -1.00 -1.00 1 83.4 
634.30 -1.00 -1.00 1 83.4 
634.53 -1.00 -1.00 1 83.4 
634.85 13.04 0.56 1 83.4 
635.08 13.57 0.56 1 87.9 
635.34 14.10 0.58 1 87.9 
635.76 14.76 0.60 1 87.9 
635.98 15.39 0.62 1 89.0 
636.31 16.34 0.66 1 89.0 
636.65 17.26 0.70 1 89.0 
636.94 18.35 0.74 1 88.9 
637.27 19.22 0.78 1 88.9 
637.81 22.80 0.92 1 88.9 
638.09 23.49 0.95 1 89.0 
638.28 23.82 0.96 1 89.0 
638.55 23.87 0.97 1 89.0 
638.82 24.95 1.01 1 89.0 
639.04 26.14 1.05 1 89.7 
639.32 27.49 1.10 1 89.7 
639.56 27.64 1.11 1 89.7 
639.89 28.37 1.14 1 89.7 
640.09 28.36 1.10 1 92.6 
640.35 29.32 1.14 1 92.6 
640.65 29.75 1.16 1 92.6 
640.93 30.47 1.18 1 92.6 
641.19 31.08 1.21 1 92.6 
641.47 32.44 1.26 1 92.6 
641.89 33.58 1.31 1 92.6 
642.13 35.04 1.32 1 95.5 
642.42 35.76 1.35 1 95.5 
642.74 37.46 1.41 1 95.5 
642.98 39.61 1.52 1 93.7 
643.17 42.25 1.62 1 93.7 
643.45 43.66 1.68 1 93.7 
643.69 44.90 1.72 1 93.7 
643.97 45.95 1.70 1 97.3 
644.22 46.88 1.73 1 97.3 
644.53 47.67 1.76 1 97.3 
644.82 49.13 1.82 1 97.3 
645.07 51.39 1.87 1 99.0 
645.32 56.16 2.04 1 99.0 
645.55 62.30 2.27 1 99.0 
645.79 65.44 2.38 1 99.0 
645.97 64.97 2.33 1 100.4 
646.19 63.75 2.29 1 100.4 
646.50 63.28 2.27 1 100.4 
646.82 61.54 2.21 1 100.4 
647.15 61.20 2.20 1 100.0 
647.81 57.49 2.07 1 100.0 
648.06 54.67 1.97 1 100.0 
648.38 53.54 1.93 1 100.0 
648.70 52.55 1.89 1 100.0 
648.93 51.09 1.84 1 100.0 
649.21 50.38 1.81 1 100.0 
649.51 49.74 1.79 1 100.0 
649.79 49.18 1.77 1 100.0 
650.02 48.69 1.70 1 102.9 
650.30 48.97 1.71 1 102.9 
650.67 49.20 1.72 1 102.9 
650.96 49.38 1.74 1 101.9 
651.24 51.42 1.82 1 101.9 
651.62 51.32 1.81 1 101.9 
651.91 52.03 1.86 1 101.0 
652.17 52.66 1.88 1 101.0 
652.48 54.20 1.93 1 101.0 
652.78 53.74 1.92 1 101.0 
653.04 55.10 1.99 1 99.7 
653.31 56.28 2.03 1 99.7 
653.70 56.34 2.03 1 99.7 
653.87 56.38 2.06 1 98.4 
654.15 56.43 2.07 1 98.4 
654.43 55.69 2.04 1 98.4 
654.75 56.76 2.08 1 98.4 
655.00 57.73 2.14 1 97.0 
655.18 58.55 2.17 1 97.0 
655.54 59.24 2.20 1 97.0 
655.90 57.52 2.13 1 97.0 
656.16 56.58 2.13 1 95.7 
656.43 55.05 2.07 1 95.7 
656.78 52.64 1.98 1 95.7 
657.07 51.52 1.95 1 95.3 
657.31 51.25 1.94 1 95.3 
657.91 52.38 1.94 1 97.3 
658.20 52.81 1.95 1 97.3 
658.52 53.21 1.97 1 97.3 
658.79 52.06 1.93 1 97.3 
659.04 51.02 1.88 1 97.7 
659.34 50.78 1.87 1 97.7 
659.77 49.90 1.84 1 97.7 
660.07 49.80 1.84 1 97.2 
660.37 50.57 1.87 1 97.2 
660.66 49.71 1.84 1 97.2 
661.00 51.53 1.94 1 95.7 
661.32 53.08 2.00 1 95.7 
661.55 54.40 2.05 1 95.7 
661.92 54.56 2.05 1 95.7 
662.12 54.71 2.10 1 94.0 
662.42 54.02 2.07 1 94.0 
662.69 55.21 2.12 1 94.0 
662.88 54.46 2.09 1 93.8 
663.13 53.77 2.06 1 93.8 
663.39 53.97 2.07 1 93.8 
663.74 54.15 2.08 1 93.8 
664.03 55.30 2.19 1 90.9 
664.26 55.32 2.19 1 90.9 
664.61 55.32 2.19 1 90.9 
664.85 53.86 2.16 1 89.6 
665.13 53.22 2.14 1 89.6 
665.43 52.66 2.12 1 89.6 
665.66 51.47 2.07 1 89.6 
665.93 49.85 1.99 1 90.2 
666.22 49.71 1.98 1 90.2 
666.60 52.90 2.11 1 90.2 
666.87 52.39 2.07 1 91.3 
667.17 55.10 2.17 1 91.3 
667.39 57.35 2.26 1 91.3 
667.74 58.05 2.29 1 91.3 
668.05 61.55 2.46 1 89.9 
668.35 64.49 2.58 1 89.9 
668.65 67.07 2.68 1 89.9 
668.90 -1.00 -1.00 0 88.2 
669.20 -1.00 -1.00 0 88.2 
669.48 -1.00 -1.00 0 88.2 
669.78 -1.00 -1.00 0 88.2 
670.03 -1.00 -1.00 0 87.0 
670.28 -1.00 -1.00 0 87.0 
670.63 -1.00 -1.00 0 87.0 
670.89 -1.00 -1.00 0 85.4 
671.19 -1.00 -1.00 0 85.4 
671.43 -1.00 -1.00 0 85.4 
671.69 -1.00 -1.00 0 85.4 
671.91 -1.00 -1.00 0 84.0 
672.14 -1.00 -1.00 0 84.0 
672.31 -1.00 -1.00 0 84.0 
672.62 -1.00 -1.00 0 84.0 
672.84 -1.00 -1.00 0 82.8 
673.10 -1.00 -1.00 0 82.8 
673.29 -1.00 -1.00 0 82.8 
673.63 -1.00 -1.00 0 82.8 
673.93 -1.00 -1.00 0 81.2 
674.21 -1.00 -1.00 0 81.2 
674.54 -1.00 -1.00 0 81.2 
674.88 -1.00 -1.00 0 81.2 
675.14 -1.00 -1.00 0 80.0 
675.41 -1.00 -1.00 0 80.0 
675.75 -1.00 -1.00 0 80.0 
675.98 -1.00 -1.00 0 80.9 
676.20 -1.00 -1.00 0 80.9 
676.41 -1.00 -1.00 0 80.9 
676.77 -1.00 -1.00 0 80.9 
677.07 -1.00 -1.00 0 82.3 
677.34 -1.00 -1.00 0 82.3 
677.63 -1.00 -1.00 0 82.3 
677.94 -1.00 -1.00 0 84.0 
678.25 -1.00 -1.00 0 84.0 
678.53 -1.00 -1.00 0 84.0 
678.84 -1.00 -1.00 0 84.0 
679.06 -1.00 -1.00 0 84.2 
679.35 -1.00 -1.00 0 84.2 
679.54 -1.00 -1.00 0 84.2 
679.88 -1.00 -1.00 0 84.2 
680.15 -1.00 -1.00 0 82.7 
680.41 -1.00 -1.00 0 82.7 
680.73 -1.00 -1.00 0 82.7 
681.00 -1.00 -1.00 0 81.3 
681.20 -1.00 -1.00 0 81.3 
681.50 -1.00 -1.00 0 81.3 
681.73 -1.00 -1.00 0 81.3 
682.04 -1.00 -1.00 0 80.8 
682.25 -1.00 -1.00 0 80.8 
682.49 -1.00 -1.00 0 80.8 
682.82 -1.00 -1.00 0 80.8 
683.07 -1.00 -1.00 0 78.9 
683.36 -1.00 -1.00 0 78.9 
683.62 -1.00 -1.00 0 78.9 
683.86 -1.00 -1.00 0 78.2 
684.08 -1.00 -1.00 0 78.2 
684.30 -1.00 -1.00 0 78.2 
684.64 -1.00 -1.00 0 78.2 
684.81 -1.00 -1.00 0 77.0 
685.05 -1.00 -1.00 0 77.0 
685.31 -1.00 -1.00 0 77.0 
685.62 -1.00 -1.00 0 77.0 
685.85 -1.00 -1.00 0 76.0 
686.07 -1.00 -1.00 0 76.0 
686.29 -1.00 -1.00 0 76.0 
686.52 -1.00 -1.00 0 76.0 
686.78 -1.00 -1.00 0 76.0 
686.94 -1.00 -1.00 0 75.6 
687.24 -1.00 -1.00 0 75.6 
687.42 -1.00 -1.00 0 75.6 
687.62 -1.00 -1.00 0 75.6 
687.83 -1.00 -1.00 0 74.8 
688.02 -1.00 -1.00 0 74.8 
688.25 -1.00 -1.00 0 74.8 
688.47 -1.00 -1.00 0 74.8 
688.74 -1.00 -1.00 0 74.8 
688.97 -1.00 -1.00 0 73.0 
689.22 -1.00 -1.00 0 73.0 
689.45 -1.00 -1.00 0 73.0 
689.77 -1.00 -1.00 0 73.0 
689.98 -1.00 -1.00 0 73.7 
690.24 -1.00 -1.00 0 73.7 
690.43 -1.00 -1.00 0 73.7 
690.76 -1.00 -1.00 0 73.7 
691.01 -1.00 -1.00 0 68.4 
691.22 -1.00 -1.00 0 68.4 
691.46 -1.00 -1.00 0 68.4 
691.80 -1.00 -1.00 0 68.4 
692.01 -1.00 -1.00 0 65.6 
692.29 -1.00 -1.00 0 65.6 
692.51 -1.00 -1.00 0 65.6 
692.81 -1.00 -1.00 0 65.6 
693.04 -1.00 -1.00 0 61.3 
693.25 -1.00 -1.00 0 61.3 
693.47 -1.00 -1.00 0 61.3 
693.77 -1.00 -1.00 0 61.3 
693.95 -1.00 -1.00 0 59.2 
694.18 -1.00 -1.00 0 59.2 
694.43 -1.00 -1.00 0 59.2 
694.71 -1.00 -1.00 0 59.2 
694.96 -1.00 -1.00 0 57.3 
695.21 -1.00 -1.00 0 57.3 
695.38 -1.00 -1.00 0 57.3 
695.69 -1.00 -1.00 0 57.3 
695.94 -1.00 -1.00 0 55.4 
696.19 -1.00 -1.00 0 55.4 
696.41 -1.00 -1.00 0 55.4 
696.77 -1.00 -1.00 0 55.4 
697.05 -1.00 -1.00 0 51.4 
697.27 -1.00 -1.00 0 51.4 
697.79 -1.00 -1.00 0 51.4 
