22.47 90.0 1 primary 1 1 40.584461 -3.554158 2.077 75.0 
24.67 90.0 1 primary 1 1 40.584404 -3.553449 1.279 80.4 
26.76 90.0 1 primary 2 1 40.584328 -3.552922 1.372 83.6 
28.23 90.0 1 primary 2 1 40.584240 -3.552391 0.842 85.1 
29.37 90.0 1 primary 2 1 40.584190 -3.552122 0.982 86.5 
32.09 90.0 1 primary 2 1 40.584129 -3.551846 2.698 90.4 
36.44 90.0 1 primary 2 1 40.583912 -3.550998 4.052 89.4 
38.54 90.0 1 primary 2 1 40.583450 -3.549673 1.146 91.3 
40.08 90.0 1 primary 2 1 40.583225 -3.549153 0.687 91.4 
41.35 90.0 1 primary 2 1 40.583099 -3.548902 0.957 87.4 
42.66 90.0 1 primary 2 1 40.582973 -3.548656 1.272 85.2 
44.79 90.0 1 primary 2 1 40.582729 -3.548205 1.394 87.2 
46.22 90.0 1 primary 2 1 40.582458 -3.547767 0.830 88.1 
48.08 90.0 1 primary 2 1 40.582317 -3.547553 1.692 89.0 
49.40 90.0 1 primary 2 1 40.582001 -3.547123 1.010 88.1 
51.41 90.0 1 primary 2 1 40.581676 -3.546701 1.015 87.6 
54.12 90.0 1 primary 2 1 40.581367 -3.546283 1.731 88.8 
56.06 90.0 1 primary 2 1 40.581047 -3.545866 1.665 90.4 
57.49 90.0 1 primary 2 1 40.580734 -3.545441 1.095 90.5 
59.22 90.0 1 primary 2 1 40.580414 -3.545010 0.831 91.3 
62.22 90.0 1 primary 2 1 40.580257 -3.544793 2.824 91.1 
63.53 90.0 1 primary 2 1 40.579819 -3.544123 1.134 89.1 
65.89 90.0 1 primary 2 1 40.579544 -3.543677 1.501 84.5 
67.46 90.0 1 primary 2 1 40.579288 -3.543251 1.067 85.6 
69.21 90.0 1 primary 2 1 40.579025 -3.542808 0.816 87.5 
70.28 90.0 1 primary 2 1 40.578903 -3.542573 0.888 88.2 
72.53 90.0 1 primary 2 1 40.578781 -3.542329 2.139 88.3 
75.00 90.0 1 primary 2 1 40.578419 -3.541591 1.600 89.0 
76.17 90.0 1 primary 2 1 40.578194 -3.541090 0.782 89.3 
77.45 90.0 1 primary 2 1 40.578079 -3.540833 1.056 89.6 
79.50 90.0 1 primary 2 1 40.577858 -3.540325 1.111 89.3 
82.00 90.0 1 primary 2 1 40.577656 -3.539809 1.609 89.4 
83.29 90.0 1 primary 2 1 40.577457 -3.539274 0.897 88.6 
84.11 90.0 1 primary 2 1 40.577358 -3.539005 0.721 87.0 
86.07 90.0 1 primary 2 1 40.577263 -3.538741 1.682 92.5 
87.08 90.0 1 primary 2 1 40.577072 -3.538210 0.685 91.0 
88.52 90.0 1 primary 2 1 40.576977 -3.537943 1.130 91.3 
90.80 90.0 1 primary 2 1 40.576786 -3.537399 1.413 91.0 
93.42 90.0 1 primary 2 1 40.576599 -3.536851 2.027 92.2 
95.61 90.0 1 primary 2 1 40.576317 -3.536033 1.212 92.7 
98.32 90.0 1 primary 2 1 40.576103 -3.535481 1.933 90.4 
101.48 90.0 1 primary 2 1 40.575882 -3.534950 3.091 91.7 
103.77 90.0 1 primary 2 1 40.575409 -3.533900 1.368 89.2 
105.89 90.0 1 primary 2 1 40.575169 -3.533406 1.499 89.2 
108.12 90.0 1 primary 2 1 40.574917 -3.532918 1.725 90.1 
110.85 90.0 1 primary 2 1 40.574669 -3.532423 2.453 89.7 
112.93 90.0 1 primary 2 1 40.574303 -3.531691 1.533 90.0 
114.54 90.0 1 primary 2 1 40.574078 -3.531178 1.149 90.8 
116.88 90.0 1 primary 2 1 40.573860 -3.530657 1.480 91.0 
121.30 90.0 1 primary 2 1 40.573647 -3.530140 3.906 91.4 
123.81 90.0 1 primary 2 1 40.573269 -3.529059 2.418 90.8 
125.17 90.0 1 primary 2 1 40.573025 -3.528245 0.778 91.4 
126.50 90.0 1 primary 2 1 40.572941 -3.527964 1.107 90.8 
136.77 90.0 1 primary 2 1 40.572777 -3.527421 9.372 88.6 
138.65 90.0 1 primary 2 1 40.571896 -3.524706 1.257 87.2 
140.33 90.0 1 primary 2 1 40.571682 -3.524211 0.942 86.6 
141.41 90.0 1 primary 2 1 40.571568 -3.523969 1.015 86.9 
143.29 90.0 1 primary 2 1 40.571342 -3.523480 0.894 84.4 
144.94 90.0 1 primary 2 1 40.571220 -3.523247 1.553 86.4 
146.30 90.0 1 primary 2 1 40.570972 -3.522787 0.905 85.7 
147.67 90.0 1 primary 2 1 40.570847 -3.522559 1.283 86.2 
149.54 90.0 1 primary 2 1 40.570583 -3.522119 1.148 87.2 
151.09 90.0 1 primary 2 1 40.570305 -3.521703 0.694 87.4 
152.75 90.0 1 primary 2 1 40.570145 -3.521480 1.354 86.1 
154.66 90.0 1 primary 2 1 40.569843 -3.521069 1.263 82.4 
157.53 90.0 1 primary 2 1 40.569534 -3.520684 2.143 81.6 
160.94 90.0 1 primary 2 1 40.569069 -3.520141 2.544 78.2 
164.09 90.0 1 primary 2 1 40.568588 -3.519671 2.695 81.1 
167.25 90.0 1 primary 2 1 40.568111 -3.519223 2.862 84.3 
168.69 90.0 1 primary 2 1 40.567585 -3.518811 1.302 84.6 
180.00 90.0 1 primary 3 2 40.567223 -3.518544 10.605 82.7 
181.69 90.0 1 primary 3 1 40.565022 -3.517352 1.296 82.1 
183.20 90.0 1 primary 3 1 40.564617 -3.517232 0.808 82.6 
184.21 90.0 1 primary 3 1 40.564415 -3.517180 0.819 80.1 
185.09 90.0 1 primary 3 1 40.564213 -3.517120 0.697 81.3 
186.20 90.0 1 primary 3 1 40.564011 -3.517070 0.807 79.6 
187.63 90.0 1 primary 3 1 40.563812 -3.517021 1.242 81.1 
189.62 90.0 1 primary 3 1 40.563416 -3.516952 1.219 82.1 
191.93 90.0 1 primary 3 1 40.563004 -3.516899 1.542 82.3 
195.01 90.0 1 primary 3 1 40.562592 -3.516857 2.613 85.2 
197.06 100.0 3 primary_link 1 1 40.561939 -3.516772 1.665 84.8 
198.28 100.0 3 primary_link 1 1 40.561520 -3.516670 0.892 87.0 
200.24 100.0 3 primary_link 1 1 40.561314 -3.516611 1.834 85.7 
201.87 90.0 1 primary 3 1 40.560909 -3.516471 1.482 86.0 
204.34 90.0 1 primary 3 1 40.560501 -3.516300 1.947 85.9 
206.11 90.0 1 primary 3 1 40.560112 -3.516084 1.723 84.5 
207.81 100.0 3 primary_link 1 1 40.559734 -3.515843 1.417 83.8 
209.85 100.0 3 primary_link 1 1 40.559372 -3.515566 1.464 86.1 
211.60 100.0 3 primary_link 1 1 40.559029 -3.515235 1.208 86.8 
214.48 90.0 1 primary 3 1 40.558685 -3.514886 2.086 86.9 
217.08 90.0 1 primary 3 1 40.558220 -3.514272 1.689 86.3 
218.25 90.0 1 primary 3 1 40.557941 -3.513837 0.858 86.0 
219.07 90.0 1 primary 3 1 40.557819 -3.513611 0.679 86.0 
220.81 90.0 1 primary 3 1 40.557697 -3.513381 1.423 85.8 
222.15 90.0 1 primary 3 1 40.557476 -3.512903 0.761 85.5 
223.27 90.0 1 primary 3 1 40.557373 -3.512660 0.879 85.4 
224.15 90.0 1 primary 3 1 40.557281 -3.512409 0.757 85.3 
224.91 90.0 1 primary 3 1 40.557194 -3.512156 0.517 85.1 
225.94 90.0 1 primary 3 1 40.557117 -3.511899 0.547 85.0 
227.29 90.0 1 primary 3 1 40.557045 -3.511638 0.884 84.7 
228.14 90.0 1 primary 3 1 40.556980 -3.511372 0.739 84.2 
229.15 90.0 1 primary 3 1 40.556923 -3.511109 0.760 84.0 
229.97 90.0 1 primary 3 1 40.556870 -3.510842 0.575 83.1 
231.15 90.0 1 primary 3 1 40.556824 -3.510580 0.764 83.1 
231.97 90.0 1 primary 3 1 40.556786 -3.510318 0.581 82.3 
233.02 90.0 1 primary 3 1 40.556759 -3.510056 0.633 82.4 
234.18 90.0 1 primary 3 1 40.556736 -3.509783 0.751 82.4 
235.05 90.0 1 primary 3 1 40.556717 -3.509510 0.663 82.1 
235.94 90.0 1 primary 3 1 40.556717 -3.509246 0.551 82.2 
237.24 90.0 1 primary 3 1 40.556709 -3.508972 0.846 82.4 
237.91 90.0 1 primary 3 1 40.556713 -3.508700 0.522 82.4 
239.26 90.0 1 primary 3 1 40.556717 -3.508430 0.869 82.5 
240.17 90.0 1 primary 3 1 40.556728 -3.508157 0.779 82.7 
241.19 90.0 1 primary 3 1 40.556732 -3.507886 0.802 83.2 
242.53 90.0 1 primary 3 1 40.556740 -3.507608 1.135 82.8 
244.59 90.0 1 primary 3 1 40.556732 -3.507059 1.203 82.8 
246.93 90.0 1 primary 3 1 40.556713 -3.506507 1.539 83.1 
248.36 90.0 1 primary 3 1 40.556667 -3.505970 0.972 82.7 
249.14 90.0 1 primary 3 1 40.556637 -3.505701 0.742 82.4 
250.10 90.0 1 primary 3 1 40.556602 -3.505435 0.701 83.4 
251.12 90.0 1 primary 3 1 40.556557 -3.505168 0.728 83.2 
252.05 90.0 1 primary 3 1 40.556507 -3.504900 0.649 82.5 
253.03 90.0 1 primary 3 1 40.556450 -3.504635 0.636 83.1 
254.30 90.0 1 primary 3 1 40.556385 -3.504374 0.901 82.7 
255.28 90.0 1 primary 3 1 40.556320 -3.504112 0.887 83.0 
256.42 90.0 1 primary 3 1 40.556252 -3.503872 1.025 83.2 
258.30 90.0 1 primary 3 1 40.556072 -3.503366 0.908 83.2 
259.55 90.0 1 primary 3 1 40.555977 -3.503125 1.163 82.8 
261.28 90.0 1 primary 3 1 40.555775 -3.502660 0.885 82.8 
261.98 90.0 1 primary 3 1 40.555660 -3.502422 0.584 84.0 
263.31 90.0 1 primary 3 1 40.555538 -3.502200 0.916 82.5 
264.75 90.0 1 primary 3 1 40.555420 -3.501981 1.361 82.5 
266.74 90.0 1 primary 3 2 40.555183 -3.501530 1.346 83.7 
268.34 90.0 1 primary 3 2 40.554970 -3.501069 0.953 82.8 
269.05 90.0 1 primary 3 2 40.554878 -3.500833 0.655 82.9 
270.21 90.0 1 primary 3 2 40.554790 -3.500587 0.824 83.3 
271.22 90.0 1 primary 3 2 40.554718 -3.500340 0.825 84.1 
272.12 90.0 1 primary 2 2 40.554653 -3.500074 0.725 85.2 
273.76 90.0 1 primary 2 2 40.554592 -3.499798 1.372 84.3 
275.08 90.0 1 primary 2 2 40.554485 -3.499268 0.692 87.4 
276.53 90.0 1 primary 2 2 40.554420 -3.498997 1.139 87.8 
277.95 90.0 1 primary 2 2 40.554317 -3.498443 0.562 85.4 
279.00 90.0 1 primary 2 2 40.554287 -3.498171 0.606 84.1 
280.03 90.0 1 primary 2 2 40.554260 -3.497897 0.639 83.8 
281.03 90.0 3 tertiary_link 1 2 40.554245 -3.497627 0.634 85.2 
282.11 90.0 3 tertiary_link 1 2 40.554230 -3.497345 0.720 87.1 
283.38 90.0 3 tertiary_link 1 2 40.554234 -3.497063 0.987 88.2 
284.30 90.0 3 tertiary_link 1 2 40.554237 -3.496784 0.910 88.9 
285.02 90.0 1 primary 2 2 40.554256 -3.496497 0.625 87.8 
286.16 100.0 3 primary_link 1 2 40.554279 -3.496206 0.764 86.4 
287.48 100.0 3 primary_link 1 2 40.554314 -3.495922 1.082 84.5 
289.26 100.0 3 primary_link 1 2 40.554401 -3.495374 0.858 87.8 
290.44 100.0 3 primary_link 1 2 40.554466 -3.495093 1.051 88.2 
292.19 90.0 1 primary 2 2 40.554623 -3.494556 0.796 87.3 
293.11 90.0 1 primary 2 2 40.554710 -3.494298 0.718 89.4 
294.22 90.0 1 primary 2 2 40.554821 -3.494030 0.828 91.0 
295.61 90.0 1 primary 2 2 40.554924 -3.493759 1.220 91.4 
297.82 90.0 1 primary 2 2 40.555126 -3.493219 1.428 87.7 
299.76 90.0 1 primary 2 2 40.555313 -3.492695 1.371 89.6 
301.61 90.0 3 tertiary_link 1 2 40.555485 -3.492168 1.218 92.0 
303.26 90.0 3 tertiary_link 1 2 40.555634 -3.491616 0.868 92.4 
304.88 90.0 3 tertiary_link 1 2 40.555702 -3.491332 1.489 91.4 
306.66 90.0 3 tertiary_link 1 2 40.555813 -3.490747 1.272 92.0 
308.27 90.0 1 primary 2 2 40.555882 -3.490166 0.871 93.1 
309.13 90.0 1 primary 2 2 40.555916 -3.489851 0.732 93.7 
310.11 90.0 1 primary 2 2 40.555943 -3.489551 0.719 92.5 
311.13 90.0 1 primary 2 2 40.555950 -3.489243 0.733 94.0 
312.06 90.0 1 primary 2 2 40.555943 -3.488922 0.669 93.9 
312.99 90.0 1 primary 2 2 40.555923 -3.488611 0.600 92.0 
314.00 90.0 1 primary 2 2 40.555897 -3.488309 0.600 91.6 
315.13 90.0 1 primary 2 2 40.555874 -3.488001 0.740 92.4 
316.38 90.0 1 primary 2 2 40.555843 -3.487701 0.986 93.6 
317.42 90.0 1 primary 2 2 40.555809 -3.487395 1.025 95.3 
319.22 90.0 1 primary 2 2 40.555725 -3.486770 0.828 98.5 
320.06 90.0 1 primary 2 2 40.555672 -3.486452 0.658 99.9 
321.38 90.0 1 primary 2 2 40.555614 -3.486136 0.987 101.3 
322.53 90.0 1 primary 2 2 40.555569 -3.485831 1.142 100.1 
324.77 90.0 1 primary 2 2 40.555424 -3.485198 1.374 94.8 
327.09 90.0 1 primary 2 2 40.555286 -3.484597 1.695 91.4 
328.44 90.0 1 primary 2 2 40.555119 -3.484010 1.047 89.7 
330.59 90.0 1 primary 2 2 40.554955 -3.483461 1.194 86.9 
332.63 90.0 1 primary 2 2 40.554783 -3.482944 1.242 85.8 
334.89 90.0 1 primary 2 1 40.554600 -3.482433 1.499 85.0 
336.63 90.0 1 primary 2 1 40.554409 -3.481934 1.239 84.9 
338.70 90.0 1 primary 2 1 40.554207 -3.481458 1.304 87.8 
340.31 90.0 1 primary 2 1 40.553974 -3.480982 0.921 89.1 
341.68 90.0 1 primary 2 1 40.553860 -3.480743 1.291 88.8 
344.39 90.0 1 primary 2 1 40.553612 -3.480265 1.995 86.7 
346.03 90.0 1 primary 2 1 40.553356 -3.479792 1.628 87.4 
347.79 90.0 1 primary 2 1 40.553089 -3.479337 1.396 92.1 
349.38 90.0 1 primary 2 1 40.552792 -3.478886 0.990 93.5 
358.21 90.0 1 primary 2 1 40.552635 -3.478658 8.818 95.0 
360.28 90.0 1 primary 2 1 40.551083 -3.476781 1.888 93.7 
361.43 90.0 1 primary 2 1 40.550694 -3.476417 1.032 93.7 
363.25 90.0 1 primary 2 1 40.550293 -3.476061 0.861 93.0 
364.41 90.0 1 primary 2 1 40.550091 -3.475892 1.014 92.8 
366.46 90.0 1 primary 2 1 40.549713 -3.475589 1.068 94.9 
368.73 90.0 1 primary 2 1 40.549286 -3.475282 1.329 93.5 
370.03 90.0 1 primary 2 1 40.548862 -3.475002 0.640 92.3 
371.15 90.0 1 primary 2 1 40.548653 -3.474872 0.759 92.1 
373.02 90.0 1 primary 2 1 40.548435 -3.474743 1.628 91.8 
374.21 90.0 1 primary 2 1 40.548023 -3.474507 0.816 92.6 
375.27 90.0 1 primary 2 1 40.547806 -3.474402 0.876 92.7 
377.03 90.0 1 primary 2 1 40.547588 -3.474304 1.640 94.4 
378.64 90.0 1 primary 2 1 40.547146 -3.474109 1.247 96.0 
381.38 90.0 1 primary 2 1 40.546692 -3.473925 1.984 94.7 
382.91 90.0 1 primary 2 1 40.546234 -3.473751 1.522 92.5 
384.97 90.0 1 primary 2 1 40.545792 -3.473580 1.579 90.3 
387.17 90.0 1 primary 2 1 40.545353 -3.473427 1.780 90.8 
388.35 90.0 1 primary 2 1 40.544926 -3.473284 0.955 90.3 
390.08 90.0 1 primary 2 1 40.544701 -3.473209 1.689 89.2 
391.32 90.0 1 primary 2 1 40.544266 -3.473079 0.930 86.7 
392.34 90.0 1 primary 2 1 40.544056 -3.473007 0.950 87.8 
393.98 90.0 1 primary 2 1 40.543839 -3.472937 1.591 89.0 
396.64 30.0 1 primary_link 1 1 40.543407 -3.472800 2.249 92.8 
398.29 30.0 1 primary_link 1 1 40.542744 -3.472572 0.891 90.8 
399.23 30.0 1 primary_link 1 1 40.542519 -3.472497 0.835 88.8 
400.71 30.0 1 primary_link 1 1 40.542301 -3.472426 1.308 87.1 
402.63 30.0 1 primary_link 1 1 40.541859 -3.472286 1.239 85.2 
403.80 30.0 1 primary_link 1 1 40.541435 -3.472151 0.408 82.9 
404.83 30.0 1 primary_link 1 1 40.541237 -3.472079 0.437 84.4 
405.97 30.0 1 primary_link 1 1 40.541046 -3.472007 0.569 86.0 
406.98 30.0 1 primary_link 1 1 40.540836 -3.471939 0.593 85.0 
408.00 90.0 1 primary 2 1 40.540630 -3.471864 0.602 84.0 
410.28 90.0 1 primary 2 1 40.540428 -3.471797 1.884 85.0 
411.08 90.0 1 primary 2 1 40.540012 -3.471649 0.692 86.6 
412.22 90.0 1 primary 2 1 40.539803 -3.471585 0.828 85.9 
412.91 90.0 1 primary 2 1 40.539585 -3.471511 0.521 86.8 
414.09 90.0 1 primary 2 1 40.539368 -3.471438 0.699 87.3 
415.36 90.0 1 primary 2 1 40.539158 -3.471381 0.960 85.5 
416.37 90.0 1 primary 2 1 40.538944 -3.471308 0.978 85.4 
417.05 90.0 1 primary 2 1 40.538754 -3.471212 0.653 85.4 
418.31 90.0 1 primary 2 1 40.538548 -3.471144 0.916 85.2 
418.83 90.0 1 primary 2 1 40.538345 -3.471073 0.437 85.9 
420.02 90.0 1 primary 2 1 40.538136 -3.471009 0.629 86.5 
421.01 90.0 1 primary 2 1 40.537941 -3.470935 0.604 86.0 
421.93 90.0 1 primary 2 1 40.537724 -3.470856 0.532 85.8 
422.85 90.0 1 primary 2 1 40.537518 -3.470785 0.457 85.4 
423.97 100.0 3 primary_link 1 1 40.537308 -3.470709 0.584 85.8 
424.90 100.0 3 primary_link 1 1 40.537106 -3.470616 0.512 85.7 
425.92 100.0 3 primary_link 1 1 40.536896 -3.470538 0.525 85.5 
426.96 100.0 3 primary_link 1 1 40.536694 -3.470459 0.572 86.2 
427.87 100.0 3 primary_link 1 1 40.536491 -3.470362 0.474 86.3 
428.99 100.0 3 primary_link 1 1 40.536293 -3.470256 0.597 86.0 
429.96 100.0 3 primary_link 1 1 40.536083 -3.470124 0.567 85.1 
430.92 100.0 3 primary_link 1 1 40.535896 -3.469992 0.520 85.3 
431.97 100.0 3 primary_link 1 1 40.535709 -3.469845 0.578 84.9 
432.99 100.0 3 primary_link 1 1 40.535534 -3.469684 0.590 84.6 
434.11 100.0 3 primary_link 1 1 40.535362 -3.469519 0.716 83.8 
434.84 100.0 3 primary_link 1 1 40.535210 -3.469356 0.448 86.0 
436.10 100.0 3 primary_link 1 1 40.535053 -3.469156 0.705 85.8 
437.08 100.0 3 primary_link 1 1 40.534904 -3.468959 0.686 85.3 
438.43 100.0 3 primary_link 1 1 40.534763 -3.468747 1.034 85.8 
440.36 90.0 1 primary 2 1 40.534504 -3.468297 0.968 83.6 
441.28 90.0 1 primary 2 1 40.534382 -3.468060 0.891 83.7 
442.27 90.0 1 primary 2 1 40.534286 -3.467825 0.880 84.8 
443.46 90.0 1 primary 2 1 40.534191 -3.467578 1.071 86.1 
445.85 90.0 1 primary 2 1 40.534035 -3.467063 1.458 83.6 
447.16 90.0 1 primary 2 1 40.533901 -3.466541 0.769 84.3 
448.31 90.0 1 primary 2 1 40.533840 -3.466274 0.916 81.4 
449.63 90.0 1 primary 2 1 40.533802 -3.466016 1.234 84.1 
451.12 90.0 1 primary 2 1 40.533752 -3.465487 0.719 85.5 
452.65 90.0 1 primary 2 1 40.533730 -3.465204 1.258 87.4 
454.21 90.0 1 primary 2 1 40.533726 -3.464637 0.820 88.0 
455.84 90.0 1 primary 2 1 40.533714 -3.464343 1.447 89.1 
457.43 90.0 1 primary 2 1 40.533726 -3.463772 1.035 89.0 
460.02 90.0 1 primary 2 1 40.533726 -3.463206 1.626 89.5 
461.92 90.0 1 primary 2 1 40.533733 -3.462624 1.524 90.4 
463.11 90.0 1 primary 2 1 40.533745 -3.462039 0.723 92.6 
464.12 90.0 1 primary 2 1 40.533779 -3.461747 0.729 92.4 
465.67 90.0 1 primary 2 1 40.533779 -3.461444 1.273 93.0 
467.30 90.0 1 primary 2 1 40.533772 -3.460829 0.904 93.8 
468.22 90.0 1 primary 2 1 40.533768 -3.460531 0.828 91.9 
470.18 90.0 1 primary 2 1 40.533772 -3.460225 1.792 91.6 
471.45 90.0 1 primary 2 1 40.533772 -3.459620 1.062 91.2 
473.69 90.0 1 primary 2 1 40.533775 -3.459019 1.293 92.8 
475.67 90.0 1 primary 2 1 40.533752 -3.458420 1.271 93.1 
477.83 90.0 1 primary 2 1 40.533768 -3.457810 1.436 93.5 
479.36 90.0 1 primary 2 1 40.533772 -3.457202 0.969 93.7 
482.26 90.0 1 primary 2 1 40.533764 -3.456896 2.864 92.3 
485.73 90.0 1 primary 2 1 40.533764 -3.455991 3.338 90.7 
487.46 90.0 1 primary 2 1 40.533764 -3.454788 1.065 89.8 
490.23 90.0 1 primary 2 1 40.533752 -3.454188 1.841 88.7 
491.21 90.0 1 primary 2 1 40.533752 -3.453609 0.820 88.9 
493.00 90.0 1 primary 2 1 40.533741 -3.453318 1.613 88.9 
494.63 90.0 1 primary 2 1 40.533749 -3.452736 1.242 88.1 
497.10 90.0 1 primary 2 1 40.533745 -3.452153 1.707 90.4 
499.29 90.0 1 primary 2 1 40.533749 -3.451572 1.904 90.5 
499.97 90.0 1 primary 2 1 40.533764 -3.450974 0.576 90.1 
502.01 90.0 1 primary 2 1 40.533764 -3.450678 1.620 91.5 
503.31 90.0 1 primary 2 1 40.533760 -3.450093 0.918 92.1 
516.63 90.0 1 primary 2 1 40.533764 -3.449793 13.234 91.8 
518.65 90.0 1 primary 2 1 40.533775 -3.445687 1.260 88.8 
519.82 90.0 1 primary 2 1 40.533791 -3.445109 0.433 88.6 
520.95 90.0 1 primary 2 1 40.533794 -3.444823 0.560 88.5 
522.38 90.0 1 primary 2 1 40.533794 -3.444537 0.989 88.3 
523.44 90.0 1 primary 2 1 40.533810 -3.444252 1.046 88.9 
525.35 90.0 1 primary 2 1 40.533806 -3.443665 0.961 89.6 
526.45 90.0 1 primary 2 1 40.533802 -3.443370 1.056 87.3 
528.53 90.0 1 primary 2 1 40.533802 -3.442798 1.135 86.5 
530.32 90.0 1 primary 2 1 40.533802 -3.442233 0.931 88.8 
531.29 90.0 1 primary 2 1 40.533802 -3.441940 0.900 90.4 
532.23 90.0 1 primary 2 1 40.533806 -3.441651 0.826 90.4 
533.16 90.0 1 primary 2 1 40.533802 -3.441351 0.766 90.6 
534.22 90.0 1 primary 2 1 40.533810 -3.441060 0.831 88.8 
535.12 90.0 1 primary 2 1 40.533813 -3.440766 0.732 87.9 
536.51 90.0 1 primary 2 1 40.533813 -3.440478 1.121 86.4 
539.09 90.0 1 primary 2 1 40.533821 -3.439915 1.700 84.3 
540.42 90.0 1 primary 2 1 40.533840 -3.439366 1.030 86.5 
542.05 90.0 1 primary 2 1 40.533833 -3.438798 0.652 87.0 
543.44 90.0 1 primary 2 1 40.533833 -3.438511 1.053 87.3 
545.43 90.0 1 primary 2 1 40.533833 -3.437934 1.040 88.2 
547.18 90.0 1 primary 2 1 40.533840 -3.437366 0.786 89.7 
548.36 90.0 1 primary 2 1 40.533855 -3.437089 0.965 92.5 
550.44 90.0 1 primary 2 1 40.533855 -3.436788 2.049 91.0 
552.80 90.0 1 primary 2 1 40.533840 -3.435873 1.403 90.3 
554.73 90.0 1 primary 2 1 40.533848 -3.435282 1.342 89.5 
556.08 90.0 1 primary 2 1 40.533840 -3.434689 0.687 88.8 
557.61 90.0 1 primary 2 1 40.533833 -3.434398 1.212 89.0 
559.77 90.0 1 primary 2 1 40.533829 -3.433827 1.379 89.7 
561.74 90.0 1 primary 2 1 40.533821 -3.433226 1.352 92.1 
564.27 90.0 1 primary 2 1 40.533749 -3.432622 1.884 91.2 
565.70 90.0 1 primary 2 1 40.533646 -3.432010 1.308 92.6 
568.46 90.0 1 primary 2 1 40.533543 -3.431439 2.066 90.4 
571.14 90.0 1 primary 2 1 40.533348 -3.430600 1.754 89.9 
578.72 90.0 1 primary 2 1 40.533165 -3.430056 7.331 90.7 
580.25 90.0 1 primary 2 1 40.532261 -3.427986 0.851 93.6 
581.16 90.0 1 primary 2 1 40.532104 -3.427737 0.768 94.5 
582.18 90.0 1 primary 2 1 40.531956 -3.427495 0.793 94.5 
583.31 90.0 1 primary 2 1 40.531807 -3.427263 0.923 93.9 
584.45 90.0 1 primary 2 1 40.531651 -3.427031 1.058 93.7 
586.11 90.0 1 primary 2 1 40.531334 -3.426595 0.714 92.4 
587.33 90.0 1 primary 2 1 40.531162 -3.426392 0.937 88.3 
588.23 90.0 1 primary 2 1 40.530987 -3.426193 0.837 86.9 
589.48 90.0 1 primary 2 1 40.530819 -3.426018 1.083 86.3 
591.09 90.0 1 primary 2 1 40.530476 -3.425662 0.703 87.4 
592.22 90.0 1 primary 2 1 40.530285 -3.425503 0.827 86.9 
593.35 90.0 1 primary 2 1 40.530106 -3.425342 0.958 87.9 
594.09 90.0 1 primary 2 1 40.529930 -3.425187 0.685 89.3 
595.50 90.0 1 primary 2 1 40.529728 -3.425038 1.106 89.7 
597.52 90.0 1 primary 2 1 40.529343 -3.424769 1.132 91.0 
599.28 90.0 1 primary 2 1 40.528927 -3.424492 0.893 92.3 
600.12 90.0 1 primary 2 1 40.528721 -3.424351 0.732 91.7 
601.48 90.0 1 primary 2 1 40.528507 -3.424216 1.087 92.5 
603.49 90.0 1 primary 2 1 40.528091 -3.423938 1.095 90.9 
605.55 90.0 1 primary 2 1 40.527691 -3.423665 1.155 90.8 
607.39 90.0 1 primary 2 1 40.527321 -3.423339 0.996 89.7 
608.83 90.0 1 primary 2 1 40.527142 -3.423162 1.432 88.1 
610.23 90.0 1 primary 2 1 40.526787 -3.422780 0.838 88.3 
611.07 90.0 1 primary 2 1 40.526630 -3.422582 0.669 88.6 
612.30 90.0 1 primary 2 1 40.526470 -3.422374 0.900 87.3 
613.20 90.0 1 primary 2 1 40.526325 -3.422159 0.800 85.0 
614.30 90.0 1 primary 2 1 40.526188 -3.421936 0.912 84.1 
615.30 90.0 1 primary 2 1 40.526070 -3.421723 0.903 82.4 
616.79 90.0 1 primary 2 1 40.525951 -3.421501 1.399 83.6 
618.54 100.0 3 primary_link 1 1 40.525730 -3.421041 1.146 84.9 
620.81 100.0 1 primary 2 1 40.525543 -3.420550 1.415 86.7 
622.53 100.0 1 primary 2 1 40.525360 -3.420040 1.140 86.1 
624.07 100.0 1 primary 2 1 40.525215 -3.419511 0.669 85.5 
625.79 100.0 1 primary 2 1 40.525143 -3.419255 1.395 85.1 
628.47 100.0 1 primary 2 1 40.525024 -3.418715 2.079 83.4 
630.40 100.0 1 primary 2 1 40.524841 -3.417923 1.012 82.0 
632.17 100.0 1 primary 2 1 40.524715 -3.417409 0.782 81.6 
633.04 100.0 1 primary 2 1 40.524651 -3.417159 0.650 85.6 
634.20 100.0 1 primary 2 1 40.524582 -3.416903 0.812 83.4 
635.71 100.0 1 primary 2 1 40.524498 -3.416650 1.320 89.0 
637.48 100.0 1 primary 2 1 40.524296 -3.416126 1.091 88.9 
640.24 100.0 1 primary 2 1 40.524063 -3.415621 1.851 92.6 
642.71 100.0 3 primary_link 1 1 40.523800 -3.415139 2.322 93.7 
644.50 100.0 1 primary 2 1 40.523335 -3.414434 1.111 97.3 
646.80 100.0 1 primary 3 2 40.522968 -3.413981 1.406 100.0 
648.25 100.0 1 primary 3 2 40.522579 -3.413569 0.856 100.0 
649.15 100.0 1 primary 3 2 40.522381 -3.413370 0.759 100.0 
650.42 100.0 1 primary 3 2 40.522182 -3.413172 1.025 102.9 
653.68 100.0 1 primary 3 2 40.521748 -3.412780 2.281 98.4 
655.67 100.0 1 primary 3 2 40.521133 -3.412213 1.285 95.7 
657.78 100.0 1 primary 3 2 40.520737 -3.411845 1.385 97.3 
659.29 100.0 1 primary 2 2 40.520355 -3.411489 0.901 97.7 
660.31 100.0 1 primary 2 2 40.520161 -3.411307 0.926 97.2 
661.05 100.0 1 primary 2 2 40.519962 -3.411122 0.663 95.7 
673.83 100.0 1 primary 2 1 40.519764 -3.410942 12.402 81.2 
677.23 100.0 1 primary 2 1 40.517406 -3.408794 2.836 82.3 
697.89 100.0 1 primary 2 1 40.516903 -3.408349 20.505 45.6 
