18.42 0.0 40.583424 -3.555156 601.5 13 229 -1 -1 -9 -9 0 
19.42 0.0 40.583424 -3.555156 601.5 13 229 -1 -1 -9 -9 0 
20.42 72.4 40.584461 -3.554159 612.9 12 5 96.0 177.539 0 0 0 
21.45 73.0 40.584465 -3.553945 607.9 8 5 96.7 178.242 0 0 0 
22.40 75.0 40.584431 -3.553701 611.5 4 5 96.7 0.703 0 0 0 
23.40 76.9 40.584404 -3.553449 611.3 4 5 97.7 1.055 0 0 0 
24.47 78.6 40.584373 -3.553189 611.4 4 5 98.8 2.109 0 0 0 
25.48 80.4 40.584328 -3.552922 611.4 4 5 99.8 2.109 0 0 0 
26.43 82.1 40.584286 -3.552658 611.5 4 5 100.9 2.109 0 0 0 
27.40 83.6 40.584240 -3.552391 611.4 4 5 102.0 2.109 0 0 0 
28.40 85.1 40.584190 -3.552123 611.1 4 5 103.7 2.812 0 0 0 
29.40 86.5 40.584129 -3.551846 611.9 4 5 105.1 3.164 0 0 0 
30.45 87.9 40.584061 -3.551568 612.2 4 5 106.5 2.812 0 0 0 
31.41 89.6 40.583988 -3.551284 612.5 4 5 107.9 2.812 0 0 0 
32.40 90.4 40.583912 -3.550998 612.6 4 5 109.7 3.164 0 0 0 
33.39 89.0 40.583836 -3.550733 612.7 4 5 111.4 3.516 0 0 0 
34.40 87.6 40.583748 -3.550470 612.9 4 5 113.2 3.516 0 0 0 
35.41 88.5 40.583652 -3.550205 612.9 4 5 114.6 3.164 0 0 0 
36.40 89.4 40.583557 -3.549936 612.9 4 5 116.0 2.812 0 0 0 
37.42 90.4 40.583450 -3.549673 613.3 4 5 117.8 3.164 0 0 0 
38.39 91.3 40.583344 -3.549409 613.6 4 5 119.5 3.516 0 0 0 
39.41 92.0 40.583225 -3.549153 613.9 3 5 121.3 3.516 0 0 0 
40.41 91.4 40.583099 -3.548902 614.3 3 5 122.7 3.164 0 0 0 
41.48 87.4 40.582973 -3.548656 614.1 4 5 124.8 3.516 0 0 0 
42.41 82.8 40.582851 -3.548432 614.4 4 5 125.9 3.164 0 0 0 
43.40 85.2 40.582729 -3.548205 614.3 4 5 128.0 3.164 0 0 0 
44.40 85.2 40.582596 -3.547988 614.2 4 5 129.0 3.164 0 0 0 
45.41 87.2 40.582458 -3.547767 614.8 4 5 130.8 2.812 0 0 0 
46.40 88.1 40.582317 -3.547554 615.1 4 5 132.5 3.516 0 0 0 
47.45 88.7 40.582157 -3.547340 615.6 4 5 133.6 2.812 0 0 0 
48.46 89.0 40.582001 -3.547123 616.1 4 5 134.3 1.758 0 0 0 
49.41 88.1 40.581833 -3.546914 616.2 4 5 135.0 1.406 0 0 0 
50.46 87.7 40.581676 -3.546701 616.7 4 5 135.0 0.703 0 0 0 
51.41 87.6 40.581528 -3.546499 616.7 4 5 134.6 0.352 0 0 0 
52.42 88.3 40.581367 -3.546284 617.0 4 5 134.6 0.352 0 0 0 
53.41 88.3 40.581207 -3.546079 617.7 4 5 134.3 0.352 0 0 0 
54.45 88.8 40.581047 -3.545866 617.8 4 5 134.3 0.352 0 0 0 
55.47 89.9 40.580883 -3.545656 618.3 4 5 134.3 0 0 0 0 
56.42 90.4 40.580734 -3.545442 618.7 4 5 133.9 0.352 0 0 0 
57.40 90.5 40.580578 -3.545233 619.1 4 5 133.2 1.055 0 0 0 
58.42 90.9 40.580414 -3.545010 619.5 4 5 132.9 1.055 0 0 0 
59.41 91.3 40.580257 -3.544793 620.2 4 5 132.2 1.055 0 0 0 
60.39 91.7 40.580112 -3.544575 620.7 4 5 131.5 1.406 0 0 0 
61.40 92.3 40.579964 -3.544350 621.1 4 5 130.8 1.406 0 0 0 
62.41 91.1 40.579819 -3.544124 621.5 4 5 130.1 1.406 0 0 0 
63.39 89.1 40.579674 -3.543898 621.8 4 5 129.4 1.406 0 0 0 
64.40 85.8 40.579544 -3.543678 622.2 4 5 128.7 1.406 0 0 0 
65.45 84.0 40.579422 -3.543468 622.7 4 5 128.0 1.406 0 0 0 
66.42 84.5 40.579288 -3.543251 622.8 4 5 127.3 1.406 0 0 0 
67.43 85.6 40.579155 -3.543033 623.2 4 5 126.9 1.055 0 0 0 
68.42 87.3 40.579025 -3.542808 623.7 4 5 126.2 1.055 0 0 0 
69.41 87.5 40.578903 -3.542573 624.1 4 5 125.2 1.758 0 0 0 
70.49 88.2 40.578781 -3.542329 624.5 6 5 124.5 1.758 0 0 0 
71.42 88.5 40.578655 -3.542084 624.7 4 5 123.8 1.406 0 0 0 
72.45 88.3 40.578537 -3.541843 625.0 4 5 122.7 1.758 0 0 0 
73.42 88.5 40.578419 -3.541591 625.4 4 5 122.3 1.406 0 0 0 
74.42 88.5 40.578300 -3.541347 625.6 4 5 121.6 1.055 0 0 0 
75.40 89.0 40.578194 -3.541091 626.0 4 5 120.9 1.406 0 0 0 
76.41 89.3 40.578079 -3.540833 626.3 4 5 120.2 1.406 0 0 0 
77.43 89.6 40.577969 -3.540582 626.6 4 5 119.5 1.406 0 0 0 
78.41 89.2 40.577858 -3.540326 626.9 4 5 118.8 1.406 0 0 0 
79.42 89.3 40.577755 -3.540076 627.0 4 5 118.1 1.406 0 0 0 
80.41 89.5 40.577656 -3.539809 627.2 4 5 118.1 0.703 0 0 0 
81.41 89.7 40.577553 -3.539536 627.4 4 5 116.7 1.406 0 0 0 
82.40 89.4 40.577457 -3.539274 627.8 4 5 116.0 2.109 0 0 0 
83.42 88.6 40.577358 -3.539005 627.9 4 5 115.0 1.758 0 0 0 
84.43 87.0 40.577263 -3.538742 628.2 4 5 114.6 1.406 0 0 0 
85.40 89.8 40.577175 -3.538480 628.4 4 5 114.6 0.352 0 0 0 
86.49 92.5 40.577072 -3.538211 628.8 4 5 115.7 1.055 0 0 0 
87.41 91.0 40.576977 -3.537943 629.0 4 5 114.6 1.055 0 0 0 
88.39 91.3 40.576881 -3.537671 629.3 4 5 114.6 1.055 0 0 0 
89.41 90.7 40.576786 -3.537399 629.5 4 5 114.3 0.352 0 0 0 
90.40 90.7 40.576691 -3.537125 629.9 4 5 114.3 0.352 0 0 0 
91.42 91.0 40.576599 -3.536851 630.1 4 5 113.9 0.352 0 0 0 
92.40 91.6 40.576504 -3.536573 630.4 4 5 113.9 0.352 0 0 0 
93.40 92.2 40.576412 -3.536301 630.8 4 5 114.6 0.703 0 0 0 
94.40 92.3 40.576317 -3.536033 631.6 4 5 115.3 1.406 0 0 0 
95.40 92.8 40.576218 -3.535757 631.9 3 5 116.4 1.758 0 0 0 
96.40 92.7 40.576103 -3.535481 632.1 3 5 117.1 1.758 0 0 0 
97.40 92.2 40.575989 -3.535214 632.8 3 5 117.8 1.406 0 0 0 
98.43 90.4 40.575882 -3.534950 633.4 3 5 118.1 1.055 0 0 0 
99.41 91.4 40.575771 -3.534687 633.9 3 5 118.8 1.055 0 0 0 
100.41 92.3 40.575657 -3.534430 634.5 3 5 120.6 2.461 0 0 0 
101.43 91.7 40.575531 -3.534159 635.2 4 5 121.6 2.812 0 0 0 
102.41 91.1 40.575409 -3.533900 635.7 4 5 122.3 1.758 0 0 0 
103.40 89.8 40.575287 -3.533641 636.2 4 5 122.3 0.703 0 0 0 
104.40 89.2 40.575169 -3.533406 636.9 4 5 122.7 0.352 0 0 0 
105.47 89.2 40.575043 -3.533159 637.4 4 5 122.7 0.352 0 0 0 
106.42 89.2 40.574917 -3.532918 638.2 4 5 123.4 0.703 0 0 0 
107.41 89.4 40.574791 -3.532665 638.8 4 5 123.4 0.703 0 0 0 
108.44 90.1 40.574669 -3.532423 639.6 4 5 123.4 0 0 0 0 
109.41 89.9 40.574543 -3.532176 640.4 4 5 123.8 0.352 0 0 0 
110.50 89.4 40.574421 -3.531936 641.1 3 5 123.0 0.703 0 0 0 
111.41 89.7 40.574303 -3.531691 641.7 3 5 122.0 1.758 0 0 0 
112.39 89.7 40.574188 -3.531430 642.0 4 5 120.9 2.109 0 0 0 
113.41 90.0 40.574078 -3.531178 642.5 4 5 119.5 2.461 0 0 0 
114.39 90.8 40.573967 -3.530916 643.1 4 5 119.2 1.758 0 0 0 
115.42 91.0 40.573860 -3.530658 643.3 4 5 118.5 1.055 0 0 0 
116.41 89.4 40.573757 -3.530403 643.9 3 5 117.1 2.109 0 0 0 
117.45 91.0 40.573647 -3.530140 644.5 3 5 117.1 1.406 0 0 0 
118.41 90.9 40.573544 -3.529877 644.8 3 5 116.4 0.703 0 0 0 
119.42 89.6 40.573448 -3.529608 645.4 3 5 114.6 2.461 0 0 0 
120.46 91.2 40.573357 -3.529336 645.7 3 5 114.3 2.109 0 0 0 
121.42 91.4 40.573269 -3.529060 646.2 3 5 113.6 1.055 0 0 0 
122.55 91.5 40.573177 -3.528781 646.6 4 5 113.2 1.055 0 0 0 
123.42 91.4 40.573101 -3.528515 647.5 4 5 112.1 1.406 0 0 0 
124.41 90.8 40.573025 -3.528245 648.1 4 5 111.4 1.758 0 0 0 
125.42 91.4 40.572941 -3.527964 648.8 4 5 111.4 0.703 0 0 0 
126.55 90.8 40.572861 -3.527699 649.1 4 5 111.1 0.352 0 0 0 
127.62 88.0 40.572697 -3.527155 650.0 4 5 111.4 0.352 0 0 0 
128.43 88.0 40.572697 -3.527155 650.0 4 5 111.4 0.352 0 0 0 
129.45 88.3 40.572613 -3.526885 650.5 4 5 111.4 0.352 0 0 0 
130.59 88.6 40.572533 -3.526603 651.0 4 5 110.7 0.703 0 0 0 
131.43 89.7 40.572453 -3.526338 651.6 4 5 111.4 0.703 0 0 0 
132.42 90.1 40.572369 -3.526061 652.2 4 5 112.1 1.406 0 0 0 
133.42 89.7 40.572273 -3.525785 652.7 4 5 113.2 1.758 0 0 0 
134.40 90.4 40.572186 -3.525506 653.1 4 5 113.9 1.758 0 0 0 
135.45 90.9 40.572094 -3.525233 653.6 6 5 115.3 2.109 0 0 0 
136.40 90.9 40.572002 -3.524978 654.2 6 5 115.3 1.406 0 0 0 
137.45 88.6 40.571896 -3.524706 654.9 6 5 118.1 2.812 0 0 0 
138.46 86.8 40.571789 -3.524463 655.3 6 5 118.1 2.812 0 0 0 
139.51 87.2 40.571682 -3.524211 655.7 6 5 119.5 1.406 0 0 0 
140.41 86.6 40.571568 -3.523969 656.2 4 5 120.9 2.812 0 0 0 
141.40 86.9 40.571457 -3.523719 656.2 4 5 121.3 1.758 0 0 0 
142.42 84.9 40.571342 -3.523480 656.4 4 5 123.0 2.109 0 0 0 
143.41 84.4 40.571220 -3.523247 656.2 4 5 124.1 2.812 0 0 0 
144.40 84.9 40.571091 -3.523022 655.9 4 5 125.5 2.461 0 0 0 
145.41 86.4 40.570972 -3.522787 656.1 4 5 125.5 1.406 0 0 0 
146.41 85.7 40.570847 -3.522559 656.0 6 5 126.9 1.406 0 0 0 
147.41 86.0 40.570717 -3.522342 656.1 6 5 128.3 2.812 0 0 0 
148.40 86.2 40.570583 -3.522119 655.9 6 5 128.7 1.758 0 0 0 
149.39 87.2 40.570446 -3.521919 655.9 6 5 130.8 2.461 0 0 0 
150.40 87.7 40.570305 -3.521703 655.6 4 5 131.8 3.164 0 0 0 
151.40 87.4 40.570145 -3.521481 655.0 4 5 132.9 2.109 0 0 0 
152.40 87.1 40.569992 -3.521272 654.8 4 5 133.6 1.758 0 0 0 
153.42 86.1 40.569843 -3.521069 654.4 4 5 135.0 2.109 1 0 0 
154.40 85.0 40.569691 -3.520873 653.9 4 5 136.8 3.164 1 0 0 
155.41 82.4 40.569534 -3.520684 653.4 6 5 138.2 3.164 1 0 0 
156.40 83.3 40.569386 -3.520492 653.1 6 5 138.5 1.758 0 0 0 
157.45 81.6 40.569225 -3.520310 652.6 6 5 139.9 1.758 0 0 0 
158.43 81.1 40.569069 -3.520141 652.2 6 5 141.0 2.461 0 0 0 
159.40 81.7 40.568905 -3.519970 651.9 6 5 142.7 2.812 0 0 0 
160.41 79.5 40.568748 -3.519821 651.5 6 5 144.5 3.516 0 0 0 
161.40 78.2 40.568588 -3.519671 651.5 6 5 144.1 1.406 0 0 0 
162.45 79.1 40.568436 -3.519531 651.0 4 5 144.8 0.703 0 0 0 
163.45 82.0 40.568268 -3.519385 650.6 4 5 147.0 2.812 0 0 0 
164.41 81.1 40.568111 -3.519223 650.6 6 5 147.0 2.109 0 0 0 
165.40 81.0 40.567936 -3.519086 650.4 6 5 148.4 1.406 0 0 0 
166.41 81.5 40.567768 -3.518951 650.0 6 5 148.0 1.055 0 0 0 
167.44 84.3 40.567585 -3.518811 649.5 6 5 150.1 2.109 0 0 0 
168.42 85.6 40.567398 -3.518662 649.2 6 5 150.5 2.461 0 0 0 
169.41 84.6 40.567223 -3.518544 649.0 6 5 151.9 1.758 0 0 0 
170.47 84.0 40.567036 -3.518429 648.9 6 5 152.9 2.461 0 0 0 
171.47 86.6 40.566841 -3.518296 648.7 6 5 154.3 2.461 0 0 0 
172.41 86.8 40.566643 -3.518149 648.7 6 5 154.7 1.758 0 0 0 
173.41 86.5 40.566437 -3.518025 648.7 6 5 156.1 1.758 0 0 0 
174.41 87.6 40.566231 -3.517913 648.6 6 5 157.1 2.461 0 0 0 
175.41 86.9 40.566036 -3.517809 648.9 6 5 158.6 2.461 0 0 0 
176.45 86.3 40.565830 -3.517708 648.7 6 5 159.6 2.461 0 0 0 
177.41 86.3 40.565628 -3.517610 648.9 6 5 160.7 2.109 0 0 0 
178.41 85.7 40.565422 -3.517504 649.1 6 5 161.7 2.109 0 0 0 
179.49 83.8 40.565220 -3.517424 649.7 4 5 163.1 2.461 0 0 0 
180.47 82.7 40.565022 -3.517352 649.5 4 5 164.9 3.164 1 0 0 
181.40 82.4 40.564816 -3.517287 650.0 4 5 167.3 4.219 0 0 0 
182.41 82.1 40.564617 -3.517232 650.2 4 5 168.8 3.867 0 0 0 
183.47 82.6 40.564415 -3.517180 650.8 4 5 168.4 1.055 0 0 0 
184.40 80.1 40.564213 -3.517120 651.3 4 5 167.3 1.406 0 0 0 
185.42 81.3 40.564011 -3.517070 651.7 4 5 169.5 2.109 0 0 0 
186.41 79.6 40.563812 -3.517021 652.0 4 5 169.5 2.109 0 0 0 
187.42 80.4 40.563614 -3.516987 652.6 4 5 171.2 1.758 0 0 0 
188.42 81.1 40.563416 -3.516952 654.4 4 5 172.6 3.164 0 0 0 
189.45 82.4 40.563213 -3.516926 655.1 4 5 173.3 2.109 0 0 0 
190.40 82.1 40.563004 -3.516899 655.0 4 5 173.7 1.055 0 0 0 
191.39 82.7 40.562790 -3.516875 655.4 4 5 174.0 0.703 0 0 0 
192.39 82.3 40.562592 -3.516857 656.4 4 5 174.7 1.055 0 0 0 
193.42 85.5 40.562378 -3.516834 657.1 4 5 174.7 0.703 0 0 0 
194.40 88.6 40.562157 -3.516806 658.1 4 5 173.0 1.758 0 0 0 
195.40 85.2 40.561939 -3.516772 659.2 4 5 172.6 2.109 0 0 0 
196.41 84.2 40.561733 -3.516726 659.8 4 5 170.9 2.109 0 0 0 
197.39 84.8 40.561520 -3.516670 660.4 4 5 168.8 3.867 0 0 0 
198.41 87.0 40.561314 -3.516611 661.5 4 5 167.0 3.867 0 0 0 
199.39 82.8 40.561108 -3.516540 662.3 4 5 165.2 3.516 0 0 0 
200.52 85.7 40.560909 -3.516471 663.0 4 5 163.1 3.867 0 0 0 
201.41 85.3 40.560699 -3.516390 663.6 4 5 161.4 3.867 0 0 0 
202.42 86.0 40.560501 -3.516300 664.3 4 5 159.6 3.516 0 0 0 
203.39 84.8 40.560307 -3.516196 665.0 4 5 156.8 4.570 0 0 0 
204.40 85.9 40.560112 -3.516085 665.5 4 5 155.7 3.867 0 0 0 
205.40 84.5 40.559925 -3.515970 666.3 4 5 152.9 3.867 0 0 0 
206.40 84.5 40.559734 -3.515843 667.3 4 5 150.8 4.922 1 0 0 
207.41 83.8 40.559551 -3.515709 667.9 4 5 148.7 4.219 1 0 0 
208.50 83.8 40.559372 -3.515566 668.7 4 5 148.7 2.109 0 0 0 
209.40 85.1 40.559196 -3.515396 669.2 4 5 145.5 3.164 0 0 0 
210.42 86.1 40.559029 -3.515235 669.9 4 5 142.7 5.977 0 0 0 
211.40 86.1 40.558857 -3.515064 670.5 4 5 141.0 4.570 0 0 0 
212.40 86.8 40.558685 -3.514886 671.6 4 5 138.9 3.867 0 0 0 
213.40 87.6 40.558525 -3.514683 672.4 4 5 137.1 3.867 0 0 0 
214.42 86.9 40.558365 -3.514481 673.3 4 5 135.4 3.516 0 0 0 
215.40 86.6 40.558220 -3.514273 674.2 4 5 133.2 3.867 0 0 0 
216.40 86.4 40.558075 -3.514060 675.1 4 5 131.1 4.219 0 0 0 
217.41 86.3 40.557941 -3.513837 676.0 3 5 129.0 4.219 0 0 0 
218.40 86.0 40.557819 -3.513611 677.4 3 5 126.6 4.570 0 0 0 
219.41 86.0 40.557697 -3.513381 678.6 3 5 125.2 3.867 0 0 0 
220.40 86.1 40.557583 -3.513145 679.8 3 5 123.0 3.516 0 0 0 
221.44 85.8 40.557476 -3.512903 680.8 3 5 120.9 4.219 1 0 0 
222.50 85.5 40.557373 -3.512660 682.3 3 5 118.5 4.570 1 0 0 
223.41 85.4 40.557281 -3.512409 683.3 3 5 116.7 4.219 1 0 0 
224.40 85.3 40.557194 -3.512156 684.4 3 5 114.6 3.867 1 1 0 
225.45 85.1 40.557117 -3.511900 685.9 3 5 112.9 3.867 1 1 0 
226.41 85.0 40.557045 -3.511638 686.9 3 5 110.7 3.867 1 1 0 
227.41 84.7 40.556980 -3.511372 687.8 3 5 108.3 4.570 1 1 0 
228.41 84.2 40.556923 -3.511109 688.8 3 5 106.2 4.570 1 1 0 
229.62 83.1 40.556824 -3.510580 691.1 3 5 102.7 3.516 1 1 0 
230.40 83.1 40.556824 -3.510580 691.1 3 5 102.7 3.516 1 1 0 
231.42 83.1 40.556786 -3.510319 692.1 3 5 100.9 3.867 0 2 0 
232.50 82.3 40.556759 -3.510056 693.1 3 5 98.4 4.219 0 2 0 
233.45 82.4 40.556736 -3.509783 694.1 3 5 96.3 4.570 0 2 0 
234.43 82.4 40.556717 -3.509510 695.4 3 5 94.6 3.867 0 2 0 
235.45 82.1 40.556717 -3.509246 696.3 4 5 92.5 3.867 1 2 0 
236.42 82.2 40.556709 -3.508972 697.4 4 5 90.7 3.867 1 2 0 
237.42 82.4 40.556713 -3.508700 698.5 4 5 88.9 3.516 1 2 0 
238.42 82.4 40.556717 -3.508430 699.5 3 5 88.2 2.461 1 2 0 
239.41 82.5 40.556728 -3.508157 700.2 3 5 87.9 1.055 1 2 0 
240.41 82.7 40.556732 -3.507887 701.7 3 5 87.5 0.703 0 2 0 
241.42 83.2 40.556740 -3.507608 702.3 3 5 88.2 0.703 0 2 0 
242.51 82.8 40.556736 -3.507334 703.4 3 5 89.3 1.758 0 2 0 
243.39 82.9 40.556732 -3.507059 704.9 3 5 90.4 2.109 0 2 0 
244.43 82.8 40.556725 -3.506781 705.7 3 5 92.5 3.164 0 2 0 
245.41 83.4 40.556713 -3.506507 707.0 3 5 94.2 3.867 0 2 0 
246.39 82.9 40.556694 -3.506239 707.8 3 5 96.0 3.516 0 2 0 
247.43 83.1 40.556667 -3.505970 709.2 3 5 97.4 3.164 0 2 0 
248.42 82.7 40.556637 -3.505701 710.1 3 5 98.8 2.812 0 2 0 
249.48 82.4 40.556602 -3.505435 711.3 3 5 99.8 2.461 0 2 0 
250.42 83.4 40.556557 -3.505168 712.4 4 5 102.3 3.516 1 2 0 
251.43 83.2 40.556507 -3.504901 713.3 3 5 104.1 4.219 1 2 0 
252.42 82.5 40.556450 -3.504635 714.6 4 5 106.2 3.867 0 3 0 
253.42 83.1 40.556385 -3.504374 716.0 4 5 109.3 5.273 0 3 0 
254.53 82.7 40.556320 -3.504112 717.1 4 5 110.7 4.570 0 3 0 
255.46 83.0 40.556252 -3.503873 718.3 4 5 112.5 3.164 0 3 0 
256.40 83.2 40.556168 -3.503624 719.1 4 5 114.3 3.516 0 3 0 
257.43 82.6 40.556072 -3.503366 719.9 4 5 116.0 3.516 0 3 0 
258.39 83.2 40.555977 -3.503125 721.2 4 5 117.8 3.516 0 3 0 
259.39 82.8 40.555874 -3.502881 722.3 6 5 119.5 3.516 0 3 0 
260.40 83.2 40.555775 -3.502660 723.4 6 5 122.0 4.219 0 3 0 
261.46 82.8 40.555660 -3.502423 724.4 6 5 123.8 4.219 0 3 0 
262.39 84.0 40.555538 -3.502200 725.7 6 5 125.2 3.164 0 3 0 
263.41 82.5 40.555420 -3.501981 726.7 4 5 125.2 1.406 0 3 0 
264.51 82.3 40.555302 -3.501748 727.9 4 5 124.8 0.352 1 3 0 
265.42 82.5 40.555183 -3.501531 729.3 4 5 124.8 0.352 2 3 0 
266.45 82.7 40.555073 -3.501304 730.4 4 5 123.0 1.758 0 3 0 
267.47 83.7 40.554970 -3.501069 731.3 4 5 120.9 3.867 0 3 0 
268.42 82.8 40.554878 -3.500833 732.4 4 5 117.8 5.273 0 3 0 
269.41 82.9 40.554790 -3.500587 733.3 4 5 113.6 7.383 0 3 0 
270.40 83.3 40.554718 -3.500340 734.2 4 5 109.3 8.438 0 3 0 
271.41 84.1 40.554653 -3.500075 734.9 4 5 106.2 7.383 0 3 0 
272.46 85.2 40.554592 -3.499798 735.5 4 5 106.2 3.164 0 3 0 
273.47 83.8 40.554539 -3.499532 736.3 6 5 105.1 1.055 2 3 0 
274.42 84.3 40.554485 -3.499268 737.1 6 5 105.8 0.703 1 3 0 
275.43 87.4 40.554420 -3.498997 737.3 4 5 106.9 1.758 0 3 0 
276.46 87.8 40.554367 -3.498725 737.5 4 5 103.7 3.164 0 3 0 
277.40 86.9 40.554317 -3.498443 737.3 4 5 100.5 6.328 0 3 0 
278.40 85.4 40.554287 -3.498171 737.4 4 5 98.1 5.625 1 3 0 
279.41 84.1 40.554260 -3.497897 737.2 4 5 96.3 4.219 0 3 0 
280.40 83.8 40.554245 -3.497627 737.0 4 5 94.2 3.867 0 3 0 
281.40 85.2 40.554230 -3.497345 736.7 4 5 91.4 4.922 0 3 0 
282.52 87.1 40.554234 -3.497063 736.8 4 5 89.3 4.922 0 3 0 
283.43 88.2 40.554237 -3.496784 736.6 4 5 87.9 3.516 0 3 0 
284.41 88.9 40.554256 -3.496497 736.4 4 5 84.4 4.922 0 3 0 
285.45 87.8 40.554279 -3.496206 736.1 4 5 82.6 5.273 0 2 0 
286.41 86.4 40.554314 -3.495923 736.0 4 5 79.5 4.922 0 2 0 
287.41 84.5 40.554356 -3.495651 735.5 4 5 77.0 5.625 0 2 0 
288.42 85.9 40.554401 -3.495375 734.9 4 5 75.9 3.516 0 2 0 
289.45 87.8 40.554466 -3.495094 734.8 4 5 73.8 3.164 0 2 0 
290.41 88.2 40.554543 -3.494826 734.8 4 5 70.3 5.625 0 2 0 
291.41 87.4 40.554623 -3.494557 734.4 3 5 67.9 5.977 0 2 0 
292.41 87.3 40.554710 -3.494298 734.1 3 5 65.7 4.570 0 2 0 
293.42 89.4 40.554821 -3.494031 733.5 4 5 63.6 4.219 0 2 0 
294.41 91.0 40.554924 -3.493760 733.7 4 5 62.9 2.812 0 2 0 
295.39 92.3 40.555027 -3.493491 733.4 4 5 62.2 1.406 0 2 0 
296.47 91.4 40.555126 -3.493219 733.4 4 5 62.9 0.703 0 1 0 
297.48 89.8 40.555225 -3.492957 733.1 4 5 64.0 1.758 0 1 0 
298.39 87.7 40.555313 -3.492695 733.0 4 5 65.0 2.109 0 1 0 
299.40 87.6 40.555405 -3.492435 732.4 4 5 66.4 2.461 0 1 0 
300.59 89.6 40.555485 -3.492168 732.2 4 5 68.9 3.867 1 1 0 
301.41 91.2 40.555561 -3.491893 732.1 4 5 70.3 3.867 1 1 0 
302.41 92.0 40.555634 -3.491616 731.9 4 5 71.4 2.461 1 1 0 
303.48 92.4 40.555702 -3.491332 731.8 4 5 74.5 4.219 1 1 0 
304.42 91.8 40.555763 -3.491040 731.7 4 5 76.3 4.922 1 2 0 
305.40 91.4 40.555813 -3.490747 731.3 4 5 78.0 3.516 0 2 0 
306.40 91.2 40.555851 -3.490459 731.1 4 5 80.2 3.867 0 2 0 
307.42 92.0 40.555882 -3.490167 730.8 6 5 81.6 3.516 0 2 0 
308.42 93.1 40.555916 -3.489851 730.7 6 5 83.0 2.812 0 2 0 
309.45 93.7 40.555943 -3.489551 730.4 6 5 84.0 2.461 0 2 0 
310.42 92.5 40.555950 -3.489243 730.3 6 5 88.2 5.273 0 1 0 
311.42 94.0 40.555943 -3.488923 730.2 6 5 91.1 7.031 0 1 0 
312.54 93.9 40.555923 -3.488611 729.5 6 5 94.2 5.977 0 1 0 
313.42 92.0 40.555897 -3.488310 729.5 6 5 94.2 3.164 0 1 0 
314.40 91.6 40.555874 -3.488002 729.0 6 5 96.0 1.758 0 1 0 
315.40 92.4 40.555843 -3.487701 728.5 6 5 97.0 2.812 0 1 0 
316.39 93.6 40.555809 -3.487395 728.6 6 5 98.1 2.109 0 1 0 
317.41 95.3 40.555779 -3.487082 728.5 6 5 99.5 2.461 0 1 0 
318.39 96.7 40.555725 -3.486771 728.3 6 5 100.5 2.461 0 1 0 
319.42 98.5 40.555672 -3.486453 728.1 6 5 101.6 2.109 0 1 0 
320.49 99.9 40.555614 -3.486136 727.9 6 5 103.0 2.461 0 1 0 
321.40 101.3 40.555569 -3.485831 727.8 6 5 104.8 3.164 0 1 0 
322.40 100.1 40.555496 -3.485512 727.8 6 5 105.1 2.109 0 1 0 
323.40 98.2 40.555424 -3.485198 727.3 6 5 106.5 1.758 0 1 0 
324.40 96.5 40.555351 -3.484897 726.9 4 5 107.6 2.461 0 1 0 
325.40 94.8 40.555286 -3.484597 726.5 4 5 108.6 2.109 0 1 0 
326.40 93.2 40.555199 -3.484299 726.3 4 5 109.7 2.109 0 1 0 
327.42 91.4 40.555119 -3.484011 726.2 4 5 110.7 2.109 0 1 0 
328.40 89.7 40.555035 -3.483731 725.7 4 5 111.8 2.109 0 1 0 
329.41 87.9 40.554955 -3.483462 725.2 4 5 112.9 2.109 0 1 0 
330.43 86.9 40.554871 -3.483202 724.9 4 5 113.6 1.758 0 1 0 
331.41 85.2 40.554783 -3.482945 724.5 4 5 114.6 1.758 0 1 0 
332.47 85.1 40.554691 -3.482693 724.4 4 5 115.7 2.109 0 1 0 
333.43 85.8 40.554600 -3.482433 724.0 4 5 116.4 1.758 0 1 0 
334.40 85.8 40.554512 -3.482182 724.0 4 5 117.1 1.406 0 1 0 
335.45 85.0 40.554409 -3.481935 723.6 4 5 118.5 2.109 0 1 0 
336.41 84.7 40.554306 -3.481684 723.9 4 5 118.8 1.758 0 1 0 
337.41 84.9 40.554207 -3.481458 723.6 4 5 120.9 2.461 1 1 0 
338.40 86.3 40.554092 -3.481217 723.3 4 5 122.0 3.164 1 1 0 
339.40 87.8 40.553974 -3.480982 723.1 4 5 122.3 1.406 0 1 0 
340.43 89.1 40.553860 -3.480743 722.6 4 5 123.0 1.055 0 1 0 
341.46 89.0 40.553734 -3.480505 722.3 4 5 123.4 1.055 0 1 0 
342.41 88.8 40.553612 -3.480266 721.9 4 5 124.8 1.758 0 1 0 
343.40 89.6 40.553490 -3.480022 721.1 4 5 126.2 2.812 0 1 0 
344.46 86.7 40.553356 -3.479792 720.9 4 5 125.9 1.055 0 1 0 
345.42 89.0 40.553223 -3.479565 720.4 4 5 128.0 2.109 0 1 0 
346.42 87.4 40.553089 -3.479337 720.1 4 5 128.7 2.812 0 1 0 
347.44 91.0 40.552948 -3.479114 719.9 4 5 130.1 2.109 0 1 0 
348.41 92.1 40.552792 -3.478886 719.0 4 5 131.1 2.461 0 1 0 
349.42 93.5 40.552635 -3.478658 718.4 4 5 131.8 1.758 0 1 0 
350.41 93.1 40.552467 -3.478437 717.3 4 5 133.6 2.461 0 1 0 
351.41 92.2 40.552315 -3.478224 716.7 4 5 134.6 2.812 0 1 0 
352.43 91.2 40.552151 -3.478004 715.8 4 5 135.7 2.109 0 1 0 
353.41 90.2 40.551991 -3.477801 714.7 4 5 136.4 1.758 0 1 0 
354.41 91.1 40.551819 -3.477583 713.5 4 5 137.8 2.109 0 1 0 
355.39 92.7 40.551640 -3.477371 712.7 4 5 138.5 2.109 0 1 0 
356.41 94.0 40.551460 -3.477170 712.1 4 5 139.6 1.758 0 1 0 
357.39 94.4 40.551273 -3.476972 711.4 4 5 141.3 2.812 0 1 0 
358.52 95.0 40.551083 -3.476782 710.8 4 5 142.0 2.461 0 1 0 
359.47 93.7 40.550884 -3.476596 710.1 4 5 143.4 2.109 0 1 0 
360.42 93.7 40.550694 -3.476417 709.2 4 5 144.5 2.461 0 0 0 
361.42 93.7 40.550499 -3.476243 708.0 4 5 145.2 1.758 0 0 0 
362.41 93.2 40.550293 -3.476061 708.0 4 5 146.2 1.758 0 0 0 
363.41 93.0 40.550091 -3.475893 706.8 4 5 147.0 1.758 0 0 0 
364.40 92.8 40.549896 -3.475731 706.0 4 5 148.0 1.758 0 0 0 
365.42 94.3 40.549713 -3.475590 705.3 4 5 149.4 2.461 0 0 0 
366.41 94.9 40.549503 -3.475429 704.5 4 5 150.5 2.461 0 0 0 
367.48 94.4 40.549286 -3.475282 703.7 4 5 151.5 2.109 0 0 0 
368.42 93.5 40.549080 -3.475144 702.6 4 5 152.9 2.461 0 0 0 
369.42 93.5 40.548862 -3.475002 701.8 4 5 153.3 1.758 0 0 0 
370.50 92.3 40.548653 -3.474872 701.0 4 5 154.7 1.758 0 0 0 
371.42 92.1 40.548435 -3.474743 699.9 4 5 155.4 2.109 0 0 0 
372.43 91.2 40.548229 -3.474628 698.6 4 5 156.8 2.109 0 0 0 
373.42 91.8 40.548023 -3.474508 698.0 4 5 157.9 2.461 0 0 0 
374.42 92.6 40.547806 -3.474402 697.3 3 5 158.9 2.109 0 0 0 
375.41 92.7 40.547588 -3.474304 696.5 3 5 160.0 2.109 0 0 0 
376.49 93.3 40.547367 -3.474201 695.8 3 5 161.0 2.109 0 0 0 
377.40 94.4 40.547146 -3.474109 695.0 3 5 162.1 2.109 0 0 0 
378.39 95.4 40.546917 -3.474015 694.6 3 5 163.1 2.109 0 0 0 
379.46 96.0 40.546692 -3.473925 694.0 3 5 163.8 1.758 0 0 0 
380.41 95.1 40.546463 -3.473837 693.0 3 5 164.2 1.055 0 0 0 
381.40 94.7 40.546234 -3.473751 692.4 4 5 164.5 0.703 0 0 0 
382.45 93.2 40.546009 -3.473655 691.2 4 5 165.2 1.055 0 0 0 
383.41 92.5 40.545792 -3.473580 690.2 4 5 165.9 1.406 0 0 0 
384.43 92.1 40.545574 -3.473501 689.2 4 5 164.9 1.055 0 0 0 
385.41 90.3 40.545353 -3.473427 688.4 4 5 165.2 0.703 0 0 0 
386.40 90.3 40.545135 -3.473355 687.5 3 5 165.9 1.055 0 0 0 
387.40 90.8 40.544926 -3.473284 686.5 3 5 165.6 0.352 0 0 0 
388.40 90.3 40.544701 -3.473209 685.7 4 5 166.3 0.703 0 0 0 
389.43 89.2 40.544483 -3.473145 685.0 4 5 166.6 1.055 0 0 0 
390.41 89.2 40.544266 -3.473079 684.2 4 5 166.6 0.352 0 0 0 
391.40 86.7 40.544056 -3.473007 683.6 3 5 165.6 1.055 0 0 0 
392.45 87.8 40.543839 -3.472937 682.5 3 5 165.9 0.703 1 0 0 
393.44 88.7 40.543621 -3.472866 681.8 3 5 166.6 1.055 0 0 0 
394.43 89.0 40.543407 -3.472800 681.0 3 5 166.3 0.352 0 0 0 
395.47 92.4 40.543182 -3.472728 680.7 3 5 165.9 0.703 0 0 0 
396.40 92.8 40.542961 -3.472647 679.7 3 5 165.9 0.352 0 0 0 
397.48 92.8 40.542744 -3.472572 679.6 3 5 165.9 0 0 0 0 
398.43 90.8 40.542519 -3.472497 678.8 3 5 165.9 0 0 0 0 
399.44 88.8 40.542301 -3.472426 678.5 3 5 167.0 1.055 0 0 0 
400.40 88.7 40.542080 -3.472357 677.6 3 5 166.3 0.703 0 0 0 
401.40 87.1 40.541859 -3.472286 676.8 3 5 166.3 0.703 0 0 0 
402.41 86.8 40.541645 -3.472218 675.8 3 5 166.6 0.352 0 0 0 
403.41 85.2 40.541435 -3.472151 675.4 3 5 166.6 0.352 0 0 0 
404.41 82.9 40.541237 -3.472079 675.0 3 5 165.9 0.703 0 0 0 
405.42 84.4 40.541046 -3.472007 674.4 4 5 165.6 1.055 0 0 0 
406.41 86.0 40.540836 -3.471939 674.4 4 5 165.9 0.352 0 0 0 
407.41 85.0 40.540630 -3.471864 673.8 4 5 166.3 0.703 0 0 0 
408.45 84.0 40.540428 -3.471797 673.2 4 5 165.9 0.352 0 0 0 
409.40 83.8 40.540215 -3.471722 672.9 4 5 165.6 0.703 0 0 0 
410.42 85.0 40.540012 -3.471649 672.4 4 5 164.9 1.055 0 0 0 
411.40 86.6 40.539803 -3.471585 672.1 4 5 165.9 1.055 0 0 0 
412.42 85.9 40.539585 -3.471511 672.0 4 5 165.9 1.055 0 0 0 
413.41 86.8 40.539368 -3.471438 671.3 6 5 166.3 0.352 0 0 0 
414.42 87.3 40.539158 -3.471381 671.0 6 5 165.9 0.352 1 0 0 
415.42 85.5 40.538944 -3.471308 670.5 6 5 165.9 0.352 0 0 0 
416.42 85.4 40.538754 -3.471212 670.1 6 5 165.9 0 0 0 0 
417.42 85.4 40.538548 -3.471144 669.8 6 5 165.9 0 0 0 0 
418.44 85.2 40.538345 -3.471073 669.7 6 5 166.6 0.703 0 0 0 
419.54 85.9 40.538136 -3.471009 669.2 6 5 166.3 0.352 0 0 0 
420.42 86.5 40.537941 -3.470935 668.7 6 5 165.9 0.703 0 0 0 
421.42 86.0 40.537724 -3.470856 668.1 6 5 165.6 0.703 0 0 0 
422.40 85.8 40.537518 -3.470785 667.5 6 5 165.6 0.352 0 0 0 
423.54 85.4 40.537308 -3.470709 667.0 6 5 164.9 0.703 0 0 0 
424.43 85.8 40.537106 -3.470616 666.7 6 5 164.2 1.406 0 0 0 
425.43 85.7 40.536896 -3.470538 665.9 6 5 163.1 1.758 0 0 0 
426.42 85.5 40.536694 -3.470459 665.6 6 5 160.7 3.516 0 0 0 
427.42 86.2 40.536491 -3.470362 665.1 6 5 158.2 4.922 0 0 0 
428.42 86.3 40.536293 -3.470256 664.7 6 5 155.0 5.625 0 0 0 
429.42 86.0 40.536083 -3.470124 664.5 6 5 152.2 5.977 0 0 0 
430.42 85.1 40.535896 -3.469992 663.8 4 5 149.8 5.273 0 0 0 
431.41 85.3 40.535709 -3.469845 663.4 4 5 146.6 5.625 0 0 0 
432.44 84.9 40.535534 -3.469685 662.7 4 5 144.8 4.922 0 0 0 
433.44 84.6 40.535362 -3.469520 662.0 4 5 142.0 4.570 0 0 0 
434.39 83.8 40.535210 -3.469356 661.7 6 5 139.6 5.273 0 0 0 
435.40 86.0 40.535053 -3.469156 661.5 6 5 136.1 5.977 0 0 0 
436.42 85.8 40.534904 -3.468959 661.0 4 5 132.9 6.680 0 0 0 
437.43 85.3 40.534763 -3.468747 660.4 4 5 130.8 5.273 0 0 0 
438.39 85.8 40.534626 -3.468521 659.8 4 5 128.3 4.570 0 0 0 
439.52 83.8 40.534504 -3.468297 659.1 4 5 124.8 5.977 0 0 0 
440.39 83.6 40.534382 -3.468061 658.4 4 5 121.6 6.680 1 0 0 
441.40 83.7 40.534286 -3.467825 657.7 4 5 119.2 5.625 0 0 0 
442.39 84.8 40.534191 -3.467579 657.2 4 5 117.4 4.219 0 0 0 
443.40 86.1 40.534111 -3.467331 657.0 4 5 114.3 4.922 0 0 0 
444.40 85.8 40.534035 -3.467063 656.3 4 5 111.1 6.328 0 0 0 
445.41 84.8 40.533962 -3.466801 655.8 4 5 109.0 5.273 0 0 0 
446.42 83.6 40.533901 -3.466541 655.3 4 5 106.5 4.570 0 0 0 
447.41 84.3 40.533840 -3.466274 654.3 4 5 104.8 4.219 0 0 0 
448.40 81.4 40.533802 -3.466016 654.0 4 5 99.5 7.031 0 0 0 
449.40 83.0 40.533772 -3.465755 653.1 4 5 97.7 7.031 0 0 0 
450.41 84.1 40.533752 -3.465487 653.0 4 5 95.6 3.867 0 0 0 
451.40 85.5 40.533730 -3.465204 652.8 6 5 93.2 4.570 0 0 0 
452.41 89.2 40.533730 -3.464921 652.5 6 5 91.1 4.570 0 0 0 
453.40 87.4 40.533726 -3.464637 652.3 6 5 90.7 2.461 0 0 0 
454.40 88.0 40.533714 -3.464343 652.0 6 5 90.0 1.055 0 0 0 
455.46 89.5 40.533722 -3.464068 651.4 6 5 89.6 1.055 0 0 0 
456.41 89.1 40.533726 -3.463773 651.1 4 5 89.6 0.352 0 0 0 
457.44 89.0 40.533733 -3.463499 650.4 6 5 89.3 0.352 0 0 0 
458.46 88.4 40.533726 -3.463207 649.8 6 5 90.4 1.055 0 0 0 
459.41 88.8 40.533722 -3.462911 651.6 6 5 89.6 0.703 0 0 0 
460.40 89.5 40.533733 -3.462624 650.0 6 5 88.9 1.406 0 0 0 
461.41 90.3 40.533741 -3.462333 648.6 6 5 87.9 1.758 0 0 0 
462.43 90.4 40.533745 -3.462040 647.8 4 5 88.2 0.703 0 0 0 
463.41 92.6 40.533779 -3.461747 650.0 6 5 88.9 1.055 0 0 0 
464.41 92.4 40.533779 -3.461444 647.7 6 5 89.3 1.055 0 0 0 
465.41 93.5 40.533768 -3.461133 647.3 6 5 90.4 1.406 0 0 0 
466.41 93.0 40.533772 -3.460829 646.7 6 5 89.6 0.703 0 0 0 
467.43 93.8 40.533768 -3.460531 646.4 6 5 91.1 1.406 0 0 0 
468.41 91.9 40.533772 -3.460225 645.6 6 5 88.9 2.109 0 0 0 
469.47 92.1 40.533764 -3.459919 645.0 6 5 90.0 1.055 0 0 0 
470.49 91.6 40.533772 -3.459620 644.5 6 5 89.6 0.703 0 0 0 
471.48 91.2 40.533775 -3.459320 645.2 6 5 89.6 0.352 0 0 0 
472.41 90.0 40.533775 -3.459019 644.3 6 5 90.0 0.352 0 0 0 
473.43 91.5 40.533756 -3.458720 644.0 6 5 90.0 0.352 0 0 0 
474.42 92.8 40.533752 -3.458420 643.9 6 5 90.0 0 0 0 0 
475.45 93.6 40.533756 -3.458112 643.9 4 5 90.0 0 0 0 0 
476.41 93.1 40.533768 -3.457810 644.0 6 5 89.6 0.352 0 0 0 
477.41 92.6 40.533775 -3.457516 644.0 6 5 89.6 0.352 0 0 0 
478.41 93.5 40.533772 -3.457203 644.2 6 5 89.6 0 0 0 0 
479.42 93.7 40.533764 -3.456896 644.1 4 5 89.6 0 0 0 0 
480.42 93.2 40.533779 -3.456597 644.5 6 5 89.6 0 0 0 0 
481.39 91.7 40.533768 -3.456289 644.7 6 5 88.9 0.703 0 0 0 
482.44 92.3 40.533764 -3.455991 645.0 6 5 90.0 1.055 0 0 0 
483.43 92.1 40.533772 -3.455703 645.0 6 5 90.0 1.055 0 0 0 
484.39 91.5 40.533775 -3.455391 646.3 4 5 89.3 0.703 0 0 0 
485.42 91.2 40.533779 -3.455090 646.5 4 5 89.6 0.352 0 0 0 
486.42 90.7 40.533764 -3.454788 647.0 4 5 90.0 0.703 0 0 0 
487.45 89.8 40.533760 -3.454481 647.4 4 5 91.8 2.109 0 0 0 
488.42 88.9 40.533752 -3.454188 647.6 4 5 89.6 2.109 0 0 0 
489.42 89.4 40.533749 -3.453897 648.4 4 5 90.0 1.758 0 0 0 
490.44 88.7 40.533752 -3.453609 648.8 4 5 89.6 0.352 0 0 0 
491.45 88.9 40.533741 -3.453319 649.4 4 5 89.3 0.703 0 0 0 
492.40 89.6 40.533741 -3.453027 650.0 4 5 89.3 0.352 0 0 0 
493.43 88.9 40.533749 -3.452736 650.3 4 5 89.6 0.352 0 0 0 
494.39 88.1 40.533741 -3.452442 650.7 4 5 89.6 0.352 0 0 0 
495.40 88.7 40.533745 -3.452153 651.1 4 5 89.6 0 0 0 0 
496.44 89.4 40.533749 -3.451866 651.8 4 5 89.3 0.352 0 0 0 
497.40 90.4 40.533749 -3.451572 652.3 4 5 89.6 0.352 0 0 0 
498.40 90.6 40.533752 -3.451266 652.7 4 5 89.6 0.352 0 0 0 
499.42 90.5 40.533764 -3.450975 653.4 4 5 90.0 0.352 0 0 0 
500.40 90.1 40.533764 -3.450678 653.8 4 5 89.6 0.352 0 0 0 
501.39 90.8 40.533772 -3.450392 654.3 4 5 89.6 0.352 0 0 0 
502.40 91.5 40.533760 -3.450094 655.0 4 5 89.6 0 0 0 0 
503.40 92.1 40.533764 -3.449793 655.4 4 5 89.3 0.352 0 0 0 
504.39 92.1 40.533768 -3.449490 655.8 4 5 89.6 0.352 0 0 0 
505.39 89.4 40.533768 -3.449186 656.3 4 5 89.6 0.352 0 0 0 
506.40 86.1 40.533768 -3.448902 656.5 4 5 90.0 0.352 0 0 0 
507.41 85.3 40.533772 -3.448612 656.9 4 5 90.0 0.352 0 0 0 
508.41 85.9 40.533779 -3.448334 657.3 4 5 89.3 0.703 0 0 0 
509.49 86.9 40.533787 -3.448040 657.5 4 5 89.3 0.703 0 0 0 
510.40 87.7 40.533791 -3.447758 658.3 4 5 89.6 0.352 0 0 0 
511.46 90.8 40.533791 -3.447467 658.7 4 5 89.6 0.352 0 0 0 
512.40 89.8 40.533791 -3.447176 658.9 4 5 90.0 0.352 0 0 0 
513.40 90.6 40.533794 -3.446881 659.7 4 5 89.3 0.703 0 0 0 
514.41 90.8 40.533791 -3.446583 660.3 4 5 89.3 0.703 0 0 0 
515.41 90.7 40.533787 -3.446287 660.6 4 5 90.0 0.703 0 0 0 
516.40 91.2 40.533787 -3.445992 661.2 4 5 89.6 0.352 0 0 0 
517.41 91.8 40.533775 -3.445687 661.2 4 5 90.7 1.055 0 0 0 
518.40 88.5 40.533794 -3.445398 662.1 4 5 89.6 1.055 0 0 0 
519.41 88.8 40.533791 -3.445110 662.4 6 5 89.3 1.406 0 0 0 
520.40 88.6 40.533794 -3.444823 662.9 4 5 89.3 0.352 0 0 0 
521.40 88.5 40.533794 -3.444537 663.0 4 5 89.6 0.352 0 0 0 
522.44 88.3 40.533810 -3.444252 663.5 4 5 90.4 1.055 0 0 0 
523.43 88.9 40.533802 -3.443955 664.2 4 5 90.0 0.352 0 0 0 
524.41 89.4 40.533806 -3.443666 664.6 4 5 89.6 0.703 0 0 0 
525.41 89.6 40.533802 -3.443370 664.6 4 5 89.3 0.703 0 0 0 
526.42 87.3 40.533802 -3.443082 665.3 4 5 89.6 0.352 0 0 0 
527.41 85.8 40.533802 -3.442798 665.5 4 5 89.6 0.352 0 0 0 
528.41 86.5 40.533802 -3.442518 665.9 4 5 90.0 0.352 0 0 0 
529.41 87.9 40.533802 -3.442233 666.3 4 5 90.7 1.055 0 0 0 
530.41 88.8 40.533802 -3.441940 666.6 4 5 89.6 1.055 0 0 0 
531.42 90.4 40.533806 -3.441651 666.8 4 5 89.6 1.055 0 0 0 
532.40 90.4 40.533802 -3.441352 667.3 4 5 89.3 0.352 0 0 0 
533.44 90.6 40.533810 -3.441060 667.3 4 5 89.6 0.352 0 0 0 
534.41 88.8 40.533813 -3.440766 667.2 4 5 90.0 0.703 0 0 0 
535.40 87.9 40.533813 -3.440479 666.9 4 5 90.0 0.352 0 0 0 
536.42 86.4 40.533813 -3.440196 666.1 4 5 89.6 0.352 0 0 0 
537.42 84.7 40.533821 -3.439915 665.6 4 5 89.3 0.703 0 0 0 
538.41 84.3 40.533840 -3.439645 665.4 4 5 89.6 0.352 0 0 0 
539.47 84.3 40.533840 -3.439366 664.8 4 5 90.0 0.703 0 0 0 
540.51 86.5 40.533836 -3.439087 664.2 4 5 90.4 0.703 0 0 0 
541.42 87.9 40.533833 -3.438798 663.8 4 5 89.6 0.703 0 0 0 
542.48 87.0 40.533833 -3.438511 663.1 4 5 89.6 0.703 0 0 0 
543.40 87.3 40.533836 -3.438225 662.1 6 5 90.0 0.352 0 0 0 
544.40 87.2 40.533833 -3.437934 660.8 6 5 90.0 0.352 0 0 0 
545.40 88.2 40.533833 -3.437645 659.7 6 5 89.6 0.352 0 0 0 
546.41 86.9 40.533840 -3.437367 658.9 6 5 88.6 1.406 0 0 0 
547.42 89.7 40.533855 -3.437089 657.2 6 5 89.6 1.055 1 0 0 
548.46 92.5 40.533855 -3.436789 655.8 6 5 90.0 1.406 0 0 0 
549.45 90.4 40.533855 -3.436483 655.0 6 5 90.0 0.352 0 0 0 
550.46 91.0 40.533848 -3.436179 654.7 6 5 90.0 0 0 0 0 
551.39 91.2 40.533840 -3.435873 652.1 6 5 90.7 0.703 0 0 0 
552.44 91.2 40.533840 -3.435571 650.8 6 5 90.4 0.352 0 0 0 
553.48 90.3 40.533848 -3.435283 649.6 6 5 90.7 0.352 0 0 0 
554.40 89.4 40.533840 -3.434987 648.3 6 5 89.6 1.055 0 0 0 
555.40 89.5 40.533840 -3.434689 646.8 6 5 90.0 0.703 0 0 0 
556.41 88.8 40.533833 -3.434399 645.7 6 5 90.7 1.055 1 0 0 
557.42 87.2 40.533833 -3.434114 644.7 6 5 89.6 1.055 0 0 0 
558.39 89.0 40.533829 -3.433827 643.3 6 5 91.4 1.758 1 0 0 
559.43 90.5 40.533817 -3.433520 642.1 6 5 93.2 3.516 1 0 0 
560.39 89.7 40.533821 -3.433227 640.9 6 5 92.5 1.055 1 0 0 
561.40 88.1 40.533825 -3.432941 639.6 6 5 91.8 1.406 1 0 0 
562.40 92.1 40.533749 -3.432622 638.5 6 5 99.1 7.383 1 1 0 
563.41 91.7 40.533710 -3.432322 637.0 6 5 100.9 9.141 1 1 0 
564.39 91.2 40.533646 -3.432010 635.3 6 5 102.0 2.812 1 1 0 
565.44 91.2 40.533604 -3.431725 634.4 6 5 103.7 2.812 1 1 0 
566.44 92.6 40.533543 -3.431439 633.1 6 5 106.2 4.219 0 1 0 
567.40 90.5 40.533489 -3.431159 631.7 6 5 107.2 3.516 0 1 0 
568.42 90.4 40.533432 -3.430886 630.4 6 5 109.0 2.812 1 1 0 
569.42 90.5 40.533348 -3.430600 629.3 6 5 110.0 2.812 0 1 0 
570.40 90.1 40.533260 -3.430319 628.1 6 5 111.8 2.812 0 1 0 
571.41 89.9 40.533165 -3.430056 626.7 6 5 113.6 3.516 0 1 0 
572.40 89.3 40.533066 -3.429778 625.5 6 5 115.0 3.164 0 1 0 
573.43 89.5 40.532959 -3.429510 624.2 4 5 116.7 3.164 0 1 0 
574.41 89.0 40.532856 -3.429250 622.8 4 5 118.5 3.516 1 1 0 
575.40 89.3 40.532742 -3.428993 622.2 4 5 119.9 3.164 1 1 0 
576.46 90.0 40.532631 -3.428732 620.9 4 5 121.6 3.164 1 2 0 
577.49 90.6 40.532509 -3.428485 619.6 4 5 122.7 2.812 1 2 0 
578.40 91.4 40.532383 -3.428229 618.7 4 5 123.8 2.109 0 2 0 
579.42 90.7 40.532261 -3.427986 617.7 4 5 124.1 1.406 0 2 0 
580.45 93.6 40.532104 -3.427737 616.8 6 5 128.0 4.219 0 2 0 
581.40 94.5 40.531956 -3.427495 616.6 4 5 130.8 6.680 0 2 0 
582.41 94.5 40.531807 -3.427263 615.6 6 5 131.1 3.164 0 2 0 
583.53 93.9 40.531651 -3.427031 614.7 4 5 132.9 2.109 0 2 0 
584.42 93.7 40.531498 -3.426813 614.5 6 5 134.6 3.516 1 2 0 
585.41 92.0 40.531334 -3.426596 614.4 4 5 135.7 2.812 1 2 0 
586.42 92.4 40.531162 -3.426392 614.3 4 5 138.5 3.867 1 2 0 
587.40 88.3 40.530987 -3.426193 614.4 4 5 139.2 3.516 1 2 0 
588.41 86.9 40.530819 -3.426018 614.6 4 5 141.3 2.812 1 2 0 
589.41 86.3 40.530647 -3.425839 615.0 6 5 141.7 2.461 1 3 0 
590.42 88.4 40.530476 -3.425662 615.3 4 5 142.4 1.055 1 3 0 
591.42 87.4 40.530285 -3.425503 615.9 4 5 145.2 3.516 0 3 0 
592.43 86.9 40.530106 -3.425343 616.6 4 5 146.6 4.219 0 3 0 
593.48 87.9 40.529930 -3.425188 616.8 4 5 148.0 2.812 0 3 0 
594.42 89.3 40.529728 -3.425039 617.4 6 5 149.8 3.164 0 3 0 
595.40 89.7 40.529526 -3.424896 618.0 6 5 151.9 3.867 0 3 0 
596.40 89.6 40.529343 -3.424769 618.3 6 5 152.6 2.812 1 3 0 
597.42 91.0 40.529137 -3.424635 619.0 6 5 152.9 1.055 1 3 0 
598.43 92.1 40.528927 -3.424492 619.6 4 5 153.3 0.703 1 3 0 
599.42 92.3 40.528721 -3.424352 619.8 4 5 153.3 0.352 0 3 0 
600.43 91.7 40.528507 -3.424216 620.2 4 5 153.6 0.352 0 3 0 
601.42 92.5 40.528301 -3.424080 620.6 4 5 153.3 0.352 0 3 0 
602.41 91.3 40.528091 -3.423938 621.0 4 5 152.2 1.406 0 3 0 
603.41 90.9 40.527893 -3.423803 621.3 6 5 151.2 2.109 0 3 0 
604.42 90.6 40.527691 -3.423665 621.9 6 5 149.4 2.812 0 3 0 
605.42 90.8 40.527508 -3.423517 622.4 4 5 147.7 3.516 0 3 0 
606.39 91.0 40.527321 -3.423339 622.9 4 5 144.8 4.570 0 3 0 
607.42 89.7 40.527142 -3.423162 623.2 4 5 142.4 5.273 0 3 0 
608.42 88.8 40.526955 -3.422973 623.3 4 5 139.9 4.922 0 3 0 
609.41 88.1 40.526787 -3.422781 623.8 4 5 137.8 4.570 0 3 0 
610.42 88.3 40.526630 -3.422582 624.2 3 5 135.4 4.570 0 3 0 
611.43 88.6 40.526470 -3.422374 624.8 4 5 132.9 4.922 0 3 0 
612.42 87.3 40.526325 -3.422160 624.7 4 5 130.1 5.273 0 3 0 
613.51 85.0 40.526188 -3.421936 625.1 3 5 128.0 4.922 0 3 0 
614.42 84.1 40.526070 -3.421723 625.4 4 5 126.2 3.867 0 3 0 
615.42 82.4 40.525951 -3.421501 625.5 4 5 123.8 4.219 0 3 0 
616.39 81.8 40.525837 -3.421277 625.7 3 5 121.3 4.922 0 3 0 
617.39 83.6 40.525730 -3.421041 626.0 3 5 118.8 4.922 0 3 0 
618.42 84.9 40.525631 -3.420797 626.3 4 5 118.1 3.164 0 3 0 
619.39 84.2 40.525543 -3.420550 626.7 4 5 117.4 1.406 0 3 0 
620.40 85.4 40.525444 -3.420298 627.0 4 5 115.7 2.461 0 3 0 
621.41 86.7 40.525360 -3.420041 627.8 4 5 114.6 2.812 0 3 0 
622.48 86.1 40.525284 -3.419779 628.3 4 5 111.4 4.219 0 2 0 
623.42 85.3 40.525215 -3.419512 628.3 4 5 110.4 4.219 0 2 0 
624.44 85.5 40.525143 -3.419256 628.8 4 5 110.0 1.406 0 2 0 
625.40 86.4 40.525085 -3.418981 629.2 4 5 108.6 1.758 0 2 0 
626.40 85.1 40.525024 -3.418715 629.4 4 5 107.6 2.461 0 2 0 
627.49 85.0 40.524956 -3.418441 629.5 4 5 106.9 1.758 0 2 0 
628.50 83.4 40.524902 -3.418179 629.7 4 5 106.9 0.703 1 2 0 
629.40 81.3 40.524841 -3.417924 629.7 4 5 107.2 0.352 0 2 0 
630.40 82.0 40.524780 -3.417665 630.4 4 5 107.6 0.703 0 2 0 
631.41 83.2 40.524715 -3.417410 631.7 4 5 109.0 1.758 0 2 0 
632.51 81.6 40.524651 -3.417159 630.9 4 5 110.0 2.461 0 2 0 
633.43 85.6 40.524582 -3.416904 631.2 4 5 112.5 3.516 0 2 0 
634.53 83.4 40.524498 -3.416650 631.5 4 5 114.3 4.219 0 2 0 
635.41 87.9 40.524399 -3.416384 631.7 4 5 116.7 4.219 0 2 0 
636.47 89.0 40.524296 -3.416127 632.0 4 5 118.8 4.570 0 1 0 
637.47 88.9 40.524181 -3.415869 632.1 4 5 120.6 3.867 0 1 0 
638.41 89.0 40.524063 -3.415621 631.7 4 5 123.4 4.570 1 1 0 
639.42 89.7 40.523933 -3.415380 631.5 4 5 125.5 4.922 1 1 0 
640.47 92.6 40.523800 -3.415139 631.2 4 5 126.9 3.516 0 2 0 
641.44 92.6 40.523663 -3.414906 630.7 4 5 128.0 2.461 0 2 0 
642.43 95.5 40.523495 -3.414657 630.3 4 5 130.4 3.516 0 2 0 
643.40 93.7 40.523335 -3.414434 629.5 4 5 132.5 4.570 0 2 0 
644.41 97.3 40.523151 -3.414203 628.8 4 5 136.1 5.625 0 2 0 
645.41 99.0 40.522968 -3.413981 627.9 4 5 137.8 5.273 0 1 0 
646.41 100.4 40.522781 -3.413769 627.1 4 5 140.6 4.570 0 1 0 
647.42 100.0 40.522579 -3.413570 626.2 4 5 142.7 4.922 0 1 0 
648.41 100.0 40.522381 -3.413371 625.2 4 5 142.7 2.109 0 1 0 
649.42 100.0 40.522182 -3.413172 624.2 4 5 142.7 0 0 1 0 
650.41 102.9 40.521954 -3.412972 623.6 4 5 144.8 2.109 0 1 0 
651.42 101.9 40.521748 -3.412780 623.0 4 5 144.1 1.406 0 1 0 
652.40 101.0 40.521542 -3.412589 622.1 3 5 144.5 0.352 0 1 0 
653.41 99.7 40.521339 -3.412402 621.0 3 5 144.5 0.352 0 1 0 
654.41 98.4 40.521133 -3.412213 620.6 3 5 144.5 0 0 1 0 
655.41 97.0 40.520939 -3.412026 619.9 3 5 144.5 0 0 1 0 
656.41 95.7 40.520737 -3.411845 619.2 3 5 144.5 0 0 0 0 
657.41 95.3 40.520546 -3.411663 618.7 3 5 144.5 0 0 0 0 
658.40 97.3 40.520355 -3.411489 618.3 3 5 144.8 0.352 0 0 0 
659.40 97.7 40.520161 -3.411307 618.0 3 5 144.8 0.352 0 0 0 
660.41 97.2 40.519962 -3.411123 617.5 3 5 144.8 0 0 0 0 
661.55 95.7 40.519764 -3.410943 617.2 3 5 144.5 0.352 0 0 0 
662.41 94.0 40.519573 -3.410763 616.5 3 5 144.5 0.352 0 0 0 
663.40 93.8 40.519386 -3.410576 616.4 3 5 143.1 1.406 0 0 0 
664.41 90.9 40.519203 -3.410412 615.9 3 5 144.8 1.758 0 0 0 
665.41 89.6 40.519032 -3.410242 615.4 3 5 144.8 1.758 0 0 0 
666.41 90.2 40.518841 -3.410066 615.4 3 5 144.5 0.352 0 0 0 
667.40 91.3 40.518646 -3.409893 615.2 3 5 144.8 0.352 1 0 0 
668.43 89.9 40.518459 -3.409730 614.6 3 5 145.2 0.703 2 0 0 
669.41 88.2 40.518284 -3.409555 614.3 3 5 145.2 0.352 2 0 0 
670.43 87.0 40.518105 -3.409394 614.0 3 5 145.5 0.352 0 0 0 
671.41 85.4 40.517925 -3.409247 613.6 3 5 146.6 1.406 0 0 0 
672.42 84.0 40.517750 -3.409096 613.4 3 5 147.3 1.758 0 0 0 
673.42 82.8 40.517574 -3.408943 613.0 3 5 145.9 1.406 0 0 0 
674.42 81.2 40.517406 -3.408794 612.6 3 5 145.5 1.758 0 0 0 
675.42 80.0 40.517242 -3.408646 612.3 3 5 145.5 0.352 0 0 0 
676.42 80.9 40.517075 -3.408498 612.1 3 5 145.9 0.352 0 0 0 
677.39 82.3 40.516903 -3.408349 612.1 3 5 145.9 0.352 0 0 0 
678.39 84.0 40.516735 -3.408201 611.9 3 5 147.0 1.055 0 0 0 
679.52 84.2 40.516560 -3.408050 611.6 3 5 147.3 1.406 0 0 0 
680.40 82.7 40.516380 -3.407907 611.6 4 5 147.3 0.352 0 0 0 
681.39 81.3 40.516212 -3.407768 610.9 4 5 147.7 0.352 0 0 0 
682.39 80.8 40.516048 -3.407638 610.4 4 5 148.4 1.055 0 0 0 
683.39 78.9 40.515877 -3.407499 610.1 4 5 149.1 1.406 0 0 0 
684.40 78.2 40.515705 -3.407359 609.8 3 5 150.1 1.758 0 0 0 
685.39 77.0 40.515537 -3.407235 609.4 3 5 150.8 1.758 0 0 0 
686.40 76.0 40.515362 -3.407117 608.9 3 5 151.9 1.758 0 0 0 
687.42 75.6 40.515198 -3.407004 608.3 3 5 153.3 2.461 0 0 0 
688.47 74.8 40.515030 -3.406894 607.7 3 5 153.3 1.406 0 0 0 
689.39 73.0 40.514862 -3.406789 607.3 3 5 153.6 0.352 0 0 0 
690.41 73.7 40.514690 -3.406683 607.0 3 5 154.0 0.703 0 0 0 
691.39 68.4 40.514530 -3.406574 607.3 3 5 153.6 0.352 0 0 0 
692.39 65.6 40.514374 -3.406478 607.5 3 5 153.6 0.352 0 0 0 
693.40 61.3 40.514233 -3.406396 608.0 3 5 153.6 0 0 0 0 
694.43 59.2 40.514095 -3.406309 608.1 3 5 154.3 0.703 0 0 0 
695.39 57.3 40.513962 -3.406230 608.3 3 5 153.6 0.703 0 0 0 
696.42 55.4 40.513840 -3.406150 608.5 3 5 153.6 0.703 0 0 0 
697.41 51.4 40.513718 -3.406071 608.7 3 5 154.0 0.352 0 0 0 
