23.00 1 1 40.518032 -3.409117 20151126130730 
68.76 1 1 40.525921 -3.421298 20151126130816 
123.36 1 1 40.533855 -3.433964 20151126130910 
155.31 1 1 40.533844 -3.442937 20151126130942 
253.46 1 1 40.537365 -3.470733 20151126131120 
399.66 2 1 40.554691 -3.500229 20151126131346 
406.42 1 1 40.555382 -3.501834 20151126131353 
409.13 3 2 40.555649 -3.502356 20151126131356 
493.22 3 1 40.563660 -3.516993 20151126131520 
496.67 1 1 40.564259 -3.517131 20151126131523 
501.87 1 1 40.565647 -3.517637 20151126131529 
507.95 3 1 40.566940 -3.518331 20151126131535 
577.31 2 1 40.574459 -3.531924 20151126131644 
608.06 3 1 40.577370 -3.539013 20151126131715 
632.89 2 1 40.580009 -3.544381 20151126131740 
