19.76 100.0 1 primary 2 1 40.517220 -3.408358 0.865 96.0 
20.66 100.0 1 primary 2 1 40.517391 -3.408522 0.762 98.9 
21.94 100.0 1 primary 2 1 40.517601 -3.408709 1.049 105.0 
23.70 100.0 1 primary 2 1 40.517818 -3.408902 0.813 107.9 
24.92 100.0 1 primary 3 2 40.518257 -3.409317 1.031 107.7 
26.80 100.0 1 primary 3 2 40.518703 -3.409722 0.914 111.5 
28.10 100.0 1 primary 3 2 40.518936 -3.409932 1.206 113.3 
29.84 100.0 1 primary 3 2 40.519398 -3.410371 0.946 112.9 
31.06 100.0 1 primary 3 2 40.519630 -3.410583 1.171 110.7 
32.90 100.0 1 primary 2 3 40.520069 -3.410995 1.005 105.8 
34.65 100.0 1 primary 2 3 40.520493 -3.411411 0.755 106.3 
35.68 100.0 1 primary 2 3 40.520718 -3.411624 0.793 108.1 
36.49 100.0 1 primary 2 3 40.520939 -3.411837 0.598 110.0 
37.86 100.0 1 primary 2 3 40.521168 -3.412055 0.970 113.4 
38.85 100.0 1 primary 2 3 40.521400 -3.412271 0.953 114.8 
39.56 100.0 1 primary 2 3 40.521629 -3.412488 0.674 114.8 
40.89 100.0 1 primary 2 3 40.521870 -3.412706 0.998 117.4 
42.84 100.0 1 primary 2 3 40.522354 -3.413145 0.946 119.6 
43.87 100.0 1 primary 2 3 40.522598 -3.413384 0.982 118.5 
45.60 100.0 1 primary 2 3 40.522831 -3.413627 1.706 117.4 
47.45 100.0 1 primary 2 3 40.523273 -3.414137 1.561 116.5 
48.70 90.0 3 tertiary_link 1 3 40.523663 -3.414702 0.811 116.1 
50.00 90.0 3 tertiary_link 1 3 40.523838 -3.414993 1.114 111.1 
51.44 90.0 3 tertiary_link 1 1 40.524158 -3.415574 0.550 108.5 
52.57 90.0 3 tertiary_link 1 1 40.524303 -3.415863 0.681 109.3 
53.71 100.0 1 primary 2 1 40.524441 -3.416176 0.815 109.7 
54.72 100.0 1 primary 2 1 40.524567 -3.416495 0.826 111.3 
55.46 100.0 1 primary 2 1 40.524677 -3.416827 0.572 112.5 
56.37 100.0 1 primary 2 1 40.524780 -3.417169 0.479 113.3 
57.60 100.0 1 primary 2 1 40.524879 -3.417523 0.714 113.3 
58.52 80.0 1 primary 1 1 40.524967 -3.417877 0.624 113.3 
59.43 80.0 1 primary 1 1 40.525055 -3.418242 0.536 112.8 
60.36 80.0 1 primary 1 1 40.525131 -3.418596 0.470 112.1 
61.37 80.0 1 primary 1 1 40.525208 -3.418957 0.482 114.2 
62.52 80.0 1 primary 1 1 40.525288 -3.419311 0.626 112.3 
63.64 80.0 1 primary 1 1 40.525375 -3.419661 0.748 110.2 
64.44 80.0 1 primary 1 1 40.525467 -3.420006 0.555 110.1 
65.77 80.0 1 primary 1 1 40.525566 -3.420341 0.883 109.2 
66.42 80.0 1 primary 1 1 40.525677 -3.420672 0.533 108.5 
67.67 100.0 3 primary_link 1 1 40.525799 -3.420986 0.776 108.3 
68.56 100.0 1 primary 2 1 40.525921 -3.421298 0.671 108.4 
69.77 90.0 1 primary 2 1 40.526070 -3.421594 0.873 107.4 
70.66 90.0 1 primary 2 1 40.526222 -3.421879 0.765 106.7 
71.63 90.0 1 primary 2 1 40.526386 -3.422151 0.744 105.3 
72.84 90.0 1 primary 2 1 40.526566 -3.422401 0.949 104.3 
73.67 90.0 1 primary 2 1 40.526752 -3.422640 0.777 104.3 
74.72 90.0 1 primary 2 1 40.526936 -3.422858 0.827 102.7 
75.82 90.0 1 primary 2 1 40.527130 -3.423075 0.933 102.0 
76.91 90.0 1 primary 2 1 40.527328 -3.423278 1.020 102.3 
78.96 90.0 1 primary 2 1 40.527763 -3.423641 1.069 101.8 
80.66 90.0 1 primary 2 1 40.527985 -3.423808 0.765 100.8 
82.09 90.0 1 primary 2 1 40.528431 -3.424120 1.204 98.4 
84.44 90.0 1 primary 2 1 40.528873 -3.424406 1.545 95.5 
85.68 90.0 1 primary 2 1 40.529297 -3.424694 0.794 94.4 
87.08 90.0 1 primary 2 1 40.529507 -3.424836 1.191 93.2 
88.89 90.0 1 primary 2 1 40.529911 -3.425140 1.000 92.1 
89.79 90.0 1 primary 2 1 40.530106 -3.425299 0.897 92.1 
90.69 90.0 1 primary 2 1 40.530304 -3.425456 0.799 91.4 
92.00 90.0 1 primary 2 1 40.530479 -3.425627 1.107 94.9 
93.76 90.0 1 primary 2 1 40.530853 -3.426010 0.867 98.0 
94.45 90.0 1 primary 2 1 40.531048 -3.426213 0.557 100.6 
95.82 90.0 1 primary 2 1 40.531235 -3.426439 0.930 101.8 
96.80 90.0 1 primary 2 1 40.531418 -3.426665 0.914 101.8 
98.03 90.0 1 primary 2 1 40.531597 -3.426912 1.138 100.2 
99.56 90.0 1 primary 2 1 40.531921 -3.427403 0.672 99.6 
100.49 90.0 1 primary 2 1 40.532082 -3.427662 0.599 97.8 
101.73 90.0 1 primary 2 1 40.532230 -3.427915 0.842 97.6 
102.64 90.0 1 primary 2 1 40.532372 -3.428162 0.749 96.1 
103.77 90.0 1 primary 2 1 40.532505 -3.428411 0.875 93.3 
104.58 90.0 1 primary 2 1 40.532627 -3.428667 0.693 91.3 
105.52 90.0 1 primary 2 1 40.532742 -3.428924 0.619 90.2 
106.54 90.0 1 primary 2 1 40.532860 -3.429184 0.645 90.3 
107.39 90.0 1 primary 2 1 40.532974 -3.429456 0.504 89.9 
108.48 90.0 1 primary 2 1 40.533077 -3.429726 0.585 89.4 
109.44 90.0 1 primary 2 1 40.533176 -3.430005 0.548 90.4 
110.55 90.0 1 primary 2 1 40.533257 -3.430276 0.654 91.4 
111.55 90.0 1 primary 2 1 40.533337 -3.430558 0.665 89.7 
112.71 90.0 1 primary 2 1 40.533413 -3.430830 0.822 87.2 
113.51 90.0 1 primary 2 1 40.533489 -3.431099 0.619 89.7 
114.62 90.0 1 primary 2 1 40.533562 -3.431390 0.732 90.7 
115.45 90.0 1 primary 2 1 40.533623 -3.431679 0.564 90.3 
116.36 90.0 1 primary 2 1 40.533669 -3.431958 0.474 87.7 
117.42 90.0 1 primary 2 1 40.533726 -3.432231 0.530 87.7 
118.40 90.0 1 primary 2 1 40.533760 -3.432511 0.513 88.9 
119.28 90.0 1 primary 2 1 40.533794 -3.432797 0.388 90.7 
120.57 90.0 1 primary 2 1 40.533817 -3.433095 0.674 90.5 
121.38 90.0 1 primary 2 1 40.533840 -3.433386 0.486 90.3 
122.41 90.0 1 primary 2 1 40.533848 -3.433677 0.518 89.3 
123.35 90.0 1 primary 2 1 40.533855 -3.433964 0.456 86.1 
124.36 90.0 1 primary 2 1 40.533863 -3.434226 0.469 79.1 
125.42 90.0 1 primary 2 1 40.533871 -3.434482 0.531 75.8 
126.50 90.0 1 primary 2 1 40.533875 -3.434732 0.608 75.0 
127.32 90.0 1 primary 2 1 40.533871 -3.434986 0.431 75.3 
128.55 90.0 1 primary 2 1 40.533875 -3.435235 0.656 76.0 
129.60 90.0 1 primary 2 1 40.533871 -3.435491 0.708 77.4 
130.52 90.0 1 primary 2 1 40.533871 -3.435741 0.628 76.1 
131.42 90.0 1 primary 2 1 40.533871 -3.435988 0.527 74.8 
132.54 90.0 1 primary 2 1 40.533875 -3.436232 0.652 75.5 
133.61 90.0 1 primary 2 1 40.533867 -3.436477 0.722 77.5 
134.69 90.0 1 primary 2 1 40.533867 -3.436732 0.798 79.2 
135.62 90.0 1 primary 2 1 40.533867 -3.437000 0.729 80.9 
137.15 90.0 1 primary 2 1 40.533863 -3.437264 1.257 84.9 
138.93 90.0 1 primary 2 1 40.533867 -3.437815 1.039 87.6 
156.71 90.0 1 primary 2 1 40.533863 -3.438391 16.816 90.6 
158.07 90.0 1 primary 2 1 40.533836 -3.443511 1.176 88.2 
159.99 90.0 1 primary 2 1 40.533844 -3.444095 1.093 89.2 
161.68 90.0 1 primary 2 1 40.533852 -3.444679 0.786 89.1 
162.57 90.0 1 primary 2 1 40.533844 -3.444984 0.677 90.1 
163.76 90.0 1 primary 2 1 40.533840 -3.445285 0.873 91.6 
164.71 90.0 1 primary 2 1 40.533833 -3.445584 0.820 91.6 
165.51 90.0 1 primary 2 1 40.533829 -3.445879 0.621 91.1 
166.54 90.0 1 primary 2 1 40.533825 -3.446177 0.653 91.7 
167.47 90.0 1 primary 2 1 40.533821 -3.446488 0.576 93.0 
168.38 90.0 1 primary 2 1 40.533821 -3.446793 0.491 94.7 
169.40 90.0 1 primary 2 1 40.533825 -3.447103 0.512 94.6 
170.44 90.0 1 primary 2 1 40.533817 -3.447410 0.546 93.3 
171.45 90.0 1 primary 2 1 40.533817 -3.447706 0.562 92.7 
172.48 90.0 1 primary 2 1 40.533813 -3.448010 0.587 93.1 
173.40 90.0 1 primary 2 1 40.533813 -3.448320 0.511 95.1 
174.63 90.0 1 primary 2 1 40.533817 -3.448625 0.737 96.3 
175.97 90.0 1 primary 2 1 40.533817 -3.448952 1.083 102.2 
177.61 90.0 1 primary 2 1 40.533810 -3.449636 0.719 104.2 
178.83 90.0 1 primary 2 1 40.533806 -3.449977 0.940 101.6 
179.54 90.0 1 primary 2 1 40.533802 -3.450309 0.651 101.6 
180.82 90.0 1 primary 2 1 40.533802 -3.450309 0.929 97.8 
181.63 90.0 1 primary 2 1 40.533798 -3.450957 0.742 97.8 
182.45 90.0 1 primary 2 1 40.533791 -3.451270 0.559 96.4 
183.54 90.0 1 primary 2 1 40.533791 -3.451586 0.645 95.5 
184.46 90.0 1 primary 2 1 40.533787 -3.451898 0.567 95.2 
185.54 90.0 1 primary 2 1 40.533787 -3.452204 0.648 94.4 
186.51 90.0 1 primary 2 1 40.533787 -3.452508 0.615 93.9 
187.43 90.0 1 primary 2 1 40.533791 -3.452812 0.536 92.5 
188.45 90.0 1 primary 2 1 40.533791 -3.453123 0.560 92.4 
189.40 90.0 1 primary 2 1 40.533791 -3.453428 0.511 92.2 
190.41 90.0 1 primary 2 1 40.533787 -3.453728 0.524 92.9 
191.42 90.0 1 primary 2 1 40.533783 -3.454033 0.530 91.4 
192.55 90.0 1 primary 2 1 40.533783 -3.454337 0.659 91.7 
193.67 90.0 1 primary 2 1 40.533787 -3.454643 0.782 91.8 
194.83 90.0 1 primary 2 1 40.533791 -3.454927 0.937 93.0 
195.52 90.0 1 primary 2 1 40.533794 -3.455246 0.626 93.0 
196.86 90.0 1 primary 2 1 40.533798 -3.455556 0.969 93.7 
197.97 90.0 1 primary 2 1 40.533783 -3.455853 1.083 95.0 
199.85 90.0 1 primary 2 1 40.533779 -3.456479 0.955 98.5 
200.74 90.0 1 primary 2 1 40.533783 -3.456826 0.849 98.5 
202.89 90.0 1 primary 2 1 40.533779 -3.457146 2.003 93.4 
205.96 90.0 1 primary 2 1 40.533783 -3.458060 2.071 91.3 
208.34 90.0 1 primary 2 1 40.533791 -3.458941 1.451 90.0 
209.66 90.0 1 primary 2 1 40.533783 -3.459531 0.773 88.1 
212.11 90.0 1 primary 2 1 40.533783 -3.459823 2.218 90.9 
213.65 90.0 1 primary 2 1 40.533764 -3.460710 0.761 91.4 
215.29 90.0 1 primary 2 1 40.533756 -3.461024 1.398 94.1 
216.84 90.0 1 primary 2 1 40.533752 -3.461647 0.947 96.7 
217.87 90.0 1 primary 2 1 40.533752 -3.461968 0.982 96.9 
218.77 90.0 1 primary 2 1 40.533749 -3.462284 0.877 96.9 
219.68 90.0 1 primary 2 1 40.533745 -3.462614 0.792 98.5 
220.82 90.0 1 primary 2 1 40.533745 -3.462934 0.932 99.8 
221.86 90.0 1 primary 2 1 40.533745 -3.463265 0.964 99.8 
222.89 90.0 1 primary 2 1 40.533741 -3.463592 0.996 102.4 
223.79 90.0 1 primary 2 1 40.533737 -3.463924 0.897 102.4 
224.70 90.0 1 primary 2 1 40.533741 -3.464255 0.811 101.1 
225.80 90.0 1 primary 2 1 40.533741 -3.464597 0.914 102.9 
226.65 90.0 1 primary 2 1 40.533745 -3.464935 0.750 102.9 
227.47 90.0 1 primary 2 1 40.533760 -3.465266 0.577 101.6 
228.59 90.0 1 primary 2 1 40.533775 -3.465595 0.703 98.5 
229.51 90.0 1 primary 2 1 40.533806 -3.465900 0.622 96.0 
231.47 90.0 1 primary 2 1 40.533844 -3.466209 1.581 93.2 
232.67 90.0 1 primary 2 1 40.533978 -3.466801 0.782 93.8 
233.85 90.0 1 primary 2 1 40.534065 -3.467073 0.956 92.7 
235.01 90.0 1 primary 2 1 40.534145 -3.467360 1.118 91.0 
236.73 90.0 1 primary 2 1 40.534340 -3.467884 0.838 87.7 
237.61 90.0 1 primary 2 1 40.534454 -3.468135 0.723 86.9 
238.73 90.0 1 primary 2 1 40.534573 -3.468370 0.839 86.1 
239.45 90.0 1 primary 2 1 40.534702 -3.468597 0.562 86.5 
241.02 100.0 3 primary_link 1 1 40.534843 -3.468819 1.130 86.4 
243.27 100.0 3 primary_link 1 1 40.535137 -3.469218 1.377 82.3 
245.18 90.0 1 primary 2 1 40.535454 -3.469565 1.290 83.1 
246.57 100.0 3 primary_link 1 1 40.535812 -3.469880 0.678 85.2 
247.75 100.0 3 primary_link 1 1 40.536011 -3.470030 0.848 89.1 
248.62 100.0 3 primary_link 1 1 40.536201 -3.470175 0.728 91.3 
249.63 100.0 3 primary_link 1 1 40.536411 -3.470318 0.744 94.8 
250.43 100.0 3 primary_link 1 1 40.536644 -3.470441 0.544 96.5 
251.47 100.0 3 primary_link 1 1 40.536873 -3.470549 0.582 97.9 
252.84 100.0 3 primary_link 1 1 40.537113 -3.470639 0.951 104.4 
253.61 90.0 1 primary 2 1 40.537365 -3.470733 0.717 104.4 
254.61 90.0 1 primary 2 1 40.537617 -3.470817 0.712 104.8 
255.83 90.0 1 primary 2 1 40.537868 -3.470893 0.939 99.9 
256.65 90.0 1 primary 2 1 40.538113 -3.470980 0.754 99.9 
257.79 90.0 1 primary 2 1 40.538349 -3.471055 0.903 99.8 
258.81 90.0 1 primary 2 1 40.538593 -3.471134 0.916 102.0 
259.83 90.0 1 primary 2 1 40.538837 -3.471222 0.937 99.9 
260.64 90.0 1 primary 2 1 40.539078 -3.471303 0.747 99.9 
261.98 90.0 1 primary 2 1 40.539318 -3.471381 1.081 97.8 
264.07 90.0 1 primary 2 1 40.539795 -3.471537 1.176 95.5 
265.46 90.0 1 primary 2 1 40.540028 -3.471621 0.559 94.0 
266.58 90.0 1 primary 2 1 40.540485 -3.471771 0.692 91.7 
267.61 30.0 1 primary_link 1 1 40.540710 -3.471845 0.724 89.7 
268.54 30.0 1 primary_link 1 1 40.540936 -3.471919 0.647 89.4 
269.49 30.0 1 primary_link 1 1 40.541149 -3.471998 0.603 90.0 
270.60 30.0 1 primary_link 1 1 40.541359 -3.472074 0.703 89.1 
271.40 30.0 1 primary_link 1 1 40.541573 -3.472148 0.505 86.8 
272.52 30.0 1 primary_link 1 1 40.541779 -3.472223 0.629 84.3 
273.45 30.0 1 primary_link 1 1 40.541977 -3.472287 0.555 82.9 
274.68 30.0 1 primary_link 1 1 40.542179 -3.472357 0.791 83.2 
275.74 30.0 1 primary_link 1 1 40.542385 -3.472427 0.852 84.9 
276.72 30.0 1 primary_link 1 1 40.542591 -3.472493 0.827 83.5 
277.33 30.0 1 primary_link 1 1 40.542801 -3.472564 0.438 87.5 
278.36 30.0 1 primary_link 1 1 40.543015 -3.472631 0.468 88.3 
279.50 30.0 1 primary_link 1 1 40.543236 -3.472711 0.607 89.5 
280.62 30.0 1 primary_link 1 1 40.543453 -3.472790 0.728 90.4 
281.78 90.0 1 primary 2 1 40.543674 -3.472861 0.885 88.3 
282.46 90.0 1 primary 2 1 40.543884 -3.472924 0.565 86.9 
283.68 90.0 1 primary 2 1 40.544086 -3.473001 0.793 84.4 
284.61 90.0 1 primary 2 1 40.544285 -3.473060 0.718 83.4 
285.33 90.0 1 primary 2 1 40.544483 -3.473146 0.438 83.8 
286.47 90.0 1 primary 2 1 40.544693 -3.473212 0.578 86.3 
287.37 90.0 1 primary 2 1 40.544899 -3.473278 0.479 88.2 
288.50 90.0 1 primary 2 1 40.545113 -3.473347 0.606 89.9 
289.55 90.0 1 primary 2 1 40.545330 -3.473420 0.656 91.4 
290.44 90.0 1 primary 2 1 40.545559 -3.473494 0.547 93.2 
291.62 90.0 1 primary 2 1 40.545788 -3.473575 0.732 94.8 
292.61 90.0 1 primary 2 1 40.546021 -3.473658 0.724 96.1 
293.83 90.0 1 primary 2 1 40.546253 -3.473743 0.935 94.5 
294.85 90.0 1 primary 2 1 40.546490 -3.473832 0.955 93.5 
295.61 90.0 1 primary 2 1 40.546715 -3.473907 0.717 93.5 
296.59 90.0 1 primary 2 1 40.546936 -3.473992 0.701 91.9 
297.83 90.0 1 primary 2 1 40.547153 -3.474079 0.935 92.7 
298.63 90.0 1 primary 2 1 40.547375 -3.474170 0.743 92.7 
299.56 90.0 1 primary 2 1 40.547592 -3.474266 0.666 94.0 
300.48 90.0 1 primary 2 1 40.547817 -3.474375 0.592 95.1 
301.60 90.0 1 primary 2 1 40.548027 -3.474486 0.713 96.5 
302.84 90.0 1 primary 2 1 40.548252 -3.474605 0.949 94.4 
303.78 90.0 1 primary 2 1 40.548473 -3.474730 0.891 94.4 
304.68 90.0 1 primary 2 1 40.548687 -3.474855 0.787 93.0 
305.80 90.0 1 primary 2 1 40.548897 -3.474985 0.914 93.6 
306.74 90.0 1 primary 2 1 40.549103 -3.475122 0.854 94.6 
307.80 90.0 1 primary 2 1 40.549316 -3.475271 0.904 96.2 
308.92 90.0 1 primary 2 1 40.549519 -3.475421 1.034 96.2 
311.64 90.0 1 primary 2 1 40.549931 -3.475740 1.749 95.7 
312.87 90.0 1 primary 2 1 40.550327 -3.476075 0.983 93.0 
314.51 90.0 1 primary 2 1 40.550522 -3.476253 1.606 94.4 
316.56 90.0 1 primary 2 1 40.550892 -3.476611 1.669 93.5 
317.85 90.0 1 primary 2 1 40.551273 -3.476996 0.960 92.6 
318.86 90.0 1 primary 2 1 40.551453 -3.477181 0.966 92.0 
320.29 90.0 1 primary 2 1 40.551628 -3.477381 1.403 93.6 
321.88 90.0 1 primary 2 1 40.551975 -3.477792 0.989 96.9 
323.03 90.0 1 primary 2 1 40.552147 -3.478010 1.143 98.1 
324.65 90.0 1 primary 2 1 40.552498 -3.478474 0.761 98.8 
325.57 90.0 1 primary 2 1 40.552670 -3.478715 0.682 98.8 
326.56 90.0 1 primary 2 1 40.552670 -3.478715 0.666 97.7 
327.41 90.0 1 primary 2 1 40.552986 -3.479204 0.519 96.7 
328.75 90.0 1 primary 2 1 40.553139 -3.479456 0.855 95.3 
329.56 90.0 1 primary 2 1 40.553288 -3.479698 0.672 93.8 
330.51 90.0 1 primary 2 1 40.553432 -3.479942 0.618 93.0 
332.43 90.0 1 primary 2 1 40.553566 -3.480183 1.539 93.1 
334.55 90.0 1 primary 2 1 40.553825 -3.480687 1.651 93.9 
335.50 90.0 1 primary 2 1 40.554085 -3.481212 0.614 97.0 
336.66 90.0 1 primary 2 1 40.554207 -3.481486 0.771 96.3 
337.55 90.0 1 primary 2 1 40.554321 -3.481760 0.655 95.5 
338.37 90.0 1 primary 2 1 40.554432 -3.482029 0.475 93.1 
339.60 90.0 1 primary 2 1 40.554539 -3.482291 0.710 92.4 
340.52 90.0 1 primary 2 1 40.554653 -3.482558 0.621 91.4 
342.58 90.0 1 primary 2 1 40.554653 -3.482558 1.684 91.9 
343.59 90.0 1 primary 2 1 40.554951 -3.483372 0.702 94.0 
345.06 90.0 1 primary 2 1 40.555042 -3.483662 1.167 98.5 
346.60 90.0 1 primary 2 1 40.555214 -3.484269 0.707 99.6 
347.58 90.0 1 primary 2 1 40.555214 -3.484269 0.694 99.6 
348.52 90.0 1 primary 2 1 40.555382 -3.484893 0.631 98.3 
349.65 90.0 1 primary 2 1 40.555458 -3.485199 0.758 96.4 
350.69 90.0 1 primary 2 1 40.555519 -3.485502 0.801 96.3 
351.50 90.0 1 primary 2 1 40.555580 -3.485817 0.611 96.9 
352.50 90.0 1 primary 2 1 40.555637 -3.486121 0.606 97.1 
353.54 90.0 1 primary 2 1 40.555695 -3.486420 0.652 96.9 
354.90 90.0 1 primary 2 1 40.555737 -3.486727 1.007 97.3 
363.46 90.0 1 primary 2 1 40.555809 -3.487355 7.570 97.7 
377.59 90.0 1 primary 2 1 40.555889 -3.489898 13.691 95.1 
381.12 90.0 1 primary 2 1 40.554821 -3.493964 3.227 95.8 
383.23 100.0 3 primary_link 1 1 40.554482 -3.495136 1.337 95.4 
384.76 100.0 3 primary_link 1 1 40.554352 -3.495746 0.873 95.8 
385.99 100.0 3 primary_link 1 1 40.554352 -3.495746 1.095 94.4 
389.05 90.0 1 primary 2 1 40.554256 -3.496657 2.163 93.6 
391.64 90.0 3 tertiary_link 1 1 40.554241 -3.497285 1.750 95.6 
393.73 90.0 1 primary 2 1 40.554291 -3.498230 1.839 94.2 
397.17 90.0 1 primary 2 1 40.554379 -3.498827 3.279 89.1 
400.32 90.0 1 primary 2 1 40.554626 -3.499956 2.427 85.3 
401.85 90.0 1 primary 3 2 40.554836 -3.500748 0.964 81.5 
402.81 90.0 1 primary 3 2 40.554932 -3.500979 0.915 81.5 
403.92 90.0 1 primary 3 2 40.555046 -3.501201 1.022 80.2 
405.65 90.0 1 primary 3 2 40.555271 -3.501635 0.764 78.4 
406.78 90.0 1 primary 3 2 40.555382 -3.501834 0.887 74.0 
407.73 90.0 1 primary 3 2 40.555485 -3.502014 0.835 67.0 
408.66 90.0 1 primary 3 2 40.555569 -3.502195 0.766 59.7 
409.87 90.0 1 primary 3 2 40.555649 -3.502357 0.970 59.4 
410.56 90.0 1 primary 3 2 40.555729 -3.502520 0.667 59.4 
411.95 90.0 1 primary 3 2 40.555813 -3.502681 1.058 60.8 
413.85 90.0 1 primary 3 2 40.555969 -3.503036 0.964 63.8 
415.04 90.0 1 primary 3 2 40.556042 -3.503212 1.148 65.5 
416.97 90.0 1 primary 3 2 40.556179 -3.503587 1.078 65.4 
419.19 90.0 1 primary 3 2 40.556309 -3.503980 1.301 65.9 
420.61 90.0 1 primary 3 2 40.556416 -3.504395 0.715 66.0 
421.82 90.0 1 primary 3 2 40.556465 -3.504603 0.932 66.8 
423.15 90.0 1 primary 3 2 40.556519 -3.504815 1.263 67.5 
425.90 90.0 1 primary 3 2 40.556599 -3.505250 2.014 68.8 
427.66 90.0 1 primary 3 2 40.556725 -3.505900 0.773 69.4 
429.68 90.0 1 primary 3 2 40.556725 -3.505900 1.789 71.1 
432.14 90.0 1 primary 3 2 40.556789 -3.506591 2.250 72.3 
450.93 90.0 1 primary 3 2 40.556797 -3.507303 18.042 77.6 
454.87 90.0 1 primary 3 2 40.557117 -3.511739 2.984 80.6 
456.13 90.0 1 primary 3 2 40.557365 -3.512463 1.237 80.0 
464.22 90.0 1 primary 3 2 40.557564 -3.512935 7.327 86.8 
465.83 90.0 1 primary 3 2 40.558620 -3.514688 0.939 83.6 
466.71 90.0 1 primary 3 2 40.558781 -3.514867 0.816 83.6 
468.19 90.0 1 primary 3 2 40.558937 -3.515044 1.303 81.8 
471.22 100.0 3 primary_link 1 2 40.559261 -3.515369 2.332 78.2 
472.82 90.0 1 primary 3 2 40.559769 -3.515794 0.929 77.9 
473.56 90.0 1 primary 3 2 40.559933 -3.515912 0.666 77.4 
474.56 90.0 1 primary 3 2 40.560108 -3.516020 0.671 76.1 
475.90 90.0 1 primary 3 2 40.560287 -3.516131 1.011 73.4 
478.67 100.0 3 primary_link 1 2 40.560616 -3.516300 1.784 73.7 
481.02 100.0 3 primary_link 1 2 40.560963 -3.516461 2.126 76.8 
528.74 100.0 3 primary_link 1 2 40.561520 -3.516635 46.845 72.6 
529.55 90.0 1 primary 2 2 40.570053 -3.521301 0.660 73.0 
530.57 90.0 1 primary 2 2 40.570183 -3.521474 0.683 73.1 
531.75 90.0 1 primary 2 2 40.570183 -3.521474 0.853 72.5 
532.93 90.0 1 primary 2 2 40.570431 -3.521832 1.038 72.5 
534.87 90.0 1 primary 2 2 40.570663 -3.522194 0.983 73.0 
535.81 90.0 1 primary 2 2 40.570778 -3.522380 0.916 73.0 
536.85 90.0 1 primary 2 2 40.570885 -3.522580 0.959 74.7 
537.74 90.0 1 primary 2 2 40.570995 -3.522780 0.851 74.7 
538.62 90.0 1 primary 2 2 40.570995 -3.522780 0.732 73.7 
539.81 90.0 1 primary 2 2 40.571220 -3.523174 0.918 73.7 
540.80 90.0 1 primary 2 2 40.571323 -3.523376 0.905 74.5 
541.88 90.0 1 primary 2 2 40.571430 -3.523585 0.990 75.5 
542.66 90.0 1 primary 2 2 40.571533 -3.523797 0.759 75.5 
543.38 90.0 1 primary 2 2 40.571629 -3.524001 0.486 75.3 
545.25 90.0 1 primary 2 2 40.571712 -3.524207 1.361 76.0 
546.79 90.0 1 primary 2 2 40.571892 -3.524640 0.896 77.2 
550.26 90.0 1 primary 2 2 40.571999 -3.524867 3.372 77.9 
552.09 90.0 1 primary 2 2 40.572311 -3.525804 1.200 77.0 
553.56 90.0 1 primary 2 2 40.572460 -3.526274 0.672 77.1 
554.64 90.0 1 primary 2 2 40.572517 -3.526514 0.745 77.6 
556.20 90.0 1 primary 2 2 40.572586 -3.526747 1.299 77.4 
558.03 90.0 1 primary 2 2 40.572716 -3.527231 1.141 77.7 
560.16 90.0 1 primary 2 2 40.572857 -3.527704 1.267 78.2 
561.94 90.0 1 primary 2 2 40.573002 -3.528191 1.047 78.7 
564.47 90.0 1 primary 2 2 40.573147 -3.528667 1.576 78.3 
566.73 90.0 1 primary 2 2 40.573307 -3.529139 1.832 80.3 
567.95 90.0 1 primary 2 2 40.573486 -3.529606 1.055 80.9 
570.51 90.0 1 primary 2 2 40.573669 -3.530080 1.620 80.5 
571.45 90.0 1 primary 2 2 40.573761 -3.530313 0.560 82.1 
573.03 90.0 1 primary 2 2 40.573948 -3.530777 1.140 82.0 
576.59 90.0 1 primary 2 2 40.574154 -3.531249 2.700 80.4 
577.85 90.0 1 primary 2 2 40.574459 -3.531925 0.960 79.6 
578.94 90.0 1 primary 2 2 40.574566 -3.532163 1.045 79.7 
580.56 90.0 1 primary 2 2 40.574802 -3.532595 0.671 79.7 
581.52 90.0 1 primary 2 2 40.574909 -3.532809 0.629 79.7 
582.73 90.0 1 primary 2 2 40.575020 -3.533025 0.836 78.6 
583.84 90.0 1 primary 2 2 40.575134 -3.533240 0.952 78.9 
585.00 90.0 1 primary 2 2 40.575233 -3.533449 1.113 78.9 
586.48 90.0 1 primary 2 2 40.575443 -3.533901 0.594 79.0 
587.53 90.0 1 primary 2 2 40.575542 -3.534113 0.641 79.2 
588.55 90.0 1 primary 2 2 40.575653 -3.534333 0.664 79.7 
589.47 90.0 1 primary 2 2 40.575748 -3.534548 0.576 78.9 
590.48 90.0 1 primary 2 2 40.575844 -3.534766 0.587 77.8 
591.63 90.0 1 primary 2 2 40.575935 -3.534989 0.744 77.7 
592.53 90.0 1 primary 2 2 40.576027 -3.535215 0.635 78.0 
593.46 90.0 1 primary 2 2 40.576115 -3.535448 0.569 77.9 
594.51 90.0 1 primary 2 2 40.576199 -3.535677 0.615 78.6 
595.60 90.0 1 primary 2 2 40.576283 -3.535905 0.711 79.0 
596.78 90.0 1 primary 2 2 40.576366 -3.536146 0.888 77.9 
597.75 90.0 1 primary 2 2 40.576447 -3.536384 0.857 79.2 
598.95 90.0 1 primary 2 2 40.576447 -3.536384 1.062 80.2 
600.41 90.0 1 primary 2 2 40.576694 -3.537100 0.520 80.2 
601.44 90.0 1 primary 2 2 40.576782 -3.537347 0.551 79.3 
602.50 90.0 1 primary 2 2 40.576866 -3.537584 0.611 79.0 
603.58 90.0 1 primary 2 2 40.576942 -3.537816 0.692 78.5 
604.88 90.0 1 primary 2 2 40.577023 -3.538054 0.993 79.6 
605.44 90.0 1 primary 2 2 40.577114 -3.538293 0.549 79.6 
606.69 90.0 1 primary 2 2 40.577198 -3.538533 0.796 81.0 
607.89 90.0 1 primary 2 2 40.577286 -3.538776 0.999 80.9 
608.95 90.0 1 primary 2 2 40.577370 -3.539013 1.051 80.4 
610.86 90.0 1 primary 2 2 40.577549 -3.539490 0.966 80.0 
612.08 90.0 1 primary 2 2 40.577633 -3.539724 1.193 79.2 
613.92 90.0 1 primary 2 2 40.577812 -3.540176 1.033 80.0 
615.77 90.0 1 primary 2 2 40.577999 -3.540632 0.880 79.5 
617.89 90.0 1 primary 2 2 40.577999 -3.540632 1.998 79.1 
618.84 90.0 1 primary 2 2 40.578308 -3.541311 0.946 78.4 
619.91 90.0 1 primary 2 2 40.578411 -3.541533 1.013 78.4 
622.12 90.0 1 primary 2 2 40.578629 -3.541970 1.232 77.8 
623.90 90.0 1 primary 2 2 40.578846 -3.542390 1.014 78.4 
626.02 90.0 1 primary 2 2 40.579067 -3.542806 1.134 78.0 
628.55 90.0 1 primary 2 2 40.579178 -3.543012 1.655 77.2 
629.83 90.0 1 primary 2 2 40.579529 -3.543609 0.949 76.9 
630.73 90.0 1 primary 2 2 40.579651 -3.543801 0.839 76.9 
631.82 90.0 1 primary 2 2 40.579773 -3.543994 0.930 75.5 
632.87 90.0 1 primary 2 2 40.579891 -3.544190 0.980 75.5 
633.70 90.0 1 primary 2 2 40.580009 -3.544381 0.808 75.5 
635.22 90.0 1 primary 2 2 40.580139 -3.544561 1.336 75.4 
637.38 90.0 1 primary 2 2 40.580395 -3.544933 1.490 75.7 
639.11 90.0 1 primary 2 2 40.580650 -3.545304 1.222 77.0 
640.55 90.0 1 primary 2 2 40.580917 -3.545674 0.662 77.8 
641.47 90.0 1 primary 2 2 40.581055 -3.545861 0.584 79.0 
642.63 90.0 1 primary 2 2 40.581192 -3.546046 0.742 78.9 
644.13 90.0 1 primary 2 1 40.581333 -3.546227 1.246 77.8 
645.67 90.0 1 primary 2 1 40.581604 -3.546587 0.782 76.1 
646.59 90.0 1 primary 2 1 40.581738 -3.546766 0.697 76.1 
647.92 90.0 1 primary 2 1 40.581871 -3.546945 1.034 76.6 
649.69 90.0 1 primary 2 1 40.582142 -3.547307 0.803 76.7 
650.40 90.0 1 primary 2 1 40.582268 -3.547498 0.516 77.4 
652.13 90.0 1 primary 2 1 40.582394 -3.547680 1.247 78.0 
653.76 90.0 1 primary 2 1 40.582642 -3.548056 0.871 76.9 
654.63 90.0 1 primary 2 1 40.582764 -3.548257 0.739 77.1 
655.92 90.0 1 primary 2 1 40.582886 -3.548457 1.028 75.7 
657.79 90.0 1 primary 2 1 40.583099 -3.548865 0.897 76.4 
659.01 90.0 1 primary 2 1 40.583210 -3.549085 1.123 75.6 
660.72 90.0 1 primary 2 1 40.583401 -3.549514 0.832 75.3 
662.00 90.0 1 primary 2 1 40.583401 -3.549514 1.101 76.1 
664.04 90.0 1 primary 2 1 40.583672 -3.550175 1.156 76.4 
666.19 90.0 1 primary 2 1 40.583832 -3.550617 1.303 75.3 
667.79 90.0 1 primary 2 1 40.583965 -3.551069 0.899 74.7 
668.67 90.0 1 primary 2 1 40.584030 -3.551303 0.784 74.8 
670.14 90.0 1 primary 2 1 40.584087 -3.551548 1.254 74.3 
672.19 90.0 1 primary 2 1 40.584190 -3.552006 1.301 75.2 
674.22 90.0 1 primary 2 1 40.584274 -3.552485 1.321 72.5 
675.92 90.0 1 primary 2 1 40.584347 -3.552956 1.035 70.4 
677.93 90.0 1 primary 1 1 40.584408 -3.553411 1.042 67.3 
679.57 90.0 1 primary 1 1 40.584450 -3.553846 0.680 65.1 
680.76 90.0 1 primary 1 1 40.584473 -3.554048 0.871 62.9 
681.99 90.0 1 primary 1 1 40.584496 -3.554244 1.103 58.1 
683.62 90.0 1 primary 1 1 40.584538 -3.554623 0.732 57.2 
