17.92 0.0 40.516396 -3.408003 612.8 17 165 -1 -1 -9 -9 0 
18.94 96.0 40.517220 -3.408358 621.1 8 5 325.9 172.266 0 0 0 
19.94 98.9 40.517391 -3.408522 619.9 4 5 325.9 0.703 0 0 0 
20.93 101.9 40.517601 -3.408708 619.2 3 5 325.5 0.352 0 0 0 
21.95 105.0 40.517818 -3.408902 619.5 3 5 324.8 1.055 0 0 0 
22.91 107.9 40.518032 -3.409117 619.4 3 5 323.8 1.055 0 0 0 
23.93 108.4 40.518257 -3.409317 620.0 3 5 324.5 0.703 0 0 0 
24.90 107.7 40.518478 -3.409518 619.1 3 5 324.8 1.055 0 0 0 
25.90 109.3 40.518703 -3.409722 619.6 3 5 324.8 1.055 0 0 0 
26.90 111.5 40.518936 -3.409932 619.2 3 5 324.8 0 0 0 0 
27.91 113.3 40.519165 -3.410149 620.0 3 5 324.5 0.352 0 0 0 
28.91 113.5 40.519398 -3.410371 621.9 3 5 324.5 0.352 0 0 0 
29.95 112.9 40.519630 -3.410583 620.6 3 5 324.8 0.352 1 0 0 
30.91 110.7 40.519852 -3.410791 622.9 3 5 324.5 0.352 2 1 0 
31.89 107.0 40.520069 -3.410995 621.7 3 5 323.8 1.055 2 1 0 
32.92 105.8 40.520283 -3.411201 621.6 3 5 323.1 1.406 0 2 0 
33.95 106.3 40.520493 -3.411411 621.3 3 5 323.1 0.703 0 2 0 
34.92 108.1 40.520718 -3.411624 622.8 3 5 323.1 0 0 2 0 
35.92 110.0 40.520939 -3.411836 624.6 3 5 323.8 0.703 0 2 0 
36.92 111.7 40.521168 -3.412055 625.2 3 5 324.1 1.055 0 2 0 
37.98 113.4 40.521400 -3.412271 625.4 3 5 324.5 0.703 0 2 0 
38.91 114.8 40.521629 -3.412488 627.8 3 5 324.8 0.703 0 2 0 
39.92 116.3 40.521870 -3.412706 626.7 3 5 324.8 0.352 0 1 0 
40.92 117.4 40.522110 -3.412926 627.6 3 5 324.8 0 0 1 0 
41.92 118.5 40.522354 -3.413144 630.1 3 5 325.9 1.055 0 1 0 
42.92 119.6 40.522598 -3.413384 634.0 3 5 323.4 2.461 0 1 0 
43.92 118.5 40.522831 -3.413627 631.6 3 5 322.0 3.867 0 1 0 
44.92 117.4 40.523056 -3.413874 631.8 3 5 319.6 3.867 0 1 0 
45.89 116.8 40.523273 -3.414137 634.0 3 5 317.1 4.922 0 1 0 
46.90 116.5 40.523476 -3.414414 635.9 3 5 314.3 5.273 0 1 0 
47.89 116.1 40.523663 -3.414701 636.7 3 5 311.1 5.977 0 1 0 
48.92 113.9 40.523838 -3.414993 636.2 3 5 309.4 4.922 0 1 0 
49.89 111.1 40.524002 -3.415284 636.7 3 5 308.0 3.164 0 1 0 
50.94 108.5 40.524158 -3.415574 637.6 3 5 306.2 3.164 2 1 0 
51.90 109.3 40.524303 -3.415863 637.5 3 5 302.3 5.625 0 1 0 
52.89 109.7 40.524441 -3.416175 638.5 3 5 299.2 7.031 0 1 0 
53.91 111.3 40.524567 -3.416494 637.5 3 5 296.0 6.328 0 1 0 
54.91 112.5 40.524677 -3.416826 638.1 3 5 293.6 5.625 0 1 0 
55.90 113.3 40.524780 -3.417169 638.6 3 5 290.7 5.273 0 1 0 
56.91 113.3 40.524879 -3.417523 637.2 3 5 289.0 4.570 0 1 0 
57.90 113.3 40.524967 -3.417876 635.6 3 5 286.9 3.867 0 1 0 
58.90 112.8 40.525055 -3.418241 636.1 3 5 285.8 3.164 0 1 0 
59.91 112.1 40.525131 -3.418595 635.8 3 5 285.5 1.406 0 1 0 
60.91 114.2 40.525208 -3.418957 635.0 3 5 285.5 0.352 0 1 0 
61.90 112.3 40.525288 -3.419311 634.5 3 5 287.2 1.758 1 1 0 
62.90 110.2 40.525375 -3.419660 633.9 3 5 288.3 2.812 2 1 0 
63.91 110.1 40.525467 -3.420006 633.1 3 5 290.0 2.812 2 1 0 
64.90 109.2 40.525566 -3.420340 633.0 3 5 292.1 3.867 2 1 0 
65.91 108.5 40.525677 -3.420671 632.0 3 5 294.3 4.219 2 2 0 
66.90 108.3 40.525799 -3.420986 629.7 3 5 297.4 5.273 2 2 0 
67.91 108.4 40.525921 -3.421298 630.3 3 5 299.9 5.625 1 2 0 
68.93 107.4 40.526070 -3.421594 630.9 3 5 303.4 5.977 0 2 0 
69.90 106.7 40.526222 -3.421878 630.8 3 5 307.3 7.383 0 2 0 
70.91 105.3 40.526386 -3.422150 629.4 3 5 310.4 7.031 0 2 0 
71.92 104.2 40.526566 -3.422401 629.0 3 5 313.6 6.328 0 2 0 
72.91 104.3 40.526752 -3.422640 629.2 3 5 316.1 5.625 1 2 0 
73.97 102.7 40.526936 -3.422858 629.6 3 5 318.5 4.922 1 2 0 
74.94 102.1 40.527130 -3.423075 628.3 3 5 321.7 5.625 1 2 0 
75.93 102.0 40.527328 -3.423277 627.6 3 5 324.1 5.625 1 2 0 
76.91 102.3 40.527546 -3.423464 626.2 3 5 326.6 4.922 1 2 0 
77.94 102.0 40.527763 -3.423641 624.8 3 5 329.4 5.273 1 2 0 
78.91 101.8 40.527985 -3.423808 624.3 3 5 331.2 4.570 1 3 0 
79.91 101.8 40.527985 -3.423808 624.3 3 5 331.2 4.570 1 3 0 
80.91 99.5 40.528431 -3.424120 622.4 3 5 333.3 2.109 1 3 0 
81.89 98.4 40.528656 -3.424263 622.2 3 5 333.6 0.703 1 3 0 
82.91 96.8 40.528873 -3.424406 620.9 3 5 333.6 0.352 1 3 0 
83.91 95.5 40.529087 -3.424557 619.9 3 5 332.9 0.703 1 3 0 
84.92 94.4 40.529297 -3.424694 619.7 3 5 331.9 1.758 1 4 0 
85.91 93.7 40.529507 -3.424836 620.0 3 5 331.2 1.758 0 4 0 
86.91 93.2 40.529709 -3.424986 621.1 3 5 329.4 2.461 0 4 0 
87.92 92.6 40.529911 -3.425140 619.5 3 5 329.4 1.758 0 4 0 
88.92 92.1 40.530106 -3.425299 617.2 3 5 327.7 1.758 0 4 0 
89.90 91.4 40.530304 -3.425455 617.3 3 5 327.0 2.461 0 3 0 
90.91 92.1 40.530479 -3.425627 618.0 3 5 324.1 3.516 0 3 0 
91.92 94.9 40.530663 -3.425807 617.6 3 5 322.0 4.922 0 3 0 
92.92 98.0 40.530853 -3.426009 616.9 3 5 320.6 3.516 0 3 0 
93.94 100.6 40.531048 -3.426213 617.0 3 5 318.9 3.164 0 3 0 
94.99 102.2 40.531235 -3.426439 616.5 3 5 317.1 3.516 0 3 0 
95.95 101.8 40.531418 -3.426665 616.4 3 5 315.7 3.164 0 3 0 
96.99 101.2 40.531597 -3.426912 615.1 3 5 313.9 3.164 0 3 0 
97.92 100.2 40.531773 -3.427157 615.1 3 5 312.2 3.516 0 3 0 
98.96 99.6 40.531921 -3.427403 615.7 3 5 310.1 3.867 0 3 0 
99.95 97.8 40.532082 -3.427661 616.3 3 5 308.7 3.516 0 3 0 
100.91 97.6 40.532230 -3.427914 615.9 3 5 306.6 3.516 0 3 0 
101.90 96.1 40.532372 -3.428162 617.1 3 5 306.2 2.461 0 3 0 
102.90 93.3 40.532505 -3.428411 617.6 3 5 303.8 2.812 0 3 0 
103.90 91.3 40.532627 -3.428666 618.5 3 5 301.6 4.570 0 3 0 
104.94 90.2 40.532742 -3.428923 620.9 3 5 301.3 2.461 0 3 0 
105.89 90.3 40.532860 -3.429184 621.3 3 5 298.8 2.812 0 3 0 
106.94 89.9 40.532974 -3.429456 622.5 3 5 297.1 4.219 0 3 0 
107.94 89.4 40.533077 -3.429726 622.8 3 5 295.3 3.516 0 3 0 
108.91 90.4 40.533176 -3.430004 625.4 3 5 293.9 3.164 0 3 0 
109.90 91.4 40.533257 -3.430276 627.3 3 5 292.5 2.812 0 3 0 
110.90 89.7 40.533337 -3.430558 629.1 3 5 290.7 3.164 0 3 0 
111.90 87.2 40.533413 -3.430830 629.1 3 5 291.1 1.406 0 3 0 
112.90 89.7 40.533489 -3.431099 629.8 3 5 288.3 2.812 0 3 0 
113.92 90.7 40.533562 -3.431390 630.9 3 5 286.2 4.922 0 3 0 
114.94 90.3 40.533623 -3.431679 631.5 4 5 284.8 3.516 0 3 0 
115.90 87.7 40.533669 -3.431957 633.0 3 5 282.7 3.516 0 3 0 
116.90 87.7 40.533726 -3.432230 634.8 4 5 281.2 3.516 0 3 0 
117.90 88.9 40.533760 -3.432511 636.0 4 5 279.8 2.812 1 3 0 
118.89 90.7 40.533794 -3.432797 637.4 4 5 278.1 3.164 1 3 0 
119.91 90.5 40.533817 -3.433095 638.8 4 5 277.0 2.812 1 3 0 
120.95 90.3 40.533840 -3.433386 639.7 4 5 275.3 2.812 2 3 0 
121.94 89.3 40.533848 -3.433677 640.6 4 5 273.9 3.164 2 3 0 
122.90 86.1 40.533855 -3.433964 641.6 4 5 272.8 2.461 1 3 0 
123.92 79.1 40.533863 -3.434225 642.2 4 5 272.1 1.758 0 3 0 
124.91 75.8 40.533871 -3.434481 642.5 3 5 271.1 1.758 0 3 0 
125.91 75.0 40.533875 -3.434731 643.0 3 5 270.7 1.406 0 3 0 
126.91 75.3 40.533871 -3.434985 644.4 3 5 270.0 1.055 0 3 0 
127.90 76.0 40.533875 -3.435235 645.8 3 5 269.6 1.055 0 3 0 
128.90 77.4 40.533871 -3.435490 645.9 3 5 269.6 0.352 0 3 0 
129.90 76.1 40.533871 -3.435740 646.6 3 5 270.4 0.703 0 3 0 
130.90 74.8 40.533871 -3.435988 648.1 3 5 270.0 0.352 0 3 0 
131.91 75.5 40.533875 -3.436231 649.3 3 5 270.0 0.352 0 3 0 
132.94 77.5 40.533867 -3.436477 650.7 3 5 270.0 0.352 0 3 0 
133.94 79.2 40.533867 -3.436731 651.9 3 5 269.6 0.352 0 3 0 
134.90 80.9 40.533867 -3.437000 653.9 3 5 269.6 0.352 1 2 0 
135.90 82.6 40.533863 -3.437264 655.8 3 5 269.6 0 1 2 0 
136.91 84.9 40.533867 -3.437538 656.9 3 5 270.4 0.703 1 2 0 
137.94 85.9 40.533867 -3.437814 659.7 4 5 270.0 0.352 1 2 0 
138.91 87.6 40.533867 -3.438102 661.1 4 5 270.0 0.352 1 2 0 
139.93 89.2 40.533863 -3.438391 661.9 4 5 269.6 0.352 1 2 0 
140.91 89.0 40.533859 -3.438686 661.4 3 5 269.3 0.703 0 2 0 
141.89 87.9 40.533855 -3.438974 661.6 3 5 268.6 1.055 0 2 0 
142.95 87.5 40.533848 -3.439276 662.0 3 5 269.6 1.055 0 2 0 
143.90 88.3 40.533855 -3.439559 662.6 3 5 269.6 1.055 0 2 0 
144.90 87.2 40.533848 -3.439841 663.6 3 5 269.6 0 0 2 0 
145.90 88.3 40.533840 -3.440132 664.3 3 5 269.6 0 0 2 0 
146.90 91.0 40.533836 -3.440430 665.0 3 5 269.6 0 0 2 0 
147.91 92.9 40.533833 -3.440731 665.4 3 5 269.6 0 0 2 0 
148.95 93.9 40.533833 -3.441049 666.1 3 5 269.6 0 0 2 0 
149.91 95.0 40.533836 -3.441363 666.7 4 5 270.0 0.352 0 2 0 
150.90 93.7 40.533836 -3.441682 666.7 4 5 270.4 0.703 0 2 0 
151.95 95.1 40.533848 -3.441987 666.2 4 5 270.0 0.352 0 2 0 
152.92 95.4 40.533844 -3.442304 665.9 4 5 269.3 1.055 0 2 0 
153.92 95.1 40.533848 -3.442630 665.7 4 5 269.3 0.703 0 2 0 
154.92 93.6 40.533844 -3.442937 664.6 4 5 268.9 0.352 0 2 0 
155.89 90.6 40.533836 -3.443219 664.2 4 5 269.6 0.703 0 2 0 
156.91 88.5 40.533836 -3.443511 664.4 4 5 270.0 1.055 0 2 0 
157.97 88.2 40.533840 -3.443801 663.6 4 5 269.3 0.703 0 2 0 
158.94 89.0 40.533844 -3.444095 663.1 4 5 270.0 0.703 0 2 0 
159.90 89.2 40.533848 -3.444387 663.2 4 5 270.0 0.703 0 2 0 
160.91 89.1 40.533852 -3.444679 663.9 4 5 270.4 0.352 0 2 0 
161.90 90.1 40.533844 -3.444983 662.6 4 5 269.6 0.703 0 2 0 
162.92 91.6 40.533840 -3.445285 661.6 4 5 269.3 1.055 0 2 0 
163.93 91.6 40.533833 -3.445584 660.7 4 5 268.9 0.703 0 2 0 
164.90 91.1 40.533829 -3.445878 659.5 4 5 269.6 0.703 0 2 0 
165.90 91.7 40.533825 -3.446176 659.6 4 5 269.6 0.703 0 2 0 
166.90 93.0 40.533821 -3.446488 659.4 4 5 269.6 0 0 2 0 
167.93 94.7 40.533821 -3.446793 659.2 4 5 269.6 0 0 2 0 
168.92 94.6 40.533825 -3.447103 659.9 4 5 269.6 0 0 2 0 
169.93 93.3 40.533817 -3.447409 660.6 4 5 270.4 0.703 0 2 0 
170.90 92.7 40.533817 -3.447706 659.9 4 5 269.3 1.055 0 2 0 
171.89 93.1 40.533813 -3.448010 657.8 3 5 269.3 1.055 0 2 0 
172.93 95.1 40.533813 -3.448319 655.2 3 5 269.6 0.352 0 2 0 
173.90 96.3 40.533817 -3.448625 655.9 3 5 269.6 0.352 0 2 0 
174.90 100.6 40.533817 -3.448952 656.2 3 5 269.3 0.352 0 2 0 
175.90 102.2 40.533813 -3.449286 656.6 4 5 269.3 0.352 0 2 0 
176.90 104.2 40.533810 -3.449636 656.6 4 5 269.3 0 0 2 0 
177.91 103.1 40.533806 -3.449977 656.7 4 5 269.6 0.352 0 2 0 
178.93 101.6 40.533802 -3.450309 657.5 4 5 269.6 0.352 0 1 0 
179.90 101.6 40.533802 -3.450309 657.5 4 5 269.6 0.352 0 1 0 
180.91 97.8 40.533798 -3.450956 655.9 4 5 270.0 0.352 0 1 0 
181.92 96.4 40.533791 -3.451269 655.2 4 5 269.6 0.352 0 1 0 
182.94 95.5 40.533791 -3.451586 655.3 4 5 269.3 0.703 0 1 0 
183.90 95.2 40.533787 -3.451898 654.9 4 5 269.6 0.352 0 1 0 
184.90 94.4 40.533787 -3.452204 654.0 4 5 268.9 0.703 0 1 0 
185.92 93.9 40.533787 -3.452508 654.2 4 5 269.3 0.352 0 1 0 
186.93 92.5 40.533791 -3.452812 654.6 4 5 269.3 0.352 0 1 0 
187.97 92.4 40.533791 -3.453123 654.2 4 5 269.6 0.352 0 1 0 
188.95 92.2 40.533791 -3.453428 654.3 3 5 269.6 0.352 0 1 0 
189.90 92.9 40.533787 -3.453728 654.4 3 5 269.6 0 0 1 0 
190.93 91.4 40.533783 -3.454033 653.7 3 5 269.6 0 0 1 0 
191.91 91.7 40.533783 -3.454337 652.3 3 5 270.0 0.352 0 1 0 
192.91 91.8 40.533787 -3.454643 651.4 3 5 269.6 0.352 0 1 0 
193.94 92.6 40.533791 -3.454927 651.7 3 5 270.0 0.352 0 0 0 
194.93 93.0 40.533794 -3.455246 650.9 3 5 270.0 0.352 2 1 0 
195.93 93.3 40.533798 -3.455555 649.7 3 5 270.0 0 0 0 0 
196.91 93.7 40.533783 -3.455852 647.3 3 5 269.6 0.352 0 0 0 
197.98 95.0 40.533783 -3.456159 647.5 3 5 269.3 0.703 0 0 0 
198.91 97.4 40.533779 -3.456478 647.6 4 5 269.3 0.352 0 0 0 
199.92 98.5 40.533783 -3.456825 647.8 4 5 269.6 0.352 0 0 0 
200.91 97.3 40.533779 -3.457145 649.3 4 5 269.6 0.352 0 0 0 
201.96 95.6 40.533783 -3.457451 648.8 4 5 269.6 0 0 0 0 
202.95 93.4 40.533775 -3.457750 647.8 4 5 269.6 0 0 0 0 
203.92 92.7 40.533783 -3.458060 647.6 4 5 269.6 0 0 0 0 
204.89 91.9 40.533791 -3.458348 648.6 4 5 270.0 0.352 0 0 0 
205.91 91.3 40.533802 -3.458633 648.3 4 5 270.0 0.352 0 0 0 
206.90 91.8 40.533791 -3.458941 646.3 4 5 270.0 0 0 0 0 
207.93 90.0 40.533787 -3.459237 644.9 4 5 269.6 0.352 0 0 0 
208.92 88.1 40.533783 -3.459531 645.2 4 5 269.6 0.352 0 0 0 
209.92 88.5 40.533783 -3.459823 645.9 4 5 270.0 0.352 0 0 0 
210.90 89.4 40.533779 -3.460118 645.7 4 5 269.6 0.352 0 0 0 
211.91 90.9 40.533768 -3.460407 646.6 4 5 269.6 0.352 0 0 0 
212.94 91.4 40.533764 -3.460710 646.6 4 5 269.6 0 0 0 0 
213.95 92.9 40.533756 -3.461024 646.4 4 5 269.6 0 0 0 0 
214.90 92.9 40.533756 -3.461024 646.4 4 5 269.6 0 0 0 0 
215.96 95.7 40.533752 -3.461646 648.1 4 5 269.3 0.703 0 0 0 
216.90 96.7 40.533752 -3.461967 649.6 3 5 269.6 0.352 0 0 0 
217.92 96.9 40.533749 -3.462283 648.9 3 5 270.0 0.703 0 0 0 
218.97 98.5 40.533745 -3.462613 648.9 3 5 269.6 0.352 0 0 0 
219.91 99.5 40.533745 -3.462933 649.6 3 5 270.0 0.352 0 0 0 
220.90 99.8 40.533745 -3.463265 650.1 3 5 270.0 0.352 0 0 0 
221.94 100.1 40.533741 -3.463592 649.8 3 5 269.3 0.703 0 0 0 
222.92 102.4 40.533737 -3.463924 652.2 3 5 269.6 0.352 0 0 0 
223.92 101.1 40.533741 -3.464254 653.7 3 5 270.7 1.406 0 0 0 
224.90 103.5 40.533741 -3.464597 654.8 3 5 270.4 0.703 0 0 0 
225.92 102.9 40.533745 -3.464935 655.2 3 5 271.4 1.055 0 0 0 
226.97 101.6 40.533760 -3.465266 655.6 4 5 272.8 2.461 0 0 0 
227.90 98.5 40.533775 -3.465594 654.2 4 5 274.9 3.516 0 0 0 
228.93 96.0 40.533806 -3.465900 653.9 4 5 278.4 5.625 0 0 0 
229.91 95.2 40.533844 -3.466209 654.1 4 5 279.1 4.219 0 0 0 
230.92 93.2 40.533894 -3.466501 654.2 4 5 281.2 2.812 0 0 0 
231.90 93.8 40.533978 -3.466801 654.3 4 5 286.2 7.031 0 0 0 
232.93 93.3 40.534065 -3.467073 655.0 3 5 290.4 9.141 0 0 0 
233.91 92.7 40.534145 -3.467360 656.2 3 5 292.9 6.680 0 0 0 
234.93 91.0 40.534237 -3.467633 657.1 3 5 296.0 5.625 0 0 0 
235.90 87.7 40.534340 -3.467884 658.3 3 5 298.8 5.977 0 0 0 
236.91 86.9 40.534454 -3.468135 658.7 3 5 302.3 6.328 0 0 0 
237.90 86.1 40.534573 -3.468370 659.8 3 5 305.5 6.680 0 0 0 
238.92 86.5 40.534702 -3.468597 660.4 3 5 308.0 5.625 0 0 0 
239.95 89.1 40.534843 -3.468818 660.8 3 5 310.1 4.570 0 0 0 
240.94 86.4 40.534988 -3.469025 661.1 3 5 313.6 5.625 0 0 0 
241.90 84.2 40.535137 -3.469218 660.8 3 5 316.8 6.680 0 0 0 
242.98 82.3 40.535286 -3.469405 661.7 3 5 318.9 5.273 0 0 0 
243.91 81.7 40.535454 -3.469565 662.2 3 5 321.7 4.922 0 0 0 
244.92 83.1 40.535622 -3.469733 663.3 3 5 324.1 5.273 1 0 0 
245.90 85.2 40.535812 -3.469880 663.8 3 5 326.2 4.570 2 0 0 
246.92 89.1 40.536011 -3.470029 664.1 3 5 329.4 5.273 1 0 0 
247.90 91.3 40.536201 -3.470174 664.8 3 5 332.2 5.977 1 0 0 
248.92 94.8 40.536411 -3.470317 666.3 4 5 334.7 5.273 0 0 0 
249.90 96.5 40.536644 -3.470441 666.7 4 5 338.6 6.328 0 0 0 
250.92 97.9 40.536873 -3.470549 667.0 4 5 342.1 7.383 0 0 0 
251.91 100.8 40.537113 -3.470639 667.0 4 5 344.2 5.625 0 0 0 
252.90 104.4 40.537365 -3.470733 667.5 3 5 344.9 2.812 0 0 0 
253.91 104.8 40.537617 -3.470817 667.9 3 5 345.9 1.758 0 0 0 
254.91 102.0 40.537868 -3.470893 667.5 3 5 345.6 0.703 0 0 0 
255.91 99.9 40.538113 -3.470980 668.4 3 5 345.9 0.352 0 0 0 
256.90 99.8 40.538349 -3.471055 669.9 3 5 345.9 0.352 0 0 0 
257.91 99.8 40.538593 -3.471134 671.8 3 5 345.9 0 0 0 0 
258.90 102.0 40.538837 -3.471222 673.0 3 5 345.6 0.352 0 0 0 
259.93 99.9 40.539078 -3.471303 671.9 3 5 345.6 0.352 0 0 0 
260.94 99.0 40.539318 -3.471381 673.4 3 5 346.3 0.703 0 0 0 
261.96 97.8 40.539562 -3.471461 675.2 3 5 345.9 0.352 0 0 0 
262.92 96.7 40.539795 -3.471537 672.8 3 5 345.9 0.352 0 0 0 
263.91 95.5 40.540028 -3.471621 672.7 3 5 345.9 0 0 0 0 
264.91 94.0 40.540257 -3.471696 672.1 3 5 345.6 0.352 0 0 0 
265.89 91.7 40.540485 -3.471771 672.3 3 5 345.6 0.352 0 0 0 
266.91 89.7 40.540710 -3.471845 672.5 3 5 345.2 0.352 0 0 0 
267.93 89.4 40.540936 -3.471919 673.0 3 5 345.6 0.352 0 0 0 
268.93 90.0 40.541149 -3.471998 674.9 3 5 345.6 0.352 0 0 0 
269.89 89.1 40.541359 -3.472074 674.7 3 5 345.6 0 0 0 0 
270.91 86.8 40.541573 -3.472148 675.8 3 5 345.9 0.352 0 0 0 
271.94 84.3 40.541779 -3.472223 675.5 3 5 346.3 0.703 0 0 0 
272.92 82.9 40.541977 -3.472287 676.7 3 5 346.3 0.352 0 0 0 
273.94 83.2 40.542179 -3.472357 678.4 3 5 345.9 0.352 0 0 0 
274.98 84.9 40.542385 -3.472427 679.5 3 5 345.9 0.352 0 0 0 
275.92 83.5 40.542591 -3.472493 680.7 3 5 345.2 0.703 1 0 0 
276.93 87.5 40.542801 -3.472564 681.4 3 5 345.9 0.703 1 0 0 
277.90 88.3 40.543015 -3.472631 682.1 3 5 346.3 1.055 0 1 0 
278.92 89.5 40.543236 -3.472711 682.9 3 5 345.6 0.703 1 1 0 
279.96 90.4 40.543453 -3.472790 683.1 3 5 344.9 1.406 0 1 0 
280.91 88.3 40.543674 -3.472861 683.1 3 5 346.3 1.406 0 1 0 
281.89 86.9 40.543884 -3.472924 683.2 3 5 345.6 0.703 0 1 0 
282.89 84.4 40.544086 -3.473001 683.7 3 5 345.9 0.352 0 1 0 
283.92 83.4 40.544285 -3.473060 684.1 3 5 345.9 0.352 0 1 0 
284.90 83.8 40.544483 -3.473146 685.2 3 5 345.6 0.352 0 1 0 
285.95 86.3 40.544693 -3.473212 686.5 3 5 345.6 0.352 0 1 0 
286.89 88.2 40.544899 -3.473278 688.0 3 5 345.9 0.352 0 1 0 
287.90 89.9 40.545113 -3.473347 689.5 3 5 345.9 0.352 0 1 0 
288.94 91.4 40.545330 -3.473420 689.9 3 5 345.6 0.352 0 1 0 
289.90 93.2 40.545559 -3.473494 691.2 3 5 345.2 0.703 0 1 0 
290.92 94.8 40.545788 -3.473575 692.6 3 5 344.9 0.703 0 1 0 
291.93 96.1 40.546021 -3.473658 693.0 3 5 345.6 0.703 0 1 0 
292.90 97.3 40.546253 -3.473743 693.7 3 5 345.2 0.352 0 1 0 
293.91 94.5 40.546490 -3.473832 694.0 3 5 344.5 1.055 0 1 0 
294.92 93.5 40.546715 -3.473907 693.7 3 5 343.8 1.406 0 1 0 
295.90 91.9 40.546936 -3.473992 694.4 3 5 342.8 1.758 0 1 0 
296.90 90.6 40.547153 -3.474079 694.8 3 5 341.7 2.109 0 1 0 
297.90 92.7 40.547375 -3.474170 696.8 3 5 341.0 1.758 0 1 0 
298.91 94.0 40.547592 -3.474265 697.6 3 5 340.3 1.406 0 1 0 
299.91 95.1 40.547817 -3.474375 698.6 3 5 340.0 1.055 0 1 0 
300.90 96.5 40.548027 -3.474486 700.4 3 5 338.2 2.109 0 1 0 
301.99 96.2 40.548252 -3.474604 700.9 3 5 337.1 2.812 0 1 0 
302.90 94.4 40.548473 -3.474730 701.9 3 5 336.1 2.109 0 1 0 
303.98 93.0 40.548687 -3.474855 703.5 3 5 335.0 2.109 0 1 0 
304.91 93.6 40.548897 -3.474985 705.5 3 5 334.0 2.109 0 1 0 
305.93 94.6 40.549103 -3.475122 706.2 3 5 332.6 2.461 0 0 0 
306.92 96.2 40.549316 -3.475271 706.1 3 5 331.9 2.109 0 0 0 
307.90 96.6 40.549519 -3.475420 706.5 3 5 330.8 1.758 0 0 0 
308.90 96.2 40.549732 -3.475582 707.5 3 5 329.4 2.461 0 0 0 
309.90 98.0 40.549931 -3.475739 708.2 3 5 328.0 2.812 0 0 0 
310.90 95.7 40.550129 -3.475905 708.3 3 5 327.0 2.461 0 0 0 
311.91 93.5 40.550327 -3.476075 709.1 3 5 326.2 1.758 0 0 0 
312.91 93.0 40.550522 -3.476253 709.2 3 5 325.2 1.758 0 0 0 
313.91 94.4 40.550701 -3.476422 709.8 4 5 324.1 2.109 0 0 0 
314.94 96.3 40.550892 -3.476610 710.7 4 5 323.1 2.109 0 0 0 
315.93 93.5 40.551086 -3.476801 711.3 4 5 321.7 2.461 0 0 0 
316.91 92.8 40.551273 -3.476995 713.0 4 5 321.0 2.109 0 0 0 
317.91 92.6 40.551453 -3.477181 715.0 3 5 319.9 1.758 0 0 0 
318.97 92.0 40.551628 -3.477380 714.8 3 5 318.9 2.109 0 0 0 
319.94 93.6 40.551800 -3.477579 714.2 3 5 317.8 2.109 0 0 0 
320.90 95.4 40.551975 -3.477792 715.4 3 5 316.8 2.109 0 0 0 
321.92 96.9 40.552147 -3.478009 718.5 3 5 315.7 2.109 0 0 0 
322.96 98.1 40.552322 -3.478236 719.8 3 5 314.6 2.109 0 0 0 
323.92 98.8 40.552498 -3.478474 720.0 3 5 313.6 2.109 0 0 0 
324.92 98.8 40.552670 -3.478715 721.7 3 5 312.9 1.758 0 0 0 
325.91 98.8 40.552670 -3.478715 721.7 3 5 312.9 1.758 0 0 0 
326.92 96.7 40.552986 -3.479203 725.2 3 5 310.1 2.812 0 0 0 
327.95 95.3 40.553139 -3.479456 727.5 3 5 309.0 2.109 0 0 0 
328.93 93.8 40.553288 -3.479698 727.0 3 5 308.3 1.758 0 0 0 
329.91 93.0 40.553432 -3.479942 726.9 3 5 306.9 2.109 0 0 0 
330.90 93.7 40.553566 -3.480183 725.9 3 5 305.5 2.812 0 0 0 
331.91 93.1 40.553699 -3.480434 727.3 3 5 304.5 2.461 0 0 0 
332.92 93.0 40.553825 -3.480687 726.4 3 5 303.4 2.109 0 0 0 
333.94 93.9 40.553951 -3.480943 727.5 3 5 303.0 1.406 0 0 0 
334.96 97.0 40.554085 -3.481211 727.9 3 5 302.0 1.406 0 0 0 
335.90 96.3 40.554207 -3.481486 726.4 3 5 299.9 3.164 0 0 0 
336.92 95.5 40.554321 -3.481760 727.4 3 5 299.5 2.461 0 0 0 
337.91 93.1 40.554432 -3.482029 727.5 3 5 297.8 2.109 0 0 0 
338.93 92.4 40.554539 -3.482291 727.1 4 5 297.4 2.109 1 0 0 
339.92 91.4 40.554653 -3.482558 727.7 4 5 296.4 1.406 1 0 0 
341.02 91.2 40.554756 -3.482826 729.0 4 5 295.3 2.109 1 0 0 
341.89 91.9 40.554855 -3.483088 728.8 4 5 295.0 1.406 0 0 0 
342.91 94.0 40.554951 -3.483372 729.6 3 5 293.2 2.109 0 0 0 
343.92 96.6 40.555042 -3.483661 731.2 3 5 292.1 2.812 0 0 0 
344.90 98.5 40.555130 -3.483958 732.3 3 5 290.7 2.461 0 0 0 
345.90 99.6 40.555214 -3.484268 733.8 3 5 290.4 1.758 0 0 0 
346.90 99.6 40.555214 -3.484268 733.8 3 5 290.4 1.758 0 0 0 
347.89 98.3 40.555382 -3.484892 735.6 3 5 287.9 2.461 0 0 0 
348.95 96.4 40.555458 -3.485199 735.8 3 5 286.5 2.109 0 0 0 
349.91 96.3 40.555519 -3.485502 735.3 3 5 285.1 2.812 0 0 0 
350.94 96.9 40.555580 -3.485817 735.3 3 5 284.4 2.109 0 0 0 
351.91 97.1 40.555637 -3.486121 735.9 3 5 283.4 1.758 0 0 0 
352.90 96.9 40.555695 -3.486419 736.4 3 5 282.3 2.109 0 0 0 
353.93 96.9 40.555737 -3.486726 736.8 3 5 280.9 2.461 0 0 0 
354.91 97.3 40.555775 -3.487038 736.6 3 5 279.8 2.461 0 0 0 
355.93 96.6 40.555809 -3.487355 735.5 3 5 278.8 2.109 0 0 0 
356.90 97.1 40.555843 -3.487670 735.5 3 5 278.4 1.406 0 0 0 
357.94 97.4 40.555870 -3.487986 735.1 3 5 276.3 2.461 0 0 0 
358.90 96.3 40.555885 -3.488299 735.1 3 5 274.6 3.867 0 0 0 
359.91 96.2 40.555904 -3.488616 734.3 3 5 273.2 3.867 0 0 0 
360.91 96.8 40.555908 -3.488932 734.1 3 5 271.8 2.812 0 0 0 
361.91 97.4 40.555916 -3.489253 734.8 3 5 269.6 3.516 0 0 0 
362.90 97.7 40.555904 -3.489577 735.0 3 5 267.2 4.570 0 0 0 
363.93 97.8 40.555889 -3.489898 735.9 3 5 265.1 4.570 0 0 0 
364.91 97.4 40.555862 -3.490218 736.4 3 5 263.0 4.219 1 0 0 
365.94 96.3 40.555828 -3.490535 737.1 3 5 260.9 4.219 0 0 0 
366.90 95.1 40.555786 -3.490846 737.9 3 5 258.0 4.922 0 0 0 
367.92 94.8 40.555744 -3.491139 737.3 3 5 255.9 4.922 0 0 0 
368.89 94.2 40.555679 -3.491438 737.1 3 5 254.2 3.867 0 0 0 
369.92 93.6 40.555607 -3.491747 738.5 3 5 252.1 3.867 0 0 0 
370.92 93.4 40.555534 -3.492032 738.5 3 5 250.7 3.516 0 0 0 
371.92 91.7 40.555454 -3.492319 737.4 3 5 248.6 3.516 0 0 0 
372.90 92.1 40.555351 -3.492593 736.8 3 5 246.4 4.219 0 0 0 
373.91 92.7 40.555252 -3.492867 737.0 3 5 244.0 4.570 0 0 0 
374.91 93.8 40.555149 -3.493148 738.2 3 5 242.9 3.516 0 0 0 
375.97 94.3 40.555038 -3.493418 739.0 3 5 242.2 1.758 0 0 0 
376.94 95.1 40.554928 -3.493690 739.5 3 5 242.6 0.352 0 0 0 
377.91 96.3 40.554821 -3.493964 740.2 3 5 243.3 1.055 0 0 0 
378.91 97.5 40.554737 -3.494246 740.4 3 5 244.7 2.109 0 0 0 
379.89 96.6 40.554642 -3.494540 741.4 3 5 247.9 4.570 0 0 0 
380.91 95.8 40.554550 -3.494830 741.5 3 5 250.3 5.625 0 0 0 
381.94 95.3 40.554482 -3.495136 741.9 3 5 252.8 4.922 0 0 0 
382.90 95.4 40.554409 -3.495439 742.7 3 5 254.5 4.219 1 0 0 
383.93 95.8 40.554352 -3.495746 743.9 4 5 257.3 4.570 1 0 0 
384.97 93.7 40.554310 -3.496044 745.4 4 5 259.8 4.570 1 1 0 
385.90 94.4 40.554276 -3.496353 745.1 4 5 262.6 5.273 1 1 0 
386.91 94.9 40.554256 -3.496656 744.6 4 5 264.7 4.922 0 1 0 
387.92 93.7 40.554245 -3.496968 744.1 3 5 267.9 5.273 0 1 0 
388.90 93.6 40.554241 -3.497285 743.9 4 5 270.7 5.977 0 1 0 
389.97 94.6 40.554249 -3.497597 743.4 3 5 272.5 5.977 0 1 0 
390.92 95.6 40.554260 -3.497907 743.9 4 5 274.6 3.867 0 1 0 
391.97 95.9 40.554291 -3.498230 744.2 4 5 277.7 5.273 0 1 0 
392.98 94.2 40.554333 -3.498529 744.9 3 5 280.5 5.977 0 1 0 
393.96 92.8 40.554379 -3.498827 744.7 3 5 282.7 4.922 0 1 0 
394.97 90.4 40.554436 -3.499117 744.9 3 5 284.4 3.867 0 1 0 
395.92 90.0 40.554497 -3.499400 744.0 3 5 286.5 3.867 0 1 0 
396.90 89.1 40.554562 -3.499677 743.0 3 5 286.5 3.867 0 1 0 
397.91 89.1 40.554626 -3.499955 743.3 3 5 286.9 2.109 1 1 0 
398.95 88.0 40.554691 -3.500229 742.2 3 5 287.2 0.352 2 1 0 
399.95 85.3 40.554756 -3.500494 741.8 3 5 290.4 3.516 1 1 0 
400.91 83.4 40.554836 -3.500748 740.8 3 5 296.4 9.141 1 1 0 
401.97 81.5 40.554932 -3.500978 739.9 3 5 300.9 10.547 0 1 0 
402.95 80.5 40.555046 -3.501201 739.7 3 5 303.0 6.680 0 1 0 
403.93 80.2 40.555157 -3.501422 738.9 3 5 304.8 3.867 0 1 0 
404.90 78.4 40.555271 -3.501635 738.1 3 5 305.5 2.461 0 1 0 
405.93 74.0 40.555382 -3.501834 735.7 3 5 305.5 0.703 0 1 0 
406.90 67.0 40.555485 -3.502014 734.8 3 5 305.5 0 0 1 0 
407.90 59.7 40.555569 -3.502194 733.5 3 5 304.1 1.406 0 1 0 
408.95 58.0 40.555649 -3.502356 732.4 3 5 303.4 2.109 0 1 0 
409.94 59.4 40.555729 -3.502520 730.3 3 5 302.7 1.406 0 1 0 
410.90 60.7 40.555813 -3.502681 730.4 3 5 300.9 2.461 0 1 0 
411.92 60.8 40.555893 -3.502859 729.0 3 5 299.9 2.812 0 1 0 
412.92 61.7 40.555969 -3.503035 728.7 3 5 298.8 2.109 0 1 0 
413.90 63.8 40.556042 -3.503212 729.6 3 5 297.1 2.812 0 1 0 
414.90 65.5 40.556118 -3.503394 729.6 3 5 296.0 2.812 0 1 0 
415.93 66.2 40.556179 -3.503587 728.2 3 5 294.3 2.812 0 1 0 
416.91 65.4 40.556244 -3.503783 727.1 3 5 293.2 2.812 0 1 0 
417.94 65.1 40.556309 -3.503980 724.7 3 5 292.1 2.109 0 1 0 
418.90 65.9 40.556362 -3.504196 724.1 3 5 290.7 2.461 0 1 0 
419.91 66.0 40.556416 -3.504395 722.9 3 5 289.7 2.461 0 1 0 
420.92 66.6 40.556465 -3.504602 722.3 3 5 287.6 3.164 0 1 0 
421.90 66.8 40.556519 -3.504815 722.1 3 5 285.8 3.867 0 1 0 
422.90 67.5 40.556561 -3.505032 721.6 3 5 285.1 2.461 0 1 0 
423.90 67.0 40.556599 -3.505250 720.1 3 5 283.0 2.812 0 1 0 
424.93 68.5 40.556644 -3.505460 719.3 3 5 282.7 2.461 0 1 0 
425.92 68.8 40.556683 -3.505692 718.6 3 5 280.9 2.109 0 1 0 
426.91 69.4 40.556725 -3.505899 717.5 3 5 279.1 3.516 0 1 0 
427.92 69.9 40.556751 -3.506136 716.2 3 5 277.7 3.516 0 1 0 
428.93 71.1 40.556767 -3.506359 715.8 3 5 276.0 3.164 0 1 0 
429.92 72.0 40.556789 -3.506591 715.2 3 5 274.6 3.164 0 1 0 
430.92 71.4 40.556797 -3.506836 714.5 3 5 272.8 3.164 0 1 0 
431.89 72.3 40.556801 -3.507062 714.0 3 5 271.8 2.812 0 1 0 
432.93 72.0 40.556797 -3.507303 712.3 3 5 270.0 2.812 0 1 0 
433.92 71.7 40.556793 -3.507540 711.6 3 5 268.6 3.164 0 1 0 
434.91 71.7 40.556797 -3.507764 710.0 3 5 267.9 2.109 0 1 0 
435.94 72.5 40.556786 -3.508001 708.9 3 5 268.2 0.352 0 1 0 
436.94 71.2 40.556774 -3.508236 708.1 3 5 267.9 0.352 0 1 0 
437.96 69.5 40.556755 -3.508467 707.4 3 5 267.2 1.055 0 1 0 
438.90 71.1 40.556755 -3.508694 707.3 3 5 267.9 0.703 0 1 0 
439.94 72.7 40.556751 -3.508924 707.2 3 5 269.3 2.109 0 1 0 
440.91 72.0 40.556751 -3.509158 706.3 3 5 270.7 2.812 0 1 0 
441.91 71.7 40.556763 -3.509392 705.5 3 5 272.1 2.812 0 1 0 
442.91 71.3 40.556774 -3.509621 704.2 3 5 273.5 2.812 0 1 0 
443.92 70.2 40.556786 -3.509856 702.9 3 5 275.6 3.516 0 1 0 
444.93 70.9 40.556808 -3.510092 701.8 3 5 277.0 3.516 0 0 0 
445.92 71.2 40.556831 -3.510327 701.0 3 5 278.8 3.164 0 0 0 
446.92 72.3 40.556850 -3.510546 700.4 3 5 281.2 4.219 0 0 0 
447.91 73.8 40.556892 -3.510779 699.9 3 5 283.4 4.570 0 0 0 
448.90 75.1 40.556942 -3.511014 698.9 3 5 284.8 4.570 0 0 0 
449.92 76.8 40.556995 -3.511257 697.9 3 5 286.5 3.164 0 0 0 
450.94 77.6 40.557049 -3.511493 697.4 3 5 287.9 3.164 0 0 0 
451.90 79.1 40.557117 -3.511739 696.9 3 5 289.7 3.164 0 0 0 
452.89 80.2 40.557194 -3.511980 695.7 3 5 292.1 4.219 0 0 0 
453.92 79.5 40.557274 -3.512219 694.5 3 5 293.9 4.219 0 0 0 
454.92 80.6 40.557365 -3.512463 694.0 3 5 296.0 3.867 0 0 0 
455.89 80.0 40.557465 -3.512697 692.9 3 5 298.5 4.570 1 0 0 
456.94 80.1 40.557564 -3.512935 691.7 3 5 299.9 3.867 0 0 0 
457.92 82.8 40.557667 -3.513164 692.1 3 5 302.0 3.516 0 0 0 
458.89 84.2 40.557781 -3.513386 689.7 3 5 304.1 3.516 0 0 0 
459.90 85.1 40.557903 -3.513617 688.9 3 5 306.2 4.219 0 0 0 
460.92 85.4 40.558033 -3.513847 687.2 3 5 308.0 3.867 0 0 0 
461.99 84.9 40.558170 -3.514063 686.1 3 5 310.8 4.570 0 0 0 
462.90 85.8 40.558319 -3.514285 685.4 3 5 312.2 4.219 0 0 0 
463.89 86.8 40.558468 -3.514488 684.6 3 5 314.6 3.867 0 0 0 
464.95 87.7 40.558620 -3.514688 682.4 3 5 316.8 3.867 0 0 0 
465.93 83.6 40.558781 -3.514867 681.5 3 5 318.9 4.219 0 0 0 
466.89 82.0 40.558937 -3.515044 680.4 3 5 321.0 4.219 0 0 0 
467.90 81.8 40.559097 -3.515207 680.1 3 5 322.7 3.867 0 0 0 
468.91 81.9 40.559261 -3.515368 679.0 3 5 324.5 3.516 0 0 0 
469.90 81.9 40.559429 -3.515524 678.0 3 5 324.5 1.758 0 0 0 
470.90 78.2 40.559593 -3.515664 677.2 3 5 328.7 4.219 0 0 0 
471.90 77.9 40.559769 -3.515794 676.1 3 5 331.2 6.680 1 0 0 
472.98 77.4 40.559933 -3.515912 675.5 3 5 332.6 3.867 1 0 0 
473.90 76.1 40.560108 -3.516020 674.5 3 5 334.3 3.164 1 0 0 
474.90 75.1 40.560287 -3.516131 673.9 3 5 335.7 3.164 0 0 0 
475.92 73.4 40.560455 -3.516226 673.1 3 5 337.1 2.812 0 0 0 
476.95 72.3 40.560616 -3.516300 672.8 3 5 339.3 3.516 0 0 0 
477.90 73.7 40.560783 -3.516381 672.2 3 5 341.7 4.570 0 0 0 
478.92 74.3 40.560963 -3.516461 671.4 3 5 343.8 4.570 0 0 0 
479.90 75.6 40.561146 -3.516528 670.7 3 5 344.9 3.164 0 0 0 
480.90 76.8 40.561333 -3.516585 670.3 3 5 346.3 2.461 0 0 0 
481.91 77.9 40.561520 -3.516635 669.6 3 5 348.4 3.516 0 0 0 
482.91 78.1 40.561718 -3.516689 669.1 3 5 350.5 4.219 0 0 0 
483.90 77.8 40.561913 -3.516723 667.8 3 5 352.6 4.219 0 0 0 
484.94 79.6 40.562107 -3.516759 667.6 3 5 352.3 1.758 0 0 0 
485.90 76.2 40.562298 -3.516792 667.0 3 5 355.8 3.516 0 0 0 
486.93 77.7 40.562489 -3.516826 667.2 3 5 354.7 2.461 0 0 0 
487.97 78.3 40.562687 -3.516850 666.6 3 5 354.0 1.758 0 0 0 
488.91 78.3 40.562881 -3.516876 665.7 3 5 354.7 0.703 0 0 0 
489.90 77.9 40.563080 -3.516898 664.4 3 5 353.3 1.406 0 0 0 
490.93 78.3 40.563278 -3.516921 663.3 3 5 355.8 2.461 0 0 0 
491.92 77.1 40.563469 -3.516957 662.6 3 5 352.3 3.516 0 0 0 
492.93 76.5 40.563660 -3.516993 662.4 3 5 351.6 4.219 0 0 0 
493.91 78.2 40.563850 -3.517030 661.7 3 5 350.2 2.109 0 0 0 
494.95 82.3 40.564053 -3.517076 661.4 3 5 349.5 2.109 0 0 0 
495.91 89.1 40.564259 -3.517131 661.1 3 5 348.0 2.109 0 0 0 
496.96 91.2 40.564480 -3.517190 661.1 3 5 347.0 2.461 0 0 0 
497.92 91.9 40.564705 -3.517267 660.4 3 5 345.9 2.109 1 0 0 
498.93 95.0 40.564926 -3.517343 660.2 4 5 344.9 2.109 0 0 0 
499.94 98.6 40.565159 -3.517427 660.5 4 5 343.5 2.461 0 0 0 
500.91 102.7 40.565403 -3.517530 660.5 4 5 342.8 2.109 0 0 0 
501.91 103.8 40.565647 -3.517637 660.2 4 5 341.4 2.109 0 0 0 
502.91 102.6 40.565899 -3.517737 659.6 4 5 340.0 2.812 0 0 0 
503.91 99.6 40.566128 -3.517856 658.6 3 5 338.2 3.164 0 0 0 
504.92 99.6 40.566128 -3.517856 658.6 3 5 338.2 3.164 0 0 0 
505.91 87.5 40.566555 -3.518105 656.4 3 5 336.1 2.109 0 0 0 
506.93 82.0 40.566750 -3.518216 655.4 3 5 335.4 1.406 0 0 0 
507.95 81.7 40.566940 -3.518331 654.5 3 5 334.0 2.109 0 0 0 
508.91 82.0 40.567123 -3.518446 654.6 3 5 332.2 3.164 0 0 0 
509.92 80.5 40.567303 -3.518566 654.4 3 5 331.5 2.461 0 0 0 
510.95 78.6 40.567471 -3.518689 654.3 3 5 330.8 1.406 0 0 0 
511.92 76.2 40.567642 -3.518816 654.3 3 5 330.8 0.703 0 0 0 
512.90 75.2 40.567806 -3.518945 655.3 3 5 328.7 2.109 0 0 0 
513.92 74.5 40.567963 -3.519074 654.8 3 5 328.0 2.812 0 0 0 
514.91 73.5 40.568111 -3.519206 655.0 3 5 327.0 2.812 0 0 0 
515.90 72.9 40.568260 -3.519342 654.9 3 5 325.9 2.109 0 0 0 
516.95 72.1 40.568409 -3.519475 655.3 3 5 324.8 2.109 0 0 0 
517.91 72.1 40.568554 -3.519609 655.4 3 5 324.1 1.758 0 0 0 
518.92 72.5 40.568707 -3.519751 655.6 3 5 323.4 1.406 0 0 0 
519.91 72.3 40.568851 -3.519901 656.4 3 5 322.0 2.109 0 0 0 
520.90 71.8 40.568993 -3.520049 656.6 3 5 321.0 2.461 0 0 0 
521.92 70.0 40.569130 -3.520196 657.0 3 5 319.9 2.109 0 0 0 
522.90 70.7 40.569267 -3.520347 657.7 3 5 318.9 2.109 0 0 0 
523.95 71.1 40.569401 -3.520498 657.9 3 5 318.9 1.055 0 0 0 
524.90 70.4 40.569538 -3.520649 658.6 3 5 318.2 0.703 0 0 0 
525.89 71.2 40.569668 -3.520801 658.4 3 5 317.1 1.758 0 0 0 
526.96 71.9 40.569798 -3.520962 658.6 3 5 315.7 2.461 0 0 0 
527.91 72.6 40.569923 -3.521131 660.1 3 5 314.6 2.461 1 0 0 
528.90 73.0 40.570053 -3.521300 660.3 3 5 314.3 1.406 1 1 0 
529.90 73.1 40.570183 -3.521474 661.0 3 5 313.2 1.406 1 1 0 
530.91 73.1 40.570183 -3.521474 661.0 3 5 313.2 1.406 1 1 0 
531.91 72.2 40.570431 -3.521832 662.5 3 5 311.8 1.406 1 1 0 
532.90 72.5 40.570549 -3.522011 663.0 3 5 310.8 1.055 0 1 0 
533.90 72.9 40.570663 -3.522193 662.5 3 5 308.7 3.164 0 1 0 
534.90 73.0 40.570778 -3.522379 662.5 3 5 308.0 2.812 0 1 0 
535.90 73.9 40.570885 -3.522579 662.3 3 5 306.9 1.758 2 1 0 
536.90 74.7 40.570995 -3.522779 662.4 3 5 306.2 1.758 1 1 0 
537.93 73.7 40.571110 -3.522981 663.5 3 5 305.2 1.758 1 1 0 
538.90 73.7 40.571220 -3.523174 663.3 3 5 304.5 1.758 1 1 0 
539.91 74.5 40.571323 -3.523376 662.8 3 5 304.1 1.055 0 1 0 
540.90 75.6 40.571430 -3.523585 662.0 3 5 303.0 1.406 0 1 0 
541.92 75.5 40.571533 -3.523796 661.4 3 5 301.6 2.461 0 1 0 
542.90 75.3 40.571629 -3.524001 661.3 3 5 300.6 2.461 1 1 0 
543.91 75.6 40.571712 -3.524207 660.7 3 5 299.2 2.461 1 1 0 
544.95 76.0 40.571804 -3.524416 660.6 3 5 297.8 2.812 1 1 0 
545.90 77.2 40.571892 -3.524639 659.6 3 5 297.8 1.406 1 2 0 
546.90 77.9 40.571999 -3.524867 659.2 3 5 297.1 0.703 1 2 0 
547.90 78.4 40.572086 -3.525102 658.8 3 5 295.3 2.461 1 2 0 
548.97 78.3 40.572166 -3.525337 658.2 3 5 294.3 2.812 1 2 0 
549.90 77.9 40.572243 -3.525580 657.8 3 5 293.6 1.758 2 2 0 
550.89 77.2 40.572311 -3.525804 657.0 3 5 293.9 0.352 1 2 0 
551.91 77.0 40.572392 -3.526040 656.5 3 5 292.5 1.406 1 2 0 
552.91 77.1 40.572460 -3.526274 656.1 3 5 292.1 1.758 1 3 0 
553.91 77.6 40.572517 -3.526513 655.8 3 5 291.4 1.055 1 3 0 
554.94 77.4 40.572586 -3.526747 655.6 3 5 291.1 1.055 1 3 0 
555.91 77.4 40.572647 -3.526985 655.4 3 5 290.4 1.055 1 3 0 
556.90 76.8 40.572716 -3.527231 655.1 3 5 290.4 0.703 1 3 0 
557.91 77.7 40.572784 -3.527460 655.2 3 5 291.1 0.703 1 3 0 
558.92 77.8 40.572857 -3.527704 654.3 3 5 291.4 1.055 1 4 0 
559.91 78.2 40.572933 -3.527953 654.2 3 5 291.8 0.703 1 4 0 
560.90 78.8 40.573002 -3.528191 653.7 3 5 291.8 0.352 0 4 0 
561.98 78.7 40.573074 -3.528429 653.3 3 5 292.1 0.352 1 4 0 
562.91 78.7 40.573147 -3.528667 652.4 3 5 292.9 1.055 0 4 0 
563.96 78.3 40.573231 -3.528903 651.1 3 5 293.9 1.758 0 4 0 
564.91 78.5 40.573307 -3.529139 650.7 3 5 293.9 1.055 0 4 0 
565.91 80.3 40.573395 -3.529376 650.0 3 5 294.6 0.703 0 4 0 
566.92 80.7 40.573486 -3.529605 650.0 3 5 295.3 1.406 0 4 0 
567.94 80.9 40.573574 -3.529844 649.5 3 5 296.0 1.406 0 4 0 
568.92 80.5 40.573669 -3.530080 648.8 3 5 297.1 1.758 0 4 0 
569.92 80.5 40.573761 -3.530313 648.5 3 5 296.7 0.703 0 4 0 
570.95 82.1 40.573849 -3.530547 647.9 3 5 297.4 0.703 1 4 0 
571.89 81.4 40.573948 -3.530777 647.4 3 5 298.8 2.109 2 4 0 
572.95 82.0 40.574051 -3.531017 647.4 3 5 299.9 2.461 1 4 0 
573.92 81.8 40.574154 -3.531249 647.1 3 5 300.2 1.406 1 4 0 
574.89 81.4 40.574253 -3.531476 646.3 3 5 300.6 0.703 1 5 1 
575.90 80.4 40.574352 -3.531701 645.5 3 5 300.9 0.703 1 5 1 
576.90 80.0 40.574459 -3.531924 644.8 3 5 303.0 2.461 0 5 1 
577.90 79.6 40.574566 -3.532163 644.9 3 5 301.6 1.406 2 5 1 
578.90 79.6 40.574566 -3.532163 644.9 3 5 301.6 1.406 2 5 1 
579.89 79.7 40.574802 -3.532594 644.4 3 5 304.5 2.812 2 5 1 
580.92 79.7 40.574909 -3.532809 645.6 3 5 304.1 1.055 1 5 1 
581.89 78.6 40.575020 -3.533024 645.3 3 5 303.4 1.055 1 6 1 
582.96 78.9 40.575134 -3.533240 645.6 3 5 302.7 1.406 1 6 1 
583.94 78.2 40.575233 -3.533448 643.9 3 5 302.7 0.703 1 6 1 
584.89 78.9 40.575333 -3.533669 642.8 3 5 302.3 0.352 0 6 1 
585.90 79.0 40.575443 -3.533900 643.2 3 5 301.6 1.055 1 6 1 
586.93 79.2 40.575542 -3.534113 642.2 3 5 301.3 1.055 1 6 1 
587.92 79.7 40.575653 -3.534333 641.3 3 5 301.3 0.352 0 6 1 
588.90 78.9 40.575748 -3.534548 640.3 3 5 300.9 0.352 0 6 1 
589.90 77.8 40.575844 -3.534766 639.9 3 5 299.5 1.758 0 6 1 
590.90 77.7 40.575935 -3.534989 639.8 3 5 298.8 2.109 0 6 1 
591.90 78.0 40.576027 -3.535215 638.8 3 5 298.1 1.406 0 5 1 
592.90 77.9 40.576115 -3.535447 638.3 3 5 297.4 1.406 0 5 1 
593.96 78.6 40.576199 -3.535677 637.6 3 5 296.4 1.758 0 5 1 
594.90 79.0 40.576283 -3.535905 636.8 3 5 295.3 2.109 0 5 1 
595.92 77.9 40.576366 -3.536146 636.3 3 5 294.3 2.109 0 5 1 
597.01 79.2 40.576447 -3.536383 635.8 3 5 294.6 0.703 1 5 1 
597.93 79.8 40.576534 -3.536627 636.2 3 5 294.3 0.703 2 5 1 
598.90 80.2 40.576614 -3.536863 635.4 3 5 294.3 0.352 1 5 1 
599.90 80.2 40.576694 -3.537100 634.8 3 5 294.6 0.352 1 5 1 
600.91 79.3 40.576782 -3.537347 635.7 3 5 293.9 0.703 0 6 1 
601.90 79.0 40.576866 -3.537583 635.8 3 5 293.9 0.703 0 6 1 
602.91 78.5 40.576942 -3.537816 634.6 3 5 293.9 0 0 6 1 
603.91 78.8 40.577023 -3.538054 635.5 3 5 293.9 0 0 6 1 
604.91 79.6 40.577114 -3.538293 635.6 3 5 294.6 0.703 0 5 1 
605.91 81.0 40.577198 -3.538533 635.4 3 5 294.6 0.703 0 5 1 
606.91 80.9 40.577286 -3.538775 634.9 3 5 295.0 0.352 0 5 1 
607.93 80.9 40.577370 -3.539013 634.1 3 5 294.6 0.352 1 5 1 
608.89 80.4 40.577454 -3.539260 634.3 3 5 295.7 0.352 2 5 1 
609.91 80.4 40.577549 -3.539490 632.7 3 5 297.4 2.812 1 5 1 
610.90 80.0 40.577633 -3.539724 632.4 3 5 297.4 1.758 1 5 1 
611.92 79.2 40.577721 -3.539950 631.9 3 5 297.8 0.352 0 5 1 
612.91 79.5 40.577812 -3.540176 631.8 3 5 298.1 0.703 0 5 1 
613.89 80.0 40.577908 -3.540406 631.6 3 5 298.8 1.055 0 4 0 
614.91 79.5 40.577999 -3.540632 631.6 3 5 299.9 1.758 0 4 0 
615.96 79.3 40.578098 -3.540856 631.4 3 5 300.2 1.406 0 4 0 
616.89 79.7 40.578209 -3.541079 631.7 3 5 300.6 0.703 0 4 0 
617.91 79.1 40.578308 -3.541310 631.2 3 5 300.9 0.703 1 4 0 
618.91 78.4 40.578411 -3.541533 632.1 3 5 301.6 1.055 2 4 0 
619.92 78.4 40.578514 -3.541752 632.2 3 5 301.6 0.703 2 4 0 
620.91 78.0 40.578629 -3.541970 631.5 3 5 303.8 2.109 0 4 0 
621.90 77.8 40.578739 -3.542181 630.7 3 5 303.8 2.109 0 4 0 
622.90 78.1 40.578846 -3.542390 630.2 3 5 303.8 0 1 4 0 
623.89 78.4 40.578953 -3.542599 630.0 3 5 304.5 0.703 1 4 0 
624.89 78.2 40.579067 -3.542806 630.6 3 5 305.5 1.758 2 4 0 
625.91 78.0 40.579178 -3.543012 630.2 3 5 305.9 1.406 2 4 0 
626.90 77.6 40.579292 -3.543212 629.8 3 5 306.9 1.406 2 5 1 
627.91 77.2 40.579411 -3.543409 629.9 3 5 307.6 1.758 2 5 1 
628.89 77.2 40.579529 -3.543609 628.4 3 5 308.3 1.406 1 5 1 
629.90 76.9 40.579651 -3.543801 628.4 3 5 309.0 1.406 0 5 1 
630.91 76.0 40.579773 -3.543994 628.1 3 5 309.4 1.055 0 5 1 
631.90 75.5 40.579891 -3.544190 627.0 3 5 309.4 0.352 0 5 1 
632.94 75.5 40.580009 -3.544381 626.5 3 5 309.7 0.352 1 5 1 
633.89 75.3 40.580139 -3.544561 626.3 3 5 312.5 3.164 0 5 1 
634.90 75.4 40.580269 -3.544746 626.4 3 5 311.8 2.109 0 4 0 
635.93 75.5 40.580395 -3.544932 626.7 3 5 311.5 1.055 0 4 0 
636.89 75.7 40.580521 -3.545117 625.6 3 5 312.5 1.055 0 4 0 
637.92 76.3 40.580650 -3.545304 625.1 3 5 312.9 1.406 0 4 0 
638.95 77.0 40.580784 -3.545488 624.4 3 5 313.2 0.703 0 4 0 
639.93 77.8 40.580917 -3.545674 624.3 3 5 313.6 0.703 0 4 0 
640.89 79.0 40.581055 -3.545861 624.3 3 5 313.9 0.703 1 4 0 
641.89 78.9 40.581192 -3.546046 623.7 3 5 314.3 0.703 1 4 0 
642.92 78.4 40.581333 -3.546227 623.6 3 5 315.0 1.055 0 4 0 
643.89 77.8 40.581470 -3.546406 622.4 3 5 315.7 1.406 0 4 0 
644.94 76.1 40.581604 -3.546586 623.6 3 5 314.6 1.055 0 4 0 
645.91 76.1 40.581738 -3.546766 622.9 3 5 314.3 1.406 0 3 0 
646.90 76.4 40.581871 -3.546945 622.1 3 5 314.6 0.352 0 3 0 
647.89 76.6 40.582005 -3.547123 622.1 3 5 314.6 0.352 0 3 0 
648.93 76.7 40.582142 -3.547307 621.8 3 5 313.2 1.406 0 3 0 
649.89 77.4 40.582268 -3.547498 621.1 3 5 312.9 1.758 0 3 0 
650.89 77.7 40.582394 -3.547680 621.0 3 5 312.2 1.055 0 3 0 
651.98 78.0 40.582516 -3.547864 621.2 3 5 310.8 2.109 0 3 0 
652.90 76.9 40.582642 -3.548055 620.3 3 5 309.4 2.812 0 3 0 
653.89 77.1 40.582764 -3.548256 620.2 3 5 308.0 2.812 0 3 0 
654.91 76.4 40.582886 -3.548457 620.2 3 5 306.6 2.812 0 3 0 
656.00 75.7 40.582996 -3.548662 620.1 3 5 304.8 3.164 0 3 0 
656.92 76.4 40.583099 -3.548865 619.7 3 5 303.8 2.812 0 3 0 
657.91 76.1 40.583210 -3.549085 619.3 3 5 301.6 3.164 1 3 0 
658.90 76.1 40.583210 -3.549085 619.3 3 5 301.6 3.164 1 3 0 
659.90 75.3 40.583401 -3.549513 619.0 3 5 300.2 1.406 1 3 0 
660.91 75.3 40.583401 -3.549513 619.0 3 5 300.2 1.406 1 3 0 
661.91 76.1 40.583588 -3.549944 618.3 3 5 297.4 2.812 0 3 0 
662.90 76.8 40.583672 -3.550175 618.1 3 5 296.4 2.812 0 3 0 
663.90 76.8 40.583672 -3.550175 618.1 3 5 296.4 3.164 0 3 0 
664.93 76.0 40.583832 -3.550616 617.8 3 5 293.2 3.164 0 3 0 
665.90 75.3 40.583897 -3.550848 617.4 3 5 291.8 2.812 0 3 0 
666.90 74.7 40.583965 -3.551069 617.2 3 5 290.0 3.164 0 3 0 
667.90 74.8 40.584030 -3.551303 616.7 3 5 289.0 2.812 0 3 0 
668.90 74.0 40.584087 -3.551548 615.9 3 5 287.9 2.109 0 3 0 
669.90 74.3 40.584145 -3.551780 616.5 3 5 286.5 2.461 0 3 0 
670.91 74.8 40.584190 -3.552006 616.3 3 5 285.1 2.461 0 3 0 
671.93 75.2 40.584236 -3.552245 616.7 3 5 283.0 2.812 0 3 0 
672.91 74.2 40.584274 -3.552485 617.2 3 5 282.0 3.164 0 3 0 
673.90 72.5 40.584312 -3.552725 616.7 3 5 281.6 1.406 0 3 0 
674.92 71.7 40.584347 -3.552956 616.9 3 5 280.5 1.406 0 3 0 
675.90 70.4 40.584377 -3.553186 617.0 3 5 278.8 2.812 0 3 0 
676.91 69.2 40.584408 -3.553411 617.4 3 5 279.1 1.406 0 3 0 
677.91 67.3 40.584431 -3.553638 617.7 3 5 278.4 0.703 0 3 0 
678.90 65.1 40.584450 -3.553846 617.4 3 5 278.4 0.703 0 2 0 
679.93 62.9 40.584473 -3.554048 616.4 3 5 278.8 0.352 0 2 0 
680.91 60.4 40.584496 -3.554244 615.8 3 5 277.7 1.055 0 2 0 
681.89 58.1 40.584518 -3.554427 615.8 3 5 279.1 1.406 0 2 0 
682.90 57.2 40.584538 -3.554623 615.8 3 5 279.1 1.406 0 2 0 
