20.23 -1 40.505775 -3.362346 0.65 1.50
111.49 2 40.493996 -3.386794 1.52 1.50
269.02 -2 40.471352 -3.424217 1.60 1.50
299.33 1 40.469105 -3.433448 0.79 1.50
423.90 1 40.467239 -3.469499 1.39 1.50
505.22 1 40.465061 -3.487557 0.00 1.50
557.53 -2 40.465508 -3.478858 1.77 1.50
566.62 -1 40.466095 -3.476480 0.90 1.50
697.12 1 40.468315 -3.437038 1.49 1.50
822.28 -1 40.479729 -3.403584 1.10 1.50
889.77 1 40.491692 -3.389785 0.91 1.50
903.85 2 40.493664 -3.386895 1.74 1.50
964.30 -2 40.501045 -3.372906 1.93 1.50
985.33 1 40.503410 -3.367994 0.46 1.50
991.39 1 40.504036 -3.366651 0.52 1.50
1021.59 1 40.505630 -3.359199 0.77 1.50
1026.28 1 40.505577 -3.358016 1.31 1.50
