8.62 90.0 2 motorway_link 2 1 40.504292 -3.353350 1.033 0.0 
10.47 90.0 1 motorway_link 2 1 40.505947 -3.359148 0.884 85.6 
12.35 120.0 1 motorway 3 1 40.505951 -3.359561 1.762 87.0 
14.50 120.0 1 motorway 3 1 40.505981 -3.360103 1.907 87.6 
15.20 120.0 1 motorway 3 1 40.505974 -3.360711 0.607 88.1 
16.62 120.0 1 motorway 3 1 40.505966 -3.361001 1.026 86.4 
18.04 120.0 1 motorway 3 1 40.505867 -3.361555 0.455 80.2 
19.25 120.0 1 motorway 3 1 40.505840 -3.361849 0.667 78.9 
20.60 120.0 1 motorway 3 2 40.505810 -3.362102 1.007 79.9 
22.03 120.0 1 motorway 3 2 40.505718 -3.362601 0.449 82.5 
23.82 120.0 1 motorway 3 2 40.505665 -3.362865 1.236 83.2 
25.93 120.0 1 motorway 3 2 40.505543 -3.363386 1.341 87.3 
27.49 120.0 1 motorway 3 2 40.505405 -3.363925 0.898 88.2 
28.39 120.0 1 motorway 3 2 40.505329 -3.364194 0.805 89.4 
29.20 120.0 1 motorway 3 2 40.505245 -3.364472 0.609 89.7 
30.26 120.0 1 motorway 3 2 40.505154 -3.364743 0.677 90.1 
31.67 120.0 1 motorway 3 2 40.505066 -3.365014 1.089 90.0 
33.77 120.0 1 motorway 3 2 40.504868 -3.365538 1.180 90.5 
35.35 120.0 1 motorway 3 2 40.504639 -3.366045 0.767 91.0 
36.47 120.0 1 motorway 3 2 40.504520 -3.366291 0.886 91.4 
37.31 120.0 1 motorway 3 2 40.504402 -3.366526 0.726 91.2 
39.16 120.0 1 motorway 3 2 40.504280 -3.366777 1.573 91.4 
40.28 120.0 1 motorway 3 2 40.504036 -3.367276 0.686 92.1 
41.91 120.0 1 motorway 3 2 40.503918 -3.367523 1.322 91.0 
44.40 120.0 1 motorway 3 2 40.503677 -3.368028 1.817 94.0 
45.30 120.0 1 motorway 3 2 40.503429 -3.368536 0.714 96.3 
46.51 120.0 1 motorway 3 2 40.503300 -3.368796 0.922 98.0 
47.94 120.0 1 motorway 3 2 40.503170 -3.369065 1.357 98.8 
50.30 120.0 1 motorway 3 2 40.502903 -3.369615 1.713 99.6 
51.73 120.0 1 motorway 3 2 40.502625 -3.370162 1.144 99.6 
53.68 120.0 1 motorway 3 2 40.502346 -3.370712 1.096 100.2 
56.05 120.0 1 motorway 3 2 40.502083 -3.371269 1.460 98.7 
57.99 120.0 1 motorway 3 2 40.501816 -3.371814 1.404 100.3 
59.44 120.0 1 motorway 3 2 40.501537 -3.372358 0.855 100.7 
60.44 120.0 1 motorway 3 2 40.501396 -3.372636 0.858 100.6 
68.42 120.0 1 motorway 3 2 40.501259 -3.372920 7.837 99.6 
70.92 120.0 1 motorway 3 2 40.500202 -3.375077 2.328 98.9 
73.13 120.0 1 motorway 3 2 40.499802 -3.375887 1.547 99.9 
75.64 120.0 1 motorway 3 2 40.499531 -3.376443 2.053 102.6 
79.07 120.0 1 motorway 3 2 40.499111 -3.377288 2.486 106.2 
81.02 120.0 1 motorway 3 2 40.498669 -3.378158 1.435 103.4 
82.45 120.0 1 motorway 3 2 40.498386 -3.378739 0.865 103.9 
83.18 120.0 1 motorway 3 2 40.498230 -3.379020 0.595 103.0 
97.17 120.0 1 motorway 3 2 40.498077 -3.379305 13.577 98.2 
98.73 120.0 1 motorway 3 2 40.496101 -3.383142 1.147 99.2 
100.58 120.0 1 motorway 3 2 40.495811 -3.383670 0.990 100.5 
102.07 120.0 1 motorway 3 2 40.495663 -3.383935 1.484 100.7 
110.51 120.0 1 motorway 3 2 40.495361 -3.384470 7.926 98.2 
112.53 120.0 1 motorway 3 1 40.494141 -3.386534 1.946 94.6 
113.21 120.0 1 motorway 3 1 40.493851 -3.387043 0.628 95.0 
115.32 120.0 1 motorway 3 1 40.493694 -3.387289 1.737 95.2 
119.11 120.0 1 motorway 3 1 40.493389 -3.387766 3.525 100.8 
121.06 120.0 1 motorway 3 1 40.492744 -3.388731 1.475 98.5 
123.66 120.0 1 motorway 3 1 40.492397 -3.389242 2.077 94.7 
125.68 120.0 1 motorway 3 1 40.491913 -3.389957 1.088 94.5 
127.42 120.0 1 motorway 3 1 40.491589 -3.390395 0.834 96.0 
130.38 120.0 1 motorway 3 1 40.491421 -3.390621 2.791 97.9 
134.52 120.0 1 motorway 3 1 40.490913 -3.391289 3.931 93.0 
135.39 120.0 1 motorway 3 1 40.490250 -3.392188 0.806 92.4 
136.03 120.0 1 motorway 3 1 40.490093 -3.392406 0.446 94.0 
137.65 120.0 1 motorway 3 1 40.489933 -3.392629 1.061 91.7 
139.60 120.0 1 motorway 3 1 40.489613 -3.393061 1.011 92.8 
141.34 120.0 1 motorway 3 1 40.489288 -3.393496 0.752 93.8 
142.19 120.0 1 motorway 3 1 40.489124 -3.393718 0.608 93.6 
143.79 120.0 1 motorway 3 1 40.488964 -3.393931 1.202 92.1 
145.45 120.0 1 motorway 3 1 40.488640 -3.394373 0.854 91.6 
146.57 120.0 1 motorway 3 1 40.488472 -3.394576 0.980 91.0 
147.08 120.0 1 motorway 3 1 40.488308 -3.394789 0.481 90.4 
148.40 120.0 1 motorway 3 1 40.488155 -3.395001 0.814 92.0 
148.91 120.0 1 motorway 3 1 40.487991 -3.395217 0.324 92.0 
150.04 120.0 1 motorway 3 1 40.487835 -3.395439 0.456 92.9 
151.21 120.0 1 motorway 3 1 40.487679 -3.395664 0.623 93.7 
152.08 120.0 1 motorway 3 1 40.487511 -3.395885 0.498 94.5 
153.14 120.0 1 motorway 3 1 40.487343 -3.396099 0.543 94.9 
154.14 120.0 1 motorway 3 1 40.487175 -3.396317 0.556 95.0 
155.27 120.0 1 motorway 3 1 40.487007 -3.396531 0.685 95.0 
156.00 120.0 1 motorway 3 1 40.486839 -3.396755 0.413 95.2 
157.51 120.0 1 motorway 3 1 40.486671 -3.396971 0.927 94.8 
158.27 120.0 1 motorway 3 1 40.486496 -3.397179 0.687 94.6 
159.77 120.0 1 motorway 3 1 40.486317 -3.397385 1.187 94.3 
161.16 120.0 1 motorway 3 1 40.485962 -3.397811 0.577 93.9 
162.02 120.0 1 motorway 3 1 40.485790 -3.398013 0.434 93.5 
163.08 120.0 1 motorway 3 1 40.485611 -3.398212 0.493 93.2 
164.07 120.0 1 motorway 3 1 40.485432 -3.398418 0.484 93.9 
165.91 120.0 1 motorway 3 1 40.485249 -3.398623 1.325 95.0 
167.44 120.0 1 motorway 3 1 40.484875 -3.398993 0.859 95.2 
168.38 120.0 1 motorway 3 1 40.484684 -3.399177 0.792 96.9 
169.78 120.0 1 motorway 3 1 40.484486 -3.399362 1.194 94.5 
171.19 120.0 1 motorway 3 1 40.484100 -3.399718 0.601 93.3 
172.11 120.0 1 motorway 3 1 40.483913 -3.399909 0.520 92.3 
173.79 120.0 1 motorway 3 1 40.483730 -3.400103 1.208 93.4 
175.19 120.0 1 motorway 3 1 40.483364 -3.400459 0.605 93.3 
176.42 120.0 1 motorway 3 1 40.483166 -3.400627 0.838 93.1 
177.68 120.0 1 motorway 3 1 40.482975 -3.400809 1.097 93.3 
179.94 120.0 1 motorway 3 1 40.482594 -3.401176 1.347 91.1 
181.12 120.0 1 motorway 3 1 40.482224 -3.401539 0.522 90.3 
182.61 120.0 1 motorway 3 1 40.482040 -3.401702 1.028 90.3 
185.06 120.0 1 motorway 3 1 40.481678 -3.402049 1.476 93.7 
186.60 120.0 1 motorway 3 1 40.481304 -3.402405 1.009 92.7 
188.64 120.0 1 motorway 3 1 40.480927 -3.402759 1.055 95.4 
191.41 120.0 1 motorway 3 1 40.480553 -3.403135 1.820 90.6 
193.79 120.0 1 motorway 3 1 40.480186 -3.403497 2.202 92.3 
195.09 120.0 1 motorway 3 1 40.479652 -3.404059 0.507 92.5 
196.13 120.0 1 motorway 3 1 40.479473 -3.404243 0.539 92.7 
197.16 120.0 1 motorway 3 1 40.479290 -3.404430 0.569 93.3 
198.49 120.0 1 motorway 3 1 40.479115 -3.404614 0.906 94.1 
199.26 120.0 1 motorway 3 1 40.478939 -3.404827 0.666 94.1 
200.62 120.0 1 motorway 3 1 40.478760 -3.405031 1.036 95.0 
202.09 120.0 1 motorway 3 1 40.478413 -3.405458 0.503 96.8 
203.29 120.0 1 motorway 3 1 40.478237 -3.405681 0.700 97.0 
204.82 120.0 1 motorway 3 1 40.478058 -3.405904 1.234 94.1 
206.46 120.0 1 motorway 3 1 40.477722 -3.406349 0.876 93.9 
207.46 120.0 1 motorway 3 1 40.477562 -3.406570 0.866 94.9 
208.10 120.0 1 motorway 3 1 40.477406 -3.406806 0.517 94.3 
209.64 120.0 1 motorway 3 1 40.477249 -3.407038 1.055 94.9 
211.26 120.0 1 motorway 3 1 40.476952 -3.407520 0.675 96.2 
212.10 120.0 1 motorway 3 1 40.476795 -3.407762 0.514 96.5 
213.93 120.0 1 motorway 3 1 40.476639 -3.408003 1.340 96.1 
215.68 120.0 1 motorway 3 1 40.476345 -3.408498 1.093 96.0 
217.01 120.0 1 motorway 3 1 40.476059 -3.409009 0.415 95.6 
218.16 120.0 1 motorway 3 1 40.475922 -3.409271 0.570 95.2 
219.26 120.0 1 motorway 3 1 40.475788 -3.409528 0.678 95.7 
220.49 120.0 1 motorway 3 1 40.475666 -3.409792 0.905 96.0 
221.62 120.0 1 motorway 3 1 40.475536 -3.410062 1.036 96.7 
223.35 120.0 1 motorway 3 1 40.475281 -3.410596 0.769 97.1 
224.97 120.0 1 motorway 3 1 40.475151 -3.410865 1.381 96.3 
226.63 120.0 1 motorway 3 1 40.474911 -3.411411 1.047 96.6 
228.89 120.0 1 motorway 3 1 40.474697 -3.411980 1.291 96.9 
230.76 120.0 1 motorway 3 1 40.474480 -3.412556 1.178 96.7 
233.34 120.0 1 motorway 3 1 40.474277 -3.413128 1.756 97.7 
235.60 120.0 1 motorway 3 1 40.474087 -3.413718 2.007 98.0 
237.86 120.0 1 motorway 3 1 40.473824 -3.414617 1.264 97.3 
239.75 120.0 1 motorway 3 1 40.473663 -3.415219 1.164 97.7 
241.49 120.0 1 motorway 3 1 40.473515 -3.415826 0.898 97.4 
242.61 120.0 1 motorway 3 1 40.473442 -3.416129 1.021 97.0 
244.05 120.0 1 motorway 3 1 40.473297 -3.416741 0.462 96.7 
245.09 120.0 1 motorway 3 1 40.473213 -3.417041 0.500 96.3 
246.12 120.0 1 motorway 3 1 40.473133 -3.417331 0.534 96.3 
248.16 120.0 1 motorway 3 1 40.473057 -3.417630 1.574 95.1 
249.41 120.0 1 motorway 3 1 40.472908 -3.418230 0.823 95.4 
250.10 120.0 1 motorway 3 1 40.472847 -3.418516 0.501 95.9 
251.82 120.0 1 motorway 3 1 40.472778 -3.418812 1.236 95.1 
253.46 120.0 1 motorway 3 1 40.472652 -3.419370 0.868 96.2 
254.81 120.0 1 motorway 3 1 40.472584 -3.419671 1.219 95.6 
256.34 120.0 1 motorway 3 1 40.472435 -3.420278 0.753 94.8 
257.38 120.0 1 motorway 3 1 40.472363 -3.420575 0.785 94.0 
258.14 120.0 1 motorway 3 1 40.472271 -3.420876 0.551 92.8 
259.11 120.0 1 motorway 3 1 40.472187 -3.421163 0.519 91.0 
260.02 120.0 1 motorway 3 1 40.472107 -3.421453 0.427 89.5 
261.89 120.0 1 motorway 3 1 40.472034 -3.421730 1.307 86.4 
263.87 120.0 1 motorway 3 1 40.471889 -3.422282 1.273 88.9 
265.66 120.0 1 motorway 3 1 40.471741 -3.422828 1.079 91.0 
267.40 120.0 1 motorway 3 1 40.471581 -3.423387 0.814 90.9 
268.83 120.0 1 motorway 3 1 40.471512 -3.423669 1.247 91.0 
270.10 120.0 1 motorway 3 2 40.471352 -3.424217 0.513 92.2 
271.79 120.0 1 motorway 3 2 40.471264 -3.424484 1.203 94.5 
273.63 120.0 1 motorway 3 2 40.471092 -3.425041 1.049 96.4 
275.59 120.0 1 motorway 3 2 40.470917 -3.425640 1.005 97.8 
278.81 120.0 1 motorway 3 2 40.470730 -3.426237 2.229 96.6 
282.27 120.0 1 motorway 3 2 40.470463 -3.427134 2.688 99.1 
283.57 120.0 1 motorway 3 2 40.470222 -3.428041 0.980 98.7 
299.81 120.0 1 motorway 3 1 40.470146 -3.428347 16.219 100.3 
304.25 120.0 1 motorway 3 1 40.469055 -3.433774 3.667 95.8 
305.39 120.0 1 motorway 3 1 40.468857 -3.435023 0.801 96.0 
308.21 120.0 1 motorway 3 1 40.468807 -3.435333 2.619 94.9 
309.79 120.0 1 motorway 3 1 40.468662 -3.436253 1.203 94.8 
317.48 120.0 1 motorway 3 1 40.468559 -3.436854 6.884 93.1 
322.52 120.0 1 motorway 3 1 40.468208 -3.438905 4.926 90.7 
326.37 120.0 1 motorway 3 1 40.467953 -3.440362 3.785 85.2 
328.22 120.0 1 motorway 3 1 40.467773 -3.441503 1.638 86.0 
331.37 120.0 1 motorway 3 1 40.467709 -3.442070 2.788 85.1 
333.68 120.0 1 motorway 3 1 40.467648 -3.442859 2.081 89.4 
335.07 120.0 1 motorway 3 1 40.467567 -3.443726 0.488 88.7 
336.62 120.0 1 motorway 3 1 40.467548 -3.444033 1.035 88.8 
338.47 120.0 1 motorway 3 1 40.467491 -3.444620 0.884 89.3 
339.12 120.0 1 motorway 3 1 40.467468 -3.444905 0.538 88.9 
340.20 120.0 2 motorway 3 1 40.467449 -3.445193 0.615 88.2 
341.14 120.0 1 motorway 3 1 40.467422 -3.445482 0.548 88.7 
341.94 120.0 1 motorway 3 1 40.467396 -3.445769 0.351 88.2 
343.27 120.0 1 motorway 3 1 40.467365 -3.446061 0.686 88.0 
344.37 120.0 1 motorway 3 1 40.467342 -3.446356 0.785 86.5 
345.11 120.0 1 motorway 3 1 40.467323 -3.446637 0.518 86.1 
346.25 120.0 1 motorway 3 1 40.467297 -3.446916 0.660 84.6 
347.16 120.0 2 motorway 3 1 40.467285 -3.447164 0.575 86.2 
349.03 120.0 1 motorway 3 1 40.467258 -3.447444 1.442 87.8 
350.67 90.0 3 motorway_link 2 1 40.467216 -3.447999 1.087 86.4 
352.93 90.0 3 motorway_link 2 1 40.467167 -3.448564 1.339 86.1 
354.92 90.0 2 motorway_link 2 1 40.467117 -3.449133 1.336 87.5 
356.17 90.0 3 motorway_link 2 1 40.467064 -3.449702 0.576 88.6 
358.67 90.0 2 motorway_link 2 1 40.467045 -3.449992 2.072 87.9 
360.29 90.0 3 motorway_link 2 1 40.466984 -3.450842 0.700 88.4 
362.06 90.0 2 motorway_link 2 1 40.466957 -3.451132 1.466 87.0 
365.81 120.0 1 motorway 3 1 40.466927 -3.451703 3.222 87.6 
367.99 120.0 2 motorway 3 1 40.466881 -3.452837 1.390 87.8 
370.52 120.0 1 motorway 3 1 40.466854 -3.453420 1.929 86.7 
374.01 120.0 1 motorway 3 1 40.466827 -3.453991 3.428 88.3 
375.83 120.0 1 motorway 3 1 40.466816 -3.455124 1.243 87.2 
379.53 120.0 1 motorway 3 1 40.466801 -3.455688 2.941 89.9 
380.56 120.0 1 motorway 3 1 40.466839 -3.456572 0.969 90.1 
383.73 120.0 1 motorway 3 1 40.466850 -3.456872 3.141 88.4 
385.68 120.0 1 motorway 3 1 40.466904 -3.458020 1.093 87.3 
387.83 120.0 1 motorway 3 1 40.466938 -3.458598 1.240 85.8 
389.36 120.0 1 motorway 3 1 40.466972 -3.459161 0.771 86.1 
391.21 120.0 1 motorway 3 1 40.466995 -3.459429 1.618 86.9 
392.48 120.0 1 motorway 3 1 40.467033 -3.459990 0.891 87.0 
393.44 120.0 1 motorway 3 1 40.467049 -3.460280 0.858 86.2 
394.98 120.0 1 motorway 3 1 40.467064 -3.460552 1.393 85.5 
396.47 120.0 1 motorway 3 1 40.467079 -3.461126 0.880 85.6 
397.13 120.0 1 motorway 3 1 40.467091 -3.461408 0.542 86.0 
398.94 120.0 1 motorway 3 1 40.467102 -3.461688 1.350 85.9 
401.02 120.0 1 motorway 3 1 40.467129 -3.462236 1.437 88.4 
402.62 120.0 1 motorway 3 1 40.467167 -3.462798 1.029 90.4 
404.81 90.0 3 motorway_link 1 1 40.467201 -3.463401 1.223 93.5 
406.36 90.0 3 motorway_link 1 1 40.467224 -3.464013 0.769 92.4 
408.39 90.0 3 motorway_link 1 1 40.467216 -3.464310 1.807 89.6 
410.82 90.0 3 motorway_link 1 1 40.467232 -3.464900 2.231 89.0 
412.91 90.0 3 motorway_link 1 1 40.467251 -3.465785 1.326 88.1 
414.67 90.0 3 motorway_link 1 1 40.467258 -3.466366 1.083 87.6 
417.92 90.0 3 motorway_link 1 1 40.467266 -3.466950 2.328 89.0 
421.61 90.0 3 motorway_link 1 1 40.467258 -3.467816 3.027 87.5 
425.29 -1.0 0 track 1 1 40.467251 -3.468949 2.701 85.5 
428.58 -1.0 0 track 1 1 40.467224 -3.469784 2.990 84.1 
432.90 -1.0 0 track 1 1 40.467175 -3.470617 4.307 82.4 
447.57 -1.0 0 track 1 1 40.467060 -3.471983 13.979 85.2 
448.43 -1.0 0 track 1 1 40.466515 -3.475689 0.849 85.8 
449.36 -1.0 0 track 1 1 40.466473 -3.475950 0.779 86.0 
450.18 -1.0 0 track 1 1 40.466415 -3.476229 0.590 86.7 
456.32 -1.0 0 track 1 1 40.466362 -3.476511 5.734 75.3 
458.16 -1.0 0 track 1 1 40.466061 -3.478028 1.574 72.0 
459.52 -1.0 0 track 1 1 40.465981 -3.478507 0.930 70.7 
460.17 -1.0 0 track 1 1 40.465939 -3.478740 0.583 69.8 
461.17 -1.0 0 track 1 1 40.465900 -3.478966 0.582 67.4 
461.97 -1.0 0 track 1 1 40.465855 -3.479182 0.386 66.1 
463.29 -1.0 0 track 1 1 40.465828 -3.479402 0.696 67.7 
464.14 -1.0 0 track 1 1 40.465790 -3.479620 0.557 67.7 
465.22 70.0 1 primary_link 1 1 40.465759 -3.479837 0.631 68.9 
466.21 70.0 1 primary_link 1 1 40.465740 -3.480057 0.625 69.0 
467.07 70.0 1 primary_link 1 1 40.465740 -3.480280 0.483 67.2 
468.37 70.0 1 primary_link 1 1 40.465755 -3.480509 0.783 65.4 
469.28 70.0 1 primary_link 1 1 40.465790 -3.480725 0.692 64.5 
470.29 70.0 1 primary_link 1 1 40.465836 -3.480931 0.700 63.9 
471.25 70.0 1 primary_link 1 1 40.465893 -3.481135 0.668 65.6 
472.09 70.0 1 primary_link 1 1 40.465961 -3.481327 0.504 67.3 
473.11 70.0 1 primary_link 1 1 40.466022 -3.481517 0.526 68.5 
474.76 70.0 1 primary_link 1 1 40.466099 -3.481726 1.171 71.6 
476.20 70.0 1 primary_link 1 1 40.466248 -3.482177 0.609 68.4 
477.00 70.0 1 primary_link 1 1 40.466316 -3.482383 0.416 66.7 
478.24 70.0 1 primary_link 1 1 40.466393 -3.482582 0.648 65.1 
479.26 70.0 1 primary_link 1 1 40.466457 -3.482778 0.671 65.9 
480.92 70.0 1 primary_link 1 1 40.466526 -3.482971 1.335 64.6 
482.75 70.0 1 primary_link 1 1 40.466652 -3.483376 1.153 64.0 
484.17 70.0 1 primary_link 1 1 40.466717 -3.483791 0.586 65.5 
485.62 70.0 1 primary_link 1 1 40.466732 -3.484002 1.035 65.8 
487.14 70.0 1 primary_link 1 1 40.466705 -3.484416 0.554 61.7 
488.50 70.0 1 primary_link 1 1 40.466686 -3.484623 0.915 61.0 
489.52 70.0 1 primary_link 1 1 40.466660 -3.484828 0.931 63.0 
491.03 70.0 1 primary_link 1 1 40.466614 -3.485014 1.443 63.1 
492.05 70.0 1 primary_link 1 1 40.466450 -3.485380 0.463 62.4 
492.99 70.0 1 primary_link 1 1 40.466358 -3.485542 0.406 62.0 
494.63 70.0 1 primary_link 1 1 40.466251 -3.485696 1.034 61.1 
496.04 90.0 3 motorway_link 1 1 40.466049 -3.486006 0.455 61.4 
497.38 90.0 3 motorway_link 1 1 40.465950 -3.486172 0.794 60.4 
499.74 90.0 3 motorway_link 1 1 40.465858 -3.486336 2.154 59.5 
502.52 90.0 3 motorway_link 1 1 40.465572 -3.486786 1.936 63.6 
504.86 90.0 3 motorway_link 1 1 40.465374 -3.487094 2.279 60.1 
506.49 50.0 1 primary 1 1 40.465061 -3.487558 0.906 58.4 
507.01 50.0 1 primary 1 1 40.464943 -3.487688 0.423 57.9 
534.65 50.0 1 primary 1 1 40.464825 -3.487797 27.069 73.0 
539.18 90.0 1 motorway_link 1 1 40.464329 -3.484034 3.590 75.8 
541.92 90.0 1 motorway_link 1 1 40.464527 -3.483086 2.339 75.7 
545.20 90.0 1 motorway_link 1 1 40.464687 -3.482392 2.607 74.5 
547.71 90.0 1 motorway_link 1 1 40.464817 -3.481693 2.124 71.8 
550.95 90.0 1 motorway_link 1 1 40.464996 -3.481019 2.362 72.4 
559.86 90.0 1 motorway_link 1 1 40.465157 -3.480354 8.275 83.2 
562.72 90.0 1 motorway_link 1 1 40.465729 -3.478101 2.126 83.4 
565.44 90.0 1 motorway_link 1 1 40.465923 -3.477306 1.857 86.5 
566.70 120.0 1 motorway 4 1 40.466038 -3.476748 1.118 86.9 
568.75 120.0 1 motorway 4 1 40.466156 -3.476207 1.166 88.7 
571.01 120.0 1 motorway 4 1 40.466263 -3.475631 1.423 88.7 
572.69 120.0 1 motorway 4 1 40.466370 -3.475075 1.104 89.0 
574.69 120.0 1 motorway 4 1 40.466476 -3.474530 1.097 88.8 
576.85 120.0 1 motorway 4 1 40.466576 -3.473965 1.260 87.0 
578.49 120.0 1 motorway 4 1 40.466667 -3.473414 0.907 86.1 
579.01 120.0 1 motorway 4 1 40.466705 -3.473122 0.420 85.9 
581.39 120.0 1 motorway 4 1 40.466736 -3.472837 1.800 87.4 
582.59 120.0 1 motorway 4 1 40.466797 -3.472264 1.005 85.5 
584.99 120.0 1 motorway 4 1 40.466854 -3.471688 1.407 87.9 
586.78 120.0 1 motorway 4 1 40.466908 -3.471117 1.185 85.2 
588.46 120.0 1 motorway 4 1 40.466942 -3.470558 0.871 86.0 
589.95 120.0 1 motorway 4 1 40.466957 -3.470265 1.366 84.2 
591.63 120.0 1 motorway 3 1 40.466976 -3.469726 1.032 85.2 
593.65 120.0 1 motorway 3 1 40.467003 -3.469172 1.061 84.1 
595.82 120.0 1 motorway 3 1 40.467033 -3.468616 1.230 81.9 
598.04 120.0 1 motorway 3 1 40.467033 -3.468075 1.449 80.2 
600.62 120.0 1 motorway 3 1 40.467026 -3.467544 2.036 76.9 
603.20 120.0 1 motorway 3 1 40.467026 -3.466771 1.611 82.7 
606.08 120.0 1 motorway 3 1 40.467018 -3.466264 2.492 85.0 
608.28 120.0 1 motorway 3 1 40.467003 -3.465443 1.696 87.0 
609.20 120.0 1 motorway 3 1 40.466980 -3.464873 0.616 88.4 
610.60 120.0 1 motorway 3 1 40.466972 -3.464591 1.006 89.0 
612.51 120.0 1 motorway 3 1 40.466953 -3.464005 0.924 90.9 
613.40 120.0 1 motorway 3 1 40.466938 -3.463709 0.817 92.0 
614.76 120.0 1 motorway 3 1 40.466930 -3.463407 1.175 92.1 
625.96 120.0 1 motorway 3 1 40.466911 -3.462798 10.379 92.5 
628.92 120.0 1 motorway 3 1 40.466763 -3.459521 2.333 96.2 
631.22 120.0 1 motorway 3 1 40.466705 -3.458587 1.637 94.2 
632.86 120.0 1 motorway 3 1 40.466675 -3.457964 1.277 94.0 
634.13 120.0 1 motorway 3 1 40.466656 -3.457348 0.546 94.2 
635.53 120.0 1 motorway 3 1 40.466644 -3.457039 0.940 93.8 
637.51 120.0 1 motorway 3 1 40.466640 -3.456726 1.920 94.5 
639.11 120.0 1 motorway 3 1 40.466629 -3.456125 1.521 93.2 
640.85 120.0 1 motorway 3 1 40.466614 -3.455523 1.261 96.2 
643.03 120.0 1 motorway 3 1 40.466610 -3.454883 1.444 98.2 
645.27 120.0 1 motorway 3 1 40.466610 -3.454243 1.687 99.9 
646.42 120.0 1 motorway 3 1 40.466614 -3.453600 0.834 99.3 
647.55 120.0 1 motorway 3 1 40.466621 -3.453277 0.961 98.1 
649.93 120.0 1 motorway 3 1 40.466629 -3.452958 2.344 99.5 
651.41 120.0 1 motorway 3 1 40.466667 -3.451968 0.827 99.8 
652.83 120.0 1 motorway 3 1 40.466686 -3.451640 1.246 98.2 
654.41 120.0 1 motorway 3 1 40.466743 -3.450985 0.827 97.7 
655.45 120.0 1 motorway 3 1 40.466759 -3.450668 0.862 96.2 
656.36 120.0 1 motorway 3 1 40.466782 -3.450363 0.776 95.5 
657.74 120.0 1 motorway 3 1 40.466805 -3.450052 1.155 95.8 
659.08 120.0 1 motorway 3 1 40.466854 -3.449424 0.496 95.3 
660.49 120.0 1 motorway 3 1 40.466877 -3.449116 0.899 95.4 
662.05 120.0 1 motorway 3 1 40.466900 -3.448807 1.464 96.0 
664.60 120.0 1 motorway 3 1 40.466953 -3.448186 2.009 96.4 
667.16 120.0 1 motorway 3 1 40.467014 -3.447227 1.578 96.4 
668.67 120.0 1 motorway 3 1 40.467075 -3.446599 1.078 98.5 
670.82 120.0 1 motorway 3 1 40.467136 -3.445968 1.224 97.8 
672.92 120.0 1 motorway 3 1 40.467197 -3.445327 1.337 95.6 
674.25 120.0 1 motorway 3 1 40.467258 -3.444695 0.667 97.8 
675.25 120.0 1 motorway 3 1 40.467281 -3.444361 0.665 98.4 
676.27 120.0 1 motorway 3 1 40.467308 -3.444047 0.689 99.1 
679.00 120.0 1 motorway 3 1 40.467335 -3.443722 2.411 99.3 
680.29 120.0 1 motorway 3 1 40.467415 -3.442756 0.708 100.3 
681.23 120.0 1 motorway 3 1 40.467442 -3.442425 0.644 101.0 
682.21 120.0 1 motorway 3 1 40.467476 -3.442095 0.620 98.9 
683.16 120.0 1 motorway 3 1 40.467514 -3.441745 0.574 97.6 
684.49 120.0 1 motorway 3 1 40.467556 -3.441439 0.901 97.8 
685.36 120.0 1 motorway 3 1 40.467609 -3.441140 0.777 97.9 
686.78 120.0 1 motorway 3 1 40.467655 -3.440823 1.190 98.1 
689.11 120.0 1 motorway 3 1 40.467762 -3.440186 1.522 99.4 
691.64 120.0 1 motorway 3 1 40.467873 -3.439550 2.051 99.3 
694.41 120.0 1 motorway 3 1 40.468044 -3.438609 1.828 99.3 
695.93 120.0 1 motorway 3 1 40.468151 -3.437975 1.349 97.7 
697.37 120.0 1 motorway 3 1 40.468258 -3.437333 0.782 96.6 
698.83 120.0 1 motorway 3 1 40.468315 -3.437038 1.245 95.4 
700.67 120.0 1 motorway 3 1 40.468410 -3.436425 1.089 94.7 
702.70 120.0 1 motorway 3 1 40.468513 -3.435803 1.113 93.6 
705.46 120.0 1 motorway 3 1 40.468620 -3.435201 1.876 93.3 
707.41 120.0 1 motorway 3 1 40.468704 -3.434608 1.822 92.9 
709.08 120.0 1 motorway 3 1 40.468796 -3.434008 1.490 90.2 
710.79 120.0 1 motorway 3 1 40.468884 -3.433418 1.202 88.5 
718.18 120.0 1 motorway 3 1 40.468971 -3.432851 6.596 86.5 
721.54 120.0 1 motorway 3 1 40.469311 -3.430901 2.944 86.2 
722.29 120.0 1 motorway 3 1 40.469486 -3.430090 0.700 86.8 
725.53 120.0 1 motorway 3 1 40.469543 -3.429813 2.942 89.5 
728.20 120.0 1 motorway 3 1 40.469738 -3.428974 2.612 92.0 
730.34 120.0 1 motorway 3 1 40.469952 -3.428127 1.756 92.0 
733.22 120.0 1 motorway 3 1 40.470100 -3.427550 2.630 91.7 
737.10 120.0 1 motorway 3 1 40.470337 -3.426719 3.517 91.1 
746.36 120.0 1 motorway 3 1 40.470680 -3.425638 8.771 90.8 
749.70 120.0 1 motorway 3 1 40.471405 -3.423138 3.115 93.2 
752.16 120.0 1 motorway 3 1 40.471733 -3.421990 1.573 92.3 
764.54 120.0 1 motorway 3 1 40.471928 -3.421400 11.953 90.8 
770.95 120.0 1 motorway 3 1 40.472729 -3.418020 6.371 88.7 
776.62 120.0 1 motorway 3 1 40.473213 -3.416113 5.042 90.5 
779.02 120.0 1 motorway 3 1 40.473648 -3.414457 1.435 92.4 
780.59 120.0 1 motorway 3 1 40.473804 -3.413892 1.012 91.7 
783.48 120.0 1 motorway 3 1 40.473984 -3.413336 1.896 90.7 
786.05 120.0 1 motorway 3 1 40.474163 -3.412793 2.468 93.4 
787.89 120.0 1 motorway 3 1 40.474472 -3.411968 1.309 94.1 
789.28 120.0 1 motorway 3 1 40.474701 -3.411407 0.702 94.7 
791.22 120.0 1 motorway 3 1 40.474804 -3.411130 1.636 93.2 
799.36 120.0 1 motorway 3 1 40.475037 -3.410588 7.772 96.3 
802.87 120.0 1 motorway 3 1 40.476063 -3.408484 3.290 94.3 
804.19 120.0 1 motorway 3 1 40.476646 -3.407489 0.597 94.2 
805.31 120.0 1 motorway 3 1 40.476803 -3.407248 0.734 94.2 
806.43 120.0 1 motorway 3 1 40.476952 -3.407009 0.840 93.3 
819.83 120.0 1 motorway 3 1 40.477104 -3.406777 13.244 90.3 
821.19 120.0 1 motorway 3 1 40.479378 -3.403948 0.614 88.1 
822.22 120.0 1 motorway 3 1 40.479546 -3.403766 0.638 89.5 
823.12 120.0 1 motorway 3 2 40.479729 -3.403584 0.535 89.3 
824.17 120.0 1 motorway 3 2 40.479912 -3.403408 0.588 88.9 
825.48 120.0 1 motorway 3 2 40.480095 -3.403241 0.898 88.9 
826.30 120.0 1 motorway 3 2 40.480274 -3.403061 0.713 87.3 
827.18 120.0 1 motorway 3 2 40.480450 -3.402895 0.599 88.9 
828.15 120.0 1 motorway 3 2 40.480629 -3.402725 0.574 89.9 
829.88 120.0 1 motorway 3 2 40.480812 -3.402548 1.298 89.3 
831.40 120.0 1 motorway 3 2 40.481163 -3.402198 0.821 90.0 
832.13 120.0 1 motorway 3 2 40.481342 -3.402029 0.547 91.6 
833.23 120.0 1 motorway 3 2 40.481525 -3.401851 0.652 92.4 
834.52 120.0 1 motorway 3 2 40.481705 -3.401675 0.944 94.8 
835.10 120.0 1 motorway 3 2 40.481895 -3.401488 0.524 94.4 
836.42 120.0 1 motorway 3 2 40.482086 -3.401299 0.843 94.8 
837.22 120.0 1 motorway 3 2 40.482277 -3.401120 0.636 94.6 
838.68 120.0 1 motorway 3 2 40.482468 -3.400929 1.095 94.2 
840.61 120.0 1 motorway 3 2 40.482849 -3.400553 1.030 94.6 
842.48 120.0 1 motorway 3 2 40.483219 -3.400188 0.896 94.2 
843.45 120.0 1 motorway 3 2 40.483410 -3.400001 0.871 94.5 
844.02 120.0 1 motorway 3 2 40.483597 -3.399822 0.439 94.0 
845.14 120.0 1 motorway 3 2 40.483788 -3.399639 0.555 94.0 
845.99 120.0 1 motorway 3 2 40.483978 -3.399456 0.411 94.2 
847.29 120.0 1 motorway 3 2 40.484165 -3.399271 0.707 95.1 
848.00 120.0 1 motorway 3 2 40.484352 -3.399081 0.424 95.2 
849.02 120.0 1 motorway 3 2 40.484539 -3.398887 0.430 95.4 
850.80 120.0 1 motorway 3 2 40.484726 -3.398702 1.218 93.0 
852.43 120.0 1 motorway 3 2 40.485096 -3.398330 0.839 94.3 
853.13 120.0 1 motorway 3 2 40.485291 -3.398152 0.543 94.7 
855.51 120.0 1 motorway 3 2 40.485481 -3.397953 1.924 98.1 
856.09 120.0 1 motorway 3 2 40.485855 -3.397557 0.506 97.8 
857.12 120.0 1 motorway 3 2 40.486046 -3.397337 0.542 97.8 
858.30 120.0 1 motorway 3 2 40.486217 -3.397120 0.723 97.2 
858.96 120.0 1 motorway 3 2 40.486397 -3.396891 0.377 96.6 
860.19 120.0 1 motorway 3 2 40.486576 -3.396672 0.603 95.8 
861.31 120.0 1 motorway 3 2 40.486752 -3.396454 0.720 96.7 
863.79 120.0 1 motorway 3 2 40.486912 -3.396236 2.212 95.6 
864.99 120.0 1 motorway 3 2 40.487389 -3.395523 0.415 97.7 
865.98 120.0 1 motorway 3 2 40.487602 -3.395337 0.404 95.6 
867.26 120.0 1 motorway 3 2 40.487774 -3.395112 0.676 95.7 
868.21 120.0 1 motorway 3 2 40.487942 -3.394900 0.625 95.5 
869.29 120.0 1 motorway 3 2 40.488106 -3.394679 0.708 94.6 
870.14 120.0 1 motorway 3 2 40.488270 -3.394455 0.556 93.9 
871.65 120.0 1 motorway 3 2 40.488438 -3.394240 1.069 93.4 
874.11 120.0 1 motorway 3 2 40.488762 -3.393808 1.533 95.0 
875.53 120.0 1 motorway 3 2 40.489094 -3.393358 0.948 95.6 
876.30 120.0 1 motorway 3 2 40.489250 -3.393135 0.720 95.5 
877.59 120.0 1 motorway 3 2 40.489410 -3.392895 1.008 94.7 
879.23 120.0 1 motorway 3 2 40.489742 -3.392433 0.652 92.9 
880.23 120.0 1 motorway 3 2 40.489902 -3.392204 0.654 93.3 
881.30 120.0 1 motorway 3 2 40.490063 -3.391968 0.716 94.1 
882.09 120.0 1 motorway 3 2 40.490223 -3.391749 0.514 94.2 
883.02 120.0 1 motorway 3 2 40.490391 -3.391526 0.436 94.0 
883.94 120.0 1 motorway 3 2 40.490566 -3.391313 0.360 94.1 
885.59 120.0 1 motorway 3 2 40.490738 -3.391111 0.996 93.2 
887.14 120.0 1 motorway 3 2 40.491058 -3.390664 0.557 91.2 
888.13 120.0 1 motorway 3 2 40.491215 -3.390452 0.541 91.4 
889.07 120.0 1 motorway 3 2 40.491371 -3.390223 0.493 91.9 
890.07 120.0 1 motorway 3 1 40.491531 -3.390002 0.486 92.7 
891.17 120.0 1 motorway 3 1 40.491692 -3.389785 0.589 93.1 
892.25 120.0 1 motorway 3 1 40.491852 -3.389551 0.675 93.1 
893.17 120.0 1 motorway 3 1 40.492012 -3.389335 0.594 92.4 
894.00 120.0 1 motorway 3 1 40.492184 -3.389115 0.421 92.1 
895.38 120.0 1 motorway 3 1 40.492344 -3.388898 0.797 91.8 
897.02 120.0 1 motorway 3 1 40.492504 -3.388682 1.437 91.4 
898.07 120.0 1 motorway 3 1 40.492805 -3.388219 0.487 90.9 
899.40 120.0 1 motorway 3 1 40.492954 -3.387993 0.823 89.1 
900.32 120.0 1 motorway 3 1 40.493103 -3.387777 0.738 90.0 
901.14 120.0 1 motorway 3 1 40.493240 -3.387559 0.562 89.6 
902.51 120.0 1 motorway 3 1 40.493389 -3.387330 0.933 89.2 
903.01 120.0 1 motorway 3 1 40.493530 -3.387118 0.427 87.4 
906.08 120.0 1 motorway 3 1 40.493664 -3.386895 2.502 84.8 
907.12 120.0 1 motorway 3 1 40.494061 -3.386235 0.539 84.9 
908.52 120.0 1 motorway 3 1 40.494186 -3.386016 0.936 85.8 
909.89 120.0 1 motorway 3 1 40.494316 -3.385804 1.306 86.1 
911.42 120.0 1 motorway 3 1 40.494583 -3.385360 0.839 85.5 
912.34 120.0 1 motorway 3 1 40.494717 -3.385143 0.762 85.2 
912.97 120.0 1 motorway 3 1 40.494843 -3.384923 0.387 84.8 
914.91 120.0 1 motorway 3 1 40.494976 -3.384702 1.332 84.5 
916.13 120.0 1 motorway 3 1 40.495239 -3.384251 0.546 83.8 
917.77 120.0 1 motorway 3 1 40.495350 -3.384050 1.195 84.2 
919.16 120.0 1 motorway 3 1 40.495586 -3.383612 0.583 84.2 
920.45 120.0 1 motorway 3 1 40.495708 -3.383399 0.874 83.3 
921.04 120.0 1 motorway 3 1 40.495831 -3.383165 0.452 84.1 
922.13 120.0 1 motorway 3 1 40.495953 -3.382940 0.541 85.5 
923.36 120.0 1 motorway 3 1 40.496067 -3.382719 0.773 87.0 
924.01 120.0 1 motorway 3 1 40.496197 -3.382484 0.421 87.4 
925.64 120.0 1 motorway 3 1 40.496315 -3.382249 1.062 88.8 
927.42 120.0 1 motorway 3 1 40.496571 -3.381783 0.836 87.8 
928.49 120.0 1 motorway 3 1 40.496696 -3.381544 0.907 87.3 
929.22 120.0 1 motorway 3 1 40.496811 -3.381310 0.640 85.4 
930.23 120.0 1 motorway 3 1 40.496918 -3.381067 0.642 86.0 
931.19 120.0 1 motorway 3 1 40.497051 -3.380814 0.605 86.2 
932.12 120.0 1 motorway 3 1 40.497162 -3.380588 0.542 86.5 
933.23 120.0 1 motorway 3 1 40.497288 -3.380345 0.651 84.4 
934.96 120.0 1 motorway 3 1 40.497410 -3.380104 1.378 83.4 
936.88 120.0 1 motorway 3 1 40.497650 -3.379647 1.303 82.5 
939.79 120.0 1 motorway 3 1 40.497883 -3.379206 2.208 83.0 
942.00 120.0 1 motorway 3 1 40.498215 -3.378498 1.419 84.3 
944.32 120.0 1 motorway 3 1 40.498440 -3.378031 1.731 85.2 
945.49 120.0 1 motorway 3 1 40.498688 -3.377552 0.907 84.7 
946.10 120.0 1 motorway 3 1 40.498810 -3.377333 0.515 84.0 
947.05 120.0 1 motorway 3 1 40.498924 -3.377101 0.474 84.1 
948.66 120.0 1 motorway 3 1 40.499043 -3.376887 1.067 84.8 
950.91 120.0 1 motorway 3 1 40.499287 -3.376427 1.328 86.2 
952.58 120.0 1 motorway 3 1 40.499519 -3.375938 0.996 86.5 
954.06 120.0 1 motorway 3 1 40.499641 -3.375700 1.476 86.8 
956.48 120.0 1 motorway 3 1 40.499886 -3.375238 1.889 83.8 
958.30 120.0 1 motorway 3 1 40.500130 -3.374789 1.716 85.5 
959.51 120.0 1 motorway 3 1 40.500366 -3.374313 0.931 85.8 
960.35 120.0 1 motorway 3 1 40.500477 -3.374074 0.765 85.4 
962.46 120.0 1 motorway 3 1 40.500595 -3.373833 1.876 85.0 
963.91 120.0 1 motorway 3 1 40.500824 -3.373363 1.335 84.4 
965.60 120.0 1 motorway 3 2 40.501045 -3.372906 1.016 84.4 
967.80 120.0 1 motorway 3 2 40.501274 -3.372422 1.225 87.3 
971.45 120.0 1 motorway 3 2 40.501503 -3.371944 2.858 86.7 
972.66 120.0 1 motorway 3 2 40.501842 -3.371212 1.076 83.9 
975.03 120.0 1 motorway 3 2 40.502071 -3.370753 1.446 85.5 
976.62 120.0 1 motorway 3 2 40.502296 -3.370267 1.037 84.5 
980.52 120.0 1 motorway 4 3 40.502529 -3.369803 2.944 82.0 
982.02 120.0 1 motorway 4 3 40.502884 -3.369124 1.439 81.1 
983.89 120.0 1 motorway 4 3 40.503098 -3.368679 1.308 80.0 
985.18 120.0 1 motorway 4 3 40.503307 -3.368223 0.588 80.0 
986.11 120.0 1 motorway 4 2 40.503410 -3.367994 0.531 81.5 
987.36 120.0 1 motorway 4 2 40.503513 -3.367785 0.782 80.7 
988.08 120.0 1 motorway 4 2 40.503609 -3.367545 0.497 80.3 
990.10 120.0 1 motorway 4 2 40.503716 -3.367332 1.522 83.0 
991.63 120.0 1 motorway 4 1 40.503944 -3.366886 1.055 84.8 
993.20 120.0 1 motorway 4 1 40.504128 -3.366413 0.617 85.9 
994.02 120.0 1 motorway 4 1 40.504234 -3.366156 0.439 83.9 
995.41 120.0 1 motorway 4 1 40.504330 -3.365916 0.830 83.3 
996.15 120.0 1 motorway 4 1 40.504425 -3.365671 0.569 84.0 
997.29 120.0 1 motorway 4 1 40.504532 -3.365431 0.705 84.9 
998.11 120.0 1 motorway 4 1 40.504627 -3.365191 0.534 84.5 
1000.30 120.0 1 motorway 4 1 40.504734 -3.364937 1.720 81.0 
1002.25 120.0 1 motorway 4 1 40.504906 -3.364451 1.668 82.5 
1004.07 120.0 1 motorway 4 1 40.505062 -3.363960 1.487 82.7 
1006.62 120.0 1 motorway 4 1 40.505203 -3.363452 2.036 80.4 
1008.32 120.0 1 motorway 3 1 40.505383 -3.362670 0.730 78.0 
1009.22 120.0 1 motorway 3 1 40.505409 -3.362420 0.632 77.3 
1011.44 120.0 1 motorway 3 1 40.505463 -3.362170 1.856 75.5 
1013.71 120.0 1 motorway 3 1 40.505547 -3.361679 2.134 73.9 
1016.91 90.0 3 motorway_link 1 1 40.505604 -3.360938 2.325 74.6 
1018.18 90.0 3 motorway_link 1 1 40.505627 -3.360222 0.604 76.8 
1020.15 90.0 3 motorway_link 1 1 40.505627 -3.359971 1.565 77.6 
1021.80 90.0 1 motorway_link 2 1 40.505638 -3.359468 1.225 74.1 
1024.69 90.0 1 motorway_link 2 1 40.505623 -3.358941 2.114 73.5 
1026.15 90.0 1 motorway_link 2 1 40.505585 -3.358229 0.566 69.7 
1028.21 90.0 1 motorway_link 2 1 40.505577 -3.358016 1.633 66.2 
1029.48 90.0 1 motorway_link 2 1 40.505535 -3.357571 0.898 64.4 
1030.37 90.0 1 motorway_link 2 1 40.505508 -3.357366 0.790 55.2 
1031.19 90.0 1 motorway_link 2 1 40.505489 -3.357177 0.606 50.5 
