9.13 -1.00 -1.00 0 85.6 
9.33 -1.00 -1.00 0 85.6 
9.50 -1.00 -1.00 0 85.6 
9.71 -1.00 -1.00 0 85.6 
9.85 -1.00 -1.00 0 85.6 
10.06 -1.00 -1.00 0 85.6 
10.19 -1.00 -1.00 0 85.6 
10.36 -1.00 -1.00 0 85.6 
10.51 -1.00 -1.00 0 85.6 
10.69 -1.00 -1.00 0 85.6 
10.83 57.68 2.43 1 85.6 
11.01 57.68 2.43 1 85.6 
11.19 57.63 2.42 1 85.8 
11.33 57.19 2.40 1 85.8 
11.50 56.75 2.38 1 85.8 
11.70 56.24 2.36 1 85.8 
11.84 55.24 2.32 1 85.8 
12.07 53.75 2.25 1 85.8 
12.28 52.82 2.19 1 87.0 
12.46 51.93 2.15 1 87.0 
12.60 51.08 2.11 1 87.0 
12.79 50.30 2.08 1 87.0 
12.95 49.01 2.03 1 87.0 
13.16 48.43 2.01 1 86.7 
13.31 45.50 1.89 1 86.7 
13.48 42.52 1.77 1 86.7 
13.66 40.69 1.69 1 86.7 
13.81 38.74 1.61 1 86.7 
14.01 36.43 1.51 1 86.7 
14.22 34.68 1.42 1 87.6 
14.37 33.51 1.38 1 87.6 
14.62 31.90 1.31 1 87.6 
14.77 30.82 1.27 1 87.6 
14.92 29.93 1.23 1 87.6 
15.12 28.88 1.18 1 88.1 
15.32 28.30 1.16 1 88.1 
15.47 27.52 1.13 1 88.1 
15.65 27.19 1.11 1 88.1 
15.86 26.30 1.08 1 88.1 
16.10 25.57 1.05 1 88.1 
16.29 25.26 1.05 1 86.4 
16.50 24.73 1.03 1 86.4 
16.97 -1.00 -1.00 1 86.4 
17.17 22.36 0.96 2 83.7 
17.44 21.64 0.93 2 83.7 
17.66 20.85 0.90 2 83.7 
17.93 20.66 0.89 2 83.7 
18.10 19.54 0.88 2 80.2 
18.33 18.64 0.84 2 80.2 
18.53 17.92 0.80 2 80.2 
18.81 17.36 0.78 2 80.2 
19.00 16.35 0.75 2 78.9 
19.15 15.68 0.72 2 78.9 
19.36 15.48 0.71 2 78.9 
19.61 14.45 0.66 2 78.9 
19.84 14.12 0.64 2 78.9 
20.06 13.51 0.61 2 79.9 
20.22 12.85 0.58 2 79.9 
20.45 12.27 0.55 2 79.9 
20.68 11.75 0.53 1 79.9 
20.88 11.12 0.50 1 79.9 
21.06 -1.00 -1.00 1 81.2 
21.24 -1.00 -1.00 1 81.2 
21.43 -1.00 -1.00 1 81.2 
21.62 -1.00 -1.00 1 81.2 
21.84 -1.00 -1.00 1 81.2 
22.10 -1.00 -1.00 1 82.5 
22.27 -1.00 -1.00 1 82.5 
22.46 -1.00 -1.00 1 82.5 
22.77 -1.00 -1.00 1 82.5 
22.96 -1.00 -1.00 1 84.0 
23.13 -1.00 -1.00 1 84.0 
23.37 -1.00 -1.00 1 84.0 
23.54 -1.00 -1.00 1 84.0 
23.72 -1.00 -1.00 1 84.0 
23.98 -1.00 -1.00 1 84.0 
24.18 -1.00 -1.00 1 83.2 
24.37 -1.00 -1.00 1 83.2 
24.63 -1.00 -1.00 1 83.2 
24.81 -1.00 -1.00 1 83.2 
24.99 -1.00 -1.00 1 86.1 
25.20 -1.00 -1.00 0 86.1 
25.34 -1.00 -1.00 0 86.1 
25.53 -1.00 -1.00 0 86.1 
25.71 -1.00 -1.00 0 86.1 
25.94 -1.00 -1.00 0 86.1 
26.14 -1.00 -1.00 0 87.3 
26.35 -1.00 -1.00 0 87.3 
26.51 -1.00 -1.00 0 87.3 
26.95 -1.00 -1.00 0 88.2 
27.11 -1.00 -1.00 0 88.2 
27.30 -1.00 -1.00 0 88.2 
27.53 -1.00 -1.00 0 88.2 
27.68 -1.00 -1.00 0 88.2 
27.88 -1.00 -1.00 0 88.2 
28.06 -1.00 -1.00 0 89.4 
28.25 -1.00 -1.00 0 89.4 
28.47 -1.00 -1.00 0 89.4 
28.68 -1.00 -1.00 0 89.4 
28.87 -1.00 -1.00 0 89.4 
29.04 -1.00 -1.00 0 89.7 
29.26 -1.00 -1.00 0 89.7 
29.41 -1.00 -1.00 0 89.7 
29.64 -1.00 -1.00 0 89.7 
29.83 -1.00 -1.00 0 89.7 
30.03 -1.00 -1.00 0 90.1 
30.17 -1.00 -1.00 0 90.1 
30.39 -1.00 -1.00 0 90.1 
30.55 -1.00 -1.00 0 90.1 
30.76 -1.00 -1.00 0 90.1 
30.97 -1.00 -1.00 0 90.0 
31.11 -1.00 -1.00 0 90.0 
31.22 -1.00 -1.00 0 90.0 
31.35 -1.00 -1.00 0 90.0 
31.55 -1.00 -1.00 0 90.0 
31.79 -1.00 -1.00 0 90.0 
31.94 -1.00 -1.00 0 89.7 
32.10 -1.00 -1.00 0 89.7 
32.24 -1.00 -1.00 0 89.7 
32.43 -1.00 -1.00 0 89.7 
32.58 -1.00 -1.00 0 89.7 
32.78 -1.00 -1.00 0 89.7 
32.98 -1.00 -1.00 0 90.0 
33.18 -1.00 -1.00 0 90.0 
33.38 -1.00 -1.00 0 90.0 
33.58 -1.00 -1.00 0 90.0 
33.82 -1.00 -1.00 0 90.0 
33.99 -1.00 -1.00 0 90.5 
34.15 -1.00 -1.00 0 90.5 
34.37 -1.00 -1.00 0 90.5 
34.54 -1.00 -1.00 0 90.5 
34.68 -1.00 -1.00 0 90.5 
34.85 -1.00 -1.00 0 90.5 
35.01 -1.00 -1.00 0 91.0 
35.20 -1.00 -1.00 0 91.0 
35.35 -1.00 -1.00 0 91.0 
35.56 -1.00 -1.00 0 91.0 
35.73 -1.00 -1.00 0 91.0 
35.93 -1.00 -1.00 1 91.4 
36.08 -1.00 -1.00 1 91.4 
36.28 -1.00 -1.00 1 91.4 
36.47 -1.00 -1.00 1 91.4 
36.91 -1.00 -1.00 1 91.4 
37.10 13.54 0.53 1 91.2 
37.26 13.74 0.54 1 91.2 
37.44 14.02 0.55 1 91.2 
37.67 14.37 0.57 1 91.2 
37.84 14.93 0.59 1 91.2 
38.04 15.09 0.60 1 90.7 
38.18 15.49 0.61 1 90.7 
38.38 16.14 0.64 1 90.7 
38.58 16.32 0.65 1 90.7 
38.77 16.62 0.66 1 90.7 
38.97 17.43 0.69 1 91.4 
39.12 17.86 0.70 1 91.4 
39.33 18.40 0.72 1 91.4 
39.50 18.64 0.73 1 91.4 
39.78 19.49 0.77 1 91.4 
39.99 20.18 0.79 1 92.1 
40.20 21.28 0.83 1 92.1 
40.43 22.88 0.89 1 92.1 
40.61 24.14 0.94 1 92.1 
40.86 25.57 1.00 1 92.1 
41.10 27.21 1.07 1 91.7 
41.30 28.56 1.12 1 91.7 
41.47 28.85 1.13 1 91.7 
41.65 29.48 1.16 1 91.7 
41.84 30.00 1.18 1 91.7 
42.04 30.04 1.19 1 91.0 
42.19 30.06 1.19 1 91.0 
42.38 30.48 1.21 1 91.0 
42.58 30.81 1.22 1 91.0 
42.83 32.77 1.30 1 91.0 
43.04 34.36 1.37 1 90.4 
43.21 36.43 1.45 1 90.4 
43.42 39.08 1.56 1 90.4 
43.73 40.39 1.61 1 90.4 
43.94 42.39 1.62 1 94.0 
44.17 45.19 1.73 1 94.0 
44.32 45.68 1.75 1 94.0 
44.52 46.09 1.77 1 94.0 
44.71 46.43 1.78 1 94.0 
44.92 46.70 1.79 1 94.0 
45.12 46.24 1.73 1 96.3 
45.32 45.80 1.71 1 96.3 
45.47 44.79 1.67 1 96.3 
45.67 44.49 1.66 1 96.3 
45.86 44.19 1.65 1 96.3 
46.04 45.60 1.68 1 98.0 
46.24 45.88 1.69 1 98.0 
46.38 45.39 1.67 1 98.0 
46.56 46.56 1.71 1 98.0 
46.76 47.58 1.75 1 98.0 
46.94 49.56 1.81 1 98.7 
47.09 50.12 1.83 1 98.7 
47.23 50.62 1.85 1 98.7 
47.40 51.02 1.86 1 98.7 
47.61 51.37 1.87 1 98.7 
47.86 52.77 1.92 1 98.7 
48.06 52.87 1.93 1 98.8 
48.24 54.03 1.97 1 98.8 
48.38 53.94 1.97 1 98.8 
48.58 54.93 2.00 1 98.8 
48.81 -1.00 -1.00 0 98.8 
49.00 -1.00 -1.00 0 99.6 
49.15 -1.00 -1.00 0 99.6 
49.34 -1.00 -1.00 0 99.6 
49.48 -1.00 -1.00 0 99.6 
49.66 -1.00 -1.00 0 99.6 
49.87 -1.00 -1.00 0 99.6 
50.03 -1.00 -1.00 0 99.6 
50.21 -1.00 -1.00 0 99.6 
50.37 -1.00 -1.00 0 99.6 
50.60 -1.00 -1.00 0 99.6 
50.77 -1.00 -1.00 0 99.6 
50.98 -1.00 -1.00 0 99.6 
51.13 -1.00 -1.00 0 99.6 
51.35 -1.00 -1.00 0 99.6 
51.53 -1.00 -1.00 0 99.6 
51.77 -1.00 -1.00 0 99.6 
51.94 -1.00 -1.00 0 99.9 
52.15 -1.00 -1.00 0 99.9 
52.33 -1.00 -1.00 0 99.9 
52.49 -1.00 -1.00 1 99.9 
52.67 -1.00 -1.00 1 99.9 
52.93 -1.00 -1.00 1 99.9 
53.11 -1.00 -1.00 1 100.2 
53.27 -1.00 -1.00 1 100.2 
53.46 -1.00 -1.00 1 100.2 
53.69 -1.00 -1.00 1 100.2 
53.85 -1.00 -1.00 1 100.2 
54.04 -1.00 -1.00 1 99.0 
54.25 -1.00 -1.00 1 99.0 
54.39 -1.00 -1.00 1 99.0 
54.55 -1.00 -1.00 1 99.0 
54.83 -1.00 -1.00 1 99.0 
54.97 -1.00 -1.00 1 98.0 
55.14 -1.00 -1.00 1 98.0 
55.29 -1.00 -1.00 1 98.0 
55.42 -1.00 -1.00 1 98.0 
55.65 -1.00 -1.00 1 98.0 
55.85 -1.00 -1.00 1 98.0 
56.08 -1.00 -1.00 1 98.7 
56.23 -1.00 -1.00 1 98.7 
56.42 -1.00 -1.00 2 98.7 
56.82 -1.00 -1.00 2 98.7 
57.04 23.05 0.83 2 100.1 
57.24 -1.00 -1.00 2 100.1 
57.44 -1.00 -1.00 2 100.1 
57.67 -1.00 -1.00 2 100.1 
57.92 -1.00 -1.00 2 100.1 
58.16 -1.00 -1.00 2 100.3 
58.39 -1.00 -1.00 2 100.3 
58.63 -1.00 -1.00 2 100.3 
58.88 -1.00 -1.00 3 100.3 
59.09 -1.00 -1.00 3 100.7 
59.33 -1.00 -1.00 2 100.7 
59.54 -1.00 -1.00 2 100.7 
59.88 -1.00 -1.00 2 100.7 
60.08 -1.00 -1.00 2 100.6 
60.33 -1.00 -1.00 2 100.6 
60.57 -1.00 -1.00 2 100.6 
60.77 -1.00 -1.00 1 100.6 
60.98 -1.00 -1.00 1 98.3 
61.17 -1.00 -1.00 1 98.3 
61.36 -1.00 -1.00 1 98.3 
61.52 -1.00 -1.00 1 98.3 
61.70 -1.00 -1.00 1 98.3 
61.96 -1.00 -1.00 1 98.3 
62.14 -1.00 -1.00 1 97.8 
62.31 -1.00 -1.00 1 97.8 
62.49 -1.00 -1.00 1 97.8 
62.68 -1.00 -1.00 1 97.8 
62.86 -1.00 -1.00 1 97.8 
63.07 -1.00 -1.00 1 98.1 
63.25 -1.00 -1.00 1 98.1 
63.47 -1.00 -1.00 1 98.1 
63.76 -1.00 -1.00 1 98.1 
63.96 -1.00 -1.00 1 99.0 
64.16 -1.00 -1.00 1 99.0 
64.30 -1.00 -1.00 1 99.0 
64.48 -1.00 -1.00 1 99.0 
64.68 -1.00 -1.00 1 99.0 
64.85 -1.00 -1.00 1 99.0 
65.02 -1.00 -1.00 1 100.0 
65.23 -1.00 -1.00 1 100.0 
65.38 -1.00 -1.00 1 100.0 
65.60 -1.00 -1.00 1 100.0 
65.85 -1.00 -1.00 1 100.0 
66.03 -1.00 -1.00 1 100.8 
66.25 -1.00 -1.00 1 100.8 
66.40 55.26 1.97 1 100.8 
66.54 -1.00 -1.00 1 100.8 
66.69 -1.00 -1.00 1 100.8 
66.94 54.22 1.95 1 100.3 
67.13 -1.00 -1.00 0 100.3 
67.32 -1.00 -1.00 0 100.3 
67.46 -1.00 -1.00 0 100.3 
67.65 -1.00 -1.00 0 100.3 
67.89 -1.00 -1.00 0 100.3 
68.09 -1.00 -1.00 0 99.6 
68.26 -1.00 -1.00 0 99.6 
68.46 -1.00 -1.00 0 99.6 
68.68 -1.00 -1.00 0 99.6 
68.86 -1.00 -1.00 0 99.6 
69.07 -1.00 -1.00 0 98.4 
69.26 -1.00 -1.00 0 98.4 
69.41 -1.00 -1.00 0 98.4 
69.64 -1.00 -1.00 0 98.4 
69.87 -1.00 -1.00 0 98.4 
70.07 -1.00 -1.00 0 97.9 
70.23 -1.00 -1.00 0 97.9 
70.38 -1.00 -1.00 0 97.9 
70.57 -1.00 -1.00 0 97.9 
70.81 -1.00 -1.00 0 97.9 
71.02 -1.00 -1.00 0 98.9 
71.18 -1.00 -1.00 0 98.9 
71.44 -1.00 -1.00 0 98.9 
71.64 -1.00 -1.00 0 98.9 
71.86 -1.00 -1.00 0 98.9 
72.05 -1.00 -1.00 0 98.7 
72.23 -1.00 -1.00 0 98.7 
72.40 -1.00 -1.00 0 98.7 
72.57 -1.00 -1.00 0 98.7 
72.76 -1.00 -1.00 0 98.7 
72.96 -1.00 -1.00 0 99.9 
73.12 -1.00 -1.00 0 99.9 
73.30 -1.00 -1.00 0 99.9 
73.45 -1.00 -1.00 0 99.9 
73.66 -1.00 -1.00 0 99.9 
73.89 -1.00 -1.00 0 99.9 
74.08 -1.00 -1.00 0 101.3 
74.30 -1.00 -1.00 0 101.3 
74.46 -1.00 -1.00 0 101.3 
74.66 -1.00 -1.00 0 101.3 
74.93 -1.00 -1.00 0 101.3 
75.08 -1.00 -1.00 0 102.6 
75.27 -1.00 -1.00 0 102.6 
75.49 -1.00 -1.00 0 102.6 
75.65 -1.00 -1.00 1 102.6 
75.87 -1.00 -1.00 1 102.6 
76.01 -1.00 -1.00 1 105.0 
76.22 -1.00 -1.00 1 105.0 
76.42 -1.00 -1.00 1 105.0 
76.61 -1.00 -1.00 1 105.0 
77.00 -1.00 -1.00 1 106.3 
77.17 -1.00 -1.00 1 106.3 
77.39 -1.00 -1.00 1 106.3 
77.65 -1.00 -1.00 1 106.3 
77.87 -1.00 -1.00 1 106.3 
78.15 -1.00 -1.00 1 106.5 
78.38 -1.00 -1.00 1 106.5 
78.59 -1.00 -1.00 1 106.5 
78.85 -1.00 -1.00 1 106.5 
79.05 -1.00 -1.00 1 106.2 
79.28 -1.00 -1.00 1 106.2 
79.46 -1.00 -1.00 1 106.2 
79.76 -1.00 -1.00 1 106.2 
79.92 -1.00 -1.00 1 103.4 
80.09 -1.00 -1.00 1 103.4 
80.29 -1.00 -1.00 1 103.4 
80.54 -1.00 -1.00 1 103.4 
80.76 -1.00 -1.00 1 103.4 
81.00 -1.00 -1.00 1 103.4 
81.19 -1.00 -1.00 1 103.4 
81.38 -1.00 -1.00 1 103.4 
81.60 -1.00 -1.00 1 103.4 
81.87 -1.00 -1.00 1 103.4 
82.10 -1.00 -1.00 1 103.9 
82.29 -1.00 -1.00 1 103.9 
82.49 -1.00 -1.00 1 103.9 
82.78 -1.00 -1.00 1 103.9 
83.00 -1.00 -1.00 1 103.0 
83.18 -1.00 -1.00 1 103.0 
83.39 -1.00 -1.00 1 103.0 
83.58 -1.00 -1.00 1 103.0 
83.79 -1.00 -1.00 1 103.0 
83.97 -1.00 -1.00 1 102.1 
84.22 -1.00 -1.00 1 102.1 
84.47 -1.00 -1.00 1 102.1 
84.75 -1.00 -1.00 1 102.1 
84.96 -1.00 -1.00 2 101.4 
85.23 -1.00 -1.00 2 101.4 
85.42 -1.00 -1.00 2 101.4 
85.68 -1.00 -1.00 2 101.4 
86.00 -1.00 -1.00 2 101.4 
86.21 -1.00 -1.00 2 102.2 
86.44 -1.00 -1.00 2 102.2 
86.72 -1.00 -1.00 2 102.2 
86.98 -1.00 -1.00 2 102.2 
87.23 -1.00 -1.00 2 103.3 
87.49 -1.00 -1.00 2 103.3 
87.79 54.57 1.90 2 103.3 
88.02 -1.00 -1.00 2 102.1 
88.26 -1.00 -1.00 2 102.1 
88.51 67.38 2.38 2 102.1 
88.81 -1.00 -1.00 2 102.1 
89.01 68.82 2.44 2 101.3 
89.26 -1.00 -1.00 2 101.3 
89.53 68.73 2.44 1 101.3 
89.83 -1.00 -1.00 1 101.3 
90.03 77.79 2.76 1 101.3 
90.21 -1.00 -1.00 1 101.3 
90.42 -1.00 -1.00 1 101.3 
90.63 -1.00 -1.00 1 101.3 
90.86 -1.00 -1.00 1 101.3 
91.09 -1.00 -1.00 1 101.7 
91.31 86.33 3.06 1 101.7 
91.52 -1.00 -1.00 0 101.7 
91.81 -1.00 -1.00 0 101.7 
92.03 -1.00 -1.00 0 101.1 
92.21 -1.00 -1.00 0 101.1 
92.41 -1.00 -1.00 0 101.1 
92.65 -1.00 -1.00 0 101.1 
92.91 -1.00 -1.00 0 101.1 
93.10 -1.00 -1.00 0 100.5 
93.36 -1.00 -1.00 0 100.5 
93.55 -1.00 -1.00 0 100.5 
93.83 -1.00 -1.00 0 100.5 
93.99 -1.00 -1.00 0 100.8 
94.23 -1.00 -1.00 0 100.8 
94.46 -1.00 -1.00 0 100.8 
94.63 -1.00 -1.00 0 100.8 
94.86 -1.00 -1.00 0 100.8 
95.13 -1.00 -1.00 0 100.0 
95.33 -1.00 -1.00 0 100.0 
95.55 -1.00 -1.00 0 100.0 
95.81 -1.00 -1.00 0 100.0 
95.98 -1.00 -1.00 0 99.8 
96.17 -1.00 -1.00 0 99.8 
96.38 -1.00 -1.00 0 99.8 
96.57 -1.00 -1.00 0 99.8 
96.80 -1.00 -1.00 0 99.8 
97.02 -1.00 -1.00 0 98.2 
97.27 -1.00 -1.00 0 98.2 
97.45 -1.00 -1.00 0 98.2 
97.70 -1.00 -1.00 0 98.2 
97.88 -1.00 -1.00 0 98.2 
98.09 -1.00 -1.00 0 99.2 
98.30 -1.00 -1.00 0 99.2 
98.54 -1.00 -1.00 0 99.2 
98.75 -1.00 -1.00 0 99.2 
99.00 -1.00 -1.00 1 100.1 
99.25 -1.00 -1.00 1 100.1 
99.40 -1.00 -1.00 1 100.1 
99.68 -1.00 -1.00 1 100.1 
99.94 -1.00 -1.00 1 100.1 
100.23 -1.00 -1.00 0 100.5 
100.48 -1.00 -1.00 0 100.5 
100.78 -1.00 -1.00 1 100.5 
101.10 -1.00 -1.00 1 100.4 
101.35 -1.00 -1.00 1 100.4 
101.56 -1.00 -1.00 1 100.4 
102.07 -1.00 -1.00 1 100.4 
102.43 45.10 1.61 1 100.7 
102.68 -1.00 -1.00 1 100.7 
102.97 -1.00 -1.00 1 100.7 
103.21 45.03 1.61 1 100.9 
103.53 45.01 1.61 1 100.9 
103.87 44.99 1.60 1 100.9 
104.10 44.96 1.61 1 100.7 
104.35 44.94 1.61 1 100.7 
104.79 44.93 1.61 1 100.7 
105.14 45.70 1.63 1 100.7 
105.40 45.57 1.63 1 100.7 
105.78 45.48 1.63 1 100.7 
106.03 45.39 1.63 1 100.0 
106.31 45.32 1.63 1 100.0 
106.61 46.10 1.66 1 100.0 
106.87 45.93 1.65 1 100.0 
107.06 -1.00 -1.00 0 101.1 
107.31 -1.00 -1.00 0 101.1 
107.52 -1.00 -1.00 0 101.1 
107.74 -1.00 -1.00 0 101.1 
108.04 -1.00 -1.00 0 101.1 
108.21 -1.00 -1.00 0 100.8 
108.43 -1.00 -1.00 0 100.8 
108.61 -1.00 -1.00 0 100.8 
108.91 -1.00 -1.00 0 100.8 
109.13 -1.00 -1.00 0 99.1 
109.33 -1.00 -1.00 0 99.1 
109.57 -1.00 -1.00 0 99.1 
109.86 -1.00 -1.00 0 99.1 
110.09 -1.00 -1.00 0 98.2 
110.33 -1.00 -1.00 0 98.2 
110.57 -1.00 -1.00 0 98.2 
110.83 -1.00 -1.00 0 98.2 
111.03 -1.00 -1.00 0 95.3 
111.29 -1.00 -1.00 0 95.3 
111.53 -1.00 -1.00 0 95.3 
111.71 -1.00 -1.00 0 95.3 
112.00 -1.00 -1.00 0 95.3 
112.24 -1.00 -1.00 0 94.6 
112.43 -1.00 -1.00 0 94.6 
112.68 -1.00 -1.00 0 94.6 
112.89 -1.00 -1.00 0 94.6 
113.13 -1.00 -1.00 0 95.0 
113.35 -1.00 -1.00 0 95.0 
113.53 -1.00 -1.00 0 95.0 
113.78 -1.00 -1.00 0 95.0 
114.01 -1.00 -1.00 0 94.2 
114.18 -1.00 -1.00 0 94.2 
114.36 -1.00 -1.00 0 94.2 
114.58 -1.00 -1.00 0 94.2 
114.78 -1.00 -1.00 0 94.2 
114.96 -1.00 -1.00 0 95.2 
115.21 -1.00 -1.00 0 95.2 
115.39 -1.00 -1.00 0 95.2 
115.63 -1.00 -1.00 0 95.2 
115.89 -1.00 -1.00 0 95.2 
116.12 -1.00 -1.00 0 96.6 
116.30 -1.00 -1.00 0 96.6 
116.49 -1.00 -1.00 0 96.6 
116.78 -1.00 -1.00 0 96.6 
117.07 -1.00 -1.00 0 97.8 
117.28 -1.00 -1.00 0 97.8 
117.56 -1.00 -1.00 0 97.8 
117.83 -1.00 -1.00 0 97.8 
118.05 -1.00 -1.00 0 98.8 
118.21 -1.00 -1.00 0 98.8 
118.45 -1.00 -1.00 0 98.8 
118.62 -1.00 -1.00 0 98.8 
118.87 -1.00 -1.00 0 98.8 
119.18 -1.00 -1.00 0 100.8 
119.38 -1.00 -1.00 0 100.8 
119.73 -1.00 -1.00 1 100.8 
120.02 -1.00 -1.00 1 100.8 
120.32 -1.00 -1.00 1 99.5 
120.52 -1.00 -1.00 1 99.5 
120.81 -1.00 -1.00 1 99.5 
121.03 -1.00 -1.00 1 98.5 
121.32 -1.00 -1.00 1 98.5 
121.55 -1.00 -1.00 1 98.5 
121.85 -1.00 -1.00 1 98.5 
122.02 -1.00 -1.00 1 96.6 
122.28 -1.00 -1.00 1 96.6 
122.53 -1.00 -1.00 1 96.6 
122.85 -1.00 -1.00 1 96.6 
123.13 -1.00 -1.00 1 94.7 
123.44 -1.00 -1.00 1 94.7 
123.68 -1.00 -1.00 1 94.7 
123.98 -1.00 -1.00 1 94.7 
124.19 -1.00 -1.00 1 94.5 
124.50 -1.00 -1.00 0 94.5 
124.88 -1.00 -1.00 0 94.5 
125.07 -1.00 -1.00 0 94.5 
125.37 -1.00 -1.00 0 94.5 
125.73 -1.00 -1.00 0 94.5 
126.02 -1.00 -1.00 0 94.5 
126.23 -1.00 -1.00 0 95.0 
126.49 -1.00 -1.00 0 95.0 
127.17 -1.00 -1.00 0 96.0 
127.46 -1.00 -1.00 0 96.0 
127.78 -1.00 -1.00 0 96.0 
127.98 -1.00 -1.00 0 97.2 
128.22 -1.00 -1.00 0 97.2 
128.39 -1.00 -1.00 0 97.2 
128.68 -1.00 -1.00 0 97.2 
128.93 -1.00 -1.00 0 97.2 
129.19 -1.00 -1.00 0 97.9 
129.45 -1.00 -1.00 0 97.9 
129.80 -1.00 -1.00 0 97.9 
130.06 -1.00 -1.00 0 97.9 
130.32 -1.00 -1.00 0 97.9 
130.55 -1.00 -1.00 0 97.9 
130.88 -1.00 -1.00 1 97.9 
131.07 -1.00 -1.00 1 96.6 
131.28 -1.00 -1.00 1 96.6 
131.47 -1.00 -1.00 1 96.6 
131.69 -1.00 -1.00 1 96.6 
131.94 -1.00 -1.00 1 96.6 
132.21 -1.00 -1.00 1 95.3 
132.48 -1.00 -1.00 1 95.3 
132.68 -1.00 -1.00 1 95.3 
132.97 -1.00 -1.00 1 95.3 
133.18 -1.00 -1.00 1 93.3 
133.45 -1.00 -1.00 1 93.3 
133.75 -1.00 -1.00 0 93.3 
133.95 -1.00 -1.00 0 93.0 
134.19 -1.00 -1.00 0 93.0 
134.39 -1.00 -1.00 0 93.0 
134.68 -1.00 -1.00 0 93.0 
134.96 -1.00 -1.00 0 93.0 
135.20 -1.00 -1.00 0 92.4 
135.45 -1.00 -1.00 0 92.4 
135.81 -1.00 -1.00 1 92.4 
136.03 -1.00 -1.00 1 94.0 
136.31 -1.00 -1.00 1 94.0 
136.56 -1.00 -1.00 1 94.0 
136.77 -1.00 -1.00 1 94.0 
137.07 -1.00 -1.00 1 91.7 
137.33 -1.00 -1.00 1 91.7 
137.50 -1.00 -1.00 1 91.7 
137.77 -1.00 -1.00 1 91.7 
138.07 -1.00 -1.00 1 92.3 
138.25 -1.00 -1.00 1 92.3 
138.50 -1.00 -1.00 1 92.3 
138.79 -1.00 -1.00 1 92.3 
139.10 -1.00 -1.00 1 92.8 
139.36 -1.00 -1.00 1 92.8 
139.69 -1.00 -1.00 1 92.8 
139.92 -1.00 -1.00 1 92.8 
140.20 -1.00 -1.00 1 93.2 
140.43 -1.00 -1.00 2 93.2 
140.67 -1.00 -1.00 2 93.2 
140.97 -1.00 -1.00 2 93.2 
141.17 -1.00 -1.00 2 93.8 
141.45 -1.00 -1.00 2 93.8 
141.72 -1.00 -1.00 2 93.8 
141.97 -1.00 -1.00 2 93.8 
142.19 -1.00 -1.00 1 93.6 
142.41 -1.00 -1.00 1 93.6 
142.67 -1.00 -1.00 1 93.6 
142.93 -1.00 -1.00 1 93.6 
143.19 -1.00 -1.00 1 93.8 
143.39 -1.00 -1.00 1 93.8 
143.70 -1.00 -1.00 1 93.8 
143.93 -1.00 -1.00 1 93.8 
144.18 -1.00 -1.00 1 92.1 
144.44 -1.00 -1.00 1 92.1 
144.79 -1.00 -1.00 2 92.1 
145.12 -1.00 -1.00 1 91.6 
145.45 -1.00 -1.00 2 91.6 
145.79 -1.00 -1.00 2 91.6 
146.07 -1.00 -1.00 2 91.0 
146.36 -1.00 -1.00 2 91.0 
146.57 -1.00 -1.00 2 91.0 
146.83 -1.00 -1.00 2 91.0 
147.11 -1.00 -1.00 2 90.4 
147.33 -1.00 -1.00 2 90.4 
147.57 -1.00 -1.00 2 90.4 
147.87 -1.00 -1.00 2 90.4 
148.08 -1.00 -1.00 2 92.0 
148.39 -1.00 -1.00 2 92.0 
148.64 -1.00 -1.00 2 92.0 
148.96 -1.00 -1.00 2 92.0 
149.25 -1.00 -1.00 2 92.0 
149.55 -1.00 -1.00 2 92.0 
149.83 -1.00 -1.00 1 92.0 
150.13 -1.00 -1.00 1 92.9 
150.32 -1.00 -1.00 1 92.9 
150.52 -1.00 -1.00 1 92.9 
150.83 -1.00 -1.00 1 92.9 
151.06 -1.00 -1.00 1 93.7 
151.33 -1.00 -1.00 1 93.7 
151.56 -1.00 -1.00 1 93.7 
151.89 -1.00 -1.00 1 93.7 
152.12 -1.00 -1.00 1 94.5 
152.31 -1.00 -1.00 1 94.5 
152.52 -1.00 -1.00 1 94.5 
152.81 -1.00 -1.00 0 94.5 
153.05 -1.00 -1.00 0 94.9 
153.34 -1.00 -1.00 0 94.9 
153.57 -1.00 -1.00 0 94.9 
153.88 -1.00 -1.00 0 94.9 
154.13 -1.00 -1.00 0 95.0 
154.40 -1.00 -1.00 0 95.0 
154.78 -1.00 -1.00 0 95.0 
155.02 -1.00 -1.00 0 95.0 
155.34 -1.00 -1.00 0 95.0 
155.54 -1.00 -1.00 0 95.0 
155.86 -1.00 -1.00 1 95.0 
156.18 -1.00 -1.00 1 95.2 
156.49 -1.00 -1.00 1 95.2 
156.79 -1.00 -1.00 0 95.2 
157.08 -1.00 -1.00 1 94.8 
157.36 -1.00 -1.00 1 94.8 
157.63 -1.00 -1.00 1 94.8 
157.87 -1.00 -1.00 1 94.8 
158.11 -1.00 -1.00 1 94.6 
158.44 -1.00 -1.00 1 94.6 
158.77 -1.00 -1.00 1 94.6 
159.03 -1.00 -1.00 1 94.8 
159.32 -1.00 -1.00 1 94.8 
159.60 -1.00 -1.00 1 94.8 
159.91 -1.00 -1.00 1 94.8 
160.09 -1.00 -1.00 0 94.3 
160.37 -1.00 -1.00 0 94.3 
160.68 -1.00 -1.00 0 94.3 
160.99 -1.00 -1.00 0 94.3 
161.25 -1.00 -1.00 0 93.9 
161.48 -1.00 -1.00 0 93.9 
161.78 -1.00 -1.00 0 93.9 
162.01 -1.00 -1.00 0 93.5 
162.25 -1.00 -1.00 0 93.5 
162.54 -1.00 -1.00 0 93.5 
162.76 -1.00 -1.00 0 93.5 
163.00 -1.00 -1.00 0 93.2 
163.26 -1.00 -1.00 0 93.2 
163.58 -1.00 -1.00 0 93.2 
163.87 -1.00 -1.00 0 93.2 
164.19 -1.00 -1.00 1 93.9 
164.41 -1.00 -1.00 1 93.9 
164.67 -1.00 -1.00 1 93.9 
164.95 -1.00 -1.00 1 93.9 
165.21 -1.00 -1.00 1 94.6 
165.43 -1.00 -1.00 1 94.6 
165.71 -1.00 -1.00 1 94.6 
166.04 -1.00 -1.00 1 94.6 
166.21 -1.00 -1.00 1 95.0 
166.39 -1.00 -1.00 1 95.0 
166.69 -1.00 -1.00 1 95.0 
166.96 -1.00 -1.00 1 95.0 
167.27 -1.00 -1.00 1 95.2 
167.54 -1.00 -1.00 1 95.2 
167.87 -1.00 -1.00 0 95.2 
168.18 -1.00 -1.00 0 96.9 
168.47 -1.00 -1.00 1 96.9 
168.73 -1.00 -1.00 1 96.9 
169.01 -1.00 -1.00 1 96.9 
169.32 -1.00 -1.00 1 94.5 
169.57 -1.00 -1.00 1 94.5 
169.90 -1.00 -1.00 1 94.5 
170.16 -1.00 -1.00 1 94.5 
170.45 -1.00 -1.00 1 94.5 
170.74 -1.00 -1.00 1 94.5 
171.00 -1.00 -1.00 0 94.5 
171.30 -1.00 -1.00 0 93.3 
171.58 -1.00 -1.00 0 93.3 
171.79 -1.00 -1.00 0 93.3 
172.04 -1.00 -1.00 0 92.3 
172.32 -1.00 -1.00 0 92.3 
172.58 -1.00 -1.00 0 92.3 
172.81 -1.00 -1.00 0 92.3 
173.03 -1.00 -1.00 0 93.1 
173.30 -1.00 -1.00 0 93.1 
173.58 -1.00 -1.00 0 93.1 
173.80 -1.00 -1.00 0 93.1 
174.09 -1.00 -1.00 0 93.4 
174.31 -1.00 -1.00 0 93.4 
174.54 -1.00 -1.00 0 93.4 
174.84 -1.00 -1.00 0 93.4 
175.07 -1.00 -1.00 0 93.3 
175.35 -1.00 -1.00 0 93.3 
175.60 -1.00 -1.00 0 93.3 
175.82 -1.00 -1.00 0 93.3 
176.09 -1.00 -1.00 0 93.1 
176.26 -1.00 -1.00 0 93.1 
176.55 -1.00 -1.00 0 93.1 
177.02 -1.00 -1.00 0 93.3 
177.28 -1.00 -1.00 0 93.3 
177.51 -1.00 -1.00 0 93.3 
177.85 -1.00 -1.00 0 93.3 
178.11 -1.00 -1.00 0 93.5 
178.38 -1.00 -1.00 0 93.5 
178.57 -1.00 -1.00 0 93.5 
178.88 -1.00 -1.00 0 93.5 
179.11 -1.00 -1.00 0 92.6 
179.40 -1.00 -1.00 0 92.6 
179.68 -1.00 -1.00 0 92.6 
179.92 -1.00 -1.00 0 92.6 
180.09 -1.00 -1.00 0 91.1 
180.36 -1.00 -1.00 0 91.1 
180.57 -1.00 -1.00 0 91.1 
180.93 -1.00 -1.00 0 91.1 
181.19 -1.00 -1.00 0 90.3 
181.44 -1.00 -1.00 0 90.3 
181.64 -1.00 -1.00 0 90.3 
181.91 -1.00 -1.00 0 90.3 
182.22 -1.00 -1.00 1 90.3 
182.47 -1.00 -1.00 1 90.3 
182.94 -1.00 -1.00 1 90.3 
183.21 -1.00 -1.00 1 89.3 
183.49 -1.00 -1.00 1 89.3 
183.68 -1.00 -1.00 1 89.3 
183.94 -1.00 -1.00 1 89.3 
184.26 -1.00 -1.00 1 93.0 
184.56 -1.00 -1.00 1 93.0 
184.85 -1.00 -1.00 1 93.0 
185.05 -1.00 -1.00 1 93.7 
185.34 -1.00 -1.00 1 93.7 
185.61 -1.00 -1.00 1 93.7 
185.89 -1.00 -1.00 1 93.7 
186.17 -1.00 -1.00 1 92.7 
186.51 -1.00 -1.00 1 92.7 
186.84 -1.00 -1.00 1 92.7 
187.12 -1.00 -1.00 1 94.5 
187.36 -1.00 -1.00 1 94.5 
187.67 -1.00 -1.00 1 94.5 
187.93 -1.00 -1.00 1 94.5 
188.19 -1.00 -1.00 1 95.4 
188.51 -1.00 -1.00 1 95.4 
188.77 -1.00 -1.00 1 95.4 
189.04 62.51 2.38 1 94.4 
189.28 64.00 2.44 1 94.4 
189.53 -1.00 -1.00 0 94.4 
189.83 -1.00 -1.00 0 94.4 
190.10 -1.00 -1.00 0 92.2 
190.31 -1.00 -1.00 0 92.2 
190.58 -1.00 -1.00 0 92.2 
190.85 -1.00 -1.00 0 92.2 
191.04 -1.00 -1.00 0 90.6 
191.33 -1.00 -1.00 1 90.6 
191.69 -1.00 -1.00 1 90.6 
192.00 -1.00 -1.00 1 90.6 
192.19 -1.00 -1.00 1 90.0 
192.46 -1.00 -1.00 1 90.0 
192.64 -1.00 -1.00 1 90.0 
192.98 -1.00 -1.00 1 90.0 
193.18 -1.00 -1.00 1 91.3 
193.46 -1.00 -1.00 1 91.3 
193.64 -1.00 -1.00 1 91.3 
193.99 -1.00 -1.00 1 91.3 
194.20 -1.00 -1.00 1 92.3 
194.49 -1.00 -1.00 1 92.3 
194.70 -1.00 -1.00 0 92.3 
194.98 -1.00 -1.00 0 92.3 
195.27 -1.00 -1.00 0 92.5 
195.53 44.86 1.75 1 92.5 
195.72 45.06 1.75 1 92.5 
195.95 45.78 1.78 1 92.5 
196.25 47.30 1.84 1 92.7 
196.58 50.05 1.94 1 92.7 
196.89 52.75 2.05 1 92.7 
197.16 55.38 2.14 1 93.3 
197.48 56.56 2.18 1 93.3 
197.70 59.01 2.28 1 93.3 
197.97 61.26 2.36 1 93.3 
198.27 -1.00 -1.00 0 94.1 
198.56 -1.00 -1.00 0 94.1 
198.82 -1.00 -1.00 0 94.1 
199.07 -1.00 -1.00 0 94.1 
199.32 -1.00 -1.00 0 94.1 
199.52 -1.00 -1.00 0 94.1 
199.89 -1.00 -1.00 0 94.1 
200.15 -1.00 -1.00 0 95.0 
200.39 -1.00 -1.00 0 95.0 
200.76 -1.00 -1.00 0 95.0 
200.98 -1.00 -1.00 0 96.0 
201.26 -1.00 -1.00 0 96.0 
201.54 -1.00 -1.00 0 96.0 
201.88 -1.00 -1.00 0 96.0 
202.19 -1.00 -1.00 0 96.8 
202.40 -1.00 -1.00 0 96.8 
202.64 -1.00 -1.00 0 96.8 
202.91 -1.00 -1.00 1 96.8 
203.37 -1.00 -1.00 0 97.0 
203.66 -1.00 -1.00 0 97.0 
203.90 -1.00 -1.00 1 97.0 
204.12 -1.00 -1.00 1 95.8 
204.32 -1.00 -1.00 1 95.8 
204.54 -1.00 -1.00 1 95.8 
204.83 -1.00 -1.00 1 95.8 
205.05 -1.00 -1.00 1 94.1 
205.33 -1.00 -1.00 1 94.1 
205.59 -1.00 -1.00 1 94.1 
205.83 -1.00 -1.00 1 94.1 
206.13 -1.00 -1.00 1 93.9 
206.40 -1.00 -1.00 1 93.9 
206.59 -1.00 -1.00 1 93.9 
206.83 -1.00 -1.00 1 93.9 
207.19 -1.00 -1.00 1 94.9 
207.47 -1.00 -1.00 1 94.9 
207.83 -1.00 -1.00 1 94.9 
208.12 35.71 1.36 2 94.3 
208.41 39.06 1.49 3 94.3 
208.82 -1.00 -1.00 3 94.3 
209.04 45.64 1.73 3 94.9 
209.31 48.84 1.85 3 94.9 
209.54 53.31 2.02 3 94.9 
209.78 59.65 2.26 3 94.9 
210.09 65.03 2.44 3 95.8 
210.41 69.74 2.62 3 95.8 
210.79 -1.00 -1.00 3 95.8 
211.02 -1.00 -1.00 3 96.2 
211.29 -1.00 -1.00 2 96.2 
211.48 -1.00 -1.00 2 96.2 
211.83 -1.00 -1.00 2 96.2 
212.15 -1.00 -1.00 2 96.5 
212.43 -1.00 -1.00 2 96.5 
212.86 -1.00 -1.00 2 96.5 
213.06 24.81 0.92 2 96.8 
213.30 -1.00 -1.00 2 96.8 
213.53 -1.00 -1.00 2 96.8 
213.82 30.33 1.13 2 96.8 
214.10 32.61 1.22 2 96.1 
214.39 -1.00 -1.00 2 96.1 
214.76 -1.00 -1.00 2 96.1 
215.05 -1.00 -1.00 2 96.0 
215.38 -1.00 -1.00 2 96.0 
215.68 -1.00 -1.00 3 96.0 
215.99 -1.00 -1.00 3 96.0 
216.28 -1.00 -1.00 3 95.8 
216.48 -1.00 -1.00 4 95.8 
216.88 -1.00 -1.00 4 95.8 
217.12 -1.00 -1.00 4 95.6 
217.41 -1.00 -1.00 3 95.6 
217.66 -1.00 -1.00 3 95.6 
218.04 -1.00 -1.00 3 95.6 
218.37 86.10 3.26 3 95.2 
218.64 88.29 3.34 3 95.2 
218.97 90.28 3.41 3 95.2 
219.26 -1.00 -1.00 3 95.7 
219.55 93.71 3.53 3 95.7 
219.91 -1.00 -1.00 3 95.7 
220.08 -1.00 -1.00 3 96.0 
220.40 -1.00 -1.00 2 96.0 
220.60 -1.00 -1.00 2 96.0 
220.93 -1.00 -1.00 2 96.0 
221.17 -1.00 -1.00 2 96.7 
221.39 -1.00 -1.00 3 96.7 
221.78 -1.00 -1.00 3 96.7 
222.12 -1.00 -1.00 4 97.1 
222.38 -1.00 -1.00 3 97.1 
222.68 -1.00 -1.00 2 97.1 
222.89 -1.00 -1.00 2 97.1 
223.15 -1.00 -1.00 2 97.1 
223.41 -1.00 -1.00 2 97.1 
223.65 -1.00 -1.00 2 97.1 
223.91 -1.00 -1.00 3 97.1 
224.09 -1.00 -1.00 3 96.6 
224.40 -1.00 -1.00 3 96.6 
224.65 -1.00 -1.00 3 96.6 
224.99 -1.00 -1.00 3 96.6 
225.30 -1.00 -1.00 2 96.3 
225.51 -1.00 -1.00 2 96.3 
225.80 -1.00 -1.00 2 96.3 
226.00 47.82 1.78 2 96.6 
226.24 -1.00 -1.00 2 96.6 
226.51 -1.00 -1.00 2 96.6 
227.01 -1.00 -1.00 1 97.1 
227.33 -1.00 -1.00 2 97.1 
227.60 -1.00 -1.00 2 97.1 
227.93 -1.00 -1.00 2 97.1 
228.18 -1.00 -1.00 2 97.1 
228.35 -1.00 -1.00 2 97.1 
228.60 -1.00 -1.00 2 97.1 
228.84 33.23 1.23 2 97.1 
229.11 -1.00 -1.00 2 96.9 
229.40 -1.00 -1.00 2 96.9 
229.69 -1.00 -1.00 2 96.9 
229.99 -1.00 -1.00 2 96.9 
230.27 -1.00 -1.00 2 96.7 
230.49 -1.00 -1.00 2 96.7 
230.80 -1.00 -1.00 2 96.7 
231.07 -1.00 -1.00 2 96.5 
231.28 -1.00 -1.00 2 96.5 
231.51 -1.00 -1.00 2 96.5 
231.80 -1.00 -1.00 2 96.5 
232.07 -1.00 -1.00 2 97.0 
232.28 -1.00 -1.00 2 97.0 
232.54 -1.00 -1.00 2 97.0 
232.78 -1.00 -1.00 2 97.0 
233.06 -1.00 -1.00 2 97.7 
233.35 -1.00 -1.00 2 97.7 
233.53 57.47 2.12 2 97.7 
233.83 57.00 2.10 2 97.7 
234.10 55.71 2.04 2 98.4 
234.37 55.38 2.03 2 98.4 
234.78 56.17 2.06 2 98.4 
235.15 -1.00 -1.00 1 98.0 
235.44 -1.00 -1.00 1 98.0 
235.82 -1.00 -1.00 1 98.0 
236.14 -1.00 -1.00 1 97.8 
236.40 -1.00 -1.00 1 97.8 
237.02 -1.00 -1.00 1 97.5 
237.31 -1.00 -1.00 1 97.5 
237.54 -1.00 -1.00 1 97.5 
237.87 -1.00 -1.00 1 97.5 
238.12 -1.00 -1.00 2 97.3 
238.41 -1.00 -1.00 2 97.3 
238.66 -1.00 -1.00 2 97.3 
239.01 -1.00 -1.00 2 97.3 
239.28 -1.00 -1.00 2 97.2 
239.77 -1.00 -1.00 2 97.2 
240.00 -1.00 -1.00 2 97.7 
240.35 -1.00 -1.00 2 97.7 
240.58 -1.00 -1.00 2 97.7 
240.92 -1.00 -1.00 1 97.7 
241.23 -1.00 -1.00 1 97.4 
241.50 50.89 1.88 2 97.4 
241.73 -1.00 -1.00 2 97.4 
242.02 50.68 1.87 2 97.4 
242.20 -1.00 -1.00 1 97.0 
242.45 -1.00 -1.00 1 97.0 
242.71 -1.00 -1.00 1 97.0 
242.97 -1.00 -1.00 1 97.0 
243.29 -1.00 -1.00 1 97.1 
243.54 -1.00 -1.00 1 97.1 
243.82 -1.00 -1.00 1 97.1 
244.13 -1.00 -1.00 1 96.7 
244.36 -1.00 -1.00 1 96.7 
244.77 -1.00 -1.00 1 96.7 
245.08 -1.00 -1.00 1 96.3 
245.31 -1.00 -1.00 1 96.3 
245.71 -1.00 -1.00 1 96.3 
246.01 -1.00 -1.00 1 96.3 
246.33 -1.00 -1.00 1 96.3 
246.71 -1.00 -1.00 1 96.3 
247.00 -1.00 -1.00 1 96.4 
247.23 -1.00 -1.00 1 96.4 
247.62 -1.00 -1.00 1 96.4 
247.87 -1.00 -1.00 1 96.4 
248.29 -1.00 -1.00 1 95.1 
248.67 -1.00 -1.00 1 95.1 
249.05 55.87 2.11 1 95.1 
249.45 -1.00 -1.00 1 95.4 
249.75 -1.00 -1.00 1 95.4 
250.09 -1.00 -1.00 2 95.4 
250.38 -1.00 -1.00 2 95.9 
250.64 -1.00 -1.00 2 95.9 
250.98 -1.00 -1.00 2 95.9 
251.27 -1.00 -1.00 2 96.2 
251.54 -1.00 -1.00 1 96.2 
251.85 -1.00 -1.00 2 96.2 
252.08 -1.00 -1.00 2 95.1 
252.39 -1.00 -1.00 2 95.1 
252.66 -1.00 -1.00 2 95.1 
252.97 -1.00 -1.00 2 95.1 
253.29 -1.00 -1.00 2 96.2 
253.51 -1.00 -1.00 2 96.2 
253.75 -1.00 -1.00 2 96.2 
254.01 -1.00 -1.00 2 96.2 
254.26 42.65 1.60 2 95.9 
254.50 -1.00 -1.00 2 95.9 
254.77 41.65 1.56 2 95.9 
255.06 42.13 1.59 2 95.6 
255.25 -1.00 -1.00 1 95.6 
255.53 13.54 0.51 1 95.6 
255.77 14.50 0.55 2 95.6 
256.06 14.90 0.57 2 94.8 
256.25 15.90 0.60 2 94.8 
256.56 16.89 0.64 2 94.8 
256.93 17.88 0.68 1 94.8 
257.11 18.42 0.71 1 94.0 
257.38 18.85 0.72 1 94.0 
257.78 19.93 0.76 1 94.0 
258.02 20.50 0.79 1 92.8 
258.25 21.23 0.82 1 92.8 
258.49 21.56 0.84 1 92.8 
258.79 22.37 0.87 1 92.8 
259.10 23.34 0.92 1 91.0 
259.29 24.09 0.95 1 91.0 
259.50 25.97 1.03 1 91.0 
259.85 26.26 1.04 1 91.0 
260.13 27.24 1.10 1 89.5 
260.44 27.63 1.11 1 89.5 
260.72 28.82 1.16 1 89.5 
261.03 28.92 1.16 1 89.5 
261.30 30.37 1.25 1 87.8 
261.52 30.56 1.25 1 87.8 
261.78 30.31 1.24 1 87.8 
262.04 29.69 1.24 1 86.4 
262.30 28.29 1.18 1 86.4 
262.58 27.05 1.13 1 86.4 
262.85 26.54 1.11 2 86.4 
263.15 26.10 1.08 2 86.9 
263.45 26.43 1.09 2 86.9 
263.68 27.13 1.12 2 86.9 
264.05 27.26 1.13 2 86.9 
264.32 26.67 1.08 2 88.9 
264.56 26.87 1.09 2 88.9 
264.85 26.66 1.08 2 88.9 
265.16 26.85 1.06 2 91.0 
265.41 26.30 1.04 2 91.0 
265.78 26.17 1.04 2 91.0 
266.03 26.86 1.06 2 91.5 
266.22 26.98 1.06 2 91.5 
266.48 26.72 1.05 2 91.5 
267.04 26.66 1.06 2 90.9 
267.39 27.21 1.08 2 90.9 
267.61 27.25 1.08 2 90.9 
267.96 26.92 1.07 3 90.9 
268.22 26.61 1.06 2 90.4 
268.50 26.37 1.05 3 90.4 
268.77 26.16 1.04 3 90.4 
269.11 25.65 1.01 3 91.0 
269.34 49.74 1.97 3 91.0 
269.55 51.06 2.02 3 91.0 
269.84 52.23 2.07 3 91.0 
270.12 -1.00 -1.00 3 92.2 
270.41 -1.00 -1.00 3 92.2 
270.78 -1.00 -1.00 3 92.2 
271.02 31.30 1.21 3 92.8 
271.29 35.33 1.37 4 92.8 
271.54 38.57 1.50 4 92.8 
271.78 41.32 1.60 4 92.8 
272.04 49.44 1.88 4 94.5 
272.27 51.88 1.98 4 94.5 
272.46 54.07 2.06 4 94.5 
272.82 57.66 2.20 4 94.5 
273.12 59.25 2.21 4 96.4 
273.35 60.68 2.27 4 96.4 
273.66 63.60 2.37 4 96.4 
273.89 64.59 2.41 4 96.4 
274.15 65.47 2.42 4 97.4 
274.37 66.24 2.45 3 97.4 
274.75 66.92 2.47 3 97.4 
274.99 67.50 2.49 3 97.8 
275.29 68.02 2.50 3 97.8 
275.58 70.20 2.58 3 97.8 
275.91 70.39 2.59 3 97.8 
276.12 79.22 2.89 3 98.7 
276.38 70.38 2.57 3 98.7 
276.75 74.58 2.72 3 98.7 
277.15 78.48 2.88 3 98.1 
277.49 82.10 3.01 3 98.1 
277.82 85.47 3.14 3 98.1 
278.15 86.47 3.20 4 97.2 
278.41 89.46 3.31 4 97.2 
278.85 92.22 3.42 4 97.2 
279.20 -1.00 -1.00 4 96.6 
279.55 -1.00 -1.00 4 96.6 
279.93 -1.00 -1.00 2 96.6 
280.17 -1.00 -1.00 2 97.1 
280.46 -1.00 -1.00 2 97.1 
280.85 -1.00 -1.00 2 97.1 
281.13 -1.00 -1.00 2 98.6 
281.49 12.28 0.45 2 98.6 
281.77 -1.00 -1.00 2 98.6 
282.05 14.56 0.53 2 99.1 
282.42 15.97 0.58 2 99.1 
282.79 18.18 0.66 2 99.1 
283.10 19.84 0.72 2 98.7 
283.38 21.91 0.80 2 98.7 
283.69 23.56 0.86 2 98.7 
284.00 25.85 0.94 2 98.7 
284.35 27.70 1.00 2 99.5 
284.60 30.54 1.10 2 99.5 
284.99 33.71 1.22 3 99.5 
285.38 37.37 1.35 3 99.9 
285.61 39.44 1.42 3 99.9 
285.99 41.24 1.49 3 99.9 
286.24 42.83 1.52 3 101.6 
286.55 44.21 1.57 3 101.6 
286.86 44.65 1.58 3 101.6 
287.16 45.83 1.66 3 99.2 
287.43 46.85 1.70 3 99.2 
287.63 47.76 1.73 2 99.2 
287.99 -1.00 -1.00 1 99.2 
288.24 -1.00 -1.00 1 99.7 
288.55 -1.00 -1.00 1 99.7 
288.87 -1.00 -1.00 1 99.7 
289.17 22.86 0.82 1 100.8 
289.43 -1.00 -1.00 1 100.8 
289.75 25.90 0.93 1 100.8 
290.04 27.12 0.97 1 101.1 
290.38 29.82 1.06 1 101.1 
290.64 31.99 1.14 1 101.1 
290.96 34.59 1.23 1 101.1 
291.21 36.76 1.30 1 101.8 
291.46 37.90 1.34 1 101.8 
291.73 38.88 1.37 1 101.8 
292.00 41.37 1.46 1 101.8 
292.27 41.87 1.49 1 101.3 
292.55 45.10 1.60 1 101.3 
292.85 46.69 1.66 1 101.3 
293.14 49.16 1.72 1 103.1 
293.46 50.19 1.75 1 103.1 
293.89 53.62 1.87 1 103.1 
294.08 56.52 1.97 1 103.3 
294.42 56.61 1.97 1 103.3 
294.63 56.63 1.97 1 103.3 
295.03 56.59 1.97 1 103.3 
295.32 56.50 1.99 1 102.0 
295.67 56.38 1.99 1 102.0 
295.98 56.27 1.99 1 102.0 
296.23 56.09 1.97 1 102.7 
296.51 55.90 1.96 1 102.7 
296.87 55.70 1.95 1 102.7 
297.15 55.48 1.96 1 102.1 
297.46 55.26 1.95 1 102.1 
297.74 54.11 1.91 1 102.1 
298.02 53.06 1.87 1 102.3 
298.28 52.11 1.83 1 102.3 
298.52 51.24 1.80 1 102.3 
298.79 -1.00 -1.00 0 102.3 
299.06 -1.00 -1.00 0 100.6 
299.25 -1.00 -1.00 0 100.6 
299.61 -1.00 -1.00 0 100.6 
299.95 -1.00 -1.00 0 100.6 
300.17 -1.00 -1.00 0 100.3 
300.43 -1.00 -1.00 0 100.3 
300.80 -1.00 -1.00 0 100.3 
301.09 -1.00 -1.00 0 100.0 
301.30 -1.00 -1.00 0 100.0 
301.56 -1.00 -1.00 0 100.0 
301.78 -1.00 -1.00 0 100.0 
302.06 -1.00 -1.00 0 100.0 
302.34 -1.00 -1.00 0 98.9 
302.58 -1.00 -1.00 0 98.9 
302.87 -1.00 -1.00 0 98.9 
303.19 -1.00 -1.00 0 96.3 
303.37 -1.00 -1.00 0 96.3 
303.63 -1.00 -1.00 0 96.3 
304.01 -1.00 -1.00 0 96.3 
304.29 -1.00 -1.00 0 95.8 
304.55 -1.00 -1.00 0 95.8 
304.87 -1.00 -1.00 1 95.8 
305.21 -1.00 -1.00 1 96.0 
305.48 -1.00 -1.00 1 96.0 
305.84 -1.00 -1.00 1 96.0 
306.06 -1.00 -1.00 1 95.6 
306.31 -1.00 -1.00 1 95.6 
306.52 -1.00 -1.00 1 95.6 
306.89 -1.00 -1.00 1 95.6 
307.22 -1.00 -1.00 1 93.9 
307.49 -1.00 -1.00 1 93.9 
307.80 -1.00 -1.00 2 93.9 
308.03 -1.00 -1.00 2 94.9 
308.32 -1.00 -1.00 2 94.9 
308.53 -1.00 -1.00 2 94.9 
308.88 -1.00 -1.00 2 94.9 
309.10 -1.00 -1.00 2 95.4 
309.32 -1.00 -1.00 2 95.4 
309.59 -1.00 -1.00 2 95.4 
309.98 -1.00 -1.00 2 95.4 
310.19 -1.00 -1.00 2 94.8 
310.47 -1.00 -1.00 1 94.8 
310.73 -1.00 -1.00 1 94.8 
311.05 -1.00 -1.00 1 94.8 
311.30 57.74 2.24 1 93.0 
311.58 58.46 2.26 1 93.0 
311.79 64.66 2.50 1 93.0 
312.02 65.88 2.60 1 91.4 
312.19 83.30 3.28 1 91.4 
312.41 84.41 3.33 1 91.4 
312.64 81.54 3.21 1 91.4 
312.94 88.82 3.50 1 91.4 
313.18 89.31 3.58 1 89.9 
313.41 86.28 3.46 1 89.9 
313.55 89.22 3.57 1 89.9 
313.79 87.91 3.52 1 89.9 
314.00 86.59 3.50 1 89.1 
314.24 85.30 3.45 1 89.1 
314.46 82.82 3.35 1 89.1 
314.72 81.71 3.30 1 89.1 
314.94 82.44 3.29 1 90.3 
315.20 -1.00 -1.00 0 90.3 
315.41 -1.00 -1.00 0 90.3 
315.69 -1.00 -1.00 0 90.3 
316.01 -1.00 -1.00 0 90.3 
316.32 -1.00 -1.00 0 92.2 
316.58 -1.00 -1.00 1 92.2 
316.88 -1.00 -1.00 1 92.2 
317.08 -1.00 -1.00 1 93.1 
317.38 -1.00 -1.00 1 93.1 
317.67 -1.00 -1.00 1 93.1 
318.01 -1.00 -1.00 1 93.1 
318.24 -1.00 -1.00 1 92.8 
318.56 -1.00 -1.00 1 92.8 
318.89 -1.00 -1.00 1 92.8 
319.19 -1.00 -1.00 1 92.3 
319.36 -1.00 -1.00 1 92.3 
319.58 -1.00 -1.00 1 92.3 
319.82 -1.00 -1.00 1 92.3 
320.13 -1.00 -1.00 1 92.6 
320.32 39.09 1.52 1 92.6 
320.57 41.71 1.62 1 92.6 
320.92 43.00 1.67 1 92.6 
321.20 44.13 1.76 1 90.3 
321.38 45.12 1.80 1 90.3 
321.67 -1.00 -1.00 0 90.3 
321.96 -1.00 -1.00 0 90.3 
322.24 -1.00 -1.00 0 90.7 
322.59 -1.00 -1.00 0 90.7 
322.84 -1.00 -1.00 0 90.7 
323.11 -1.00 -1.00 0 90.9 
323.37 -1.00 -1.00 0 90.9 
323.61 -1.00 -1.00 0 90.9 
323.92 -1.00 -1.00 0 90.9 
324.18 -1.00 -1.00 1 89.0 
324.41 -1.00 -1.00 1 89.0 
324.65 -1.00 -1.00 1 89.0 
324.94 -1.00 -1.00 1 89.0 
325.25 -1.00 -1.00 1 88.5 
325.54 -1.00 -1.00 1 88.5 
325.87 -1.00 -1.00 1 88.5 
326.10 -1.00 -1.00 1 85.2 
326.39 -1.00 -1.00 1 85.2 
326.63 -1.00 -1.00 0 85.2 
326.88 -1.00 -1.00 0 85.2 
327.22 100.94 4.23 1 86.0 
327.51 100.57 4.21 1 86.0 
327.94 100.60 4.21 1 86.0 
328.24 99.55 4.17 1 86.0 
328.58 103.94 4.35 1 86.0 
328.83 102.97 4.31 1 86.0 
329.13 102.91 4.31 1 85.9 
329.50 102.84 4.31 1 85.9 
329.97 102.80 4.31 1 85.9 
330.49 102.72 4.29 1 86.2 
330.92 101.06 4.22 1 86.2 
331.36 101.04 4.28 1 85.1 
331.61 101.12 4.28 1 85.1 
331.98 101.11 4.28 2 85.1 
332.34 99.24 4.08 2 87.5 
332.59 108.58 4.47 2 87.5 
332.99 106.16 4.37 2 87.5 
333.35 108.88 4.39 3 89.4 
333.85 117.36 4.73 3 89.4 
334.20 124.84 5.04 3 89.2 
334.51 131.55 5.31 4 89.2 
334.88 137.66 5.56 3 89.2 
335.08 143.24 5.81 3 88.7 
335.39 143.14 5.81 3 88.7 
335.76 140.15 5.69 3 88.7 
336.04 145.77 5.91 3 88.8 
336.28 142.48 5.78 3 88.8 
336.96 153.29 6.21 3 88.8 
337.25 158.02 6.44 3 88.3 
337.53 162.38 6.62 3 88.3 
337.88 166.41 6.79 3 88.3 
338.17 170.10 6.86 3 89.3 
338.52 173.56 7.00 3 89.3 
338.86 176.82 7.13 3 89.3 
339.17 174.32 7.06 2 88.9 
339.39 177.53 7.19 2 88.9 
339.79 180.48 7.31 2 88.9 
340.12 183.16 7.47 2 88.2 
340.33 185.60 7.57 2 88.2 
340.65 187.93 7.67 2 88.2 
341.00 -1.00 -1.00 1 88.2 
341.31 -1.00 -1.00 2 88.7 
341.60 -1.00 -1.00 2 88.7 
341.99 -1.00 -1.00 2 88.7 
342.29 -1.00 -1.00 2 88.2 
342.69 -1.00 -1.00 2 88.2 
343.08 -1.00 -1.00 2 88.2 
343.44 -1.00 -1.00 3 88.0 
343.81 -1.00 -1.00 3 88.0 
344.13 51.47 2.14 3 86.5 
344.45 51.10 2.13 3 86.5 
344.81 59.84 2.49 3 86.5 
345.17 -1.00 -1.00 2 86.1 
345.52 -1.00 -1.00 2 86.1 
345.89 13.62 0.57 2 86.1 
346.08 14.42 0.61 2 84.6 
346.40 15.06 0.64 2 84.6 
347.10 16.90 0.71 2 86.2 
347.41 17.94 0.75 2 86.2 
347.74 19.29 0.81 2 86.2 
348.11 20.09 0.83 2 87.1 
348.44 20.99 0.87 2 87.1 
348.83 22.38 0.93 1 87.1 
349.20 23.86 0.98 1 87.8 
349.56 25.49 1.05 1 87.8 
349.94 26.83 1.10 1 87.8 
350.28 27.93 1.16 3 86.4 
350.53 29.86 1.24 4 86.4 
351.03 30.90 1.29 4 86.4 
351.33 32.94 1.36 4 87.3 
351.75 35.40 1.46 4 87.3 
352.21 37.43 1.54 4 87.3 
352.49 39.16 1.62 4 87.3 
352.78 42.65 1.76 4 87.3 
353.12 43.62 1.82 4 86.1 
353.38 45.31 1.89 4 86.1 
353.62 45.93 1.92 4 86.1 
353.98 46.44 1.94 3 86.1 
354.18 45.60 1.90 3 86.6 
354.49 45.39 1.89 3 86.6 
354.93 46.81 1.95 4 86.6 
355.28 48.01 1.98 4 87.5 
355.54 48.15 1.98 4 87.5 
355.92 49.15 2.02 4 87.5 
356.20 49.98 2.03 4 88.6 
356.48 51.81 2.11 4 88.6 
357.06 52.99 2.17 4 87.9 
357.43 54.34 2.23 4 87.9 
357.68 27.14 1.11 4 87.9 
357.96 54.70 2.24 4 87.9 
358.27 53.79 2.20 5 87.9 
358.52 53.82 2.20 5 87.9 
358.94 52.98 2.17 5 87.9 
359.28 50.42 2.06 4 88.1 
359.66 50.83 2.08 5 88.1 
360.07 51.20 2.09 5 88.1 
360.36 54.21 2.21 4 88.4 
360.73 54.16 2.21 4 88.4 
361.07 55.21 2.25 4 88.4 
361.40 55.02 2.27 4 87.3 
361.66 54.81 2.26 4 87.3 
361.95 55.70 2.30 3 87.3 
362.19 57.94 2.40 3 87.0 
362.41 58.42 2.42 3 87.0 
362.76 55.20 2.28 3 87.0 
363.03 55.23 2.29 3 86.9 
363.33 57.55 2.38 3 86.9 
363.55 59.56 2.47 3 86.9 
363.81 61.77 2.56 3 86.9 
364.07 63.08 2.63 3 86.2 
364.28 64.21 2.68 3 86.2 
364.54 65.20 2.72 3 86.2 
364.89 66.06 2.76 3 86.2 
365.12 66.79 2.75 3 87.4 
365.42 67.43 2.78 3 87.4 
365.70 69.87 2.88 3 87.4 
365.96 70.13 2.89 3 87.4 
366.21 70.35 2.89 3 87.6 
366.39 72.39 2.97 3 87.6 
366.99 72.25 2.94 3 88.4 
367.23 116.73 4.75 2 88.4 
367.52 116.76 4.75 2 88.4 
367.81 113.14 4.61 2 88.4 
368.07 -1.00 -1.00 1 87.8 
368.31 -1.00 -1.00 1 87.8 
368.54 -1.00 -1.00 1 87.8 
368.80 -1.00 -1.00 1 87.8 
368.98 -1.00 -1.00 1 88.0 
369.25 -1.00 -1.00 1 88.0 
369.52 -1.00 -1.00 1 88.0 
369.71 40.56 1.66 1 88.0 
370.00 41.22 1.69 1 88.0 
370.24 -1.00 -1.00 1 86.7 
370.52 43.69 1.81 1 86.7 
370.80 43.80 1.82 1 86.7 
371.02 44.68 1.87 1 85.9 
371.29 45.40 1.90 1 85.9 
371.50 45.98 1.93 1 85.9 
371.72 -1.00 -1.00 1 85.9 
371.95 45.28 1.90 1 85.9 
372.20 46.82 1.95 1 86.5 
372.45 46.24 1.92 1 86.5 
372.82 46.52 1.94 1 86.5 
373.04 44.62 1.83 1 87.9 
373.29 42.94 1.76 1 87.9 
373.55 43.59 1.79 1 87.9 
373.90 43.29 1.77 1 87.9 
374.21 43.87 1.79 1 88.3 
374.68 -1.00 -1.00 2 88.3 
375.07 -1.00 -1.00 2 88.3 
375.44 -1.00 -1.00 1 88.3 
375.80 -1.00 -1.00 1 88.3 
376.16 -1.00 -1.00 1 87.2 
376.43 -1.00 -1.00 1 87.2 
377.08 -1.00 -1.00 2 87.1 
377.43 -1.00 -1.00 2 87.1 
377.81 -1.00 -1.00 2 87.1 
378.14 -1.00 -1.00 2 88.7 
378.41 -1.00 -1.00 2 88.7 
378.84 -1.00 -1.00 2 88.7 
379.21 -1.00 -1.00 2 89.9 
379.48 -1.00 -1.00 2 89.9 
379.92 -1.00 -1.00 3 89.9 
380.29 -1.00 -1.00 3 90.1 
380.64 -1.00 -1.00 3 90.1 
381.00 -1.00 -1.00 3 90.1 
381.26 -1.00 -1.00 3 89.5 
381.56 -1.00 -1.00 3 89.5 
381.85 -1.00 -1.00 2 89.5 
382.16 -1.00 -1.00 2 87.8 
382.38 -1.00 -1.00 3 87.8 
382.76 -1.00 -1.00 3 87.8 
383.12 -1.00 -1.00 3 88.4 
383.51 -1.00 -1.00 3 88.4 
383.81 -1.00 -1.00 3 88.4 
384.11 -1.00 -1.00 3 87.5 
384.43 -1.00 -1.00 3 87.5 
384.79 -1.00 -1.00 3 87.5 
385.07 -1.00 -1.00 3 87.3 
385.38 -1.00 -1.00 2 87.3 
385.60 -1.00 -1.00 2 87.3 
385.91 44.68 1.84 2 87.3 
386.17 47.44 1.97 2 86.8 
386.38 48.68 2.02 2 86.8 
387.04 49.91 2.07 2 86.8 
387.36 50.78 2.14 2 85.3 
387.66 51.48 2.17 2 85.3 
387.94 52.09 2.20 2 85.3 
388.22 52.58 2.21 2 85.8 
388.45 -1.00 -1.00 1 85.8 
388.78 54.46 2.28 1 85.8 
389.02 55.69 2.33 1 86.1 
389.27 58.25 2.44 1 86.1 
389.59 57.92 2.42 1 86.1 
390.00 57.59 2.41 1 86.1 
390.30 57.26 2.39 1 86.3 
390.61 56.93 2.37 1 86.3 
390.98 56.58 2.36 1 86.3 
391.21 56.25 2.33 1 86.9 
391.47 58.62 2.43 1 86.9 
391.83 59.12 2.45 1 86.9 
392.13 58.43 2.42 1 87.0 
392.38 58.89 2.44 1 87.0 
392.67 66.00 2.73 1 87.0 
393.08 63.80 2.64 1 87.0 
393.31 63.57 2.65 1 86.2 
393.56 63.34 2.64 1 86.2 
393.86 64.54 2.69 1 86.2 
394.14 -1.00 -1.00 1 85.6 
394.47 -1.00 -1.00 1 85.6 
394.74 -1.00 -1.00 0 85.6 
395.12 -1.00 -1.00 0 85.6 
395.43 -1.00 -1.00 0 85.5 
395.68 -1.00 -1.00 0 85.5 
396.01 -1.00 -1.00 0 85.5 
396.32 -1.00 -1.00 0 85.6 
396.64 -1.00 -1.00 0 85.6 
397.25 -1.00 -1.00 0 86.0 
397.49 -1.00 -1.00 0 86.0 
397.79 -1.00 -1.00 0 86.0 
398.08 -1.00 -1.00 0 84.5 
398.35 -1.00 -1.00 0 84.5 
398.66 -1.00 -1.00 0 84.5 
399.03 -1.00 -1.00 0 84.5 
399.27 -1.00 -1.00 0 85.9 
399.61 -1.00 -1.00 1 85.9 
399.96 -1.00 -1.00 1 85.9 
400.22 -1.00 -1.00 1 87.4 
400.50 -1.00 -1.00 1 87.4 
400.87 -1.00 -1.00 1 87.4 
401.10 -1.00 -1.00 1 88.4 
401.37 -1.00 -1.00 1 88.4 
401.71 -1.00 -1.00 1 88.4 
401.97 -1.00 -1.00 1 88.4 
402.28 -1.00 -1.00 1 90.4 
402.47 -1.00 -1.00 1 90.4 
402.76 -1.00 -1.00 1 90.4 
403.01 -1.00 -1.00 1 90.6 
403.31 -1.00 -1.00 1 90.6 
403.60 -1.00 -1.00 1 90.6 
403.96 -1.00 -1.00 1 90.6 
404.29 -1.00 -1.00 1 92.7 
404.55 -1.00 -1.00 2 92.7 
404.93 -1.00 -1.00 2 92.7 
405.24 -1.00 -1.00 2 93.5 
405.59 -1.00 -1.00 2 93.5 
406.03 -1.00 -1.00 2 93.5 
406.37 -1.00 -1.00 2 92.4 
407.06 -1.00 -1.00 2 92.4 
407.32 -1.00 -1.00 2 90.5 
407.64 -1.00 -1.00 2 90.5 
407.98 -1.00 -1.00 2 90.5 
408.24 -1.00 -1.00 2 89.6 
408.55 -1.00 -1.00 2 89.6 
408.97 -1.00 -1.00 2 89.6 
409.29 -1.00 -1.00 1 90.0 
409.59 -1.00 -1.00 1 90.0 
409.89 -1.00 -1.00 1 90.0 
410.17 -1.00 -1.00 1 89.1 
410.44 -1.00 -1.00 1 89.1 
410.67 -1.00 -1.00 1 89.1 
411.06 -1.00 -1.00 1 89.1 
411.28 -1.00 -1.00 1 89.0 
411.51 -1.00 -1.00 1 89.0 
411.77 -1.00 -1.00 1 89.0 
412.09 -1.00 -1.00 1 87.8 
412.36 -1.00 -1.00 1 87.8 
412.66 -1.00 -1.00 1 87.8 
413.00 -1.00 -1.00 2 87.8 
413.27 -1.00 -1.00 2 88.1 
413.58 -1.00 -1.00 2 88.1 
413.85 -1.00 -1.00 2 88.1 
414.08 -1.00 -1.00 3 87.6 
414.29 -1.00 -1.00 2 87.6 
414.48 -1.00 -1.00 2 87.6 
414.84 34.09 1.40 2 87.6 
415.09 -1.00 -1.00 2 87.0 
415.27 35.47 1.47 2 87.0 
415.53 36.00 1.49 2 87.0 
415.88 37.04 1.53 2 87.0 
416.16 38.62 1.60 2 86.7 
416.41 40.85 1.70 2 86.7 
417.06 42.71 1.73 2 89.1 
417.36 45.38 1.83 2 89.1 
417.56 49.02 1.98 2 89.1 
417.91 -1.00 -1.00 2 89.1 
418.16 51.39 2.08 2 89.0 
418.40 -1.00 -1.00 2 89.0 
418.70 -1.00 -1.00 1 89.0 
418.95 58.77 2.38 1 89.0 
419.26 -1.00 -1.00 1 88.2 
419.45 -1.00 -1.00 1 88.2 
419.85 -1.00 -1.00 1 88.2 
420.09 62.63 2.57 1 87.8 
420.37 62.68 2.57 1 87.8 
420.56 64.00 2.63 1 87.8 
420.88 63.86 2.62 1 87.8 
421.15 63.72 2.62 1 87.5 
421.40 63.56 2.62 1 87.5 
421.66 -1.00 -1.00 0 87.5 
421.91 -1.00 -1.00 0 87.5 
422.15 -1.00 -1.00 0 86.4 
422.37 -1.00 -1.00 0 86.4 
422.62 -1.00 -1.00 0 86.4 
422.97 -1.00 -1.00 0 86.4 
423.23 -1.00 -1.00 0 85.8 
423.52 -1.00 -1.00 0 85.8 
423.74 -1.00 -1.00 0 85.8 
424.02 -1.00 -1.00 0 85.8 
424.31 -1.00 -1.00 0 84.6 
424.56 -1.00 -1.00 0 84.6 
424.87 -1.00 -1.00 1 84.6 
425.08 -1.00 -1.00 1 85.5 
425.31 -1.00 -1.00 1 85.5 
425.57 -1.00 -1.00 1 85.5 
425.81 -1.00 -1.00 1 85.5 
426.06 -1.00 -1.00 1 85.9 
426.31 -1.00 -1.00 1 85.9 
426.53 -1.00 -1.00 1 85.9 
426.84 -1.00 -1.00 1 85.9 
427.08 -1.00 -1.00 1 83.9 
427.35 -1.00 -1.00 1 83.9 
427.54 -1.00 -1.00 1 83.9 
427.91 -1.00 -1.00 1 83.9 
428.10 -1.00 -1.00 1 84.1 
428.30 -1.00 -1.00 1 84.1 
428.58 -1.00 -1.00 1 84.1 
428.93 -1.00 -1.00 1 84.1 
429.18 -1.00 -1.00 1 81.7 
429.38 -1.00 -1.00 1 81.7 
429.63 -1.00 -1.00 2 81.7 
429.91 -1.00 -1.00 2 81.7 
430.18 -1.00 -1.00 2 82.4 
430.37 -1.00 -1.00 2 82.4 
430.62 -1.00 -1.00 2 82.4 
430.84 -1.00 -1.00 1 82.4 
431.12 -1.00 -1.00 1 83.1 
431.31 -1.00 -1.00 1 83.1 
431.53 -1.00 -1.00 1 83.1 
431.74 -1.00 -1.00 1 83.1 
432.00 -1.00 -1.00 1 83.1 
432.25 -1.00 -1.00 1 83.5 
432.48 -1.00 -1.00 1 83.5 
432.77 -1.00 -1.00 1 83.5 
433.05 -1.00 -1.00 1 82.4 
433.30 -1.00 -1.00 1 82.4 
433.57 -1.00 -1.00 1 82.4 
433.81 -1.00 -1.00 0 82.4 
434.05 -1.00 -1.00 0 82.6 
434.25 -1.00 -1.00 0 82.6 
434.52 -1.00 -1.00 1 82.6 
434.88 -1.00 -1.00 1 82.6 
435.06 -1.00 -1.00 0 81.5 
435.26 -1.00 -1.00 0 81.5 
435.47 -1.00 -1.00 0 81.5 
435.67 -1.00 -1.00 0 81.5 
435.89 -1.00 -1.00 0 81.5 
436.14 -1.00 -1.00 0 81.9 
436.37 -1.00 -1.00 0 81.9 
436.54 -1.00 -1.00 0 81.9 
436.77 -1.00 -1.00 0 81.9 
437.03 -1.00 -1.00 0 80.2 
437.29 -1.00 -1.00 0 80.2 
437.57 -1.00 -1.00 0 80.2 
437.85 -1.00 -1.00 0 80.2 
438.10 -1.00 -1.00 0 79.3 
438.38 -1.00 -1.00 0 79.3 
438.68 -1.00 -1.00 0 79.3 
438.93 -1.00 -1.00 0 79.3 
439.18 -1.00 -1.00 0 80.2 
439.44 -1.00 -1.00 0 80.2 
439.65 -1.00 -1.00 0 80.2 
439.94 -1.00 -1.00 0 80.2 
440.20 -1.00 -1.00 0 79.8 
440.38 -1.00 -1.00 0 79.8 
440.69 -1.00 -1.00 0 79.8 
440.92 -1.00 -1.00 0 79.8 
441.16 -1.00 -1.00 0 82.4 
441.38 -1.00 -1.00 0 82.4 
441.68 -1.00 -1.00 0 82.4 
441.93 -1.00 -1.00 0 82.4 
442.22 -1.00 -1.00 0 83.1 
442.42 -1.00 -1.00 0 83.1 
442.68 -1.00 -1.00 0 83.1 
443.02 -1.00 -1.00 0 83.1 
443.32 -1.00 -1.00 0 82.4 
443.64 -1.00 -1.00 0 82.4 
443.98 -1.00 -1.00 0 82.4 
444.35 -1.00 -1.00 0 81.5 
444.65 -1.00 -1.00 0 81.5 
444.99 -1.00 -1.00 0 81.5 
445.26 -1.00 -1.00 0 81.7 
445.63 -1.00 -1.00 0 81.7 
445.93 -1.00 -1.00 0 81.7 
446.19 -1.00 -1.00 0 81.8 
446.47 -1.00 -1.00 0 81.8 
447.01 -1.00 -1.00 0 85.2 
447.28 -1.00 -1.00 0 85.2 
447.64 -1.00 -1.00 0 85.2 
447.95 -1.00 -1.00 0 85.2 
448.25 -1.00 -1.00 0 85.8 
448.54 -1.00 -1.00 0 85.8 
448.88 -1.00 -1.00 0 85.8 
449.20 -1.00 -1.00 0 86.0 
449.46 -1.00 -1.00 0 86.0 
449.72 -1.00 -1.00 0 86.0 
450.02 -1.00 -1.00 0 86.0 
450.29 -1.00 -1.00 0 86.7 
450.55 -1.00 -1.00 0 86.7 
450.82 -1.00 -1.00 0 86.7 
451.08 -1.00 -1.00 0 83.2 
451.28 -1.00 -1.00 0 83.2 
451.56 -1.00 -1.00 0 83.2 
451.84 -1.00 -1.00 0 83.2 
452.09 -1.00 -1.00 0 82.5 
452.38 -1.00 -1.00 0 82.5 
452.69 -1.00 -1.00 1 82.5 
453.11 -1.00 -1.00 1 82.5 
453.39 -1.00 -1.00 1 80.3 
453.62 -1.00 -1.00 1 80.3 
453.98 -1.00 -1.00 2 80.3 
454.27 -1.00 -1.00 2 78.6 
454.49 -1.00 -1.00 2 78.6 
454.91 -1.00 -1.00 2 78.6 
455.16 -1.00 -1.00 2 77.9 
455.37 -1.00 -1.00 1 77.9 
455.69 -1.00 -1.00 1 77.9 
455.95 -1.00 -1.00 1 77.9 
456.23 -1.00 -1.00 1 75.3 
456.43 -1.00 -1.00 1 75.3 
457.02 -1.00 -1.00 1 74.3 
457.26 -1.00 -1.00 1 74.3 
457.52 -1.00 -1.00 1 74.3 
457.70 -1.00 -1.00 1 74.3 
457.98 -1.00 -1.00 2 74.3 
458.17 -1.00 -1.00 2 72.0 
458.43 -1.00 -1.00 2 72.0 
458.83 -1.00 -1.00 2 72.0 
459.09 -1.00 -1.00 2 70.7 
459.32 -1.00 -1.00 2 70.7 
459.59 -1.00 -1.00 2 70.7 
459.91 -1.00 -1.00 2 70.7 
460.19 -1.00 -1.00 2 69.8 
460.39 -1.00 -1.00 1 69.8 
460.68 -1.00 -1.00 2 69.8 
460.93 -1.00 -1.00 2 69.8 
461.16 -1.00 -1.00 2 67.4 
461.43 -1.00 -1.00 2 67.4 
461.75 -1.00 -1.00 1 67.4 
462.07 -1.00 -1.00 0 67.4 
462.29 -1.00 -1.00 0 66.1 
462.51 -1.00 -1.00 0 66.1 
462.83 -1.00 -1.00 0 66.1 
463.06 -1.00 -1.00 0 67.7 
463.32 -1.00 -1.00 0 67.7 
463.60 -1.00 -1.00 0 67.7 
463.84 -1.00 -1.00 0 67.7 
464.08 -1.00 -1.00 0 67.7 
464.29 -1.00 -1.00 0 67.7 
464.56 -1.00 -1.00 0 67.7 
464.97 -1.00 -1.00 0 67.7 
465.17 -1.00 -1.00 0 68.9 
465.44 -1.00 -1.00 0 68.9 
465.79 -1.00 -1.00 0 68.9 
466.11 -1.00 -1.00 0 69.0 
466.35 -1.00 -1.00 0 69.0 
467.02 -1.00 -1.00 0 69.0 
467.29 -1.00 -1.00 0 67.2 
467.56 -1.00 -1.00 0 67.2 
467.88 -1.00 -1.00 0 67.2 
468.20 -1.00 -1.00 0 65.4 
468.54 -1.00 -1.00 0 65.4 
468.88 -1.00 -1.00 0 65.4 
469.18 -1.00 -1.00 0 64.5 
469.48 -1.00 -1.00 0 64.5 
469.95 -1.00 -1.00 0 64.5 
470.29 -1.00 -1.00 0 63.9 
470.64 -1.00 -1.00 0 63.9 
471.00 -1.00 -1.00 0 63.9 
471.33 -1.00 -1.00 0 65.6 
471.68 -1.00 -1.00 0 65.6 
472.08 -1.00 -1.00 0 65.6 
472.34 -1.00 -1.00 0 67.3 
472.76 -1.00 -1.00 0 67.3 
473.14 -1.00 -1.00 0 67.3 
473.49 -1.00 -1.00 0 68.5 
473.84 -1.00 -1.00 0 68.5 
474.17 -1.00 -1.00 0 71.6 
474.45 -1.00 -1.00 0 71.6 
474.75 -1.00 -1.00 0 71.6 
475.08 -1.00 -1.00 0 71.6 
475.39 -1.00 -1.00 0 70.4 
475.74 -1.00 -1.00 0 70.4 
476.15 -1.00 -1.00 0 70.4 
476.44 -1.00 -1.00 0 68.4 
476.91 -1.00 -1.00 0 68.4 
477.16 -1.00 -1.00 0 66.7 
477.47 -1.00 -1.00 0 66.7 
477.86 -1.00 -1.00 0 66.7 
478.24 -1.00 -1.00 0 65.1 
478.63 -1.00 -1.00 0 65.1 
478.98 -1.00 -1.00 0 65.1 
479.32 -1.00 -1.00 0 65.9 
479.68 -1.00 -1.00 0 65.9 
480.04 -1.00 -1.00 0 65.9 
480.34 -1.00 -1.00 0 65.4 
480.64 -1.00 -1.00 0 65.4 
481.05 -1.00 -1.00 0 65.4 
481.28 -1.00 -1.00 0 64.6 
481.65 -1.00 -1.00 0 64.6 
481.98 -1.00 -1.00 0 64.6 
482.24 -1.00 -1.00 0 64.0 
482.53 -1.00 -1.00 0 64.0 
482.95 -1.00 -1.00 0 64.0 
483.26 -1.00 -1.00 0 66.2 
483.47 -1.00 -1.00 0 66.2 
483.79 -1.00 -1.00 0 66.2 
484.18 -1.00 -1.00 0 65.5 
484.49 -1.00 -1.00 0 65.5 
484.85 -1.00 -1.00 0 65.5 
485.19 -1.00 -1.00 0 65.8 
485.50 -1.00 -1.00 0 65.8 
485.95 -1.00 -1.00 0 65.8 
486.33 -1.00 -1.00 0 65.8 
487.03 -1.00 -1.00 0 65.8 
487.43 -1.00 -1.00 0 61.7 
487.82 -1.00 -1.00 0 61.7 
488.11 -1.00 -1.00 0 61.0 
488.50 -1.00 -1.00 0 61.0 
488.96 -1.00 -1.00 0 61.0 
489.31 -1.00 -1.00 0 63.0 
489.72 -1.00 -1.00 0 63.0 
490.03 -1.00 -1.00 0 63.0 
490.30 67.29 3.83 1 63.2 
490.56 67.20 3.83 1 63.2 
490.93 67.11 3.82 2 63.2 
491.22 -1.00 -1.00 1 63.1 
491.58 -1.00 -1.00 1 63.1 
491.94 -1.00 -1.00 1 63.1 
492.19 -1.00 -1.00 1 62.4 
492.49 -1.00 -1.00 1 62.4 
492.71 -1.00 -1.00 1 62.4 
493.09 -1.00 -1.00 1 62.4 
493.36 -1.00 -1.00 1 62.0 
493.66 -1.00 -1.00 1 62.0 
494.01 -1.00 -1.00 1 62.0 
494.33 -1.00 -1.00 1 61.1 
494.69 -1.00 -1.00 1 61.1 
495.09 -1.00 -1.00 1 61.1 
495.37 -1.00 -1.00 1 61.7 
495.62 -1.00 -1.00 1 61.7 
495.92 -1.00 -1.00 1 61.7 
496.22 -1.00 -1.00 1 61.4 
496.54 -1.00 -1.00 1 61.4 
496.87 13.29 0.78 1 61.4 
497.15 13.97 0.83 1 60.4 
497.45 14.79 0.88 1 60.4 
497.84 15.12 0.90 1 60.4 
498.13 16.05 0.94 1 61.3 
498.43 16.24 0.95 1 61.3 
498.82 16.55 0.97 1 61.3 
499.15 17.15 1.04 1 59.5 
499.41 18.55 1.12 1 59.5 
499.69 19.62 1.19 1 59.5 
500.02 20.47 1.24 1 59.5 
500.32 20.90 1.25 1 60.1 
500.61 21.49 1.29 1 60.1 
500.96 22.26 1.33 1 60.1 
501.19 27.31 1.58 1 62.1 
501.47 26.31 1.52 1 62.1 
501.74 27.64 1.60 1 62.1 
502.10 28.31 1.64 1 62.1 
502.37 31.06 1.76 1 63.6 
502.66 38.10 2.15 1 63.6 
502.94 64.03 3.62 1 63.6 
503.24 79.80 4.70 1 61.1 
503.56 -1.00 -1.00 0 61.1 
503.98 -1.00 -1.00 0 61.1 
504.27 -1.00 -1.00 0 62.9 
504.51 -1.00 -1.00 0 62.9 
504.82 -1.00 -1.00 0 62.9 
505.11 -1.00 -1.00 0 60.1 
505.30 -1.00 -1.00 0 60.1 
505.55 -1.00 -1.00 0 60.1 
505.95 -1.00 -1.00 0 60.1 
506.26 -1.00 -1.00 0 58.4 
506.59 -1.00 -1.00 0 58.4 
507.20 -1.00 -1.00 0 57.9 
507.47 -1.00 -1.00 0 57.9 
508.02 -1.00 -1.00 0 57.9 
508.46 -1.00 -1.00 0 56.3 
508.88 -1.00 -1.00 0 56.3 
509.33 -1.00 -1.00 0 55.9 
509.80 -1.00 -1.00 0 55.9 
510.15 -1.00 -1.00 0 54.2 
510.50 -1.00 -1.00 0 54.2 
510.97 -1.00 -1.00 0 54.2 
511.36 -1.00 -1.00 0 52.7 
511.87 -1.00 -1.00 0 52.7 
512.31 -1.00 -1.00 0 53.1 
512.69 -1.00 -1.00 0 53.1 
513.10 -1.00 -1.00 0 53.1 
513.42 -1.00 -1.00 0 52.2 
513.65 -1.00 -1.00 0 52.2 
513.93 -1.00 -1.00 0 52.2 
515.08 -1.00 -1.00 0 51.2 
515.36 -1.00 -1.00 0 51.2 
515.64 -1.00 -1.00 0 51.2 
516.00 -1.00 -1.00 0 51.2 
517.04 -1.00 -1.00 0 50.7 
517.43 -1.00 -1.00 0 50.7 
517.69 -1.00 -1.00 0 50.7 
518.06 -1.00 -1.00 0 50.7 
519.07 -1.00 -1.00 0 50.0 
519.35 -1.00 -1.00 0 50.0 
519.65 -1.00 -1.00 0 50.0 
519.97 -1.00 -1.00 0 50.0 
524.09 -1.00 -1.00 0 51.7 
524.44 -1.00 -1.00 0 51.7 
524.81 -1.00 -1.00 0 51.7 
525.11 -1.00 -1.00 0 53.8 
525.44 -1.00 -1.00 0 53.8 
525.82 -1.00 -1.00 0 53.8 
526.04 -1.00 -1.00 0 55.5 
526.40 -1.00 -1.00 0 55.5 
527.01 -1.00 -1.00 0 55.5 
527.23 -1.00 -1.00 0 58.6 
527.51 -1.00 -1.00 0 58.6 
527.73 -1.00 -1.00 0 58.6 
528.06 -1.00 -1.00 0 58.6 
528.33 -1.00 -1.00 0 61.8 
528.69 -1.00 -1.00 0 61.8 
528.96 -1.00 -1.00 0 61.8 
529.27 -1.00 -1.00 0 65.2 
529.63 -1.00 -1.00 0 65.2 
529.88 -1.00 -1.00 0 65.2 
530.18 -1.00 -1.00 0 68.0 
530.47 -1.00 -1.00 1 68.0 
530.88 -1.00 -1.00 1 68.0 
531.16 -1.00 -1.00 1 69.7 
531.53 -1.00 -1.00 1 69.7 
531.83 -1.00 -1.00 1 69.7 
532.22 -1.00 -1.00 1 71.6 
532.50 -1.00 -1.00 1 71.6 
532.84 -1.00 -1.00 1 71.6 
533.17 -1.00 -1.00 0 73.1 
533.48 -1.00 -1.00 0 73.1 
533.70 -1.00 -1.00 0 73.1 
534.04 -1.00 -1.00 0 73.1 
534.38 -1.00 -1.00 0 73.0 
534.69 -1.00 -1.00 0 73.0 
535.00 -1.00 -1.00 0 73.0 
535.23 -1.00 -1.00 0 74.1 
535.48 -1.00 -1.00 0 74.1 
535.78 -1.00 -1.00 0 74.1 
536.04 -1.00 -1.00 0 75.0 
536.32 -1.00 -1.00 0 75.0 
536.90 -1.00 -1.00 0 75.0 
537.12 -1.00 -1.00 0 73.0 
537.38 -1.00 -1.00 0 73.0 
537.60 -1.00 -1.00 0 73.0 
537.86 -1.00 -1.00 0 73.0 
538.10 -1.00 -1.00 0 73.2 
538.37 -1.00 -1.00 0 73.2 
538.63 -1.00 -1.00 0 73.2 
538.91 -1.00 -1.00 0 73.2 
539.10 -1.00 -1.00 0 75.8 
539.41 -1.00 -1.00 0 75.8 
539.68 -1.00 -1.00 0 75.8 
540.07 -1.00 -1.00 0 75.8 
540.36 -1.00 -1.00 0 75.7 
540.64 -1.00 -1.00 0 75.7 
540.92 -1.00 -1.00 0 75.7 
541.24 -1.00 -1.00 0 75.8 
541.49 -1.00 -1.00 0 75.8 
541.84 -1.00 -1.00 0 75.8 
542.27 -1.00 -1.00 0 75.7 
542.50 -1.00 -1.00 0 75.7 
542.87 -1.00 -1.00 0 75.7 
543.17 -1.00 -1.00 0 75.7 
543.41 -1.00 -1.00 0 75.7 
543.69 -1.00 -1.00 1 75.7 
544.02 -1.00 -1.00 1 75.7 
544.36 -1.00 -1.00 1 72.5 
544.67 -1.00 -1.00 1 72.5 
545.01 -1.00 -1.00 1 72.5 
545.33 -1.00 -1.00 1 74.5 
545.57 -1.00 -1.00 1 74.5 
545.81 -1.00 -1.00 1 74.5 
546.10 -1.00 -1.00 1 73.6 
546.41 -1.00 -1.00 1 73.6 
546.81 -1.00 -1.00 1 73.6 
547.06 -1.00 -1.00 1 71.8 
547.36 -1.00 -1.00 1 71.8 
547.86 -1.00 -1.00 1 71.8 
548.20 -1.00 -1.00 1 71.4 
548.59 -1.00 -1.00 1 71.4 
549.01 -1.00 -1.00 0 71.4 
549.31 -1.00 -1.00 0 70.2 
549.85 -1.00 -1.00 0 70.2 
550.12 -1.00 -1.00 0 70.8 
550.45 -1.00 -1.00 0 70.8 
550.66 -1.00 -1.00 0 70.8 
551.10 -1.00 -1.00 1 70.8 
551.48 -1.00 -1.00 1 72.4 
551.84 -1.00 -1.00 1 72.4 
552.21 -1.00 -1.00 1 73.7 
552.57 -1.00 -1.00 1 73.7 
552.87 -1.00 -1.00 1 73.7 
553.16 -1.00 -1.00 1 75.5 
553.50 -1.00 -1.00 2 75.5 
553.87 -1.00 -1.00 2 75.5 
554.19 -1.00 -1.00 2 77.5 
554.55 -1.00 -1.00 2 77.5 
554.91 -1.00 -1.00 1 77.5 
555.25 -1.00 -1.00 1 78.1 
555.48 -1.00 -1.00 1 78.1 
555.89 -1.00 -1.00 1 78.1 
556.12 -1.00 -1.00 1 82.1 
556.51 -1.00 -1.00 1 82.1 
557.08 -1.00 -1.00 2 83.6 
557.44 -1.00 -1.00 3 83.6 
557.78 -1.00 -1.00 3 83.6 
558.10 55.24 2.35 3 84.5 
558.43 56.02 2.39 3 84.5 
558.69 56.85 2.42 3 84.5 
559.06 57.72 2.46 4 84.5 
559.38 57.86 2.48 4 84.0 
559.72 58.76 2.52 4 84.0 
560.04 60.63 2.60 4 84.0 
560.37 60.51 2.62 4 83.2 
560.60 60.38 2.61 4 83.2 
561.05 69.81 3.02 4 83.2 
561.38 60.12 2.56 4 84.4 
561.70 58.65 2.50 5 84.4 
562.18 56.33 2.40 4 84.4 
562.63 55.17 2.38 3 83.4 
562.96 53.60 2.31 4 83.4 
563.25 51.28 2.27 4 81.4 
563.54 49.57 2.19 4 81.4 
563.98 47.61 2.11 3 81.4 
564.25 45.88 1.94 3 85.1 
564.68 44.82 1.90 3 85.1 
565.05 43.38 1.83 3 85.1 
565.36 41.71 1.74 3 86.5 
565.86 40.71 1.69 3 86.5 
566.22 39.35 1.63 2 86.9 
566.49 37.86 1.57 2 86.9 
567.16 29.72 1.22 3 88.0 
567.45 30.33 1.24 3 88.0 
567.71 31.62 1.29 3 88.0 
568.06 32.73 1.34 3 88.0 
568.30 34.13 1.38 3 88.7 
568.60 35.32 1.43 3 88.7 
568.94 36.34 1.47 4 88.7 
569.29 38.33 1.56 4 88.7 
569.82 40.02 1.63 4 88.7 
570.13 40.86 1.66 4 88.6 
570.42 41.60 1.69 4 88.6 
570.74 42.81 1.74 4 88.6 
571.07 43.28 1.76 4 88.6 
571.32 44.29 1.80 4 88.7 
571.74 44.56 1.81 4 88.7 
572.07 45.38 1.84 4 88.7 
572.44 46.79 1.89 4 89.0 
572.91 47.30 1.91 4 89.0 
573.26 49.31 2.01 4 88.5 
573.59 49.52 2.01 5 88.5 
574.06 50.41 2.05 5 88.5 
574.40 53.15 2.16 5 88.8 
574.86 55.45 2.25 5 88.8 
575.25 55.60 2.23 5 89.9 
575.67 56.55 2.27 5 89.9 
576.09 56.54 2.27 5 89.9 
576.45 57.35 2.36 5 87.6 
576.99 57.22 2.35 5 87.6 
577.39 57.93 2.40 5 87.0 
577.99 58.53 2.42 5 87.0 
578.50 60.12 2.51 4 86.1 
579.11 61.47 2.57 5 86.1 
579.51 62.64 2.63 6 85.9 
580.08 62.66 2.63 6 85.9 
580.46 62.67 2.57 6 87.7 
580.91 64.99 2.67 6 87.7 
581.26 65.70 2.70 6 87.4 
581.76 66.33 2.73 6 87.4 
582.18 32.50 1.37 5 85.5 
582.60 32.17 1.35 6 85.5 
583.11 31.57 1.33 4 85.5 
583.52 68.54 2.85 4 86.5 
584.06 68.33 2.84 4 86.5 
584.54 68.15 2.81 4 87.4 
585.07 67.99 2.80 4 87.4 
585.42 67.85 2.78 4 87.9 
585.96 67.71 2.77 4 87.9 
586.47 67.60 2.80 4 86.8 
586.96 67.52 2.80 5 86.8 
587.46 67.47 2.85 5 85.2 
587.93 67.38 2.85 5 85.2 
588.34 39.12 1.64 6 86.0 
588.92 40.28 1.69 5 86.0 
589.37 41.27 1.78 5 83.4 
589.83 66.30 2.86 4 83.4 
590.33 66.29 2.84 4 84.2 
590.82 66.26 2.83 4 84.2 
591.21 66.23 2.80 4 85.2 
591.79 66.25 2.80 4 85.2 
592.20 67.70 2.87 4 84.8 
592.61 67.56 2.87 4 84.8 
593.01 67.45 2.86 4 84.8 
593.46 -1.00 -1.00 3 84.1 
593.98 -1.00 -1.00 3 84.1 
594.39 64.66 2.82 3 82.4 
594.83 60.96 2.66 3 82.4 
595.17 57.71 2.50 3 83.1 
595.60 54.62 2.37 3 83.1 
596.03 51.83 2.25 3 83.1 
596.39 48.56 2.13 3 81.9 
597.12 42.18 1.85 2 81.9 
597.50 40.03 1.78 3 81.0 
597.88 37.84 1.68 3 81.0 
598.36 36.34 1.63 3 80.2 
598.90 34.38 1.54 3 80.2 
599.24 33.44 1.53 3 78.9 
599.65 32.68 1.49 3 78.9 
600.12 31.68 1.45 3 78.9 
600.53 30.55 1.43 3 76.9 
601.02 29.65 1.39 3 76.9 
601.40 28.30 1.33 3 76.5 
601.84 27.54 1.30 3 76.5 
602.20 27.65 1.26 3 78.9 
602.62 26.80 1.22 3 78.9 
602.97 25.84 1.18 4 78.9 
603.41 26.80 1.17 4 82.7 
604.04 27.13 1.18 4 82.7 
604.51 27.41 1.20 4 82.1 
605.07 27.29 1.20 4 82.1 
605.41 27.59 1.18 4 83.9 
605.87 27.85 1.20 3 83.9 
606.32 28.92 1.23 3 85.0 
607.12 30.52 1.28 3 86.0 
607.50 31.64 1.32 3 86.0 
607.90 32.08 1.34 3 86.0 
608.35 32.45 1.34 3 87.0 
608.76 33.25 1.38 3 87.0 
609.12 35.14 1.43 3 88.4 
609.66 32.84 1.34 3 88.4 
609.99 34.20 1.39 3 88.4 
610.40 35.28 1.43 3 89.0 
610.82 35.69 1.44 3 89.0 
611.17 36.56 1.46 3 90.0 
611.45 38.64 1.55 3 90.0 
611.96 41.18 1.65 3 90.0 
612.35 40.35 1.60 3 90.9 
612.83 40.53 1.61 4 90.9 
613.28 42.82 1.68 4 92.0 
613.67 43.89 1.72 4 92.0 
614.10 44.13 1.73 4 92.0 
614.60 45.02 1.76 4 92.1 
615.09 42.89 1.68 4 92.1 
615.49 42.58 1.65 5 93.0 
616.02 41.43 1.60 5 93.0 
616.50 41.95 1.62 5 93.3 
616.96 46.32 1.79 5 93.3 
617.43 49.81 1.95 5 92.2 
617.87 52.71 2.06 5 92.2 
618.33 52.47 2.08 4 91.0 
618.64 52.25 2.07 4 91.0 
619.22 50.06 1.98 4 91.0 
619.63 48.86 1.94 4 90.5 
619.96 48.33 1.92 4 90.5 
620.34 47.91 1.89 4 91.2 
620.78 47.50 1.88 4 91.2 
621.11 49.63 1.95 4 91.6 
621.58 49.02 1.93 4 91.6 
622.04 50.90 2.00 4 91.6 
622.50 51.48 2.02 4 91.9 
622.95 51.97 2.04 4 91.9 
623.39 50.40 1.96 4 92.4 
623.85 52.08 2.03 4 92.4 
624.24 51.08 2.00 4 91.8 
624.76 49.59 1.94 3 91.8 
625.21 48.85 1.90 3 92.4 
625.65 48.19 1.88 3 92.4 
626.19 47.09 1.83 3 92.4 
626.55 54.43 2.12 3 92.5 
627.08 56.65 2.20 2 92.5 
627.47 55.18 2.12 3 93.8 
627.99 54.37 2.09 3 93.8 
628.37 52.97 2.01 3 95.0 
628.93 52.37 1.98 3 95.0 
629.36 51.14 1.91 3 96.2 
629.85 55.40 2.07 3 96.2 
630.27 53.93 2.05 3 94.8 
630.58 53.22 2.02 3 94.8 
631.04 51.94 1.97 3 94.8 
631.55 50.79 1.94 3 94.2 
631.95 49.17 1.88 3 94.2 
632.43 49.85 1.92 3 93.7 
632.98 48.35 1.86 3 93.7 
633.42 47.60 1.82 3 94.0 
633.86 46.33 1.78 3 94.0 
634.26 46.56 1.78 3 94.2 
634.82 47.60 1.82 2 94.2 
635.22 46.44 1.78 1 93.8 
635.62 46.02 1.77 1 93.8 
636.01 45.66 1.75 1 93.8 
636.35 -1.00 -1.00 1 94.2 
636.80 -1.00 -1.00 1 94.2 
637.29 -1.00 -1.00 1 94.5 
637.67 -1.00 -1.00 1 94.5 
638.18 -1.00 -1.00 1 94.5 
638.55 -1.00 -1.00 1 94.5 
639.00 -1.00 -1.00 1 94.5 
639.46 -1.00 -1.00 1 93.2 
639.85 -1.00 -1.00 1 93.2 
640.17 -1.00 -1.00 1 95.5 
640.51 -1.00 -1.00 1 95.5 
640.94 -1.00 -1.00 1 95.5 
641.28 -1.00 -1.00 1 96.2 
641.76 -1.00 -1.00 1 96.2 
642.14 -1.00 -1.00 1 97.5 
642.55 -1.00 -1.00 1 97.5 
642.97 -1.00 -1.00 1 97.5 
643.36 -1.00 -1.00 1 98.2 
643.66 -1.00 -1.00 1 98.2 
644.06 -1.00 -1.00 1 98.2 
644.33 -1.00 -1.00 1 99.4 
644.74 -1.00 -1.00 1 99.4 
645.12 -1.00 -1.00 1 99.4 
645.50 -1.00 -1.00 1 99.9 
646.03 -1.00 -1.00 1 99.9 
646.44 -1.00 -1.00 1 99.3 
646.82 -1.00 -1.00 1 99.3 
647.23 -1.00 -1.00 1 98.1 
647.63 -1.00 -1.00 1 98.1 
648.08 -1.00 -1.00 1 98.1 
648.38 -1.00 -1.00 1 98.4 
648.83 -1.00 -1.00 2 98.4 
649.21 -1.00 -1.00 2 99.1 
649.73 -1.00 -1.00 2 99.1 
650.23 -1.00 -1.00 2 99.1 
650.57 -1.00 -1.00 2 99.5 
650.98 -1.00 -1.00 2 99.5 
651.30 -1.00 -1.00 2 99.8 
651.91 -1.00 -1.00 2 99.8 
652.43 -1.00 -1.00 2 98.9 
652.90 -1.00 -1.00 2 98.9 
653.22 -1.00 -1.00 2 98.2 
653.64 -1.00 -1.00 2 98.2 
654.14 -1.00 -1.00 2 98.2 
654.56 19.57 0.72 2 97.7 
655.07 21.04 0.77 2 97.7 
655.62 23.09 0.86 2 96.2 
656.06 25.04 0.94 2 96.2 
657.16 29.61 1.12 2 95.5 
657.68 32.30 1.21 2 95.8 
658.18 35.17 1.32 2 95.8 
658.62 40.35 1.52 2 95.5 
659.27 41.46 1.56 2 95.5 
659.80 43.64 1.65 2 95.3 
660.27 44.84 1.69 2 95.4 
660.88 48.47 1.83 2 95.4 
661.23 51.52 1.94 1 95.8 
661.68 54.26 2.04 2 95.8 
662.12 57.91 2.18 2 95.8 
662.44 59.88 2.24 2 96.0 
662.88 61.65 2.31 2 96.0 
663.29 63.22 2.37 2 96.0 
663.61 64.57 2.42 2 96.0 
664.03 66.98 2.51 2 96.0 
664.43 67.85 2.53 2 96.4 
664.89 71.47 2.67 2 96.4 
665.32 48.34 1.84 2 94.7 
665.69 75.94 2.89 2 94.7 
666.07 75.80 2.88 2 94.7 
666.40 76.86 2.84 3 97.3 
666.90 77.81 2.88 3 97.3 
667.30 78.66 2.94 2 96.4 
667.81 79.37 2.96 2 96.4 
668.15 80.00 2.92 2 98.5 
668.55 80.50 2.94 2 98.5 
669.07 80.91 2.96 2 98.5 
669.57 81.23 2.98 2 98.1 
670.02 81.47 2.99 2 98.1 
670.49 81.63 3.01 2 97.5 
671.07 81.72 3.02 2 97.5 
671.49 85.82 3.16 2 97.8 
671.96 -1.00 -1.00 1 97.8 
672.35 -1.00 -1.00 1 97.0 
672.77 -1.00 -1.00 1 97.0 
673.17 -1.00 -1.00 1 95.6 
673.55 -1.00 -1.00 1 95.6 
674.04 -1.00 -1.00 1 95.6 
674.44 -1.00 -1.00 1 97.8 
674.95 -1.00 -1.00 1 97.8 
675.38 -1.00 -1.00 1 98.4 
675.81 -1.00 -1.00 1 98.4 
676.16 67.91 2.47 1 99.1 
676.51 69.02 2.51 1 99.1 
676.92 -1.00 -1.00 1 99.1 
677.26 -1.00 -1.00 1 99.5 
677.58 -1.00 -1.00 1 99.5 
677.99 -1.00 -1.00 1 99.5 
678.44 -1.00 -1.00 1 99.8 
678.85 -1.00 -1.00 1 99.8 
679.19 -1.00 -1.00 1 99.3 
679.52 82.23 2.98 1 99.3 
679.96 82.68 3.00 1 99.3 
680.32 81.68 2.93 1 100.3 
680.67 80.66 2.90 1 100.3 
681.04 79.65 2.86 1 100.3 
681.43 78.67 2.80 1 101.0 
681.78 79.20 2.82 1 101.0 
682.19 -1.00 -1.00 0 98.9 
682.47 -1.00 -1.00 0 98.9 
682.83 -1.00 -1.00 0 98.9 
683.21 -1.00 -1.00 0 97.6 
683.52 -1.00 -1.00 0 97.6 
683.99 -1.00 -1.00 0 97.6 
684.31 -1.00 -1.00 0 97.8 
684.66 -1.00 -1.00 0 97.8 
685.14 -1.00 -1.00 1 97.8 
685.61 -1.00 -1.00 1 97.9 
686.00 -1.00 -1.00 1 97.9 
686.31 -1.00 -1.00 1 98.1 
687.12 11.50 0.42 1 98.1 
687.40 13.03 0.48 1 98.3 
687.88 14.31 0.52 1 98.3 
688.23 15.96 0.58 1 99.4 
688.61 16.87 0.61 1 99.4 
689.07 17.94 0.65 1 99.4 
689.38 19.19 0.70 1 99.4 
689.86 -1.00 -1.00 1 99.4 
690.28 -1.00 -1.00 1 98.7 
690.65 -1.00 -1.00 1 98.7 
691.18 -1.00 -1.00 1 98.7 
691.56 -1.00 -1.00 1 99.3 
692.02 -1.00 -1.00 1 99.3 
692.38 -1.00 -1.00 1 99.4 
692.79 -1.00 -1.00 1 99.4 
693.22 -1.00 -1.00 1 99.9 
693.55 -1.00 -1.00 1 99.9 
693.95 -1.00 -1.00 1 99.9 
694.31 -1.00 -1.00 1 99.3 
694.62 -1.00 -1.00 1 99.3 
695.02 -1.00 -1.00 1 99.3 
695.42 -1.00 -1.00 1 98.5 
695.82 -1.00 -1.00 1 98.5 
696.15 -1.00 -1.00 1 97.7 
696.43 -1.00 -1.00 1 97.7 
696.82 -1.00 -1.00 1 97.7 
697.21 -1.00 -1.00 1 96.6 
697.58 61.92 2.31 1 96.6 
697.95 66.07 2.46 1 96.6 
698.25 66.92 2.50 1 96.4 
698.56 66.73 2.49 1 96.4 
699.02 70.26 2.62 1 96.4 
699.32 71.78 2.71 1 95.4 
699.72 73.12 2.76 1 95.4 
700.03 73.13 2.78 1 94.7 
700.45 72.19 2.74 1 94.7 
700.87 69.88 2.66 1 94.7 
701.31 71.37 2.73 1 94.0 
701.80 71.43 2.74 1 94.0 
702.22 70.49 2.71 1 93.6 
702.56 70.59 2.72 1 93.6 
702.87 71.94 2.77 1 93.6 
703.38 -1.00 -1.00 0 93.9 
703.79 -1.00 -1.00 0 93.9 
704.12 -1.00 -1.00 0 93.6 
704.47 -1.00 -1.00 0 93.6 
704.87 -1.00 -1.00 0 93.6 
705.10 -1.00 -1.00 0 93.3 
705.49 -1.00 -1.00 0 93.3 
705.82 -1.00 -1.00 0 93.3 
706.17 -1.00 -1.00 0 93.3 
706.39 -1.00 -1.00 0 93.3 
706.81 -1.00 -1.00 0 93.3 
707.09 -1.00 -1.00 0 92.9 
707.50 -1.00 -1.00 1 92.9 
707.89 -1.00 -1.00 1 92.9 
708.11 -1.00 -1.00 1 91.4 
708.49 -1.00 -1.00 1 91.4 
708.88 -1.00 -1.00 1 91.4 
709.39 -1.00 -1.00 1 90.2 
709.80 -1.00 -1.00 1 90.2 
710.21 -1.00 -1.00 1 89.4 
710.54 -1.00 -1.00 1 89.4 
710.94 -1.00 -1.00 1 89.4 
711.31 33.17 1.35 1 88.5 
711.61 -1.00 -1.00 2 88.5 
711.98 -1.00 -1.00 2 88.5 
712.36 35.43 1.44 2 88.7 
712.85 37.52 1.52 2 88.7 
713.18 -1.00 -1.00 2 87.8 
713.51 41.22 1.69 2 87.8 
713.97 42.78 1.75 2 87.8 
714.33 47.13 1.93 2 87.8 
714.77 49.64 2.03 2 87.8 
715.05 50.95 2.10 2 87.4 
715.45 33.37 1.38 1 87.4 
715.77 36.42 1.50 1 87.4 
716.17 38.30 1.60 1 86.2 
716.49 41.43 1.73 1 86.2 
716.90 44.08 1.84 1 86.2 
717.30 46.36 1.91 1 87.2 
717.62 52.31 2.16 1 87.2 
718.01 57.24 2.36 1 87.2 
718.40 59.98 2.50 1 86.5 
718.88 -1.00 -1.00 1 86.5 
719.32 -1.00 -1.00 0 84.7 
719.67 -1.00 -1.00 0 84.7 
720.05 -1.00 -1.00 0 84.7 
720.40 -1.00 -1.00 0 86.7 
720.91 -1.00 -1.00 0 86.7 
721.21 -1.00 -1.00 0 86.2 
721.51 -1.00 -1.00 0 86.2 
721.86 -1.00 -1.00 0 86.2 
722.16 -1.00 -1.00 0 86.8 
722.58 -1.00 -1.00 0 86.8 
722.92 -1.00 -1.00 0 86.8 
723.28 -1.00 -1.00 0 89.7 
723.78 -1.00 -1.00 0 89.7 
724.15 -1.00 -1.00 0 89.8 
724.48 -1.00 -1.00 0 89.8 
724.81 -1.00 -1.00 0 89.8 
725.14 -1.00 -1.00 1 89.5 
725.45 -1.00 -1.00 1 89.5 
725.81 -1.00 -1.00 1 89.5 
726.17 -1.00 -1.00 1 90.3 
726.44 -1.00 -1.00 1 90.3 
726.80 -1.00 -1.00 1 90.3 
727.18 -1.00 -1.00 1 91.1 
727.45 -1.00 -1.00 1 91.1 
727.81 -1.00 -1.00 1 91.1 
728.26 -1.00 -1.00 1 92.0 
728.52 26.36 1.03 1 92.0 
728.89 26.96 1.06 1 92.0 
729.25 27.48 1.08 1 91.9 
729.59 27.92 1.09 1 91.9 
729.90 28.29 1.11 1 91.9 
730.33 28.60 1.12 2 92.0 
730.58 28.86 1.13 2 92.0 
731.02 29.08 1.14 2 92.0 
731.34 29.26 1.14 2 92.3 
731.69 29.41 1.15 2 92.3 
732.11 29.53 1.15 2 92.3 
732.51 -1.00 -1.00 2 91.8 
732.92 -1.00 -1.00 1 91.8 
733.32 -1.00 -1.00 1 91.7 
733.69 -1.00 -1.00 1 91.7 
734.11 21.94 0.86 2 91.7 
734.50 24.87 0.98 2 91.1 
734.89 27.69 1.09 3 91.1 
735.32 30.54 1.20 3 91.3 
735.70 32.39 1.28 3 91.3 
736.03 34.53 1.36 2 91.3 
736.35 37.73 1.49 2 91.0 
736.78 41.29 1.63 2 91.0 
737.14 44.29 1.75 2 91.1 
737.55 47.90 1.89 2 91.1 
737.96 50.03 1.98 2 91.1 
738.28 52.93 2.11 2 90.5 
738.65 54.49 2.17 2 90.5 
739.14 56.82 2.26 2 90.5 
739.56 60.17 2.43 2 89.2 
739.92 64.76 2.61 1 89.2 
740.28 67.16 2.72 1 88.9 
740.68 69.28 2.80 1 88.9 
741.12 71.15 2.88 1 88.9 
741.39 72.83 2.95 1 88.9 
741.72 78.20 3.17 1 88.9 
742.12 79.14 3.20 2 88.9 
742.46 79.96 3.20 2 89.9 
742.85 82.22 3.29 2 89.9 
743.33 81.46 3.26 2 90.0 
743.66 89.21 3.57 2 90.0 
743.99 90.48 3.62 2 90.0 
744.31 91.60 3.65 2 90.4 
744.63 92.57 3.69 2 90.4 
745.04 93.39 3.72 2 90.4 
745.48 94.09 3.75 2 90.4 
745.82 94.63 3.77 2 90.4 
746.18 95.07 3.77 2 90.8 
746.56 93.86 3.72 2 90.8 
746.91 94.30 3.74 2 90.8 
747.24 94.66 3.71 2 91.8 
747.55 94.95 3.72 2 91.8 
748.02 95.18 3.73 2 91.8 
748.33 95.38 3.68 2 93.3 
748.60 -1.00 -1.00 1 93.3 
748.97 -1.00 -1.00 1 93.3 
749.35 -1.00 -1.00 1 93.2 
749.78 -1.00 -1.00 1 93.2 
750.09 -1.00 -1.00 1 93.0 
750.33 -1.00 -1.00 2 93.0 
750.77 35.43 1.37 2 93.0 
751.13 35.90 1.35 2 95.4 
751.45 -1.00 -1.00 2 95.4 
751.80 -1.00 -1.00 2 95.4 
752.20 -1.00 -1.00 1 92.3 
752.58 -1.00 -1.00 1 92.3 
752.96 -1.00 -1.00 1 92.3 
753.21 -1.00 -1.00 1 91.8 
753.59 -1.00 -1.00 1 91.8 
754.07 -1.00 -1.00 1 91.8 
754.38 -1.00 -1.00 1 91.3 
754.67 -1.00 -1.00 1 91.3 
755.02 -1.00 -1.00 2 91.3 
755.31 -1.00 -1.00 2 90.5 
755.68 -1.00 -1.00 2 90.5 
756.05 -1.00 -1.00 1 90.5 
756.41 -1.00 -1.00 1 89.5 
756.78 -1.00 -1.00 1 89.5 
757.13 -1.00 -1.00 1 89.6 
757.40 58.79 2.36 1 89.6 
757.78 58.74 2.36 1 89.6 
758.13 58.33 2.33 1 90.1 
758.46 57.93 2.31 1 90.1 
758.93 -1.00 -1.00 1 90.1 
759.25 -1.00 -1.00 1 92.5 
759.53 -1.00 -1.00 1 92.5 
759.88 -1.00 -1.00 1 92.5 
760.22 -1.00 -1.00 0 90.1 
760.47 -1.00 -1.00 0 90.1 
760.91 -1.00 -1.00 0 90.1 
761.31 -1.00 -1.00 0 90.8 
761.61 -1.00 -1.00 0 90.8 
761.95 -1.00 -1.00 0 90.8 
762.27 -1.00 -1.00 0 90.0 
762.59 -1.00 -1.00 0 90.0 
762.86 -1.00 -1.00 0 90.0 
763.16 -1.00 -1.00 0 90.4 
763.50 -1.00 -1.00 0 90.4 
763.93 -1.00 -1.00 0 90.4 
764.32 -1.00 -1.00 0 90.8 
764.78 -1.00 -1.00 0 90.8 
765.14 -1.00 -1.00 0 87.6 
765.48 -1.00 -1.00 0 87.6 
765.88 -1.00 -1.00 0 87.6 
766.21 -1.00 -1.00 0 89.2 
766.44 -1.00 -1.00 0 89.2 
767.20 -1.00 -1.00 1 89.3 
767.63 -1.00 -1.00 1 89.3 
768.06 -1.00 -1.00 1 89.3 
768.41 -1.00 -1.00 1 88.5 
768.88 -1.00 -1.00 1 88.5 
769.30 -1.00 -1.00 1 87.8 
769.80 -1.00 -1.00 0 87.8 
770.13 -1.00 -1.00 1 87.9 
770.54 -1.00 -1.00 1 87.9 
770.96 -1.00 -1.00 1 87.9 
771.33 -1.00 -1.00 1 88.7 
771.71 -1.00 -1.00 1 88.7 
772.08 -1.00 -1.00 1 88.7 
772.49 -1.00 -1.00 1 87.6 
772.90 -1.00 -1.00 1 87.6 
773.34 -1.00 -1.00 1 87.3 
773.88 -1.00 -1.00 1 87.3 
774.26 -1.00 -1.00 1 88.3 
774.69 -1.00 -1.00 1 88.3 
775.12 -1.00 -1.00 1 88.3 
775.49 -1.00 -1.00 2 89.6 
775.86 14.25 0.57 2 89.6 
776.24 15.58 0.62 2 90.5 
777.06 19.21 0.76 3 90.5 
777.40 21.06 0.83 3 91.2 
777.84 23.56 0.93 3 91.2 
778.29 27.64 1.08 3 92.1 
778.66 30.19 1.18 3 92.1 
779.02 34.42 1.35 2 92.1 
779.44 37.83 1.47 2 92.4 
779.94 44.54 1.74 2 92.4 
780.32 47.25 1.86 1 91.7 
780.77 48.83 1.92 2 91.7 
781.22 52.30 2.08 2 90.6 
781.51 55.35 2.20 2 90.6 
781.91 56.95 2.26 2 90.6 
782.28 59.49 2.37 2 90.2 
782.76 61.74 2.46 2 90.2 
783.14 62.63 2.49 2 90.7 
783.42 66.00 2.62 2 90.7 
783.90 68.94 2.74 2 90.7 
784.38 71.55 2.83 2 91.1 
784.81 73.92 2.92 2 91.1 
785.27 76.04 2.96 3 92.4 
785.57 76.55 2.98 3 92.4 
786.11 78.41 3.05 3 92.4 
786.59 -1.00 -1.00 2 93.4 
786.96 -1.00 -1.00 2 93.4 
787.30 -1.00 -1.00 1 93.7 
787.80 -1.00 -1.00 1 93.7 
788.24 -1.00 -1.00 1 94.1 
788.50 -1.00 -1.00 1 94.1 
789.03 -1.00 -1.00 2 94.1 
789.46 -1.00 -1.00 2 94.7 
789.88 -1.00 -1.00 2 94.7 
790.23 -1.00 -1.00 2 94.3 
790.55 -1.00 -1.00 2 94.3 
790.97 -1.00 -1.00 2 94.3 
791.36 -1.00 -1.00 2 93.2 
791.86 -1.00 -1.00 3 93.2 
792.30 -1.00 -1.00 3 94.0 
792.61 -1.00 -1.00 3 94.0 
793.12 -1.00 -1.00 3 94.0 
793.48 -1.00 -1.00 3 93.2 
793.84 -1.00 -1.00 3 93.2 
794.27 -1.00 -1.00 3 94.3 
794.59 -1.00 -1.00 2 94.3 
795.12 -1.00 -1.00 2 94.3 
795.45 21.34 0.81 2 94.8 
795.84 -1.00 -1.00 2 94.8 
796.22 24.95 0.93 2 96.6 
796.61 27.23 1.01 2 96.6 
797.00 -1.00 -1.00 2 96.6 
797.34 -1.00 -1.00 2 95.6 
797.78 -1.00 -1.00 2 95.6 
798.13 -1.00 -1.00 2 96.2 
798.45 45.12 1.69 2 96.2 
798.91 47.21 1.77 2 96.2 
799.27 50.02 1.87 2 96.3 
799.60 51.58 1.93 2 96.3 
800.08 55.07 2.06 2 96.3 
800.54 59.66 2.26 2 94.9 
800.90 61.01 2.31 2 94.9 
801.35 64.85 2.45 1 95.3 
801.68 70.33 2.66 1 95.3 
802.02 73.11 2.76 1 95.3 
802.35 75.57 2.87 1 94.6 
802.66 79.77 3.03 1 94.6 
803.03 83.53 3.18 2 94.6 
803.51 86.91 3.32 2 94.3 
803.87 90.02 3.44 2 94.3 
804.31 92.82 3.55 3 94.2 
804.95 95.33 3.64 3 94.2 
805.36 100.45 3.84 3 94.2 
805.95 -1.00 -1.00 3 94.2 
806.31 -1.00 -1.00 3 93.3 
807.24 -1.00 -1.00 2 92.6 
807.50 -1.00 -1.00 2 92.6 
807.86 -1.00 -1.00 2 92.6 
808.22 -1.00 -1.00 2 91.7 
808.54 -1.00 -1.00 2 91.7 
808.92 -1.00 -1.00 3 91.7 
809.30 -1.00 -1.00 3 90.5 
809.57 -1.00 -1.00 2 90.5 
810.01 -1.00 -1.00 2 90.5 
810.36 -1.00 -1.00 2 89.7 
810.65 -1.00 -1.00 2 89.7 
811.12 -1.00 -1.00 2 89.7 
811.48 -1.00 -1.00 2 87.6 
811.83 -1.00 -1.00 2 87.6 
812.21 -1.00 -1.00 2 88.1 
812.60 -1.00 -1.00 1 88.1 
812.92 -1.00 -1.00 1 88.1 
813.33 -1.00 -1.00 1 89.0 
813.58 -1.00 -1.00 1 89.0 
814.05 -1.00 -1.00 1 89.0 
814.41 -1.00 -1.00 1 89.5 
814.92 -1.00 -1.00 1 89.5 
815.32 -1.00 -1.00 1 89.9 
815.82 -1.00 -1.00 1 89.9 
816.18 -1.00 -1.00 1 90.0 
816.57 -1.00 -1.00 1 90.0 
817.35 -1.00 -1.00 1 89.7 
817.81 -1.00 -1.00 1 89.7 
818.12 -1.00 -1.00 1 89.5 
818.37 -1.00 -1.00 1 89.5 
818.71 -1.00 -1.00 1 89.5 
819.17 73.59 2.96 1 89.5 
819.39 76.09 3.01 1 90.9 
819.85 76.80 3.04 1 90.9 
820.12 77.35 3.08 1 90.3 
820.47 77.93 3.11 1 90.3 
820.80 78.36 3.12 1 90.3 
821.09 -1.00 -1.00 1 88.1 
821.44 -1.00 -1.00 1 88.1 
821.75 -1.00 -1.00 1 88.1 
822.10 -1.00 -1.00 0 88.1 
822.41 -1.00 -1.00 0 89.5 
822.85 -1.00 -1.00 0 89.5 
823.16 -1.00 -1.00 0 89.3 
823.45 -1.00 -1.00 0 89.3 
823.89 -1.00 -1.00 0 89.3 
824.18 -1.00 -1.00 0 88.9 
824.48 -1.00 -1.00 0 88.9 
824.80 -1.00 -1.00 0 88.9 
825.12 -1.00 -1.00 0 88.9 
825.39 -1.00 -1.00 0 88.9 
825.72 -1.00 -1.00 0 88.9 
826.01 -1.00 -1.00 0 88.9 
826.29 -1.00 -1.00 0 87.3 
826.97 -1.00 -1.00 0 87.3 
827.29 -1.00 -1.00 0 88.9 
827.66 -1.00 -1.00 0 88.9 
827.99 -1.00 -1.00 0 88.9 
828.34 -1.00 -1.00 0 89.9 
828.62 -1.00 -1.00 0 89.9 
829.03 -1.00 -1.00 0 89.9 
829.25 -1.00 -1.00 0 89.7 
829.54 -1.00 -1.00 0 89.7 
829.87 -1.00 -1.00 1 89.7 
830.18 -1.00 -1.00 1 89.3 
830.43 -1.00 -1.00 1 89.3 
830.83 -1.00 -1.00 1 89.3 
831.11 -1.00 -1.00 1 90.0 
831.40 -1.00 -1.00 1 90.0 
831.66 -1.00 -1.00 1 90.0 
832.05 34.69 1.39 1 90.0 
832.36 38.36 1.51 1 91.6 
832.88 41.53 1.63 2 91.6 
833.23 43.47 1.69 1 92.4 
833.52 45.23 1.76 1 92.4 
833.90 46.82 1.82 2 92.4 
834.22 48.17 1.83 2 94.8 
834.55 49.41 1.88 3 94.8 
834.93 50.50 1.92 3 94.8 
835.31 51.46 1.96 3 94.4 
835.62 -1.00 -1.00 2 94.4 
836.01 -1.00 -1.00 2 94.4 
836.31 -1.00 -1.00 2 94.8 
836.58 41.27 1.57 1 94.8 
837.22 46.97 1.79 1 94.6 
837.55 51.97 1.98 1 94.6 
837.98 54.82 2.09 1 94.6 
838.30 56.31 2.15 1 94.2 
838.67 58.77 2.24 1 94.2 
839.01 60.97 2.33 1 94.2 
839.31 62.95 2.40 1 94.4 
839.64 64.74 2.47 2 94.4 
840.07 66.35 2.53 2 94.4 
840.41 67.81 2.58 2 94.6 
840.87 70.61 2.69 2 94.6 
841.17 -1.00 -1.00 1 94.7 
841.49 -1.00 -1.00 1 94.7 
841.73 -1.00 -1.00 1 94.7 
842.09 -1.00 -1.00 1 94.7 
842.38 -1.00 -1.00 1 94.2 
842.67 -1.00 -1.00 1 94.2 
843.01 -1.00 -1.00 1 94.2 
843.48 -1.00 -1.00 1 94.5 
843.76 -1.00 -1.00 1 94.5 
844.18 -1.00 -1.00 1 94.0 
844.48 27.46 1.05 1 94.0 
844.97 29.37 1.13 1 94.0 
845.33 32.00 1.23 1 94.0 
845.66 33.66 1.29 1 94.0 
846.09 37.04 1.42 1 94.0 
846.39 40.77 1.56 1 94.2 
846.68 43.05 1.64 1 94.2 
847.00 44.34 1.69 1 94.2 
847.39 46.18 1.75 1 95.1 
847.64 47.78 1.81 1 95.1 
847.99 49.17 1.86 1 95.1 
848.31 50.38 1.91 1 95.2 
848.58 52.29 1.98 1 95.2 
848.94 53.09 2.01 1 95.2 
849.21 54.63 2.06 1 95.4 
849.47 -1.00 -1.00 1 95.4 
849.90 -1.00 -1.00 1 95.4 
850.22 -1.00 -1.00 1 95.7 
850.51 -1.00 -1.00 1 95.7 
850.87 -1.00 -1.00 1 95.7 
851.18 -1.00 -1.00 1 93.0 
851.44 -1.00 -1.00 1 93.0 
851.84 -1.00 -1.00 1 93.0 
852.15 -1.00 -1.00 1 94.3 
852.47 -1.00 -1.00 0 94.3 
852.85 -1.00 -1.00 0 94.3 
853.14 18.98 0.72 1 94.7 
853.49 19.21 0.73 2 94.7 
854.03 59.23 2.25 2 94.7 
854.29 -1.00 -1.00 2 96.0 
854.55 62.79 2.35 2 96.0 
854.89 65.62 2.46 2 96.0 
855.16 -1.00 -1.00 2 98.1 
855.40 -1.00 -1.00 2 98.1 
855.68 -1.00 -1.00 2 98.1 
856.02 69.46 2.55 2 98.1 
856.31 70.13 2.58 2 97.8 
856.67 70.77 2.60 2 97.8 
857.30 71.91 2.65 2 97.8 
857.57 73.77 2.72 2 97.8 
857.97 74.09 2.73 2 97.8 
858.31 74.39 2.76 2 97.2 
858.70 74.66 2.77 2 97.2 
859.04 74.89 2.77 2 97.2 
859.42 -1.00 -1.00 1 96.6 
859.77 -1.00 -1.00 1 96.6 
860.19 -1.00 -1.00 1 95.8 
860.52 -1.00 -1.00 1 95.8 
860.99 -1.00 -1.00 1 95.8 
861.28 -1.00 -1.00 2 96.7 
861.53 20.53 0.76 2 96.7 
861.88 -1.00 -1.00 2 96.7 
862.15 21.78 0.81 2 97.1 
862.56 22.92 0.85 2 97.1 
862.94 25.70 0.95 2 97.1 
863.33 28.47 1.07 2 96.0 
863.61 32.07 1.20 2 96.0 
863.99 35.83 1.34 3 96.0 
864.28 38.92 1.47 3 95.6 
864.69 42.52 1.60 3 95.6 
865.19 46.73 1.76 3 95.6 
865.50 50.29 1.85 3 97.7 
865.82 54.90 2.02 3 97.7 
866.14 60.90 2.29 3 95.6 
866.42 67.81 2.55 3 95.6 
867.07 72.67 2.73 3 95.7 
867.42 76.61 2.88 3 95.7 
867.74 75.94 2.86 3 95.7 
868.08 80.39 3.03 2 95.5 
868.33 81.10 3.06 2 95.5 
868.65 81.80 3.08 3 95.5 
869.04 82.48 3.11 3 95.5 
869.37 83.12 3.16 3 94.6 
869.75 140.17 5.33 1 94.6 
870.00 144.62 5.55 1 93.9 
870.29 148.68 5.70 1 93.9 
870.60 152.48 5.85 1 93.9 
870.98 -1.00 -1.00 0 93.9 
871.22 -1.00 -1.00 0 93.4 
871.56 -1.00 -1.00 0 93.4 
871.90 -1.00 -1.00 0 93.4 
872.19 -1.00 -1.00 0 93.9 
872.49 -1.00 -1.00 1 93.9 
872.82 -1.00 -1.00 1 93.9 
873.10 -1.00 -1.00 1 94.7 
873.39 -1.00 -1.00 1 94.7 
873.67 -1.00 -1.00 1 94.7 
874.12 -1.00 -1.00 1 94.7 
874.39 -1.00 -1.00 1 95.0 
874.77 -1.00 -1.00 1 95.0 
875.14 -1.00 -1.00 1 95.6 
875.54 -1.00 -1.00 1 95.6 
875.83 -1.00 -1.00 1 95.6 
876.16 -1.00 -1.00 1 95.5 
876.49 -1.00 -1.00 1 95.5 
877.10 40.65 1.55 1 94.7 
877.35 44.45 1.69 1 94.7 
877.69 50.59 1.92 1 94.7 
878.00 57.86 2.20 1 94.7 
878.31 63.98 2.47 1 93.2 
878.55 66.03 2.55 1 93.2 
878.87 71.28 2.75 1 93.2 
879.15 74.01 2.87 1 92.9 
879.44 76.50 2.97 1 92.9 
879.77 78.76 3.05 1 92.9 
880.03 80.81 3.12 1 93.3 
880.41 82.65 3.19 1 93.3 
880.65 84.27 3.25 1 93.3 
880.99 85.76 3.31 1 93.3 
881.32 87.09 3.33 1 94.1 
881.64 90.32 3.45 1 94.1 
882.10 89.75 3.43 1 94.1 
882.37 92.72 3.54 1 94.2 
882.66 -1.00 -1.00 1 94.2 
883.02 -1.00 -1.00 1 94.2 
883.35 -1.00 -1.00 1 94.0 
883.69 -1.00 -1.00 0 94.0 
883.98 -1.00 -1.00 0 94.0 
884.24 -1.00 -1.00 0 94.1 
884.67 -1.00 -1.00 0 94.1 
885.03 -1.00 -1.00 0 94.1 
885.31 -1.00 -1.00 0 93.2 
885.58 -1.00 -1.00 0 93.2 
885.92 -1.00 -1.00 0 93.2 
886.19 -1.00 -1.00 0 91.7 
886.42 -1.00 -1.00 0 91.7 
887.25 -1.00 -1.00 0 91.2 
887.54 -1.00 -1.00 0 91.2 
887.88 -1.00 -1.00 0 91.2 
888.12 -1.00 -1.00 0 91.4 
888.43 -1.00 -1.00 0 91.4 
888.69 -1.00 -1.00 0 91.4 
889.06 -1.00 -1.00 0 91.4 
889.33 -1.00 -1.00 0 91.9 
889.63 -1.00 -1.00 0 91.9 
889.89 -1.00 -1.00 0 91.9 
890.24 -1.00 -1.00 0 92.7 
890.55 -1.00 -1.00 0 92.7 
890.87 -1.00 -1.00 0 92.7 
891.16 -1.00 -1.00 0 93.1 
891.50 -1.00 -1.00 0 93.1 
891.86 -1.00 -1.00 0 93.1 
892.10 -1.00 -1.00 0 93.1 
892.44 -1.00 -1.00 0 93.1 
892.69 -1.00 -1.00 0 93.1 
892.98 -1.00 -1.00 0 93.1 
893.28 -1.00 -1.00 0 92.4 
893.58 -1.00 -1.00 0 92.4 
893.88 -1.00 -1.00 0 92.4 
894.14 -1.00 -1.00 0 92.1 
894.41 -1.00 -1.00 0 92.1 
894.77 -1.00 -1.00 0 92.1 
895.06 -1.00 -1.00 0 91.8 
895.39 -1.00 -1.00 0 91.8 
895.73 -1.00 -1.00 0 91.8 
896.17 -1.00 -1.00 0 91.8 
896.49 -1.00 -1.00 0 92.4 
897.18 -1.00 -1.00 0 91.4 
897.47 -1.00 -1.00 0 91.4 
897.82 -1.00 -1.00 0 91.4 
898.12 -1.00 -1.00 0 90.9 
898.43 -1.00 -1.00 0 90.9 
898.68 -1.00 -1.00 0 90.9 
899.12 -1.00 -1.00 0 90.9 
899.40 -1.00 -1.00 0 89.1 
899.79 -1.00 -1.00 0 89.1 
900.07 -1.00 -1.00 0 90.0 
900.40 -1.00 -1.00 0 90.0 
900.65 -1.00 -1.00 0 90.0 
900.99 -1.00 -1.00 0 90.0 
901.25 -1.00 -1.00 0 89.6 
901.53 -1.00 -1.00 0 89.6 
901.86 -1.00 -1.00 0 89.6 
902.10 -1.00 -1.00 0 89.2 
902.34 -1.00 -1.00 0 89.2 
902.82 -1.00 -1.00 0 89.2 
903.12 -1.00 -1.00 0 87.4 
903.42 -1.00 -1.00 0 87.4 
903.70 -1.00 -1.00 0 87.4 
904.02 -1.00 -1.00 0 87.4 
904.32 -1.00 -1.00 0 86.3 
904.67 -1.00 -1.00 0 86.3 
905.00 -1.00 -1.00 0 86.3 
905.35 -1.00 -1.00 0 85.2 
905.60 -1.00 -1.00 0 85.2 
905.90 -1.00 -1.00 0 85.2 
906.18 -1.00 -1.00 0 84.8 
906.43 -1.00 -1.00 0 84.8 
907.07 -1.00 -1.00 0 84.9 
907.49 -1.00 -1.00 0 84.9 
907.76 -1.00 -1.00 0 84.9 
908.03 -1.00 -1.00 0 85.8 
908.29 -1.00 -1.00 0 85.8 
908.52 -1.00 -1.00 0 85.8 
908.79 -1.00 -1.00 0 85.8 
909.08 -1.00 -1.00 0 86.2 
909.34 -1.00 -1.00 0 86.2 
909.58 -1.00 -1.00 0 86.2 
909.94 -1.00 -1.00 0 86.2 
910.20 -1.00 -1.00 0 86.1 
910.51 -1.00 -1.00 1 86.1 
910.85 -1.00 -1.00 1 86.1 
911.21 -1.00 -1.00 2 85.5 
911.52 -1.00 -1.00 1 85.5 
911.85 -1.00 -1.00 1 85.5 
912.09 -1.00 -1.00 1 85.2 
912.40 -1.00 -1.00 1 85.2 
912.67 -1.00 -1.00 1 85.2 
912.97 -1.00 -1.00 1 85.2 
913.28 -1.00 -1.00 1 84.8 
913.55 -1.00 -1.00 1 84.8 
913.87 -1.00 -1.00 1 84.8 
914.16 -1.00 -1.00 1 84.6 
914.54 -1.00 -1.00 1 84.6 
914.92 44.28 1.88 2 84.6 
915.29 44.68 1.90 2 84.5 
915.57 46.27 1.97 2 84.5 
915.96 49.60 2.11 2 84.5 
916.24 53.79 2.31 2 83.8 
916.56 57.40 2.47 2 83.8 
917.25 61.08 2.60 3 84.6 
917.60 71.56 3.05 3 84.6 
917.97 73.27 3.12 3 84.6 
918.35 74.80 3.20 3 84.2 
918.63 76.14 3.26 3 84.2 
918.94 77.30 3.30 3 84.2 
919.20 78.31 3.35 3 84.2 
919.51 79.16 3.39 3 84.2 
919.87 79.86 3.42 3 84.2 
920.24 41.90 1.81 3 83.3 
920.67 44.36 1.92 3 83.3 
920.97 47.45 2.05 3 83.3 
921.23 49.17 2.10 3 84.1 
921.55 50.67 2.17 3 84.1 
921.86 52.00 2.23 3 84.1 
922.17 53.18 2.24 3 85.5 
922.42 54.22 2.28 3 85.5 
922.85 55.16 2.32 2 85.5 
923.13 81.24 3.36 1 87.0 
923.48 -1.00 -1.00 0 87.0 
923.84 -1.00 -1.00 0 87.0 
924.15 -1.00 -1.00 0 87.4 
924.48 -1.00 -1.00 0 87.4 
924.85 -1.00 -1.00 0 87.4 
925.10 -1.00 -1.00 0 88.8 
925.49 -1.00 -1.00 0 88.8 
925.76 -1.00 -1.00 0 88.8 
926.07 -1.00 -1.00 0 88.8 
926.33 -1.00 -1.00 0 88.8 
926.57 -1.00 -1.00 0 88.8 
926.85 -1.00 -1.00 0 88.8 
927.10 -1.00 -1.00 0 87.8 
927.45 -1.00 -1.00 1 87.8 
927.92 -1.00 -1.00 1 87.8 
928.20 -1.00 -1.00 1 87.3 
928.51 -1.00 -1.00 1 87.3 
928.92 -1.00 -1.00 1 87.3 
929.28 -1.00 -1.00 0 85.4 
929.58 -1.00 -1.00 0 85.4 
929.91 -1.00 -1.00 1 85.4 
930.26 -1.00 -1.00 1 86.0 
930.53 21.26 0.89 2 86.0 
930.91 21.32 0.89 2 86.0 
931.21 21.38 0.89 2 86.2 
931.48 21.72 0.91 2 86.2 
931.76 22.22 0.93 2 86.2 
932.13 22.71 0.94 2 86.5 
932.43 24.43 1.02 2 86.5 
932.70 27.14 1.13 2 86.5 
933.04 29.31 1.22 2 86.5 
933.38 30.70 1.31 2 84.4 
933.64 32.83 1.40 2 84.4 
933.93 37.95 1.62 2 84.4 
934.18 38.98 1.67 2 84.2 
934.48 40.43 1.73 2 84.2 
934.77 41.72 1.78 2 84.2 
935.04 43.49 1.88 2 83.4 
935.35 46.88 2.02 2 83.4 
935.70 58.66 2.53 1 83.4 
936.06 67.53 2.92 1 83.4 
936.33 79.63 3.44 1 83.3 
936.63 82.95 3.58 1 83.3 
937.25 84.63 3.69 1 82.5 
937.62 86.02 3.75 1 82.5 
937.97 86.00 3.75 1 82.5 
938.26 89.20 3.93 1 81.8 
938.50 92.10 4.06 1 81.8 
938.79 94.69 4.17 1 81.8 
939.04 95.16 4.16 1 82.4 
939.38 -1.00 -1.00 1 82.4 
939.78 91.28 3.99 1 82.4 
940.05 -1.00 -1.00 1 83.0 
940.36 88.35 3.83 1 83.0 
940.62 87.56 3.80 1 83.0 
940.99 84.63 3.67 1 83.0 
941.35 82.86 3.54 1 84.3 
941.72 81.22 3.47 1 84.3 
942.09 79.71 3.40 1 84.3 
942.47 78.28 3.34 1 84.3 
942.80 75.92 3.24 2 84.3 
943.18 74.77 3.21 2 83.7 
943.45 76.88 3.31 2 83.7 
943.84 -1.00 -1.00 2 83.7 
944.15 -1.00 -1.00 2 85.2 
944.48 -1.00 -1.00 2 85.2 
944.99 -1.00 -1.00 2 85.2 
945.32 -1.00 -1.00 2 84.7 
945.75 -1.00 -1.00 2 84.7 
946.10 -1.00 -1.00 2 84.0 
946.46 -1.00 -1.00 2 84.0 
947.29 -1.00 -1.00 2 84.1 
947.60 -1.00 -1.00 2 84.1 
948.07 -1.00 -1.00 3 84.1 
948.42 -1.00 -1.00 2 84.8 
948.78 -1.00 -1.00 2 84.8 
949.09 -1.00 -1.00 2 84.7 
949.46 -1.00 -1.00 1 84.7 
949.80 -1.00 -1.00 0 84.7 
950.10 -1.00 -1.00 0 86.3 
950.37 -1.00 -1.00 0 86.3 
950.64 -1.00 -1.00 0 86.3 
950.94 -1.00 -1.00 0 86.3 
951.23 -1.00 -1.00 0 86.2 
951.58 -1.00 -1.00 0 86.2 
951.95 -1.00 -1.00 0 86.2 
952.27 -1.00 -1.00 0 86.5 
952.58 -1.00 -1.00 0 86.5 
952.95 -1.00 -1.00 0 86.5 
953.25 -1.00 -1.00 1 87.2 
953.55 -1.00 -1.00 1 87.2 
953.86 -1.00 -1.00 1 87.2 
954.24 -1.00 -1.00 1 86.8 
954.54 -1.00 -1.00 1 86.8 
954.98 -1.00 -1.00 1 86.8 
955.33 -1.00 -1.00 1 86.0 
955.55 -1.00 -1.00 1 86.0 
955.89 -1.00 -1.00 1 86.0 
956.23 -1.00 -1.00 1 83.8 
956.51 -1.00 -1.00 1 83.8 
957.11 56.46 2.39 1 85.2 
957.37 61.31 2.59 2 85.2 
957.73 65.64 2.77 2 85.2 
958.06 71.68 3.03 2 85.2 
958.41 74.94 3.16 2 85.5 
958.91 77.89 3.28 2 85.5 
959.27 80.61 3.38 2 85.8 
959.66 83.05 3.49 2 85.8 
960.01 85.22 3.58 2 85.8 
960.33 87.14 3.67 2 85.4 
960.86 91.06 3.84 2 85.4 
961.27 92.23 3.85 2 86.2 
961.64 -1.00 -1.00 1 86.2 
961.94 -1.00 -1.00 1 86.2 
962.24 -1.00 -1.00 1 85.0 
962.54 -1.00 -1.00 1 85.0 
962.86 -1.00 -1.00 1 85.0 
963.13 -1.00 -1.00 1 84.9 
963.40 -1.00 -1.00 1 84.9 
963.66 -1.00 -1.00 1 84.9 
964.01 -1.00 -1.00 1 84.9 
964.29 -1.00 -1.00 1 84.4 
964.60 -1.00 -1.00 1 84.4 
965.01 49.19 2.10 1 84.4 
965.30 52.44 2.24 1 84.4 
965.61 56.73 2.42 1 84.4 
965.93 60.48 2.58 1 84.4 
966.21 62.45 2.64 1 85.1 
966.51 64.22 2.72 1 85.1 
967.10 69.97 2.99 1 84.2 
967.40 72.41 3.09 1 84.2 
967.69 74.63 3.19 1 84.2 
968.02 76.64 3.28 1 84.2 
968.26 78.46 3.24 1 87.3 
968.55 82.03 3.38 1 87.3 
968.85 83.31 3.44 1 87.3 
969.16 84.47 3.46 1 87.8 
969.43 85.51 3.51 1 87.8 
969.72 86.47 3.55 1 87.8 
970.04 87.36 3.58 1 87.8 
970.28 88.11 3.61 1 87.9 
970.54 90.78 3.72 1 87.9 
970.84 91.18 3.73 1 87.9 
971.11 91.54 3.80 1 86.7 
971.44 93.85 3.90 1 86.7 
971.71 -1.00 -1.00 0 86.7 
972.01 -1.00 -1.00 0 86.7 
972.30 -1.00 -1.00 0 83.9 
972.56 -1.00 -1.00 0 83.9 
972.92 -1.00 -1.00 0 83.9 
973.17 -1.00 -1.00 0 84.9 
973.43 -1.00 -1.00 0 84.9 
973.75 -1.00 -1.00 0 84.9 
974.03 -1.00 -1.00 0 86.7 
974.36 -1.00 -1.00 0 86.7 
974.67 -1.00 -1.00 0 86.7 
975.03 -1.00 -1.00 0 86.7 
975.34 -1.00 -1.00 1 85.5 
975.61 -1.00 -1.00 1 85.5 
976.05 -1.00 -1.00 1 85.5 
976.35 23.11 0.98 1 84.5 
977.13 24.11 1.03 1 84.5 
977.48 25.46 1.09 2 83.9 
977.88 27.93 1.20 2 83.9 
978.21 30.16 1.32 3 82.3 
978.44 34.17 1.49 3 82.3 
978.74 37.53 1.64 3 82.3 
979.05 41.43 1.81 3 82.3 
979.35 44.79 1.97 3 81.8 
979.62 48.95 2.16 3 81.8 
979.93 54.08 2.38 3 81.8 
980.20 60.58 2.66 3 82.0 
980.47 49.08 2.16 3 82.0 
980.86 55.45 2.44 3 82.0 
981.13 60.88 2.68 3 81.8 
981.40 65.69 2.89 3 81.8 
981.72 75.55 3.33 2 81.8 
982.09 77.82 3.43 2 81.8 
982.37 75.94 3.37 2 81.1 
982.73 62.29 2.76 2 81.1 
983.09 67.12 2.98 2 81.1 
983.40 76.91 3.44 1 80.5 
983.79 88.59 3.96 1 80.5 
984.14 88.19 3.97 1 80.0 
984.48 88.29 3.98 1 80.0 
984.94 -1.00 -1.00 2 80.0 
985.34 -1.00 -1.00 2 80.0 
985.66 26.58 1.20 3 80.0 
985.98 26.91 1.21 3 80.0 
986.28 27.93 1.23 2 81.5 
987.04 31.59 1.40 2 81.5 
987.35 35.84 1.60 2 80.7 
987.78 38.59 1.72 2 80.7 
988.09 44.55 2.00 2 80.3 
988.45 47.07 2.11 2 80.3 
988.75 50.43 2.26 2 80.3 
989.04 53.40 2.39 2 80.3 
989.36 67.28 2.96 2 81.9 
989.66 73.74 3.24 2 81.9 
990.11 79.48 3.49 2 81.9 
990.46 84.69 3.67 2 83.0 
990.83 -1.00 -1.00 2 83.0 
991.11 -1.00 -1.00 1 84.8 
991.38 -1.00 -1.00 1 84.8 
991.65 -1.00 -1.00 1 84.8 
991.97 108.64 4.61 1 84.8 
992.20 105.03 4.44 1 85.1 
992.52 105.90 4.48 1 85.1 
992.81 106.62 4.51 1 85.1 
993.07 109.76 4.60 1 85.9 
993.34 108.35 4.54 1 85.9 
993.63 111.34 4.67 1 85.9 
993.93 111.41 4.67 1 85.9 
994.23 111.48 4.78 1 83.9 
994.52 111.57 4.79 1 83.9 
994.94 -1.00 -1.00 0 83.9 
995.26 -1.00 -1.00 0 83.3 
995.53 -1.00 -1.00 0 83.3 
995.90 -1.00 -1.00 0 83.3 
996.21 -1.00 -1.00 0 84.0 
996.49 -1.00 -1.00 0 84.0 
997.11 -1.00 -1.00 0 84.9 
997.50 -1.00 -1.00 1 84.9 
997.92 -1.00 -1.00 1 84.9 
998.26 -1.00 -1.00 0 84.5 
998.62 -1.00 -1.00 1 84.5 
998.97 -1.00 -1.00 1 84.5 
999.29 -1.00 -1.00 1 80.2 
999.62 -1.00 -1.00 1 80.2 
999.91 -1.00 -1.00 1 80.2 
1000.21 42.90 1.91 1 81.0 
1000.52 -1.00 -1.00 1 81.0 
1000.86 -1.00 -1.00 0 81.0 
1001.12 -1.00 -1.00 0 81.2 
1001.38 -1.00 -1.00 0 81.2 
1001.68 -1.00 -1.00 0 81.2 
1002.01 -1.00 -1.00 0 81.2 
1002.34 -1.00 -1.00 0 82.5 
1002.63 -1.00 -1.00 0 82.5 
1002.92 -1.00 -1.00 0 82.5 
1003.26 -1.00 -1.00 0 83.5 
1003.56 -1.00 -1.00 0 83.5 
1003.84 -1.00 -1.00 0 83.5 
1004.13 -1.00 -1.00 0 82.7 
1004.41 -1.00 -1.00 0 82.7 
1004.68 -1.00 -1.00 0 82.7 
1004.94 -1.00 -1.00 0 82.7 
1005.21 -1.00 -1.00 0 82.0 
1005.50 -1.00 -1.00 0 82.0 
1005.80 -1.00 -1.00 0 82.0 
1006.16 -1.00 -1.00 0 80.4 
1006.42 -1.00 -1.00 0 80.4 
1006.69 -1.00 -1.00 0 80.4 
1006.99 -1.00 -1.00 0 80.4 
1007.24 -1.00 -1.00 0 79.9 
1007.46 -1.00 -1.00 0 79.9 
1007.75 -1.00 -1.00 0 79.9 
1008.05 -1.00 -1.00 0 78.0 
1008.30 -1.00 -1.00 0 78.0 
1008.57 -1.00 -1.00 1 78.0 
1008.90 -1.00 -1.00 1 78.0 
1009.15 -1.00 -1.00 1 77.3 
1009.43 -1.00 -1.00 1 77.3 
1009.75 -1.00 -1.00 0 77.3 
1010.04 -1.00 -1.00 2 77.3 
1010.30 -1.00 -1.00 1 75.6 
1010.57 -1.00 -1.00 1 75.6 
1010.88 -1.00 -1.00 2 75.6 
1011.11 -1.00 -1.00 2 75.5 
1011.37 -1.00 -1.00 2 75.5 
1011.64 70.96 3.38 2 75.5 
1011.95 -1.00 -1.00 2 75.5 
1012.22 -1.00 -1.00 2 74.5 
1012.46 -1.00 -1.00 2 74.5 
1012.70 -1.00 -1.00 2 74.5 
1013.02 -1.00 -1.00 1 74.5 
1013.26 -1.00 -1.00 1 73.9 
1013.64 -1.00 -1.00 1 73.9 
1013.93 -1.00 -1.00 1 73.9 
1014.16 -1.00 -1.00 0 75.1 
1014.40 -1.00 -1.00 0 75.1 
1014.66 -1.00 -1.00 0 75.1 
1015.06 -1.00 -1.00 0 75.1 
1015.29 -1.00 -1.00 0 76.8 
1015.56 -1.00 -1.00 0 76.8 
1015.84 -1.00 -1.00 0 76.8 
1016.09 -1.00 -1.00 0 75.4 
1016.41 -1.00 -1.00 1 75.4 
1017.04 -1.00 -1.00 1 75.4 
1017.26 -1.00 -1.00 1 74.6 
1017.61 -1.00 -1.00 1 74.6 
1017.95 -1.00 -1.00 1 74.6 
1018.24 -1.00 -1.00 1 76.8 
1018.61 -1.00 -1.00 1 76.8 
1018.89 -1.00 -1.00 1 76.8 
1019.29 -1.00 -1.00 1 77.6 
1019.63 -1.00 -1.00 1 77.6 
1020.00 -1.00 -1.00 1 77.6 
1020.29 -1.00 -1.00 1 77.6 
1020.60 -1.00 -1.00 1 77.6 
1020.96 -1.00 -1.00 1 77.6 
1021.27 -1.00 -1.00 1 78.3 
1021.53 -1.00 -1.00 0 78.3 
1021.95 -1.00 -1.00 0 78.3 
1022.26 -1.00 -1.00 0 74.1 
1022.54 -1.00 -1.00 0 74.1 
1022.83 -1.00 -1.00 0 74.1 
1023.09 -1.00 -1.00 0 73.9 
1023.36 -1.00 -1.00 0 73.9 
1023.78 -1.00 -1.00 0 73.9 
1024.18 -1.00 -1.00 0 73.5 
1024.55 -1.00 -1.00 0 73.5 
1024.91 -1.00 -1.00 0 73.5 
1025.29 -1.00 -1.00 0 71.2 
1025.51 -1.00 -1.00 0 71.2 
1025.84 -1.00 -1.00 0 71.2 
1026.15 -1.00 -1.00 0 69.7 
1026.54 -1.00 -1.00 0 69.7 
1027.26 -1.00 -1.00 0 68.1 
1027.52 -1.00 -1.00 0 68.1 
1027.75 -1.00 -1.00 0 68.1 
1028.06 -1.00 -1.00 0 68.1 
1028.38 -1.00 -1.00 0 66.2 
1028.62 -1.00 -1.00 0 66.2 
1029.05 -1.00 -1.00 0 66.2 
1029.38 -1.00 -1.00 0 64.4 
1029.64 -1.00 -1.00 0 64.4 
1029.98 -1.00 -1.00 0 64.4 
1030.31 -1.00 -1.00 0 55.2 
1030.69 -1.00 -1.00 0 55.2 
1031.03 -1.00 -1.00 0 55.2 
1031.37 27.98 1.99 1 50.5 
1031.72 27.64 1.97 1 50.5 
1032.07 26.77 1.91 2 50.5 
