7.61 0.0 40.504292 -3.353350 603.6 34 767 -1 -1 0 0 0 
8.61 0.0 40.504292 -3.353350 603.6 34 767 -1 -1 0 0 0 
9.61 85.6 40.505947 -3.359148 597.2 12 5 271.1 174.375 0 0 0 
10.60 85.6 40.505951 -3.359561 597.6 12 10 271.1 174.023 0 0 0 
11.61 85.8 40.505962 -3.359817 605.5 12 10 272.8 1.758 0 0 0 
12.61 87.0 40.505981 -3.360103 604.0 3 5 270.0 2.812 0 0 0 
13.63 86.7 40.505978 -3.360397 603.9 3 5 268.9 3.867 0 0 0 
14.62 87.6 40.505974 -3.360711 604.5 3 5 268.2 1.758 0 0 0 
15.61 88.1 40.505966 -3.361001 604.8 3 5 266.5 2.461 0 0 0 
16.65 86.4 40.505932 -3.361323 605.7 3 5 264.7 3.516 0 0 0 
17.65 83.7 40.505867 -3.361555 605.6 3 5 264.0 2.461 0 0 0 
18.60 80.2 40.505840 -3.361849 605.6 4 5 261.2 3.516 0 0 0 
19.62 78.9 40.505810 -3.362102 606.2 4 5 260.2 3.867 2 0 0 
20.65 79.9 40.505775 -3.362346 606.9 3 5 257.7 3.516 0 0 0 
21.60 81.2 40.505718 -3.362601 606.9 3 5 255.2 4.922 0 0 0 
22.61 82.5 40.505665 -3.362864 607.2 3 5 254.2 3.516 0 0 0 
23.61 84.0 40.505604 -3.363126 607.5 3 5 254.2 1.055 0 0 0 
24.59 83.2 40.505543 -3.363386 608.2 3 5 254.2 0 0 0 0 
25.65 86.1 40.505478 -3.363657 608.5 3 5 252.4 1.758 0 0 0 
26.66 87.3 40.505405 -3.363925 608.5 3 5 251.0 3.164 0 0 0 
27.69 88.2 40.505329 -3.364194 608.4 3 5 249.3 3.164 0 0 0 
28.61 89.4 40.505245 -3.364471 608.5 3 5 247.9 3.164 0 0 0 
29.59 89.7 40.505154 -3.364743 609.1 3 5 246.8 2.461 0 0 0 
30.64 90.1 40.505066 -3.365014 608.6 3 5 245.7 2.109 0 0 0 
31.61 90.0 40.504971 -3.365278 607.8 3 5 243.6 3.164 0 0 0 
32.59 89.7 40.504868 -3.365538 609.0 3 5 241.9 3.867 0 0 0 
33.59 90.0 40.504757 -3.365793 608.0 3 5 240.8 2.812 0 0 0 
34.69 90.5 40.504639 -3.366044 607.8 3 5 239.1 2.812 0 0 0 
35.59 91.0 40.504520 -3.366291 607.7 3 5 238.4 2.461 1 0 0 
36.59 91.4 40.504402 -3.366526 607.5 3 5 237.7 1.406 1 1 0 
37.61 91.2 40.504280 -3.366777 607.6 3 5 237.3 1.055 1 1 0 
38.59 90.7 40.504158 -3.367023 607.1 3 5 237.3 0.352 0 1 0 
39.61 91.4 40.504036 -3.367276 606.7 3 5 238.0 0.703 0 1 0 
40.61 92.1 40.503918 -3.367523 606.3 3 5 238.4 1.055 0 1 0 
41.65 91.7 40.503799 -3.367775 606.3 3 5 238.0 0.352 0 1 0 
42.59 91.0 40.503677 -3.368027 605.6 3 5 238.0 0.352 1 1 0 
43.62 90.4 40.503559 -3.368282 605.3 3 5 238.4 0.352 1 1 0 
44.61 94.0 40.503429 -3.368536 604.8 3 5 237.3 1.055 1 2 0 
45.60 96.3 40.503300 -3.368796 604.6 3 5 237.7 0.703 2 2 0 
46.62 98.0 40.503170 -3.369065 604.7 3 5 237.7 0.352 2 2 0 
47.59 98.7 40.503040 -3.369340 604.1 3 5 237.7 0 2 2 0 
48.60 98.8 40.502903 -3.369615 604.3 3 5 237.3 0.352 2 2 0 
49.59 99.6 40.502769 -3.369887 605.1 3 5 237.0 0.703 0 2 0 
50.60 99.6 40.502625 -3.370162 605.0 3 5 236.2 1.055 0 2 0 
51.60 99.6 40.502487 -3.370438 603.7 3 5 237.0 0.703 0 2 0 
52.64 99.9 40.502346 -3.370712 603.7 3 5 237.7 1.406 0 2 0 
53.60 100.2 40.502216 -3.370989 603.4 3 5 238.0 1.055 1 2 0 
54.61 99.0 40.502083 -3.371269 602.9 3 5 237.7 0.352 1 2 0 
55.61 98.0 40.501949 -3.371543 603.3 3 5 237.3 0.703 0 2 0 
56.59 98.7 40.501816 -3.371814 603.3 3 5 236.6 1.055 0 2 0 
57.63 100.1 40.501678 -3.372086 602.2 3 5 236.6 0.703 0 2 0 
58.60 100.3 40.501537 -3.372358 602.4 3 5 236.6 0 0 2 0 
59.60 100.7 40.501396 -3.372636 602.6 3 5 236.6 0 1 2 0 
60.60 100.6 40.501259 -3.372920 602.7 3 5 237.0 0.352 1 2 0 
61.59 98.3 40.501125 -3.373194 602.8 3 5 237.3 0.703 2 3 0 
62.60 97.8 40.500992 -3.373461 602.3 3 5 237.3 0.352 1 3 0 
63.61 98.1 40.500870 -3.373704 602.0 3 5 237.3 0 1 3 0 
64.65 99.0 40.500740 -3.373986 602.2 3 5 237.3 0 0 3 0 
65.60 100.0 40.500610 -3.374258 601.7 3 5 237.7 0.352 0 3 0 
66.69 100.8 40.500473 -3.374534 601.7 3 5 237.7 0.352 0 3 0 
67.62 100.3 40.500336 -3.374815 601.8 3 5 237.0 0.703 0 3 0 
68.61 99.6 40.500202 -3.375077 601.5 3 5 236.6 1.055 0 3 0 
69.61 98.4 40.500069 -3.375350 600.8 3 5 236.2 0.703 0 3 0 
70.60 97.9 40.499928 -3.375615 600.6 3 5 237.0 0.703 0 3 0 
71.61 98.9 40.499802 -3.375887 599.7 4 5 237.7 1.406 0 3 0 
72.64 98.7 40.499672 -3.376164 600.5 4 5 237.3 0.352 1 3 0 
73.62 99.9 40.499531 -3.376443 600.1 3 5 237.0 0.703 2 3 0 
74.66 101.3 40.499397 -3.376720 599.3 3 5 236.6 0.703 1 3 0 
75.65 102.6 40.499256 -3.377000 599.0 3 5 236.2 0.703 1 3 0 
76.61 105.0 40.499111 -3.377288 598.9 4 5 236.2 0.352 1 4 0 
77.61 106.3 40.498966 -3.377575 598.8 4 5 235.9 0.352 1 4 0 
78.59 106.5 40.498821 -3.377872 599.4 4 5 236.6 0.703 0 4 0 
79.61 106.2 40.498669 -3.378158 599.2 4 5 235.9 0.703 0 4 0 
80.61 103.4 40.498528 -3.378449 598.6 4 5 235.5 1.055 0 4 0 
81.59 103.4 40.498386 -3.378739 598.6 4 5 235.2 0.703 0 4 0 
82.59 103.9 40.498230 -3.379019 599.0 3 5 235.5 0.352 1 4 0 
83.60 103.0 40.498077 -3.379304 598.6 4 5 235.5 0.352 2 4 0 
84.59 102.1 40.497932 -3.379582 598.3 3 5 235.9 0.352 2 4 0 
85.59 101.4 40.497791 -3.379853 598.0 3 5 236.6 1.055 1 4 0 
86.59 102.2 40.497650 -3.380132 597.9 3 5 236.6 0.703 0 4 0 
87.61 103.3 40.497513 -3.380406 597.7 3 5 237.0 0.352 0 4 0 
88.59 102.1 40.497372 -3.380693 597.1 3 5 237.0 0.352 0 4 0 
89.59 101.3 40.497234 -3.380960 596.6 4 5 236.2 0.703 0 4 0 
90.59 101.3 40.497089 -3.381232 595.9 4 5 235.9 1.055 0 4 0 
91.59 101.7 40.496948 -3.381510 596.1 4 5 235.5 0.703 1 4 0 
92.59 101.1 40.496799 -3.381787 596.8 4 5 235.9 0.352 2 4 0 
93.59 100.5 40.496655 -3.382058 597.4 3 5 235.5 0.352 2 5 1 
94.63 100.8 40.496517 -3.382330 597.9 3 5 236.2 0.703 2 5 1 
95.64 100.0 40.496376 -3.382601 598.2 3 5 237.0 1.406 0 5 1 
96.59 99.8 40.496243 -3.382870 598.0 3 5 236.2 0.703 0 5 1 
97.59 98.2 40.496101 -3.383141 599.2 3 5 235.2 1.758 0 5 1 
98.67 99.2 40.495960 -3.383398 595.6 4 5 234.8 1.406 0 4 0 
99.61 100.1 40.495811 -3.383669 595.2 4 5 234.1 1.055 0 4 0 
100.62 100.5 40.495663 -3.383935 595.7 3 5 233.4 1.406 0 4 0 
101.60 100.4 40.495514 -3.384205 596.2 4 5 233.4 0.703 0 4 0 
102.64 100.7 40.495361 -3.384470 596.4 4 5 233.8 0.352 0 4 0 
103.62 100.9 40.495209 -3.384738 596.7 4 5 233.8 0.352 0 4 0 
104.59 100.7 40.495071 -3.385002 597.0 4 5 233.4 0.352 2 4 0 
105.60 100.7 40.494926 -3.385270 597.5 4 5 233.1 0.703 2 4 0 
106.61 100.0 40.494774 -3.385523 597.3 4 5 232.0 1.406 2 4 0 
107.60 101.1 40.494617 -3.385784 597.4 4 5 231.7 1.406 1 4 0 
108.62 100.8 40.494457 -3.386039 597.3 4 5 231.3 0.703 1 4 0 
109.59 99.1 40.494301 -3.386284 597.2 4 5 231.3 0.352 1 4 0 
110.67 98.2 40.494141 -3.386534 597.1 4 5 231.7 0.352 2 4 0 
111.67 95.3 40.493996 -3.386794 597.2 6 5 232.4 1.055 0 4 0 
112.60 94.6 40.493851 -3.387043 597.0 6 5 231.7 0.703 0 4 0 
113.69 95.0 40.493694 -3.387289 596.6 6 5 230.6 1.758 0 4 0 
114.61 94.2 40.493553 -3.387521 596.6 6 5 230.3 1.406 1 4 0 
115.60 95.2 40.493389 -3.387766 596.6 6 5 229.9 0.703 0 4 0 
116.60 96.6 40.493244 -3.388000 596.8 6 5 229.2 1.055 0 4 0 
117.64 97.8 40.493080 -3.388243 596.9 6 5 229.2 0.703 0 4 0 
118.63 98.8 40.492916 -3.388488 596.5 6 5 228.2 1.055 0 4 0 
119.61 100.8 40.492744 -3.388731 597.9 6 5 227.8 1.406 0 4 0 
120.61 99.5 40.492577 -3.388988 596.8 6 5 227.8 0.352 0 4 0 
121.63 98.5 40.492397 -3.389242 596.4 6 5 227.8 0 0 4 0 
122.64 96.6 40.492233 -3.389488 596.1 6 5 227.5 0.352 0 4 0 
123.63 94.7 40.492065 -3.389725 596.1 6 5 227.5 0.352 1 4 0 
124.63 94.5 40.491913 -3.389957 595.4 6 5 226.8 0.703 2 4 0 
125.64 94.5 40.491749 -3.390185 595.4 4 5 226.4 1.055 2 4 0 
126.61 95.0 40.491589 -3.390395 595.1 4 5 226.1 0.703 1 4 0 
127.61 96.0 40.491421 -3.390621 595.0 4 5 225.7 0.703 0 4 0 
128.61 97.2 40.491257 -3.390845 595.2 4 5 225.4 0.703 0 4 0 
129.62 97.9 40.491077 -3.391070 595.4 4 5 225.7 0.352 0 4 0 
130.62 97.9 40.490913 -3.391289 595.2 4 5 227.1 1.758 1 4 0 
131.59 96.6 40.490742 -3.391522 595.1 4 5 226.8 1.055 2 4 0 
132.66 95.3 40.490570 -3.391749 594.8 4 5 226.1 1.055 1 4 0 
133.60 93.3 40.490410 -3.391969 594.7 4 5 225.4 1.406 0 4 0 
134.62 93.0 40.490250 -3.392187 594.6 4 5 225.4 0.703 0 4 0 
135.60 92.4 40.490093 -3.392406 594.4 4 5 226.4 1.055 1 4 0 
136.77 91.7 40.489777 -3.392846 593.7 4 5 227.1 1.406 2 4 0 
137.61 91.7 40.489777 -3.392846 593.7 4 5 227.1 0.703 1 4 0 
138.59 92.3 40.489613 -3.393061 594.4 4 5 225.4 1.758 0 4 0 
139.62 92.8 40.489452 -3.393279 594.4 4 5 225.0 2.109 0 4 0 
140.65 93.2 40.489288 -3.393496 593.8 4 5 225.4 0.352 0 4 0 
141.60 93.8 40.489124 -3.393718 593.9 4 5 226.1 1.055 0 4 0 
142.59 93.6 40.488964 -3.393930 594.1 4 5 227.1 1.758 0 4 0 
143.62 93.8 40.488800 -3.394154 593.9 3 5 226.8 0.703 0 4 0 
144.62 92.1 40.488640 -3.394373 594.2 4 5 225.7 1.406 0 4 0 
145.60 91.6 40.488472 -3.394576 594.2 4 5 225.0 1.758 1 3 0 
146.60 91.0 40.488308 -3.394788 593.6 4 5 225.0 0.703 2 4 0 
147.59 90.4 40.488155 -3.395001 593.4 4 5 226.1 1.055 1 4 0 
148.62 92.0 40.487991 -3.395217 593.5 4 5 226.8 1.758 1 4 0 
149.59 92.0 40.487835 -3.395438 593.5 4 5 226.4 0.352 1 4 0 
150.59 92.9 40.487679 -3.395663 594.1 4 5 225.4 1.406 1 4 0 
151.60 93.7 40.487511 -3.395884 594.2 3 5 224.6 1.758 2 4 0 
152.60 94.5 40.487343 -3.396098 594.6 3 5 224.3 1.055 1 4 0 
153.60 94.9 40.487175 -3.396317 594.9 3 5 225.0 0.703 0 4 0 
154.61 95.0 40.487007 -3.396531 594.7 3 5 224.6 0.352 0 4 0 
155.63 95.0 40.486839 -3.396755 594.2 3 5 224.6 0.352 0 4 0 
156.65 95.2 40.486671 -3.396971 596.5 3 5 222.9 1.758 0 4 0 
157.60 94.8 40.486496 -3.397179 594.4 3 5 220.8 3.867 0 4 0 
158.63 94.6 40.486317 -3.397384 594.9 3 5 221.5 1.406 0 4 0 
159.59 94.8 40.486141 -3.397605 595.0 4 5 221.8 1.055 0 4 0 
160.59 94.3 40.485962 -3.397811 595.0 3 5 221.8 0.352 1 4 0 
161.59 93.9 40.485790 -3.398013 594.9 3 5 220.8 1.055 1 4 0 
162.77 93.2 40.485432 -3.398418 596.0 3 5 219.4 1.406 1 4 0 
163.60 93.2 40.485432 -3.398418 596.0 3 5 219.4 1.406 1 4 0 
164.69 93.9 40.485249 -3.398623 595.1 3 5 218.7 1.055 0 4 0 
165.60 94.6 40.485062 -3.398803 595.3 4 5 217.3 2.109 0 4 0 
166.60 95.0 40.484875 -3.398993 595.4 4 5 218.0 0.703 0 4 0 
167.65 95.2 40.484684 -3.399177 595.5 4 5 216.2 1.758 0 4 0 
168.62 96.9 40.484486 -3.399362 595.1 4 5 215.9 2.109 1 4 0 
169.59 94.5 40.484295 -3.399536 595.0 4 5 215.9 0.352 1 4 0 
170.60 94.5 40.484100 -3.399718 595.0 4 5 215.9 0 2 4 0 
171.60 93.3 40.483913 -3.399908 594.4 6 5 217.6 1.758 0 4 0 
172.60 92.3 40.483730 -3.400103 593.9 6 5 218.0 2.109 0 4 0 
173.60 93.1 40.483547 -3.400284 594.0 6 5 217.6 0.352 0 4 0 
174.65 93.4 40.483364 -3.400459 593.6 4 5 217.3 0.703 0 4 0 
175.60 93.3 40.483166 -3.400627 593.4 4 5 216.9 0.703 0 4 0 
176.66 93.1 40.482975 -3.400809 593.1 4 5 216.6 0.703 0 4 0 
177.60 93.3 40.482784 -3.400995 592.5 4 5 216.6 0.352 0 4 0 
178.61 93.5 40.482594 -3.401176 592.4 4 5 217.3 0.703 1 4 0 
179.60 92.6 40.482407 -3.401360 592.0 4 5 216.9 0.352 1 4 0 
180.62 91.1 40.482224 -3.401539 591.2 4 5 216.9 0.352 2 4 0 
181.62 90.3 40.482040 -3.401702 590.5 4 5 216.9 0 1 4 0 
182.61 90.3 40.481861 -3.401881 591.7 4 5 216.2 0.703 0 4 0 
183.68 89.3 40.481678 -3.402049 590.4 4 5 213.0 3.867 0 4 0 
184.75 93.0 40.481491 -3.402221 590.1 4 5 214.8 1.758 2 4 0 
185.61 93.7 40.481304 -3.402404 589.9 4 5 215.9 2.812 1 4 0 
186.60 92.7 40.481113 -3.402574 589.8 4 5 216.6 1.758 0 4 0 
187.61 94.5 40.480927 -3.402759 589.3 4 5 217.6 1.758 0 4 0 
188.60 95.4 40.480740 -3.402949 589.0 4 5 217.3 0.703 0 4 0 
189.60 94.4 40.480553 -3.403134 588.8 4 5 216.9 0.703 0 4 0 
190.61 92.2 40.480370 -3.403316 588.4 4 5 216.9 0.352 0 4 0 
191.61 90.6 40.480186 -3.403496 589.2 4 5 217.6 0.703 1 4 0 
192.64 90.0 40.480019 -3.403675 588.0 4 5 218.3 1.406 2 4 0 
193.63 91.3 40.479843 -3.403872 587.8 4 5 218.3 0.703 2 4 0 
194.67 92.3 40.479652 -3.404059 587.6 4 5 218.3 0 2 4 0 
195.73 92.5 40.479473 -3.404243 587.2 4 5 218.0 0.352 2 4 0 
196.61 92.7 40.479290 -3.404430 587.2 4 5 218.7 0.703 1 4 0 
197.78 94.1 40.478939 -3.404827 586.5 4 5 221.5 1.758 1 4 0 
198.67 94.1 40.478939 -3.404827 586.5 4 5 221.5 2.812 1 4 0 
199.64 94.1 40.478760 -3.405031 586.5 4 5 221.5 1.758 2 4 0 
200.61 95.0 40.478584 -3.405239 586.3 4 5 222.5 1.055 2 5 1 
201.62 96.0 40.478413 -3.405458 586.0 4 5 223.2 1.758 2 5 1 
202.64 96.8 40.478237 -3.405681 586.9 4 5 223.9 1.406 1 5 1 
203.61 97.0 40.478058 -3.405903 586.6 4 5 223.6 0.352 1 5 1 
204.61 95.8 40.477886 -3.406125 585.5 4 5 223.9 0.352 0 5 1 
205.59 94.1 40.477722 -3.406349 585.0 3 5 225.7 2.109 0 5 1 
206.61 93.9 40.477562 -3.406570 584.3 3 5 226.8 2.812 0 5 1 
207.62 94.9 40.477406 -3.406806 584.1 3 5 227.8 2.109 0 5 1 
208.59 94.3 40.477249 -3.407038 587.1 3 5 228.9 2.109 2 5 1 
209.78 95.8 40.476952 -3.407520 583.9 3 5 229.6 1.758 1 5 1 
210.59 95.8 40.476952 -3.407520 583.9 3 5 229.6 0.703 1 5 1 
211.61 96.2 40.476795 -3.407761 583.7 4 5 229.6 0 0 5 1 
212.60 96.5 40.476639 -3.408003 583.5 4 5 229.9 0.352 0 5 1 
213.59 96.8 40.476494 -3.408243 583.2 4 5 231.3 1.758 0 4 0 
214.60 96.1 40.476345 -3.408498 583.1 4 5 232.7 2.812 0 4 0 
215.69 96.0 40.476204 -3.408754 585.7 3 5 233.8 2.461 0 4 0 
216.62 95.8 40.476059 -3.409009 584.8 3 5 233.8 1.055 0 4 0 
217.66 95.6 40.475922 -3.409271 582.9 3 5 235.2 1.406 0 4 0 
218.62 95.2 40.475788 -3.409528 583.1 3 5 236.6 2.812 1 4 0 
219.61 95.7 40.475666 -3.409791 583.7 3 5 237.7 2.461 2 5 1 
220.62 96.0 40.475536 -3.410061 584.7 3 5 238.0 1.406 2 5 1 
221.59 96.7 40.475410 -3.410326 583.7 3 5 238.4 0.703 1 5 1 
222.60 97.1 40.475281 -3.410596 584.0 3 5 238.0 0.352 0 5 1 
223.66 97.1 40.475151 -3.410864 584.0 3 5 238.4 0.352 0 4 0 
224.63 96.6 40.475025 -3.411140 584.7 3 5 239.4 1.406 0 4 0 
225.63 96.3 40.474911 -3.411410 586.0 3 5 241.2 2.812 0 4 0 
226.70 96.6 40.474804 -3.411694 583.9 3 5 242.9 3.516 0 4 0 
227.62 97.1 40.474697 -3.411980 584.4 3 5 243.6 2.461 0 4 0 
228.60 97.1 40.474586 -3.412268 584.6 3 5 243.6 0.703 0 4 0 
229.60 96.9 40.474480 -3.412555 584.8 3 5 243.6 0 1 4 0 
230.59 96.7 40.474377 -3.412840 584.8 3 5 244.7 1.055 1 4 0 
231.63 96.5 40.474277 -3.413127 585.3 3 5 245.0 1.406 1 4 0 
232.74 97.0 40.474182 -3.413419 585.3 3 5 246.4 1.758 0 4 0 
233.62 97.7 40.474087 -3.413718 585.9 3 5 247.5 2.461 0 4 0 
234.62 98.4 40.473995 -3.414014 586.3 3 5 248.6 2.109 0 4 0 
235.62 98.0 40.473907 -3.414317 586.5 3 5 249.3 1.758 0 4 0 
236.62 97.8 40.473824 -3.414617 586.8 3 5 249.6 1.055 1 4 0 
237.66 97.5 40.473740 -3.414916 587.5 3 5 250.0 0.703 1 4 0 
238.67 97.3 40.473663 -3.415218 588.1 3 5 251.0 1.406 2 5 1 
239.62 97.2 40.473587 -3.415521 589.3 3 5 252.1 2.109 1 5 1 
240.61 97.7 40.473515 -3.415825 588.9 3 5 252.8 1.758 0 4 0 
241.61 97.4 40.473442 -3.416129 588.9 3 5 252.4 0.352 0 4 0 
242.63 97.0 40.473370 -3.416432 588.9 3 5 252.1 0.703 0 4 0 
243.60 97.1 40.473297 -3.416740 589.0 3 5 251.7 0.703 1 4 0 
244.61 96.7 40.473213 -3.417041 588.9 3 5 251.0 1.055 1 4 0 
245.61 96.3 40.473133 -3.417330 588.7 3 5 251.7 0.703 0 4 0 
246.61 96.3 40.473057 -3.417630 588.8 3 5 251.7 0.703 0 4 0 
247.61 96.4 40.472980 -3.417930 588.2 4 5 251.7 0 0 4 0 
248.61 95.1 40.472908 -3.418230 588.1 4 5 252.4 0.703 1 4 0 
249.63 95.4 40.472847 -3.418516 587.7 4 5 252.1 0.352 1 4 0 
250.64 95.9 40.472778 -3.418812 588.6 4 5 252.4 0.352 1 5 1 
251.62 96.2 40.472710 -3.419090 587.8 4 5 252.1 0.352 0 5 1 
252.60 95.1 40.472652 -3.419370 586.8 4 5 251.7 0.703 0 5 1 
253.61 96.2 40.472584 -3.419671 585.9 4 5 252.1 0.352 1 5 1 
254.60 95.9 40.472507 -3.419975 585.7 4 5 252.1 0.352 1 5 0 
255.74 95.6 40.472435 -3.420277 584.8 4 5 251.4 0.703 2 4 0 
256.62 94.8 40.472363 -3.420575 584.1 4 5 250.7 1.406 0 4 0 
257.65 94.0 40.472271 -3.420876 583.8 4 5 250.0 1.406 0 4 0 
258.60 92.8 40.472187 -3.421162 583.3 4 5 249.3 1.406 1 4 0 
259.64 91.0 40.472107 -3.421452 583.0 4 5 250.0 0.703 2 4 0 
260.59 89.5 40.472034 -3.421730 582.5 4 5 250.3 1.055 2 4 0 
261.59 87.8 40.471962 -3.422007 582.1 4 5 251.0 1.055 1 4 0 
262.60 86.4 40.471889 -3.422282 582.9 4 5 251.4 1.055 0 4 0 
263.66 86.9 40.471821 -3.422552 582.1 6 5 250.0 1.406 0 4 0 
264.62 88.9 40.471741 -3.422828 581.9 4 5 250.0 1.406 0 4 0 
265.62 91.0 40.471661 -3.423107 581.7 4 5 249.3 0.703 1 4 0 
266.59 91.5 40.471581 -3.423387 581.7 4 5 249.6 0.352 1 4 0 
267.62 90.9 40.471512 -3.423669 582.0 4 5 250.3 1.055 2 4 0 
268.62 90.4 40.471432 -3.423946 581.4 4 5 248.2 2.109 2 4 0 
269.62 91.0 40.471352 -3.424217 581.1 3 5 247.9 2.461 2 4 0 
270.60 92.2 40.471264 -3.424484 581.7 3 5 247.5 0.703 0 4 0 
271.73 92.8 40.471180 -3.424768 581.0 3 5 247.5 0.352 0 4 0 
272.59 94.5 40.471092 -3.425041 580.7 4 5 247.5 0 0 4 0 
273.60 96.4 40.471004 -3.425337 580.6 4 5 247.9 0.352 0 4 0 
274.59 97.4 40.470917 -3.425640 580.4 4 5 248.6 1.055 0 4 0 
275.60 97.8 40.470829 -3.425937 582.0 4 5 248.9 1.055 0 4 0 
276.60 98.7 40.470730 -3.426237 580.4 4 5 249.3 0.703 0 4 0 
277.60 98.1 40.470642 -3.426536 580.3 4 5 249.3 0.352 0 4 0 
278.59 97.2 40.470554 -3.426836 580.3 4 5 248.6 0.703 0 4 0 
279.70 96.6 40.470463 -3.427134 581.9 4 5 248.6 0.703 0 4 0 
280.60 97.1 40.470367 -3.427429 580.5 4 5 248.9 0.352 1 4 0 
281.63 98.6 40.470295 -3.427732 581.0 4 5 252.1 3.516 0 3 0 
282.59 99.1 40.470222 -3.428040 581.2 4 5 251.4 2.461 0 3 0 
283.60 98.7 40.470146 -3.428347 582.6 4 5 251.4 0.703 0 3 0 
284.62 99.5 40.470070 -3.428667 583.5 4 5 251.0 0.352 0 3 0 
285.59 99.9 40.469990 -3.428982 582.8 4 5 250.3 1.055 0 3 0 
286.76 99.2 40.469814 -3.429603 584.1 4 5 251.0 1.055 2 4 0 
287.61 99.2 40.469814 -3.429603 584.1 4 5 251.0 1.055 2 4 0 
288.64 99.7 40.469742 -3.429903 584.3 4 5 253.1 3.164 2 4 0 
289.67 100.8 40.469677 -3.430218 585.3 4 5 254.5 3.516 1 4 0 
290.62 101.1 40.469612 -3.430542 586.0 4 5 254.2 1.055 2 4 0 
291.66 101.8 40.469555 -3.430864 587.4 4 5 254.9 0.703 2 4 0 
292.59 101.3 40.469482 -3.431184 588.7 4 5 255.6 1.406 1 4 0 
293.59 103.1 40.469418 -3.431502 589.7 4 5 257.3 2.461 1 4 0 
294.61 103.3 40.469357 -3.431825 590.1 4 5 257.3 1.758 0 4 0 
295.60 102.0 40.469303 -3.432147 591.2 4 5 258.0 0.703 0 4 0 
296.60 102.7 40.469242 -3.432473 590.2 4 5 258.8 1.406 0 4 0 
297.61 102.1 40.469193 -3.432800 588.8 4 5 259.8 1.758 0 4 0 
298.62 102.3 40.469147 -3.433127 589.3 4 5 259.8 1.055 2 4 0 
299.61 100.6 40.469105 -3.433448 590.2 4 5 260.2 0.352 0 4 0 
300.60 100.3 40.469055 -3.433773 590.8 3 5 260.2 0.352 0 4 0 
301.60 100.0 40.469009 -3.434099 591.9 4 5 259.5 0.703 0 4 0 
302.60 98.9 40.468964 -3.434415 592.8 4 5 259.1 1.055 0 4 0 
303.62 96.3 40.468910 -3.434724 593.4 4 5 258.8 0.703 0 4 0 
304.60 95.8 40.468857 -3.435023 593.1 4 5 258.0 1.055 0 4 0 
305.60 96.0 40.468807 -3.435332 593.0 3 5 258.0 0.703 0 4 0 
306.61 95.6 40.468758 -3.435649 593.7 4 5 258.0 0 0 4 0 
307.66 93.9 40.468716 -3.435944 593.5 4 5 258.4 0.352 0 4 0 
308.60 94.9 40.468662 -3.436253 593.8 4 5 257.7 0.703 0 4 0 
309.62 95.4 40.468609 -3.436561 593.9 4 5 257.3 1.055 0 3 0 
310.62 94.8 40.468559 -3.436854 593.4 4 5 257.7 0.352 0 3 0 
311.61 93.0 40.468506 -3.437157 593.1 3 5 257.3 0.352 0 3 0 
312.61 91.4 40.468460 -3.437438 592.7 3 5 257.0 0.703 0 3 0 
313.62 89.9 40.468410 -3.437737 592.1 4 5 257.3 0.352 1 3 0 
314.59 89.1 40.468361 -3.438034 592.0 4 5 257.0 0.352 1 3 0 
315.61 90.3 40.468307 -3.438325 591.4 4 5 257.0 0.352 1 3 0 
316.59 92.2 40.468262 -3.438602 590.7 3 5 256.6 0.352 1 3 0 
317.62 93.1 40.468208 -3.438905 590.5 3 5 257.0 0.352 1 3 0 
318.61 92.8 40.468151 -3.439210 589.6 3 5 257.0 0.352 1 3 0 
319.59 92.3 40.468098 -3.439501 589.1 3 5 257.0 0 1 3 0 
320.60 92.6 40.468044 -3.439796 588.2 3 5 257.7 0.703 2 3 0 
321.66 90.3 40.468002 -3.440074 587.7 3 5 257.3 0.352 1 3 0 
322.59 90.7 40.467953 -3.440362 587.8 3 5 257.3 0.352 0 3 0 
323.61 90.9 40.467903 -3.440651 589.1 3 5 257.7 0.352 0 3 0 
324.63 89.0 40.467854 -3.440943 591.0 3 5 258.8 1.406 0 3 0 
325.64 88.5 40.467812 -3.441229 590.3 3 5 259.1 1.406 1 4 0 
326.63 85.2 40.467773 -3.441503 589.1 3 5 260.5 1.758 2 4 0 
327.59 86.0 40.467739 -3.441790 588.6 3 5 260.9 1.758 1 4 0 
328.59 86.0 40.467709 -3.442070 586.9 3 5 260.5 0.352 0 3 0 
329.69 85.9 40.467678 -3.442345 586.0 4 5 261.6 1.055 0 3 0 
330.69 86.2 40.467663 -3.442615 585.3 4 5 263.0 2.461 1 3 0 
331.61 85.1 40.467648 -3.442859 585.0 4 5 262.3 0.703 1 3 0 
332.59 87.5 40.467617 -3.443143 584.8 4 5 263.3 1.055 0 4 0 
333.63 89.4 40.467587 -3.443441 585.7 4 5 262.6 0.703 0 4 0 
334.61 89.2 40.467567 -3.443726 585.7 4 5 263.7 1.055 0 4 0 
335.60 88.7 40.467548 -3.444033 585.3 4 5 264.0 1.406 0 4 0 
336.59 88.8 40.467522 -3.444330 584.9 4 5 263.7 0.352 1 4 0 
337.59 88.3 40.467491 -3.444620 585.4 4 5 264.4 0.703 2 4 0 
338.61 89.3 40.467468 -3.444905 585.6 4 5 264.0 0.352 1 4 0 
339.61 88.9 40.467449 -3.445193 585.3 4 5 264.0 0.352 2 4 0 
340.60 88.2 40.467422 -3.445482 585.1 4 5 263.7 0.352 1 4 0 
341.62 88.7 40.467396 -3.445769 584.5 4 5 263.3 0.703 0 4 0 
342.61 88.2 40.467365 -3.446061 584.1 4 5 263.0 0.703 0 4 0 
343.60 88.0 40.467342 -3.446355 584.0 4 5 264.0 1.055 0 4 0 
344.62 86.5 40.467323 -3.446637 586.6 4 5 263.3 0.703 1 5 1 
345.63 86.1 40.467297 -3.446916 588.0 4 5 264.4 1.055 1 5 1 
346.60 84.6 40.467285 -3.447163 587.3 4 5 264.4 1.055 1 5 1 
347.62 86.2 40.467258 -3.447444 587.2 4 5 263.3 1.055 0 5 1 
348.60 87.1 40.467243 -3.447708 586.5 4 5 262.6 1.758 0 4 0 
349.60 87.8 40.467216 -3.447999 584.7 4 5 263.7 1.055 0 4 0 
350.63 86.4 40.467190 -3.448285 584.1 4 5 264.4 1.758 0 4 0 
351.61 87.3 40.467167 -3.448564 584.2 4 5 264.4 0.703 0 4 0 
352.62 87.3 40.467140 -3.448845 584.7 4 5 264.4 0 1 4 0 
353.60 86.1 40.467117 -3.449132 585.2 4 5 264.0 0.352 1 4 0 
354.61 86.6 40.467094 -3.449418 584.7 4 5 264.0 0.352 1 4 0 
355.66 87.5 40.467064 -3.449702 585.3 4 5 264.4 0.352 1 4 0 
356.62 88.6 40.467045 -3.449992 586.8 4 5 264.7 0.703 1 4 0 
357.63 87.9 40.467033 -3.450260 586.5 4 5 265.1 0.703 1 4 0 
358.61 87.9 40.467007 -3.450553 586.2 4 5 264.7 0.352 0 4 0 
359.60 88.1 40.466984 -3.450842 586.1 4 5 264.4 0.703 0 4 0 
360.62 88.4 40.466957 -3.451132 586.1 4 5 264.7 0.352 0 4 0 
361.63 87.3 40.466942 -3.451415 586.2 4 5 265.8 1.406 0 4 0 
362.60 87.0 40.466927 -3.451703 586.5 4 5 266.8 2.109 0 4 0 
363.75 86.9 40.466904 -3.451979 586.4 4 5 266.8 1.055 1 4 0 
364.61 86.2 40.466888 -3.452271 586.0 4 5 266.8 0 1 4 0 
365.61 87.4 40.466885 -3.452562 586.5 4 5 266.8 0 1 5 1 
366.66 87.6 40.466881 -3.452837 586.2 4 5 266.8 0 0 5 1 
367.74 88.4 40.466862 -3.453121 586.5 4 5 266.8 0 0 5 1 
368.61 87.8 40.466854 -3.453420 586.5 4 5 267.9 1.055 0 5 1 
369.71 88.0 40.466835 -3.453704 586.4 4 5 268.6 1.758 0 5 1 
370.61 86.7 40.466827 -3.453990 586.7 4 5 269.3 1.406 1 5 1 
371.61 85.9 40.466827 -3.454273 587.4 4 5 268.9 0.352 1 5 1 
372.60 86.5 40.466820 -3.454553 587.6 4 5 269.3 0.352 0 5 1 
373.65 87.9 40.466816 -3.454840 586.8 4 5 269.6 0.703 0 5 1 
374.61 88.3 40.466816 -3.455124 587.1 4 5 269.6 0.352 0 5 1 
375.60 88.3 40.466816 -3.455413 587.1 4 5 269.6 0 1 5 1 
376.62 87.2 40.466801 -3.455688 586.7 4 5 268.9 0.703 1 5 1 
377.62 87.1 40.466812 -3.455986 586.7 4 5 270.7 1.758 1 5 1 
378.59 88.7 40.466820 -3.456284 587.2 4 5 271.8 2.812 0 5 1 
379.61 89.9 40.466839 -3.456572 587.2 4 5 273.2 2.461 0 4 0 
380.60 90.1 40.466850 -3.456872 588.1 4 5 272.8 1.055 0 4 0 
381.59 89.5 40.466866 -3.457166 587.9 4 5 272.8 0.352 0 4 0 
382.61 87.8 40.466869 -3.457453 587.8 4 5 272.5 0.352 0 4 0 
383.61 88.4 40.466881 -3.457743 587.6 4 5 272.8 0.352 0 4 0 
384.60 87.5 40.466904 -3.458020 587.9 6 5 273.2 0.703 0 4 0 
385.60 87.3 40.466923 -3.458302 588.0 4 5 273.5 0.703 1 4 0 
386.62 86.8 40.466938 -3.458598 587.8 4 5 273.5 0.352 1 4 0 
387.59 85.3 40.466953 -3.458882 588.0 6 5 273.5 0 1 4 0 
388.60 85.8 40.466972 -3.459161 588.0 4 5 273.2 0.352 0 4 0 
389.61 86.1 40.466995 -3.459429 587.9 6 5 273.5 0.352 0 4 0 
390.59 86.3 40.467014 -3.459716 588.1 6 5 273.5 0.352 0 4 0 
391.61 86.9 40.467033 -3.459990 587.9 4 5 273.9 0.352 0 4 0 
392.63 87.0 40.467049 -3.460279 587.8 4 5 273.9 0.352 1 4 0 
393.65 86.2 40.467064 -3.460552 588.0 4 5 273.9 0 0 4 0 
394.70 85.6 40.467068 -3.460840 588.1 4 5 272.8 1.055 0 4 0 
395.59 85.5 40.467079 -3.461126 588.2 4 5 273.2 0.703 0 4 0 
396.65 85.6 40.467091 -3.461408 588.1 4 5 273.9 1.055 0 4 0 
397.61 86.0 40.467102 -3.461687 588.2 4 5 273.5 0.352 0 4 0 
398.59 84.5 40.467121 -3.461949 587.9 6 5 273.9 0.352 0 3 0 
399.60 85.9 40.467129 -3.462236 588.0 4 5 273.9 0.352 1 3 0 
400.59 87.4 40.467152 -3.462511 588.6 4 5 273.9 0 1 3 0 
401.59 88.4 40.467167 -3.462798 588.9 4 5 273.9 0 1 4 0 
402.60 90.4 40.467182 -3.463100 588.4 4 5 273.5 0.352 1 4 0 
403.60 90.6 40.467201 -3.463401 588.3 4 5 274.2 0.703 1 4 0 
404.78 93.5 40.467224 -3.464012 588.3 4 5 271.8 1.758 0 4 0 
405.60 93.5 40.467224 -3.464012 588.3 4 5 271.8 2.461 0 4 0 
406.60 92.4 40.467216 -3.464309 588.5 4 5 271.8 0.703 1 4 0 
407.59 90.5 40.467220 -3.464608 588.3 4 5 271.8 0 2 4 0 
408.60 89.6 40.467232 -3.464900 588.2 4 5 272.1 0.352 2 4 0 
409.61 90.0 40.467239 -3.465201 587.8 4 5 272.1 0.352 1 4 0 
410.69 89.1 40.467247 -3.465497 587.8 4 5 272.5 0.352 0 4 0 
411.62 89.0 40.467251 -3.465785 587.8 4 5 272.5 0.352 0 4 0 
412.64 87.8 40.467255 -3.466071 588.2 4 5 272.8 0.352 0 4 0 
413.60 88.1 40.467258 -3.466366 588.0 4 5 270.7 2.109 0 4 0 
414.61 87.6 40.467266 -3.466658 587.8 4 5 271.1 1.758 1 4 0 
415.61 87.0 40.467266 -3.466949 587.7 4 5 270.4 0.703 2 4 0 
416.60 86.7 40.467262 -3.467230 587.7 4 5 270.0 1.055 2 4 0 
417.61 89.1 40.467266 -3.467518 587.5 4 5 269.3 1.055 1 4 0 
418.62 89.0 40.467258 -3.467816 587.9 4 5 268.2 1.758 0 4 0 
419.60 88.2 40.467258 -3.468093 587.6 4 5 268.6 0.703 0 4 0 
420.59 87.8 40.467255 -3.468383 587.0 4 5 268.9 0.703 0 4 0 
421.64 87.5 40.467262 -3.468657 587.5 4 5 268.6 0.352 1 4 0 
422.64 86.4 40.467251 -3.468949 587.4 4 5 268.2 0.703 2 4 0 
423.62 85.8 40.467247 -3.469223 587.5 4 5 267.2 1.406 2 4 0 
424.63 84.6 40.467239 -3.469499 587.0 4 5 267.5 0.703 0 4 0 
425.71 85.5 40.467224 -3.469784 586.8 4 5 267.2 0.352 1 4 0 
426.61 85.9 40.467201 -3.470065 587.0 4 5 266.5 1.055 1 4 0 
427.59 83.9 40.467194 -3.470334 586.9 4 5 266.1 1.055 0 4 0 
428.61 84.1 40.467175 -3.470616 586.8 4 5 265.4 1.055 0 4 0 
429.65 81.7 40.467159 -3.470888 586.7 4 5 264.4 1.758 0 4 0 
430.61 82.4 40.467129 -3.471162 586.6 4 5 263.7 1.758 0 4 0 
431.61 83.1 40.467110 -3.471438 586.3 4 5 263.0 1.406 0 4 0 
432.61 83.5 40.467083 -3.471706 586.7 4 5 263.3 0.352 0 4 0 
433.61 82.4 40.467060 -3.471983 587.5 4 5 263.0 0.352 0 4 0 
434.61 82.6 40.467030 -3.472261 589.1 4 5 261.2 2.109 0 4 0 
435.68 81.5 40.466999 -3.472531 589.9 4 5 261.2 1.758 0 4 0 
436.59 81.9 40.466957 -3.472794 589.1 4 5 260.5 0.703 0 3 0 
437.64 80.2 40.466923 -3.473060 588.8 4 5 260.5 0.703 0 3 0 
438.59 79.3 40.466888 -3.473323 588.5 4 5 261.2 0.703 0 3 0 
439.61 80.2 40.466858 -3.473585 588.6 4 5 260.2 1.055 0 3 0 
440.61 79.8 40.466820 -3.473840 588.8 4 5 259.5 1.758 0 3 0 
441.61 82.4 40.466778 -3.474107 588.2 4 5 258.0 2.109 0 3 0 
442.61 83.1 40.466728 -3.474378 587.7 4 5 258.0 1.406 2 3 0 
443.59 82.4 40.466686 -3.474645 586.6 4 5 257.0 1.055 2 4 0 
444.59 81.5 40.466633 -3.474904 585.9 4 5 256.6 1.406 1 4 0 
445.63 81.7 40.466591 -3.475169 586.5 4 5 258.4 1.758 0 4 0 
446.64 81.8 40.466557 -3.475435 586.4 4 5 258.4 1.758 0 3 0 
447.61 85.2 40.466515 -3.475689 586.6 4 5 256.6 1.758 0 3 0 
448.61 85.8 40.466473 -3.475950 586.8 4 5 255.9 2.461 0 3 0 
449.61 86.0 40.466415 -3.476229 587.0 4 5 255.9 0.703 0 3 0 
450.61 86.7 40.466362 -3.476511 586.8 4 5 254.9 1.055 1 3 0 
451.60 83.2 40.466312 -3.476756 587.0 4 5 254.5 1.406 1 3 0 
452.61 82.5 40.466259 -3.477018 587.1 4 5 255.6 1.055 1 3 0 
453.62 80.3 40.466209 -3.477285 587.0 4 5 255.2 0.703 0 3 0 
454.61 78.6 40.466156 -3.477542 586.7 4 5 255.6 0.352 0 3 0 
455.60 77.9 40.466114 -3.477783 586.7 3 5 255.9 0.703 0 3 0 
456.62 75.3 40.466061 -3.478027 587.0 3 5 255.6 0.352 0 3 0 
457.67 74.3 40.466026 -3.478276 586.4 3 5 255.6 0.352 0 3 0 
458.59 72.0 40.465981 -3.478507 586.6 3 5 256.3 0.703 0 3 0 
459.60 70.7 40.465939 -3.478740 586.9 3 5 257.3 1.758 0 3 0 
460.60 69.8 40.465900 -3.478966 587.0 3 5 257.7 1.406 0 3 0 
461.60 67.4 40.465855 -3.479182 586.9 3 5 257.3 0.352 0 3 0 
462.61 66.1 40.465828 -3.479402 586.8 3 5 259.1 1.758 0 3 0 
463.60 67.7 40.465790 -3.479620 586.8 3 5 259.5 2.109 0 3 0 
464.64 67.7 40.465759 -3.479837 587.1 3 5 264.0 4.922 0 3 0 
465.60 68.9 40.465740 -3.480057 587.2 3 5 267.5 8.086 0 3 0 
466.60 69.0 40.465740 -3.480280 587.1 3 5 272.1 8.086 0 3 0 
467.63 67.2 40.465755 -3.480509 587.4 3 5 277.7 10.195 1 2 0 
468.61 65.4 40.465790 -3.480725 587.4 3 5 283.4 11.250 0 2 0 
469.61 64.5 40.465836 -3.480931 587.4 3 5 286.9 9.141 0 2 0 
470.59 63.9 40.465893 -3.481135 587.5 3 5 294.3 10.898 0 2 0 
471.63 65.6 40.465961 -3.481327 587.8 3 5 295.0 8.086 0 2 0 
472.60 67.3 40.466022 -3.481517 588.0 3 5 294.6 0.352 0 2 0 
473.63 68.5 40.466099 -3.481726 588.2 3 5 294.3 0.703 0 2 0 
474.59 71.6 40.466175 -3.481942 588.4 3 5 294.6 0.352 0 2 0 
475.65 70.4 40.466248 -3.482176 588.7 3 5 293.2 1.406 0 2 0 
476.61 68.4 40.466316 -3.482382 588.8 4 5 293.2 1.406 0 2 0 
477.61 66.7 40.466393 -3.482582 588.8 3 5 293.9 0.703 0 1 0 
478.61 65.1 40.466457 -3.482777 588.9 3 5 294.3 1.055 0 1 0 
479.61 65.9 40.466526 -3.482971 588.8 3 5 293.9 0.352 0 1 0 
480.64 65.4 40.466595 -3.483176 589.1 3 5 292.1 2.109 0 1 0 
481.62 64.6 40.466652 -3.483375 589.4 3 5 289.0 4.922 0 1 0 
482.61 64.0 40.466690 -3.483577 589.6 3 5 282.7 9.492 0 1 0 
483.59 66.2 40.466717 -3.483791 590.1 3 5 278.1 10.898 0 1 0 
484.63 65.5 40.466732 -3.484002 590.5 3 5 272.8 9.844 0 1 0 
485.61 65.8 40.466724 -3.484205 590.6 3 5 267.5 10.547 0 1 0 
486.63 65.8 40.466705 -3.484416 590.5 3 5 264.4 8.438 0 1 0 
487.60 61.7 40.466686 -3.484623 590.8 3 5 260.9 6.680 1 1 0 
488.61 61.0 40.466660 -3.484827 590.6 3 5 256.3 8.086 1 1 0 
489.62 63.0 40.466614 -3.485013 590.7 3 5 248.9 11.953 1 1 0 
490.60 63.2 40.466537 -3.485205 590.8 3 5 242.2 14.062 0 1 0 
491.61 63.1 40.466450 -3.485380 590.8 3 5 237.0 11.953 0 1 0 
492.70 62.4 40.466358 -3.485542 590.7 3 5 232.0 10.195 0 1 0 
493.68 62.0 40.466251 -3.485696 590.7 3 5 229.6 7.383 0 1 0 
494.59 61.1 40.466152 -3.485855 590.7 3 5 228.9 3.164 0 1 0 
495.63 61.7 40.466049 -3.486006 590.8 3 5 229.9 1.055 0 1 0 
496.62 61.4 40.465950 -3.486171 591.1 3 5 230.6 1.758 0 1 0 
497.59 60.4 40.465858 -3.486336 591.0 3 5 230.6 0.703 0 1 0 
498.59 61.3 40.465759 -3.486484 591.0 3 5 229.9 0.703 0 1 0 
499.60 59.5 40.465660 -3.486639 591.0 3 5 229.9 0.703 0 1 0 
500.62 60.1 40.465572 -3.486785 591.2 3 5 230.3 0.352 0 1 0 
501.62 62.1 40.465473 -3.486935 591.3 3 5 229.9 0.352 0 1 0 
502.61 63.6 40.465374 -3.487094 591.4 3 5 229.9 0.352 0 1 0 
503.60 61.1 40.465282 -3.487256 591.5 3 5 230.6 0.703 0 1 0 
504.60 62.9 40.465176 -3.487413 591.6 3 5 229.2 1.406 0 1 0 
505.66 60.1 40.465061 -3.487557 591.4 3 5 225.4 5.273 2 1 0 
506.61 58.4 40.464943 -3.487688 591.8 3 5 219.7 9.492 0 1 0 
507.61 57.9 40.464825 -3.487797 592.4 3 5 209.9 15.469 0 1 0 
508.60 56.3 40.464691 -3.487880 593.6 3 5 202.5 17.227 0 1 0 
509.59 55.9 40.464573 -3.487927 594.6 3 5 194.1 15.820 0 1 0 
510.59 54.2 40.464439 -3.487948 595.8 3 5 183.2 19.336 0 1 0 
511.62 52.7 40.464306 -3.487938 596.7 3 5 172.6 21.445 0 1 0 
512.61 53.1 40.464169 -3.487900 597.5 3 5 164.2 18.984 0 0 0 
513.61 52.2 40.464050 -3.487831 598.1 3 5 154.7 17.930 0 0 0 
514.58 49.1 40.463947 -3.487749 598.8 3 5 146.2 0 -9 -9 0 
515.64 51.2 40.463848 -3.487645 598.9 3 5 136.4 18.281 0 0 0 
516.62 49.6 40.463768 -3.487519 598.9 3 5 127.6 0 -9 -9 0 
517.61 50.7 40.463699 -3.487384 598.6 3 5 119.5 16.875 0 0 0 
518.62 50.0 40.463646 -3.487229 598.5 3 5 110.7 0 -9 -9 0 
519.67 50.0 40.463615 -3.487069 598.5 3 5 101.6 17.930 0 0 0 
520.59 49.6 40.463608 -3.486899 598.5 3 5 92.5 0 -9 -9 0 
521.59 49.0 40.463608 -3.486726 598.5 3 5 86.1 0 -9 -9 0 
522.59 48.9 40.463627 -3.486553 598.6 3 5 79.5 0 -9 -9 0 
523.59 46.7 40.463654 -3.486405 598.7 3 5 76.6 0 -9 -9 0 
524.64 51.7 40.463707 -3.486263 598.6 4 5 65.7 13.711 0 0 0 
525.60 53.8 40.463764 -3.486108 598.7 4 5 61.9 14.766 0 0 0 
526.59 55.5 40.463829 -3.485949 598.3 4 5 62.2 3.516 0 0 0 
527.62 58.6 40.463890 -3.485762 597.9 4 5 65.4 3.516 0 0 0 
528.60 61.8 40.463963 -3.485568 597.2 4 5 68.2 5.977 0 0 0 
529.61 65.2 40.464016 -3.485374 596.3 4 5 70.3 4.922 0 0 0 
530.59 68.0 40.464062 -3.485165 595.4 4 5 72.4 4.219 0 0 0 
531.63 69.7 40.464123 -3.484949 594.1 3 5 72.8 2.461 0 0 0 
532.60 71.6 40.464172 -3.484725 593.2 3 5 72.8 0.352 0 0 0 
533.66 73.1 40.464226 -3.484500 592.4 3 5 73.1 0.352 0 0 0 
534.59 73.0 40.464279 -3.484272 591.9 3 5 73.1 0.352 0 0 0 
535.61 74.1 40.464329 -3.484035 591.8 4 5 73.5 0.352 0 0 0 
536.60 75.0 40.464390 -3.483797 591.6 4 5 73.5 0.352 0 0 0 
537.61 73.0 40.464432 -3.483565 591.4 4 5 74.2 0.703 0 0 0 
538.59 73.2 40.464474 -3.483333 591.3 3 5 73.8 0.352 0 0 0 
539.66 75.8 40.464527 -3.483086 591.3 3 5 73.1 1.055 0 0 0 
540.64 75.7 40.464581 -3.482855 591.1 4 5 73.5 0.352 0 0 0 
541.59 75.8 40.464634 -3.482623 591.2 4 5 73.5 0.352 0 0 0 
542.61 75.7 40.464687 -3.482392 591.1 4 5 73.8 0.352 0 0 0 
543.61 75.7 40.464741 -3.482155 590.9 4 5 72.8 1.055 0 0 0 
544.65 72.5 40.464767 -3.481926 591.0 4 5 73.5 0.703 0 0 0 
545.65 74.5 40.464817 -3.481693 590.8 4 5 74.2 1.406 0 0 0 
546.61 73.6 40.464878 -3.481459 590.8 4 5 73.1 1.055 0 0 0 
547.59 71.8 40.464935 -3.481235 590.6 4 5 72.4 1.758 0 0 0 
548.62 71.4 40.464996 -3.481019 590.6 4 5 71.7 1.406 1 0 0 
549.61 70.2 40.465054 -3.480816 590.4 4 5 71.0 1.406 1 0 0 
550.67 70.8 40.465107 -3.480585 590.3 4 5 70.3 1.406 0 0 0 
551.61 72.4 40.465157 -3.480354 590.2 4 5 70.0 1.055 0 0 0 
552.81 75.5 40.465275 -3.479876 590.4 4 5 70.7 0.352 0 0 0 
553.61 75.5 40.465275 -3.479876 590.4 4 5 70.7 0.703 0 0 0 
554.61 77.5 40.465340 -3.479639 590.4 4 5 71.7 1.406 0 0 0 
555.60 78.1 40.465397 -3.479382 590.2 4 5 72.4 1.758 2 0 0 
556.68 82.1 40.465446 -3.479117 590.1 4 5 73.1 1.406 2 0 0 
557.61 83.6 40.465508 -3.478858 590.0 6 5 72.1 1.055 0 0 0 
558.69 84.5 40.465580 -3.478610 590.3 6 5 72.4 0.703 0 0 0 
559.62 84.0 40.465649 -3.478368 590.0 6 5 72.4 0.352 1 0 0 
560.62 83.2 40.465729 -3.478102 590.3 6 5 73.5 1.055 2 1 0 
561.67 84.4 40.465794 -3.477826 590.4 6 5 74.5 2.109 0 1 0 
562.59 83.4 40.465866 -3.477568 589.9 6 5 73.8 0.703 0 1 0 
563.67 81.4 40.465923 -3.477307 590.1 6 5 73.8 0.703 0 1 0 
564.61 85.1 40.465981 -3.477040 589.9 6 5 74.5 0.703 1 1 0 
565.59 86.5 40.466038 -3.476749 589.7 6 5 75.6 1.758 2 1 0 
566.62 86.9 40.466095 -3.476480 589.7 8 5 74.5 1.055 2 1 0 
567.63 88.0 40.466156 -3.476207 589.9 6 5 73.8 1.758 0 1 0 
568.61 88.7 40.466213 -3.475925 589.8 6 5 74.5 0.703 0 1 0 
569.61 88.7 40.466263 -3.475631 590.3 6 5 75.9 2.109 0 1 0 
570.61 88.6 40.466312 -3.475337 590.0 6 5 77.3 2.812 0 1 0 
571.62 88.7 40.466370 -3.475075 590.1 6 5 76.6 0.703 0 1 0 
572.59 89.0 40.466419 -3.474800 590.4 6 5 76.6 0.703 0 1 0 
573.61 88.5 40.466476 -3.474531 590.2 6 5 76.6 0 1 1 0 
574.59 88.8 40.466526 -3.474259 590.3 6 5 77.7 1.055 0 1 0 
575.60 89.9 40.466576 -3.473965 590.1 6 5 80.2 3.516 0 1 0 
576.59 87.6 40.466614 -3.473672 590.5 6 5 79.8 2.109 0 1 0 
577.61 87.0 40.466667 -3.473414 591.0 6 5 80.2 0.352 0 1 0 
578.60 86.1 40.466705 -3.473122 590.3 6 5 80.5 0.703 0 1 0 
579.60 85.9 40.466736 -3.472837 590.1 6 5 80.9 0.703 1 1 0 
580.62 87.7 40.466770 -3.472557 590.3 6 5 81.6 1.055 2 1 0 
581.60 87.4 40.466797 -3.472265 590.5 6 5 81.9 1.055 2 1 0 
582.60 85.5 40.466827 -3.471971 591.1 6 5 82.3 0.703 2 2 0 
583.60 86.5 40.466854 -3.471689 591.0 4 5 83.0 1.055 0 2 0 
584.60 87.4 40.466881 -3.471407 590.6 4 5 81.9 1.055 0 2 0 
585.60 87.9 40.466908 -3.471117 590.6 4 5 83.0 1.055 0 2 0 
586.60 86.8 40.466927 -3.470839 590.4 4 5 84.0 2.109 0 2 0 
587.60 85.2 40.466942 -3.470559 590.1 4 5 85.1 2.109 0 2 0 
588.60 86.0 40.466957 -3.470265 590.1 6 5 85.8 1.758 1 2 0 
589.62 83.4 40.466965 -3.469994 590.7 6 5 86.5 1.406 2 2 0 
590.62 84.2 40.466976 -3.469727 590.2 6 5 86.5 0.703 1 2 0 
591.59 85.2 40.466991 -3.469448 590.6 4 5 86.1 0.352 0 2 0 
592.60 84.8 40.467003 -3.469172 590.5 4 5 86.1 0.352 0 2 0 
593.60 84.1 40.467014 -3.468895 590.7 4 5 86.8 0.703 0 2 0 
594.66 82.4 40.467033 -3.468616 590.7 4 5 86.5 0.352 1 2 0 
595.60 83.1 40.467030 -3.468344 590.5 4 5 88.2 1.758 2 3 0 
596.62 81.9 40.467033 -3.468075 590.5 4 5 88.2 1.758 2 3 0 
597.61 81.0 40.467030 -3.467813 590.6 4 5 89.6 1.406 1 3 0 
598.62 80.2 40.467026 -3.467545 590.0 4 5 90.0 1.758 0 3 0 
599.63 78.9 40.467026 -3.467279 589.6 4 5 90.4 0.703 0 3 0 
600.68 76.9 40.467026 -3.467025 589.8 3 5 89.6 0.703 1 3 0 
601.61 76.5 40.467026 -3.466771 590.0 3 5 89.6 0.703 2 3 0 
602.61 78.9 40.467022 -3.466523 589.7 3 5 90.4 0.703 1 3 0 
603.62 82.7 40.467018 -3.466264 589.5 3 5 93.2 3.516 0 3 0 
604.66 82.1 40.467010 -3.466000 589.6 3 5 92.5 2.109 0 3 0 
605.59 83.9 40.467007 -3.465720 589.6 3 5 91.8 1.406 0 3 0 
606.63 85.0 40.467003 -3.465443 589.8 3 5 91.1 1.406 0 3 0 
607.63 86.0 40.466999 -3.465160 590.5 3 5 92.1 1.055 1 3 0 
608.60 87.0 40.466980 -3.464873 590.3 4 5 92.8 1.758 1 4 0 
609.61 88.4 40.466972 -3.464591 590.0 4 5 92.5 0.352 2 4 0 
610.65 89.0 40.466965 -3.464295 590.2 4 5 92.5 0.352 2 4 0 
611.61 90.0 40.466953 -3.464005 590.3 4 5 93.2 0.703 2 4 0 
612.59 90.9 40.466938 -3.463709 590.2 4 5 93.2 0.703 2 4 0 
613.60 92.0 40.466930 -3.463407 590.1 4 5 93.2 0 2 4 0 
614.59 92.1 40.466923 -3.463097 590.3 4 5 93.5 0.352 2 4 0 
615.67 93.0 40.466911 -3.462798 590.7 4 5 93.2 0.352 1 4 0 
616.62 93.3 40.466900 -3.462498 590.7 4 5 92.1 1.406 0 4 0 
617.59 92.2 40.466892 -3.462200 590.7 4 5 92.5 0.703 1 4 0 
618.61 91.0 40.466885 -3.461901 590.6 4 5 92.8 0.703 1 4 0 
619.59 90.5 40.466866 -3.461605 590.7 4 5 93.5 1.055 2 4 0 
620.60 91.2 40.466854 -3.461306 590.9 4 5 94.2 1.406 1 4 0 
621.59 91.6 40.466831 -3.461013 590.8 4 5 94.2 0.703 0 4 0 
622.63 91.9 40.466816 -3.460715 591.1 4 5 93.9 0.352 0 4 0 
623.62 92.4 40.466805 -3.460405 591.0 4 5 93.2 1.055 1 5 1 
624.60 91.8 40.466797 -3.460127 591.0 4 5 93.2 0.703 2 5 1 
625.62 92.4 40.466782 -3.459825 590.9 4 5 93.2 0 2 5 1 
626.60 92.5 40.466763 -3.459521 590.9 4 5 93.9 0.703 1 5 1 
627.59 93.8 40.466743 -3.459213 591.3 4 5 94.6 1.406 0 5 1 
628.60 95.0 40.466724 -3.458906 591.7 4 5 94.2 0.352 0 5 1 
629.60 96.2 40.466705 -3.458588 593.0 4 5 93.5 1.055 1 5 1 
630.59 94.8 40.466686 -3.458270 592.3 3 5 92.8 1.406 1 5 1 
631.69 94.2 40.466675 -3.457964 590.4 4 5 93.2 0.352 1 5 1 
632.60 93.7 40.466667 -3.457657 589.8 3 5 93.2 0.352 0 5 1 
633.62 94.0 40.466656 -3.457349 590.1 3 5 92.8 0.352 0 5 1 
634.60 94.2 40.466644 -3.457040 590.2 3 5 92.1 1.055 1 5 1 
635.62 93.8 40.466640 -3.456727 590.2 3 5 91.8 1.055 1 5 1 
636.59 94.2 40.466629 -3.456421 590.6 3 5 91.8 0.352 0 5 1 
637.60 94.5 40.466629 -3.456126 591.1 3 5 92.1 0.352 0 5 1 
638.59 94.5 40.466618 -3.455816 590.8 4 5 92.1 0.352 0 5 1 
639.62 93.2 40.466614 -3.455523 590.0 4 5 92.1 0 1 5 1 
640.63 95.5 40.466606 -3.455209 590.0 4 5 91.1 1.055 1 5 1 
641.59 96.2 40.466610 -3.454883 590.4 4 5 90.4 1.758 1 5 1 
642.66 97.5 40.466606 -3.454554 589.9 4 5 90.0 1.055 2 5 1 
643.60 98.2 40.466610 -3.454243 590.1 3 5 89.6 0.703 2 5 1 
644.60 99.4 40.466610 -3.453926 590.1 4 5 88.6 1.406 1 5 1 
645.59 99.9 40.466614 -3.453601 590.7 4 5 87.5 2.109 0 5 1 
646.62 99.3 40.466621 -3.453277 590.8 4 5 87.5 1.055 0 5 1 
647.60 98.1 40.466629 -3.452959 590.1 3 5 87.5 0 1 5 1 
648.60 98.4 40.466644 -3.452645 589.8 4 5 87.5 0 1 5 1 
649.65 99.1 40.466656 -3.452308 589.4 3 5 87.2 0.352 2 5 1 
650.70 99.5 40.466667 -3.451969 589.1 3 5 86.5 1.055 2 5 1 
651.60 99.8 40.466686 -3.451640 589.0 3 5 85.4 1.758 0 5 1 
652.60 98.9 40.466713 -3.451314 588.6 3 5 84.4 2.109 0 5 1 
653.61 98.2 40.466743 -3.450986 588.2 3 5 84.7 0.703 0 5 1 
654.68 97.7 40.466759 -3.450668 588.6 4 5 85.8 1.406 0 5 1 
655.61 96.2 40.466782 -3.450363 587.8 4 5 85.4 0.703 0 5 1 
656.59 95.5 40.466805 -3.450052 587.7 3 5 84.4 1.406 0 5 1 
657.61 95.8 40.466824 -3.449739 587.4 3 5 84.0 1.406 0 5 1 
658.62 95.5 40.466854 -3.449424 588.5 3 5 84.7 0.703 0 5 1 
659.61 95.3 40.466877 -3.449116 588.4 3 5 84.7 0.703 1 5 1 
660.64 95.4 40.466900 -3.448807 586.8 3 5 84.0 0.703 0 5 1 
661.65 95.8 40.466927 -3.448497 587.1 4 5 83.0 1.758 0 5 1 
662.60 96.0 40.466953 -3.448187 586.9 3 5 83.0 1.055 0 4 0 
663.60 96.0 40.466976 -3.447866 587.0 3 5 83.7 0.703 0 4 0 
664.61 96.4 40.466995 -3.447538 587.0 4 5 84.7 1.758 0 4 0 
665.59 94.7 40.467014 -3.447227 588.6 4 5 83.0 1.758 0 4 0 
666.61 97.3 40.467045 -3.446912 587.8 4 5 82.6 2.109 1 4 0 
667.61 96.4 40.467075 -3.446600 588.4 4 5 82.6 0.352 2 5 1 
668.60 98.5 40.467110 -3.446285 589.0 4 5 83.3 0.703 1 5 1 
669.63 98.1 40.467136 -3.445968 588.9 4 5 84.0 1.406 0 5 1 
670.61 97.5 40.467167 -3.445655 589.0 4 5 84.0 0.703 0 4 0 
671.60 97.8 40.467197 -3.445328 589.2 4 5 82.6 1.406 0 4 0 
672.61 97.0 40.467232 -3.445006 589.9 4 5 82.6 1.406 1 4 0 
673.62 95.6 40.467258 -3.444695 589.8 4 5 83.0 0.352 2 4 0 
674.62 97.8 40.467281 -3.444361 589.8 4 5 84.0 1.406 0 4 0 
675.61 98.4 40.467308 -3.444047 589.7 4 5 85.1 2.109 0 4 0 
676.59 99.1 40.467335 -3.443722 589.2 4 5 84.0 1.055 0 4 0 
677.59 99.5 40.467365 -3.443399 588.1 4 5 83.7 1.406 1 4 0 
678.61 99.8 40.467396 -3.443075 586.5 3 5 83.0 1.055 1 4 0 
679.61 99.3 40.467415 -3.442757 586.1 3 5 83.3 0.352 0 4 0 
680.59 100.3 40.467442 -3.442425 586.3 3 5 82.6 0.703 0 4 0 
681.66 101.0 40.467476 -3.442095 586.4 3 5 81.6 1.758 0 4 0 
682.59 98.9 40.467514 -3.441745 587.3 4 5 81.6 1.055 2 4 0 
683.59 97.6 40.467556 -3.441439 589.1 4 5 80.5 1.055 2 4 0 
684.64 97.8 40.467609 -3.441140 588.5 4 5 79.5 2.109 2 4 0 
685.59 97.9 40.467655 -3.440823 587.8 4 5 78.4 2.109 2 4 0 
686.61 98.1 40.467705 -3.440498 588.1 4 5 77.7 1.758 1 4 0 
687.60 98.3 40.467762 -3.440187 588.2 4 5 77.0 1.406 2 4 0 
688.60 99.4 40.467815 -3.439868 588.5 4 5 77.0 0.703 1 4 0 
689.61 99.4 40.467873 -3.439551 588.6 4 5 77.0 0 1 4 0 
690.64 98.7 40.467922 -3.439230 589.2 4 5 77.3 0.352 2 4 0 
691.59 99.3 40.467979 -3.438916 589.4 4 5 77.0 0.352 2 4 0 
692.59 99.4 40.468044 -3.438610 590.0 4 5 77.3 0.352 1 5 1 
693.61 99.9 40.468102 -3.438293 590.4 4 5 76.6 0.703 1 5 1 
694.63 99.3 40.468151 -3.437975 590.9 3 5 77.0 0.352 1 5 1 
695.60 98.5 40.468208 -3.437651 591.0 3 5 77.3 0.703 2 5 1 
696.61 97.7 40.468258 -3.437334 591.3 3 5 77.7 0.703 2 5 1 
697.59 96.6 40.468315 -3.437038 591.1 4 5 78.0 0.703 0 5 1 
698.60 96.4 40.468365 -3.436733 591.3 4 5 78.0 0.352 0 5 1 
699.59 95.4 40.468410 -3.436425 591.6 4 5 78.0 0 1 5 1 
700.62 94.7 40.468468 -3.436111 591.5 4 5 78.0 0 1 5 1 
701.60 94.0 40.468513 -3.435804 591.5 4 5 78.0 0 0 5 1 
702.60 93.6 40.468567 -3.435490 591.4 4 5 78.0 0 0 5 1 
703.62 93.9 40.468620 -3.435201 591.6 4 5 78.4 0.352 0 4 0 
704.59 93.6 40.468662 -3.434900 590.9 4 5 79.1 1.055 0 4 0 
705.60 93.3 40.468704 -3.434608 591.3 6 5 79.1 0.703 1 4 0 
706.60 93.3 40.468746 -3.434312 591.4 6 5 78.4 0.703 0 4 0 
707.66 92.9 40.468796 -3.434008 590.4 6 5 78.4 0.703 1 4 0 
708.63 91.4 40.468842 -3.433705 590.0 6 5 79.1 0.703 1 4 0 
709.64 90.2 40.468884 -3.433418 589.3 6 5 79.1 0.703 2 4 0 
710.66 89.4 40.468925 -3.433126 588.8 6 5 79.1 0 2 4 0 
711.61 88.5 40.468971 -3.432851 588.1 6 5 77.7 1.406 1 5 1 
712.60 88.7 40.469025 -3.432577 587.7 6 5 78.0 1.055 0 5 1 
713.60 87.8 40.469067 -3.432293 587.2 6 5 78.8 1.055 0 5 1 
714.61 87.8 40.469105 -3.432008 586.8 6 5 78.0 0.703 1 5 1 
715.61 87.4 40.469151 -3.431725 586.6 4 5 78.0 0.703 1 5 1 
716.62 86.2 40.469200 -3.431448 585.9 6 5 77.3 0.703 2 5 1 
717.62 87.2 40.469254 -3.431183 585.4 4 5 76.6 1.406 1 5 1 
718.61 86.5 40.469311 -3.430901 585.0 6 5 74.9 2.461 0 5 1 
719.61 84.7 40.469372 -3.430634 584.5 4 5 74.2 2.461 0 5 1 
720.61 86.7 40.469429 -3.430361 583.9 6 5 74.2 0.703 0 5 1 
721.63 86.2 40.469486 -3.430090 583.4 6 5 74.2 0 0 5 1 
722.59 86.8 40.469543 -3.429814 582.9 6 5 74.2 0 1 5 1 
723.60 89.7 40.469604 -3.429533 583.3 6 5 74.2 0 2 5 1 
724.62 89.8 40.469666 -3.429253 582.7 6 5 72.4 1.758 2 5 1 
725.61 89.5 40.469738 -3.428974 582.1 6 5 71.7 2.461 2 6 1 
726.62 90.3 40.469810 -3.428702 581.6 6 5 71.0 1.406 2 6 1 
727.62 91.1 40.469883 -3.428417 581.0 6 5 70.3 1.406 1 6 1 
728.60 92.0 40.469952 -3.428127 581.0 6 5 70.7 0.352 0 6 1 
729.60 91.9 40.470016 -3.427843 581.2 6 5 71.4 1.055 0 6 1 
730.61 92.0 40.470100 -3.427550 580.1 6 5 70.3 1.055 1 6 1 
731.69 92.3 40.470181 -3.427273 579.3 6 5 69.6 1.758 0 6 1 
732.60 91.8 40.470257 -3.426991 579.3 6 5 71.0 1.406 1 6 1 
733.59 91.7 40.470337 -3.426719 578.6 6 5 70.0 1.055 1 6 1 
734.59 91.1 40.470428 -3.426462 578.3 6 5 69.3 1.758 1 6 1 
735.65 91.3 40.470505 -3.426184 578.1 6 5 69.3 0.703 1 6 1 
736.61 91.0 40.470592 -3.425915 578.0 6 5 68.9 0.352 1 6 1 
737.68 91.1 40.470680 -3.425638 577.9 6 5 68.9 0.352 2 6 1 
738.59 90.5 40.470757 -3.425355 577.5 6 5 68.9 0 1 6 1 
739.59 89.2 40.470852 -3.425089 577.7 6 5 68.6 0.352 2 6 1 
740.62 88.9 40.470924 -3.424820 577.6 6 5 68.6 0.352 1 6 1 
741.63 88.9 40.471008 -3.424556 578.1 6 5 68.6 0 1 6 1 
742.59 89.9 40.471092 -3.424278 577.6 6 5 68.9 0.352 1 7 1 
743.60 90.0 40.471176 -3.423999 578.0 6 5 68.9 0.352 1 7 1 
744.61 90.4 40.471252 -3.423716 578.0 6 5 69.3 0.352 1 6 1 
745.61 90.4 40.471340 -3.423437 578.2 6 5 68.9 0.352 1 6 1 
746.66 90.8 40.471405 -3.423138 578.3 4 5 68.6 0.703 0 6 1 
747.59 91.8 40.471489 -3.422851 578.5 4 5 68.6 0.352 0 6 1 
748.60 93.3 40.471573 -3.422561 578.9 6 5 69.3 0.703 0 6 1 
749.59 93.2 40.471645 -3.422274 578.8 4 5 70.0 1.406 0 6 1 
750.59 93.0 40.471733 -3.421990 578.7 4 5 69.6 0.352 0 6 1 
751.59 95.4 40.471840 -3.421684 578.8 4 5 68.6 1.406 0 6 1 
752.59 92.3 40.471928 -3.421400 579.2 4 5 70.7 2.109 0 5 1 
753.59 91.8 40.471989 -3.421113 579.0 6 5 70.7 2.109 0 5 1 
754.68 91.3 40.472065 -3.420857 579.2 6 5 70.7 0 0 5 1 
755.59 90.5 40.472111 -3.420573 581.4 6 5 72.1 1.406 0 5 1 
756.59 89.5 40.472168 -3.420284 582.5 6 5 73.5 2.812 1 5 1 
757.59 89.6 40.472233 -3.420002 582.3 6 5 73.5 1.406 0 5 1 
758.61 90.1 40.472294 -3.419727 581.7 6 5 72.4 1.055 0 5 1 
759.59 92.5 40.472366 -3.419432 581.7 6 5 72.4 1.055 1 5 1 
760.61 90.1 40.472439 -3.419154 581.4 4 5 71.0 1.406 1 5 1 
761.62 90.8 40.472504 -3.418864 581.7 4 5 72.4 1.406 0 5 1 
762.59 90.0 40.472576 -3.418588 582.7 6 5 72.8 1.758 0 5 1 
763.59 90.4 40.472660 -3.418304 583.1 6 5 72.4 0.352 0 5 1 
764.60 90.8 40.472729 -3.418020 583.2 4 5 72.4 0.352 0 5 1 
765.62 87.6 40.472809 -3.417753 583.6 4 5 71.4 1.055 0 5 1 
766.58 89.2 40.472874 -3.417471 583.9 4 5 73.5 2.109 0 5 1 
767.59 89.3 40.472935 -3.417196 584.8 4 5 72.4 1.055 0 5 1 
768.61 88.5 40.473007 -3.416918 584.3 4 5 72.1 1.406 0 5 1 
769.60 87.8 40.473076 -3.416652 583.9 4 5 72.1 0.352 0 4 0 
770.60 87.9 40.473141 -3.416383 583.9 4 5 72.4 0.352 0 4 0 
771.60 88.7 40.473213 -3.416113 584.4 4 5 71.7 0.703 0 4 0 
772.58 87.6 40.473274 -3.415847 585.2 4 5 71.4 1.055 0 4 0 
773.60 87.3 40.473351 -3.415576 583.9 4 5 71.4 0.352 1 4 0 
774.58 88.3 40.473419 -3.415299 583.7 4 5 71.4 0 1 4 0 
775.58 89.6 40.473495 -3.415020 583.5 4 5 71.4 0 1 4 0 
776.59 90.5 40.473568 -3.414740 583.6 4 5 71.4 0 1 4 0 
777.61 91.2 40.473648 -3.414458 583.5 4 5 71.0 0.352 1 4 0 
778.59 92.1 40.473724 -3.414170 582.7 4 5 70.3 1.055 0 4 0 
779.58 92.4 40.473804 -3.413893 582.6 4 5 69.6 1.406 0 4 0 
780.62 91.7 40.473892 -3.413613 582.0 4 5 68.2 2.109 1 4 0 
781.60 90.6 40.473984 -3.413336 581.5 3 5 66.8 2.812 1 4 0 
782.60 90.2 40.474075 -3.413070 581.1 4 5 66.4 1.758 1 5 0 
783.60 90.7 40.474163 -3.412793 581.2 4 5 66.4 0.352 0 4 0 
784.58 91.1 40.474262 -3.412516 581.2 4 5 65.7 0.703 0 4 0 
785.59 92.4 40.474365 -3.412244 580.5 4 5 64.7 1.758 1 4 0 
786.60 93.4 40.474472 -3.411968 580.3 4 5 63.3 2.461 1 4 0 
787.60 93.7 40.474590 -3.411685 581.0 4 5 62.6 2.109 1 4 0 
788.62 94.1 40.474701 -3.411407 580.5 4 5 62.9 0.352 0 4 0 
789.59 94.7 40.474804 -3.411131 580.4 4 5 62.6 0.352 0 4 0 
790.69 94.3 40.474922 -3.410853 580.8 4 5 61.5 1.406 0 4 0 
791.61 93.2 40.475037 -3.410588 580.8 6 5 60.1 2.461 0 4 0 
792.60 94.0 40.475155 -3.410325 580.2 6 5 59.1 2.461 0 4 0 
793.59 93.2 40.475269 -3.410073 580.5 6 5 58.0 2.109 1 4 0 
794.60 94.3 40.475391 -3.409812 580.3 6 5 57.3 1.758 2 4 0 
795.61 94.8 40.475517 -3.409545 580.2 4 5 57.3 0.703 1 4 0 
796.61 96.6 40.475647 -3.409256 580.2 6 5 57.0 0.352 0 4 0 
797.64 95.6 40.475792 -3.408994 580.0 6 5 56.2 1.055 0 4 0 
798.59 96.2 40.475925 -3.408739 579.8 6 5 55.2 1.758 0 3 0 
799.61 96.3 40.476063 -3.408484 579.5 6 5 54.1 2.109 0 3 0 
800.65 94.9 40.476204 -3.408235 579.7 6 5 53.4 1.758 0 3 0 
801.61 95.3 40.476349 -3.407988 580.6 4 5 52.4 1.758 0 3 0 
802.66 94.6 40.476494 -3.407739 581.1 4 5 51.3 2.109 1 3 0 
803.62 94.3 40.476646 -3.407490 581.1 4 5 50.3 2.109 2 3 0 
804.59 94.2 40.476803 -3.407248 580.3 4 5 50.6 0.703 1 3 0 
805.60 94.2 40.476952 -3.407009 580.6 4 5 50.6 0.352 0 3 0 
806.61 93.3 40.477104 -3.406777 580.4 6 5 49.6 1.055 0 3 0 
807.69 92.6 40.477257 -3.406549 582.3 6 5 48.5 2.109 0 3 0 
808.65 91.7 40.477417 -3.406336 581.2 4 5 47.5 2.109 0 3 0 
809.58 90.5 40.477570 -3.406126 581.3 4 5 46.4 2.109 0 3 0 
810.58 89.7 40.477726 -3.405906 581.8 4 5 46.1 1.406 0 3 0 
811.63 87.6 40.477875 -3.405708 581.7 4 5 45.0 1.406 0 3 0 
812.61 88.1 40.478031 -3.405508 582.2 4 5 43.9 2.109 0 3 0 
813.59 89.0 40.478191 -3.405314 582.4 4 5 42.9 2.109 1 3 0 
814.59 89.5 40.478359 -3.405119 583.1 4 5 41.8 2.109 2 3 0 
815.58 89.9 40.478523 -3.404927 583.5 3 5 41.5 1.406 2 3 0 
816.59 90.0 40.478691 -3.404717 584.0 4 5 42.5 1.055 2 3 0 
817.62 89.7 40.478859 -3.404521 584.3 4 5 41.5 1.055 1 3 0 
818.58 89.5 40.479027 -3.404323 584.4 3 5 40.8 1.758 0 3 0 
819.59 90.9 40.479202 -3.404139 584.9 3 5 40.4 1.055 0 3 0 
820.58 90.3 40.479378 -3.403948 585.0 3 5 38.3 2.461 1 3 0 
821.76 88.1 40.479546 -3.403767 585.4 3 5 38.0 2.461 2 3 0 
822.61 89.5 40.479729 -3.403584 585.9 3 5 36.2 2.109 0 3 0 
823.59 89.3 40.479912 -3.403409 586.2 3 5 36.2 1.758 0 3 0 
824.59 88.9 40.480095 -3.403241 586.8 3 5 35.2 1.055 0 3 0 
825.71 88.9 40.480274 -3.403062 587.3 3 5 35.5 0.703 0 3 0 
826.59 87.3 40.480450 -3.402895 587.6 4 5 37.3 2.109 0 3 0 
827.59 88.9 40.480629 -3.402725 587.7 4 5 37.6 2.109 0 3 0 
828.63 89.9 40.480812 -3.402548 588.1 3 5 36.9 0.703 0 3 0 
829.58 89.7 40.480988 -3.402375 588.6 3 5 36.2 1.406 0 3 0 
830.59 89.3 40.481163 -3.402198 588.2 3 5 36.2 0.703 0 4 0 
831.66 90.0 40.481342 -3.402029 588.5 3 5 36.9 0.703 0 4 0 
832.59 91.6 40.481525 -3.401851 588.6 3 5 38.0 1.758 1 4 0 
833.65 92.4 40.481705 -3.401675 589.6 3 5 37.3 0.703 1 4 0 
834.69 94.8 40.481895 -3.401488 589.9 3 5 36.6 1.406 1 4 0 
835.60 94.4 40.482086 -3.401299 590.7 3 5 36.6 0.703 0 4 0 
836.60 94.8 40.482277 -3.401120 590.8 3 5 36.2 0.352 0 3 0 
837.60 94.6 40.482468 -3.400929 591.2 3 5 36.5 0.321 0 3 0 
838.60 94.2 40.482670 -3.400735 593.9 3 5 36.5 0.321 2 3 0 
839.61 94.4 40.482849 -3.400554 592.5 3 5 36.6 0.097 2 4 0 
840.60 94.6 40.483032 -3.400372 592.9 3 5 36.6 0.097 2 4 0 
841.59 94.7 40.483219 -3.400189 593.5 3 5 36.6 0 0 4 0 
842.64 94.2 40.483410 -3.400001 594.8 3 5 36.6 0 0 3 0 
843.75 94.5 40.483597 -3.399822 595.2 3 5 36.6 0 1 3 0 
844.63 94.0 40.483788 -3.399639 595.2 3 5 36.6 0 1 4 0 
845.66 94.0 40.483978 -3.399456 595.2 3 5 36.8 0.185 2 4 0 
846.69 94.2 40.484165 -3.399271 595.2 3 5 36.8 0.185 0 4 0 
847.64 95.1 40.484352 -3.399081 595.9 3 5 36.8 0 0 3 0 
848.60 95.2 40.484539 -3.398887 595.6 4 5 37.3 0.438 1 3 0 
849.61 95.4 40.484726 -3.398702 597.3 3 5 37.8 1.025 1 4 0 
850.64 95.7 40.484913 -3.398510 595.9 3 5 37.8 0.587 1 4 0 
851.60 93.0 40.485096 -3.398330 595.5 3 5 37.8 0 0 4 0 
852.61 94.3 40.485291 -3.398153 596.9 4 5 39.0 1.136 0 4 0 
853.61 94.7 40.485481 -3.397953 596.7 4 5 39.9 2.097 0 4 0 
854.61 96.0 40.485668 -3.397752 596.7 4 5 40.3 1.293 1 4 0 
855.67 98.1 40.485855 -3.397558 596.3 3 5 40.3 0.332 1 3 0 
856.67 97.8 40.486046 -3.397337 596.4 4 5 41.6 1.292 0 3 0 
857.59 97.8 40.486217 -3.397121 596.6 3 5 43.2 2.935 0 3 0 
858.71 97.2 40.486397 -3.396892 595.9 4 5 43.2 1.643 1 4 0 
859.77 95.8 40.486752 -3.396455 596.9 3 5 44.1 0.851 2 4 0 
860.61 95.8 40.486752 -3.396455 596.9 3 5 44.1 0.851 2 4 0 
861.60 96.7 40.486912 -3.396236 596.6 3 5 44.1 0 2 4 0 
862.67 97.1 40.487095 -3.396012 597.8 3 5 44.1 0 1 4 0 
863.61 96.0 40.487255 -3.395793 596.6 3 5 57.2 13.167 2 4 0 
864.58 95.6 40.487389 -3.395523 596.6 3 5 57.2 13.167 2 4 0 
865.62 97.7 40.487602 -3.395337 596.4 3 5 45.0 12.222 1 4 0 
866.59 95.6 40.487774 -3.395113 596.0 3 5 45.0 12.222 0 4 0 
867.64 95.7 40.487942 -3.394900 596.7 3 5 45.4 0.352 0 4 0 
868.63 95.5 40.488106 -3.394679 597.1 3 5 45.7 0.703 0 4 0 
869.69 94.6 40.488270 -3.394456 596.5 3 5 45.7 0.352 0 4 0 
870.61 93.9 40.488438 -3.394240 596.4 3 5 46.1 0.352 0 5 1 
871.71 93.4 40.488602 -3.394028 597.1 4 5 46.8 1.055 0 5 1 
872.64 93.9 40.488762 -3.393808 597.3 4 5 46.1 0.703 0 5 1 
873.58 94.7 40.488926 -3.393589 597.3 4 5 45.4 1.406 2 5 1 
874.59 95.0 40.489094 -3.393358 597.4 4 5 45.7 0.352 2 5 1 
875.66 95.6 40.489250 -3.393136 597.7 4 5 46.8 1.406 0 4 0 
876.62 95.5 40.489410 -3.392895 598.5 4 5 47.5 1.758 0 4 0 
877.68 94.7 40.489574 -3.392670 598.6 4 5 47.1 0.352 1 4 0 
878.66 93.2 40.489742 -3.392433 598.6 4 5 47.1 0.352 2 4 0 
879.61 92.9 40.489902 -3.392204 598.3 4 5 46.8 0.352 2 4 0 
880.64 93.3 40.490063 -3.391968 598.3 4 5 46.4 0.703 2 5 1 
881.65 94.1 40.490223 -3.391750 598.3 4 5 45.4 1.406 1 5 1 
882.66 94.2 40.490391 -3.391526 598.3 4 5 44.6 1.758 0 4 0 
883.59 94.0 40.490566 -3.391313 598.8 4 5 44.3 1.055 1 5 1 
884.60 94.1 40.490738 -3.391111 598.8 4 5 45.4 1.055 2 5 1 
885.60 93.2 40.490902 -3.390884 598.9 4 5 45.7 1.406 2 5 1 
886.63 91.7 40.491058 -3.390664 599.1 4 5 46.4 1.055 1 5 1 
887.61 91.2 40.491215 -3.390452 599.2 4 5 47.1 1.406 0 5 1 
888.59 91.4 40.491371 -3.390223 599.0 3 5 47.8 1.406 1 5 1 
889.64 91.9 40.491531 -3.390003 599.6 3 5 47.8 0.703 2 5 1 
890.61 92.7 40.491692 -3.389785 599.8 4 5 46.8 1.055 0 5 1 
891.63 93.1 40.491852 -3.389552 599.8 4 5 46.4 1.406 0 5 1 
892.59 93.1 40.492012 -3.389335 599.6 4 5 45.7 1.055 0 5 1 
893.59 92.4 40.492184 -3.389115 599.7 4 5 45.7 0.703 0 5 1 
894.64 92.1 40.492344 -3.388898 599.8 4 5 46.4 0.703 0 5 1 
895.75 91.8 40.492504 -3.388682 599.8 4 5 47.5 1.758 0 5 1 
896.65 92.4 40.492649 -3.388439 599.8 4 5 48.9 2.461 0 5 1 
897.61 91.4 40.492805 -3.388220 599.8 4 5 48.9 1.406 0 5 1 
898.69 90.9 40.492954 -3.387994 599.6 6 5 48.5 0.352 0 5 1 
899.61 89.1 40.493103 -3.387777 599.9 4 5 49.2 0.703 0 4 0 
900.66 90.0 40.493240 -3.387559 599.7 4 5 49.5 0.965 1 4 0 
901.66 89.6 40.493389 -3.387330 599.6 4 5 49.5 0.262 2 4 0 
902.60 89.2 40.493530 -3.387119 599.5 4 5 50.1 0.578 2 4 0 
903.59 87.4 40.493664 -3.386895 599.2 4 5 50.7 1.246 2 5 1 
904.60 86.3 40.493801 -3.386678 599.2 4 5 50.7 0.668 0 4 0 
905.60 85.2 40.493931 -3.386463 599.2 4 5 50.7 0 0 4 0 
906.65 84.8 40.494061 -3.386235 598.8 4 5 50.7 0 0 4 0 
907.61 84.9 40.494186 -3.386016 598.5 4 5 50.7 0 0 4 0 
908.64 85.8 40.494316 -3.385804 598.4 4 5 51.1 0.413 0 4 0 
909.59 86.2 40.494446 -3.385585 598.6 4 5 51.5 0.800 0 4 0 
910.64 86.1 40.494583 -3.385360 598.1 4 5 51.5 0.387 0 4 0 
911.64 85.5 40.494717 -3.385143 597.4 4 5 52.4 0.905 0 4 0 
912.66 85.2 40.494843 -3.384923 597.7 4 5 52.4 0.905 0 4 0 
913.59 84.8 40.494976 -3.384703 598.6 4 5 53.0 0.616 0 4 0 
914.60 84.6 40.495110 -3.384482 597.2 4 5 52.6 0.429 1 4 0 
915.60 84.5 40.495239 -3.384251 597.2 4 5 52.3 0.729 1 4 0 
916.60 83.8 40.495350 -3.384051 597.0 4 5 54.0 1.674 0 4 0 
917.60 84.6 40.495476 -3.383817 596.6 4 5 54.0 1.674 0 4 0 
918.63 84.2 40.495586 -3.383612 596.7 4 5 53.8 0.156 0 4 0 
919.61 84.2 40.495708 -3.383400 596.3 4 5 53.8 0.156 0 3 0 
920.65 83.3 40.495831 -3.383166 595.7 4 5 56.7 2.821 1 3 0 
921.68 84.1 40.495953 -3.382940 595.3 4 5 56.7 2.821 1 3 0 
922.62 85.5 40.496067 -3.382719 595.1 6 5 56.7 0 1 3 0 
923.61 87.0 40.496197 -3.382484 595.9 6 5 56.7 0 0 3 0 
924.64 87.4 40.496315 -3.382249 596.1 4 5 55.9 0.772 0 3 0 
925.61 88.8 40.496452 -3.382019 594.7 6 5 55.9 0.772 0 3 0 
926.58 88.8 40.496571 -3.381783 593.8 6 5 57.0 1.152 1 3 0 
927.58 87.8 40.496696 -3.381544 594.3 6 5 56.5 0.661 2 3 0 
928.64 87.3 40.496811 -3.381310 594.5 6 5 56.5 0.490 2 3 0 
929.61 85.4 40.496918 -3.381068 594.8 6 5 55.9 0.640 2 4 0 
930.65 86.0 40.497051 -3.380814 596.5 6 5 55.9 0.640 2 4 0 
931.60 86.2 40.497162 -3.380588 598.1 6 5 56.5 0.573 2 4 0 
932.68 86.5 40.497288 -3.380345 598.8 6 5 56.5 0.573 1 4 0 
933.65 84.4 40.497410 -3.380104 598.4 6 5 56.5 0 1 4 0 
934.61 84.2 40.497532 -3.379878 597.9 6 5 56.5 0 1 4 0 
935.59 83.4 40.497650 -3.379648 598.1 4 5 56.5 0 1 4 0 
936.63 83.3 40.497761 -3.379413 597.9 6 5 56.3 0.210 1 4 0 
937.62 82.5 40.497883 -3.379206 597.9 6 5 56.3 0.210 0 4 0 
938.62 81.8 40.497990 -3.378959 597.5 6 5 55.9 0.332 0 4 0 
939.59 82.4 40.498104 -3.378738 596.3 4 5 55.9 0.332 2 4 0 
940.63 83.0 40.498215 -3.378498 596.2 4 5 55.9 0 2 4 0 
941.59 84.3 40.498325 -3.378257 596.5 4 5 55.9 0 2 4 0 
942.61 84.3 40.498440 -3.378031 596.6 4 5 55.6 0.365 1 4 0 
943.58 83.7 40.498550 -3.377778 596.5 4 5 55.6 0.365 0 4 0 
944.60 85.2 40.498688 -3.377552 596.4 4 5 56.2 0.622 0 4 0 
945.60 84.7 40.498810 -3.377334 596.5 4 5 56.2 0.622 0 4 0 
946.60 84.0 40.498924 -3.377101 596.5 4 5 56.2 0 1 4 0 
947.61 84.1 40.499043 -3.376888 596.8 6 5 56.2 0 2 4 0 
948.73 84.8 40.499172 -3.376654 597.1 4 5 56.2 0 2 4 0 
949.61 84.7 40.499287 -3.376427 597.1 6 5 57.0 0.762 2 4 0 
950.64 86.3 40.499405 -3.376163 597.4 6 5 57.0 0.762 0 4 0 
951.58 86.2 40.499519 -3.375938 597.3 6 5 57.0 0 0 4 0 
952.60 86.5 40.499641 -3.375700 597.7 6 5 57.0 0 0 4 0 
953.59 87.2 40.499767 -3.375460 597.5 6 5 56.7 0.286 0 4 0 
954.61 86.8 40.499886 -3.375239 597.9 6 5 56.7 0.286 1 4 0 
955.67 86.0 40.500023 -3.375005 598.1 6 5 55.9 0.767 1 5 1 
956.59 83.8 40.500130 -3.374789 598.4 6 5 55.9 0.767 0 5 1 
957.65 85.2 40.500252 -3.374552 598.3 6 5 55.9 0 0 5 1 
958.60 85.5 40.500366 -3.374313 598.3 6 5 57.9 2.006 0 5 1 
959.61 85.8 40.500477 -3.374074 598.2 6 5 57.9 2.006 0 5 1 
960.60 85.4 40.500595 -3.373833 599.3 6 5 57.9 0 0 5 1 
961.62 86.2 40.500710 -3.373594 598.9 6 5 57.7 0.237 1 5 1 
962.59 85.0 40.500824 -3.373364 598.7 6 5 57.7 0.237 2 4 0 
963.66 84.9 40.500938 -3.373136 598.7 6 5 57.7 0 2 4 0 
964.62 84.4 40.501045 -3.372906 598.9 6 5 57.7 0 0 5 1 
965.60 84.4 40.501160 -3.372670 599.1 6 5 57.9 0.185 0 5 1 
966.58 85.1 40.501274 -3.372422 599.2 6 5 57.7 0.131 0 5 1 
967.68 84.2 40.501381 -3.372180 599.6 6 5 57.7 0.131 0 5 1 
968.68 87.3 40.501503 -3.371945 600.0 6 5 57.4 0.311 0 5 1 
969.73 87.8 40.501602 -3.371708 600.2 6 5 57.4 0.311 0 5 1 
970.66 87.9 40.501724 -3.371455 600.3 6 5 57.4 0 0 5 1 
971.61 86.7 40.501842 -3.371212 600.2 6 5 57.4 0 0 5 1 
972.60 83.9 40.501949 -3.370970 600.0 6 5 57.4 0 0 5 1 
973.60 84.9 40.502071 -3.370753 600.0 6 5 57.4 0 0 5 1 
974.68 86.7 40.502186 -3.370511 601.5 6 5 54.2 3.222 0 5 1 
975.61 85.5 40.502296 -3.370267 600.8 6 5 55.2 2.215 1 4 0 
976.60 84.5 40.502399 -3.370030 600.3 6 5 57.8 3.579 1 5 1 
977.63 83.9 40.502529 -3.369803 600.6 6 5 58.4 3.244 0 5 1 
978.70 82.3 40.502651 -3.369585 600.5 6 5 58.4 0.672 0 5 1 
979.58 81.8 40.502781 -3.369360 600.9 6 5 57.5 0.980 0 5 1 
980.61 82.0 40.502884 -3.369125 600.8 6 5 57.5 0.980 0 4 0 
981.58 81.8 40.502991 -3.368893 600.9 6 5 57.9 0.472 0 4 0 
982.60 81.1 40.503098 -3.368679 600.6 6 5 57.9 0.472 0 4 0 
983.71 80.5 40.503208 -3.368459 601.0 6 5 57.9 0 0 4 0 
984.62 80.0 40.503307 -3.368223 601.1 6 5 57.9 0 2 4 0 
985.62 80.0 40.503410 -3.367994 600.9 6 5 58.6 0.636 0 4 0 
986.61 81.5 40.503513 -3.367785 601.1 6 5 57.9 0.677 0 4 0 
987.62 80.7 40.503609 -3.367546 601.3 6 5 57.9 0.677 0 4 0 
988.58 80.3 40.503716 -3.367333 601.7 6 5 58.3 0.444 0 4 0 
989.64 81.9 40.503834 -3.367121 601.7 6 5 58.3 0.444 0 4 0 
990.59 83.0 40.503944 -3.366886 601.9 6 5 57.8 0.512 2 3 0 
991.65 84.8 40.504036 -3.366651 602.1 6 5 57.8 0.512 0 3 0 
992.64 85.1 40.504128 -3.366413 602.4 6 5 58.3 0.475 0 3 0 
993.64 85.9 40.504234 -3.366157 602.2 6 5 58.3 0.475 0 3 0 
994.61 83.9 40.504330 -3.365916 602.2 6 5 58.3 0 0 3 0 
995.59 83.3 40.504425 -3.365671 602.2 6 5 60.1 1.800 0 3 0 
996.60 84.0 40.504532 -3.365431 602.5 6 5 60.9 2.556 0 3 0 
997.62 84.9 40.504627 -3.365191 602.5 6 5 61.9 1.826 0 3 0 
998.63 84.5 40.504734 -3.364937 602.5 6 5 63.4 2.578 0 3 0 
999.59 80.2 40.504822 -3.364691 602.5 6 5 64.4 2.448 1 2 0 
1000.65 81.0 40.504906 -3.364451 602.6 6 5 65.9 2.426 1 2 0 
1001.69 81.2 40.504982 -3.364212 602.5 6 5 67.6 3.220 1 2 0 
1002.59 82.5 40.505062 -3.363961 602.6 6 5 67.6 1.735 0 2 0 
1003.67 83.5 40.505135 -3.363717 602.7 6 5 69.0 1.366 1 2 0 
1004.69 82.7 40.505203 -3.363452 602.6 6 5 70.8 3.211 1 2 0 
1005.59 82.0 40.505264 -3.363199 602.5 6 5 72.5 3.554 2 2 0 
1006.70 80.4 40.505329 -3.362922 601.9 6 5 72.5 1.709 2 3 0 
1007.61 79.9 40.505383 -3.362670 601.7 6 5 87.7 15.175 1 2 0 
1008.60 78.0 40.505409 -3.362420 601.6 6 5 79.4 8.265 0 2 0 
1009.59 77.3 40.505463 -3.362170 601.1 6 5 79.8 7.940 1 2 0 
1010.58 75.6 40.505512 -3.361929 600.7 6 5 80.9 1.523 2 2 0 
1011.63 75.5 40.505547 -3.361680 600.3 4 5 80.2 0.793 2 2 0 
1012.59 74.5 40.505577 -3.361426 600.2 4 5 82.3 2.109 2 3 0 
1013.60 73.9 40.505596 -3.361182 599.9 4 5 84.7 4.570 2 3 0 
1014.64 75.1 40.505604 -3.360938 599.8 4 5 86.8 4.570 0 3 0 
1015.58 76.8 40.505615 -3.360699 599.7 4 5 88.6 3.867 0 3 0 
1016.63 75.4 40.505623 -3.360462 599.5 4 5 88.6 1.758 0 3 0 
1017.61 74.6 40.505627 -3.360222 599.4 3 5 89.6 1.055 0 2 0 
1018.59 76.8 40.505627 -3.359971 599.2 3 5 88.9 0.703 0 2 0 
1019.63 77.6 40.505638 -3.359722 599.4 3 5 89.6 0.703 0 2 0 
1020.60 77.6 40.505638 -3.359468 599.3 3 5 89.6 0.703 2 3 0 
1021.59 78.3 40.505630 -3.359199 599.3 4 5 91.4 1.758 2 3 0 
1022.66 74.1 40.505623 -3.358941 599.4 3 5 92.8 3.164 0 3 0 
1023.59 73.9 40.505615 -3.358699 599.3 3 5 93.2 1.758 0 2 0 
1024.61 73.5 40.505600 -3.358463 599.4 3 5 93.9 1.055 2 3 0 
1025.62 71.2 40.505585 -3.358230 599.5 3 5 93.9 0.703 2 3 0 
1026.68 69.7 40.505577 -3.358016 599.8 3 5 94.9 1.055 0 3 0 
1027.64 68.1 40.505558 -3.357798 599.9 3 5 97.0 3.164 2 3 0 
1028.61 66.2 40.505535 -3.357571 600.0 3 5 98.4 3.516 0 3 0 
1029.63 64.4 40.505508 -3.357366 600.4 3 5 99.1 2.109 0 3 0 
1030.63 55.2 40.505489 -3.357177 600.2 3 5 98.1 1.055 0 3 0 
1031.62 50.5 40.505478 -3.357005 599.8 3 5 96.7 2.461 0 3 0 
