84.48 -2 40.501709 -3.372050 1.58 1.50
167.02 -1 40.488338 -3.394729 0.73 1.50
204.94 1 40.480206 -3.403428 0.90 1.50
312.08 2 40.468723 -3.435722 2.82 1.50
364.95 -1 40.466877 -3.451731 0.76 1.50
406.24 2 40.467167 -3.465231 1.82 1.50
419.72 1 40.467190 -3.469256 1.38 1.50
511.00 -1 40.463646 -3.486405 0.38 1.50
540.63 -1 40.465454 -3.479306 0.57 1.50
550.05 -1 40.465996 -3.476943 1.37 1.50
655.66 -1 40.467560 -3.441595 0.97 1.50
667.06 1 40.468292 -3.437268 1.00 1.50
758.93 1 40.477352 -3.406405 1.41 1.50
774.74 -2 40.480400 -3.402964 2.06 1.50
788.40 -2 40.483631 -3.399858 3.50 1.50
822.18 1 40.490749 -3.391135 1.32 1.50
852.83 -1 40.495686 -3.383528 0.68 1.50
901.12 1 40.502640 -3.369597 0.91 1.50
909.93 1 40.503830 -3.367007 1.37 1.50
938.65 1 40.505642 -3.358919 0.78 1.50
945.31 1 40.505531 -3.357282 0.82 1.50
