29.63 1 1 40.505856 -3.357412 20151120135221 
73.97 3 1 40.502941 -3.369558 20151120135306 
313.46 3 1 40.468670 -3.436045 20151120135705 
327.24 2 1 40.467907 -3.440528 20151120135719 
357.84 1 2 40.467030 -3.449631 20151120135750 
470.65 3 1 40.466564 -3.483087 20151120135942 
488.65 3 1 40.465710 -3.486496 20151120140000 
513.30 2 2 40.463776 -3.486059 20151120140025 
565.66 3 1 40.466747 -3.472355 20151120140117 
660.18 2 1 40.467846 -3.439864 20151120140252 
823.27 2 1 40.490936 -3.390870 20151120140535 
842.05 1 3 40.495422 -3.383997 20151120140602 
942.04 1 1 40.505581 -3.357866 20151120140734 
944.67 3 1 40.505550 -3.357452 20151120140736 
