26.71 90.0 1 motorway_link 2 1 40.505768 -3.356164 2.008 72.6 
28.65 90.0 1 motorway_link 2 1 40.505825 -3.356863 0.957 82.0 
30.46 120.0 1 motorway 4 1 40.505840 -3.357125 1.763 87.6 
31.80 120.0 1 motorway 4 1 40.505871 -3.357689 1.098 85.9 
33.56 120.0 1 motorway 4 1 40.505913 -3.358252 0.866 87.3 
34.50 120.0 1 motorway 3 1 40.505936 -3.358530 0.796 87.7 
35.79 120.0 1 motorway 3 1 40.505962 -3.358829 1.097 87.6 
37.63 120.0 1 motorway 3 1 40.505985 -3.359400 0.930 89.9 
39.17 120.0 1 motorway 3 1 40.505989 -3.359700 1.473 90.8 
40.92 120.0 1 motorway 3 1 40.505981 -3.360289 1.226 93.6 
43.13 120.0 1 motorway 3 1 40.505959 -3.360883 1.432 93.3 
44.69 120.0 1 motorway 3 1 40.505901 -3.361505 0.992 91.8 
45.52 120.0 1 motorway 3 1 40.505867 -3.361799 0.817 91.6 
46.37 120.0 1 motorway 3 1 40.505825 -3.362103 0.667 91.7 
48.07 120.0 1 motorway 3 1 40.505787 -3.362403 1.375 91.9 
49.73 120.0 1 motorway 3 1 40.505669 -3.363001 1.037 92.7 
51.25 120.0 1 motorway 3 1 40.505535 -3.363578 0.551 92.3 
52.37 120.0 1 motorway 3 1 40.505463 -3.363858 0.674 92.1 
53.60 120.0 1 motorway 3 1 40.505375 -3.364139 0.903 91.2 
54.53 120.0 1 motorway 3 1 40.505291 -3.364416 0.827 90.9 
55.68 120.0 1 motorway 3 1 40.505199 -3.364686 0.983 90.7 
57.64 120.0 1 motorway 3 1 40.505108 -3.364954 1.937 89.9 
59.23 120.0 1 motorway 3 1 40.504902 -3.365472 1.538 90.5 
61.10 120.0 1 motorway 3 1 40.504673 -3.365981 1.404 91.0 
63.23 120.0 1 motorway 3 1 40.504436 -3.366489 1.532 89.6 
64.99 120.0 1 motorway 3 1 40.504192 -3.366992 1.289 87.5 
67.02 120.0 1 motorway 3 1 40.503956 -3.367482 1.315 86.3 
68.85 120.0 1 motorway 3 1 40.503719 -3.367965 1.155 84.1 
71.24 120.0 1 motorway 3 1 40.503487 -3.368434 1.546 82.4 
73.26 120.0 1 motorway 3 1 40.503254 -3.368891 1.563 77.9 
74.76 120.0 1 motorway 3 1 40.503044 -3.369343 1.057 76.6 
76.85 120.0 1 motorway 3 1 40.502838 -3.369779 1.150 86.6 
79.11 120.0 1 motorway 3 1 40.502613 -3.370239 1.412 91.0 
80.94 120.0 1 motorway 3 1 40.502361 -3.370725 1.247 96.2 
82.58 120.0 1 motorway 3 1 40.502113 -3.371237 0.884 97.7 
83.32 120.0 1 motorway 3 1 40.501980 -3.371504 0.619 99.0 
84.55 120.0 1 motorway 3 2 40.501846 -3.371776 0.847 100.1 
85.65 120.0 1 motorway 3 2 40.501709 -3.372050 0.956 100.6 
86.58 120.0 1 motorway 3 2 40.501572 -3.372328 0.879 100.7 
87.61 120.0 1 motorway 3 2 40.501427 -3.372598 0.916 101.4 
88.55 120.0 1 motorway 3 2 40.501293 -3.372870 0.850 102.9 
89.56 120.0 1 motorway 3 2 40.501152 -3.373152 0.866 104.3 
91.23 120.0 1 motorway 3 2 40.501003 -3.373435 1.529 104.7 
92.72 120.0 1 motorway 3 2 40.500717 -3.374007 1.022 105.3 
96.07 120.0 1 motorway 3 2 40.500435 -3.374583 2.372 108.0 
98.87 120.0 1 motorway 3 2 40.499989 -3.375470 2.171 107.0 
101.72 120.0 1 motorway 3 2 40.499554 -3.376358 2.019 102.7 
104.97 120.0 1 motorway 3 2 40.499134 -3.377216 2.274 105.2 
106.65 120.0 1 motorway 3 2 40.498699 -3.378072 0.949 105.9 
108.11 120.0 1 motorway 3 2 40.498550 -3.378358 1.417 108.4 
109.53 120.0 1 motorway 3 2 40.498257 -3.378941 0.829 109.0 
110.96 120.0 1 motorway 3 2 40.498112 -3.379243 1.265 107.1 
112.48 120.0 1 motorway 3 2 40.497814 -3.379822 0.785 106.1 
113.71 120.0 1 motorway 3 2 40.497662 -3.380116 1.012 105.5 
115.67 120.0 1 motorway 3 2 40.497372 -3.380693 0.972 104.7 
117.71 120.0 1 motorway 3 2 40.497219 -3.380976 2.002 105.6 
119.67 120.0 1 motorway 3 2 40.496780 -3.381835 0.969 103.4 
121.08 120.0 1 motorway 3 2 40.496632 -3.382119 1.386 100.8 
122.62 120.0 1 motorway 3 2 40.496342 -3.382669 0.925 100.3 
123.45 120.0 1 motorway 3 2 40.496201 -3.382938 0.749 101.4 
124.46 120.0 1 motorway 3 2 40.496052 -3.383209 0.766 103.1 
125.90 120.0 1 motorway 3 2 40.495903 -3.383482 1.206 106.8 
130.10 120.0 1 motorway 3 2 40.495594 -3.384051 3.392 110.2 
131.84 120.0 1 motorway 3 2 40.494938 -3.385202 1.142 109.6 
133.59 120.0 1 motorway 3 2 40.494595 -3.385759 0.889 107.7 
134.74 120.0 1 motorway 3 2 40.494431 -3.386045 1.045 107.1 
137.42 120.0 1 motorway 3 2 40.494087 -3.386574 1.726 107.9 
139.31 120.0 1 motorway 3 2 40.493748 -3.387138 1.613 106.2 
141.29 120.0 1 motorway 3 2 40.493416 -3.387686 1.597 107.3 
143.10 120.0 1 motorway 3 2 40.493061 -3.388219 1.404 108.3 
145.49 120.0 1 motorway 3 2 40.492706 -3.388748 1.788 107.8 
147.23 120.0 1 motorway 3 2 40.492340 -3.389275 1.531 105.0 
148.75 120.0 1 motorway 3 2 40.491970 -3.389785 1.054 106.3 
150.48 120.0 1 motorway 3 2 40.491604 -3.390287 0.779 105.1 
151.70 120.0 1 motorway 3 2 40.491421 -3.390539 1.004 104.2 
153.39 120.0 1 motorway 3 2 40.491051 -3.391032 0.693 105.4 
155.08 120.0 1 motorway 3 2 40.490864 -3.391282 1.385 106.7 
156.33 120.0 1 motorway 3 2 40.490498 -3.391799 0.629 105.7 
157.86 120.0 1 motorway 3 2 40.490318 -3.392048 1.158 109.1 
159.49 120.0 1 motorway 3 2 40.489956 -3.392569 0.789 106.3 
160.71 120.0 1 motorway 3 2 40.489777 -3.392804 1.016 106.0 
163.07 120.0 1 motorway 3 2 40.489414 -3.393299 1.370 102.7 
164.89 120.0 1 motorway 3 2 40.489067 -3.393778 1.194 100.7 
166.87 120.0 1 motorway 3 2 40.488705 -3.394254 1.176 103.1 
168.85 120.0 1 motorway 3 2 40.488338 -3.394730 1.148 106.3 
170.35 120.0 1 motorway 3 2 40.487965 -3.395210 0.650 108.8 
172.81 120.0 1 motorway 3 2 40.487774 -3.395462 2.111 110.4 
174.85 120.0 1 motorway 3 2 40.487190 -3.396229 1.148 109.2 
177.00 120.0 1 motorway 3 2 40.486801 -3.396713 1.297 108.6 
178.94 120.0 1 motorway 3 2 40.486389 -3.397183 1.246 110.5 
180.89 120.0 1 motorway 3 2 40.485981 -3.397670 1.189 112.2 
182.98 120.0 1 motorway 3 2 40.485554 -3.398126 1.279 110.4 
185.12 120.0 1 motorway 3 2 40.485119 -3.398597 1.423 108.9 
187.03 120.0 1 motorway 3 2 40.484684 -3.399034 1.335 111.5 
188.68 120.0 1 motorway 3 2 40.484238 -3.399473 0.977 111.5 
190.18 120.0 1 motorway 3 2 40.484013 -3.399685 1.479 112.6 
191.68 120.0 1 motorway 3 2 40.483555 -3.400158 0.984 111.3 
192.97 120.0 1 motorway 3 2 40.483330 -3.400384 1.274 110.4 
195.03 120.0 1 motorway 3 2 40.482872 -3.400815 1.330 110.8 
197.30 120.0 1 motorway 3 2 40.482433 -3.401260 1.599 111.7 
199.32 120.0 1 motorway 3 2 40.481987 -3.401683 1.625 113.3 
201.59 120.0 1 motorway 3 2 40.481522 -3.402115 1.888 112.2 
203.22 120.0 1 motorway 3 2 40.481071 -3.402554 1.521 110.7 
204.76 120.0 1 motorway 3 2 40.480633 -3.402994 1.055 109.4 
207.00 120.0 1 motorway 3 1 40.480206 -3.403428 1.301 105.9 
208.64 120.0 1 motorway 3 1 40.479771 -3.403860 0.941 104.8 
211.61 120.0 1 motorway 3 1 40.479561 -3.404079 2.909 105.0 
213.35 120.0 1 motorway 3 1 40.478985 -3.404733 1.650 108.1 
215.29 120.0 1 motorway 3 1 40.478584 -3.405197 1.596 107.9 
217.00 120.0 1 motorway 3 1 40.478184 -3.405686 1.304 108.1 
218.47 120.0 1 motorway 3 1 40.477791 -3.406182 0.776 108.1 
219.57 120.0 1 motorway 3 1 40.477600 -3.406442 0.869 108.8 
220.36 120.0 1 motorway 3 1 40.477417 -3.406702 0.661 109.1 
221.83 120.0 1 motorway 3 1 40.477238 -3.406960 1.136 109.1 
223.80 120.0 1 motorway 3 1 40.476887 -3.407514 1.104 106.9 
226.16 120.0 1 motorway 3 1 40.476551 -3.408059 1.466 106.2 
227.74 120.0 1 motorway 3 1 40.476238 -3.408611 1.041 106.2 
230.04 120.0 1 motorway 3 1 40.475929 -3.409167 1.342 105.9 
231.87 120.0 1 motorway 3 1 40.475632 -3.409750 1.173 106.5 
233.73 120.0 1 motorway 3 1 40.475346 -3.410331 1.026 105.9 
235.37 120.0 1 motorway 3 1 40.475079 -3.410924 0.667 103.0 
237.31 120.0 1 motorway 3 1 40.474953 -3.411226 1.613 103.0 
238.34 120.0 1 motorway 3 1 40.474716 -3.411824 0.641 103.1 
240.59 120.0 1 motorway 3 1 40.474602 -3.412127 1.896 103.3 
241.41 120.0 1 motorway 3 1 40.474377 -3.412736 0.710 103.0 
242.44 120.0 1 motorway 3 1 40.474274 -3.413044 0.736 103.6 
243.34 120.0 1 motorway 3 1 40.474171 -3.413350 0.642 105.5 
244.38 120.0 1 motorway 3 1 40.474068 -3.413657 0.672 107.2 
245.50 120.0 1 motorway 3 1 40.473969 -3.413983 0.804 104.9 
246.37 120.0 1 motorway 3 1 40.473873 -3.414307 0.671 103.7 
247.41 120.0 1 motorway 3 1 40.473789 -3.414619 0.712 103.0 
248.40 120.0 1 motorway 3 1 40.473701 -3.414939 0.703 103.1 
249.40 120.0 1 motorway 3 1 40.473625 -3.415257 0.697 102.7 
250.63 120.0 1 motorway 3 1 40.473549 -3.415583 0.935 101.8 
251.35 120.0 1 motorway 3 1 40.473476 -3.415904 0.655 100.2 
252.95 120.0 1 motorway 3 1 40.473404 -3.416228 1.256 100.0 
254.31 120.0 1 motorway 3 1 40.473251 -3.416839 0.609 101.0 
255.55 120.0 1 motorway 3 1 40.473167 -3.417148 0.849 102.0 
256.61 120.0 1 motorway 3 1 40.473087 -3.417458 0.917 102.0 
257.42 120.0 1 motorway 3 1 40.473003 -3.417773 0.724 103.2 
258.87 120.0 1 motorway 3 1 40.472931 -3.418099 1.169 100.2 
260.87 120.0 1 motorway 3 1 40.472775 -3.418719 1.177 102.9 
264.03 120.0 1 motorway 3 1 40.472603 -3.419367 2.337 101.7 
265.85 120.0 1 motorway 3 1 40.472355 -3.420316 1.156 100.6 
267.90 120.0 1 motorway 3 1 40.472187 -3.420950 1.208 101.3 
269.56 120.0 1 motorway 3 1 40.472019 -3.421581 0.870 102.0 
271.92 120.0 1 motorway 3 1 40.471931 -3.421895 2.226 99.6 
273.92 120.0 1 motorway 3 1 40.471680 -3.422828 1.222 100.5 
276.88 120.0 1 motorway 3 1 40.471500 -3.423444 2.185 104.1 
278.92 120.0 1 motorway 3 1 40.471230 -3.424394 1.231 102.6 
280.52 120.0 1 motorway 3 1 40.471050 -3.425028 0.827 102.2 
281.95 120.0 1 motorway 3 1 40.470955 -3.425340 1.260 100.8 
284.07 120.0 1 motorway 3 1 40.470772 -3.425955 1.372 100.5 
285.74 120.0 1 motorway 3 1 40.470592 -3.426569 1.046 100.9 
287.86 120.0 1 motorway 3 1 40.470409 -3.427183 1.171 102.4 
289.62 120.0 1 motorway 3 1 40.470242 -3.427814 0.925 103.2 
290.87 120.0 1 motorway 3 1 40.470150 -3.428134 1.179 104.1 
292.81 120.0 1 motorway 3 1 40.469986 -3.428777 1.114 103.1 
294.75 120.0 1 motorway 3 1 40.469833 -3.429428 1.055 102.6 
297.01 120.0 1 motorway 3 1 40.469673 -3.430069 1.320 104.1 
298.54 120.0 1 motorway 3 1 40.469528 -3.430715 0.848 105.0 
299.26 120.0 1 motorway 3 1 40.469460 -3.431048 0.563 105.2 
300.42 120.0 1 motorway 3 1 40.469398 -3.431389 0.723 105.5 
301.93 120.0 1 motorway 3 1 40.469345 -3.431724 1.233 104.8 
303.96 120.0 1 motorway 3 1 40.469234 -3.432386 1.264 105.5 
305.71 120.0 1 motorway 3 1 40.469131 -3.433056 1.014 105.0 
307.55 120.0 1 motorway 3 1 40.469036 -3.433733 0.861 104.4 
308.57 120.0 1 motorway 3 1 40.468979 -3.434068 0.881 104.4 
309.82 120.0 1 motorway 3 1 40.468929 -3.434409 1.128 103.6 
312.67 120.0 1 motorway 3 1 40.468826 -3.435070 1.978 101.9 
313.83 120.0 1 motorway 3 1 40.468723 -3.435722 1.137 100.1 
315.74 120.0 1 motorway 3 1 40.468624 -3.436362 1.050 101.4 
317.71 120.0 1 motorway 3 1 40.468521 -3.437012 1.022 102.4 
319.67 120.0 1 motorway 3 1 40.468410 -3.437667 0.973 104.3 
321.69 120.0 1 motorway 3 1 40.468353 -3.438006 1.992 101.7 
322.72 120.0 1 motorway 3 1 40.468231 -3.438668 1.022 100.4 
324.99 120.0 1 motorway 3 1 40.468124 -3.439301 1.289 97.1 
326.91 120.0 1 motorway 3 1 40.468006 -3.439919 1.208 94.6 
328.45 120.0 1 motorway 3 1 40.467907 -3.440528 0.753 93.3 
330.59 120.0 1 motorway 3 1 40.467854 -3.440827 1.900 94.1 
331.72 120.0 1 motorway 3 1 40.467770 -3.441439 1.024 94.6 
333.77 120.0 1 motorway 3 1 40.467705 -3.442058 1.081 95.0 
336.17 120.0 1 motorway 3 1 40.467636 -3.442677 1.480 98.4 
337.32 120.0 1 motorway 3 1 40.467575 -3.443312 0.611 98.0 
338.45 120.0 1 motorway 3 1 40.467545 -3.443636 0.754 96.8 
339.43 120.0 1 motorway 3 1 40.467514 -3.443953 0.738 95.9 
340.37 120.0 1 motorway 3 1 40.467487 -3.444257 0.682 97.1 
342.09 120.0 1 motorway 3 1 40.467461 -3.444572 1.393 97.5 
345.85 120.0 1 motorway 3 1 40.467354 -3.445843 1.147 93.6 
348.56 120.0 1 motorway 3 1 40.467300 -3.446457 1.864 90.8 
350.08 120.0 1 motorway 3 1 40.467247 -3.447050 1.385 89.4 
351.79 120.0 1 motorway 3 1 40.467197 -3.447644 1.097 90.7 
354.25 120.0 1 motorway 3 1 40.467144 -3.448229 1.555 88.5 
356.25 120.0 1 motorway 3 1 40.467091 -3.448813 1.556 85.6 
357.63 120.0 2 motorway 3 1 40.467049 -3.449359 0.934 83.9 
359.28 120.0 1 motorway 3 1 40.467030 -3.449631 1.588 77.1 
361.65 120.0 2 motorway 3 1 40.466988 -3.450153 1.958 80.7 
363.58 120.0 1 motorway 3 1 40.466961 -3.450662 1.892 83.5 
364.59 120.0 1 motorway 3 1 40.466919 -3.451195 0.887 83.1 
366.02 120.0 1 motorway 3 2 40.466900 -3.451464 1.325 85.9 
367.66 120.0 1 motorway 3 2 40.466854 -3.452015 0.968 86.8 
369.06 120.0 1 motorway 3 2 40.466835 -3.452298 1.367 91.8 
370.94 120.0 1 motorway 3 2 40.466805 -3.452899 1.243 98.2 
374.26 120.0 1 motorway 3 2 40.466782 -3.453535 2.569 101.5 
375.86 120.0 1 motorway 3 2 40.466766 -3.454509 1.157 103.4 
378.02 120.0 1 motorway 3 2 40.466763 -3.455178 1.332 102.1 
380.14 120.0 1 motorway 3 2 40.466774 -3.455850 1.448 102.6 
382.57 120.0 1 motorway 3 2 40.466785 -3.456523 1.874 100.6 
384.98 120.0 1 motorway 3 2 40.466793 -3.457193 2.286 102.9 
387.16 120.0 1 motorway 3 2 40.466839 -3.458182 1.463 103.2 
390.12 120.0 1 motorway 3 2 40.466869 -3.458864 2.433 102.1 
392.13 120.0 1 motorway 3 2 40.466919 -3.459886 1.435 98.7 
394.40 120.0 1 motorway 3 2 40.466957 -3.460534 1.708 99.4 
395.96 120.0 1 motorway 3 2 40.466991 -3.461160 1.263 103.8 
399.10 120.0 1 motorway 3 2 40.467022 -3.461842 2.408 104.3 
401.28 120.0 1 motorway 3 2 40.467083 -3.462852 1.582 102.1 
402.70 120.0 1 motorway 3 2 40.467110 -3.463526 1.003 101.5 
404.83 120.0 1 motorway 3 2 40.467133 -3.464205 1.137 104.7 
406.47 120.0 1 motorway 3 1 40.467155 -3.464876 0.780 103.3 
407.62 120.0 1 motorway 3 1 40.467167 -3.465232 0.929 102.2 
408.53 120.0 1 motorway 3 1 40.467178 -3.465548 0.836 99.4 
409.44 120.0 1 motorway 3 1 40.467190 -3.465881 0.750 98.6 
410.67 120.0 1 motorway 3 1 40.467201 -3.466200 0.967 96.8 
411.30 120.0 1 motorway 3 1 40.467205 -3.466526 0.609 95.3 
412.91 120.0 1 motorway 3 1 40.467209 -3.466839 1.220 92.4 
414.71 120.0 1 motorway 3 1 40.467205 -3.467460 1.018 91.2 
416.81 120.0 1 motorway 3 1 40.467197 -3.468061 1.121 93.0 
418.76 120.0 1 motorway 3 1 40.467194 -3.468667 1.064 91.6 
420.41 120.0 1 motorway 3 1 40.467190 -3.469256 0.715 88.9 
421.54 120.0 1 motorway 3 1 40.467182 -3.469546 0.848 88.7 
422.97 120.0 1 motorway 3 1 40.467175 -3.469835 1.282 92.4 
424.70 120.0 1 motorway 3 1 40.467144 -3.470444 1.006 94.6 
426.96 120.0 1 motorway 3 1 40.467106 -3.471040 1.263 101.4 
430.88 120.0 1 motorway 3 1 40.467049 -3.471688 3.190 98.8 
432.48 120.0 1 motorway 3 1 40.466896 -3.473007 0.789 96.9 
434.44 120.0 1 motorway 3 1 40.466858 -3.473321 1.743 94.5 
436.04 120.0 1 motorway 3 1 40.466778 -3.473946 1.342 93.0 
438.43 120.0 1 motorway 3 1 40.466682 -3.474544 1.740 95.8 
439.95 120.0 1 motorway 3 1 40.466583 -3.475150 1.259 96.1 
441.70 120.0 1 motorway 3 1 40.466469 -3.475768 1.003 94.7 
444.27 120.0 1 motorway 3 1 40.466354 -3.476381 1.566 90.8 
445.90 120.0 1 motorway 3 1 40.466236 -3.476949 1.199 87.9 
448.15 120.0 1 motorway 3 1 40.466118 -3.477524 1.461 85.4 
449.69 120.0 1 motorway 3 1 40.466015 -3.478075 0.994 83.9 
450.98 120.0 1 motorway 3 1 40.465958 -3.478355 1.286 81.2 
452.86 80.0 1 primary_link 1 1 40.465858 -3.478869 1.158 78.1 
457.37 80.0 1 primary_link 1 1 40.465771 -3.479377 3.638 72.6 
461.67 70.0 1 primary_link 1 1 40.465714 -3.480345 3.976 72.5 
462.70 70.0 1 primary_link 1 1 40.465916 -3.481203 1.005 71.7 
465.56 70.0 1 primary_link 1 1 40.466057 -3.481641 1.862 69.7 
467.69 70.0 1 primary_link 1 1 40.466217 -3.482068 1.998 67.0 
468.61 70.0 1 primary_link 1 1 40.466354 -3.482491 0.908 65.6 
470.50 70.0 1 primary_link 1 1 40.466427 -3.482688 1.805 63.9 
472.07 70.0 1 primary_link 1 1 40.466564 -3.483087 1.375 62.9 
473.37 70.0 1 primary_link 1 1 40.466671 -3.483470 0.675 64.5 
474.46 70.0 1 primary_link 1 1 40.466698 -3.483674 0.773 66.6 
478.11 70.0 1 primary_link 1 1 40.466724 -3.483882 3.413 64.8 
479.92 70.0 1 primary_link 1 1 40.466663 -3.484743 1.230 62.1 
481.94 70.0 1 primary_link 1 1 40.466549 -3.485126 1.251 64.5 
484.08 70.0 1 primary_link 1 1 40.466362 -3.485482 1.387 67.8 
486.34 70.0 1 primary_link 1 1 40.466152 -3.485827 1.651 67.7 
487.78 90.0 3 motorway_link 1 1 40.465923 -3.486172 1.084 67.3 
489.95 90.0 3 motorway_link 1 1 40.465710 -3.486496 1.255 67.3 
493.20 90.0 3 motorway_link 1 1 40.465496 -3.486832 2.507 70.1 
495.26 50.0 1 primary 1 1 40.465149 -3.487371 1.565 65.0 
497.21 50.0 1 primary 1 1 40.464912 -3.487679 1.520 60.1 
499.47 50.0 1 primary 1 1 40.464638 -3.487872 1.777 59.4 
501.70 50.0 1 primary 1 1 40.464344 -3.487931 2.007 55.3 
504.01 50.0 1 primary 1 1 40.463951 -3.487765 1.311 53.5 
506.03 50.0 1 primary 1 1 40.463753 -3.487529 1.336 54.0 
510.07 50.0 1 primary 1 1 40.463619 -3.487221 3.380 51.4 
512.06 50.0 1 primary 1 1 40.463608 -3.486565 1.369 56.3 
515.18 90.0 1 motorway_link 1 1 40.463692 -3.486280 2.480 68.6 
517.59 90.0 1 motorway_link 1 1 40.463909 -3.485676 1.902 77.5 
519.75 90.0 1 motorway_link 1 1 40.464027 -3.485226 2.059 85.1 
522.03 90.0 1 motorway_link 1 1 40.464211 -3.484445 1.328 90.8 
523.75 90.0 1 motorway_link 1 1 40.464340 -3.483861 1.062 91.5 
526.07 90.0 1 motorway_link 1 1 40.464462 -3.483281 1.376 87.3 
528.19 90.0 1 motorway_link 1 1 40.464611 -3.482735 1.490 86.8 
536.63 90.0 1 motorway_link 1 1 40.464733 -3.482187 7.934 74.7 
549.53 90.0 1 motorway_link 1 1 40.465225 -3.480201 12.834 84.4 
550.76 90.0 1 motorway_link 1 1 40.465939 -3.477212 1.065 84.1 
552.39 120.0 1 motorway 4 1 40.466053 -3.476684 0.700 88.9 
553.35 120.0 1 motorway 4 1 40.466114 -3.476407 0.661 91.3 
554.60 120.0 1 motorway 4 1 40.466175 -3.476120 0.907 93.7 
555.63 120.0 1 motorway 4 1 40.466232 -3.475820 0.934 96.4 
556.40 120.0 1 motorway 4 1 40.466286 -3.475517 0.703 96.7 
558.81 120.0 1 motorway 4 1 40.466339 -3.475221 2.120 96.3 
561.43 120.0 1 motorway 4 1 40.466499 -3.474273 1.740 102.2 
563.35 120.0 1 motorway 4 1 40.466602 -3.473627 1.650 98.6 
565.71 120.0 1 motorway 4 1 40.466686 -3.472975 2.012 95.0 
568.09 120.0 1 motorway 4 1 40.466778 -3.472023 1.389 98.6 
570.21 120.0 1 motorway 4 1 40.466835 -3.471393 1.517 102.0 
571.75 120.0 1 motorway 4 1 40.466892 -3.470738 1.046 103.8 
577.48 120.0 1 motorway 4 1 40.466946 -3.470056 4.791 110.4 
582.19 120.0 1 motorway 3 1 40.467007 -3.468279 4.499 104.5 
584.96 120.0 1 motorway 3 1 40.467026 -3.466536 2.263 105.5 
589.99 120.0 1 motorway 3 1 40.467014 -3.465524 4.294 106.1 
592.33 120.0 1 motorway 3 1 40.466965 -3.463816 1.636 108.4 
593.86 120.0 1 motorway 3 1 40.466930 -3.463118 1.165 110.6 
596.22 120.0 1 motorway 3 1 40.466896 -3.462408 1.524 111.3 
607.59 120.0 1 motorway 3 1 40.466850 -3.461685 10.894 108.8 
609.23 120.0 1 motorway 3 1 40.466660 -3.457726 1.525 105.4 
611.48 120.0 1 motorway 3 1 40.466644 -3.457027 1.784 104.7 
612.71 120.0 1 motorway 3 1 40.466625 -3.456334 1.014 105.2 
614.77 120.0 1 motorway 3 1 40.466618 -3.455653 1.078 108.0 
616.91 120.0 1 motorway 3 1 40.466606 -3.454958 1.217 103.0 
619.69 120.0 1 motorway 3 1 40.466610 -3.454272 1.988 102.9 
622.06 120.0 1 motorway 3 1 40.466629 -3.453602 2.365 101.6 
623.76 120.0 1 motorway 3 1 40.466671 -3.452602 1.069 103.8 
625.94 120.0 1 motorway 3 1 40.466702 -3.451919 1.250 103.9 
628.68 120.0 1 motorway 3 1 40.466747 -3.451240 1.987 103.2 
630.69 120.0 1 motorway 3 1 40.466785 -3.450582 2.003 102.5 
633.20 120.0 1 motorway 3 1 40.466858 -3.449579 1.510 100.0 
634.72 120.0 1 motorway 3 1 40.466915 -3.448918 1.023 98.5 
639.03 120.0 1 motorway 3 1 40.466961 -3.448274 3.336 99.6 
640.93 120.0 1 motorway 3 1 40.467068 -3.447003 1.236 100.5 
643.28 120.0 1 motorway 3 1 40.467106 -3.446344 1.587 101.5 
644.92 120.0 1 motorway 3 1 40.467163 -3.445688 1.223 103.2 
656.23 120.0 1 motorway 3 2 40.467224 -3.445032 10.534 106.6 
663.45 120.0 1 motorway 3 2 40.467617 -3.441255 6.754 117.3 
664.64 120.0 1 motorway 3 2 40.468040 -3.438768 0.946 119.2 
665.63 120.0 1 motorway 3 2 40.468113 -3.438391 0.940 118.3 
666.47 120.0 1 motorway 3 2 40.468170 -3.438010 0.776 116.3 
667.64 120.0 1 motorway 3 1 40.468235 -3.437631 0.948 114.3 
669.03 120.0 1 motorway 3 1 40.468292 -3.437267 1.336 110.4 
670.97 120.0 1 motorway 3 1 40.468407 -3.436548 1.282 107.6 
673.15 120.0 1 motorway 3 1 40.468529 -3.435849 1.458 106.5 
675.68 120.0 1 motorway 3 1 40.468632 -3.435170 1.991 108.1 
677.04 120.0 1 motorway 3 1 40.468742 -3.434472 1.347 107.0 
678.96 120.0 1 motorway 3 1 40.468845 -3.433769 1.270 107.3 
681.88 120.0 1 motorway 3 1 40.468956 -3.433082 2.187 106.6 
684.09 120.0 1 motorway 3 1 40.469109 -3.432050 1.398 107.9 
686.39 120.0 1 motorway 3 1 40.469231 -3.431361 1.696 106.6 
687.87 120.0 1 motorway 3 1 40.469360 -3.430680 1.178 105.8 
689.73 120.0 1 motorway 3 1 40.469501 -3.430007 1.036 105.5 
691.96 120.0 1 motorway 3 1 40.469662 -3.429349 1.271 107.7 
694.63 120.0 1 motorway 3 1 40.469841 -3.428694 1.933 108.8 
696.06 120.0 1 motorway 3 1 40.470028 -3.428031 1.369 107.1 
698.13 120.0 1 motorway 3 1 40.470203 -3.427365 1.438 106.3 
700.10 120.0 1 motorway 3 1 40.470383 -3.426710 1.396 107.6 
701.90 120.0 1 motorway 3 1 40.470570 -3.426038 1.205 108.9 
704.16 120.0 1 motorway 3 1 40.470757 -3.425378 1.471 110.2 
707.42 120.0 1 motorway 3 1 40.470959 -3.424705 2.733 111.4 
708.68 120.0 1 motorway 3 1 40.471252 -3.423680 0.984 110.9 
709.90 120.0 1 motorway 3 1 40.471344 -3.423343 1.210 108.1 
712.19 120.0 1 motorway 3 1 40.471535 -3.422679 1.498 107.8 
714.40 120.0 1 motorway 3 1 40.471714 -3.422016 1.712 108.7 
716.47 120.0 1 motorway 3 1 40.471901 -3.421343 1.782 109.2 
717.95 120.0 1 motorway 3 1 40.472092 -3.420667 1.260 110.6 
720.03 120.0 1 motorway 3 1 40.472275 -3.419979 1.344 113.0 
723.15 120.0 1 motorway 3 1 40.472454 -3.419283 2.459 114.2 
724.73 120.0 1 motorway 3 1 40.472721 -3.418221 1.040 110.6 
726.85 120.0 1 motorway 3 1 40.472912 -3.417524 1.157 117.4 
728.64 120.0 1 motorway 3 1 40.473091 -3.416793 0.955 118.1 
730.16 120.0 1 motorway 3 1 40.473179 -3.416428 1.468 114.4 
732.11 120.0 1 motorway 3 1 40.473358 -3.415689 1.420 114.8 
733.95 120.0 1 motorway 3 1 40.473537 -3.414965 1.256 111.7 
736.31 120.0 1 motorway 3 1 40.473717 -3.414268 1.621 111.6 
737.94 120.0 1 motorway 3 1 40.473900 -3.413593 1.241 110.9 
740.32 120.0 1 motorway 3 1 40.474113 -3.412925 1.634 113.7 
742.60 120.0 1 motorway 3 1 40.474350 -3.412261 1.910 115.8 
743.83 120.0 1 motorway 3 1 40.474613 -3.411596 1.136 116.7 
746.06 120.0 1 motorway 3 1 40.474888 -3.410920 1.365 116.8 
748.49 120.0 1 motorway 3 1 40.475185 -3.410247 1.797 114.8 
749.93 120.0 1 motorway 3 1 40.475494 -3.409599 1.232 114.5 
751.86 120.0 1 motorway 3 1 40.475811 -3.408969 1.166 112.5 
753.71 120.0 1 motorway 3 1 40.476139 -3.408367 1.019 111.3 
755.39 120.0 1 motorway 3 1 40.476475 -3.407786 0.705 110.6 
756.61 120.0 1 motorway 3 1 40.476650 -3.407501 0.916 109.9 
758.13 120.0 1 motorway 3 1 40.476818 -3.407225 1.436 107.3 
760.06 120.0 1 motorway 3 1 40.477173 -3.406672 1.368 105.1 
763.54 120.0 1 motorway 3 1 40.477524 -3.406154 2.853 107.5 
764.67 120.0 1 motorway 3 1 40.478077 -3.405415 0.971 108.8 
766.10 120.0 1 motorway 3 1 40.478271 -3.405174 1.409 106.6 
768.58 120.0 1 motorway 3 1 40.478672 -3.404701 1.886 106.3 
771.03 120.0 1 motorway 3 1 40.479080 -3.404256 2.336 111.2 
774.96 120.0 1 motorway 3 2 40.479736 -3.403609 3.274 107.9 
777.47 120.0 1 motorway 3 2 40.480618 -3.402755 1.774 108.8 
779.63 120.0 1 motorway 3 2 40.481052 -3.402348 1.945 113.4 
781.26 120.0 1 motorway 3 2 40.481503 -3.401927 1.566 117.8 
783.71 120.0 1 motorway 3 2 40.481968 -3.401471 2.021 116.2 
788.64 120.0 1 motorway 3 3 40.482677 -3.400788 3.947 116.6 
790.37 120.0 1 motorway 3 3 40.483631 -3.399858 1.679 116.4 
792.01 120.0 1 motorway 3 3 40.484097 -3.399413 1.321 115.6 
793.97 120.0 1 motorway 3 3 40.484570 -3.398982 1.272 115.6 
796.54 120.0 1 motorway 3 3 40.485023 -3.398516 1.850 115.9 
798.16 120.0 1 motorway 3 3 40.485466 -3.398028 1.469 119.4 
800.10 120.0 1 motorway 3 3 40.485924 -3.397520 1.407 122.0 
801.84 120.0 2 motorway 3 3 40.486389 -3.397006 1.147 119.9 
804.82 120.0 1 motorway 3 3 40.486824 -3.396460 2.133 120.4 
808.19 120.0 1 motorway 3 3 40.487461 -3.395632 2.495 118.4 
810.32 120.0 1 motorway 3 3 40.488094 -3.394780 1.634 114.5 
812.18 120.0 1 motorway 3 3 40.488495 -3.394225 1.493 112.1 
816.82 120.0 1 motorway 3 3 40.488895 -3.393702 4.122 105.3 
820.07 120.0 1 motorway 3 3 40.489822 -3.392426 2.375 106.2 
822.08 120.0 1 motorway 3 3 40.490379 -3.391658 1.381 108.4 
824.53 120.0 1 motorway 3 2 40.490749 -3.391135 1.841 111.7 
826.62 120.0 1 motorway 3 2 40.491131 -3.390616 1.930 108.4 
834.23 120.0 1 motorway 3 2 40.491508 -3.390084 7.535 109.3 
835.89 120.0 1 motorway 3 2 40.492970 -3.388016 1.198 107.8 
837.42 120.0 1 motorway 3 2 40.493324 -3.387477 0.733 106.8 
838.50 120.0 1 motorway 3 2 40.493500 -3.387195 0.814 104.8 
839.90 120.0 1 motorway 3 2 40.493668 -3.386938 1.215 105.9 
841.62 120.0 1 motorway 3 2 40.493999 -3.386404 0.926 104.9 
842.95 120.0 1 motorway 3 2 40.494167 -3.386137 1.259 88.7 
844.34 120.0 1 motorway 3 2 40.494469 -3.385613 0.648 84.6 
845.86 120.0 1 motorway 3 2 40.494606 -3.385412 1.171 88.1 
848.12 120.0 1 motorway 3 2 40.494865 -3.384943 1.432 89.5 
849.98 120.0 1 motorway 3 2 40.495152 -3.384469 1.285 88.9 
855.21 120.0 1 motorway 3 3 40.495422 -3.383997 4.520 98.6 
858.07 120.0 1 motorway 3 3 40.496094 -3.382761 2.379 106.8 
861.28 120.0 1 motorway 3 2 40.496532 -3.381919 2.589 113.4 
864.17 120.0 1 motorway 3 2 40.497005 -3.381028 2.476 114.6 
866.67 120.0 1 motorway 3 2 40.497486 -3.380090 1.977 111.0 
868.84 120.0 1 motorway 3 2 40.497810 -3.379483 2.141 103.4 
888.06 120.0 1 motorway 3 2 40.498234 -3.378616 18.362 102.0 
889.61 120.0 1 motorway 3 2 40.500874 -3.373366 0.924 103.0 
890.34 120.0 1 motorway 3 2 40.501007 -3.373085 0.653 104.8 
891.88 120.0 1 motorway 3 2 40.501144 -3.372781 1.185 101.6 
894.33 120.0 1 motorway 3 2 40.501419 -3.372205 1.631 101.9 
895.52 120.0 1 motorway 3 2 40.501690 -3.371635 0.831 104.6 
897.18 120.0 1 motorway 3 2 40.501820 -3.371356 1.485 105.3 
899.60 120.0 1 motorway 3 2 40.502102 -3.370769 1.909 104.9 
900.97 120.0 1 motorway 4 3 40.502377 -3.370176 1.277 101.7 
902.71 120.0 1 motorway 4 2 40.502640 -3.369597 1.019 100.2 
904.74 120.0 1 motorway 4 2 40.502888 -3.369028 1.049 103.6 
912.43 120.0 1 motorway 4 1 40.503151 -3.368443 6.739 100.0 
914.98 120.0 1 motorway 4 1 40.504089 -3.366447 2.290 96.5 
917.45 120.0 1 motorway 4 1 40.504444 -3.365623 1.762 100.1 
918.47 120.0 1 motorway 4 1 40.504662 -3.365059 0.783 98.6 
920.08 120.0 1 motorway 4 1 40.504780 -3.364758 1.392 96.6 
933.48 120.0 1 motorway 4 1 40.504986 -3.364182 12.791 89.7 
934.90 90.0 3 motorway_link 1 1 40.505627 -3.360340 1.208 87.2 
936.32 90.0 1 motorway_link 2 1 40.505638 -3.359748 0.631 85.7 
938.15 90.0 1 motorway_link 2 1 40.505638 -3.359472 1.460 82.9 
940.71 90.0 1 motorway_link 2 1 40.505642 -3.358918 2.017 82.7 
942.92 90.0 1 motorway_link 2 1 40.505596 -3.358111 1.232 65.8 
945.49 90.0 1 motorway_link 2 1 40.505566 -3.357639 1.804 53.5 
947.35 90.0 1 motorway_link 2 1 40.505531 -3.357282 1.661 49.6 
