24.05 -1.00 -1.00 0 62.5 
24.22 -1.00 -1.00 0 64.9 
24.35 -1.00 -1.00 0 64.9 
24.51 -1.00 -1.00 0 64.9 
24.66 -1.00 -1.00 0 64.9 
24.80 -1.00 -1.00 0 64.9 
24.98 -1.00 -1.00 0 64.9 
25.11 -1.00 -1.00 0 68.2 
25.25 -1.00 -1.00 0 68.2 
25.38 -1.00 -1.00 0 68.2 
25.54 -1.00 -1.00 0 68.2 
25.70 -1.00 -1.00 0 68.2 
25.90 -1.00 -1.00 0 68.2 
26.02 -1.00 -1.00 0 72.6 
26.15 -1.00 -1.00 0 72.6 
26.30 -1.00 -1.00 0 72.6 
26.45 -1.00 -1.00 0 72.6 
26.59 -1.00 -1.00 0 72.6 
26.71 -1.00 -1.00 0 72.6 
26.83 -1.00 -1.00 0 72.6 
26.97 -1.00 -1.00 0 72.6 
27.11 -1.00 -1.00 0 76.6 
27.25 -1.00 -1.00 0 76.6 
27.40 -1.00 -1.00 0 76.6 
27.52 -1.00 -1.00 0 76.6 
27.66 -1.00 -1.00 0 76.6 
27.78 -1.00 -1.00 0 76.6 
27.97 -1.00 -1.00 0 76.6 
28.08 -1.00 -1.00 0 82.0 
28.21 -1.00 -1.00 0 82.0 
28.34 -1.00 -1.00 0 82.0 
28.47 -1.00 -1.00 0 82.0 
28.61 -1.00 -1.00 0 82.0 
28.77 -1.00 -1.00 0 82.0 
28.96 -1.00 -1.00 0 82.0 
29.07 -1.00 -1.00 0 86.7 
29.21 -1.00 -1.00 0 86.7 
29.35 -1.00 -1.00 0 86.7 
29.48 -1.00 -1.00 0 86.7 
29.58 -1.00 -1.00 0 86.7 
29.72 -1.00 -1.00 0 86.7 
29.84 -1.00 -1.00 0 86.7 
30.01 -1.00 -1.00 0 86.7 
30.13 -1.00 -1.00 0 87.6 
30.25 -1.00 -1.00 0 87.6 
30.38 -1.00 -1.00 0 87.6 
30.51 -1.00 -1.00 0 87.6 
30.65 -1.00 -1.00 0 87.6 
30.78 -1.00 -1.00 0 87.6 
30.90 -1.00 -1.00 0 87.6 
31.03 -1.00 -1.00 0 85.9 
31.15 -1.00 -1.00 0 85.9 
31.28 -1.00 -1.00 0 85.9 
31.41 -1.00 -1.00 0 85.9 
31.54 -1.00 -1.00 0 85.9 
31.67 -1.00 -1.00 0 85.9 
31.83 -1.00 -1.00 0 85.9 
31.95 -1.00 -1.00 0 85.1 
32.08 -1.00 -1.00 0 85.1 
32.20 -1.00 -1.00 0 85.1 
32.32 -1.00 -1.00 0 85.1 
32.45 -1.00 -1.00 0 85.1 
32.58 -1.00 -1.00 0 85.1 
32.71 -1.00 -1.00 0 85.1 
32.84 -1.00 -1.00 0 85.1 
32.97 -1.00 -1.00 0 87.3 
33.08 -1.00 -1.00 0 87.3 
33.21 -1.00 -1.00 0 87.3 
33.34 -1.00 -1.00 0 87.3 
33.48 -1.00 -1.00 0 87.3 
33.63 -1.00 -1.00 0 87.3 
33.97 -1.00 -1.00 0 87.7 
34.13 -1.00 -1.00 1 87.7 
34.26 -1.00 -1.00 1 87.7 
34.43 -1.00 -1.00 1 87.7 
34.57 -1.00 -1.00 1 87.7 
34.74 -1.00 -1.00 1 87.7 
34.87 -1.00 -1.00 1 87.7 
35.02 -1.00 -1.00 1 87.7 
35.18 -1.00 -1.00 1 87.6 
35.34 -1.00 -1.00 1 87.6 
35.46 -1.00 -1.00 1 87.6 
35.61 -1.00 -1.00 1 87.6 
35.73 -1.00 -1.00 1 87.6 
35.92 -1.00 -1.00 1 87.6 
36.05 -1.00 -1.00 1 89.4 
36.18 -1.00 -1.00 1 89.4 
36.29 -1.00 -1.00 1 89.4 
36.40 -1.00 -1.00 1 89.4 
36.53 -1.00 -1.00 1 89.4 
36.66 -1.00 -1.00 1 89.4 
36.79 -1.00 -1.00 1 89.4 
36.92 -1.00 -1.00 1 89.4 
37.09 -1.00 -1.00 1 89.9 
37.21 -1.00 -1.00 1 89.9 
37.36 -1.00 -1.00 1 89.9 
37.49 -1.00 -1.00 1 89.9 
37.63 -1.00 -1.00 1 89.9 
37.80 -1.00 -1.00 1 89.9 
37.93 -1.00 -1.00 1 89.9 
38.06 -1.00 -1.00 1 90.3 
38.18 -1.00 -1.00 1 90.3 
38.32 -1.00 -1.00 1 90.3 
38.48 -1.00 -1.00 1 90.3 
38.62 -1.00 -1.00 1 90.3 
38.76 -1.00 -1.00 1 90.3 
38.95 -1.00 -1.00 1 90.3 
39.10 -1.00 -1.00 1 90.8 
39.26 -1.00 -1.00 1 90.8 
39.39 -1.00 -1.00 1 90.8 
39.52 -1.00 -1.00 1 90.8 
39.66 -1.00 -1.00 1 90.8 
39.86 -1.00 -1.00 2 90.8 
40.02 -1.00 -1.00 2 92.1 
40.17 -1.00 -1.00 2 92.1 
40.33 -1.00 -1.00 2 92.1 
40.47 -1.00 -1.00 2 92.1 
40.63 -1.00 -1.00 2 92.1 
40.77 -1.00 -1.00 1 92.1 
40.93 -1.00 -1.00 1 92.1 
41.06 -1.00 -1.00 1 93.6 
41.20 -1.00 -1.00 1 93.6 
41.33 -1.00 -1.00 1 93.6 
41.49 -1.00 -1.00 1 93.6 
41.61 -1.00 -1.00 1 93.6 
41.77 -1.00 -1.00 1 93.6 
41.92 -1.00 -1.00 1 93.6 
42.06 -1.00 -1.00 1 94.9 
42.19 -1.00 -1.00 1 94.9 
42.31 -1.00 -1.00 1 94.9 
42.46 -1.00 -1.00 1 94.9 
42.61 13.03 0.49 1 94.9 
42.73 -1.00 -1.00 1 94.9 
42.93 -1.00 -1.00 1 94.9 
43.08 14.02 0.54 1 93.3 
43.23 14.15 0.55 1 93.3 
43.38 14.50 0.56 1 93.3 
43.52 14.77 0.57 1 93.3 
43.68 15.07 0.58 1 93.3 
43.92 15.50 0.60 1 93.3 
44.05 15.83 0.62 1 91.8 
44.20 16.18 0.63 2 91.8 
44.33 16.48 0.65 2 91.8 
44.47 16.92 0.66 3 91.8 
44.61 17.27 0.68 3 91.8 
44.75 17.53 0.69 3 91.8 
44.92 17.63 0.69 3 91.8 
45.06 18.06 0.71 3 91.6 
45.22 18.40 0.72 3 91.6 
45.37 18.54 0.73 3 91.6 
45.50 18.76 0.74 3 91.6 
45.66 19.06 0.75 3 91.6 
45.85 19.45 0.76 3 91.6 
46.00 20.06 0.79 3 91.7 
46.14 20.71 0.81 3 91.7 
46.30 21.06 0.83 3 91.7 
46.44 21.68 0.85 3 91.7 
46.58 22.01 0.86 3 91.7 
46.74 22.42 0.88 3 91.7 
46.91 22.95 0.90 3 91.7 
47.07 23.18 0.92 3 91.1 
47.21 23.55 0.93 3 91.1 
47.37 24.05 0.95 3 91.1 
47.52 24.25 0.96 3 91.1 
47.68 24.60 0.97 3 91.1 
47.83 25.09 0.99 3 91.1 
47.98 25.28 0.99 3 91.9 
48.15 25.63 1.00 3 91.9 
48.27 25.91 1.02 3 91.9 
48.41 25.93 1.02 3 91.9 
48.53 25.72 1.01 3 91.9 
48.69 26.19 1.03 3 91.9 
48.92 26.58 1.04 4 91.9 
49.10 26.88 1.04 4 92.7 
49.26 26.89 1.04 4 92.7 
49.40 27.38 1.06 4 92.7 
49.57 27.51 1.07 4 92.7 
49.71 28.13 1.09 3 92.7 
49.90 28.64 1.11 3 92.7 
50.03 28.54 1.11 3 92.6 
50.18 28.68 1.11 4 92.6 
50.30 28.80 1.12 4 92.6 
50.46 28.88 1.12 4 92.6 
50.65 29.21 1.14 4 92.6 
50.81 28.96 1.13 4 92.6 
50.96 28.99 1.13 4 92.3 
51.10 29.00 1.13 4 92.3 
51.25 29.27 1.14 3 92.3 
51.37 29.23 1.14 3 92.3 
51.50 29.17 1.14 3 92.3 
51.63 29.12 1.14 3 92.3 
51.76 29.09 1.13 3 92.3 
51.92 29.31 1.14 3 92.3 
52.04 29.80 1.17 3 92.1 
52.16 29.89 1.17 3 92.1 
52.31 29.96 1.17 3 92.1 
52.43 30.02 1.17 3 92.1 
52.56 30.07 1.18 3 92.1 
52.68 30.09 1.18 3 92.1 
52.85 29.83 1.17 3 92.1 
52.97 29.62 1.17 3 91.2 
53.11 29.45 1.16 3 91.2 
53.24 29.29 1.16 3 91.2 
53.38 29.16 1.15 3 91.2 
53.50 28.78 1.14 3 91.2 
53.64 28.71 1.13 3 91.2 
53.76 28.40 1.12 3 91.2 
54.03 28.18 1.12 3 90.9 
54.18 28.21 1.12 3 90.9 
54.30 27.75 1.10 3 90.9 
54.43 27.59 1.09 3 90.9 
54.56 27.72 1.10 3 90.9 
54.69 27.82 1.10 3 90.9 
54.85 27.43 1.09 3 90.9 
54.98 27.33 1.08 3 90.7 
55.10 27.25 1.08 4 90.7 
55.24 27.18 1.08 4 90.7 
55.36 26.90 1.07 4 90.7 
55.50 26.45 1.05 4 90.7 
55.63 26.07 1.04 4 90.7 
55.81 25.98 1.03 4 90.7 
55.93 25.90 1.04 4 90.0 
56.06 26.09 1.04 4 90.0 
56.21 25.59 1.02 4 90.0 
56.34 25.17 1.01 3 90.0 
56.46 24.82 0.99 3 90.0 
56.59 24.74 0.99 3 90.0 
56.74 24.28 0.97 3 90.0 
56.90 23.91 0.96 3 90.0 
57.03 23.25 0.93 3 89.9 
57.16 22.72 0.91 3 89.9 
57.30 22.28 0.89 3 89.9 
57.42 22.29 0.89 3 89.9 
57.57 22.13 0.89 3 89.9 
57.72 22.39 0.90 3 89.9 
57.86 22.40 0.90 3 89.9 
57.98 22.41 0.90 3 89.6 
58.10 22.62 0.91 3 89.6 
58.22 22.10 0.89 3 89.6 
58.34 22.00 0.88 3 89.6 
58.46 21.92 0.88 3 89.6 
58.57 22.05 0.89 3 89.6 
58.68 21.50 0.86 3 89.6 
58.83 21.35 0.86 3 89.6 
58.95 21.25 0.85 3 90.5 
59.06 20.85 0.83 3 90.5 
59.18 20.39 0.81 3 90.5 
59.28 20.49 0.82 3 90.5 
59.38 20.41 0.81 3 90.5 
59.51 20.70 0.82 3 90.5 
59.63 20.59 0.82 3 90.5 
59.75 20.35 0.81 3 90.5 
59.89 20.02 0.80 3 90.5 
60.02 19.76 0.78 3 91.2 
60.14 19.70 0.78 3 91.2 
60.26 19.51 0.77 3 91.2 
60.39 19.51 0.77 3 91.2 
60.50 19.38 0.77 3 91.2 
60.62 19.26 0.76 3 91.2 
60.72 19.18 0.76 3 91.2 
60.87 19.42 0.77 3 91.2 
60.99 19.06 0.75 3 91.0 
61.10 18.75 0.74 3 91.0 
61.23 18.79 0.74 3 91.0 
61.37 18.82 0.74 3 91.0 
61.50 18.58 0.73 3 91.0 
61.64 18.15 0.72 3 91.0 
61.76 17.93 0.71 3 91.0 
61.89 17.89 0.71 3 90.6 
61.98 18.14 0.72 3 90.6 
62.12 18.07 0.72 2 90.6 
62.22 17.88 0.71 2 90.6 
62.35 17.62 0.70 2 90.6 
62.47 17.42 0.69 2 90.6 
62.59 17.52 0.70 2 90.6 
62.73 17.34 0.69 2 90.6 
62.87 16.99 0.67 2 90.6 
63.01 16.71 0.67 2 89.6 
63.15 16.39 0.66 2 89.6 
63.26 16.36 0.66 2 89.6 
63.39 16.13 0.65 2 89.6 
63.52 15.95 0.64 2 89.6 
63.62 15.71 0.63 2 89.6 
63.74 15.54 0.62 2 89.6 
63.90 15.40 0.62 2 89.6 
64.03 15.21 0.62 2 88.7 
64.13 14.80 0.60 2 88.7 
64.25 14.75 0.60 2 88.7 
64.37 14.54 0.59 2 88.7 
64.47 14.57 0.59 2 88.7 
64.60 14.70 0.60 2 88.7 
64.72 14.51 0.59 2 88.7 
64.88 14.57 0.59 2 88.7 
64.99 14.60 0.60 2 87.5 
65.11 14.54 0.60 2 87.5 
65.23 14.34 0.59 2 87.5 
65.34 14.26 0.59 2 87.5 
65.49 13.96 0.57 2 87.5 
65.62 13.81 0.57 2 87.5 
65.82 13.78 0.57 2 87.5 
65.94 13.46 0.56 2 86.8 
66.07 13.44 0.56 2 86.8 
66.21 13.37 0.55 2 86.8 
66.34 13.22 0.55 2 86.8 
66.46 13.03 0.54 2 86.8 
66.58 12.64 0.52 2 86.8 
66.75 12.69 0.53 2 86.8 
66.90 12.26 0.51 2 86.8 
67.02 12.34 0.51 2 86.3 
67.16 12.33 0.51 2 86.3 
67.32 12.18 0.51 2 86.3 
67.46 12.14 0.51 2 86.3 
67.61 11.86 0.49 2 86.3 
67.78 11.53 0.48 2 86.3 
67.94 11.22 0.47 2 86.3 
68.07 11.00 0.46 2 86.3 
68.20 10.80 0.45 2 86.3 
68.31 10.76 0.45 2 86.3 
68.46 10.74 0.45 2 86.3 
68.57 10.84 0.45 2 86.3 
68.67 10.43 0.44 2 86.3 
68.86 10.77 0.45 2 86.3 
69.03 10.41 0.45 2 84.1 
69.14 10.01 0.43 2 84.1 
69.26 9.75 0.42 1 84.1 
69.40 9.72 0.42 1 84.1 
69.52 9.79 0.42 1 84.1 
69.67 9.97 0.43 1 84.1 
69.87 9.71 0.42 1 84.1 
70.03 9.43 0.41 2 82.9 
70.20 9.32 0.40 2 82.9 
70.34 9.09 0.39 2 82.9 
70.49 9.00 0.39 3 82.9 
70.64 8.93 0.39 3 82.9 
70.88 8.74 0.38 3 82.9 
71.04 8.46 0.37 3 82.4 
71.19 8.20 0.36 3 82.4 
71.39 7.94 0.35 3 82.4 
71.53 7.77 0.34 3 82.4 
71.69 7.60 0.33 3 82.4 
71.86 7.47 0.33 3 82.4 
72.03 7.39 0.33 3 81.0 
72.15 7.34 0.33 3 81.0 
72.31 7.38 0.33 3 81.0 
72.47 7.27 0.32 4 81.0 
72.65 7.27 0.32 4 81.0 
72.79 -1.00 -1.00 4 81.0 
72.99 -1.00 -1.00 4 81.0 
73.12 -1.00 -1.00 4 77.9 
73.30 6.98 0.32 4 77.9 
73.45 -1.00 -1.00 4 77.9 
73.58 -1.00 -1.00 4 77.9 
73.81 -1.00 -1.00 4 77.9 
73.95 -1.00 -1.00 5 76.6 
74.13 -1.00 -1.00 5 76.6 
74.29 -1.00 -1.00 5 76.6 
74.43 -1.00 -1.00 4 76.6 
74.59 -1.00 -1.00 4 76.6 
74.80 -1.00 -1.00 4 76.6 
74.97 -1.00 -1.00 4 80.4 
75.12 -1.00 -1.00 4 80.4 
75.29 -1.00 -1.00 4 80.4 
75.44 -1.00 -1.00 5 80.4 
75.65 -1.00 -1.00 5 80.4 
75.87 -1.00 -1.00 5 80.4 
76.06 -1.00 -1.00 5 83.8 
76.23 -1.00 -1.00 4 83.8 
76.38 -1.00 -1.00 4 83.8 
76.55 -1.00 -1.00 4 83.8 
76.70 -1.00 -1.00 3 83.8 
76.91 -1.00 -1.00 3 83.8 
77.10 -1.00 -1.00 3 86.6 
77.26 -1.00 -1.00 3 86.6 
77.44 -1.00 -1.00 3 86.6 
77.59 -1.00 -1.00 3 86.6 
77.80 -1.00 -1.00 3 86.6 
77.98 -1.00 -1.00 3 89.3 
78.16 -1.00 -1.00 2 89.3 
78.31 -1.00 -1.00 2 89.3 
78.46 -1.00 -1.00 2 89.3 
78.63 -1.00 -1.00 2 89.3 
78.82 -1.00 -1.00 2 89.3 
78.98 -1.00 -1.00 1 91.0 
79.17 -1.00 -1.00 1 91.0 
79.32 -1.00 -1.00 1 91.0 
79.49 -1.00 -1.00 1 91.0 
79.63 -1.00 -1.00 1 91.0 
79.84 -1.00 -1.00 2 91.0 
80.04 -1.00 -1.00 2 93.5 
80.17 -1.00 -1.00 2 93.5 
80.34 -1.00 -1.00 2 93.5 
80.49 -1.00 -1.00 2 93.5 
80.64 -1.00 -1.00 2 93.5 
80.84 -1.00 -1.00 2 93.5 
81.01 -1.00 -1.00 2 96.2 
81.15 -1.00 -1.00 2 96.2 
81.33 -1.00 -1.00 2 96.2 
81.46 -1.00 -1.00 2 96.2 
81.59 -1.00 -1.00 2 96.2 
81.74 -1.00 -1.00 2 96.2 
81.93 -1.00 -1.00 1 96.2 
82.05 -1.00 -1.00 1 97.7 
82.21 -1.00 -1.00 1 97.7 
82.35 -1.00 -1.00 1 97.7 
82.49 -1.00 -1.00 1 97.7 
82.65 -1.00 -1.00 1 97.7 
82.81 -1.00 -1.00 1 97.7 
82.94 -1.00 -1.00 1 99.0 
83.08 -1.00 -1.00 1 99.0 
83.19 -1.00 -1.00 1 99.0 
83.35 -1.00 -1.00 1 99.0 
83.50 -1.00 -1.00 1 99.0 
83.65 -1.00 -1.00 1 99.0 
84.02 -1.00 -1.00 1 100.1 
84.17 -1.00 -1.00 1 100.1 
84.32 -1.00 -1.00 1 100.1 
84.46 -1.00 -1.00 1 100.1 
84.62 -1.00 -1.00 1 100.1 
84.79 22.63 0.81 1 100.1 
84.95 22.82 0.82 1 100.6 
85.08 23.55 0.84 1 100.6 
85.24 23.56 0.84 1 100.6 
85.42 23.75 0.85 1 100.6 
85.59 23.73 0.85 1 100.6 
85.76 23.87 0.85 1 100.6 
85.92 23.98 0.86 1 100.6 
86.08 23.91 0.85 1 100.7 
86.23 24.01 0.86 1 100.7 
86.38 24.09 0.86 1 100.7 
86.53 23.80 0.85 1 100.7 
86.66 23.93 0.86 1 100.7 
86.84 24.21 0.87 1 100.7 
86.99 24.25 0.86 1 101.4 
87.13 24.26 0.86 1 101.4 
87.28 24.29 0.86 1 101.4 
87.43 24.31 0.86 1 101.4 
87.56 24.50 0.87 1 101.4 
87.76 24.48 0.87 1 101.4 
87.91 24.63 0.87 1 101.4 
88.08 24.57 0.86 1 102.9 
88.24 24.71 0.86 1 102.9 
88.41 24.63 0.86 1 102.9 
88.55 24.55 0.86 1 102.9 
88.70 24.16 0.84 1 102.9 
88.89 23.82 0.83 1 102.9 
89.05 23.89 0.83 1 104.3 
89.22 23.95 0.83 1 104.3 
89.36 24.40 0.84 1 104.3 
89.49 24.38 0.84 1 104.3 
89.66 24.53 0.85 1 104.3 
89.83 24.66 0.85 1 104.3 
90.01 24.98 0.86 1 104.8 
90.13 25.23 0.87 1 104.8 
90.29 24.70 0.85 1 104.8 
90.48 24.26 0.83 1 104.8 
90.63 24.42 0.84 1 104.8 
90.76 24.75 0.85 1 104.8 
90.90 24.82 0.85 1 104.8 
91.06 24.88 0.86 1 104.7 
91.23 25.12 0.86 1 104.7 
91.36 25.32 0.87 1 104.7 
91.50 25.70 0.88 1 104.7 
91.62 25.41 0.87 1 104.7 
91.82 25.16 0.86 1 104.7 
91.99 25.13 0.86 1 105.3 
92.15 24.94 0.85 1 105.3 
92.27 24.75 0.85 1 105.3 
92.44 24.81 0.85 1 105.3 
92.60 24.64 0.84 1 105.3 
92.73 24.69 0.84 1 105.3 
92.89 24.95 0.85 1 105.3 
93.03 25.15 0.85 1 105.9 
93.19 24.95 0.85 1 105.9 
93.33 25.14 0.85 1 105.9 
93.51 25.54 0.87 1 105.9 
93.66 25.65 0.87 1 105.9 
93.86 25.74 0.87 1 105.9 
94.02 25.41 0.86 1 106.8 
94.19 24.99 0.84 1 106.8 
94.36 24.78 0.84 1 106.8 
94.53 24.62 0.83 1 106.8 
94.69 24.48 0.83 1 106.8 
94.88 24.38 0.82 1 106.8 
95.03 24.49 0.82 1 107.8 
95.16 24.57 0.82 1 107.8 
95.33 24.44 0.82 1 107.8 
95.46 24.34 0.81 1 107.8 
95.64 24.45 0.82 1 107.8 
95.85 24.17 0.81 1 107.8 
95.96 24.12 0.80 1 108.0 
96.13 24.07 0.80 1 108.0 
96.29 23.85 0.79 1 108.0 
96.47 23.50 0.78 1 108.0 
96.60 23.39 0.78 1 108.0 
96.82 23.28 0.78 1 108.0 
96.97 23.04 0.76 1 108.5 
97.13 22.53 0.75 1 108.5 
97.29 22.41 0.74 1 108.5 
97.47 22.32 0.74 1 108.5 
97.62 22.26 0.74 1 108.5 
97.77 22.37 0.74 1 108.5 
97.96 23.06 0.76 1 108.5 
98.13 23.22 0.78 1 107.0 
98.30 23.33 0.79 1 107.0 
98.44 23.25 0.78 1 107.0 
98.65 22.70 0.76 1 107.0 
98.78 22.57 0.76 1 107.0 
98.96 22.30 0.75 1 107.0 
99.12 22.41 0.77 1 105.2 
99.26 22.50 0.77 1 105.2 
99.43 22.58 0.77 1 105.2 
99.55 22.82 0.78 1 105.2 
99.69 22.53 0.77 1 105.2 
99.86 22.43 0.77 1 105.2 
100.02 22.51 0.78 1 103.9 
100.15 22.59 0.78 1 103.9 
100.29 22.84 0.79 1 103.9 
100.43 22.54 0.78 1 103.9 
100.58 22.44 0.78 1 103.9 
100.72 22.19 0.77 1 103.9 
100.89 22.16 0.77 1 103.9 
101.04 21.96 0.77 1 102.7 
101.16 22.34 0.78 1 102.7 
101.27 22.62 0.79 1 102.7 
101.42 22.68 0.79 1 102.7 
101.57 22.92 0.80 1 102.7 
101.72 22.91 0.80 1 102.7 
101.89 22.74 0.80 1 102.7 
102.02 22.60 0.80 1 102.1 
102.16 22.49 0.79 1 102.1 
102.28 22.24 0.78 1 102.1 
102.40 22.37 0.79 1 102.1 
102.53 22.47 0.79 1 102.1 
102.66 22.39 0.79 1 102.1 
102.83 22.16 0.78 1 102.1 
102.98 22.30 0.78 1 103.3 
103.10 22.61 0.79 1 103.3 
103.21 22.50 0.78 1 103.3 
103.37 22.58 0.79 1 103.3 
103.50 22.48 0.78 1 103.3 
103.63 22.95 0.80 1 103.3 
103.96 22.77 0.79 1 104.3 
104.11 22.79 0.79 1 104.3 
104.29 22.82 0.79 1 104.3 
104.45 23.21 0.80 1 104.3 
104.62 22.99 0.79 1 104.3 
104.81 22.80 0.79 1 104.3 
104.99 22.65 0.78 1 105.2 
105.19 22.71 0.78 1 105.2 
105.33 22.93 0.78 1 105.2 
105.47 22.76 0.78 1 105.2 
105.64 22.63 0.77 1 105.2 
105.86 22.52 0.77 1 105.2 
105.99 22.43 0.76 1 105.9 
106.14 22.71 0.77 1 105.9 
106.26 22.43 0.76 1 105.9 
106.42 22.53 0.77 1 105.9 
106.57 22.12 0.75 1 105.9 
106.71 22.11 0.75 1 105.9 
106.93 22.46 0.76 1 105.9 
107.08 22.38 0.75 1 107.4 
107.24 22.49 0.75 1 107.4 
107.41 22.77 0.76 1 107.4 
107.57 22.80 0.76 1 107.4 
107.70 23.00 0.77 1 107.4 
107.82 22.82 0.76 1 107.4 
107.95 22.52 0.75 1 107.4 
108.11 22.77 0.76 1 108.4 
108.27 22.63 0.75 1 108.4 
108.45 22.52 0.75 1 108.4 
108.60 22.26 0.74 1 108.4 
108.81 22.05 0.73 1 108.4 
108.99 22.05 0.73 1 109.0 
109.12 22.05 0.73 1 109.0 
109.27 22.21 0.73 1 109.0 
109.41 22.47 0.74 1 109.0 
109.58 22.38 0.74 1 109.0 
109.71 22.16 0.73 1 109.0 
109.87 21.83 0.72 1 109.0 
110.05 21.85 0.73 1 108.0 
110.17 21.90 0.73 1 108.0 
110.34 21.77 0.73 1 108.0 
110.48 22.18 0.74 1 108.0 
110.62 22.34 0.74 1 108.0 
110.82 22.28 0.74 1 108.0 
111.00 22.24 0.75 1 107.1 
111.17 22.38 0.75 1 107.1 
111.35 22.16 0.74 1 107.1 
111.51 22.14 0.74 1 107.1 
111.68 22.13 0.74 1 107.1 
111.84 22.29 0.75 1 107.1 
112.01 22.24 0.75 1 106.1 
112.17 22.20 0.75 1 106.1 
112.30 22.34 0.76 1 106.1 
112.47 22.30 0.76 1 106.1 
112.62 22.25 0.75 1 106.1 
112.78 22.05 0.75 1 106.1 
112.97 22.06 0.75 1 105.5 
113.11 21.90 0.75 1 105.5 
113.27 22.10 0.75 1 105.5 
113.40 21.80 0.74 1 105.5 
113.58 21.68 0.74 1 105.5 
113.98 21.66 0.74 1 105.5 
114.13 21.91 0.75 1 105.5 
114.30 22.31 0.76 1 105.5 
114.44 22.44 0.77 1 105.5 
114.58 22.55 0.77 1 105.5 
114.73 22.17 0.76 1 105.5 
114.91 22.16 0.76 1 105.5 
115.06 22.32 0.77 1 104.7 
115.20 22.47 0.77 1 104.7 
115.35 22.57 0.78 1 104.7 
115.48 22.48 0.77 1 104.7 
115.60 22.59 0.78 1 104.7 
115.76 22.66 0.78 1 104.7 
115.94 22.25 0.76 1 104.7 
116.07 22.59 0.77 1 105.7 
116.24 22.50 0.77 1 105.7 
116.39 22.78 0.78 1 105.7 
116.54 23.01 0.78 1 105.7 
116.71 23.19 0.79 1 105.7 
116.86 23.34 0.80 1 105.7 
116.98 23.46 0.80 1 105.6 
117.13 23.96 0.82 1 105.6 
117.27 23.97 0.82 1 105.6 
117.41 24.16 0.82 1 105.6 
117.58 24.13 0.82 1 105.6 
117.71 23.76 0.81 1 105.6 
117.91 23.60 0.80 1 105.6 
118.05 23.67 0.81 1 104.6 
118.19 23.54 0.81 1 104.6 
118.36 24.02 0.83 1 104.6 
118.51 24.01 0.83 1 104.6 
118.66 23.81 0.82 1 104.6 
118.83 23.49 0.81 1 104.6 
118.97 23.57 0.82 1 103.4 
119.13 23.83 0.83 1 103.4 
119.27 24.25 0.84 1 103.4 
119.42 24.59 0.86 1 103.4 
119.59 24.30 0.85 1 103.4 
119.76 24.23 0.84 1 103.4 
119.93 24.17 0.84 1 103.4 
120.08 23.77 0.84 1 102.0 
120.25 23.80 0.84 1 102.0 
120.40 24.22 0.85 1 102.0 
120.55 24.57 0.87 1 102.0 
120.68 24.84 0.88 1 102.0 
120.88 25.08 0.89 1 102.0 
121.04 25.47 0.91 1 100.8 
121.17 25.80 0.92 1 100.8 
121.31 26.07 0.93 1 100.8 
121.44 26.53 0.95 1 100.8 
121.60 26.68 0.95 1 100.8 
121.74 26.58 0.95 1 100.8 
121.91 26.71 0.95 1 100.8 
122.05 26.82 0.96 1 100.3 
122.22 26.71 0.96 1 100.3 
122.38 27.04 0.97 1 100.3 
122.52 27.31 0.98 2 100.3 
122.68 27.55 0.99 2 100.3 
122.89 27.51 0.99 2 100.3 
123.05 27.47 0.97 2 101.4 
123.20 27.23 0.97 2 101.4 
123.38 27.23 0.97 2 101.4 
123.51 27.02 0.96 2 101.4 
123.66 27.06 0.96 2 101.4 
123.98 26.89 0.94 2 103.1 
124.15 26.94 0.94 2 103.1 
124.27 27.22 0.95 2 103.1 
124.42 27.23 0.95 2 103.1 
124.54 27.22 0.95 2 103.1 
124.72 27.44 0.96 2 103.1 
124.88 27.40 0.96 2 103.1 
125.01 27.36 0.94 2 104.9 
125.15 27.32 0.94 2 104.9 
125.29 27.09 0.93 2 104.9 
125.41 26.88 0.92 2 104.9 
125.55 26.92 0.92 2 104.9 
125.70 26.95 0.92 2 104.9 
125.91 27.23 0.93 2 104.9 
126.05 27.22 0.92 2 106.8 
126.24 26.79 0.90 2 106.8 
126.38 26.84 0.90 2 106.8 
126.55 27.13 0.91 2 106.8 
126.70 26.92 0.91 2 106.8 
126.92 26.94 0.91 2 106.8 
127.06 27.20 0.90 2 108.7 
127.24 27.42 0.91 2 108.7 
127.43 27.84 0.92 2 108.7 
127.60 28.19 0.93 2 108.7 
127.81 28.22 0.93 2 108.7 
127.95 28.50 0.94 2 108.7 
128.12 29.01 0.96 2 108.7 
128.29 29.15 0.97 2 108.7 
128.47 29.28 0.97 2 108.7 
128.62 29.13 0.96 2 108.7 
128.80 29.24 0.97 2 108.7 
128.99 29.63 0.97 2 110.3 
129.13 29.67 0.97 2 110.3 
129.28 29.70 0.97 2 110.3 
129.41 30.00 0.98 2 110.3 
129.55 29.98 0.98 2 110.3 
129.77 29.96 0.98 2 110.3 
129.94 30.86 1.01 2 110.2 
130.09 31.60 1.03 2 110.2 
130.22 31.33 1.02 2 110.2 
130.40 31.09 1.02 2 110.2 
130.56 30.90 1.01 2 110.2 
130.72 30.72 1.00 2 110.2 
130.88 30.58 1.00 2 110.2 
131.05 30.20 0.99 2 110.2 
131.19 30.41 0.99 2 110.2 
131.35 30.30 0.99 2 110.2 
131.49 30.77 1.00 2 110.2 
131.67 30.87 1.01 2 110.2 
131.84 30.43 0.99 2 110.2 
131.99 30.58 1.00 2 109.6 
132.15 30.18 0.99 2 109.6 
132.32 30.36 1.00 2 109.6 
132.45 30.23 0.99 2 109.6 
132.59 31.04 1.02 2 109.6 
132.72 31.09 1.02 2 109.6 
132.92 30.85 1.01 2 109.6 
133.05 30.91 1.03 2 107.7 
133.22 30.97 1.04 2 107.7 
133.36 30.50 1.02 2 107.7 
133.52 30.11 1.01 2 107.7 
133.65 30.03 1.00 2 107.7 
134.04 30.14 1.01 1 107.1 
134.20 30.06 1.01 1 107.1 
134.35 30.27 1.02 1 107.1 
134.48 29.69 1.00 1 107.1 
134.63 29.41 0.99 1 107.1 
134.85 29.20 0.98 1 107.1 
135.00 28.78 0.96 1 108.2 
135.19 28.43 0.95 1 108.2 
135.32 28.36 0.94 1 108.2 
135.44 27.65 0.92 1 108.2 
135.60 27.48 0.91 1 108.2 
135.81 27.11 0.90 1 108.2 
135.95 27.29 0.90 1 109.1 
136.09 27.17 0.90 1 109.1 
136.25 27.34 0.90 1 109.1 
136.38 27.46 0.91 1 109.1 
136.52 27.56 0.91 1 109.1 
136.63 27.65 0.91 1 109.1 
136.74 27.27 0.90 1 109.1 
136.94 27.41 0.90 1 109.1 
137.08 27.29 0.91 1 107.9 
137.22 27.19 0.91 1 107.9 
137.34 26.90 0.90 1 107.9 
137.51 26.43 0.88 1 107.9 
137.65 26.25 0.88 1 107.9 
137.80 25.90 0.86 1 107.9 
137.98 25.61 0.86 1 107.0 
138.11 25.58 0.86 1 107.0 
138.27 25.56 0.86 1 107.0 
138.41 25.55 0.86 1 107.0 
138.55 25.54 0.86 1 107.0 
138.69 25.54 0.86 1 107.0 
138.83 25.54 0.86 1 107.0 
138.97 25.54 0.87 1 106.2 
139.13 25.34 0.86 1 106.2 
139.24 25.18 0.85 1 106.2 
139.38 25.04 0.85 1 106.2 
139.52 24.93 0.85 1 106.2 
139.64 24.65 0.84 1 106.2 
139.85 24.41 0.83 1 106.2 
139.98 24.62 0.83 1 106.7 
140.11 24.39 0.82 1 106.7 
140.23 24.21 0.82 1 106.7 
140.35 23.71 0.80 1 106.7 
140.49 23.65 0.80 1 106.7 
140.61 23.61 0.80 1 106.7 
140.74 23.58 0.80 1 106.7 
140.93 23.55 0.79 1 106.7 
141.08 23.34 0.78 1 107.3 
141.22 22.71 0.76 1 107.3 
141.39 21.91 0.74 1 107.3 
141.54 22.21 0.75 1 107.3 
141.74 22.10 0.74 1 107.3 
141.95 22.20 0.74 1 107.3 
142.12 22.09 0.74 1 108.0 
142.28 22.01 0.73 1 108.0 
142.41 21.95 0.73 1 108.0 
142.56 22.47 0.75 1 108.0 
142.69 22.17 0.74 1 108.0 
142.89 22.08 0.74 1 108.0 
143.02 22.02 0.73 1 108.3 
143.17 22.14 0.74 1 108.3 
143.31 22.07 0.73 1 108.3 
143.45 21.85 0.73 1 108.3 
143.60 21.84 0.73 1 108.3 
143.73 21.83 0.73 1 108.3 
144.05 21.82 0.73 1 108.3 
144.19 21.36 0.71 1 108.3 
144.36 21.13 0.70 2 108.3 
144.50 21.11 0.70 2 108.3 
144.65 21.08 0.70 2 108.3 
144.86 20.92 0.70 2 108.3 
145.03 20.78 0.69 3 107.8 
145.15 20.68 0.69 3 107.8 
145.28 20.75 0.69 3 107.8 
145.43 29.29 0.98 3 107.8 
145.61 29.31 0.98 3 107.8 
145.75 29.32 0.98 3 107.8 
145.90 29.34 0.98 3 107.8 
146.06 21.03 0.70 3 108.1 
146.23 28.99 0.96 3 108.1 
146.38 28.85 0.96 3 108.1 
146.59 28.73 0.96 3 108.1 
146.75 28.44 0.95 3 108.1 
146.96 28.37 0.94 3 108.1 
147.11 28.33 0.97 3 105.0 
147.29 28.29 0.97 3 105.0 
147.43 28.05 0.96 3 105.0 
147.61 28.06 0.96 3 105.0 
147.83 27.85 0.95 3 105.0 
148.00 27.90 0.95 3 106.3 
148.13 27.73 0.94 3 106.3 
148.30 27.79 0.94 3 106.3 
148.44 28.08 0.95 3 106.3 
148.62 27.87 0.94 3 106.3 
148.78 27.70 0.94 3 106.3 
148.99 27.55 0.93 3 106.3 
149.14 27.64 0.94 3 105.9 
149.30 27.72 0.94 3 105.9 
149.49 27.80 0.94 3 105.9 
149.63 27.63 0.94 3 105.9 
149.83 27.97 0.95 3 105.9 
150.04 27.76 0.95 3 105.1 
150.21 27.58 0.94 3 105.1 
150.37 27.44 0.94 3 105.1 
150.52 26.92 0.92 3 105.1 
150.71 26.89 0.92 3 105.1 
150.92 26.64 0.91 3 105.1 
151.07 26.25 0.91 3 104.2 
151.25 25.91 0.89 3 104.2 
151.42 25.84 0.89 3 104.2 
151.60 25.78 0.89 3 104.2 
151.80 25.55 0.88 3 104.2 
151.99 25.56 0.88 3 104.0 
152.16 25.56 0.88 3 104.0 
152.33 25.59 0.89 3 104.0 
152.50 -1.00 -1.00 3 104.0 
152.67 25.07 0.87 3 104.0 
152.88 24.78 0.86 3 104.0 
153.04 24.55 0.84 3 105.4 
153.24 24.53 0.84 3 105.4 
153.40 24.17 0.83 3 105.4 
153.58 23.87 0.82 3 105.4 
154.01 23.60 0.80 3 106.8 
154.18 23.57 0.79 3 106.8 
154.34 23.75 0.80 2 106.8 
154.50 23.71 0.80 2 106.8 
154.66 23.68 0.80 2 106.8 
154.83 23.64 0.80 2 106.8 
155.01 23.62 0.80 2 106.7 
155.14 23.59 0.80 2 106.7 
155.26 23.59 0.80 2 106.7 
155.42 23.59 0.80 2 106.7 
155.59 23.57 0.80 2 106.7 
155.75 23.24 0.78 2 106.7 
155.96 23.10 0.78 2 106.7 
156.13 23.03 0.78 2 105.7 
156.27 22.76 0.78 2 105.7 
156.40 22.42 0.76 3 105.7 
156.59 22.64 0.77 3 105.7 
156.81 22.65 0.77 2 105.7 
156.98 22.48 0.77 2 105.7 
157.15 22.51 0.77 2 105.7 
157.29 22.54 0.77 2 105.7 
157.44 22.39 0.76 2 105.7 
157.62 22.11 0.75 2 105.7 
157.80 21.88 0.74 2 105.7 
157.97 21.69 0.72 2 109.1 
158.15 21.40 0.71 2 109.1 
158.28 21.17 0.70 2 109.1 
158.45 20.96 0.69 2 109.1 
158.62 20.66 0.68 2 109.1 
158.84 20.42 0.67 2 109.1 
159.02 20.24 0.69 2 106.3 
159.18 20.23 0.69 2 106.3 
159.34 20.09 0.68 2 106.3 
159.47 19.98 0.68 2 106.3 
159.64 20.03 0.68 2 106.3 
159.79 19.81 0.67 2 106.3 
159.93 19.76 0.67 2 106.3 
160.11 19.59 0.67 2 106.0 
160.23 19.46 0.66 2 106.0 
160.40 19.35 0.66 2 106.0 
160.57 19.28 0.65 2 106.0 
160.72 19.21 0.65 2 106.0 
160.90 19.05 0.65 2 106.0 
161.08 18.66 0.64 2 105.1 
161.26 18.48 0.63 2 105.1 
161.39 18.22 0.62 2 105.1 
161.57 17.90 0.61 2 105.1 
161.71 17.76 0.61 2 105.1 
161.90 17.54 0.60 2 105.1 
162.07 17.15 0.60 2 103.6 
162.22 16.95 0.59 3 103.6 
162.40 16.80 0.58 3 103.6 
162.55 16.68 0.58 3 103.6 
162.73 16.47 0.57 3 103.6 
162.90 16.32 0.57 3 103.6 
163.10 16.01 0.56 3 102.7 
163.26 16.07 0.56 3 102.7 
163.46 15.91 0.56 3 102.7 
163.62 15.69 0.55 3 102.7 
163.89 15.62 0.55 3 102.7 
164.10 15.57 0.55 3 101.6 
164.27 15.54 0.55 3 101.6 
164.42 15.61 0.55 3 101.6 
164.60 15.89 0.56 3 101.6 
164.76 15.60 0.55 3 101.6 
164.96 15.38 0.55 3 101.6 
165.12 15.30 0.55 3 100.7 
165.29 15.33 0.55 3 100.7 
165.46 15.09 0.54 3 100.7 
165.65 14.91 0.53 4 100.7 
165.85 14.77 0.53 4 100.7 
166.06 14.75 0.52 4 101.2 
166.24 14.74 0.52 5 101.2 
166.42 14.73 0.52 5 101.2 
166.64 14.47 0.52 5 101.2 
166.85 14.35 0.51 5 101.2 
167.05 14.36 0.50 5 103.1 
167.24 14.20 0.50 5 103.1 
167.40 14.00 0.49 5 103.1 
167.60 13.77 0.48 5 103.1 
167.85 42.88 1.50 4 103.1 
168.00 43.28 1.49 4 104.8 
168.21 44.15 1.52 4 104.8 
168.38 44.36 1.52 4 104.8 
168.57 44.55 1.53 4 104.8 
168.74 45.24 1.55 4 104.8 
168.98 14.89 0.51 3 104.8 
169.16 15.67 0.53 3 106.3 
169.38 16.15 0.55 3 106.3 
169.57 16.63 0.56 2 106.3 
169.74 16.80 0.57 2 106.3 
169.94 17.05 0.58 2 106.3 
170.12 17.47 0.58 2 108.8 
170.34 17.80 0.59 2 108.8 
170.54 18.33 0.61 2 108.8 
170.71 18.74 0.62 2 108.8 
170.92 19.07 0.63 2 108.8 
171.09 19.20 0.63 2 109.0 
171.28 19.44 0.64 2 109.0 
171.45 19.77 0.65 2 109.0 
171.62 20.03 0.66 2 109.0 
171.80 20.40 0.67 2 109.0 
172.01 20.54 0.68 2 108.9 
172.15 20.65 0.68 2 108.9 
172.33 20.88 0.69 2 108.9 
172.52 21.23 0.70 2 108.9 
172.69 21.50 0.71 2 108.9 
172.91 21.73 0.72 2 108.9 
173.06 21.91 0.71 2 110.4 
173.26 22.21 0.72 2 110.4 
173.41 22.30 0.73 1 110.4 
173.54 22.37 0.73 1 110.4 
173.99 23.00 0.75 1 110.4 
174.15 23.28 0.77 1 109.3 
174.34 23.70 0.78 1 109.3 
174.49 23.84 0.79 1 109.3 
174.68 23.95 0.79 1 109.3 
174.89 24.05 0.79 1 109.3 
175.06 24.31 0.80 1 109.2 
175.25 24.72 0.82 1 109.2 
175.38 24.86 0.82 1 109.2 
175.54 24.78 0.82 1 109.2 
175.69 24.89 0.82 1 109.2 
175.86 24.80 0.82 1 109.2 
176.00 24.73 0.82 1 109.1 
176.17 24.86 0.82 1 109.1 
176.36 24.95 0.82 1 109.1 
176.51 25.03 0.83 1 109.1 
176.71 25.30 0.83 1 109.1 
176.88 25.53 0.84 1 109.1 
177.05 25.70 0.85 1 108.6 
177.22 26.31 0.87 1 108.6 
177.35 26.35 0.87 1 108.6 
177.53 26.38 0.87 1 108.6 
177.75 26.85 0.89 1 108.6 
177.91 27.47 0.91 1 108.6 
178.11 27.50 0.90 1 109.6 
178.25 27.53 0.90 1 109.6 
178.43 27.56 0.91 1 109.6 
178.59 27.81 0.91 1 109.6 
178.80 27.78 0.91 1 109.6 
179.02 27.98 0.91 1 110.5 
179.17 28.67 0.93 1 110.5 
179.34 29.23 0.95 1 110.5 
179.54 29.42 0.96 1 110.5 
179.72 29.57 0.96 1 110.5 
179.90 29.46 0.96 2 110.5 
180.08 29.35 0.95 3 111.2 
180.27 29.26 0.95 3 111.2 
180.42 29.43 0.95 3 111.2 
180.61 29.33 0.95 3 111.2 
180.76 29.47 0.95 3 111.2 
180.94 29.34 0.95 3 111.2 
181.14 29.49 0.95 3 112.2 
181.28 29.90 0.96 3 112.2 
181.45 30.22 0.97 3 112.2 
181.64 30.49 0.98 3 112.2 
181.88 30.70 0.99 3 112.2 
182.02 31.15 1.01 3 111.3 
182.19 31.26 1.01 3 111.3 
182.37 31.95 1.03 3 111.3 
182.53 32.23 1.04 3 111.3 
182.72 32.77 1.06 3 111.3 
182.90 33.22 1.07 4 111.3 
183.11 33.59 1.09 4 110.4 
183.27 33.93 1.11 4 110.4 
183.41 34.18 1.11 4 110.4 
183.57 34.40 1.12 4 110.4 
183.93 35.02 1.14 4 110.4 
184.13 35.08 1.16 4 108.8 
184.31 35.89 1.19 4 108.8 
184.47 36.14 1.20 4 108.8 
184.67 36.04 1.19 4 108.8 
184.86 35.93 1.19 4 108.8 
185.05 36.18 1.20 4 108.9 
185.21 37.21 1.23 3 108.9 
185.38 37.66 1.25 3 108.9 
185.55 37.65 1.25 3 108.9 
185.69 38.03 1.26 3 108.9 
185.92 37.95 1.25 3 108.9 
186.10 37.87 1.23 3 111.0 
186.30 38.64 1.25 3 111.0 
186.46 38.85 1.26 3 111.0 
186.65 39.45 1.28 4 111.0 
186.83 39.97 1.30 4 111.0 
187.02 39.60 1.28 3 111.5 
187.20 40.07 1.29 2 111.5 
187.41 40.48 1.31 2 111.5 
187.62 40.38 1.30 2 111.5 
187.82 41.77 1.35 2 111.5 
187.99 42.40 1.37 2 111.5 
188.18 42.92 1.39 2 111.5 
188.35 43.37 1.40 2 111.5 
188.53 43.28 1.40 2 111.5 
188.69 43.68 1.41 2 111.5 
188.94 41.27 1.33 3 111.5 
189.14 41.29 1.32 3 112.9 
189.34 44.70 1.43 3 112.9 
189.51 41.68 1.33 3 112.9 
189.71 41.91 1.34 3 112.9 
189.89 46.75 1.49 3 112.9 
190.08 43.49 1.39 3 112.6 
190.25 48.03 1.54 3 112.6 
190.44 48.86 1.56 3 112.6 
190.61 49.58 1.58 3 112.6 
190.88 49.58 1.59 3 112.6 
191.05 50.18 1.62 3 111.3 
191.20 43.19 1.40 3 111.3 
191.35 52.43 1.70 3 111.3 
191.55 43.96 1.42 3 111.3 
191.72 44.01 1.42 3 111.3 
191.95 44.06 1.43 3 111.3 
192.14 53.09 1.72 3 110.9 
192.30 44.64 1.45 3 110.9 
192.48 45.12 1.46 3 110.9 
192.66 45.53 1.48 3 110.9 
192.86 45.89 1.49 3 110.9 
193.04 45.25 1.48 3 110.4 
193.23 45.13 1.47 3 110.4 
193.43 45.55 1.49 3 110.4 
193.66 45.38 1.48 3 110.4 
194.02 57.91 1.89 3 110.6 
194.21 45.99 1.50 3 110.6 
194.41 45.76 1.49 3 110.6 
194.59 45.56 1.48 3 110.6 
194.86 44.91 1.46 3 110.6 
195.02 58.29 1.89 3 110.8 
195.22 58.32 1.89 3 110.8 
195.43 58.33 1.89 3 110.8 
195.59 46.99 1.53 3 110.8 
195.87 47.77 1.55 4 110.8 
196.12 47.26 1.54 3 110.6 
196.32 46.86 1.53 2 110.6 
196.47 46.48 1.51 2 110.6 
196.64 46.70 1.52 2 110.6 
196.88 45.90 1.49 2 110.6 
197.04 46.19 1.49 2 111.7 
197.25 46.46 1.50 2 111.7 
197.41 46.13 1.49 1 111.7 
197.59 45.35 1.46 1 111.7 
197.80 45.16 1.46 1 111.7 
197.99 45.57 1.45 1 113.3 
198.19 45.33 1.44 1 113.3 
198.34 45.12 1.43 1 113.3 
198.53 45.54 1.45 1 113.3 
198.71 45.90 1.46 1 113.3 
198.99 45.65 1.45 1 113.3 
199.18 44.53 1.41 1 113.3 
199.37 45.04 1.43 1 113.3 
199.56 44.91 1.43 1 113.3 
199.77 44.83 1.42 1 113.3 
199.97 44.24 1.41 1 113.3 
200.17 43.71 1.40 1 112.7 
200.33 42.81 1.37 1 112.7 
200.51 42.47 1.36 1 112.7 
200.71 42.69 1.36 1 112.7 
200.90 42.90 1.37 1 112.7 
201.05 42.55 1.37 1 112.2 
201.24 41.80 1.34 1 112.2 
201.41 41.19 1.32 1 112.2 
201.62 41.62 1.34 1 112.2 
201.87 -1.00 -1.00 1 112.2 
202.04 -1.00 -1.00 1 111.4 
202.21 -1.00 -1.00 1 111.4 
202.40 -1.00 -1.00 1 111.4 
202.59 -1.00 -1.00 1 111.4 
202.76 -1.00 -1.00 1 111.4 
202.95 -1.00 -1.00 1 111.4 
203.12 -1.00 -1.00 1 110.7 
203.33 -1.00 -1.00 1 110.7 
203.51 -1.00 -1.00 1 110.7 
203.69 -1.00 -1.00 1 110.7 
203.91 -1.00 -1.00 1 110.7 
204.12 -1.00 -1.00 1 109.4 
204.28 -1.00 -1.00 1 109.4 
204.50 -1.00 -1.00 1 109.4 
204.64 -1.00 -1.00 1 109.4 
204.91 -1.00 -1.00 1 109.4 
205.10 -1.00 -1.00 1 108.6 
205.25 34.77 1.15 1 108.6 
205.44 34.51 1.14 1 108.6 
205.58 34.67 1.15 1 108.6 
205.84 35.24 1.17 1 108.6 
206.02 36.20 1.22 1 107.2 
206.19 37.00 1.24 1 107.2 
206.36 37.69 1.27 1 107.2 
206.51 38.78 1.30 1 107.2 
206.68 39.18 1.32 1 107.2 
206.89 39.10 1.31 1 107.2 
207.08 39.98 1.36 1 105.9 
207.24 40.22 1.37 1 105.9 
207.43 40.94 1.39 1 105.9 
207.58 41.03 1.39 1 105.9 
207.72 41.61 1.41 1 105.9 
207.96 41.62 1.41 1 105.9 
208.11 41.17 1.41 1 104.8 
208.31 40.76 1.40 1 104.8 
208.50 -1.00 -1.00 2 104.8 
208.65 -1.00 -1.00 2 104.8 
208.84 -1.00 -1.00 2 104.8 
209.04 39.48 1.37 2 104.1 
209.21 -1.00 -1.00 2 104.1 
209.42 -1.00 -1.00 2 104.1 
209.65 -1.00 -1.00 2 104.1 
209.86 41.76 1.44 2 104.1 
210.05 41.72 1.44 2 104.1 
210.26 42.77 1.48 2 104.1 
210.42 42.17 1.46 1 104.1 
210.63 42.09 1.45 1 104.1 
210.81 41.17 1.42 2 104.1 
211.06 40.35 1.38 2 105.0 
211.25 39.62 1.36 2 105.0 
211.46 39.01 1.34 2 105.0 
211.70 38.90 1.33 2 105.0 
211.96 38.82 1.33 2 105.0 
212.13 38.34 1.29 2 106.6 
212.36 38.35 1.30 2 106.6 
212.55 38.79 1.31 2 106.6 
212.86 39.71 1.34 2 106.6 
213.02 39.52 1.32 2 108.1 
213.24 39.81 1.33 2 108.1 
213.45 40.07 1.33 2 108.1 
213.69 40.81 1.36 2 108.1 
214.00 42.01 1.40 1 108.1 
214.20 41.93 1.40 1 108.1 
214.34 42.36 1.41 1 108.1 
214.55 42.74 1.42 1 108.1 
214.72 43.05 1.43 1 108.1 
214.97 44.57 1.48 1 108.1 
215.18 45.82 1.53 1 107.9 
215.40 45.71 1.52 1 107.9 
215.56 46.15 1.54 1 107.9 
215.85 46.00 1.53 1 107.9 
216.02 45.87 1.53 1 107.6 
216.21 45.75 1.53 1 107.6 
216.41 44.70 1.50 1 107.6 
216.68 44.19 1.48 1 107.6 
216.90 43.77 1.46 1 107.6 
217.11 43.92 1.46 1 108.1 
217.31 44.04 1.47 1 108.1 
217.48 44.17 1.47 1 108.1 
217.69 44.82 1.49 1 108.1 
217.89 44.79 1.49 1 108.1 
218.07 44.77 1.49 1 108.1 
218.28 45.34 1.51 1 108.1 
218.47 45.81 1.53 1 108.1 
218.68 45.66 1.52 1 108.1 
218.98 45.53 1.52 1 108.1 
219.19 46.00 1.52 1 108.8 
219.36 46.36 1.53 1 108.8 
219.60 46.66 1.54 1 108.8 
219.79 47.57 1.57 1 108.8 
220.02 48.35 1.60 1 109.1 
220.22 49.80 1.64 1 109.1 
220.44 51.04 1.68 1 109.1 
220.60 51.39 1.70 1 109.1 
220.87 52.38 1.73 1 109.1 
221.08 52.53 1.72 1 109.9 
221.24 54.25 1.78 1 109.9 
221.48 54.13 1.77 1 109.9 
221.63 53.42 1.75 1 109.9 
221.93 52.20 1.71 1 109.9 
222.09 51.66 1.70 1 109.1 
222.31 51.18 1.69 1 109.1 
222.51 49.71 1.64 1 109.1 
222.69 49.45 1.63 1 109.1 
222.94 48.68 1.61 1 109.1 
223.11 -1.00 -1.00 1 108.0 
223.34 -1.00 -1.00 1 108.0 
223.56 -1.00 -1.00 1 108.0 
224.02 -1.00 -1.00 1 106.9 
224.20 -1.00 -1.00 1 106.9 
224.40 -1.00 -1.00 1 106.9 
224.57 -1.00 -1.00 1 106.9 
224.82 -1.00 -1.00 1 106.9 
225.04 -1.00 -1.00 1 106.1 
225.23 -1.00 -1.00 1 106.1 
225.45 -1.00 -1.00 1 106.1 
225.69 -1.00 -1.00 1 106.1 
225.94 -1.00 -1.00 1 106.1 
226.20 -1.00 -1.00 1 106.2 
226.46 -1.00 -1.00 2 106.2 
226.69 44.23 1.50 2 106.2 
226.99 44.76 1.52 2 106.2 
227.23 45.20 1.53 2 106.2 
227.53 45.01 1.53 2 106.2 
227.94 -1.00 -1.00 2 106.2 
228.19 45.23 1.54 1 105.7 
228.35 45.04 1.53 1 105.7 
228.60 44.88 1.53 1 105.7 
228.87 -1.00 -1.00 1 105.7 
229.13 -1.00 -1.00 1 106.0 
229.36 -1.00 -1.00 1 106.0 
229.60 -1.00 -1.00 1 106.0 
229.87 -1.00 -1.00 2 106.0 
230.13 46.01 1.56 2 105.9 
230.36 45.68 1.55 2 105.9 
230.60 45.40 1.54 2 105.9 
230.82 44.66 1.52 2 105.9 
231.06 44.03 1.49 2 106.1 
231.30 43.98 1.49 2 106.1 
231.63 43.97 1.49 2 106.1 
231.95 43.48 1.48 2 106.1 
232.19 42.59 1.44 2 106.5 
232.42 42.30 1.43 2 106.5 
232.67 42.54 1.44 2 106.5 
232.91 42.77 1.45 2 106.5 
233.10 42.44 1.44 2 105.9 
233.32 42.67 1.45 3 105.9 
233.58 17.74 0.60 3 105.9 
234.08 42.37 1.46 3 104.4 
234.30 42.59 1.47 3 104.4 
234.52 42.28 1.46 3 104.4 
234.83 21.61 0.74 3 104.4 
235.03 22.77 0.80 4 103.0 
235.29 42.97 1.50 4 103.0 
235.50 24.09 0.84 4 103.0 
235.73 24.57 0.86 4 103.0 
236.01 24.98 0.87 4 103.0 
236.20 25.51 0.89 4 102.7 
236.43 26.18 0.92 4 102.7 
236.67 26.51 0.93 4 102.7 
236.90 27.51 0.96 4 102.7 
237.14 28.38 0.99 4 103.0 
237.39 29.07 1.02 5 103.0 
237.63 40.18 1.40 5 103.0 
237.88 30.41 1.06 5 103.0 
238.12 30.75 1.07 5 103.1 
238.36 39.21 1.37 4 103.1 
238.57 39.46 1.38 4 103.1 
238.93 40.20 1.40 4 103.1 
239.17 23.35 0.81 4 103.4 
239.42 41.85 1.46 4 103.4 
239.60 42.82 1.49 4 103.4 
239.85 43.64 1.52 4 103.4 
240.13 43.78 1.53 4 103.3 
240.38 43.89 1.53 4 103.3 
240.61 43.99 1.53 3 103.3 
240.94 43.56 1.52 3 103.3 
241.19 43.18 1.51 3 103.0 
241.44 42.87 1.50 3 103.0 
241.67 42.15 1.47 3 103.0 
242.01 42.47 1.48 3 103.0 
242.22 41.39 1.44 3 103.6 
242.44 40.45 1.41 3 103.6 
242.72 38.95 1.35 3 103.6 
242.98 37.65 1.31 3 103.6 
243.21 36.25 1.24 3 105.5 
243.47 35.35 1.21 3 105.5 
243.81 34.62 1.18 3 105.5 
244.12 33.42 1.12 3 107.2 
244.45 32.40 1.09 3 107.2 
244.74 31.83 1.07 3 107.2 
245.01 30.82 1.04 3 107.2 
245.28 30.27 1.04 4 104.9 
245.60 30.43 1.04 3 104.9 
245.88 29.98 1.03 2 104.9 
246.13 29.34 1.02 2 103.7 
246.37 28.57 0.99 2 103.7 
246.58 27.92 0.97 2 103.7 
246.93 26.98 0.94 2 103.7 
247.18 26.21 0.92 2 103.0 
247.42 25.19 0.88 2 103.0 
247.72 24.55 0.86 2 103.0 
248.07 -1.00 -1.00 2 103.0 
248.32 23.65 0.83 2 103.1 
248.50 23.34 0.82 2 103.1 
248.77 23.10 0.81 2 103.1 
249.03 22.54 0.79 2 102.7 
249.25 22.28 0.78 2 102.7 
249.53 21.90 0.77 2 102.7 
249.77 21.62 0.76 2 102.7 
250.01 21.59 0.76 2 102.7 
250.28 21.22 0.75 2 101.8 
250.48 20.62 0.73 2 101.8 
250.83 20.64 0.73 2 101.8 
251.06 20.66 0.74 2 100.2 
251.23 20.52 0.74 2 100.2 
251.46 20.59 0.74 2 100.2 
251.71 20.48 0.74 2 100.2 
251.96 20.24 0.73 1 100.2 
252.12 20.06 0.72 1 99.6 
252.35 19.93 0.72 1 99.6 
252.55 19.83 0.72 1 99.6 
252.84 19.77 0.71 1 99.6 
253.09 19.72 0.71 1 100.0 
253.27 20.03 0.72 1 100.0 
253.50 19.65 0.71 1 100.0 
253.71 19.66 0.71 1 100.0 
253.94 19.83 0.71 1 100.0 
254.15 19.68 0.70 1 101.0 
254.41 19.15 0.68 1 101.0 
254.68 19.00 0.68 1 101.0 
255.05 19.20 0.68 1 101.0 
255.27 19.69 0.69 1 102.0 
255.58 19.91 0.70 1 102.0 
255.86 19.94 0.70 1 102.0 
256.14 19.82 0.70 1 102.0 
256.31 20.21 0.71 1 102.0 
256.54 20.53 0.72 1 102.0 
256.83 20.77 0.73 1 102.0 
257.08 20.64 0.72 1 103.2 
257.31 20.54 0.72 1 103.2 
257.58 20.63 0.72 1 103.2 
257.93 20.87 0.73 1 103.2 
258.15 20.48 0.73 1 100.7 
258.40 20.76 0.74 1 100.7 
258.67 20.67 0.74 2 100.7 
259.12 20.91 0.75 2 100.7 
259.39 21.13 0.76 2 100.2 
259.66 20.97 0.75 2 100.2 
259.96 20.82 0.75 3 100.2 
260.32 20.71 0.73 3 101.6 
260.65 20.63 0.73 3 101.6 
261.00 20.73 0.73 2 101.6 
261.32 20.82 0.73 2 102.9 
261.58 21.44 0.75 2 102.9 
261.88 21.56 0.75 2 102.9 
262.07 21.66 0.76 2 102.5 
262.41 21.57 0.76 2 102.5 
262.71 21.51 0.76 2 102.5 
262.99 21.80 0.77 2 102.5 
263.21 21.87 0.77 2 102.1 
263.48 21.91 0.77 2 102.1 
263.68 21.77 0.77 3 102.1 
264.01 22.20 0.78 3 102.1 
264.31 22.54 0.80 3 101.7 
264.65 22.83 0.81 3 101.7 
264.93 22.88 0.81 3 101.7 
265.22 22.74 0.81 3 101.2 
265.44 22.61 0.80 3 101.2 
265.85 22.87 0.81 3 101.2 
266.08 22.54 0.81 3 100.6 
266.38 22.28 0.80 3 100.6 
266.67 21.77 0.78 3 100.6 
267.04 21.66 0.77 3 100.6 
267.28 21.13 0.76 3 100.5 
267.58 20.69 0.74 3 100.5 
267.97 20.64 0.74 3 100.5 
268.32 20.60 0.73 3 101.3 
268.67 20.71 0.74 4 101.3 
269.04 20.66 0.73 4 101.3 
269.27 20.61 0.73 4 102.0 
269.61 20.59 0.73 4 102.0 
269.98 20.27 0.72 4 102.0 
270.31 20.31 0.72 4 101.6 
270.57 20.20 0.72 4 101.6 
270.86 20.24 0.72 4 101.6 
271.08 20.14 0.72 4 100.4 
271.36 19.92 0.71 4 100.4 
271.57 20.02 0.72 4 100.4 
271.84 20.12 0.72 3 100.4 
272.12 20.18 0.73 3 99.6 
272.38 20.24 0.73 3 99.6 
272.70 -1.00 -1.00 4 99.6 
273.05 20.20 0.73 4 99.6 
273.37 19.97 0.72 4 99.2 
273.62 19.66 0.71 4 99.2 
274.01 19.84 0.72 4 99.2 
274.32 19.56 0.70 4 100.5 
274.64 19.20 0.69 4 100.5 
274.96 19.32 0.69 4 100.5 
275.27 19.02 0.67 3 102.2 
275.55 18.65 0.66 3 102.2 
275.88 18.76 0.66 3 102.2 
276.15 19.01 0.66 3 103.8 
276.41 19.21 0.67 2 103.8 
276.71 19.07 0.66 2 103.8 
277.06 18.84 0.65 2 103.8 
277.27 18.65 0.65 2 104.1 
277.57 18.50 0.64 2 104.1 
277.82 18.65 0.65 2 104.1 
278.12 18.51 0.64 2 103.5 
278.41 18.51 0.64 2 103.5 
278.72 18.27 0.64 2 103.5 
279.06 17.85 0.62 2 103.5 
279.24 17.50 0.61 2 102.6 
279.49 17.35 0.61 2 102.6 
279.74 17.48 0.61 2 102.6 
280.03 17.58 0.62 2 102.6 
280.22 17.45 0.61 2 102.2 
280.50 17.57 0.62 2 102.2 
280.87 17.54 0.62 2 102.2 
281.12 17.64 0.63 2 101.5 
281.40 17.50 0.62 2 101.5 
281.70 17.37 0.62 2 101.5 
281.98 17.06 0.61 2 101.5 
282.21 17.15 0.61 2 100.8 
282.44 17.35 0.62 2 100.8 
282.77 17.06 0.61 2 100.8 
283.05 17.04 0.61 2 100.5 
283.32 17.39 0.62 2 100.5 
283.56 17.31 0.62 2 100.5 
284.26 16.87 0.60 2 100.5 
284.55 16.67 0.60 2 100.5 
284.91 16.74 0.60 2 100.5 
285.18 16.30 0.58 2 100.9 
285.54 16.03 0.57 2 100.9 
285.79 15.75 0.56 2 100.9 
286.14 15.51 0.56 2 100.6 
286.50 15.24 0.55 3 100.6 
286.81 15.02 0.54 3 100.6 
287.12 14.84 0.53 3 101.6 
287.40 14.61 0.52 2 101.6 
287.73 14.44 0.51 2 101.6 
288.15 -1.00 -1.00 2 101.6 
288.48 23.81 0.84 3 102.4 
288.75 23.69 0.83 3 102.4 
289.17 23.90 0.84 3 102.4 
289.48 23.82 0.83 3 103.2 
289.73 23.72 0.83 3 103.2 
290.09 23.91 0.83 3 103.2 
290.32 23.91 0.83 3 104.1 
290.73 24.06 0.83 3 104.1 
291.05 23.90 0.83 3 104.1 
291.36 23.76 0.83 3 102.8 
291.62 22.74 0.80 3 102.8 
292.01 24.29 0.85 3 102.8 
292.34 24.06 0.84 3 103.4 
292.61 24.01 0.84 3 103.4 
292.93 24.53 0.85 3 103.4 
293.20 24.57 0.86 3 103.1 
293.49 24.60 0.86 3 103.1 
294.12 24.47 0.86 3 102.6 
294.38 24.52 0.86 3 102.6 
294.70 24.76 0.87 3 102.6 
295.12 25.17 0.88 3 102.6 
295.47 25.49 0.89 3 102.9 
295.77 25.75 0.90 3 102.9 
296.19 25.77 0.90 3 102.9 
296.51 25.99 0.90 2 103.8 
296.92 26.66 0.92 3 103.8 
297.20 27.21 0.94 3 104.1 
297.48 27.43 0.95 3 104.1 
297.86 28.11 0.97 3 104.1 
298.20 28.16 0.97 3 105.0 
298.60 28.45 0.98 2 105.0 
298.98 28.97 0.99 2 105.0 
299.34 29.40 1.01 2 105.2 
299.61 29.76 1.02 2 105.2 
300.19 30.35 1.04 3 105.2 
300.66 13.22 0.45 3 105.5 
301.19 13.98 0.48 3 105.5 
301.60 14.75 0.50 3 105.2 
302.12 15.35 0.53 4 105.2 
302.50 16.03 0.55 3 104.8 
302.97 16.97 0.58 2 104.8 
303.29 17.86 0.61 2 105.4 
303.62 18.56 0.63 2 105.4 
304.04 19.13 0.65 2 105.4 
304.36 19.87 0.68 1 105.5 
304.64 20.49 0.70 1 105.5 
304.99 20.82 0.71 1 105.5 
305.26 21.59 0.74 1 105.0 
305.58 22.21 0.76 1 105.0 
306.01 22.70 0.78 1 105.0 
306.30 23.11 0.79 1 105.2 
306.63 23.27 0.80 1 105.2 
307.03 23.55 0.81 1 105.2 
307.40 23.43 0.81 1 104.4 
307.89 24.31 0.84 2 104.4 
308.27 25.05 0.86 2 104.4 
308.68 25.63 0.88 2 104.4 
308.99 26.12 0.90 2 104.4 
309.31 25.93 0.90 2 104.2 
309.67 26.59 0.92 2 104.2 
310.05 27.39 0.95 2 104.2 
310.34 27.79 0.97 2 103.6 
310.69 27.67 0.96 2 103.6 
311.08 27.74 0.96 2 103.6 
311.44 18.82 0.66 2 102.2 
311.82 28.78 1.01 2 102.2 
312.08 28.44 1.01 2 101.9 
312.39 27.76 0.98 2 101.9 
312.71 28.02 0.99 2 101.9 
313.08 -1.00 -1.00 2 101.9 
313.32 -1.00 -1.00 3 99.6 
313.68 -1.00 -1.00 2 99.6 
314.32 -1.00 -1.00 2 100.1 
314.60 -1.00 -1.00 3 100.1 
315.02 -1.00 -1.00 3 100.1 
315.28 -1.00 -1.00 3 101.4 
315.58 -1.00 -1.00 3 101.4 
315.88 -1.00 -1.00 3 101.4 
316.21 -1.00 -1.00 3 101.9 
316.44 -1.00 -1.00 3 101.9 
316.76 -1.00 -1.00 3 101.9 
317.09 -1.00 -1.00 2 101.9 
317.43 -1.00 -1.00 2 102.4 
317.85 -1.00 -1.00 2 102.4 
318.06 -1.00 -1.00 2 103.2 
318.33 -1.00 -1.00 2 103.2 
318.54 -1.00 -1.00 2 103.2 
318.89 32.28 1.13 2 103.2 
319.15 -1.00 -1.00 2 104.3 
319.50 -1.00 -1.00 2 104.3 
319.68 -1.00 -1.00 2 104.3 
320.04 -1.00 -1.00 2 104.3 
320.27 32.04 1.12 2 103.1 
320.55 -1.00 -1.00 2 103.1 
320.99 -1.00 -1.00 2 103.1 
321.27 -1.00 -1.00 2 101.7 
321.54 33.57 1.19 3 101.7 
321.90 -1.00 -1.00 3 101.7 
322.21 34.18 1.23 3 100.4 
322.54 33.77 1.21 2 100.4 
323.03 34.41 1.23 2 100.4 
323.27 34.59 1.26 2 99.0 
323.67 34.71 1.26 2 99.0 
324.07 34.46 1.25 2 99.0 
324.40 34.26 1.27 2 96.9 
324.69 34.40 1.28 2 96.9 
325.08 34.92 1.30 2 96.9 
325.48 35.33 1.31 2 97.1 
325.84 36.09 1.34 3 97.1 
326.25 36.71 1.38 3 95.8 
326.64 37.19 1.40 3 95.8 
327.03 37.19 1.40 3 95.8 
327.33 40.73 1.55 3 94.6 
327.82 44.53 1.69 3 94.6 
328.09 46.79 1.81 3 93.3 
328.47 48.69 1.88 3 93.3 
328.99 49.68 1.92 3 93.3 
329.35 -1.00 -1.00 3 93.5 
329.72 -1.00 -1.00 3 93.5 
330.09 50.66 1.95 3 93.5 
330.40 50.17 1.92 3 94.1 
330.82 49.69 1.90 3 94.1 
331.15 51.18 1.95 3 94.6 
331.53 51.07 1.94 3 94.6 
331.90 51.60 1.96 3 94.6 
332.25 52.03 1.98 3 94.5 
332.59 52.39 2.00 3 94.5 
332.91 18.95 0.72 4 94.5 
333.30 19.31 0.73 4 95.0 
333.52 19.33 0.73 4 95.0 
333.92 19.01 0.72 3 95.0 
334.21 19.21 0.72 3 95.8 
334.50 19.24 0.72 3 95.8 
334.82 19.02 0.71 3 95.8 
335.16 18.95 0.70 3 97.1 
335.38 19.31 0.72 3 97.1 
335.71 19.33 0.72 3 97.1 
336.05 19.34 0.72 3 97.1 
336.36 19.49 0.71 3 98.4 
336.67 19.76 0.72 3 98.4 
337.06 19.58 0.72 3 98.4 
337.37 19.84 0.73 2 98.0 
337.76 19.90 0.73 2 98.0 
338.17 19.81 0.73 2 98.0 
338.56 -1.00 -1.00 2 96.8 
338.93 -1.00 -1.00 2 96.8 
339.21 -1.00 -1.00 2 95.9 
339.51 -1.00 -1.00 2 95.9 
339.91 -1.00 -1.00 2 95.9 
340.19 -1.00 -1.00 2 97.1 
340.56 -1.00 -1.00 1 97.1 
340.83 -1.00 -1.00 1 97.1 
341.18 -1.00 -1.00 1 98.0 
341.56 -1.00 -1.00 1 98.0 
341.96 -1.00 -1.00 1 98.0 
342.23 -1.00 -1.00 1 97.5 
342.59 -1.00 -1.00 1 97.5 
342.93 -1.00 -1.00 1 97.5 
343.20 -1.00 -1.00 1 96.8 
343.51 -1.00 -1.00 1 96.8 
344.23 -1.00 -1.00 1 96.9 
344.52 -1.00 -1.00 1 96.9 
344.92 -1.00 -1.00 1 96.9 
345.20 -1.00 -1.00 1 95.1 
345.41 -1.00 -1.00 1 95.1 
345.71 -1.00 -1.00 1 95.1 
346.11 -1.00 -1.00 1 95.1 
346.46 -1.00 -1.00 1 93.6 
346.90 -1.00 -1.00 1 93.6 
347.20 -1.00 -1.00 1 92.2 
347.52 -1.00 -1.00 1 92.2 
347.96 -1.00 -1.00 1 92.2 
348.33 -1.00 -1.00 1 90.8 
348.72 -1.00 -1.00 1 90.8 
349.11 -1.00 -1.00 2 90.8 
349.48 -1.00 -1.00 2 89.4 
349.90 -1.00 -1.00 2 89.4 
350.26 -1.00 -1.00 2 89.4 
350.69 -1.00 -1.00 2 89.4 
351.07 -1.00 -1.00 1 89.4 
351.49 -1.00 -1.00 1 90.7 
351.91 -1.00 -1.00 1 90.7 
352.31 -1.00 -1.00 2 90.4 
352.71 -1.00 -1.00 2 90.4 
353.07 -1.00 -1.00 2 90.4 
353.46 -1.00 -1.00 2 90.0 
353.87 19.97 0.80 3 90.0 
354.24 19.83 0.81 3 88.5 
354.59 19.79 0.81 3 88.5 
355.02 19.66 0.80 3 88.5 
355.38 19.03 0.79 3 87.0 
355.71 18.38 0.76 3 87.0 
356.15 17.95 0.74 3 87.0 
356.61 18.49 0.78 3 85.6 
357.02 19.20 0.81 2 85.6 
357.33 18.23 0.78 2 83.9 
357.65 17.46 0.75 3 83.9 
358.11 16.94 0.73 3 83.9 
358.51 16.36 0.74 3 79.8 
358.93 15.82 0.71 3 79.8 
359.37 15.48 0.72 3 77.1 
359.69 15.07 0.70 3 77.1 
360.11 14.90 0.70 4 77.1 
360.58 14.17 0.65 4 78.3 
361.03 13.95 0.64 4 78.3 
361.46 13.88 0.62 4 80.7 
361.91 14.23 0.64 3 80.7 
362.22 13.89 0.62 3 80.6 
362.55 13.74 0.61 3 80.6 
362.94 13.56 0.61 3 80.6 
363.34 13.43 0.58 3 83.5 
364.20 12.84 0.56 3 83.1 
364.67 11.46 0.50 2 83.1 
365.24 10.34 0.45 2 83.1 
365.62 -1.00 -1.00 2 82.5 
366.02 8.77 0.38 2 82.5 
366.36 9.96 0.42 2 85.9 
366.63 11.04 0.46 2 85.9 
367.00 11.75 0.49 3 85.9 
367.31 12.46 0.52 3 86.8 
367.65 13.26 0.55 3 86.8 
367.95 13.80 0.57 3 86.8 
368.32 14.48 0.58 3 89.1 
368.65 15.12 0.61 2 89.1 
369.13 15.83 0.64 2 89.1 
369.48 16.50 0.65 2 91.8 
369.87 17.58 0.69 2 91.8 
370.20 18.01 0.68 2 95.0 
370.55 18.47 0.70 2 95.0 
370.92 18.84 0.71 2 95.0 
371.31 19.14 0.70 2 98.2 
371.63 19.66 0.72 2 98.2 
371.98 20.22 0.74 2 98.2 
372.37 20.52 0.74 2 99.4 
372.82 20.78 0.75 2 99.4 
373.10 20.97 0.76 2 99.5 
373.46 21.14 0.76 2 99.5 
374.07 21.42 0.76 2 101.5 
374.35 21.51 0.76 2 101.5 
374.70 21.45 0.76 2 101.5 
375.07 21.51 0.76 2 101.5 
375.32 21.58 0.76 2 102.4 
375.61 21.50 0.76 2 102.4 
375.92 21.16 0.74 2 102.4 
376.25 20.74 0.72 2 103.4 
376.77 20.64 0.72 2 103.4 
377.30 20.72 0.72 2 103.4 
377.78 20.64 0.72 2 103.4 
378.28 20.72 0.72 2 103.4 
378.67 20.66 0.73 3 102.1 
379.24 20.57 0.73 2 102.1 
379.67 20.49 0.72 2 103.0 
380.19 20.40 0.71 1 103.0 
380.64 20.49 0.72 1 102.6 
381.09 20.41 0.72 1 102.6 
381.50 20.51 0.73 1 101.0 
381.93 20.45 0.73 1 101.0 
382.34 20.27 0.73 1 100.6 
382.96 20.08 0.72 1 100.6 
383.38 19.96 0.71 1 100.8 
384.17 19.88 0.71 2 101.4 
384.55 19.83 0.70 2 101.4 
385.02 19.65 0.70 2 101.4 
385.37 19.62 0.69 2 102.9 
385.88 19.47 0.68 2 102.9 
386.20 19.22 0.67 2 102.8 
386.47 19.12 0.67 2 102.8 
386.85 18.94 0.66 2 102.8 
387.24 18.78 0.65 2 103.2 
387.60 18.66 0.65 2 103.2 
388.02 18.68 0.65 2 103.2 
388.36 18.36 0.64 2 103.8 
388.86 18.31 0.64 2 103.8 
389.09 18.16 0.63 1 103.5 
389.49 18.05 0.63 1 103.5 
389.85 17.96 0.62 1 103.5 
390.22 17.88 0.63 1 102.1 
390.49 17.71 0.62 1 102.1 
391.02 17.56 0.62 1 102.1 
391.37 17.58 0.63 1 100.3 
391.69 17.44 0.63 1 100.3 
392.01 17.58 0.63 1 100.3 
392.42 17.83 0.65 1 98.7 
392.73 17.90 0.65 1 98.7 
393.18 17.85 0.65 1 98.7 
393.55 17.92 0.65 1 98.6 
394.21 18.25 0.66 1 99.4 
394.62 18.49 0.67 1 99.4 
395.00 18.69 0.68 1 99.4 
395.28 18.72 0.66 1 101.4 
395.64 18.87 0.67 1 101.4 
396.04 19.12 0.68 1 101.4 
396.43 19.19 0.67 1 103.8 
396.70 19.37 0.67 1 103.8 
397.11 19.66 0.68 1 103.8 
397.40 19.91 0.68 1 105.5 
397.71 19.95 0.68 1 105.5 
398.05 20.28 0.69 1 105.5 
398.48 20.37 0.70 1 105.1 
398.78 20.61 0.71 1 105.1 
399.11 20.83 0.71 1 105.1 
399.45 21.14 0.73 1 104.3 
399.83 21.24 0.73 1 104.3 
400.20 21.18 0.74 1 103.2 
400.48 21.44 0.75 1 103.2 
400.89 21.62 0.75 1 103.2 
401.13 21.63 0.76 1 102.1 
401.43 21.95 0.77 1 102.1 
401.83 22.05 0.78 1 102.1 
402.17 21.97 0.78 1 101.5 
402.51 22.22 0.79 1 101.5 
402.90 22.25 0.79 1 101.5 
403.20 22.45 0.79 1 102.1 
403.46 22.44 0.79 1 102.1 
404.17 22.61 0.78 1 104.1 
404.50 22.92 0.79 1 104.1 
404.97 23.38 0.81 1 104.1 
405.25 23.95 0.82 1 104.7 
405.57 24.42 0.84 1 104.7 
405.96 24.42 0.84 1 104.7 
406.33 24.81 0.86 1 103.3 
406.61 -1.00 -1.00 1 103.3 
407.00 -1.00 -1.00 1 103.3 
407.28 -1.00 -1.00 1 102.2 
407.62 -1.00 -1.00 1 102.2 
407.96 -1.00 -1.00 1 102.2 
408.21 -1.00 -1.00 1 99.4 
408.56 -1.00 -1.00 1 99.4 
408.88 -1.00 -1.00 1 99.4 
409.14 -1.00 -1.00 1 98.6 
409.47 -1.00 -1.00 1 98.6 
409.74 -1.00 -1.00 1 98.6 
410.15 -1.00 -1.00 1 98.6 
410.54 -1.00 -1.00 1 96.8 
410.91 -1.00 -1.00 1 96.8 
411.24 -1.00 -1.00 1 95.3 
411.52 -1.00 -1.00 1 95.3 
411.74 -1.00 -1.00 2 95.3 
412.15 -1.00 -1.00 2 95.3 
412.51 -1.00 -1.00 2 93.9 
412.93 -1.00 -1.00 2 93.9 
413.25 -1.00 -1.00 2 92.4 
413.63 25.64 1.00 3 92.4 
414.00 25.89 1.01 3 92.4 
414.39 25.59 1.01 3 91.2 
414.74 25.47 1.01 3 91.2 
415.06 25.21 1.00 3 91.2 
415.37 24.68 0.99 3 90.1 
415.86 24.21 0.97 4 90.1 
416.25 24.01 0.95 4 91.0 
416.65 23.67 0.94 5 91.0 
417.00 23.38 0.92 5 91.0 
417.30 23.28 0.90 5 93.0 
417.76 23.03 0.89 5 93.0 
418.07 22.73 0.88 5 93.0 
418.47 22.44 0.88 4 91.6 
418.86 22.39 0.88 4 91.6 
419.22 22.33 0.89 4 90.3 
419.54 41.78 1.67 3 90.3 
419.91 29.17 1.16 2 90.3 
420.15 -1.00 -1.00 2 88.9 
420.50 -1.00 -1.00 2 88.9 
420.94 -1.00 -1.00 2 88.9 
421.19 -1.00 -1.00 1 88.7 
421.44 -1.00 -1.00 2 88.7 
421.77 -1.00 -1.00 2 88.7 
422.10 -1.00 -1.00 2 88.7 
422.34 -1.00 -1.00 2 90.4 
422.66 -1.00 -1.00 2 90.4 
423.05 -1.00 -1.00 2 90.4 
423.27 -1.00 -1.00 2 92.4 
423.53 -1.00 -1.00 2 92.4 
424.23 -1.00 -1.00 2 94.6 
424.58 -1.00 -1.00 2 94.6 
424.92 -1.00 -1.00 2 94.6 
425.21 -1.00 -1.00 2 96.6 
425.49 -1.00 -1.00 2 96.6 
425.87 -1.00 -1.00 2 96.6 
426.09 -1.00 -1.00 2 99.1 
426.39 -1.00 -1.00 2 99.1 
426.70 -1.00 -1.00 2 99.1 
427.02 -1.00 -1.00 2 99.1 
427.24 -1.00 -1.00 2 101.4 
427.59 -1.00 -1.00 2 101.4 
427.89 -1.00 -1.00 2 101.4 
428.21 -1.00 -1.00 2 102.6 
428.53 -1.00 -1.00 2 102.6 
428.90 -1.00 -1.00 1 102.6 
429.17 -1.00 -1.00 1 101.6 
429.48 -1.00 -1.00 1 101.6 
429.71 -1.00 -1.00 1 101.6 
430.07 -1.00 -1.00 1 101.6 
430.25 -1.00 -1.00 1 100.2 
430.57 -1.00 -1.00 1 100.2 
430.98 -1.00 -1.00 1 100.2 
431.23 -1.00 -1.00 1 98.8 
431.48 -1.00 -1.00 1 98.8 
431.78 -1.00 -1.00 1 98.8 
432.03 -1.00 -1.00 1 98.8 
432.29 -1.00 -1.00 1 96.9 
432.60 -1.00 -1.00 1 96.9 
432.97 -1.00 -1.00 1 96.9 
433.23 -1.00 -1.00 1 95.8 
433.50 -1.00 -1.00 1 95.8 
434.10 -1.00 -1.00 1 94.5 
434.35 -1.00 -1.00 1 94.5 
434.64 -1.00 -1.00 1 94.5 
434.93 -1.00 -1.00 2 94.5 
435.25 -1.00 -1.00 2 93.0 
435.51 -1.00 -1.00 2 93.0 
435.89 -1.00 -1.00 2 93.0 
436.20 -1.00 -1.00 2 93.0 
436.56 -1.00 -1.00 2 93.0 
436.86 -1.00 -1.00 2 93.0 
437.14 -1.00 -1.00 2 93.7 
437.47 -1.00 -1.00 2 93.7 
437.84 -1.00 -1.00 2 93.7 
438.18 -1.00 -1.00 2 95.8 
438.44 -1.00 -1.00 1 95.8 
438.87 -1.00 -1.00 0 95.8 
439.13 -1.00 -1.00 1 97.2 
439.40 -1.00 -1.00 1 97.2 
439.65 -1.00 -1.00 1 97.2 
440.01 -1.00 -1.00 1 97.2 
440.27 -1.00 -1.00 1 96.1 
440.57 -1.00 -1.00 1 96.1 
440.88 -1.00 -1.00 1 96.1 
441.17 -1.00 -1.00 1 94.7 
441.45 -1.00 -1.00 1 94.7 
441.77 -1.00 -1.00 1 94.7 
442.06 -1.00 -1.00 1 94.7 
442.28 -1.00 -1.00 1 93.4 
442.55 -1.00 -1.00 1 93.4 
442.93 -1.00 -1.00 1 93.4 
443.16 -1.00 -1.00 1 92.1 
443.42 -1.00 -1.00 1 92.1 
443.60 -1.00 -1.00 1 92.1 
444.13 -1.00 -1.00 1 90.8 
444.45 -1.00 -1.00 1 90.8 
444.86 -1.00 -1.00 1 90.8 
445.10 -1.00 -1.00 1 89.5 
445.38 -1.00 -1.00 1 89.5 
445.63 -1.00 -1.00 1 89.5 
445.94 -1.00 -1.00 1 89.5 
446.22 -1.00 -1.00 1 87.9 
446.46 -1.00 -1.00 1 87.9 
446.81 -1.00 -1.00 1 87.9 
447.14 -1.00 -1.00 1 86.6 
447.48 -1.00 -1.00 1 86.6 
447.82 -1.00 -1.00 1 86.6 
448.06 -1.00 -1.00 1 85.4 
448.26 -1.00 -1.00 0 85.4 
448.55 -1.00 -1.00 0 85.4 
448.82 -1.00 -1.00 0 85.4 
449.04 -1.00 -1.00 0 83.9 
449.28 -1.00 -1.00 0 83.9 
449.55 -1.00 -1.00 0 83.9 
449.81 -1.00 -1.00 1 83.9 
450.06 -1.00 -1.00 1 82.3 
450.25 -1.00 -1.00 1 82.3 
450.55 -1.00 -1.00 1 82.3 
450.84 -1.00 -1.00 1 82.3 
451.17 -1.00 -1.00 1 81.2 
451.37 -1.00 -1.00 1 81.2 
451.69 -1.00 -1.00 1 81.2 
452.00 -1.00 -1.00 1 81.2 
452.25 -1.00 -1.00 1 79.7 
452.51 -1.00 -1.00 1 79.7 
452.82 -1.00 -1.00 1 79.7 
453.09 -1.00 -1.00 1 78.1 
453.38 -1.00 -1.00 1 78.1 
453.64 -1.00 -1.00 1 78.1 
453.93 -1.00 -1.00 1 78.1 
454.12 -1.00 -1.00 1 76.8 
454.44 -1.00 -1.00 1 76.8 
454.71 -1.00 -1.00 1 76.8 
455.00 -1.00 -1.00 0 76.8 
455.21 -1.00 -1.00 0 75.4 
455.51 -1.00 -1.00 0 75.4 
455.71 -1.00 -1.00 0 75.4 
455.96 -1.00 -1.00 0 75.4 
456.14 -1.00 -1.00 0 74.2 
456.45 -1.00 -1.00 0 74.2 
456.63 -1.00 -1.00 0 74.2 
457.02 -1.00 -1.00 0 74.2 
457.22 -1.00 -1.00 0 72.6 
457.46 -1.00 -1.00 0 72.6 
457.72 -1.00 -1.00 0 72.6 
458.10 -1.00 -1.00 0 72.6 
458.33 -1.00 -1.00 0 71.3 
458.59 -1.00 -1.00 0 71.3 
459.00 -1.00 -1.00 0 71.3 
459.28 -1.00 -1.00 0 69.6 
459.61 -1.00 -1.00 0 69.6 
459.99 -1.00 -1.00 0 69.6 
460.23 -1.00 -1.00 0 71.0 
460.51 -1.00 -1.00 0 71.0 
460.78 -1.00 -1.00 0 71.0 
461.16 -1.00 -1.00 0 71.0 
461.44 -1.00 -1.00 0 72.5 
461.77 -1.00 -1.00 0 72.5 
462.10 -1.00 -1.00 0 72.5 
462.38 -1.00 -1.00 0 71.7 
462.70 -1.00 -1.00 0 71.7 
462.95 -1.00 -1.00 0 71.7 
463.32 -1.00 -1.00 0 72.4 
463.59 -1.00 -1.00 0 72.4 
464.29 -1.00 -1.00 0 71.1 
464.51 -1.00 -1.00 0 71.1 
464.85 -1.00 -1.00 0 71.1 
465.14 -1.00 -1.00 0 69.7 
465.40 -1.00 -1.00 0 69.7 
465.71 -1.00 -1.00 0 69.7 
466.06 -1.00 -1.00 0 69.7 
466.35 -1.00 -1.00 0 68.1 
466.71 -1.00 -1.00 0 68.1 
467.08 -1.00 -1.00 0 68.1 
467.40 -1.00 -1.00 0 67.0 
467.84 -1.00 -1.00 0 67.0 
468.15 -1.00 -1.00 0 65.6 
468.44 -1.00 -1.00 0 65.6 
468.75 -1.00 -1.00 0 65.6 
469.11 -1.00 -1.00 0 65.6 
469.46 -1.00 -1.00 0 63.1 
469.75 -1.00 -1.00 0 63.1 
470.07 -1.00 -1.00 0 63.1 
470.28 -1.00 -1.00 0 63.9 
470.60 -1.00 -1.00 0 63.9 
470.93 -1.00 -1.00 0 63.9 
471.21 -1.00 -1.00 0 62.3 
471.55 -1.00 -1.00 0 62.3 
471.80 -1.00 -1.00 0 62.3 
472.09 -1.00 -1.00 0 62.9 
472.35 -1.00 -1.00 0 62.9 
472.60 -1.00 -1.00 0 62.9 
472.86 -1.00 -1.00 0 62.9 
473.12 -1.00 -1.00 0 64.5 
473.40 -1.00 -1.00 0 64.5 
473.69 -1.00 -1.00 0 64.5 
474.07 -1.00 -1.00 0 64.5 
474.30 -1.00 -1.00 0 66.6 
474.61 -1.00 -1.00 0 66.6 
474.94 -1.00 -1.00 0 66.6 
475.21 -1.00 -1.00 0 68.0 
475.49 -1.00 -1.00 0 68.0 
475.98 -1.00 -1.00 0 68.0 
476.30 -1.00 -1.00 0 67.9 
476.71 -1.00 -1.00 0 67.9 
477.03 -1.00 -1.00 0 67.9 
477.35 -1.00 -1.00 0 66.6 
477.67 -1.00 -1.00 0 66.6 
477.99 -1.00 -1.00 0 66.6 
478.30 -1.00 -1.00 0 64.8 
478.62 -1.00 -1.00 0 64.8 
479.04 -1.00 -1.00 0 64.8 
479.40 -1.00 -1.00 0 64.1 
479.72 -1.00 -1.00 0 64.1 
480.21 -1.00 -1.00 0 64.1 
480.49 -1.00 -1.00 0 62.1 
480.88 -1.00 -1.00 0 62.1 
481.10 -1.00 -1.00 0 63.4 
481.39 -1.00 -1.00 0 63.4 
481.74 36.42 2.07 1 63.4 
482.06 36.26 2.06 1 63.4 
482.42 35.95 2.01 1 64.5 
482.74 35.73 2.00 1 64.5 
482.98 -1.00 -1.00 0 64.5 
483.30 -1.00 -1.00 0 67.8 
483.61 -1.00 -1.00 1 67.8 
483.98 30.96 1.64 2 67.8 
484.28 31.04 1.65 2 67.8 
484.64 31.33 1.66 2 67.8 
484.97 31.17 1.65 2 67.8 
485.26 30.81 1.62 2 68.6 
485.68 30.49 1.60 2 68.6 
486.02 30.36 1.59 2 68.6 
486.34 30.93 1.64 2 67.7 
486.80 30.94 1.64 2 67.7 
487.14 30.94 1.64 2 67.7 
487.55 30.50 1.63 3 67.3 
487.89 30.09 1.61 3 67.3 
488.19 29.76 1.65 3 65.0 
488.59 29.10 1.61 3 65.0 
488.99 28.53 1.58 3 65.0 
489.26 28.27 1.57 3 64.8 
489.62 27.83 1.55 3 64.8 
490.09 27.27 1.52 3 64.8 
490.39 26.98 1.44 3 67.3 
490.76 28.32 1.51 3 67.3 
491.11 27.36 1.46 3 67.3 
491.54 27.05 1.40 3 69.4 
491.89 27.01 1.40 3 69.4 
492.17 29.15 1.46 2 71.6 
492.48 31.28 1.57 1 71.6 
492.73 31.86 1.60 2 71.6 
493.12 32.07 1.61 2 71.6 
493.38 -1.00 -1.00 1 70.1 
494.15 155.14 8.23 1 67.9 
494.38 153.54 8.14 1 67.9 
494.71 -1.00 -1.00 2 67.9 
495.15 40.96 2.17 2 67.9 
495.43 40.12 2.22 2 65.0 
495.90 39.01 2.16 2 65.0 
496.25 37.38 2.13 2 63.1 
496.66 36.28 2.07 2 63.1 
497.05 34.27 1.96 2 63.1 
497.51 32.30 1.94 2 60.1 
497.91 31.24 1.87 2 60.1 
498.47 -1.00 -1.00 2 61.3 
498.90 -1.00 -1.00 1 61.3 
499.35 23.04 1.40 1 59.4 
499.66 21.82 1.32 2 59.4 
500.02 21.07 1.28 2 59.4 
500.35 -1.00 -1.00 2 57.0 
500.64 -1.00 -1.00 2 57.0 
501.08 -1.00 -1.00 2 57.0 
501.42 -1.00 -1.00 2 55.3 
501.78 17.99 1.17 2 55.3 
502.25 19.64 1.28 2 55.3 
502.66 -1.00 -1.00 2 53.9 
503.12 19.73 1.32 2 53.9 
503.50 20.13 1.34 2 54.2 
503.89 20.47 1.36 2 54.2 
504.19 20.57 1.39 2 53.5 
504.60 20.83 1.40 2 53.5 
505.05 20.88 1.41 2 53.5 
505.37 21.26 1.41 2 54.1 
505.66 21.07 1.40 2 54.1 
506.21 20.92 1.39 2 54.1 
506.59 21.10 1.41 1 54.0 
506.91 20.79 1.39 1 54.0 
507.25 21.18 1.47 1 51.9 
507.57 21.17 1.47 2 51.9 
507.97 30.68 2.13 2 51.9 
508.32 30.44 2.15 2 50.9 
508.59 30.29 2.14 2 50.9 
508.96 29.84 2.11 2 50.9 
509.28 -1.00 -1.00 1 51.5 
509.58 -1.00 -1.00 0 51.5 
509.98 -1.00 -1.00 0 51.5 
510.30 -1.00 -1.00 0 51.4 
510.60 -1.00 -1.00 0 51.4 
511.06 -1.00 -1.00 0 51.4 
511.36 -1.00 -1.00 0 53.4 
511.68 -1.00 -1.00 0 53.4 
512.07 -1.00 -1.00 0 53.4 
512.45 -1.00 -1.00 0 56.3 
512.75 -1.00 -1.00 0 56.3 
513.12 -1.00 -1.00 0 56.3 
513.40 -1.00 -1.00 0 60.6 
513.69 -1.00 -1.00 0 60.6 
514.23 -1.00 -1.00 0 65.0 
514.49 -1.00 -1.00 0 65.0 
514.84 -1.00 -1.00 0 65.0 
515.09 -1.00 -1.00 0 68.6 
515.29 -1.00 -1.00 0 68.6 
515.54 -1.00 -1.00 0 68.6 
515.91 -1.00 -1.00 0 68.6 
516.24 -1.00 -1.00 0 73.6 
516.51 -1.00 -1.00 0 73.6 
516.76 -1.00 -1.00 0 73.6 
517.06 -1.00 -1.00 0 73.6 
517.33 -1.00 -1.00 0 77.5 
517.51 -1.00 -1.00 0 77.5 
517.74 -1.00 -1.00 0 77.5 
517.96 -1.00 -1.00 0 77.5 
518.20 -1.00 -1.00 0 81.6 
518.43 -1.00 -1.00 1 81.6 
518.71 -1.00 -1.00 1 81.6 
519.04 -1.00 -1.00 1 81.6 
519.37 -1.00 -1.00 1 85.1 
519.64 -1.00 -1.00 0 85.1 
519.98 -1.00 -1.00 0 85.1 
520.30 -1.00 -1.00 0 85.1 
520.50 -1.00 -1.00 0 85.1 
520.80 -1.00 -1.00 0 85.1 
521.09 -1.00 -1.00 0 88.6 
521.37 -1.00 -1.00 0 88.6 
521.60 -1.00 -1.00 0 88.6 
521.88 -1.00 -1.00 0 88.6 
522.20 -1.00 -1.00 1 90.8 
522.39 -1.00 -1.00 1 90.8 
522.71 -1.00 -1.00 1 90.8 
523.03 -1.00 -1.00 1 90.8 
523.29 -1.00 -1.00 1 91.5 
523.57 -1.00 -1.00 1 91.5 
524.08 -1.00 -1.00 1 90.9 
524.39 -1.00 -1.00 1 90.9 
524.63 -1.00 -1.00 1 90.9 
525.00 -1.00 -1.00 1 90.9 
525.30 -1.00 -1.00 1 89.2 
525.54 -1.00 -1.00 1 89.2 
525.89 -1.00 -1.00 1 89.2 
526.09 -1.00 -1.00 0 87.3 
526.37 -1.00 -1.00 0 87.3 
526.71 -1.00 -1.00 0 87.3 
527.01 -1.00 -1.00 0 87.3 
527.38 -1.00 -1.00 0 86.8 
527.75 -1.00 -1.00 0 86.8 
528.06 -1.00 -1.00 0 86.8 
528.39 -1.00 -1.00 0 86.8 
528.63 -1.00 -1.00 0 86.8 
528.97 -1.00 -1.00 0 86.8 
529.25 -1.00 -1.00 0 83.8 
529.49 -1.00 -1.00 0 83.8 
529.77 -1.00 -1.00 0 83.8 
530.06 -1.00 -1.00 0 83.8 
530.25 -1.00 -1.00 0 82.2 
530.50 -1.00 -1.00 0 82.2 
530.84 -1.00 -1.00 0 82.2 
531.14 -1.00 -1.00 0 80.7 
531.46 -1.00 -1.00 0 80.7 
531.67 -1.00 -1.00 0 80.7 
531.98 -1.00 -1.00 0 80.7 
532.20 -1.00 -1.00 0 79.7 
532.50 -1.00 -1.00 1 79.7 
532.94 -1.00 -1.00 1 79.7 
533.27 -1.00 -1.00 2 78.3 
533.68 -1.00 -1.00 2 78.3 
533.95 -1.00 -1.00 2 78.3 
534.26 -1.00 -1.00 3 76.9 
534.60 -1.00 -1.00 3 76.9 
534.94 -1.00 -1.00 3 76.9 
535.21 -1.00 -1.00 3 75.1 
535.47 -1.00 -1.00 3 75.1 
535.79 -1.00 -1.00 3 75.1 
536.05 -1.00 -1.00 3 75.1 
536.35 -1.00 -1.00 3 74.7 
536.63 -1.00 -1.00 3 74.7 
536.94 -1.00 -1.00 3 74.7 
537.30 -1.00 -1.00 2 72.8 
537.66 -1.00 -1.00 2 72.8 
538.11 22.03 1.09 2 72.8 
538.37 21.62 1.09 2 71.4 
538.57 21.27 1.07 2 71.4 
538.91 20.98 1.06 2 71.4 
539.20 20.60 1.06 2 69.9 
539.54 20.71 1.07 2 69.9 
539.94 20.80 1.07 3 69.9 
540.30 21.01 1.09 3 69.1 
540.69 20.76 1.08 3 69.1 
541.05 20.83 1.09 3 69.1 
541.30 20.90 1.11 3 67.7 
541.64 20.82 1.11 3 67.7 
542.00 -1.00 -1.00 2 67.7 
542.29 -1.00 -1.00 2 66.7 
542.60 7.83 0.42 2 66.7 
543.00 8.46 0.46 2 66.7 
543.25 8.71 0.46 3 67.9 
543.57 24.89 1.32 3 67.9 
544.24 25.24 1.30 2 70.1 
544.50 -1.00 -1.00 2 70.1 
544.73 -1.00 -1.00 2 70.1 
545.11 26.92 1.38 3 70.1 
545.41 26.92 1.31 2 73.9 
545.64 26.82 1.31 2 73.9 
546.11 26.73 1.30 2 73.9 
546.48 26.90 1.25 2 77.3 
546.77 26.75 1.25 2 77.3 
547.18 18.76 0.87 5 77.3 
547.66 26.44 1.17 5 81.4 
548.14 26.51 1.17 3 81.4 
548.40 18.61 0.80 3 83.2 
548.83 18.45 0.80 4 83.2 
549.27 25.96 1.11 4 84.4 
549.69 25.69 1.10 4 84.4 
550.10 16.50 0.70 4 84.4 
550.45 38.30 1.64 4 84.1 
550.77 38.90 1.66 5 84.1 
551.12 39.45 1.69 5 84.1 
551.46 39.93 1.66 5 86.4 
551.86 28.72 1.20 5 86.4 
552.13 28.81 1.17 5 88.9 
552.53 41.31 1.67 5 88.9 
553.14 41.54 1.68 4 88.9 
553.54 41.77 1.65 4 91.3 
553.90 41.52 1.64 4 91.3 
554.29 40.56 1.56 4 93.7 
554.61 40.86 1.57 4 93.7 
555.04 42.17 1.62 3 93.7 
555.34 42.23 1.58 3 96.4 
555.68 42.27 1.58 3 96.4 
556.03 42.30 1.58 3 96.4 
556.28 42.31 1.58 3 96.7 
556.63 42.31 1.58 3 96.7 
557.06 42.31 1.58 3 96.7 
557.38 42.31 1.56 3 97.7 
557.85 42.31 1.56 3 97.7 
558.21 43.38 1.62 3 96.3 
558.50 43.70 1.63 3 96.3 
558.91 44.54 1.67 3 96.3 
559.34 34.65 1.27 2 98.2 
559.71 44.41 1.63 2 98.2 
560.22 45.14 1.66 2 98.2 
560.52 44.73 1.59 2 101.5 
560.73 32.65 1.16 2 101.5 
561.10 44.41 1.58 3 101.5 
561.50 31.36 1.10 3 102.2 
561.95 30.84 1.09 3 102.2 
562.27 30.39 1.09 3 100.7 
562.63 44.29 1.58 3 100.7 
563.09 29.74 1.06 3 100.7 
563.41 29.48 1.08 3 98.6 
564.13 29.07 1.10 3 95.6 
564.44 28.92 1.09 4 95.6 
564.77 28.79 1.08 4 95.6 
565.12 31.67 1.19 4 95.6 
565.52 32.21 1.22 3 95.0 
566.00 33.01 1.25 3 95.0 
566.32 33.69 1.24 4 97.8 
566.83 34.65 1.28 3 97.8 
567.17 35.09 1.27 3 99.9 
567.51 35.46 1.28 3 99.9 
567.92 -1.00 -1.00 3 99.9 
568.28 36.42 1.33 2 98.6 
568.59 36.33 1.33 2 98.6 
568.87 36.18 1.32 2 98.6 
569.20 36.03 1.30 3 100.1 
569.50 35.86 1.29 3 100.1 
569.84 35.69 1.28 3 100.1 
570.19 35.51 1.25 3 102.0 
570.45 -1.00 -1.00 3 102.0 
570.95 -1.00 -1.00 3 102.0 
571.27 36.63 1.27 3 103.8 
571.68 37.32 1.29 3 103.8 
572.14 -1.00 -1.00 3 103.8 
572.59 36.82 1.27 2 104.3 
572.89 36.16 1.25 3 104.3 
573.25 -1.00 -1.00 3 107.3 
573.61 35.62 1.20 4 107.3 
573.95 36.40 1.22 4 107.3 
574.32 35.83 1.18 4 108.9 
574.66 35.92 1.19 4 108.9 
574.95 36.79 1.22 4 108.9 
575.43 36.53 1.21 5 109.0 
575.73 36.04 1.19 3 109.0 
576.00 34.14 1.13 3 109.0 
576.40 35.38 1.16 3 110.1 
576.66 34.98 1.14 3 110.1 
577.03 34.89 1.14 3 110.1 
577.36 34.80 1.13 3 110.4 
577.65 34.74 1.13 3 110.4 
578.10 34.68 1.13 3 110.4 
578.49 34.64 1.14 2 109.8 
578.72 34.32 1.13 2 109.8 
579.11 34.32 1.13 2 109.8 
579.44 33.79 1.13 2 108.0 
579.82 33.57 1.12 2 108.0 
580.15 33.39 1.12 2 107.1 
580.53 32.97 1.11 2 107.1 
580.95 32.60 1.10 2 107.1 
581.26 32.29 1.09 2 106.2 
581.64 31.79 1.08 2 106.2 
581.96 31.39 1.06 2 106.2 
582.33 31.03 1.07 2 104.5 
582.65 30.72 1.06 2 104.5 
583.00 30.45 1.05 3 104.5 
583.40 30.21 1.05 3 103.9 
584.20 29.39 1.02 2 103.6 
584.60 29.07 1.01 3 103.6 
585.05 29.05 1.01 2 103.6 
585.35 29.34 1.00 2 105.5 
585.86 29.30 1.00 2 105.5 
586.22 29.54 1.04 2 102.1 
586.57 29.00 1.02 2 102.1 
586.95 28.54 1.01 2 102.1 
587.34 28.37 0.99 2 103.1 
587.75 28.75 1.00 2 103.1 
588.12 28.29 0.99 2 103.1 
588.49 27.94 0.96 2 104.3 
589.01 27.68 0.96 2 104.3 
589.39 36.23 1.24 2 105.4 
589.89 36.75 1.25 2 105.4 
590.27 36.81 1.25 2 106.1 
590.52 36.82 1.25 2 106.1 
590.89 37.23 1.26 2 106.1 
591.22 36.78 1.24 2 106.7 
591.64 36.76 1.24 2 106.7 
591.92 36.77 1.24 2 106.7 
592.25 -1.00 -1.00 2 108.4 
592.63 36.06 1.20 2 108.4 
593.09 36.16 1.20 3 108.4 
593.44 -1.00 -1.00 3 109.6 
594.16 35.40 1.15 3 110.6 
594.53 35.60 1.16 3 110.6 
594.98 35.76 1.16 3 110.6 
595.36 35.91 1.16 3 111.1 
595.85 35.66 1.16 3 111.1 
596.29 35.09 1.13 3 111.3 
596.59 34.60 1.12 3 111.3 
597.03 34.93 1.13 3 111.3 
597.42 -1.00 -1.00 3 110.6 
597.87 34.34 1.12 3 110.6 
598.19 33.96 1.11 3 110.1 
598.63 34.01 1.11 3 110.1 
599.03 33.41 1.09 3 110.1 
599.42 33.23 1.09 3 109.9 
599.95 32.76 1.07 3 109.9 
600.32 32.37 1.06 3 109.6 
600.67 32.03 1.05 3 109.6 
601.15 31.44 1.03 3 109.6 
601.54 30.93 1.01 3 109.9 
601.92 30.49 1.00 3 109.9 
602.46 30.15 0.99 2 110.1 
602.92 29.90 0.98 2 110.1 
603.39 29.42 0.96 2 110.5 
604.27 28.49 0.93 2 110.9 
604.57 28.25 0.92 2 110.9 
604.93 27.79 0.90 2 110.9 
605.26 27.67 0.90 2 110.7 
605.60 27.36 0.89 2 110.7 
606.05 27.08 0.88 2 110.7 
606.35 26.64 0.87 2 109.8 
606.82 26.28 0.86 2 109.8 
607.10 25.58 0.85 2 108.8 
607.39 24.99 0.83 2 108.8 
607.73 24.73 0.82 2 108.8 
608.07 24.33 0.80 2 108.8 
608.35 23.64 0.79 2 107.4 
608.60 23.46 0.79 2 107.4 
609.07 23.12 0.77 2 107.4 
609.36 23.26 0.79 2 105.4 
609.63 22.61 0.77 2 105.4 
610.01 22.47 0.77 2 105.4 
610.26 22.36 0.77 2 104.3 
610.55 21.91 0.76 2 104.3 
610.95 21.72 0.75 2 104.3 
611.23 21.41 0.74 2 104.7 
611.60 21.18 0.73 2 104.7 
611.97 20.85 0.72 2 104.7 
612.38 20.75 0.71 2 105.2 
612.73 20.68 0.71 2 105.2 
613.12 20.61 0.71 2 105.2 
613.43 20.57 0.70 2 105.2 
614.16 20.28 0.68 2 108.0 
614.47 20.18 0.67 2 108.0 
614.79 19.95 0.67 2 108.0 
615.19 19.95 0.69 2 103.5 
615.58 19.66 0.68 3 103.5 
615.99 19.43 0.68 3 103.5 
616.39 18.99 0.66 3 103.4 
616.68 19.07 0.66 3 103.4 
616.97 18.84 0.66 3 103.4 
617.31 18.64 0.65 3 103.0 
617.74 18.38 0.64 3 103.0 
618.11 18.16 0.63 3 103.0 
618.46 18.14 0.64 3 102.5 
618.87 18.12 0.64 3 102.5 
619.22 18.01 0.63 3 102.9 
619.70 17.90 0.63 3 102.9 
620.08 17.58 0.62 3 102.9 
620.34 17.44 0.61 4 102.9 
620.81 17.35 0.61 4 102.9 
621.21 17.18 0.61 4 101.4 
621.62 17.17 0.61 4 101.4 
622.08 17.05 0.61 3 101.4 
622.50 16.84 0.60 3 101.6 
623.00 16.70 0.59 3 101.6 
623.52 16.83 0.58 4 103.8 
623.94 16.80 0.58 4 103.8 
624.28 16.66 0.58 4 103.0 
624.62 16.67 0.58 4 103.0 
625.08 16.57 0.58 4 103.0 
625.47 16.49 0.58 4 102.5 
625.90 16.56 0.58 4 102.5 
626.27 16.40 0.57 3 103.9 
626.60 16.38 0.57 3 103.9 
626.97 16.25 0.56 3 103.9 
627.21 16.25 0.56 3 103.9 
627.54 16.27 0.56 3 103.9 
627.90 16.07 0.56 3 103.9 
628.30 16.14 0.56 3 103.2 
628.60 16.32 0.57 3 103.2 
628.95 16.35 0.57 3 103.2 
629.24 16.27 0.57 3 102.6 
629.64 16.10 0.57 3 102.6 
630.09 16.07 0.56 3 102.6 
630.43 15.94 0.56 3 102.5 
630.91 15.84 0.56 3 102.5 
631.25 15.64 0.55 3 102.1 
631.62 15.61 0.55 3 102.1 
631.97 15.69 0.55 3 102.1 
632.33 15.67 0.56 4 101.2 
632.87 15.57 0.55 4 101.2 
633.20 15.51 0.56 4 100.0 
633.61 15.77 0.57 4 100.0 
634.35 16.33 0.60 4 98.5 
634.75 16.62 0.61 4 98.5 
635.07 16.72 0.61 4 98.5 
635.49 16.83 0.62 4 97.6 
635.87 17.05 0.63 4 97.6 
636.23 17.60 0.66 4 96.6 
636.58 17.75 0.66 4 96.6 
636.95 18.01 0.67 4 96.6 
637.28 18.63 0.70 4 96.2 
637.68 18.96 0.71 3 96.2 
638.03 19.22 0.72 2 96.2 
638.44 19.43 0.71 3 97.9 
638.77 19.77 0.73 3 97.9 
639.21 20.20 0.74 3 97.9 
639.60 20.42 0.74 3 99.6 
639.98 20.74 0.75 3 99.6 
640.30 21.16 0.75 3 101.0 
640.54 21.66 0.77 3 101.0 
641.07 21.89 0.78 3 101.0 
641.43 22.25 0.80 3 100.5 
641.86 22.03 0.79 3 100.5 
642.22 22.34 0.80 3 100.8 
642.52 22.43 0.80 3 100.8 
642.96 22.51 0.80 3 100.8 
643.29 22.72 0.81 3 101.5 
643.60 22.54 0.80 3 101.5 
644.05 22.72 0.81 2 101.5 
644.45 22.71 0.80 2 102.3 
644.92 33.44 1.18 2 102.3 
645.39 22.95 0.80 1 103.2 
645.83 22.70 0.79 1 103.2 
646.20 22.47 0.79 1 102.8 
646.62 22.45 0.79 1 102.8 
647.14 22.64 0.79 1 102.8 
647.55 22.45 0.79 1 102.6 
648.08 22.26 0.78 1 102.6 
648.47 22.10 0.78 1 102.6 
648.78 21.30 0.75 2 102.6 
649.19 20.88 0.73 2 103.5 
649.49 20.55 0.71 2 103.5 
649.95 20.14 0.70 2 103.5 
650.25 19.70 0.68 2 104.3 
650.64 19.31 0.67 2 104.3 
651.03 18.90 0.65 2 104.3 
651.43 18.24 0.60 2 108.6 
651.73 17.59 0.58 2 108.6 
652.14 17.41 0.58 2 108.6 
652.49 16.84 0.55 2 110.5 
652.73 16.37 0.53 2 110.5 
653.04 15.93 0.52 2 110.5 
653.42 15.40 0.50 2 109.9 
653.70 14.90 0.49 2 109.9 
654.09 14.42 0.47 2 109.9 
654.34 13.85 0.46 2 107.9 
654.56 13.42 0.45 2 107.9 
654.96 13.10 0.44 2 107.9 
655.27 12.85 0.43 2 106.7 
655.55 12.61 0.43 2 106.7 
656.05 12.36 0.42 2 106.7 
656.38 30.42 1.03 2 106.6 
656.65 32.33 1.09 2 106.6 
656.99 34.92 1.18 2 106.6 
657.28 35.32 1.20 2 105.7 
657.63 35.35 1.20 2 105.7 
658.06 35.38 1.21 2 105.7 
658.34 -1.00 -1.00 2 107.4 
658.67 -1.00 -1.00 2 107.4 
659.06 36.11 1.21 2 107.4 
659.40 36.69 1.21 2 109.2 
659.76 36.84 1.21 2 109.2 
660.13 37.34 1.23 2 109.2 
660.58 37.07 1.20 1 111.1 
661.03 37.16 1.20 1 111.1 
661.39 36.91 1.20 1 111.1 
661.74 37.02 1.20 1 111.1 
662.03 37.09 1.20 1 111.1 
662.40 37.97 1.19 1 114.7 
662.88 -1.00 -1.00 0 114.7 
663.25 -1.00 -1.00 0 117.3 
663.64 -1.00 -1.00 0 117.3 
664.42 -1.00 -1.00 0 119.2 
664.75 -1.00 -1.00 0 119.2 
665.09 -1.00 -1.00 0 119.2 
665.42 -1.00 -1.00 0 118.3 
665.73 -1.00 -1.00 0 118.3 
666.10 -1.00 -1.00 0 118.3 
666.43 -1.00 -1.00 0 116.3 
666.72 -1.00 -1.00 0 116.3 
667.02 -1.00 -1.00 0 116.3 
667.34 -1.00 -1.00 0 114.3 
667.65 41.27 1.30 1 114.3 
667.97 41.28 1.30 2 114.3 
668.33 41.28 1.32 2 112.5 
668.65 41.28 1.32 2 112.5 
669.04 41.05 1.31 1 112.5 
669.42 40.80 1.33 1 110.4 
669.64 40.86 1.33 1 110.4 
670.11 40.91 1.33 1 110.4 
670.46 40.12 1.32 1 109.4 
670.88 38.91 1.28 1 109.4 
671.26 37.79 1.26 2 107.6 
671.57 37.27 1.25 2 107.6 
672.07 37.11 1.24 1 107.6 
672.36 36.65 1.26 1 104.9 
672.69 36.93 1.27 1 104.9 
673.00 36.51 1.25 1 104.9 
673.34 35.63 1.20 1 106.5 
673.67 35.41 1.20 2 106.5 
674.05 35.21 1.19 1 106.5 
674.33 35.39 1.18 1 107.9 
674.71 35.54 1.19 1 107.9 
675.05 35.32 1.18 1 107.9 
675.33 -1.00 -1.00 1 108.1 
675.71 -1.00 -1.00 1 108.1 
676.05 -1.00 -1.00 1 108.1 
676.29 -1.00 -1.00 1 108.0 
676.57 -1.00 -1.00 1 108.0 
676.96 -1.00 -1.00 1 108.0 
677.31 -1.00 -1.00 1 107.0 
677.62 -1.00 -1.00 1 107.0 
677.97 -1.00 -1.00 1 107.0 
678.26 -1.00 -1.00 1 108.0 
678.58 -1.00 -1.00 1 108.0 
678.99 -1.00 -1.00 1 108.0 
679.34 -1.00 -1.00 1 107.3 
679.59 -1.00 -1.00 1 107.3 
679.90 -1.00 -1.00 1 107.3 
680.21 -1.00 -1.00 1 106.8 
680.51 -1.00 -1.00 1 106.8 
680.76 -1.00 -1.00 1 106.8 
681.12 -1.00 -1.00 1 106.8 
681.36 -1.00 -1.00 1 107.5 
681.70 -1.00 -1.00 1 107.5 
682.13 -1.00 -1.00 1 107.5 
682.43 -1.00 -1.00 2 106.6 
682.72 -1.00 -1.00 2 106.6 
683.10 -1.00 -1.00 2 106.6 
683.39 -1.00 -1.00 2 108.0 
683.71 -1.00 -1.00 2 108.0 
684.16 -1.00 -1.00 2 107.9 
684.38 -1.00 -1.00 3 107.9 
684.85 -1.00 -1.00 3 107.9 
685.15 -1.00 -1.00 3 106.8 
685.42 -1.00 -1.00 3 106.8 
685.85 -1.00 -1.00 3 106.8 
686.20 -1.00 -1.00 3 106.6 
686.53 -1.00 -1.00 3 106.6 
686.88 -1.00 -1.00 3 106.6 
687.19 -1.00 -1.00 3 105.9 
687.47 -1.00 -1.00 3 105.9 
687.87 -1.00 -1.00 3 105.9 
688.22 -1.00 -1.00 3 105.8 
688.48 -1.00 -1.00 3 105.8 
688.95 -1.00 -1.00 3 105.8 
689.20 19.89 0.68 3 105.5 
689.65 20.08 0.69 3 105.5 
690.12 -1.00 -1.00 2 105.5 
690.45 -1.00 -1.00 2 105.3 
690.73 -1.00 -1.00 2 105.3 
691.08 -1.00 -1.00 2 105.3 
691.34 -1.00 -1.00 2 107.2 
691.70 -1.00 -1.00 2 107.2 
692.05 44.22 1.48 3 107.2 
692.38 44.09 1.47 3 107.7 
692.80 43.69 1.46 2 107.7 
693.12 43.05 1.42 2 109.2 
693.44 42.48 1.40 2 109.2 
693.93 41.85 1.38 2 109.2 
694.27 41.50 1.37 2 108.8 
694.53 40.47 1.34 2 108.8 
694.98 39.45 1.31 2 108.8 
695.35 38.10 1.27 2 107.9 
695.72 -1.00 -1.00 2 107.9 
696.05 -1.00 -1.00 2 107.9 
696.44 -1.00 -1.00 2 107.1 
696.89 -1.00 -1.00 2 107.1 
697.21 -1.00 -1.00 2 106.3 
697.59 -1.00 -1.00 1 106.3 
698.02 -1.00 -1.00 1 106.3 
698.32 -1.00 -1.00 1 106.3 
698.72 -1.00 -1.00 1 106.3 
699.04 -1.00 -1.00 1 106.3 
699.43 -1.00 -1.00 1 107.7 
699.72 -1.00 -1.00 1 107.7 
700.14 -1.00 -1.00 1 107.7 
700.56 -1.00 -1.00 2 107.6 
701.05 -1.00 -1.00 2 107.6 
701.49 -1.00 -1.00 1 108.3 
701.73 -1.00 -1.00 1 108.3 
702.30 -1.00 -1.00 1 108.3 
702.59 -1.00 -1.00 0 108.9 
703.15 -1.00 -1.00 0 108.9 
703.50 -1.00 -1.00 0 109.9 
703.90 41.27 1.35 1 109.9 
704.15 36.42 1.19 2 110.2 
704.57 36.52 1.19 2 110.2 
704.85 36.15 1.18 2 110.2 
705.15 35.82 1.17 2 110.4 
705.61 35.30 1.15 2 110.4 
705.92 34.64 1.13 2 110.4 
706.30 39.82 1.29 2 111.1 
706.73 39.41 1.28 2 111.1 
707.09 39.01 1.26 2 111.1 
707.50 38.64 1.25 2 111.4 
707.89 38.32 1.24 3 111.4 
708.30 38.36 1.24 3 110.9 
708.55 38.05 1.24 3 110.9 
708.96 37.79 1.23 3 110.9 
709.34 36.96 1.22 3 109.5 
709.67 35.96 1.18 3 109.5 
710.15 35.66 1.17 3 109.5 
710.42 34.78 1.16 3 108.1 
710.89 33.58 1.12 3 108.1 
711.27 33.00 1.11 3 107.3 
711.63 32.29 1.08 3 107.3 
712.06 31.45 1.06 3 107.3 
712.53 -1.00 -1.00 3 107.8 
713.08 -1.00 -1.00 2 107.8 
713.43 -1.00 -1.00 2 108.6 
713.69 -1.00 -1.00 3 108.6 
714.11 -1.00 -1.00 3 108.6 
714.53 -1.00 -1.00 3 108.7 
714.90 -1.00 -1.00 3 108.7 
715.25 -1.00 -1.00 3 110.1 
715.59 -1.00 -1.00 3 110.1 
716.07 -1.00 -1.00 3 110.1 
716.31 26.63 0.88 3 109.2 
716.72 26.86 0.89 3 109.2 
717.09 27.05 0.89 3 109.2 
717.33 -1.00 -1.00 2 109.9 
717.59 -1.00 -1.00 2 109.9 
717.94 -1.00 -1.00 2 109.9 
718.30 16.82 0.55 2 110.6 
718.58 17.28 0.56 2 110.6 
719.04 17.54 0.57 2 110.6 
719.29 17.98 0.58 2 111.7 
719.83 18.34 0.59 2 111.7 
720.17 18.75 0.60 2 113.0 
720.40 19.37 0.62 2 113.0 
720.84 19.73 0.63 2 113.0 
721.15 20.15 0.64 2 113.7 
721.50 20.83 0.66 1 113.7 
721.79 21.35 0.68 1 113.7 
722.05 21.77 0.69 1 114.0 
722.29 22.30 0.70 1 114.0 
722.57 22.72 0.72 1 114.0 
722.98 22.74 0.72 1 114.0 
723.33 22.91 0.72 1 114.2 
723.66 23.41 0.74 1 114.2 
724.07 23.62 0.74 1 114.2 
724.50 24.00 0.78 1 110.6 
724.88 24.29 0.79 1 110.6 
725.15 24.35 0.77 1 114.2 
725.42 24.38 0.77 2 114.2 
725.88 24.40 0.77 2 114.2 
726.17 24.60 0.76 2 115.8 
726.54 24.77 0.77 2 115.8 
727.07 24.90 0.77 2 115.8 
727.49 25.45 0.78 1 117.4 
727.94 25.89 0.79 1 117.4 
728.20 26.24 0.80 1 118.1 
728.64 26.54 0.81 1 118.1 
729.07 27.02 0.82 1 118.1 
729.33 27.42 0.84 1 117.9 
729.78 27.74 0.85 1 117.9 
730.18 28.00 0.85 1 117.9 
730.49 28.45 0.90 1 114.4 
731.00 28.82 0.91 1 114.4 
731.38 29.41 0.92 1 114.7 
731.72 29.38 0.92 1 114.7 
732.11 29.87 0.94 1 114.7 
732.40 30.02 0.94 2 114.8 
732.88 31.04 0.97 2 114.8 
733.12 31.90 1.02 2 112.4 
733.40 32.59 1.04 3 112.4 
733.67 33.53 1.07 3 112.4 
734.05 33.35 1.07 2 112.4 
734.28 34.55 1.11 2 111.7 
734.65 35.55 1.15 2 111.7 
735.01 36.82 1.19 2 111.7 
735.31 37.44 1.21 2 111.2 
735.60 38.90 1.26 2 111.2 
736.05 40.13 1.30 2 111.2 
736.47 40.26 1.30 1 111.6 
736.84 40.36 1.30 2 111.6 
737.13 40.88 1.33 2 110.7 
737.48 41.80 1.36 2 110.7 
737.95 41.65 1.35 2 110.7 
738.25 41.92 1.36 2 110.9 
738.58 42.65 1.38 2 110.9 
739.03 42.36 1.37 2 110.9 
739.44 42.48 1.37 1 111.9 
739.83 42.19 1.36 1 111.9 
740.17 41.95 1.33 2 113.7 
740.67 42.14 1.33 1 113.7 
741.07 42.29 1.34 1 113.7 
741.35 42.41 1.33 1 115.0 
741.81 42.49 1.33 2 115.0 
742.14 43.03 1.34 2 115.8 
742.51 43.51 1.35 2 115.8 
742.89 43.45 1.35 2 115.8 
743.31 43.37 1.35 2 115.7 
744.18 43.70 1.35 1 116.7 
744.53 44.04 1.36 1 116.7 
744.92 44.32 1.37 1 116.7 
745.28 44.54 1.37 1 116.9 
745.61 44.73 1.38 1 116.9 
745.99 44.89 1.38 1 116.9 
746.38 45.02 1.39 1 116.8 
746.64 45.71 1.41 1 116.8 
746.99 46.28 1.43 1 116.8 
747.26 46.79 1.46 1 115.6 
747.61 47.19 1.47 1 115.6 
748.03 48.16 1.50 2 115.6 
748.40 48.36 1.52 2 114.8 
748.86 48.53 1.52 2 114.8 
749.24 -1.00 -1.00 0 113.7 
749.55 -1.00 -1.00 0 113.7 
749.93 -1.00 -1.00 0 113.7 
750.25 -1.00 -1.00 0 114.5 
750.64 -1.00 -1.00 0 114.5 
751.05 -1.00 -1.00 0 114.5 
751.39 -1.00 -1.00 0 113.8 
751.65 -1.00 -1.00 0 113.8 
752.05 -1.00 -1.00 0 113.8 
752.28 -1.00 -1.00 0 112.5 
752.53 -1.00 -1.00 0 112.5 
752.99 -1.00 -1.00 0 112.5 
753.31 -1.00 -1.00 0 111.3 
753.61 -1.00 -1.00 0 111.3 
754.03 -1.00 -1.00 0 111.3 
754.33 -1.00 -1.00 0 110.8 
754.72 -1.00 -1.00 0 110.8 
755.10 -1.00 -1.00 0 110.8 
755.47 -1.00 -1.00 0 110.6 
755.88 -1.00 -1.00 0 110.6 
756.22 -1.00 -1.00 0 109.9 
756.51 -1.00 -1.00 0 109.9 
756.82 -1.00 -1.00 0 109.9 
757.14 -1.00 -1.00 0 108.9 
757.34 -1.00 -1.00 0 108.9 
757.60 -1.00 -1.00 0 108.9 
757.98 -1.00 -1.00 0 108.9 
758.30 -1.00 -1.00 0 107.3 
758.68 -1.00 -1.00 0 107.3 
758.93 -1.00 -1.00 0 107.3 
759.17 -1.00 -1.00 0 106.1 
759.44 -1.00 -1.00 0 106.1 
759.75 -1.00 -1.00 0 106.1 
760.13 -1.00 -1.00 0 106.1 
760.44 -1.00 -1.00 0 105.1 
760.78 -1.00 -1.00 0 105.1 
761.09 -1.00 -1.00 0 104.3 
761.37 -1.00 -1.00 0 104.3 
761.63 -1.00 -1.00 0 104.3 
762.02 -1.00 -1.00 1 104.3 
762.37 -1.00 -1.00 1 104.5 
762.66 -1.00 -1.00 0 104.5 
763.03 -1.00 -1.00 1 104.5 
763.28 -1.00 -1.00 1 107.5 
763.57 -1.00 -1.00 1 107.5 
764.27 -1.00 -1.00 1 108.8 
764.56 -1.00 -1.00 1 108.8 
764.88 -1.00 -1.00 1 108.8 
765.27 -1.00 -1.00 1 107.6 
765.50 -1.00 -1.00 1 107.6 
765.86 -1.00 -1.00 1 107.6 
766.25 -1.00 -1.00 1 106.6 
766.58 -1.00 -1.00 1 106.6 
766.98 -1.00 -1.00 2 106.6 
767.25 -1.00 -1.00 2 105.9 
767.60 -1.00 -1.00 3 105.9 
768.01 -1.00 -1.00 3 105.9 
768.29 -1.00 -1.00 3 106.3 
768.56 -1.00 -1.00 3 106.3 
768.96 34.40 1.16 4 106.3 
769.21 34.44 1.13 3 109.4 
769.49 -1.00 -1.00 2 109.4 
769.85 16.21 0.53 2 109.4 
770.19 16.66 0.54 2 110.4 
770.42 17.38 0.57 2 110.4 
770.91 18.24 0.59 3 110.4 
771.28 19.04 0.62 3 111.2 
771.57 20.23 0.65 3 111.2 
771.96 21.17 0.69 3 111.2 
772.25 22.12 0.72 3 110.5 
772.52 22.70 0.74 3 110.5 
772.95 23.58 0.77 3 110.5 
773.25 25.06 0.82 3 110.6 
773.61 25.98 0.85 2 110.6 
773.93 26.30 0.86 2 110.6 
774.27 27.03 0.89 2 109.2 
774.55 27.63 0.91 1 109.2 
774.97 28.40 0.94 1 109.2 
775.22 29.30 0.98 1 107.9 
775.53 29.79 0.99 1 107.9 
775.99 29.93 1.00 1 107.9 
776.32 30.29 1.02 1 107.3 
776.64 30.58 1.03 1 107.3 
777.10 30.84 1.03 1 107.3 
777.40 30.74 1.02 1 108.8 
777.69 -1.00 -1.00 1 108.8 
778.01 -1.00 -1.00 1 108.8 
778.29 -1.00 -1.00 1 110.8 
778.55 -1.00 -1.00 1 110.8 
778.86 -1.00 -1.00 1 110.8 
779.24 -1.00 -1.00 1 113.4 
779.52 -1.00 -1.00 1 113.4 
779.97 -1.00 -1.00 1 113.4 
780.30 -1.00 -1.00 1 115.2 
780.56 -1.00 -1.00 1 115.2 
780.98 -1.00 -1.00 1 115.2 
781.31 -1.00 -1.00 1 117.8 
781.59 -1.00 -1.00 1 117.8 
781.91 -1.00 -1.00 1 117.8 
782.18 -1.00 -1.00 1 118.0 
782.50 -1.00 -1.00 1 118.0 
782.89 -1.00 -1.00 1 118.0 
783.22 -1.00 -1.00 1 116.2 
783.58 -1.00 -1.00 1 116.2 
783.98 -1.00 -1.00 0 116.2 
784.34 -1.00 -1.00 0 117.0 
784.66 -1.00 -1.00 0 117.0 
785.02 -1.00 -1.00 0 117.0 
785.40 -1.00 -1.00 0 118.5 
785.61 -1.00 -1.00 0 118.5 
785.98 -1.00 -1.00 0 118.5 
786.27 -1.00 -1.00 0 118.6 
786.54 -1.00 -1.00 1 118.6 
786.89 -1.00 -1.00 1 118.6 
787.28 -1.00 -1.00 1 117.6 
787.64 -1.00 -1.00 0 117.6 
787.96 -1.00 -1.00 0 117.6 
788.26 -1.00 -1.00 0 116.6 
788.57 -1.00 -1.00 0 116.6 
789.10 -1.00 -1.00 0 116.6 
789.42 -1.00 -1.00 0 116.6 
789.76 -1.00 -1.00 0 116.6 
790.05 -1.00 -1.00 0 116.6 
790.38 -1.00 -1.00 0 116.4 
790.70 -1.00 -1.00 0 116.4 
790.99 -1.00 -1.00 0 116.4 
791.24 -1.00 -1.00 0 116.4 
791.66 -1.00 -1.00 0 116.4 
792.08 -1.00 -1.00 0 116.4 
792.29 -1.00 -1.00 0 115.6 
792.63 -1.00 -1.00 0 115.6 
792.95 -1.00 -1.00 0 115.6 
793.23 -1.00 -1.00 0 116.7 
793.55 -1.00 -1.00 0 116.7 
794.22 -1.00 -1.00 0 115.6 
794.55 -1.00 -1.00 0 115.6 
794.85 -1.00 -1.00 0 115.6 
795.22 -1.00 -1.00 1 114.9 
795.52 -1.00 -1.00 1 114.9 
795.99 -1.00 -1.00 1 114.9 
796.37 -1.00 -1.00 1 115.9 
796.87 -1.00 -1.00 1 115.9 
797.24 -1.00 -1.00 0 117.5 
797.59 -1.00 -1.00 0 117.5 
797.85 -1.00 -1.00 0 117.5 
798.16 -1.00 -1.00 2 119.4 
798.51 -1.00 -1.00 1 119.4 
798.90 -1.00 -1.00 1 119.4 
799.25 -1.00 -1.00 1 120.6 
799.67 -1.00 -1.00 1 120.6 
800.14 -1.00 -1.00 1 120.6 
800.36 -1.00 -1.00 1 122.0 
800.78 -1.00 -1.00 1 122.0 
801.27 -1.00 -1.00 0 122.0 
801.55 -1.00 -1.00 0 121.2 
801.95 -1.00 -1.00 0 121.2 
802.29 -1.00 -1.00 0 119.9 
802.68 -1.00 -1.00 0 119.9 
803.02 -1.00 -1.00 0 119.9 
803.31 -1.00 -1.00 0 118.9 
803.61 -1.00 -1.00 1 118.9 
804.02 -1.00 -1.00 0 118.9 
804.38 -1.00 -1.00 0 119.0 
804.64 -1.00 -1.00 0 119.0 
805.10 -1.00 -1.00 0 119.0 
805.40 -1.00 -1.00 0 120.4 
805.67 -1.00 -1.00 0 120.4 
806.08 -1.00 -1.00 0 120.4 
806.32 -1.00 -1.00 0 120.1 
806.64 -1.00 -1.00 0 120.1 
807.05 -1.00 -1.00 1 120.1 
807.32 -1.00 -1.00 1 119.8 
807.63 -1.00 -1.00 1 119.8 
808.08 -1.00 -1.00 1 119.8 
808.35 -1.00 -1.00 1 118.4 
808.74 -1.00 -1.00 1 118.4 
809.28 -1.00 -1.00 1 118.4 
809.66 -1.00 -1.00 0 116.3 
810.16 -1.00 -1.00 0 116.3 
810.48 -1.00 -1.00 0 114.5 
810.86 -1.00 -1.00 0 114.5 
811.20 38.69 1.23 1 112.9 
811.57 38.69 1.23 1 112.9 
811.98 38.40 1.22 1 112.9 
812.27 37.94 1.22 1 112.1 
812.67 37.27 1.20 1 112.1 
813.09 36.77 1.18 1 112.1 
813.31 36.09 1.19 1 109.5 
814.09 35.04 1.17 1 107.8 
814.50 34.46 1.15 1 107.8 
814.93 33.48 1.12 1 107.8 
815.29 32.61 1.11 1 106.1 
815.61 31.64 1.07 1 106.1 
816.06 30.63 1.04 1 106.1 
816.32 29.97 1.02 1 105.3 
816.68 29.02 0.99 1 105.3 
816.99 27.94 0.96 1 105.3 
817.31 26.97 0.91 1 106.7 
817.64 26.34 0.89 1 106.7 
818.04 25.80 0.87 1 106.7 
818.40 25.18 0.85 1 106.1 
818.64 24.68 0.84 1 106.1 
819.04 24.60 0.83 1 106.1 
819.32 24.19 0.82 1 106.2 
819.66 23.85 0.81 1 106.2 
820.06 23.58 0.80 1 106.2 
820.39 22.78 0.77 1 106.2 
820.68 22.12 0.75 1 106.2 
820.97 21.20 0.72 1 106.2 
821.20 20.83 0.70 1 107.5 
821.47 20.52 0.69 1 107.5 
821.75 20.15 0.68 1 107.5 
822.08 20.00 0.67 1 107.5 
822.30 19.88 0.66 1 108.4 
822.60 -1.00 -1.00 1 108.4 
822.94 -1.00 -1.00 1 108.4 
823.24 -1.00 -1.00 1 110.0 
823.56 -1.00 -1.00 1 110.0 
824.24 -1.00 -1.00 1 111.7 
824.54 -1.00 -1.00 1 111.7 
824.82 -1.00 -1.00 1 111.7 
825.05 -1.00 -1.00 1 110.2 
825.32 -1.00 -1.00 1 110.2 
825.67 -1.00 -1.00 1 110.2 
825.97 -1.00 -1.00 1 110.2 
826.27 -1.00 -1.00 1 108.4 
826.47 -1.00 -1.00 1 108.4 
826.84 -1.00 -1.00 1 108.4 
827.08 -1.00 -1.00 1 107.0 
827.38 -1.00 -1.00 1 107.0 
827.61 -1.00 -1.00 1 107.0 
827.89 -1.00 -1.00 1 107.0 
828.11 -1.00 -1.00 1 105.9 
828.38 -1.00 -1.00 1 105.9 
828.61 -1.00 -1.00 1 105.9 
828.90 -1.00 -1.00 1 105.9 
829.11 -1.00 -1.00 1 106.5 
829.44 -1.00 -1.00 1 106.5 
829.72 -1.00 -1.00 1 106.5 
830.15 -1.00 -1.00 1 106.5 
830.46 -1.00 -1.00 1 107.3 
830.84 -1.00 -1.00 1 107.3 
831.17 -1.00 -1.00 1 108.5 
831.40 -1.00 -1.00 1 108.5 
831.84 -1.00 -1.00 1 108.5 
832.29 -1.00 -1.00 1 108.8 
832.66 -1.00 -1.00 1 108.8 
833.02 -1.00 -1.00 1 108.8 
833.38 -1.00 -1.00 1 109.7 
833.64 -1.00 -1.00 2 109.7 
833.99 -1.00 -1.00 2 109.7 
834.36 -1.00 -1.00 2 109.3 
834.62 -1.00 -1.00 2 109.3 
834.89 -1.00 -1.00 2 109.3 
835.22 -1.00 -1.00 2 108.9 
835.54 -1.00 -1.00 2 108.9 
835.90 -1.00 -1.00 1 108.9 
836.12 -1.00 -1.00 1 107.8 
836.43 -1.00 -1.00 1 107.8 
836.87 -1.00 -1.00 1 107.8 
837.09 -1.00 -1.00 1 106.8 
837.43 -1.00 -1.00 1 106.8 
837.67 -1.00 -1.00 1 106.8 
837.99 -1.00 -1.00 1 106.8 
838.26 -1.00 -1.00 1 104.8 
838.51 -1.00 -1.00 1 104.8 
838.82 -1.00 -1.00 1 104.8 
839.02 -1.00 -1.00 1 105.7 
839.29 -1.00 -1.00 1 105.7 
839.53 -1.00 -1.00 1 105.7 
839.90 -1.00 -1.00 1 105.7 
840.20 -1.00 -1.00 1 105.9 
840.48 14.40 0.49 2 105.9 
840.78 14.38 0.49 2 105.9 
841.10 14.29 0.49 2 104.9 
841.38 13.87 0.48 2 104.9 
841.67 13.17 0.45 2 104.9 
842.07 11.93 0.41 2 104.9 
842.42 10.90 0.38 2 103.6 
842.70 10.02 0.35 2 103.6 
843.13 9.33 0.32 2 103.6 
843.50 -1.00 -1.00 1 88.7 
843.80 -1.00 -1.00 1 88.7 
844.12 -1.00 -1.00 1 84.6 
844.39 -1.00 -1.00 1 84.6 
844.85 -1.00 -1.00 1 84.6 
845.07 -1.00 -1.00 1 85.8 
845.33 -1.00 -1.00 2 85.8 
845.59 -1.00 -1.00 2 85.8 
845.85 -1.00 -1.00 2 85.8 
846.07 -1.00 -1.00 2 88.1 
846.34 -1.00 -1.00 2 88.1 
846.59 -1.00 -1.00 2 88.1 
846.89 -1.00 -1.00 2 88.1 
847.16 -1.00 -1.00 2 90.1 
847.39 -1.00 -1.00 2 90.1 
847.66 30.27 1.21 2 90.1 
848.06 -1.00 -1.00 2 90.1 
848.33 9.38 0.38 2 89.5 
848.88 -1.00 -1.00 1 89.5 
849.14 -1.00 -1.00 1 90.6 
849.45 -1.00 -1.00 1 90.6 
849.97 -1.00 -1.00 1 90.6 
850.31 -1.00 -1.00 1 88.9 
850.63 -1.00 -1.00 1 88.9 
850.99 -1.00 -1.00 1 88.9 
851.23 9.10 0.36 2 90.0 
851.59 9.09 0.36 1 90.0 
851.93 8.98 0.36 1 90.0 
852.38 -1.00 -1.00 2 91.8 
852.69 8.65 0.34 2 91.8 
853.10 8.26 0.32 2 91.8 
853.51 -1.00 -1.00 2 94.7 
854.36 10.00 0.37 2 97.2 
854.66 11.03 0.41 2 97.2 
854.97 11.96 0.44 2 97.2 
855.21 12.50 0.46 2 98.6 
855.41 13.18 0.48 2 98.6 
855.65 13.89 0.51 2 98.6 
855.98 14.35 0.52 2 98.6 
856.20 15.11 0.53 2 101.8 
856.50 15.49 0.55 2 101.8 
856.83 16.12 0.57 2 101.8 
857.16 16.50 0.57 2 104.0 
857.48 17.17 0.59 2 104.0 
857.74 17.56 0.61 2 104.0 
858.09 18.14 0.63 2 104.0 
858.41 18.21 0.61 2 106.8 
858.73 18.52 0.62 3 106.8 
859.07 19.17 0.65 3 106.8 
859.38 19.71 0.66 2 108.1 
859.69 19.82 0.66 2 108.1 
859.94 19.89 0.66 2 108.1 
860.26 20.40 0.66 3 111.1 
860.50 32.56 1.06 3 111.1 
860.70 32.56 1.06 3 111.1 
861.06 32.57 1.06 3 111.1 
861.36 32.42 1.03 3 113.4 
861.65 32.04 1.02 3 113.4 
861.96 31.90 1.01 3 113.4 
862.24 31.77 0.99 3 115.1 
862.47 31.43 0.98 3 115.1 
862.73 31.13 0.97 3 115.1 
863.00 30.45 0.95 3 115.1 
863.31 30.06 0.93 3 116.1 
863.65 29.52 0.92 3 116.1 
863.96 28.84 0.89 3 116.1 
864.23 27.91 0.88 3 114.6 
864.45 26.95 0.85 3 114.6 
864.69 26.13 0.82 3 114.6 
864.95 25.26 0.79 3 114.6 
865.22 24.40 0.77 3 113.7 
865.45 23.53 0.74 3 113.7 
865.73 22.96 0.73 3 113.7 
866.07 21.84 0.69 3 113.7 
866.29 20.91 0.68 3 111.0 
866.52 20.27 0.66 3 111.0 
866.84 19.76 0.64 3 111.0 
867.14 19.24 0.64 3 108.1 
867.33 18.48 0.62 3 108.1 
867.54 17.88 0.60 3 108.1 
867.78 17.41 0.58 3 108.1 
868.03 16.95 0.58 3 104.5 
868.25 16.49 0.57 3 104.5 
868.50 16.23 0.56 3 104.5 
868.72 16.03 0.55 3 104.5 
869.00 15.88 0.55 3 104.5 
869.25 15.78 0.55 4 103.4 
869.48 15.92 0.55 4 103.4 
869.85 15.82 0.55 4 103.4 
870.19 15.36 0.54 4 102.7 
870.49 14.84 0.52 4 102.7 
870.89 15.12 0.53 4 102.7 
871.20 15.23 0.54 4 101.3 
871.47 15.33 0.54 4 101.3 
871.74 15.20 0.54 4 101.3 
872.07 14.92 0.53 4 101.3 
872.34 14.90 0.54 4 100.0 
872.57 14.90 0.54 4 100.0 
872.91 14.80 0.53 4 100.0 
873.22 14.83 0.53 4 100.9 
873.50 14.76 0.53 4 100.9 
873.73 14.91 0.53 4 100.9 
874.02 15.04 0.54 4 100.7 
874.30 15.14 0.54 4 100.7 
874.52 15.34 0.55 4 100.7 
874.83 15.59 0.56 4 100.7 
875.05 15.59 0.56 4 100.2 
875.36 15.67 0.56 4 100.2 
875.57 15.66 0.56 3 100.2 
875.96 15.96 0.57 3 100.2 
876.31 15.88 0.58 3 98.4 
876.58 16.03 0.59 3 98.4 
876.85 16.04 0.59 3 98.4 
877.09 16.15 0.59 3 99.0 
877.34 16.14 0.59 3 99.0 
877.55 16.12 0.59 3 99.0 
877.84 16.01 0.58 3 99.0 
878.12 16.03 0.57 3 101.2 
878.37 16.15 0.57 3 101.2 
878.61 16.36 0.58 2 101.2 
878.94 16.30 0.58 2 101.2 
879.20 16.37 0.57 2 102.8 
879.46 16.41 0.57 2 102.8 
879.72 16.45 0.58 2 102.8 
880.01 16.38 0.57 2 102.8 
880.25 16.44 0.57 2 103.6 
880.53 16.38 0.57 2 103.6 
880.85 16.44 0.57 2 103.6 
881.14 16.60 0.58 2 102.4 
881.38 16.51 0.58 1 102.4 
881.66 16.44 0.58 1 102.4 
882.00 16.38 0.58 1 102.4 
882.22 16.56 0.59 1 100.6 
882.54 16.28 0.58 1 100.6 
882.77 16.26 0.58 1 100.6 
883.14 16.47 0.59 2 100.6 
883.42 16.41 0.59 1 99.8 
883.67 16.60 0.60 2 99.8 
884.01 16.52 0.60 2 99.8 
884.31 16.66 0.59 2 101.2 
884.56 16.68 0.59 2 101.2 
884.98 16.69 0.59 2 101.2 
885.23 16.70 0.59 2 101.8 
885.53 16.82 0.59 2 101.8 
885.81 16.90 0.60 2 101.8 
886.13 16.75 0.59 2 102.0 
886.40 16.72 0.59 2 102.0 
886.61 16.94 0.60 2 102.0 
886.90 17.01 0.60 2 102.0 
887.19 17.06 0.61 2 100.8 
887.40 17.09 0.61 3 100.8 
887.61 17.24 0.62 3 100.8 
887.93 17.36 0.62 2 100.8 
888.19 17.34 0.61 2 102.0 
888.46 17.33 0.61 2 102.0 
888.74 17.32 0.61 2 102.0 
889.03 17.21 0.61 2 102.0 
889.25 17.23 0.60 2 103.0 
889.49 17.13 0.60 2 103.0 
889.72 17.27 0.60 2 103.0 
890.08 17.51 0.61 2 103.0 
890.35 17.45 0.60 2 104.8 
890.58 17.52 0.60 2 104.8 
890.98 17.69 0.61 2 104.8 
891.29 17.82 0.62 2 103.5 
891.53 17.70 0.62 3 103.5 
891.81 17.60 0.61 3 103.5 
892.11 17.75 0.63 3 101.6 
892.38 18.01 0.64 3 101.6 
892.69 17.96 0.64 3 101.6 
892.99 18.04 0.64 3 101.6 
893.28 18.10 0.65 3 100.7 
893.53 17.91 0.64 3 100.7 
894.22 17.76 0.63 3 101.9 
894.49 17.52 0.62 3 101.9 
894.85 17.56 0.62 3 101.9 
895.20 18.00 0.62 3 104.6 
895.41 17.63 0.61 3 104.6 
895.73 17.65 0.61 3 104.6 
896.00 17.79 0.61 3 104.6 
896.27 17.90 0.62 3 104.0 
896.56 17.74 0.61 3 104.0 
897.02 17.84 0.62 3 104.0 
897.35 17.94 0.61 3 105.3 
897.64 18.01 0.62 2 105.3 
897.92 18.36 0.63 2 105.3 
898.21 18.47 0.63 1 105.8 
898.42 18.47 0.63 1 105.8 
898.65 18.57 0.63 1 105.8 
898.98 18.53 0.63 1 105.8 
899.21 18.37 0.63 1 104.9 
899.45 18.37 0.63 1 104.9 
899.81 18.23 0.63 1 104.9 
900.10 18.40 0.64 1 102.8 
900.33 18.39 0.64 1 102.8 
900.60 18.50 0.65 1 102.8 
901.03 18.59 0.65 1 102.8 
901.30 18.66 0.66 1 101.7 
901.56 -1.00 -1.00 1 101.7 
901.82 -1.00 -1.00 1 101.7 
902.05 -1.00 -1.00 2 100.2 
902.33 -1.00 -1.00 2 100.2 
902.56 -1.00 -1.00 2 100.2 
902.95 -1.00 -1.00 2 100.2 
903.19 17.86 0.63 2 102.0 
903.51 18.67 0.66 2 102.0 
903.72 19.84 0.70 2 102.0 
904.02 21.20 0.74 2 103.6 
904.28 22.30 0.78 2 103.6 
904.58 23.45 0.81 2 103.6 
904.87 25.18 0.88 2 103.6 
905.16 26.59 0.93 2 103.1 
905.46 27.76 0.97 2 103.1 
905.87 28.75 1.00 3 103.1 
906.26 29.58 1.04 3 102.8 
906.56 30.86 1.08 2 102.8 
906.95 31.41 1.10 2 102.8 
907.19 32.86 1.13 2 104.6 
907.45 33.56 1.15 2 104.6 
907.76 34.22 1.18 2 104.6 
908.05 35.19 1.21 2 104.6 
908.28 34.84 1.20 2 104.6 
908.57 36.22 1.25 2 104.6 
908.89 36.28 1.25 2 104.6 
909.16 36.34 1.28 2 102.3 
909.41 36.38 1.28 2 102.3 
909.75 36.41 1.28 2 102.3 
910.05 -1.00 -1.00 2 102.3 
910.31 36.76 1.30 2 101.8 
910.63 36.73 1.30 2 101.8 
910.91 36.71 1.30 2 101.8 
911.24 36.69 1.32 2 100.0 
911.54 36.67 1.32 2 100.0 
911.84 36.65 1.32 2 100.0 
912.21 37.01 1.33 2 100.0 
912.52 36.93 1.33 2 100.0 
912.81 36.87 1.33 2 100.0 
913.11 -1.00 -1.00 1 95.3 
913.43 -1.00 -1.00 1 95.3 
913.62 -1.00 -1.00 1 95.3 
914.43 -1.00 -1.00 1 95.6 
914.80 -1.00 -1.00 1 95.6 
915.12 -1.00 -1.00 1 96.5 
915.38 -1.00 -1.00 1 96.5 
915.64 -1.00 -1.00 1 96.5 
915.93 -1.00 -1.00 1 96.5 
916.20 -1.00 -1.00 1 98.7 
916.41 -1.00 -1.00 1 98.7 
916.67 -1.00 -1.00 1 98.7 
917.01 -1.00 -1.00 1 98.7 
917.27 -1.00 -1.00 1 100.1 
917.55 -1.00 -1.00 1 100.1 
917.82 -1.00 -1.00 1 100.1 
918.12 -1.00 -1.00 1 98.6 
918.41 -1.00 -1.00 1 98.6 
918.63 -1.00 -1.00 1 98.6 
918.91 -1.00 -1.00 1 98.6 
919.25 -1.00 -1.00 1 97.1 
919.47 -1.00 -1.00 1 97.1 
919.69 -1.00 -1.00 1 97.1 
919.97 -1.00 -1.00 1 97.1 
920.22 -1.00 -1.00 1 96.6 
920.49 -1.00 -1.00 1 96.6 
920.73 -1.00 -1.00 1 96.6 
921.07 -1.00 -1.00 1 96.6 
921.29 -1.00 -1.00 1 95.6 
921.53 -1.00 -1.00 1 95.6 
921.91 -1.00 -1.00 1 95.6 
922.19 -1.00 -1.00 1 93.6 
922.54 -1.00 -1.00 1 93.6 
922.85 -1.00 -1.00 1 93.6 
923.09 -1.00 -1.00 1 93.0 
923.30 -1.00 -1.00 1 93.0 
923.53 -1.00 -1.00 1 93.0 
923.77 -1.00 -1.00 1 93.0 
924.08 -1.00 -1.00 1 93.0 
924.36 -1.00 -1.00 1 94.8 
924.61 -1.00 -1.00 1 94.8 
924.95 -1.00 -1.00 1 94.8 
925.20 -1.00 -1.00 1 96.3 
925.48 -1.00 -1.00 1 96.3 
925.72 -1.00 -1.00 1 96.3 
926.00 -1.00 -1.00 1 96.3 
926.25 -1.00 -1.00 1 95.3 
926.45 -1.00 -1.00 1 95.3 
926.71 -1.00 -1.00 1 95.3 
927.09 -1.00 -1.00 1 95.3 
927.36 -1.00 -1.00 1 94.5 
927.56 -1.00 -1.00 1 94.5 
927.81 -1.00 -1.00 1 94.5 
928.09 -1.00 -1.00 1 93.3 
928.27 -1.00 -1.00 1 93.3 
928.49 -1.00 -1.00 1 93.3 
928.83 -1.00 -1.00 1 93.3 
929.06 -1.00 -1.00 1 92.5 
929.26 -1.00 -1.00 1 92.5 
929.45 -1.00 -1.00 1 92.5 
929.72 -1.00 -1.00 1 92.5 
929.98 -1.00 -1.00 1 92.5 
930.27 -1.00 -1.00 1 92.2 
930.48 -1.00 -1.00 0 92.2 
930.69 -1.00 -1.00 0 92.2 
930.99 -1.00 -1.00 0 92.2 
931.22 -1.00 -1.00 1 91.1 
931.45 -1.00 -1.00 1 91.1 
931.68 -1.00 -1.00 1 91.1 
931.98 -1.00 -1.00 1 91.1 
932.20 -1.00 -1.00 1 91.0 
932.40 -1.00 -1.00 1 91.0 
932.62 -1.00 -1.00 1 91.0 
932.97 -1.00 -1.00 1 91.0 
933.22 -1.00 -1.00 1 89.7 
933.47 -1.00 -1.00 1 89.7 
933.71 -1.00 -1.00 1 89.7 
934.23 47.60 1.93 2 88.6 
934.48 47.57 1.93 2 88.6 
934.69 47.83 1.94 2 88.6 
934.98 48.93 1.99 2 88.6 
935.36 50.05 2.07 2 87.2 
935.60 50.19 2.07 2 87.2 
936.05 50.33 2.08 2 87.2 
936.33 -1.00 -1.00 2 85.7 
936.58 -1.00 -1.00 2 85.7 
936.88 -1.00 -1.00 2 85.7 
937.11 -1.00 -1.00 2 83.1 
937.34 -1.00 -1.00 2 83.1 
937.57 -1.00 -1.00 2 83.1 
937.87 -1.00 -1.00 2 83.1 
938.15 -1.00 -1.00 2 82.9 
938.38 -1.00 -1.00 2 82.9 
938.63 -1.00 -1.00 2 82.9 
939.00 -1.00 -1.00 2 82.9 
939.32 45.91 2.01 2 82.0 
939.64 45.22 1.98 2 82.0 
940.04 44.23 1.94 2 82.0 
940.37 44.19 1.92 2 82.7 
940.71 -1.00 -1.00 2 82.7 
941.05 -1.00 -1.00 2 82.7 
941.45 -1.00 -1.00 2 79.4 
941.82 -1.00 -1.00 2 79.4 
942.15 -1.00 -1.00 2 73.2 
942.41 -1.00 -1.00 2 73.2 
942.81 -1.00 -1.00 2 73.2 
943.17 -1.00 -1.00 2 65.8 
943.45 -1.00 -1.00 2 65.8 
943.68 -1.00 -1.00 2 65.8 
944.02 -1.00 -1.00 2 65.8 
944.34 -1.00 -1.00 2 58.0 
944.62 -1.00 -1.00 2 58.0 
945.04 -1.00 -1.00 2 58.0 
945.28 -1.00 -1.00 2 53.5 
945.58 -1.00 -1.00 2 53.5 
945.92 40.36 2.71 2 53.5 
946.16 5.09 0.34 2 53.5 
946.42 5.27 0.36 2 53.5 
946.66 -1.00 -1.00 2 53.5 
947.06 5.58 0.38 1 53.5 
