24.64 100.0 1 primary 3 1 40.518543 -3.409576 0.722 90.6 
25.52 100.0 1 primary 3 1 40.518730 -3.409775 0.609 92.2 
26.51 100.0 1 primary 3 1 40.518936 -3.409934 0.596 93.3 
27.56 100.0 1 primary 3 1 40.519135 -3.410124 0.645 94.7 
28.90 100.0 1 primary 3 1 40.519291 -3.410303 0.984 96.0 
29.95 100.0 1 primary 3 1 40.519482 -3.410488 1.039 91.4 
31.45 100.0 1 primary 3 1 40.519848 -3.410844 0.539 96.7 
32.48 100.0 1 primary 2 1 40.520039 -3.411056 0.570 96.8 
33.50 100.0 1 primary 2 1 40.520241 -3.411240 0.587 96.9 
34.65 100.0 1 primary 2 1 40.520435 -3.411420 0.736 97.1 
35.67 100.0 1 primary 2 1 40.520664 -3.411603 0.753 96.9 
36.60 100.0 1 primary 2 1 40.520874 -3.411810 0.681 96.8 
37.62 100.0 1 primary 2 1 40.521034 -3.411976 0.707 95.0 
38.51 100.0 1 primary 2 1 40.521191 -3.412152 0.600 94.5 
39.43 100.0 1 primary 2 1 40.521442 -3.412377 0.524 93.6 
40.76 100.0 1 primary 2 1 40.521629 -3.412551 0.857 92.0 
41.69 100.0 1 primary 2 1 40.521839 -3.412715 0.779 92.0 
42.81 100.0 1 primary 2 1 40.522038 -3.412879 0.902 90.4 
43.73 100.0 1 primary 2 1 40.522228 -3.413044 0.824 91.1 
44.82 100.0 1 primary 2 1 40.522430 -3.413204 0.911 89.7 
45.78 100.0 1 primary 2 1 40.522602 -3.413380 0.874 86.5 
46.54 100.0 1 primary 2 1 40.522770 -3.413551 0.631 86.5 
47.44 100.0 1 primary 2 1 40.522930 -3.413735 0.528 86.1 
48.45 100.0 1 primary 2 1 40.523090 -3.413924 0.548 85.7 
49.51 100.0 1 primary 2 1 40.523243 -3.414118 0.604 85.5 
50.49 90.0 3 tertiary_link 1 1 40.523396 -3.414317 0.584 85.4 
51.72 90.0 3 tertiary_link 1 1 40.523540 -3.414523 0.813 85.3 
53.10 90.0 3 tertiary_link 1 1 40.523682 -3.414730 1.190 85.7 
54.79 90.0 3 tertiary_link 1 1 40.523949 -3.415179 0.886 87.2 
55.78 90.0 3 tertiary_link 1 1 40.524075 -3.415417 0.869 88.2 
56.64 90.0 3 tertiary_link 1 1 40.524193 -3.415658 0.729 88.2 
57.56 90.0 3 tertiary_link 1 1 40.524307 -3.415904 0.652 89.1 
58.75 100.0 1 primary 2 1 40.524418 -3.416164 0.847 90.6 
59.72 100.0 1 primary 2 1 40.524521 -3.416429 0.810 90.7 
60.73 100.0 1 primary 2 1 40.524624 -3.416697 0.824 90.6 
61.70 100.0 1 primary 2 1 40.524715 -3.416971 0.791 90.6 
62.60 100.0 1 primary 2 1 40.524799 -3.417250 0.694 90.6 
64.21 100.0 1 primary 2 1 40.524872 -3.417533 1.303 89.9 
66.18 80.0 1 primary 1 1 40.525005 -3.418089 1.274 88.4 
69.04 80.0 1 primary 1 1 40.525124 -3.418640 2.133 85.1 
71.81 80.0 1 primary 1 1 40.525295 -3.419441 1.902 82.5 
73.12 80.0 1 primary 1 1 40.525429 -3.419961 1.217 81.3 
75.35 80.0 1 primary 1 1 40.525589 -3.420452 1.438 79.1 
77.45 100.0 3 primary_link 1 1 40.525764 -3.420921 1.542 78.1 
79.41 100.0 1 primary 2 1 40.525963 -3.421357 1.500 79.0 
81.45 90.0 1 primary 2 1 40.526192 -3.421792 1.539 82.7 
89.01 90.0 1 primary 2 1 40.526447 -3.422211 7.101 86.7 
92.47 90.0 1 primary 2 1 40.527744 -3.423625 2.567 88.3 
100.48 90.0 1 primary 2 1 40.528313 -3.424028 7.574 86.7 
101.50 90.0 1 primary 2 1 40.529881 -3.425097 0.595 87.2 
102.62 90.0 1 primary 2 1 40.530067 -3.425252 0.708 87.8 
103.78 90.0 1 primary 2 1 40.530247 -3.425407 0.871 88.5 
104.46 90.0 1 primary 2 1 40.530426 -3.425574 0.549 88.5 
105.38 90.0 1 primary 2 1 40.530594 -3.425743 0.472 87.2 
106.43 90.0 1 primary 2 1 40.530766 -3.425926 0.522 87.9 
107.43 90.0 1 primary 2 1 40.530933 -3.426117 0.520 88.9 
108.48 90.0 1 primary 2 1 40.531090 -3.426318 0.575 87.5 
109.58 90.0 1 primary 2 1 40.531258 -3.426514 0.669 87.6 
110.51 90.0 1 primary 2 1 40.531418 -3.426709 0.608 88.5 
111.52 90.0 1 primary 2 1 40.531574 -3.426920 0.616 87.9 
112.65 90.0 1 primary 2 1 40.531723 -3.427126 0.743 87.2 
114.19 90.0 1 primary 2 1 40.531876 -3.427341 1.278 85.7 
115.41 90.0 1 primary 2 1 40.532146 -3.427781 0.506 86.7 
116.87 90.0 1 primary 2 1 40.532276 -3.427996 0.963 85.8 
117.38 90.0 1 primary 2 1 40.532387 -3.428235 0.471 85.8 
118.37 90.0 1 primary 2 1 40.532516 -3.428466 0.459 85.5 
119.51 90.0 1 primary 2 1 40.532627 -3.428699 0.604 85.1 
120.53 90.0 1 primary 2 1 40.532734 -3.428945 0.628 84.5 
121.50 90.0 1 primary 2 1 40.532845 -3.429179 0.594 84.3 
122.39 90.0 1 primary 2 1 40.532951 -3.429420 0.485 83.8 
123.44 90.0 1 primary 2 1 40.533043 -3.429669 0.532 84.1 
124.43 90.0 1 primary 2 1 40.533127 -3.429923 0.520 84.5 
125.56 90.0 1 primary 2 1 40.533211 -3.430176 0.654 85.0 
126.74 90.0 1 primary 2 1 40.533291 -3.430431 0.833 81.9 
127.61 90.0 1 primary 2 1 40.533367 -3.430686 0.705 81.9 
128.64 90.0 1 primary 2 1 40.533432 -3.430933 0.732 82.2 
129.45 90.0 1 primary 2 1 40.533497 -3.431192 0.535 83.3 
130.50 90.0 1 primary 2 1 40.533554 -3.431463 0.590 84.6 
131.49 90.0 1 primary 2 1 40.533607 -3.431734 0.585 85.9 
132.62 90.0 1 primary 2 1 40.533649 -3.432014 0.710 86.8 
134.06 90.0 1 primary 2 1 40.533703 -3.432297 1.149 88.5 
135.61 90.0 1 primary 2 1 40.533768 -3.432881 0.705 88.2 
136.76 90.0 1 primary 2 1 40.533794 -3.433161 0.849 87.1 
137.65 90.0 1 primary 2 1 40.533813 -3.433443 0.741 85.4 
138.89 90.0 1 primary 2 1 40.533821 -3.433712 0.984 82.7 
139.58 90.0 1 primary 2 1 40.533821 -3.433995 0.672 82.7 
141.25 90.0 1 primary 2 1 40.533821 -3.434268 1.338 82.4 
142.87 90.0 1 primary 2 1 40.533833 -3.434807 0.961 80.4 
143.72 90.0 1 primary 2 1 40.533833 -3.435072 0.808 80.4 
144.75 90.0 1 primary 2 1 40.533833 -3.435331 0.846 81.1 
145.86 90.0 1 primary 2 1 40.533836 -3.435604 0.949 84.8 
147.68 90.0 1 primary 2 1 40.533833 -3.435880 1.772 86.8 
149.13 90.0 1 primary 2 1 40.533836 -3.436436 1.220 89.4 
151.17 90.0 1 primary 2 1 40.533844 -3.437018 1.261 91.5 
165.11 90.0 1 primary 2 1 40.533836 -3.437607 13.205 88.7 
166.62 90.0 1 primary 2 1 40.533817 -3.441711 0.715 87.7 
167.74 90.0 1 primary 2 1 40.533813 -3.442002 0.834 85.8 
168.56 90.0 1 primary 2 1 40.533813 -3.442288 0.653 85.8 
169.62 90.0 1 primary 2 1 40.533810 -3.442575 0.709 84.8 
170.51 90.0 1 primary 2 1 40.533810 -3.442844 0.600 85.2 
171.53 90.0 1 primary 2 1 40.533810 -3.443126 0.621 85.9 
172.57 90.0 1 primary 2 1 40.533806 -3.443407 0.661 85.1 
173.59 90.0 1 primary 2 1 40.533798 -3.443692 0.684 85.1 
174.40 90.0 1 primary 2 1 40.533791 -3.443976 0.495 85.0 
175.54 90.0 1 primary 2 1 40.533794 -3.444249 0.629 84.5 
176.44 90.0 1 primary 2 1 40.533798 -3.444530 0.536 84.6 
177.57 90.0 1 primary 2 1 40.533802 -3.444810 0.664 84.9 
178.59 90.0 1 primary 2 1 40.533810 -3.445073 0.686 85.4 
179.66 90.0 1 primary 2 1 40.533810 -3.445365 0.748 87.0 
180.54 90.0 1 primary 2 1 40.533817 -3.445646 0.636 88.0 
181.70 90.0 1 primary 2 1 40.533806 -3.445938 0.797 89.4 
182.59 90.0 1 primary 2 1 40.533806 -3.446234 0.672 89.8 
183.72 90.0 1 primary 2 1 40.533802 -3.446520 0.809 90.3 
184.80 90.0 1 primary 2 1 40.533802 -3.446813 0.889 91.8 
185.77 90.0 1 primary 2 1 40.533802 -3.447119 0.863 88.1 
186.69 90.0 1 primary 2 1 40.533798 -3.447407 0.781 88.1 
187.92 90.0 1 primary 2 1 40.533817 -3.447674 1.009 89.1 
190.00 90.0 1 primary 2 1 40.533817 -3.448276 1.098 90.5 
192.78 90.0 1 primary 2 1 40.533813 -3.448874 1.869 91.7 
193.83 90.0 1 primary 2 1 40.533802 -3.449456 0.919 92.4 
194.91 90.0 1 primary 2 1 40.533810 -3.449751 1.002 92.1 
196.62 90.0 1 primary 2 1 40.533806 -3.450361 0.709 91.8 
197.68 90.0 1 primary 2 1 40.533802 -3.450660 0.776 90.2 
198.67 90.0 1 primary 2 1 40.533802 -3.450964 0.759 90.1 
199.59 90.0 1 primary 2 1 40.533794 -3.451269 0.684 89.9 
200.64 90.0 1 primary 2 1 40.533794 -3.451563 0.728 90.5 
201.68 90.0 1 primary 2 1 40.533791 -3.451876 0.768 91.5 
202.67 90.0 1 primary 2 1 40.533791 -3.452169 0.764 92.4 
203.69 90.0 1 primary 2 1 40.533794 -3.452463 0.778 93.5 
204.81 90.0 1 primary 2 1 40.533791 -3.452774 0.906 94.2 
205.44 90.0 1 primary 2 1 40.533791 -3.453084 0.533 94.2 
206.51 90.0 1 primary 2 1 40.533783 -3.453394 0.605 93.6 
207.48 90.0 1 primary 2 1 40.533775 -3.453706 0.570 93.2 
208.40 90.0 1 primary 2 1 40.533775 -3.454015 0.487 92.7 
209.38 90.0 1 primary 2 1 40.533775 -3.454314 0.475 91.9 
210.54 90.0 1 primary 2 1 40.533768 -3.454614 0.635 92.6 
211.49 90.0 1 primary 2 1 40.533760 -3.454926 0.581 93.4 
212.54 90.0 1 primary 2 1 40.533760 -3.455228 0.630 92.6 
213.41 90.0 1 primary 2 1 40.533760 -3.455528 0.503 92.7 
214.58 90.0 1 primary 2 1 40.533756 -3.455828 0.670 91.1 
215.36 90.0 1 primary 2 1 40.533760 -3.456136 0.448 90.3 
216.52 90.0 1 primary 2 1 40.533764 -3.456431 0.606 89.9 
217.92 90.0 1 primary 2 1 40.533764 -3.456732 1.009 89.9 
219.85 90.0 1 primary 2 1 40.533764 -3.457303 0.941 90.1 
220.42 90.0 1 primary 2 1 40.533764 -3.457595 0.512 90.1 
221.96 90.0 1 primary 2 1 40.533772 -3.457892 1.053 89.7 
224.78 90.0 1 primary 2 1 40.533749 -3.458477 1.868 87.2 
225.93 90.0 1 primary 2 1 40.533752 -3.459049 1.023 85.2 
227.65 90.0 1 primary 2 1 40.533749 -3.459624 0.738 84.5 
228.77 90.0 1 primary 2 1 40.533749 -3.459898 0.866 83.4 
229.82 90.0 1 primary 2 1 40.533741 -3.460178 0.916 83.0 
230.99 90.0 1 primary 2 1 40.533733 -3.460449 1.081 83.2 
232.99 90.0 1 primary 2 1 40.533730 -3.461006 1.086 83.1 
235.33 90.0 1 primary 2 1 40.533726 -3.461551 1.419 82.0 
236.76 90.0 1 primary 2 1 40.533722 -3.462079 0.852 81.4 
237.81 90.0 1 primary 2 1 40.533722 -3.462346 0.904 82.6 
238.85 90.0 1 primary 2 1 40.533726 -3.462616 0.942 82.7 
240.02 90.0 1 primary 2 1 40.533722 -3.462878 1.114 82.7 
241.81 90.0 1 primary 2 1 40.533722 -3.463421 0.899 82.8 
242.50 90.0 1 primary 2 1 40.533730 -3.463687 0.597 82.8 
243.86 90.0 1 primary 2 1 40.533730 -3.463943 0.955 80.1 
244.96 90.0 1 primary 2 1 40.533733 -3.464206 1.056 79.9 
246.73 90.0 1 primary 2 1 40.533733 -3.464733 0.826 80.8 
247.63 90.0 1 primary 2 1 40.533737 -3.465005 0.722 81.2 
248.68 90.0 1 primary 2 1 40.533745 -3.465266 0.775 79.4 
249.70 90.0 1 primary 2 1 40.533764 -3.465523 0.789 79.7 
250.76 90.0 1 primary 2 1 40.533791 -3.465780 0.857 80.3 
251.53 90.0 1 primary 2 1 40.533821 -3.466038 0.619 81.3 
252.66 90.0 1 primary 2 1 40.533863 -3.466289 0.749 81.0 
253.67 90.0 1 primary 2 1 40.533909 -3.466548 0.761 81.4 
254.48 90.0 1 primary 2 1 40.533974 -3.466799 0.566 80.9 
256.84 90.0 1 primary 2 1 40.534042 -3.467046 1.936 78.6 
257.88 90.0 1 primary 2 1 40.534199 -3.467526 0.969 77.4 
258.58 90.0 1 primary 2 1 40.534294 -3.467754 0.671 77.4 
259.61 90.0 1 primary 2 1 40.534393 -3.467970 0.705 76.8 
261.21 90.0 1 primary 2 1 40.534496 -3.468182 1.304 76.5 
263.28 90.0 1 primary 2 1 40.534721 -3.468600 1.376 75.6 
264.94 100.0 3 primary_link 1 1 40.534962 -3.468977 1.038 74.3 
266.98 90.0 1 primary 2 1 40.535233 -3.469315 1.068 71.1 
268.91 90.0 1 primary 2 1 40.535511 -3.469611 1.004 75.8 
271.03 100.0 3 primary_link 1 1 40.535820 -3.469896 1.124 75.1 
272.82 100.0 3 primary_link 1 1 40.536156 -3.470143 0.907 74.7 
273.63 100.0 3 primary_link 1 1 40.536324 -3.470247 0.721 74.7 
274.75 100.0 3 primary_link 1 1 40.536495 -3.470345 0.847 73.8 
275.50 100.0 3 primary_link 1 1 40.536667 -3.470434 0.587 73.8 
276.91 100.0 3 primary_link 1 1 40.536846 -3.470514 0.999 76.6 
277.52 100.0 3 primary_link 1 1 40.537014 -3.470583 0.602 76.6 
278.74 100.0 3 primary_link 1 1 40.537205 -3.470659 0.836 76.4 
279.48 100.0 3 primary_link 1 1 40.537388 -3.470726 0.570 76.4 
280.77 90.0 1 primary 2 1 40.537575 -3.470788 0.859 71.5 
281.51 90.0 1 primary 2 1 40.537754 -3.470846 0.601 71.5 
282.74 90.0 1 primary 2 1 40.537926 -3.470904 0.829 71.8 
283.76 90.0 1 primary 2 1 40.538105 -3.470967 0.855 72.3 
284.58 90.0 1 primary 2 1 40.538280 -3.471029 0.673 72.3 
285.61 90.0 1 primary 2 1 40.538460 -3.471088 0.707 72.1 
286.97 90.0 1 primary 2 1 40.538635 -3.471146 1.061 71.8 
288.48 90.0 1 primary 2 1 40.538979 -3.471263 0.575 70.6 
289.99 90.0 1 primary 2 1 40.539146 -3.471315 1.083 73.0 
291.44 90.0 1 primary 2 1 40.539505 -3.471434 0.532 71.6 
292.76 90.0 1 primary 2 1 40.539684 -3.471498 0.855 73.0 
293.86 90.0 1 primary 2 1 40.539860 -3.471555 0.958 73.8 
294.62 90.0 1 primary 2 1 40.540047 -3.471611 0.713 73.8 
295.58 90.0 1 primary 2 1 40.540230 -3.471671 0.677 74.3 
296.59 90.0 1 primary 2 1 40.540413 -3.471731 0.680 75.4 
297.49 30.0 1 primary_link 1 1 40.540592 -3.471790 0.587 74.3 
298.63 30.0 1 primary_link 1 1 40.540775 -3.471853 0.721 74.7 
299.74 30.0 1 primary_link 1 1 40.540955 -3.471908 0.831 74.6 
300.45 30.0 1 primary_link 1 1 40.541134 -3.471970 0.543 74.6 
301.44 30.0 1 primary_link 1 1 40.541317 -3.472030 0.537 73.3 
302.81 30.0 1 primary_link 1 1 40.541496 -3.472087 0.901 75.2 
303.50 30.0 1 primary_link 1 1 40.541679 -3.472148 0.593 75.2 
304.55 30.0 1 primary_link 1 1 40.541862 -3.472214 0.641 74.9 
305.60 30.0 1 primary_link 1 1 40.542038 -3.472275 0.697 74.2 
306.61 30.0 1 primary_link 1 1 40.542210 -3.472330 0.701 72.5 
307.62 30.0 1 primary_link 1 1 40.542385 -3.472394 0.710 73.2 
308.44 30.0 1 primary_link 1 1 40.542564 -3.472456 0.532 73.5 
310.19 30.0 1 primary_link 1 1 40.542744 -3.472519 1.281 73.6 
312.33 30.0 1 primary_link 1 1 40.543095 -3.472639 1.425 72.4 
314.75 30.0 1 primary_link 1 1 40.543434 -3.472756 1.840 72.6 
316.89 90.0 1 primary 2 1 40.543789 -3.472869 1.979 70.9 
318.41 90.0 1 primary 2 1 40.544132 -3.472977 1.493 69.6 
320.35 90.0 1 primary 2 1 40.544476 -3.473092 1.445 70.8 
323.28 90.0 1 primary 2 1 40.544823 -3.473206 2.377 68.4 
325.95 90.0 1 primary 2 1 40.545315 -3.473364 2.041 69.5 
327.93 90.0 1 primary 2 2 40.545815 -3.473544 1.025 75.5 
329.95 90.0 1 primary 2 2 40.546173 -3.473700 1.040 83.0 
333.48 90.0 1 primary 2 1 40.546577 -3.473844 2.570 93.4 
336.30 90.0 1 primary 2 1 40.547245 -3.474100 2.388 89.4 
338.15 90.0 1 primary 2 1 40.547890 -3.474387 1.244 86.7 
339.66 90.0 1 primary 2 1 40.548294 -3.474597 0.750 86.0 
340.83 90.0 1 primary 2 1 40.548485 -3.474713 0.921 84.7 
341.89 90.0 1 primary 2 1 40.548683 -3.474826 0.980 85.9 
342.64 90.0 1 primary 2 1 40.548878 -3.474952 0.735 85.9 
343.50 90.0 1 primary 2 1 40.549068 -3.475084 0.589 86.4 
344.48 90.0 1 primary 2 1 40.549263 -3.475219 0.577 86.3 
345.51 90.0 1 primary 2 1 40.549450 -3.475360 0.601 86.8 
346.59 90.0 1 primary 2 1 40.549648 -3.475508 0.671 87.5 
347.46 90.0 1 primary 2 1 40.549835 -3.475651 0.549 87.2 
348.40 90.0 1 primary 2 1 40.550022 -3.475798 0.490 86.3 
349.43 90.0 1 primary 2 1 40.550198 -3.475947 0.520 86.1 
350.56 90.0 1 primary 2 1 40.550377 -3.476101 0.657 85.5 
351.46 90.0 1 primary 2 1 40.550552 -3.476257 0.557 85.3 
353.30 90.0 1 primary 2 1 40.550728 -3.476417 1.395 86.2 
356.26 90.0 1 primary 2 1 40.551067 -3.476752 2.347 86.4 
357.49 90.0 1 primary 2 1 40.551575 -3.477276 0.582 86.4 
358.53 90.0 1 primary 2 1 40.551727 -3.477470 0.620 86.3 
359.59 90.0 1 primary 2 1 40.551903 -3.477658 0.682 87.7 
360.57 90.0 1 primary 2 1 40.552059 -3.477857 0.658 87.6 
361.48 90.0 1 primary 2 1 40.552223 -3.478067 0.574 86.9 
363.12 90.0 1 primary 2 1 40.552380 -3.478268 1.208 86.1 
385.76 90.0 1 primary 2 1 40.552673 -3.478680 21.850 88.8 
387.21 90.0 1 primary 2 1 40.555157 -3.484044 1.303 90.3 
389.02 90.0 1 primary 2 1 40.555298 -3.484606 1.112 88.0 
391.62 90.0 1 primary 2 1 40.555435 -3.485148 1.714 88.8 
392.75 90.0 1 primary 2 1 40.555550 -3.485702 0.838 89.1 
394.16 90.0 1 primary 2 1 40.555607 -3.485983 1.249 89.1 
395.62 90.0 1 primary 2 1 40.555691 -3.486553 0.713 88.3 
396.96 90.0 1 primary 2 1 40.555729 -3.486841 1.054 89.5 
402.07 90.0 1 primary 2 1 40.555805 -3.487414 4.160 90.8 
447.30 90.0 1 primary 2 1 40.555904 -3.488885 44.394 90.8 
449.31 90.0 1 primary 3 2 40.555283 -3.501617 1.407 89.7 
450.88 90.0 1 primary 3 2 40.555546 -3.502096 0.973 88.7 
451.84 90.0 1 primary 3 2 40.555672 -3.502339 0.930 88.3 
452.71 90.0 1 primary 3 2 40.555786 -3.502585 0.798 88.3 
453.53 90.0 1 primary 3 2 40.555897 -3.502836 0.624 88.6 
454.41 90.0 1 primary 3 2 40.556000 -3.503097 0.504 88.8 
455.59 90.0 1 primary 3 2 40.556107 -3.503346 0.681 89.0 
457.03 90.0 1 primary 3 2 40.556198 -3.503604 1.126 90.0 
458.78 90.0 1 primary 3 2 40.556362 -3.504144 0.870 89.1 
459.81 90.0 1 primary 3 2 40.556442 -3.504420 0.895 88.7 
460.66 90.0 1 primary 3 2 40.556511 -3.504705 0.754 88.7 
462.03 90.0 1 primary 3 2 40.556576 -3.504987 1.120 89.2 
463.89 90.0 1 primary 3 2 40.556667 -3.505555 0.979 89.8 
464.60 90.0 1 primary 3 2 40.556709 -3.505846 0.696 89.8 
465.63 90.0 1 primary 3 2 40.556744 -3.506141 0.713 89.9 
466.76 90.0 1 primary 3 2 40.556767 -3.506437 0.854 89.8 
468.18 90.0 1 primary 3 2 40.556786 -3.506731 1.269 89.9 
469.59 90.0 1 primary 3 2 40.556797 -3.507337 0.682 89.8 
471.08 90.0 1 primary 3 2 40.556789 -3.507632 1.170 90.1 
474.79 90.0 1 primary 3 2 40.556763 -3.508228 2.883 90.7 
475.90 90.0 1 primary 3 2 40.556747 -3.509096 0.993 90.7 
476.79 90.0 1 primary 3 2 40.556747 -3.509401 0.876 91.9 
478.50 90.0 1 primary 3 2 40.556767 -3.509698 1.587 92.2 
479.78 90.0 1 primary 3 2 40.556816 -3.510305 0.872 91.5 
480.80 90.0 1 primary 3 2 40.556858 -3.510598 0.888 91.5 
481.84 90.0 1 primary 3 2 40.556908 -3.510892 0.920 91.5 
482.93 90.0 1 primary 3 2 40.556976 -3.511189 1.024 91.8 
484.78 90.0 1 primary 3 2 40.557121 -3.511748 0.871 90.6 
486.23 90.0 1 primary 3 2 40.557213 -3.512024 1.322 91.5 
487.93 90.0 1 primary 3 2 40.557415 -3.512572 1.023 90.7 
490.44 90.0 1 primary 3 2 40.557644 -3.513088 1.532 90.2 
492.28 90.0 1 primary 3 2 40.557896 -3.513582 1.372 90.8 
494.52 90.0 1 primary 3 2 40.558174 -3.514046 1.608 90.1 
498.63 90.0 1 primary 3 2 40.558475 -3.514492 3.712 88.8 
500.58 100.0 3 primary_link 1 2 40.559147 -3.515238 1.675 86.5 
501.83 100.0 3 primary_link 1 2 40.559505 -3.515562 0.927 86.9 
503.61 90.0 1 primary 3 2 40.559696 -3.515711 1.707 86.6 
507.51 90.0 1 primary 3 2 40.560089 -3.515973 3.594 88.4 
509.09 100.0 3 primary_link 1 2 40.560913 -3.516396 1.179 89.7 
510.80 100.0 3 primary_link 1 2 40.561344 -3.516546 0.893 90.8 
512.12 100.0 3 primary_link 1 2 40.561569 -3.516604 1.213 92.7 
514.27 100.0 3 primary_link 1 2 40.562031 -3.516694 1.364 93.0 
534.23 100.0 3 primary_link 1 2 40.562504 -3.516763 19.325 87.9 
535.80 90.0 1 primary 3 2 40.566864 -3.518267 0.893 87.5 
537.10 90.0 1 primary 3 2 40.567055 -3.518389 1.187 86.5 
539.31 90.0 1 primary 2 2 40.567432 -3.518660 1.394 83.8 
540.89 90.0 1 primary 2 2 40.567802 -3.518922 0.970 83.4 
542.23 90.0 1 primary 2 2 40.567982 -3.519074 1.318 82.8 
545.58 90.0 1 primary 2 2 40.568321 -3.519375 2.668 82.1 
547.75 90.0 1 primary 2 2 40.568829 -3.519839 1.845 82.5 
550.24 90.0 1 primary 2 2 40.569145 -3.520194 2.333 82.4 
552.11 90.0 1 primary 2 2 40.569607 -3.520736 1.204 82.6 
554.36 90.0 1 primary 2 2 40.569908 -3.521121 1.454 84.1 
556.79 90.0 1 primary 2 2 40.570194 -3.521526 1.885 87.6 
557.99 90.0 1 primary 2 2 40.570484 -3.521964 1.084 87.5 
560.15 90.0 1 primary 2 2 40.570766 -3.522416 1.240 87.2 
562.21 90.0 1 primary 2 2 40.571026 -3.522871 1.300 88.2 
564.65 90.0 1 primary 2 2 40.571270 -3.523338 1.740 86.7 
566.45 90.0 1 primary 2 2 40.571499 -3.523817 1.518 86.5 
567.62 90.0 1 primary 2 2 40.571739 -3.524295 0.706 86.8 
568.75 90.0 1 primary 2 2 40.571842 -3.524550 0.838 87.8 
570.43 90.0 1 primary 2 2 40.571945 -3.524807 1.520 88.0 
572.34 90.0 1 primary 2 2 40.572136 -3.525333 1.431 88.5 
574.42 90.0 1 primary 2 2 40.572311 -3.525875 1.512 88.8 
576.01 90.0 1 primary 2 2 40.572472 -3.526411 1.104 89.5 
577.96 90.0 1 primary 2 2 40.572636 -3.526947 1.050 89.1 
581.45 90.0 1 primary 2 2 40.572788 -3.527498 2.542 89.6 
582.79 90.0 1 primary 2 2 40.573036 -3.528321 0.886 89.8 
583.54 90.0 1 primary 2 2 40.573124 -3.528589 0.632 89.8 
584.80 90.0 1 primary 2 2 40.573219 -3.528854 0.889 90.0 
585.57 90.0 1 primary 2 2 40.573315 -3.529120 0.658 90.0 
586.89 90.0 1 primary 2 2 40.573410 -3.529387 0.980 90.8 
587.62 90.0 1 primary 2 2 40.573505 -3.529655 0.710 90.8 
588.96 90.0 1 primary 2 2 40.573605 -3.529916 1.054 91.1 
591.63 90.0 1 primary 2 2 40.573818 -3.530441 1.722 90.1 
593.22 90.0 1 primary 2 2 40.574028 -3.530954 1.317 89.5 
594.89 90.0 1 primary 2 2 40.574249 -3.531468 0.987 89.4 
595.81 90.0 1 primary 2 2 40.574368 -3.531725 0.903 89.5 
596.78 90.0 1 primary 2 2 40.574482 -3.531977 0.868 89.2 
597.76 90.0 1 primary 2 2 40.574604 -3.532231 0.849 88.2 
598.55 90.0 1 primary 2 2 40.574730 -3.532475 0.637 88.2 
599.77 90.0 1 primary 2 2 40.574852 -3.532719 0.858 87.3 
600.67 90.0 1 primary 2 2 40.574970 -3.532959 0.761 87.3 
602.33 90.0 1 primary 2 2 40.575092 -3.533199 1.426 86.4 
604.28 90.0 1 primary 2 2 40.575321 -3.533675 1.369 86.1 
606.13 90.0 1 primary 2 2 40.575554 -3.534141 1.221 86.1 
608.04 90.0 1 primary 2 2 40.575775 -3.534627 1.129 87.2 
610.14 90.0 1 primary 2 2 40.575993 -3.535142 1.231 88.5 
611.55 90.0 1 primary 2 2 40.576191 -3.535662 0.643 88.8 
612.68 90.0 1 primary 2 2 40.576286 -3.535920 0.773 86.8 
613.71 90.0 1 primary 2 2 40.576370 -3.536172 0.800 89.7 
614.92 90.0 1 primary 2 2 40.576469 -3.536442 1.017 89.9 
616.78 90.0 1 primary 2 2 40.576664 -3.536978 0.868 89.7 
617.80 90.0 1 primary 2 2 40.576752 -3.537250 0.890 89.9 
618.68 90.0 1 primary 2 2 40.576843 -3.537528 0.775 89.9 
619.54 90.0 1 primary 2 2 40.576931 -3.537789 0.626 89.8 
620.81 90.0 1 primary 2 2 40.577026 -3.538060 0.901 89.8 
621.68 90.0 1 primary 2 2 40.577126 -3.538331 0.778 89.8 
622.73 90.0 1 primary 2 2 40.577217 -3.538593 0.822 89.7 
623.77 90.0 1 primary 2 2 40.577312 -3.538856 0.866 89.9 
624.43 90.0 1 primary 2 2 40.577419 -3.539128 0.525 89.9 
625.52 90.0 1 primary 2 2 40.577518 -3.539394 0.610 89.9 
626.60 90.0 1 primary 2 2 40.577625 -3.539659 0.692 89.6 
627.73 90.0 1 primary 2 2 40.577724 -3.539917 0.822 89.6 
628.43 90.0 1 primary 2 2 40.577824 -3.540179 0.524 89.5 
629.78 90.0 1 primary 2 2 40.577930 -3.540432 0.874 90.0 
630.54 90.0 1 primary 2 2 40.578041 -3.540690 0.632 90.0 
631.83 90.0 1 primary 2 2 40.578152 -3.540941 0.918 90.1 
632.85 90.0 1 primary 2 2 40.578262 -3.541198 0.947 89.6 
633.67 90.0 1 primary 2 2 40.578369 -3.541450 0.758 89.6 
634.59 90.0 1 primary 2 2 40.578491 -3.541709 0.681 90.1 
635.52 90.0 1 primary 2 2 40.578613 -3.541964 0.610 90.7 
636.50 90.0 1 primary 2 2 40.578739 -3.542212 0.591 90.6 
637.47 90.0 1 primary 2 2 40.578869 -3.542452 0.560 90.4 
638.99 90.0 1 primary 2 2 40.579006 -3.542691 1.081 89.9 
640.74 90.0 1 primary 2 2 40.579273 -3.543172 0.831 89.7 
641.86 90.0 1 primary 2 2 40.579411 -3.543404 0.950 88.9 
642.82 90.0 1 primary 2 2 40.579548 -3.543640 0.913 88.8 
643.83 90.0 1 primary 2 2 40.579689 -3.543876 0.919 88.7 
644.72 90.0 1 primary 2 2 40.579830 -3.544107 0.817 88.7 
645.92 90.0 1 primary 2 2 40.579975 -3.544329 1.017 88.8 
647.85 90.0 1 primary 2 2 40.580269 -3.544768 0.933 88.5 
648.59 90.0 1 primary 2 2 40.580418 -3.544983 0.683 88.5 
649.89 90.0 1 primary 2 2 40.580570 -3.545197 0.985 88.1 
650.83 90.0 1 primary 2 2 40.580719 -3.545404 0.927 88.3 
651.59 90.0 1 primary 2 2 40.580868 -3.545609 0.686 88.3 
652.63 90.0 1 primary 2 2 40.581020 -3.545817 0.725 87.5 
653.54 90.0 1 primary 2 2 40.581177 -3.546020 0.628 87.5 
654.45 90.0 1 primary 2 2 40.581341 -3.546222 0.544 89.7 
655.62 90.0 1 primary 2 2 40.581486 -3.546427 0.709 87.7 
656.64 90.0 1 primary 2 2 40.581642 -3.546627 0.736 87.4 
657.53 90.0 1 primary 2 2 40.581802 -3.546831 0.626 87.3 
658.45 90.0 1 primary 2 2 40.581955 -3.547031 0.539 87.0 
659.67 90.0 1 primary 2 2 40.582108 -3.547234 0.767 86.6 
660.70 90.0 1 primary 2 2 40.582253 -3.547443 0.788 86.3 
661.52 90.0 1 primary 2 2 40.582397 -3.547650 0.604 85.9 
662.65 90.0 1 primary 2 2 40.582539 -3.547850 0.738 85.7 
663.81 90.0 1 primary 2 2 40.582676 -3.548065 0.906 86.0 
664.49 90.0 1 primary 2 2 40.582809 -3.548283 0.585 86.0 
665.60 90.0 1 primary 2 2 40.582935 -3.548512 0.692 86.7 
667.77 90.0 1 primary 2 2 40.583069 -3.548738 1.863 87.2 
669.17 90.0 1 primary 2 2 40.583305 -3.549223 1.258 87.3 
672.64 90.0 1 primary 2 2 40.583519 -3.549721 2.733 87.2 
674.34 90.0 1 primary 2 2 40.583794 -3.550505 1.426 87.2 
675.81 90.0 1 primary 2 2 40.583969 -3.551033 0.907 88.5 
676.67 90.0 1 primary 2 2 40.584045 -3.551303 0.765 88.5 
677.81 90.0 1 primary 2 2 40.584106 -3.551576 0.907 87.0 
678.72 90.0 1 primary 2 2 40.584167 -3.551847 0.816 87.0 
679.76 90.0 1 primary 2 2 40.584221 -3.552126 0.850 85.6 
681.08 90.0 1 primary 2 2 40.584274 -3.552396 1.169 83.2 
682.82 90.0 1 primary 2 2 40.584354 -3.552932 0.911 77.9 
683.85 90.0 1 primary 1 2 40.584381 -3.553188 0.943 74.8 
684.68 90.0 1 primary 1 2 40.584412 -3.553436 0.775 74.8 
685.85 90.0 1 primary 1 2 40.584442 -3.553686 0.941 72.3 
686.99 90.0 1 primary 1 2 40.584469 -3.553922 1.085 71.5 
688.80 90.0 1 primary 1 2 40.584534 -3.554404 0.891 68.7 
690.12 90.0 1 primary 1 2 40.584557 -3.554628 1.208 67.2 
691.74 90.0 1 primary 1 2 40.584629 -3.555064 0.825 66.5 
692.99 90.0 1 primary 1 2 40.584652 -3.555266 1.084 61.2 
695.01 90.0 1 primary 1 2 40.584694 -3.555684 1.098 61.7 
697.06 70.0 1 primary 1 2 40.584743 -3.556080 1.149 59.1 
699.53 70.0 1 primary 1 2 40.584789 -3.556464 1.613 58.8 
700.86 70.0 1 primary 1 2 40.584835 -3.556841 0.949 58.0 
701.91 70.0 1 primary 1 2 40.584862 -3.557027 1.001 57.8 
704.24 70.0 1 primary 1 2 40.584896 -3.557393 1.328 55.7 
