21.94 0.0 40.519276 -3.413055 618.0 10 165 -1 -1 -9 -9 0 
22.94 0.0 40.519276 -3.413055 618.0 10 165 -1 -1 -9 -9 0 
23.92 87.7 40.518543 -3.409576 624.2 8 10 324.5 35.508 0 0 0 
24.95 90.6 40.518730 -3.409775 621.5 4 5 324.1 0.352 0 0 0 
25.93 92.2 40.518936 -3.409934 622.5 4 5 323.8 0.703 0 0 0 
26.93 93.3 40.519135 -3.410124 623.0 3 5 323.1 1.055 0 0 0 
27.94 94.7 40.519291 -3.410303 623.4 3 5 323.1 0.703 0 0 0 
28.96 96.0 40.519482 -3.410487 623.3 3 5 323.8 0.703 0 0 0 
29.96 91.4 40.519669 -3.410653 624.1 3 5 323.8 0.703 0 0 0 
31.00 97.1 40.519848 -3.410844 625.1 3 5 324.1 0.352 0 0 0 
31.92 96.7 40.520039 -3.411056 624.8 3 5 323.8 0.352 0 0 0 
32.94 96.8 40.520241 -3.411239 624.2 3 5 323.8 0.352 0 0 0 
33.93 96.9 40.520435 -3.411420 624.7 3 5 324.1 0.352 0 0 0 
34.92 97.1 40.520664 -3.411603 624.9 3 5 324.5 0.703 0 0 0 
35.97 96.9 40.520874 -3.411810 626.7 3 5 324.5 0.352 0 0 0 
36.92 96.8 40.521034 -3.411976 632.4 3 5 324.5 0 0 0 0 
37.92 95.0 40.521191 -3.412152 632.8 3 5 324.5 0 0 0 0 
38.95 93.6 40.521442 -3.412376 624.7 3 5 324.8 0.352 1 0 0 
39.91 92.8 40.521629 -3.412551 625.4 3 5 325.2 0.352 2 1 0 
40.94 92.0 40.521839 -3.412715 627.2 3 5 325.9 1.055 0 1 0 
41.94 91.0 40.522038 -3.412878 628.7 3 5 326.6 1.406 0 1 0 
42.93 90.4 40.522228 -3.413044 630.9 3 5 325.9 0.703 1 1 0 
43.91 91.1 40.522430 -3.413203 633.5 3 5 327.3 1.406 2 1 0 
44.93 89.7 40.522602 -3.413379 633.8 3 5 323.8 3.516 0 1 0 
45.92 86.5 40.522770 -3.413551 631.5 3 5 322.4 4.922 0 1 0 
46.91 86.1 40.522930 -3.413735 632.7 3 5 320.3 3.516 0 1 0 
47.97 85.7 40.523090 -3.413924 633.7 3 5 318.2 4.219 0 1 0 
48.94 85.5 40.523243 -3.414117 635.4 3 5 316.4 3.867 1 1 0 
49.91 85.4 40.523396 -3.414317 636.0 3 5 314.3 3.867 1 1 0 
50.95 85.2 40.523540 -3.414523 637.1 3 5 312.9 3.516 1 2 0 
51.94 85.3 40.523682 -3.414730 637.8 3 5 311.1 3.164 1 2 0 
52.91 85.7 40.523819 -3.414949 638.2 3 5 309.4 3.516 1 2 0 
53.98 86.3 40.523949 -3.415178 638.8 3 5 307.3 3.867 0 2 0 
54.92 87.2 40.524075 -3.415417 639.6 3 5 305.2 4.219 0 2 0 
55.98 88.2 40.524193 -3.415658 638.9 3 5 303.4 3.867 0 2 0 
56.92 89.1 40.524307 -3.415904 640.2 3 5 301.3 3.867 0 2 0 
57.91 89.9 40.524418 -3.416164 640.4 3 5 299.2 4.219 0 2 0 
58.91 90.6 40.524521 -3.416429 639.7 3 5 297.4 3.867 0 2 0 
59.92 90.7 40.524624 -3.416697 640.0 3 5 295.7 3.516 0 2 0 
60.92 90.6 40.524715 -3.416970 639.2 3 5 292.9 4.570 0 2 0 
61.92 90.6 40.524799 -3.417249 638.8 3 5 290.7 4.922 0 2 0 
62.92 90.4 40.524872 -3.417533 638.2 3 5 289.3 3.516 0 2 0 
63.92 89.9 40.524940 -3.417811 637.6 3 5 287.9 2.812 0 2 0 
64.92 89.2 40.525005 -3.418089 637.3 3 5 286.9 2.461 0 2 0 
65.93 88.4 40.525066 -3.418365 637.1 3 5 285.8 2.109 0 2 0 
66.92 87.8 40.525124 -3.418640 636.8 3 5 285.5 1.406 0 2 0 
67.96 86.0 40.525177 -3.418905 636.2 3 5 285.5 0.352 0 1 0 
68.91 85.1 40.525230 -3.419171 635.5 3 5 286.5 1.055 0 1 0 
69.94 84.1 40.525295 -3.419441 635.2 3 5 287.6 2.109 1 1 0 
70.92 83.3 40.525360 -3.419700 635.3 3 5 288.6 2.109 2 2 0 
71.95 82.5 40.525429 -3.419960 635.1 3 5 290.4 2.812 2 2 0 
72.91 81.3 40.525501 -3.420217 633.5 3 5 291.4 2.812 2 2 0 
73.93 80.4 40.525589 -3.420452 632.6 3 5 293.2 2.812 2 2 0 
74.92 79.1 40.525673 -3.420694 631.0 3 5 294.3 2.812 2 2 0 
75.93 78.2 40.525764 -3.420920 629.5 3 5 296.7 3.516 2 2 0 
76.91 78.1 40.525856 -3.421143 630.6 3 5 298.5 4.219 2 2 0 
77.92 78.5 40.525963 -3.421357 630.2 3 5 300.2 3.516 0 3 0 
78.91 79.0 40.526066 -3.421577 629.5 3 5 303.8 5.273 0 2 0 
79.93 81.0 40.526192 -3.421792 629.0 3 5 306.9 6.680 0 2 0 
80.95 82.7 40.526314 -3.422007 629.5 3 5 308.7 4.922 0 2 0 
81.91 83.6 40.526447 -3.422211 628.7 3 5 311.1 4.219 0 2 0 
82.93 84.3 40.526588 -3.422411 628.8 3 5 313.9 5.273 1 2 0 
83.91 84.8 40.526733 -3.422605 628.6 3 5 315.7 4.570 1 3 0 
84.93 85.0 40.526894 -3.422786 628.4 3 5 317.8 3.867 0 3 0 
85.92 84.5 40.527046 -3.422978 627.3 3 5 320.3 4.570 0 3 0 
86.91 84.5 40.527210 -3.423150 626.2 3 5 322.7 4.922 0 3 0 
87.93 85.8 40.527386 -3.423313 625.4 4 5 325.2 4.922 0 3 0 
88.97 86.7 40.527565 -3.423473 624.9 4 5 327.3 4.570 0 3 0 
89.92 87.6 40.527744 -3.423625 624.8 3 5 329.4 4.219 0 3 0 
90.93 88.1 40.527935 -3.423760 624.6 3 5 331.5 4.219 1 3 0 
91.94 88.3 40.528130 -3.423892 624.0 3 5 332.6 3.164 1 3 0 
92.94 88.4 40.528313 -3.424028 623.0 3 5 333.3 1.758 1 3 0 
93.93 88.5 40.528519 -3.424150 622.7 3 5 333.6 1.055 1 3 0 
94.91 88.6 40.528717 -3.424284 622.7 3 5 333.6 0.352 0 4 0 
96.00 88.3 40.528915 -3.424413 622.9 3 5 333.3 0.352 0 4 0 
96.97 88.3 40.529106 -3.424542 622.6 3 5 332.9 0.703 0 4 0 
98.01 87.9 40.529312 -3.424672 622.7 3 5 332.2 1.055 1 4 0 
98.94 87.3 40.529507 -3.424811 622.7 3 5 331.5 1.406 0 4 0 
99.91 86.7 40.529690 -3.424949 622.7 3 5 330.5 1.758 0 3 0 
100.91 87.2 40.529881 -3.425097 621.4 3 5 329.1 2.461 0 3 0 
101.91 87.8 40.530067 -3.425252 619.2 3 5 328.0 2.461 0 3 0 
102.97 87.8 40.530247 -3.425406 619.6 3 5 326.2 2.812 0 3 0 
103.91 88.5 40.530426 -3.425574 619.7 3 5 324.5 3.516 0 3 0 
104.91 87.2 40.530594 -3.425742 619.9 3 5 322.7 3.516 0 3 0 
105.91 87.9 40.530766 -3.425926 618.8 3 5 321.3 3.164 0 3 0 
106.91 88.9 40.530933 -3.426117 618.4 3 5 319.2 3.516 0 3 0 
107.95 87.5 40.531090 -3.426318 617.6 3 5 318.2 3.164 0 3 0 
108.92 87.6 40.531258 -3.426514 616.3 3 5 316.8 2.461 0 3 0 
109.92 88.5 40.531418 -3.426709 616.1 3 5 316.1 2.109 0 3 0 
110.91 87.9 40.531574 -3.426919 615.0 3 5 313.9 2.812 0 3 0 
111.94 87.2 40.531723 -3.427126 615.5 3 5 312.5 3.516 0 3 0 
112.96 86.7 40.531876 -3.427341 615.4 3 5 311.5 2.461 0 2 0 
113.92 85.7 40.532009 -3.427555 615.9 3 5 309.4 3.164 0 2 0 
114.98 86.7 40.532146 -3.427781 616.6 3 5 308.0 3.516 0 2 0 
115.96 83.0 40.532276 -3.427996 617.2 3 5 307.3 2.109 0 2 0 
116.96 85.8 40.532387 -3.428235 618.3 3 5 304.8 3.164 0 2 0 
117.92 85.5 40.532516 -3.428466 619.2 3 5 303.0 4.219 0 2 0 
118.92 85.1 40.532627 -3.428699 621.2 3 5 301.3 3.516 0 2 0 
119.92 84.5 40.532734 -3.428945 622.4 3 5 299.9 3.164 0 2 0 
120.94 84.3 40.532845 -3.429179 623.4 3 5 298.5 2.812 0 2 0 
121.92 83.8 40.532951 -3.429420 624.5 3 5 296.7 3.164 0 2 0 
122.92 84.1 40.533043 -3.429668 625.4 3 5 295.3 3.164 1 2 0 
123.92 84.5 40.533127 -3.429922 626.2 3 5 293.9 2.812 1 3 0 
124.92 85.0 40.533211 -3.430176 627.4 3 5 293.9 1.406 1 3 0 
125.92 84.3 40.533291 -3.430431 629.3 3 5 291.8 2.109 0 3 0 
126.93 81.9 40.533367 -3.430686 630.0 3 5 290.0 3.867 0 3 0 
127.92 82.2 40.533432 -3.430933 630.4 3 5 288.6 3.164 0 3 0 
128.92 83.3 40.533497 -3.431192 631.6 3 5 286.9 3.164 0 3 0 
129.93 84.6 40.533554 -3.431463 632.7 3 5 285.5 3.164 0 3 0 
130.93 85.9 40.533607 -3.431734 633.7 3 5 283.7 3.164 0 3 0 
131.96 86.8 40.533649 -3.432014 635.5 3 5 281.6 3.867 1 2 0 
132.93 87.6 40.533703 -3.432296 637.2 3 5 280.5 3.164 1 3 0 
133.96 88.5 40.533737 -3.432582 638.1 3 5 279.5 2.109 0 3 0 
134.93 88.2 40.533768 -3.432880 639.5 3 5 278.4 2.109 0 2 0 
135.93 87.1 40.533794 -3.433161 640.6 3 5 276.3 3.164 0 2 0 
136.91 85.4 40.533813 -3.433443 641.9 3 5 274.2 4.219 1 2 0 
137.93 83.2 40.533821 -3.433712 642.8 3 5 273.5 2.812 1 2 0 
138.93 82.7 40.533821 -3.433995 643.8 3 5 273.2 1.055 1 2 0 
139.93 81.9 40.533821 -3.434268 644.7 3 5 272.1 1.406 1 2 0 
140.91 82.4 40.533825 -3.434541 645.5 3 5 271.1 2.109 0 2 0 
141.93 81.5 40.533833 -3.434806 646.7 3 5 270.4 1.758 0 3 0 
142.93 80.4 40.533833 -3.435072 647.5 3 5 270.0 1.055 0 2 0 
143.91 81.1 40.533833 -3.435331 648.5 3 5 270.4 0.352 0 2 0 
144.95 82.9 40.533836 -3.435603 649.7 3 5 270.4 0.352 0 2 0 
145.92 84.8 40.533833 -3.435880 651.0 3 5 270.4 0 0 2 0 
146.98 86.8 40.533833 -3.436160 652.7 3 5 270.0 0.352 0 2 0 
147.95 88.8 40.533836 -3.436436 654.4 3 5 269.6 0.703 1 2 0 
148.99 89.4 40.533844 -3.436726 655.3 3 5 270.0 0.352 1 2 0 
149.94 90.2 40.533844 -3.437018 657.3 3 5 270.0 0.352 1 3 0 
150.93 91.5 40.533840 -3.437318 659.9 3 5 269.6 0.352 1 3 0 
151.97 91.8 40.533836 -3.437607 660.7 3 5 269.3 0.703 1 3 0 
152.99 92.2 40.533829 -3.437914 661.5 3 5 269.6 0.352 1 3 0 
153.94 92.0 40.533825 -3.438223 663.5 3 5 269.6 0.352 1 3 0 
154.94 89.9 40.533829 -3.438518 664.1 3 5 269.3 0.352 0 3 0 
155.94 88.4 40.533825 -3.438812 663.8 3 5 269.3 0.352 0 3 0 
156.94 88.2 40.533821 -3.439109 664.1 3 5 269.6 0.352 0 3 0 
157.91 89.0 40.533833 -3.439389 665.8 3 5 269.6 0.352 0 2 0 
158.91 90.1 40.533844 -3.439678 666.4 3 5 270.0 0.352 0 2 0 
159.91 91.8 40.533844 -3.439972 668.0 3 5 269.6 0.352 1 3 0 
160.91 91.3 40.533840 -3.440270 667.6 3 5 269.6 0.352 1 3 0 
161.93 90.5 40.533840 -3.440571 667.7 3 5 269.6 0 1 3 0 
162.91 89.4 40.533836 -3.440860 668.0 3 5 269.6 0 1 3 0 
163.91 88.9 40.533829 -3.441156 667.8 3 5 270.4 0.703 0 3 0 
164.91 88.7 40.533825 -3.441437 667.7 3 5 269.6 0.703 0 3 0 
165.91 87.7 40.533817 -3.441711 668.5 4 5 269.6 0.703 0 3 0 
166.93 86.9 40.533813 -3.442002 667.9 4 5 269.6 0 0 3 0 
167.91 85.8 40.533813 -3.442287 667.7 3 5 269.6 0 0 3 0 
168.92 84.8 40.533810 -3.442574 667.6 4 5 269.3 0.352 0 3 0 
169.91 85.2 40.533810 -3.442844 666.7 4 5 269.3 0.352 0 3 0 
170.92 85.9 40.533810 -3.443126 666.7 3 5 269.3 0 0 3 0 
171.92 85.1 40.533806 -3.443407 667.9 3 5 269.6 0.352 0 3 0 
172.94 85.1 40.533798 -3.443692 666.4 3 5 269.3 0.352 0 3 0 
173.92 85.0 40.533791 -3.443976 667.2 4 5 270.0 0.703 0 3 0 
174.92 84.5 40.533794 -3.444249 666.5 4 5 270.7 1.406 0 3 0 
175.92 84.6 40.533798 -3.444530 665.8 4 5 269.6 1.055 0 3 0 
176.92 84.9 40.533802 -3.444810 664.2 3 5 269.3 1.406 0 3 0 
177.92 85.4 40.533810 -3.445073 662.9 4 5 269.6 0.352 0 3 0 
178.91 87.0 40.533810 -3.445365 663.7 4 5 270.4 1.055 0 3 0 
179.94 88.0 40.533817 -3.445646 662.7 4 5 270.0 0.352 0 3 0 
180.92 89.4 40.533806 -3.445938 662.9 4 5 269.6 0.703 0 3 0 
181.92 89.8 40.533806 -3.446234 662.9 3 5 269.6 0.352 0 3 0 
182.94 90.3 40.533802 -3.446520 663.1 3 5 270.0 0.352 0 3 0 
183.92 89.9 40.533802 -3.446812 664.1 3 5 270.0 0.352 1 3 0 
184.95 91.8 40.533802 -3.447119 664.3 4 5 270.7 0.703 1 3 0 
185.93 88.1 40.533798 -3.447406 664.5 4 5 269.6 1.055 0 3 0 
186.94 89.3 40.533817 -3.447674 663.8 4 5 269.3 1.406 0 3 0 
187.96 89.1 40.533810 -3.447983 659.5 4 5 269.6 0.352 0 3 0 
188.92 90.2 40.533817 -3.448276 657.4 4 5 269.3 0.352 0 3 0 
189.95 90.5 40.533813 -3.448577 657.2 4 5 269.6 0.352 0 3 0 
190.92 90.6 40.533813 -3.448874 658.3 4 5 269.6 0.352 0 3 0 
191.91 91.9 40.533817 -3.449167 658.3 4 5 270.0 0.352 0 3 0 
192.92 91.7 40.533802 -3.449455 657.8 4 5 269.6 0.352 0 3 0 
193.93 92.4 40.533810 -3.449751 658.0 4 5 269.6 0.352 0 2 0 
194.93 92.1 40.533806 -3.450061 657.7 4 5 269.6 0 0 2 0 
195.93 91.8 40.533806 -3.450361 657.9 4 5 269.6 0 0 2 0 
196.95 90.2 40.533802 -3.450660 656.9 4 5 270.0 0.352 0 2 0 
197.93 90.1 40.533802 -3.450964 656.5 4 5 269.6 0.352 0 2 0 
198.93 89.9 40.533794 -3.451269 656.5 4 5 269.6 0.352 0 2 0 
200.00 90.5 40.533794 -3.451563 656.1 4 5 269.6 0 1 2 0 
200.97 91.5 40.533791 -3.451876 655.9 4 5 269.3 0.352 1 2 0 
201.95 92.4 40.533791 -3.452168 655.9 4 5 268.9 0.703 2 2 0 
202.93 93.5 40.533794 -3.452462 656.6 4 5 269.3 0.352 2 2 0 
203.98 93.7 40.533791 -3.452773 655.5 4 5 270.0 1.055 2 2 0 
204.93 94.2 40.533791 -3.453083 654.4 4 5 270.0 0.703 1 2 0 
205.93 93.6 40.533783 -3.453393 655.6 4 5 269.3 0.703 1 3 0 
206.95 93.2 40.533775 -3.453705 655.4 3 5 269.6 0.352 1 3 0 
207.93 92.7 40.533775 -3.454014 655.6 4 5 269.6 0.352 1 3 0 
208.91 91.9 40.533775 -3.454313 655.4 4 5 269.6 0 1 3 0 
209.92 92.6 40.533768 -3.454614 653.5 4 5 269.6 0 1 3 0 
210.94 93.4 40.533760 -3.454926 652.9 4 5 269.3 0.352 1 3 0 
211.95 92.6 40.533760 -3.455227 652.2 4 5 269.3 0.352 2 3 0 
212.96 92.7 40.533760 -3.455528 651.1 4 5 270.0 0.703 1 3 0 
213.91 91.1 40.533756 -3.455827 649.5 4 5 270.7 1.406 0 3 0 
214.92 90.3 40.533760 -3.456136 649.7 4 5 270.4 0.352 0 3 0 
216.01 89.9 40.533764 -3.456431 648.5 3 5 270.0 0.703 0 3 0 
216.91 89.0 40.533764 -3.456731 648.4 4 5 270.0 0.352 0 3 0 
217.94 89.9 40.533764 -3.457023 649.0 4 5 269.3 0.703 0 3 0 
218.95 90.6 40.533764 -3.457302 648.9 4 5 269.6 0.352 0 3 0 
219.91 90.1 40.533764 -3.457595 649.9 4 5 268.9 0.703 0 3 0 
220.95 89.5 40.533772 -3.457891 649.3 4 5 269.3 0.352 1 2 0 
221.94 89.7 40.533756 -3.458174 649.7 4 5 270.0 1.055 1 2 0 
222.92 88.1 40.533749 -3.458477 648.4 4 5 270.4 1.055 0 2 0 
223.93 86.8 40.533749 -3.458767 648.8 4 5 270.0 0.352 0 2 0 
225.00 87.2 40.533752 -3.459049 647.8 4 5 269.6 0.703 0 2 0 
225.91 85.2 40.533752 -3.459337 646.7 4 5 269.6 0.352 0 2 0 
226.97 84.5 40.533749 -3.459624 646.4 4 5 269.6 0 0 2 0 
227.95 83.6 40.533749 -3.459898 646.6 4 5 269.6 0 0 2 0 
228.96 83.4 40.533741 -3.460177 647.2 4 5 267.9 1.758 0 2 0 
229.95 83.0 40.533733 -3.460449 647.6 3 5 268.9 1.055 1 2 0 
230.91 83.2 40.533733 -3.460728 648.3 3 5 270.4 2.461 0 2 0 
231.92 84.3 40.533730 -3.461006 649.9 3 5 270.0 1.055 0 2 0 
232.91 83.1 40.533733 -3.461278 649.5 3 5 270.0 0.352 0 2 0 
233.92 82.4 40.533726 -3.461551 649.5 3 5 269.6 0.352 0 2 0 
234.94 82.0 40.533726 -3.461821 650.7 3 5 268.9 1.055 0 2 0 
235.92 80.6 40.533722 -3.462078 650.7 3 5 268.9 0.703 0 2 0 
236.92 81.4 40.533722 -3.462345 650.5 3 5 269.3 0.352 0 2 0 
237.92 82.6 40.533726 -3.462615 650.6 3 5 269.6 0.703 0 2 0 
239.01 82.7 40.533722 -3.462878 650.5 3 5 269.3 0.352 1 2 0 
239.92 82.7 40.533726 -3.463144 651.5 3 5 268.6 1.055 2 2 0 
240.98 82.9 40.533722 -3.463420 652.2 3 5 269.3 0.703 2 3 0 
242.03 82.8 40.533730 -3.463686 653.0 3 5 269.6 1.055 2 3 0 
242.93 81.0 40.533730 -3.463943 655.5 3 5 269.6 0.352 1 3 0 
243.92 80.1 40.533733 -3.464206 655.3 3 5 270.4 0.703 1 3 0 
244.92 79.9 40.533733 -3.464466 656.9 3 5 270.4 0.703 0 3 0 
246.00 80.8 40.533733 -3.464733 657.4 3 5 270.4 0 0 3 0 
246.92 81.2 40.533737 -3.465005 657.6 3 5 271.1 0.703 0 3 0 
248.00 79.4 40.533745 -3.465266 657.6 3 5 273.5 3.164 0 3 0 
248.95 79.7 40.533764 -3.465523 655.4 3 5 275.6 4.570 0 3 0 
249.93 80.3 40.533791 -3.465780 655.7 3 5 277.7 4.219 0 3 0 
250.97 81.3 40.533821 -3.466037 655.4 3 5 280.2 4.570 0 3 0 
251.93 81.0 40.533863 -3.466289 655.9 3 5 282.7 4.922 0 3 0 
252.94 81.4 40.533909 -3.466547 657.2 3 5 285.5 5.273 0 3 0 
253.93 80.9 40.533974 -3.466799 658.3 3 5 288.6 5.977 0 3 0 
254.93 80.6 40.534042 -3.467046 658.4 3 5 291.4 5.977 0 3 0 
255.93 80.9 40.534122 -3.467286 659.0 3 5 293.2 4.570 1 3 0 
256.99 78.6 40.534199 -3.467526 659.0 3 5 295.7 4.219 1 4 0 
257.95 77.4 40.534294 -3.467754 660.2 3 5 298.1 4.922 1 4 0 
258.94 76.8 40.534393 -3.467970 661.5 3 5 301.3 5.625 0 4 0 
259.92 76.9 40.534496 -3.468182 661.5 3 5 302.7 4.570 0 4 0 
260.92 76.5 40.534603 -3.468399 660.4 3 5 305.9 4.570 0 4 0 
261.93 75.3 40.534721 -3.468600 660.8 3 5 307.6 4.922 0 3 0 
262.93 75.6 40.534840 -3.468789 661.2 3 5 310.4 4.570 0 3 0 
263.93 74.7 40.534962 -3.468977 661.3 3 5 313.6 5.977 0 3 0 
264.97 74.3 40.535091 -3.469151 662.1 3 5 315.7 5.273 0 3 0 
265.95 73.6 40.535233 -3.469315 662.8 3 5 318.5 4.922 0 3 0 
266.91 71.1 40.535370 -3.469468 663.2 3 5 321.0 5.273 0 3 0 
267.94 74.7 40.535511 -3.469611 663.0 3 5 323.8 5.273 2 3 0 
268.94 75.8 40.535664 -3.469751 663.9 3 5 325.5 4.570 2 3 0 
269.92 76.2 40.535820 -3.469895 665.0 3 5 327.0 3.164 2 3 0 
270.94 75.1 40.535980 -3.470031 664.8 3 5 328.4 2.812 2 3 0 
271.97 74.8 40.536156 -3.470143 665.7 3 5 332.2 5.273 1 2 0 
272.91 74.7 40.536324 -3.470247 666.1 3 5 334.7 6.328 1 2 0 
273.95 74.3 40.536495 -3.470345 666.5 3 5 336.4 4.219 0 2 0 
274.97 73.8 40.536667 -3.470434 665.5 3 5 339.3 4.570 0 2 0 
275.92 75.7 40.536846 -3.470514 665.9 3 5 341.4 4.922 0 2 0 
276.92 76.6 40.537014 -3.470583 666.2 3 5 343.5 4.219 0 2 0 
277.93 76.7 40.537205 -3.470659 666.2 3 5 345.2 3.867 0 2 0 
278.94 76.4 40.537388 -3.470726 666.9 3 5 345.6 2.109 0 2 0 
279.94 74.6 40.537575 -3.470788 666.8 3 5 345.2 0.352 0 2 0 
280.91 71.5 40.537754 -3.470846 667.3 3 5 345.6 0.352 0 2 0 
281.91 71.8 40.537926 -3.470904 668.2 3 5 345.2 0.352 0 2 0 
282.91 72.7 40.538105 -3.470967 668.7 3 5 345.2 0.352 0 2 0 
283.92 72.3 40.538280 -3.471029 669.3 3 5 345.6 0.352 0 2 0 
284.91 72.1 40.538460 -3.471088 670.2 3 5 345.9 0.703 0 2 0 
285.93 72.1 40.538635 -3.471146 670.5 3 5 345.9 0.352 0 2 0 
286.91 71.8 40.538807 -3.471208 670.7 3 5 345.2 0.703 1 2 0 
287.91 70.6 40.538979 -3.471263 670.8 3 5 347.3 2.109 1 2 0 
288.92 73.0 40.539146 -3.471315 671.4 3 5 345.9 1.406 0 3 0 
289.92 73.0 40.539326 -3.471373 672.2 3 5 345.9 1.406 0 3 0 
290.93 71.6 40.539505 -3.471434 672.4 3 5 345.9 0 0 3 0 
291.92 72.9 40.539684 -3.471498 671.5 3 5 345.9 0 0 3 0 
293.01 73.0 40.539860 -3.471555 671.2 3 5 345.6 0.352 1 3 0 
293.92 73.8 40.540047 -3.471611 671.8 3 5 345.9 0.352 1 3 0 
294.93 74.3 40.540230 -3.471671 672.0 3 5 345.9 0.352 1 3 0 
295.92 75.4 40.540413 -3.471731 672.8 3 5 345.9 0 1 3 0 
296.92 74.3 40.540592 -3.471790 672.7 3 5 345.6 0.352 1 3 0 
297.97 74.7 40.540775 -3.471853 672.8 3 5 345.9 0.352 0 3 0 
298.92 75.1 40.540955 -3.471908 673.6 3 5 345.9 0.352 0 3 0 
299.96 74.6 40.541134 -3.471970 673.6 3 5 346.3 0.352 0 3 0 
300.92 73.3 40.541317 -3.472030 674.2 3 5 345.6 0.703 0 3 0 
301.92 74.7 40.541496 -3.472087 674.5 3 5 345.6 0.703 0 3 0 
302.93 75.2 40.541679 -3.472148 675.2 3 5 345.9 0.352 0 3 0 
303.94 74.9 40.541862 -3.472214 676.0 3 5 345.9 0.352 0 2 0 
304.93 74.2 40.542038 -3.472275 677.1 3 5 345.9 0 0 2 0 
305.98 72.5 40.542210 -3.472330 677.8 3 5 345.9 0 0 2 0 
306.93 73.2 40.542385 -3.472394 678.2 3 5 345.6 0.352 0 2 0 
307.92 73.5 40.542564 -3.472456 679.0 3 5 345.6 0.352 0 2 0 
308.93 73.3 40.542744 -3.472519 679.0 3 5 345.6 0 1 2 0 
309.93 73.6 40.542923 -3.472582 680.2 3 5 345.9 0.352 1 2 0 
310.98 72.6 40.543095 -3.472639 680.2 3 5 346.3 0.703 0 3 0 
311.93 72.4 40.543266 -3.472692 681.0 3 5 346.6 0.703 0 3 0 
312.93 72.0 40.543434 -3.472756 681.0 3 5 345.9 0.703 0 3 0 
313.93 72.1 40.543613 -3.472815 681.7 3 5 345.6 1.055 0 3 0 
314.93 72.6 40.543789 -3.472869 682.8 3 5 346.3 0.703 0 3 0 
315.94 72.4 40.543953 -3.472924 682.6 3 5 345.9 0.352 0 2 0 
316.93 70.9 40.544132 -3.472977 683.3 3 5 345.6 0.703 0 2 0 
318.02 69.6 40.544300 -3.473037 683.3 3 5 346.3 0.703 0 2 0 
318.94 70.0 40.544476 -3.473092 684.5 3 5 345.9 0.352 0 2 0 
319.98 70.8 40.544651 -3.473146 684.5 3 5 346.3 0.352 0 2 0 
320.93 69.3 40.544823 -3.473206 685.8 3 5 345.6 0.703 0 2 0 
321.92 67.9 40.544983 -3.473261 686.6 3 5 345.6 0.703 0 2 0 
322.93 68.4 40.545158 -3.473312 686.6 3 5 345.9 0.352 0 2 0 
323.93 68.1 40.545315 -3.473364 688.1 3 5 345.9 0.352 0 2 0 
324.97 68.5 40.545483 -3.473409 688.1 3 5 345.6 0.352 0 2 0 
325.94 69.5 40.545647 -3.473471 689.0 3 5 344.5 1.406 2 2 0 
326.94 72.5 40.545815 -3.473544 689.4 3 5 342.1 3.516 0 2 0 
327.91 75.5 40.545990 -3.473625 689.4 3 5 343.1 1.406 0 2 0 
328.91 79.5 40.546173 -3.473700 692.0 3 5 344.5 2.461 1 2 0 
329.91 83.0 40.546371 -3.473771 695.3 4 5 344.9 1.758 2 2 0 
330.91 87.0 40.546577 -3.473844 697.6 4 5 344.2 0.703 0 2 0 
331.94 89.7 40.546795 -3.473925 699.6 4 5 343.5 1.406 0 2 0 
332.98 93.4 40.547016 -3.474011 702.2 4 5 343.8 0.352 0 2 0 
333.92 94.8 40.547245 -3.474100 697.2 4 5 343.5 0.352 0 1 0 
334.91 93.0 40.547466 -3.474190 700.2 4 5 342.4 1.406 1 1 0 
335.92 89.4 40.547684 -3.474283 700.4 4 5 340.0 3.516 0 2 0 
336.91 88.5 40.547890 -3.474387 701.0 4 5 339.3 3.164 0 2 0 
337.97 86.7 40.548092 -3.474489 701.2 4 5 337.9 2.109 0 2 0 
338.93 86.0 40.548294 -3.474596 701.9 3 5 336.8 2.461 0 2 0 
339.91 84.7 40.548485 -3.474712 703.0 3 5 336.4 1.406 0 2 0 
340.93 84.7 40.548683 -3.474826 704.2 3 5 334.7 2.109 0 2 0 
341.92 85.9 40.548878 -3.474952 706.5 3 5 333.3 3.164 0 2 0 
342.97 86.4 40.549068 -3.475083 707.1 3 5 332.6 2.109 0 2 0 
343.92 86.3 40.549263 -3.475219 707.4 3 5 331.9 1.406 0 2 0 
344.95 86.8 40.549450 -3.475360 708.5 3 5 331.2 1.406 0 2 0 
345.99 87.5 40.549648 -3.475508 709.4 3 5 330.1 1.758 0 2 0 
346.97 87.2 40.549835 -3.475651 708.7 3 5 329.1 2.109 0 1 0 
347.95 86.3 40.550022 -3.475797 709.8 3 5 328.7 1.406 0 1 0 
348.94 86.1 40.550198 -3.475947 710.8 3 5 327.3 1.758 0 1 0 
349.97 85.5 40.550377 -3.476101 710.9 3 5 325.9 2.812 0 1 0 
350.92 85.3 40.550552 -3.476257 711.5 3 5 325.2 2.109 0 1 0 
352.01 85.8 40.550728 -3.476417 712.0 3 5 324.1 1.758 0 1 0 
352.92 86.2 40.550907 -3.476581 712.4 3 5 323.8 1.406 0 1 0 
353.93 86.0 40.551067 -3.476752 713.5 3 5 322.4 1.758 0 1 0 
354.92 85.7 40.551239 -3.476920 715.6 3 5 321.3 2.461 0 1 0 
355.92 86.4 40.551403 -3.477099 716.6 3 5 320.3 2.109 0 1 0 
356.94 86.4 40.551575 -3.477275 717.3 3 5 319.2 2.109 0 0 0 
357.91 86.3 40.551727 -3.477470 717.0 3 5 317.8 2.461 0 0 0 
358.93 87.7 40.551903 -3.477658 717.3 3 5 317.5 1.758 0 0 0 
359.94 87.6 40.552059 -3.477857 719.5 3 5 317.1 0.703 0 0 0 
360.93 86.9 40.552223 -3.478067 722.2 3 5 315.4 2.109 0 0 0 
361.93 86.6 40.552380 -3.478267 722.5 3 5 314.3 2.812 0 0 0 
362.93 86.1 40.552528 -3.478472 722.4 3 5 313.2 2.109 0 0 0 
363.93 85.8 40.552673 -3.478680 724.0 3 5 312.2 2.109 0 0 0 
364.91 85.8 40.552814 -3.478890 724.7 3 5 311.5 1.758 0 0 0 
365.92 86.4 40.552956 -3.479102 725.1 3 5 311.1 1.055 0 0 0 
366.93 85.5 40.553089 -3.479316 725.9 4 5 310.4 1.055 0 0 0 
367.91 86.1 40.553223 -3.479536 727.7 4 5 308.7 2.461 1 1 0 
368.95 86.2 40.553360 -3.479759 728.1 4 5 307.6 2.812 1 1 0 
369.94 86.5 40.553482 -3.479993 728.2 4 5 306.9 1.758 1 1 0 
370.92 86.5 40.553608 -3.480226 728.5 4 5 306.2 1.406 1 1 0 
371.93 86.3 40.553730 -3.480460 729.8 4 5 304.8 2.109 2 1 0 
372.99 85.8 40.553844 -3.480698 729.0 4 5 303.8 2.461 2 1 0 
373.92 86.0 40.553963 -3.480932 729.1 4 5 302.3 2.461 2 1 0 
374.93 86.5 40.554081 -3.481172 728.7 3 5 301.3 2.461 1 1 0 
375.94 87.2 40.554195 -3.481406 729.7 3 5 300.2 2.109 0 2 0 
376.94 87.2 40.554306 -3.481653 727.9 4 5 300.2 1.055 0 2 0 
377.93 87.8 40.554417 -3.481907 729.9 3 5 298.5 1.758 0 2 0 
378.91 88.7 40.554523 -3.482164 729.7 3 5 297.8 2.461 0 1 0 
379.91 89.1 40.554626 -3.482430 729.3 3 5 297.1 1.406 0 1 0 
381.00 89.6 40.554718 -3.482698 729.2 3 5 295.3 2.461 0 1 0 
381.94 89.9 40.554813 -3.482962 730.4 3 5 295.0 2.109 0 1 0 
382.98 90.3 40.554913 -3.483233 730.5 3 5 294.6 0.703 0 1 0 
383.92 89.3 40.555008 -3.483505 732.0 3 5 293.2 1.758 2 2 0 
384.91 88.8 40.555084 -3.483773 731.9 3 5 291.8 2.812 2 2 0 
385.97 88.8 40.555157 -3.484044 734.6 3 5 290.0 3.164 1 2 0 
386.91 90.3 40.555229 -3.484326 734.1 3 5 287.9 3.867 0 2 0 
387.97 89.0 40.555298 -3.484606 735.0 3 5 288.3 1.758 0 2 0 
388.91 88.0 40.555367 -3.484885 736.5 3 5 287.2 1.055 0 2 0 
389.92 88.8 40.555435 -3.485148 738.1 3 5 287.2 1.055 0 1 0 
390.95 88.8 40.555489 -3.485425 735.5 3 5 285.5 1.758 0 1 0 
391.92 88.6 40.555550 -3.485702 735.4 3 5 284.4 2.812 0 1 0 
392.94 89.1 40.555607 -3.485983 735.6 3 5 283.7 1.758 0 1 0 
393.91 89.1 40.555653 -3.486263 735.7 3 5 283.0 1.406 0 1 0 
394.94 88.3 40.555691 -3.486553 738.1 3 5 280.5 3.164 0 1 0 
395.91 89.0 40.555729 -3.486841 738.0 3 5 280.5 2.461 0 1 0 
396.92 89.5 40.555771 -3.487131 736.8 3 5 279.5 1.055 0 1 0 
397.92 89.9 40.555805 -3.487414 736.6 3 5 278.4 2.109 0 1 0 
398.92 89.9 40.555832 -3.487705 736.2 3 5 277.4 2.109 0 1 0 
399.92 89.3 40.555862 -3.487993 735.5 3 5 276.3 2.109 0 1 0 
400.92 89.5 40.555882 -3.488288 735.2 3 5 274.9 2.461 0 1 0 
401.92 90.8 40.555897 -3.488590 733.9 3 5 273.5 2.812 0 1 0 
402.93 90.1 40.555904 -3.488885 734.1 3 5 271.8 3.164 0 1 0 
403.92 90.7 40.555908 -3.489183 734.6 3 5 270.0 3.516 0 1 0 
404.95 89.4 40.555901 -3.489478 734.8 3 5 267.5 4.219 0 1 0 
405.92 90.1 40.555897 -3.489759 735.5 3 5 266.5 3.516 0 1 0 
406.91 89.5 40.555874 -3.490052 736.1 3 5 264.0 3.516 0 1 0 
407.93 88.4 40.555843 -3.490341 736.5 3 5 262.3 4.219 0 1 0 
408.96 87.9 40.555809 -3.490620 736.4 3 5 260.5 3.516 0 1 0 
409.93 88.2 40.555763 -3.490911 735.1 3 5 258.4 3.867 0 1 0 
410.92 88.0 40.555710 -3.491192 738.1 3 5 255.6 4.922 0 1 0 
411.92 88.6 40.555653 -3.491471 737.6 3 5 253.8 4.570 0 1 0 
412.94 89.0 40.555595 -3.491748 737.1 3 5 252.1 3.516 0 1 0 
413.91 89.5 40.555527 -3.492022 736.4 3 5 250.3 3.516 0 1 0 
414.94 87.0 40.555447 -3.492292 736.4 3 5 248.2 3.867 0 1 0 
415.95 89.7 40.555355 -3.492563 737.4 3 5 245.0 5.273 1 1 0 
416.91 89.5 40.555256 -3.492829 737.8 3 5 244.0 4.219 1 2 0 
417.93 89.4 40.555157 -3.493097 737.9 3 5 243.6 1.406 0 2 0 
418.92 90.1 40.555058 -3.493353 738.0 3 5 243.6 0.352 0 2 0 
419.93 89.2 40.554962 -3.493613 738.0 3 5 243.3 0.352 0 2 0 
420.93 89.2 40.554863 -3.493877 738.7 3 5 244.0 0.703 0 2 0 
421.93 89.3 40.554764 -3.494123 739.1 3 5 244.3 1.055 0 2 0 
422.94 89.8 40.554665 -3.494396 739.2 3 5 246.1 2.109 0 2 0 
423.93 90.3 40.554588 -3.494666 739.0 3 5 248.6 4.219 0 2 0 
424.93 90.0 40.554523 -3.494941 740.4 3 5 250.7 4.570 0 2 0 
425.93 90.8 40.554459 -3.495218 740.8 3 5 253.5 4.922 0 2 0 
426.92 92.0 40.554405 -3.495506 741.6 3 5 256.3 5.625 0 2 0 
427.96 92.3 40.554356 -3.495802 741.6 3 5 258.8 5.273 1 2 0 
428.93 93.1 40.554317 -3.496105 742.9 3 5 261.6 5.273 1 2 0 
429.99 93.3 40.554283 -3.496417 743.1 3 5 263.0 4.219 1 2 0 
430.98 92.0 40.554260 -3.496734 742.2 3 5 266.1 4.570 1 2 0 
431.94 93.3 40.554249 -3.497047 742.2 3 5 268.2 5.273 0 2 0 
432.93 93.3 40.554245 -3.497351 742.0 3 5 270.7 4.570 0 1 0 
433.97 92.9 40.554253 -3.497659 742.3 3 5 273.5 5.273 0 1 0 
434.91 92.9 40.554268 -3.497959 742.3 3 5 276.0 5.273 0 1 0 
435.93 93.0 40.554298 -3.498267 742.8 3 5 279.1 5.625 0 1 0 
436.92 93.6 40.554340 -3.498569 743.9 3 5 280.9 4.922 0 1 0 
437.94 94.1 40.554386 -3.498871 743.4 3 5 283.0 3.867 0 1 0 
438.91 92.7 40.554440 -3.499166 743.7 3 5 286.2 5.273 0 1 0 
439.98 93.4 40.554512 -3.499450 744.3 3 5 286.2 3.164 0 1 0 
440.94 92.5 40.554569 -3.499752 742.6 3 5 286.2 0 0 1 0 
441.93 93.1 40.554634 -3.500049 741.4 3 5 286.2 0 0 1 0 
442.98 92.0 40.554707 -3.500336 741.5 3 5 288.3 2.109 1 1 0 
443.97 91.2 40.554794 -3.500613 740.3 3 5 294.3 8.086 1 1 0 
444.91 90.5 40.554897 -3.500878 739.8 3 5 299.2 10.898 1 1 0 
445.94 90.6 40.555019 -3.501127 739.0 3 5 303.0 8.789 1 1 0 
446.96 90.8 40.555149 -3.501375 739.5 3 5 304.5 5.273 1 1 0 
447.97 90.6 40.555283 -3.501617 739.0 3 5 305.2 2.109 0 1 0 
448.91 89.7 40.555416 -3.501858 737.0 3 5 305.5 1.055 0 1 0 
449.93 89.0 40.555546 -3.502095 735.1 3 5 304.5 1.055 0 1 0 
451.04 88.7 40.555672 -3.502338 733.9 3 5 302.3 3.164 0 1 0 
451.91 88.3 40.555786 -3.502584 732.6 3 5 302.0 2.461 0 1 0 
452.96 88.6 40.555897 -3.502836 731.0 3 5 299.9 2.461 0 1 0 
453.97 88.8 40.556000 -3.503097 730.2 3 5 298.5 3.516 0 1 0 
454.98 89.0 40.556107 -3.503345 728.6 3 5 296.4 3.516 0 1 0 
455.94 89.1 40.556198 -3.503604 728.2 3 5 293.9 4.570 0 1 0 
456.92 90.0 40.556282 -3.503872 727.3 3 5 292.5 3.867 1 1 0 
457.97 89.1 40.556362 -3.504144 725.1 3 5 291.1 2.812 0 1 0 
458.94 89.1 40.556442 -3.504419 723.4 3 5 289.3 3.164 0 1 0 
459.93 88.7 40.556511 -3.504704 722.1 3 5 287.2 3.867 0 1 0 
460.93 89.5 40.556576 -3.504987 721.0 3 5 285.1 4.219 0 1 0 
461.93 89.2 40.556629 -3.505272 719.8 3 5 283.0 4.219 0 1 0 
462.97 88.6 40.556667 -3.505554 718.9 3 5 280.2 4.922 0 1 0 
463.94 89.8 40.556709 -3.505846 717.3 3 5 279.5 3.516 0 1 0 
464.92 89.9 40.556744 -3.506141 716.3 3 5 278.1 2.109 0 1 0 
465.98 89.5 40.556767 -3.506436 714.3 3 5 275.3 4.219 0 1 0 
466.95 89.8 40.556786 -3.506731 712.6 3 5 272.8 5.273 0 1 0 
467.92 89.9 40.556793 -3.507039 712.2 3 5 272.1 3.164 1 1 0 
468.94 89.8 40.556797 -3.507337 710.9 3 5 270.0 2.812 0 2 0 
469.91 90.1 40.556789 -3.507632 709.8 3 5 268.6 3.516 0 2 0 
470.92 90.1 40.556774 -3.507931 707.8 3 5 267.5 2.461 0 2 0 
471.96 90.2 40.556763 -3.508228 706.3 3 5 267.9 0.703 0 2 0 
472.91 90.7 40.556759 -3.508509 706.4 3 5 268.2 0.703 0 2 0 
473.94 90.9 40.556751 -3.508798 705.6 3 5 268.6 0.703 0 2 0 
474.91 90.7 40.556747 -3.509096 704.3 3 5 270.0 1.758 0 2 0 
476.01 90.7 40.556747 -3.509401 703.2 3 5 271.1 2.461 0 2 0 
476.94 91.9 40.556767 -3.509698 702.0 3 5 274.2 4.219 0 1 0 
477.93 92.2 40.556789 -3.510000 700.0 3 5 276.3 5.273 0 1 0 
478.93 92.1 40.556816 -3.510304 700.0 3 5 277.7 3.516 0 1 0 
479.93 91.5 40.556858 -3.510598 699.9 3 5 281.2 4.922 0 1 0 
480.96 91.5 40.556908 -3.510892 698.2 3 5 284.1 6.328 0 1 0 
481.95 91.5 40.556976 -3.511189 697.6 3 5 286.2 4.922 0 1 0 
482.95 91.8 40.557037 -3.511469 696.1 3 5 287.9 3.867 0 1 0 
483.93 91.6 40.557121 -3.511747 694.4 3 5 290.4 4.219 0 1 0 
484.95 90.6 40.557213 -3.512024 693.2 3 5 292.5 4.570 0 1 0 
485.97 91.5 40.557304 -3.512303 692.6 3 5 295.3 4.922 0 1 0 
486.95 91.3 40.557415 -3.512572 691.4 3 5 296.7 4.219 0 1 0 
487.94 90.7 40.557526 -3.512833 689.8 3 5 299.5 4.219 0 1 0 
488.93 90.6 40.557644 -3.513088 688.0 3 5 301.6 4.922 0 1 0 
489.91 90.2 40.557770 -3.513337 686.9 3 5 304.1 4.570 0 1 0 
490.93 90.8 40.557896 -3.513582 685.4 3 5 305.9 4.219 0 1 0 
491.94 90.8 40.558033 -3.513815 684.6 3 5 308.3 4.219 0 1 0 
492.95 90.8 40.558174 -3.514046 683.2 3 5 309.4 3.516 0 1 0 
493.91 90.1 40.558319 -3.514272 682.6 3 5 311.8 3.516 0 1 0 
494.94 90.9 40.558475 -3.514491 681.5 3 5 313.9 4.570 0 1 0 
495.93 90.1 40.558640 -3.514697 680.1 3 5 316.8 4.922 0 1 0 
496.91 89.4 40.558804 -3.514887 679.5 3 5 319.2 5.273 0 1 0 
497.93 88.8 40.558975 -3.515069 678.2 3 5 321.7 4.922 0 1 0 
498.96 88.1 40.559147 -3.515238 677.1 3 5 323.4 4.219 0 1 0 
499.97 86.5 40.559322 -3.515406 676.0 3 5 323.8 2.109 0 1 0 
500.96 86.8 40.559505 -3.515562 675.7 3 5 327.3 3.867 0 1 0 
501.92 86.9 40.559696 -3.515710 673.8 3 5 330.1 6.328 0 1 0 
502.92 86.6 40.559887 -3.515848 673.4 3 5 331.9 4.570 0 1 0 
503.94 87.1 40.560089 -3.515972 673.2 3 5 334.0 3.867 0 0 0 
504.96 87.4 40.560287 -3.516098 672.2 3 5 336.4 4.570 0 0 0 
505.93 87.8 40.560493 -3.516203 671.2 3 5 338.9 4.922 0 0 0 
506.96 88.4 40.560699 -3.516308 671.0 3 5 340.3 3.867 0 0 0 
507.95 89.8 40.560913 -3.516396 670.5 3 5 342.8 3.867 0 0 0 
508.91 89.7 40.561134 -3.516475 669.5 3 5 344.5 4.219 0 0 0 
509.96 87.7 40.561344 -3.516546 669.1 3 5 345.9 3.164 0 0 0 
510.91 90.8 40.561569 -3.516604 667.9 3 5 349.1 4.570 0 0 0 
512.00 92.7 40.561798 -3.516657 667.4 3 5 351.6 5.625 0 0 0 
512.93 93.1 40.562031 -3.516694 666.7 3 5 353.0 3.867 0 0 0 
513.91 93.0 40.562267 -3.516735 667.0 3 5 354.0 2.461 0 0 0 
514.91 93.2 40.562504 -3.516763 666.5 3 5 354.7 1.758 0 0 0 
515.92 93.2 40.562740 -3.516792 665.4 3 5 354.7 0.703 0 0 0 
516.91 92.7 40.562965 -3.516825 665.6 3 5 353.7 1.055 0 0 0 
518.03 92.9 40.563194 -3.516860 664.3 3 5 353.3 1.406 0 0 0 
518.91 93.3 40.563419 -3.516899 663.3 3 5 352.3 1.406 0 0 0 
519.92 93.0 40.563648 -3.516946 662.3 3 5 351.6 1.758 0 0 0 
520.94 92.3 40.563873 -3.516993 661.9 3 5 350.5 1.758 0 0 0 
521.91 91.8 40.564102 -3.517051 661.3 3 5 349.1 2.461 0 0 0 
522.92 91.2 40.564316 -3.517109 659.7 3 5 348.0 2.461 0 0 0 
523.96 91.9 40.564537 -3.517185 659.7 3 5 346.6 2.461 0 0 0 
524.92 91.5 40.564758 -3.517244 657.9 3 5 344.9 3.164 0 0 0 
525.95 90.9 40.564972 -3.517330 657.2 3 5 344.2 2.461 0 0 0 
526.93 90.5 40.565189 -3.517414 656.3 3 5 343.8 1.055 0 0 0 
527.98 90.2 40.565411 -3.517499 656.0 3 5 342.4 1.758 0 0 0 
528.94 90.6 40.565628 -3.517597 655.7 3 5 341.4 2.461 0 0 0 
529.92 91.1 40.565834 -3.517702 655.0 3 5 340.3 2.109 0 0 0 
530.95 89.9 40.566044 -3.517806 654.4 3 5 338.9 2.461 0 0 0 
531.92 89.6 40.566250 -3.517919 654.9 3 5 337.5 2.812 0 0 0 
532.92 88.7 40.566460 -3.518026 654.5 3 5 336.4 2.461 0 0 0 
533.92 87.9 40.566666 -3.518142 654.3 3 5 335.4 2.109 0 0 0 
534.98 87.7 40.566864 -3.518266 654.4 3 5 334.7 1.758 0 0 0 
535.94 87.5 40.567055 -3.518389 653.4 3 5 333.3 2.109 0 0 0 
536.92 86.5 40.567245 -3.518522 653.4 3 5 331.9 2.812 0 0 0 
537.93 84.8 40.567432 -3.518660 654.3 3 5 331.2 2.109 0 0 0 
539.02 83.8 40.567612 -3.518790 655.0 3 5 330.1 1.758 0 0 0 
539.98 84.4 40.567802 -3.518922 656.8 3 5 328.7 2.461 0 0 0 
540.92 83.4 40.567982 -3.519074 655.2 3 5 328.0 2.109 0 0 0 
541.93 82.8 40.568153 -3.519225 656.2 3 5 326.2 2.461 0 0 0 
542.94 81.3 40.568321 -3.519375 656.0 3 5 325.5 2.461 0 0 0 
543.93 81.5 40.568493 -3.519522 656.1 3 5 324.1 2.109 0 0 0 
544.94 82.1 40.568665 -3.519678 656.4 3 5 323.4 2.109 0 0 0 
545.93 82.8 40.568829 -3.519839 657.3 3 5 322.4 1.758 0 0 0 
546.93 82.5 40.568989 -3.520011 657.5 3 5 321.0 2.461 0 0 0 
547.93 82.8 40.569145 -3.520193 657.4 3 5 320.3 2.109 0 0 0 
548.92 82.8 40.569298 -3.520372 658.7 3 5 319.2 1.758 0 0 0 
549.93 82.4 40.569458 -3.520551 659.0 3 5 317.8 2.461 0 0 0 
550.93 82.7 40.569607 -3.520736 660.0 3 5 317.1 2.109 0 0 0 
551.91 82.6 40.569759 -3.520928 660.3 3 5 316.1 1.758 0 0 0 
552.94 83.4 40.569908 -3.521121 660.2 3 5 315.4 1.758 0 0 0 
553.97 84.1 40.570049 -3.521319 661.0 3 5 313.9 2.109 0 0 0 
554.96 85.3 40.570194 -3.521526 661.0 3 5 312.9 2.461 0 0 0 
555.93 86.7 40.570343 -3.521742 662.2 3 5 311.5 2.461 0 0 0 
556.93 87.6 40.570484 -3.521964 662.6 3 5 310.4 2.461 0 0 0 
557.91 87.5 40.570633 -3.522192 662.5 3 5 309.4 2.109 0 0 0 
558.92 87.3 40.570766 -3.522416 662.8 3 5 308.3 2.109 0 0 0 
559.92 87.2 40.570900 -3.522641 662.2 3 5 307.3 2.109 0 0 0 
560.99 87.4 40.571026 -3.522871 662.2 3 5 305.9 2.461 0 0 0 
561.94 88.2 40.571156 -3.523107 662.6 3 5 305.2 2.109 0 0 0 
562.91 87.0 40.571270 -3.523338 662.4 3 5 304.1 1.758 0 0 0 
564.02 86.7 40.571384 -3.523579 661.8 3 5 302.7 2.461 0 0 0 
564.95 86.2 40.571499 -3.523817 661.6 3 5 301.6 2.461 0 0 0 
565.97 86.5 40.571617 -3.524053 661.1 3 5 300.9 1.758 0 0 0 
566.94 86.8 40.571739 -3.524295 660.5 3 5 299.5 2.109 0 0 0 
567.97 87.4 40.571842 -3.524550 659.7 3 5 298.1 2.812 0 0 0 
568.91 87.8 40.571945 -3.524806 659.5 3 5 297.4 2.109 0 0 0 
569.92 88.0 40.572041 -3.525067 660.0 3 5 296.4 1.758 1 0 0 
570.93 88.6 40.572136 -3.525333 659.0 3 5 294.6 2.812 0 0 0 
571.91 88.5 40.572224 -3.525606 658.3 3 5 293.6 2.812 0 0 0 
572.91 89.9 40.572311 -3.525875 658.3 3 5 292.5 2.109 0 0 0 
573.92 88.8 40.572388 -3.526140 657.9 3 5 292.1 1.406 0 0 0 
574.91 89.1 40.572472 -3.526411 657.2 3 5 291.4 1.055 0 0 0 
575.93 89.5 40.572556 -3.526680 656.8 3 5 291.1 1.055 0 0 0 
576.92 89.4 40.572636 -3.526946 656.5 3 5 290.4 1.055 0 0 0 
577.95 89.1 40.572708 -3.527221 655.5 3 5 290.4 0.703 1 0 0 
578.91 89.6 40.572788 -3.527498 654.8 3 5 291.1 0.703 1 0 0 
579.98 89.6 40.572868 -3.527779 653.2 3 5 291.4 1.055 0 0 0 
580.92 89.6 40.572956 -3.528055 653.1 3 5 292.1 1.055 0 0 0 
581.91 90.0 40.573036 -3.528321 653.0 3 5 292.5 1.055 0 0 0 
582.92 89.8 40.573124 -3.528589 652.0 3 5 292.9 0.703 0 0 0 
583.96 89.8 40.573219 -3.528853 651.0 3 5 293.2 0.703 0 0 0 
584.94 90.0 40.573315 -3.529120 650.4 3 5 293.9 1.055 1 0 0 
585.94 90.9 40.573410 -3.529386 649.9 3 5 294.6 1.406 0 0 0 
586.99 90.8 40.573505 -3.529655 649.4 3 5 295.3 1.406 1 0 0 
587.92 89.3 40.573605 -3.529915 649.0 3 5 296.0 1.406 0 1 0 
588.97 91.1 40.573711 -3.530185 648.9 3 5 297.1 1.758 0 1 0 
589.92 89.9 40.573818 -3.530441 647.4 3 5 297.8 1.758 0 1 0 
590.93 90.1 40.573925 -3.530699 646.9 3 5 298.5 1.406 0 1 0 
591.92 89.8 40.574028 -3.530953 646.9 3 5 299.5 1.758 0 1 0 
592.93 89.5 40.574139 -3.531216 646.3 3 5 299.5 1.055 0 1 0 
593.94 89.6 40.574249 -3.531468 646.3 3 5 300.6 1.055 0 1 0 
594.93 89.4 40.574368 -3.531725 645.3 3 5 300.9 1.406 0 1 0 
595.94 89.5 40.574482 -3.531977 644.8 3 5 302.0 1.406 1 1 0 
596.92 89.2 40.574604 -3.532231 644.1 3 5 303.0 2.109 1 1 0 
597.94 88.2 40.574730 -3.532475 644.6 3 5 304.1 2.109 2 1 0 
598.93 87.7 40.574852 -3.532719 643.6 3 5 304.1 1.055 1 1 0 
599.94 87.3 40.574970 -3.532959 643.7 3 5 303.0 1.055 0 1 0 
600.93 86.7 40.575092 -3.533199 643.9 3 5 302.7 1.406 0 1 0 
601.93 86.4 40.575207 -3.533438 642.9 3 5 302.3 0.703 0 1 0 
602.99 86.2 40.575321 -3.533675 641.6 3 5 302.7 0.352 0 1 0 
603.93 86.1 40.575436 -3.533909 640.8 3 5 302.3 0.352 0 1 0 
604.93 86.3 40.575554 -3.534141 640.1 3 5 302.0 0.703 0 1 0 
605.93 86.1 40.575661 -3.534382 639.2 3 5 300.9 1.406 0 1 0 
606.93 86.7 40.575775 -3.534627 640.0 3 5 299.9 2.109 0 1 0 
607.96 87.2 40.575886 -3.534879 639.4 3 5 298.8 2.109 0 1 0 
608.93 88.1 40.575993 -3.535142 638.0 3 5 298.1 1.758 0 1 0 
609.93 88.5 40.576096 -3.535396 636.6 3 5 297.4 1.406 0 1 0 
610.93 88.8 40.576191 -3.535662 637.1 3 5 296.4 1.758 0 1 0 
611.94 86.8 40.576286 -3.535920 636.2 3 5 295.0 2.461 0 1 0 
612.91 89.7 40.576370 -3.536172 634.7 3 5 295.0 1.406 0 1 0 
613.92 89.9 40.576469 -3.536442 634.9 3 5 294.6 0.352 0 1 0 
614.93 89.9 40.576569 -3.536707 633.7 3 5 294.6 0.352 0 1 0 
615.94 89.5 40.576664 -3.536978 633.5 3 5 293.9 0.703 0 1 0 
616.93 89.7 40.576752 -3.537250 633.8 3 5 293.9 0.703 0 1 0 
617.93 89.9 40.576843 -3.537528 634.0 3 5 293.9 0 0 1 0 
618.94 89.8 40.576931 -3.537789 633.1 3 5 293.9 0 0 1 0 
619.93 89.5 40.577026 -3.538060 632.8 3 5 294.3 0.352 0 1 0 
620.91 89.8 40.577126 -3.538331 633.1 3 5 295.0 1.055 0 1 0 
621.94 89.7 40.577217 -3.538592 633.0 3 5 295.0 0.703 0 1 0 
622.93 89.7 40.577312 -3.538856 632.5 3 5 295.3 0.352 0 1 0 
623.93 89.9 40.577419 -3.539128 631.6 3 5 296.4 1.406 0 1 0 
625.00 89.9 40.577518 -3.539394 632.0 3 5 296.4 1.055 0 1 0 
625.94 89.6 40.577625 -3.539659 631.2 3 5 297.1 0.703 0 1 0 
626.95 89.6 40.577724 -3.539916 630.8 3 5 297.8 1.406 0 1 0 
627.93 89.5 40.577824 -3.540179 631.2 3 5 298.1 1.055 0 1 0 
628.91 88.9 40.577930 -3.540432 631.1 3 5 298.5 0.703 0 1 0 
629.91 90.0 40.578041 -3.540689 630.4 3 5 299.9 1.758 0 1 0 
630.91 89.9 40.578152 -3.540941 630.7 3 5 300.6 2.109 0 1 0 
631.91 90.1 40.578262 -3.541198 630.1 3 5 301.3 1.406 1 1 0 
632.92 89.6 40.578369 -3.541449 629.3 3 5 302.0 1.406 1 1 0 
633.91 90.1 40.578491 -3.541709 629.0 3 5 302.3 1.055 0 1 0 
634.92 90.7 40.578613 -3.541963 628.5 3 5 302.7 0.703 0 1 0 
635.94 90.6 40.578739 -3.542212 628.8 3 5 303.8 1.406 0 1 0 
636.98 90.4 40.578869 -3.542452 629.1 3 5 304.8 2.109 0 1 0 
637.91 90.3 40.579006 -3.542691 629.8 3 5 305.5 1.758 0 1 0 
638.91 89.9 40.579140 -3.542936 628.6 3 5 306.6 1.758 0 1 0 
639.92 89.7 40.579273 -3.543172 628.4 3 5 307.3 1.758 0 1 0 
640.92 88.8 40.579411 -3.543404 628.3 3 5 307.3 0.703 0 1 0 
641.92 88.9 40.579548 -3.543640 628.3 3 5 308.3 1.055 0 1 0 
642.92 88.8 40.579689 -3.543875 627.0 3 5 309.0 1.758 0 1 0 
643.92 88.7 40.579830 -3.544107 625.9 3 5 309.4 1.055 0 1 0 
644.99 88.7 40.579975 -3.544329 625.1 3 5 310.8 1.758 0 1 0 
645.92 88.8 40.580120 -3.544552 624.6 3 5 311.1 1.758 0 1 0 
646.93 88.4 40.580269 -3.544768 624.7 3 5 311.8 1.055 0 0 0 
647.92 88.5 40.580418 -3.544983 624.0 3 5 312.5 1.406 0 0 0 
648.93 87.7 40.580570 -3.545197 623.0 3 5 312.2 0.352 0 0 0 
649.93 88.1 40.580719 -3.545404 622.7 3 5 313.6 1.406 0 0 0 
650.92 88.3 40.580868 -3.545609 622.7 3 5 313.9 1.758 0 0 0 
651.96 87.5 40.581020 -3.545817 622.7 3 5 314.3 0.703 0 0 0 
652.93 87.5 40.581177 -3.546020 621.7 3 5 314.6 0.703 0 0 0 
654.03 89.7 40.581341 -3.546222 621.1 3 5 315.7 1.406 0 0 0 
654.94 87.7 40.581486 -3.546427 621.0 3 5 315.0 0.703 0 0 0 
655.93 87.4 40.581642 -3.546627 620.9 3 5 314.6 1.055 0 0 0 
656.91 87.3 40.581802 -3.546831 620.2 3 5 315.0 0.352 0 0 0 
657.93 87.0 40.581955 -3.547031 620.5 3 5 314.6 0.352 0 0 0 
658.93 86.6 40.582108 -3.547234 619.5 3 5 313.9 1.055 0 0 0 
659.94 86.3 40.582253 -3.547442 619.4 3 5 312.9 1.758 0 0 0 
660.94 85.9 40.582397 -3.547649 618.5 3 5 311.8 2.109 0 0 0 
661.93 85.7 40.582539 -3.547850 618.6 3 5 310.8 2.109 0 0 0 
662.93 85.8 40.582676 -3.548065 618.1 3 5 309.4 2.461 0 0 0 
663.93 86.0 40.582809 -3.548283 618.1 3 5 307.3 3.516 0 0 0 
664.93 86.7 40.582935 -3.548512 617.7 3 5 305.5 3.867 0 0 0 
665.93 86.8 40.583069 -3.548738 617.9 3 5 304.8 2.461 0 0 0 
666.95 87.1 40.583187 -3.548981 619.1 3 5 303.4 2.109 0 0 0 
667.94 87.2 40.583305 -3.549223 618.7 3 5 301.6 3.164 0 0 0 
668.92 87.3 40.583412 -3.549471 618.6 3 5 300.6 2.812 0 0 0 
669.93 87.5 40.583519 -3.549721 617.7 3 5 298.5 3.164 0 0 0 
670.95 87.8 40.583614 -3.549975 617.5 3 5 297.1 3.516 0 0 0 
671.93 87.2 40.583710 -3.550234 616.8 3 5 295.3 3.164 0 0 0 
672.93 87.1 40.583794 -3.550505 616.0 3 5 293.6 3.516 0 0 0 
674.00 87.2 40.583881 -3.550765 615.4 3 5 292.5 2.812 0 0 0 
674.93 88.2 40.583969 -3.551033 615.9 3 5 291.1 2.461 0 0 0 
675.94 88.5 40.584045 -3.551303 615.7 3 5 290.0 2.461 0 0 0 
676.92 87.7 40.584106 -3.551575 615.4 3 5 287.6 3.516 0 0 0 
677.93 87.0 40.584167 -3.551847 614.0 3 5 285.8 4.219 0 0 0 
678.93 85.8 40.584221 -3.552125 612.2 3 5 283.7 3.867 0 0 0 
679.91 85.6 40.584274 -3.552396 612.7 3 5 282.7 3.164 0 0 0 
680.95 83.2 40.584312 -3.552668 614.2 3 5 282.0 1.758 0 0 0 
681.93 80.3 40.584354 -3.552931 614.6 3 5 280.2 2.461 0 0 0 
682.93 77.9 40.584381 -3.553188 614.8 3 5 279.1 2.812 0 0 0 
683.91 74.8 40.584412 -3.553436 614.9 3 5 278.4 1.758 0 0 0 
684.95 73.9 40.584442 -3.553685 614.6 3 5 278.8 0.352 0 0 0 
685.96 72.3 40.584469 -3.553922 614.2 3 5 278.4 0.352 0 0 0 
686.92 71.5 40.584503 -3.554170 613.6 3 5 278.8 0.352 0 0 0 
687.93 70.9 40.584534 -3.554404 613.5 3 5 278.8 0.352 0 0 0 
688.94 68.7 40.584557 -3.554628 613.0 3 5 279.1 0.352 0 0 0 
689.94 67.2 40.584591 -3.554849 612.0 3 5 279.1 0.352 0 0 0 
690.99 66.5 40.584629 -3.555064 612.2 3 5 279.5 0.352 0 0 0 
692.00 63.2 40.584652 -3.555266 611.4 3 5 278.8 0.703 0 0 0 
692.92 61.2 40.584675 -3.555470 611.3 3 5 278.4 1.055 0 0 0 
693.91 61.1 40.584694 -3.555684 611.8 3 5 278.4 0.352 0 0 0 
694.91 61.7 40.584721 -3.555883 611.4 3 5 278.8 0.352 0 0 0 
695.91 60.3 40.584743 -3.556080 610.1 3 5 278.8 0.352 0 0 0 
696.96 59.1 40.584770 -3.556267 609.0 3 5 278.4 0.352 0 0 0 
697.94 58.9 40.584789 -3.556463 608.1 3 5 279.5 1.055 0 0 0 
698.93 58.8 40.584812 -3.556654 607.6 3 5 279.1 0.703 0 0 0 
699.91 58.3 40.584835 -3.556841 606.6 3 5 279.1 0.352 0 0 0 
700.91 58.0 40.584862 -3.557027 606.2 3 5 278.8 0.352 0 0 0 
701.93 57.8 40.584885 -3.557213 605.4 3 5 278.8 0.352 0 0 0 
702.98 56.5 40.584896 -3.557393 604.2 3 5 278.4 0.352 0 0 0 
703.94 55.7 40.584919 -3.557576 602.7 3 5 278.8 0.352 0 0 0 
704.92 52.7 40.584946 -3.557749 602.1 3 5 278.8 0.352 0 0 0 
705.92 51.0 40.584969 -3.557913 601.6 3 5 279.8 1.055 0 0 0 
