22.28 100.0 1 primary 3 1 40.518887 -3.409929 0.950 93.3 
23.41 100.0 1 primary 3 1 40.519077 -3.410102 1.078 92.9 
25.03 100.0 1 primary 3 1 40.519455 -3.410453 0.704 92.7 
26.20 100.0 1 primary 3 1 40.519646 -3.410628 0.875 92.2 
28.17 100.0 1 primary 3 1 40.519836 -3.410801 1.840 91.5 
28.83 100.0 1 primary 2 1 40.520206 -3.411161 0.505 91.5 
30.09 100.0 1 primary 2 1 40.520382 -3.411326 0.760 91.8 
31.61 100.0 1 primary 2 1 40.520573 -3.411505 1.283 93.3 
33.91 100.0 1 primary 2 1 40.520966 -3.411858 1.580 95.4 
35.49 100.0 1 primary 2 1 40.521362 -3.412218 1.162 94.6 
37.02 100.0 1 primary 2 1 40.521736 -3.412566 0.695 93.6 
38.98 100.0 1 primary 2 1 40.521919 -3.412734 1.652 94.0 
41.53 100.0 1 primary 2 1 40.522297 -3.413091 2.203 93.3 
44.42 100.0 1 primary 2 1 40.522846 -3.413656 2.095 95.4 
46.65 90.0 3 tertiary_link 1 1 40.523399 -3.414298 1.321 96.9 
48.62 90.0 3 tertiary_link 1 1 40.523731 -3.414782 1.293 97.1 
52.09 90.0 3 tertiary_link 1 1 40.524025 -3.415292 2.759 100.8 
57.20 90.0 3 tertiary_link 1 1 40.524433 -3.416129 4.869 95.7 
58.84 100.0 1 primary 2 1 40.524906 -3.417613 1.509 94.1 
60.49 80.0 1 primary 1 1 40.525043 -3.418201 1.165 92.2 
62.63 80.0 1 primary 1 1 40.525166 -3.418784 1.305 90.0 
66.52 80.0 1 primary 1 1 40.525299 -3.419339 3.189 85.6 
67.90 80.0 1 primary 1 1 40.525578 -3.420414 0.569 86.1 
69.14 80.0 1 primary 1 1 40.525661 -3.420670 0.814 86.8 
70.41 100.0 3 primary_link 1 1 40.525753 -3.420933 1.081 88.4 
71.94 90.0 1 primary 2 1 40.525970 -3.421432 0.617 87.0 
73.27 90.0 1 primary 2 1 40.526085 -3.421673 0.941 89.1 
74.20 90.0 1 primary 2 1 40.526215 -3.421880 0.868 90.2 
75.22 90.0 1 primary 2 1 40.526356 -3.422111 0.890 90.9 
77.07 90.0 1 primary 2 1 40.526508 -3.422338 1.743 90.4 
77.95 90.0 1 primary 2 1 40.526836 -3.422746 0.617 89.9 
79.65 90.0 1 primary 2 1 40.526997 -3.422934 1.317 90.1 
81.27 90.0 1 primary 2 1 40.527363 -3.423303 0.947 92.2 
82.49 90.0 1 primary 2 1 40.527557 -3.423474 1.165 93.6 
84.81 90.0 1 primary 2 1 40.527966 -3.423780 1.478 94.1 
86.73 90.0 1 primary 2 1 40.528385 -3.424077 1.404 94.4 
88.33 90.0 1 primary 2 1 40.528805 -3.424357 1.002 91.3 
90.17 90.0 1 primary 2 1 40.529198 -3.424622 0.846 89.1 
91.21 90.0 1 primary 2 1 40.529396 -3.424757 0.882 87.9 
91.95 90.0 1 primary 2 1 40.529598 -3.424909 0.621 87.9 
93.14 90.0 1 primary 2 1 40.529793 -3.425053 0.811 87.4 
94.37 90.0 1 primary 2 1 40.529968 -3.425185 1.041 85.8 
97.02 90.0 1 primary 2 1 40.530327 -3.425489 1.688 84.3 
99.49 90.0 1 primary 2 1 40.530666 -3.425817 2.162 84.2 
101.44 90.0 1 primary 2 1 40.531132 -3.426346 1.112 84.2 
103.69 90.0 1 primary 2 1 40.531441 -3.426717 1.359 84.7 
105.58 90.0 1 primary 2 1 40.531738 -3.427131 1.257 85.2 
107.79 90.0 1 primary 2 1 40.532028 -3.427562 1.461 86.0 
110.07 90.0 1 primary 2 1 40.532288 -3.428016 1.737 86.0 
111.75 90.0 1 primary 2 1 40.532536 -3.428478 1.426 85.9 
114.60 90.0 1 primary 2 1 40.532764 -3.428957 2.274 85.9 
117.72 90.0 1 primary 2 1 40.533070 -3.429725 2.389 85.8 
122.53 90.0 1 primary 2 1 40.533318 -3.430499 4.202 85.2 
126.45 90.0 1 primary 2 1 40.533627 -3.431820 3.114 86.3 
132.15 90.0 1 primary 2 1 40.533794 -3.432938 4.828 85.1 
133.08 90.0 1 primary 2 1 40.533867 -3.434332 0.753 85.1 
149.42 -1.0 -1 - -1 -1 40.533878 -3.434596 16.088 88.2 
151.30 90.0 1 primary 2 1 40.533852 -3.439317 0.975 89.7 
153.38 90.0 1 primary 2 1 40.533855 -3.439619 2.051 91.8 
155.81 90.0 1 primary 2 1 40.533840 -3.440508 1.481 94.1 
158.41 90.0 1 primary 2 1 40.533825 -3.441134 2.080 99.6 
159.96 90.0 1 primary 2 1 40.533829 -3.442110 0.634 98.7 
160.93 90.0 1 primary 2 1 40.533821 -3.442437 0.594 97.1 
162.16 90.0 1 primary 2 1 40.533817 -3.442743 0.829 94.7 
163.19 90.0 1 primary 2 1 40.533813 -3.443059 0.861 94.0 
164.44 90.0 1 primary 2 1 40.533806 -3.443367 1.108 93.2 
165.98 90.0 1 primary 2 1 40.533806 -3.443984 0.653 92.4 
166.87 90.0 1 primary 2 1 40.533806 -3.444283 0.540 92.0 
167.79 90.0 1 primary 2 1 40.533802 -3.444573 0.450 91.1 
170.17 90.0 1 primary 2 1 40.533798 -3.444870 1.835 91.2 
170.86 90.0 1 primary 2 1 40.533791 -3.445458 0.531 91.2 
171.99 90.0 1 primary 2 1 40.533794 -3.445761 0.662 90.9 
173.46 90.0 1 primary 2 1 40.533794 -3.446062 1.130 90.5 
175.47 90.0 1 primary 2 1 40.533806 -3.446630 1.138 90.3 
177.22 90.0 1 primary 2 1 40.533791 -3.447223 0.892 91.2 
178.86 90.0 1 primary 2 1 40.533791 -3.447525 1.535 92.0 
185.30 90.0 1 primary 2 1 40.533779 -3.448135 5.973 94.2 
186.91 90.0 1 primary 2 1 40.533749 -3.449961 1.583 94.4 
188.17 90.0 1 primary 2 1 40.533752 -3.450580 0.838 91.6 
189.10 90.0 1 primary 2 1 40.533752 -3.450888 0.773 91.6 
191.05 90.0 1 primary 2 1 40.533768 -3.451192 1.720 90.8 
193.01 90.0 1 primary 2 1 40.533756 -3.451793 1.680 88.9 
194.52 90.0 1 primary 2 1 40.533760 -3.452383 1.189 88.1 
195.96 90.0 1 primary 2 1 40.533752 -3.452972 0.631 86.6 
197.18 90.0 1 primary 2 1 40.533749 -3.453259 0.853 86.2 
199.55 90.0 1 primary 2 1 40.533749 -3.453544 2.224 86.1 
201.38 90.0 1 primary 2 1 40.533726 -3.454380 1.050 86.5 
203.74 90.0 1 primary 2 1 40.533718 -3.454947 1.413 86.7 
207.13 90.0 1 primary 2 1 40.533722 -3.455521 2.803 82.3 
208.65 90.0 1 primary 2 1 40.533714 -3.456359 1.323 81.9 
210.59 90.0 1 primary 2 1 40.533710 -3.456893 1.265 82.3 
212.21 90.0 1 primary 2 1 40.533707 -3.457429 0.882 83.7 
214.92 90.0 1 primary 2 1 40.533707 -3.457699 2.596 85.0 
216.13 90.0 1 primary 2 1 40.533707 -3.458530 0.797 84.9 
216.95 90.0 1 primary 2 1 40.533710 -3.458813 0.611 86.1 
217.98 90.0 1 primary 2 1 40.533714 -3.459097 0.656 86.3 
218.92 90.0 1 primary 2 1 40.533718 -3.459384 0.591 86.8 
220.08 90.0 1 primary 2 1 40.533718 -3.459673 0.756 86.8 
221.05 90.0 1 primary 2 1 40.533714 -3.459961 0.720 87.5 
221.76 90.0 1 primary 2 1 40.533714 -3.460257 0.430 87.4 
223.40 90.0 1 primary 2 1 40.533714 -3.460546 1.067 85.7 
225.66 90.0 1 primary 2 1 40.533722 -3.461108 1.330 85.7 
229.13 90.0 1 primary 2 1 40.533733 -3.461679 2.804 87.5 
229.85 90.0 1 primary 2 1 40.533741 -3.462527 0.519 87.9 
231.90 90.0 1 primary 2 1 40.533741 -3.462816 1.565 88.7 
233.37 90.0 1 primary 2 1 40.533737 -3.463396 1.042 89.5 
235.89 90.0 1 primary 2 1 40.533733 -3.463986 1.560 89.7 
238.20 90.0 1 primary 2 1 40.533733 -3.464565 1.869 88.1 
239.27 90.0 1 primary 2 1 40.533741 -3.465142 0.941 87.9 
240.00 90.0 1 primary 2 1 40.533756 -3.465443 0.668 87.9 
247.77 90.0 1 primary 2 1 40.533779 -3.465732 7.444 91.2 
250.02 90.0 1 primary 2 1 40.534355 -3.467989 1.691 92.5 
252.18 90.0 1 primary 2 1 40.534603 -3.468489 1.848 94.0 
255.05 100.0 3 primary_link 1 1 40.534897 -3.468960 2.718 95.1 
264.75 90.0 1 primary 2 1 40.535439 -3.469574 9.422 99.5 
267.53 90.0 1 primary 2 1 40.537670 -3.470846 2.203 100.5 
270.19 90.0 1 primary 2 1 40.538399 -3.471098 1.863 101.5 
271.42 90.0 1 primary 2 1 40.538883 -3.471272 1.092 101.6 
274.42 90.0 1 primary 2 1 40.539398 -3.471439 2.092 101.6 
291.30 -1.0 -1 - -1 -1 40.540142 -3.471673 15.967 83.7 
308.75 -1.0 -1 - -1 -1 40.543495 -3.472795 17.424 77.0 
310.64 90.0 1 primary 2 1 40.547031 -3.473986 1.312 78.0 
312.90 90.0 1 primary 2 1 40.547394 -3.474149 1.569 78.2 
314.53 90.0 1 primary 2 1 40.547760 -3.474320 1.203 79.2 
316.50 90.0 1 primary 2 1 40.548134 -3.474518 1.167 80.2 
318.64 90.0 1 primary 2 1 40.548504 -3.474730 1.310 80.0 
320.30 90.0 1 primary 2 1 40.548866 -3.474952 0.967 80.3 
320.81 90.0 1 primary 2 1 40.549042 -3.475073 0.484 80.3 
322.22 90.0 1 primary 2 1 40.549221 -3.475198 0.892 80.6 
322.89 90.0 1 primary 2 1 40.549404 -3.475325 0.559 80.6 
323.95 90.0 1 primary 2 1 40.549583 -3.475444 0.626 79.7 
325.69 90.0 1 primary 2 1 40.549747 -3.475576 1.365 75.1 
328.25 90.0 1 primary 2 1 40.550072 -3.475841 1.924 74.4 
329.92 90.0 1 primary 2 1 40.550377 -3.476100 1.596 74.1 
332.82 90.0 1 primary 2 1 40.550690 -3.476375 2.490 75.8 
335.38 90.0 1 primary 2 1 40.551136 -3.476816 2.051 78.2 
337.29 90.0 1 primary 2 1 40.551579 -3.477307 0.960 80.4 
338.19 90.0 1 primary 2 1 40.551727 -3.477486 0.859 81.8 
340.45 90.0 1 primary 2 1 40.551876 -3.477663 2.118 82.2 
342.09 90.0 1 primary 2 1 40.552303 -3.478215 0.760 81.6 
343.23 90.0 1 primary 2 1 40.552448 -3.478408 0.903 77.5 
356.10 90.0 1 primary 2 1 40.552589 -3.478584 12.777 84.8 
360.54 90.0 1 primary 2 1 40.554138 -3.481242 4.207 80.5 
363.38 90.0 1 primary 2 1 40.554619 -3.482448 2.048 79.2 
365.63 90.0 1 primary 2 1 40.554871 -3.483149 1.301 79.7 
367.89 90.0 1 primary 2 1 40.555023 -3.483630 1.557 80.7 
370.83 90.0 1 primary 2 1 40.555172 -3.484124 2.504 82.9 
376.04 90.0 1 primary 2 1 40.555386 -3.484893 4.714 86.8 
436.83 -1.0 -1 - -1 -1 40.555653 -3.486242 60.503 76.6 
439.19 90.0 1 primary 3 2 40.555294 -3.501761 1.860 77.4 
440.79 90.0 1 primary 3 2 40.555515 -3.502173 1.466 77.4 
442.68 90.0 1 primary 3 2 40.555733 -3.502592 1.349 77.9 
444.46 90.0 1 primary 3 2 40.555935 -3.503042 1.131 77.6 
446.52 90.0 1 primary 3 2 40.556114 -3.503499 1.196 77.5 
447.88 90.0 1 primary 3 2 40.556282 -3.503961 0.555 78.4 
448.91 90.0 1 primary 3 2 40.556355 -3.504205 0.586 78.2 
449.96 90.0 1 primary 3 2 40.556423 -3.504444 0.635 77.8 
450.86 90.0 1 primary 3 2 40.556480 -3.504694 0.533 78.2 
452.13 90.0 1 primary 3 2 40.556541 -3.504931 0.797 78.0 
453.18 90.0 1 primary 3 2 40.556587 -3.505171 0.853 78.2 
453.92 90.0 1 primary 3 2 40.556633 -3.505418 0.589 78.2 
454.92 90.0 1 primary 3 2 40.556671 -3.505660 0.596 75.9 
457.30 90.0 1 primary 3 2 40.556713 -3.505900 1.970 78.2 
458.27 90.0 1 primary 3 2 40.556763 -3.506420 0.943 78.6 
459.12 90.0 1 primary 3 2 40.556778 -3.506674 0.788 78.6 
460.14 90.0 1 primary 3 2 40.556782 -3.506926 0.816 80.4 
462.50 90.0 1 primary 3 2 40.556786 -3.507191 2.172 81.3 
465.17 90.0 1 primary 3 2 40.556759 -3.507997 1.836 81.6 
466.80 90.0 1 primary 3 2 40.556740 -3.508526 1.473 81.0 
467.93 90.0 1 primary 3 2 40.556732 -3.509055 0.605 81.1 
470.42 90.0 1 primary 3 2 40.556740 -3.509317 2.092 82.4 
476.53 90.0 1 primary 3 2 40.556778 -3.510112 5.201 84.5 
478.06 90.0 1 primary 3 2 40.557091 -3.511724 0.736 84.9 
480.33 90.0 1 primary 3 2 40.557171 -3.511982 2.001 84.3 
483.00 90.0 1 primary 3 2 40.557446 -3.512734 1.671 84.5 
485.57 90.0 1 primary 3 2 40.557663 -3.513219 2.245 84.3 
487.58 90.0 1 primary 3 2 40.558033 -3.513894 1.251 84.0 
499.99 90.0 1 primary 3 2 40.558319 -3.514314 11.663 80.8 
502.68 90.0 1 primary 3 2 40.560326 -3.516136 2.355 80.5 
505.89 100.0 3 primary_link 1 2 40.560902 -3.516422 2.559 81.7 
507.02 100.0 3 primary_link 1 2 40.561493 -3.516618 0.692 80.1 
508.85 100.0 3 primary_link 1 2 40.561687 -3.516673 1.519 80.9 
510.79 100.0 3 primary_link 1 2 40.562088 -3.516751 1.462 85.9 
534.87 100.0 3 primary_link 1 2 40.562504 -3.516816 23.539 85.8 
538.07 90.0 1 primary 2 2 40.567455 -3.518722 2.737 89.4 
540.40 90.0 1 primary 2 2 40.568027 -3.519156 2.071 88.5 
542.58 90.0 1 primary 2 2 40.568584 -3.519652 1.248 87.6 
547.24 90.0 1 primary 2 2 40.568932 -3.520014 3.914 82.3 
551.81 90.0 1 primary 2 2 40.569557 -3.520717 4.479 84.6 
553.25 90.0 1 primary 2 2 40.570297 -3.521671 0.917 85.9 
554.48 90.0 1 primary 2 2 40.570442 -3.521878 1.148 85.0 
557.65 90.0 1 primary 2 2 40.570713 -3.522311 2.319 82.0 
559.78 90.0 1 primary 2 2 40.571083 -3.522967 1.452 81.0 
560.96 90.0 1 primary 2 2 40.571304 -3.523400 0.635 79.5 
562.29 90.0 1 primary 2 2 40.571415 -3.523621 0.956 77.5 
563.05 90.0 1 primary 2 2 40.571518 -3.523837 0.722 77.5 
565.25 90.0 1 primary 2 2 40.571617 -3.524057 1.926 75.4 
568.59 90.0 1 primary 2 2 40.571808 -3.524494 3.263 77.7 
570.40 90.0 1 primary 2 2 40.572159 -3.525381 1.071 80.0 
572.07 90.0 1 primary 2 2 40.572327 -3.525863 0.740 81.1 
573.64 90.0 1 primary 2 2 40.572411 -3.526118 1.296 84.0 
575.77 90.0 1 primary 2 2 40.572552 -3.526626 1.439 83.3 
578.34 90.0 1 primary 2 2 40.572701 -3.527138 2.014 82.2 
580.88 90.0 1 primary 2 2 40.572926 -3.527905 1.555 82.0 
582.06 90.0 1 primary 2 2 40.573078 -3.528403 0.736 82.1 
583.14 90.0 1 primary 2 2 40.573158 -3.528652 0.810 81.8 
583.99 90.0 1 primary 2 2 40.573246 -3.528903 0.657 82.0 
585.70 90.0 1 primary 2 2 40.573315 -3.529149 1.375 82.4 
587.52 90.0 1 primary 2 2 40.573483 -3.529631 1.192 82.4 
589.59 90.0 1 primary 2 2 40.573662 -3.530119 1.255 80.9 
591.16 90.0 1 primary 2 2 40.573845 -3.530587 0.824 79.9 
592.55 90.0 1 primary 2 2 40.573940 -3.530820 1.223 79.1 
594.51 90.0 1 primary 2 2 40.574135 -3.531273 1.169 77.9 
596.95 90.0 1 primary 2 2 40.574329 -3.531711 1.616 78.3 
599.31 90.0 1 primary 2 2 40.574528 -3.532136 1.972 80.5 
612.43 90.0 1 primary 2 2 40.574741 -3.532584 13.105 87.2 
614.68 90.0 1 primary 2 2 40.576267 -3.535913 1.354 85.9 
616.32 90.0 1 primary 2 2 40.576450 -3.536423 0.985 84.3 
617.43 90.0 1 primary 2 2 40.576546 -3.536663 1.106 83.9 
619.08 90.0 1 primary 2 2 40.576717 -3.537147 0.747 82.2 
627.24 90.0 1 primary 2 2 40.576801 -3.537389 7.915 82.3 
633.92 90.0 1 primary 2 2 40.577473 -3.539322 6.592 85.3 
635.23 90.0 1 primary 2 2 40.578167 -3.541017 0.895 85.0 
636.38 90.0 1 primary 2 2 40.578278 -3.541262 1.046 84.7 
638.53 90.0 1 primary 2 2 40.578503 -3.541743 1.199 84.5 
641.01 90.0 1 primary 2 2 40.578735 -3.542202 1.667 84.0 
643.15 90.0 1 primary 2 2 40.578968 -3.542646 1.820 83.0 
644.60 90.0 1 primary 2 2 40.579212 -3.543087 1.266 82.0 
646.43 90.0 1 primary 2 2 40.579468 -3.543516 1.091 80.4 
648.20 90.0 1 primary 2 2 40.579716 -3.543927 0.867 77.2 
649.80 90.0 1 primary 2 2 40.579849 -3.544136 1.472 77.9 
651.94 90.0 1 primary 2 2 40.580105 -3.544518 1.606 78.7 
653.23 90.0 1 primary 2 2 40.580368 -3.544907 0.897 81.4 
654.02 90.0 1 primary 2 2 40.580505 -3.545108 0.686 81.4 
655.77 90.0 1 primary 2 2 40.580647 -3.545310 1.433 84.1 
658.10 90.0 1 primary 2 2 40.580933 -3.545700 1.771 85.7 
659.95 90.0 1 primary 2 2 40.581238 -3.546102 1.620 85.9 
660.95 90.0 1 primary 2 2 40.581535 -3.546510 0.625 86.0 
662.80 90.0 1 primary 2 2 40.581696 -3.546714 1.474 86.4 
664.35 90.0 1 primary 2 2 40.581982 -3.547120 1.027 87.7 
666.60 90.0 1 primary 2 2 40.582287 -3.547529 1.275 88.8 
668.25 90.0 1 primary 2 2 40.582584 -3.547960 0.919 89.8 
669.17 90.0 1 primary 2 2 40.582722 -3.548191 0.845 90.0 
678.87 90.0 1 primary 2 2 40.582859 -3.548423 9.546 83.9 
680.31 90.0 1 primary 2 2 40.583916 -3.550923 0.982 84.1 
681.20 90.0 1 primary 2 2 40.583988 -3.551184 0.870 83.9 
682.23 90.0 1 primary 2 2 40.584064 -3.551443 0.889 84.6 
682.97 90.0 1 primary 2 2 40.584129 -3.551708 0.640 84.6 
684.05 90.0 1 primary 2 2 40.584187 -3.551968 0.723 84.3 
685.12 90.0 1 primary 2 2 40.584236 -3.552239 0.792 83.5 
685.94 90.0 1 primary 2 2 40.584286 -3.552504 0.610 82.9 
686.80 90.0 1 primary 2 2 40.584324 -3.552773 0.467 81.8 
688.09 90.0 1 primary 2 2 40.584354 -3.553036 0.759 81.6 
689.01 90.0 1 primary 1 2 40.584385 -3.553293 0.680 80.1 
690.07 90.0 1 primary 1 2 40.584408 -3.553539 0.744 78.2 
690.97 90.0 1 primary 1 2 40.584442 -3.553795 0.632 77.5 
692.60 90.0 1 primary 1 2 40.584476 -3.554031 1.271 75.2 
694.30 90.0 1 primary 1 2 40.584538 -3.554502 0.961 74.3 
695.46 90.0 1 primary 1 2 40.584572 -3.554748 1.132 72.0 
698.00 90.0 1 primary 1 2 40.584625 -3.555215 1.672 71.9 
698.88 90.0 1 primary 1 2 40.584698 -3.555695 0.536 69.3 
700.30 90.0 1 primary 1 2 40.584721 -3.555914 0.973 66.2 
701.20 70.0 1 primary 1 2 40.584747 -3.556128 0.873 62.4 
701.93 70.0 1 primary 1 2 40.584774 -3.556341 0.600 62.4 
704.27 70.0 1 primary 1 2 40.584808 -3.556547 1.945 56.5 
705.48 70.0 1 primary 1 2 40.584854 -3.556919 1.155 55.3 
