21.34 94.0 40.518887 -3.409928 620.3 4 5 324.5 0 0 0 0 
22.33 93.3 40.519077 -3.410102 620.7 4 5 324.5 0 0 0 0 
23.34 92.9 40.519268 -3.410277 620.8 4 5 324.5 0 0 0 0 
24.33 92.7 40.519455 -3.410453 621.2 4 5 324.8 0.352 0 0 0 
25.36 92.7 40.519646 -3.410628 621.3 6 5 324.8 0.352 0 0 0 
26.37 92.2 40.519836 -3.410800 621.9 4 5 324.5 0.352 0 0 0 
27.33 92.2 40.520020 -3.410976 622.5 4 5 324.1 0.703 1 0 0 
28.37 91.5 40.520206 -3.411161 622.4 4 5 324.5 0.352 1 0 0 
29.34 91.8 40.520382 -3.411326 622.7 4 5 324.5 0.352 1 0 0 
30.34 92.2 40.520573 -3.411505 623.2 4 5 324.5 0 1 3 0 
31.34 93.3 40.520767 -3.411677 623.5 4 5 324.8 0.352 1 0 0 
32.36 93.3 40.520966 -3.411858 623.8 4 5 324.8 0.352 0 0 0 
33.39 95.4 40.521160 -3.412039 624.1 4 5 325.2 0.352 0 0 0 
34.34 94.6 40.521362 -3.412218 624.8 4 5 324.8 0.352 0 0 0 
35.34 94.6 40.521557 -3.412398 625.4 4 5 324.5 0.703 0 3 0 
36.37 93.6 40.521736 -3.412566 625.9 4 5 324.5 0.352 0 3 0 
37.34 94.1 40.521919 -3.412734 626.5 4 5 324.5 0 0 3 0 
38.36 94.0 40.522106 -3.412912 627.1 4 5 324.5 0 0 2 0 
39.34 94.0 40.522297 -3.413091 627.8 4 5 324.5 0 0 2 0 
40.35 93.1 40.522484 -3.413265 628.8 4 5 324.5 0 0 2 0 
41.34 93.3 40.522663 -3.413459 629.8 4 5 322.7 1.758 0 2 0 
42.34 94.8 40.522846 -3.413656 630.5 4 5 320.6 3.867 0 2 0 
43.34 94.1 40.523033 -3.413853 631.5 4 5 318.2 4.570 0 2 0 
44.36 95.4 40.523216 -3.414070 632.7 6 5 316.1 4.570 0 2 0 
45.42 95.5 40.523399 -3.414298 633.6 4 5 313.9 4.219 0 2 0 
46.34 96.9 40.523567 -3.414539 634.6 6 5 312.2 3.867 1 2 0 
47.35 96.7 40.523731 -3.414781 635.8 6 5 310.1 3.867 1 2 0 
48.36 97.1 40.523880 -3.415034 636.8 6 5 307.6 4.570 1 2 0 
49.35 98.3 40.524025 -3.415292 637.3 4 5 306.2 3.867 1 3 0 
50.35 99.9 40.524174 -3.415573 638.0 4 5 303.8 3.867 1 3 0 
51.41 100.8 40.524307 -3.415846 638.6 4 5 301.6 4.570 0 3 0 
52.35 101.8 40.524433 -3.416128 639.1 4 5 299.2 4.570 0 3 0 
53.40 100.9 40.524551 -3.416423 639.0 4 5 296.4 5.273 0 3 0 
54.42 99.8 40.524654 -3.416723 638.7 4 5 294.3 4.922 0 3 0 
55.35 97.8 40.524750 -3.417015 638.4 3 5 291.4 4.922 0 3 0 
56.35 96.8 40.524830 -3.417312 637.7 3 5 289.3 4.922 0 3 0 
57.35 95.7 40.524906 -3.417613 636.9 3 5 287.9 3.516 0 2 0 
58.35 94.1 40.524975 -3.417906 636.2 3 5 287.2 2.109 0 2 0 
59.33 93.9 40.525043 -3.418201 635.3 4 5 286.2 1.758 0 2 0 
60.33 92.2 40.525108 -3.418489 635.0 4 5 285.8 1.406 0 2 0 
61.35 92.2 40.525166 -3.418784 634.3 6 5 285.5 0.703 0 2 0 
62.38 90.0 40.525238 -3.419053 633.7 6 5 286.5 1.055 0 2 0 
63.35 89.0 40.525299 -3.419339 632.8 6 5 287.2 1.758 0 2 0 
64.35 88.5 40.525364 -3.419610 632.0 6 5 287.6 1.055 0 2 0 
65.37 87.4 40.525429 -3.419884 631.3 6 5 289.0 1.758 0 2 0 
66.42 85.6 40.525509 -3.420153 630.7 6 5 291.1 3.516 0 2 0 
67.34 86.1 40.525578 -3.420414 629.9 6 5 292.9 3.867 0 2 0 
68.35 86.3 40.525661 -3.420670 629.4 6 5 295.0 3.867 0 2 0 
69.37 86.8 40.525753 -3.420933 629.0 6 5 296.4 3.516 0 2 0 
70.34 88.4 40.525856 -3.421188 628.6 6 5 297.8 2.812 0 2 0 
71.33 87.0 40.525970 -3.421432 628.2 6 5 301.3 4.922 0 2 0 
72.36 87.6 40.526085 -3.421673 627.9 6 5 304.8 7.031 0 2 0 
73.36 89.1 40.526215 -3.421880 627.7 6 5 306.9 5.625 0 2 0 
74.35 90.2 40.526356 -3.422111 627.4 6 5 310.1 5.273 0 2 0 
75.41 90.9 40.526508 -3.422338 626.8 6 5 312.2 5.273 0 2 0 
76.33 90.4 40.526665 -3.422554 626.4 6 5 315.0 4.922 0 1 0 
77.33 89.9 40.526836 -3.422746 625.8 6 5 317.1 4.922 0 1 0 
78.33 89.3 40.526997 -3.422934 625.4 4 5 319.6 4.570 0 1 0 
79.33 90.1 40.527180 -3.423122 624.6 4 5 322.0 4.922 0 1 0 
80.40 91.6 40.527363 -3.423302 624.4 4 5 324.8 5.273 0 1 0 
81.34 92.2 40.527557 -3.423473 623.9 4 5 326.6 4.570 0 1 0 
82.33 93.6 40.527763 -3.423628 623.5 4 5 329.1 4.219 0 1 0 
83.37 94.0 40.527966 -3.423779 623.4 4 5 331.5 4.922 0 1 0 
84.38 94.1 40.528175 -3.423933 622.9 4 5 332.6 3.516 0 1 0 
85.40 94.4 40.528385 -3.424077 622.6 4 5 333.3 1.758 0 1 0 
86.33 94.4 40.528595 -3.424214 622.1 3 5 333.3 0.703 0 1 0 
87.35 92.4 40.528805 -3.424357 621.8 4 5 333.3 0 0 1 0 
88.42 91.3 40.529007 -3.424490 621.1 3 5 332.9 0.352 0 1 0 
89.34 90.7 40.529198 -3.424621 620.6 3 5 332.2 1.055 0 1 0 
90.34 89.1 40.529396 -3.424757 620.0 3 5 331.5 1.406 0 1 0 
91.40 87.9 40.529598 -3.424909 619.7 4 5 331.2 1.055 1 1 0 
92.34 87.4 40.529793 -3.425053 619.4 4 5 330.5 1.055 0 1 0 
93.34 86.6 40.529968 -3.425184 619.1 4 5 329.4 1.758 0 1 0 
94.38 85.8 40.530148 -3.425334 618.1 4 5 328.4 2.109 0 1 0 
95.34 86.1 40.530327 -3.425489 617.9 4 5 326.2 3.164 0 1 0 
96.35 84.3 40.530506 -3.425652 618.0 4 5 324.1 4.219 0 1 0 
97.34 83.4 40.530666 -3.425817 617.6 4 5 322.0 4.219 0 1 0 
98.33 83.8 40.530819 -3.425987 617.3 4 5 320.6 3.516 0 1 0 
99.37 84.2 40.530972 -3.426165 616.5 4 5 319.6 2.461 0 1 0 
100.34 84.5 40.531132 -3.426346 616.0 4 5 318.5 2.109 0 1 0 
101.36 84.2 40.531284 -3.426536 615.8 4 5 316.8 2.812 0 1 0 
102.34 84.2 40.531441 -3.426717 615.5 4 5 315.0 3.516 0 1 0 
103.35 84.7 40.531590 -3.426921 615.4 4 5 313.9 2.812 0 1 0 
104.39 85.3 40.531738 -3.427131 615.4 4 5 312.5 2.461 0 1 0 
105.34 85.2 40.531887 -3.427347 615.7 4 5 311.1 2.812 0 1 0 
106.34 85.8 40.532028 -3.427562 616.2 4 5 309.4 3.164 0 1 0 
107.36 86.0 40.532162 -3.427783 616.6 4 5 307.3 3.867 0 0 0 
108.35 86.7 40.532288 -3.428016 617.2 4 5 306.6 2.812 0 0 0 
109.38 86.0 40.532413 -3.428245 618.3 4 5 304.8 2.461 0 0 0 
110.39 85.5 40.532536 -3.428478 619.1 4 5 303.4 3.164 0 0 0 
111.35 85.9 40.532650 -3.428717 620.5 4 5 301.3 3.516 0 0 0 
112.35 85.8 40.532764 -3.428956 621.5 4 5 299.5 3.867 0 0 0 
113.36 85.4 40.532864 -3.429211 622.6 4 5 298.5 2.812 0 0 0 
114.35 85.9 40.532974 -3.429470 623.7 4 5 297.4 2.109 0 0 0 
115.37 85.9 40.533070 -3.429725 624.8 4 5 295.7 2.812 0 0 0 
116.35 85.7 40.533157 -3.429981 626.0 4 5 293.9 3.516 0 0 0 
117.39 85.8 40.533241 -3.430244 627.0 4 5 292.5 3.164 1 0 0 
118.35 85.8 40.533318 -3.430499 628.4 4 5 291.4 2.461 0 0 0 
119.34 85.9 40.533394 -3.430758 629.7 4 5 290.0 2.461 0 0 0 
120.35 85.9 40.533459 -3.431022 630.7 4 5 288.3 3.164 0 0 0 
121.34 84.8 40.533520 -3.431283 631.8 4 5 286.9 3.164 0 0 0 
122.40 85.2 40.533577 -3.431553 633.3 4 5 286.2 2.109 0 0 0 
123.36 84.2 40.533627 -3.431819 634.2 4 5 284.4 2.461 0 0 0 
124.40 86.0 40.533680 -3.432104 635.4 4 5 282.0 4.219 0 0 0 
125.35 85.8 40.533726 -3.432374 636.3 4 5 280.5 3.867 0 0 0 
126.34 86.3 40.533764 -3.432663 637.6 6 5 279.1 2.812 0 0 0 
127.33 86.1 40.533794 -3.432938 638.7 6 5 277.7 2.812 0 0 0 
128.35 86.2 40.533821 -3.433219 639.9 4 5 275.6 3.516 0 0 0 
129.36 84.4 40.533836 -3.433498 640.8 4 5 274.9 2.812 0 0 0 
130.36 86.2 40.533848 -3.433780 641.9 4 5 273.5 2.109 0 0 0 
131.38 85.8 40.533859 -3.434055 643.0 4 5 272.1 2.812 0 0 0 
132.35 85.1 40.533867 -3.434331 644.0 6 5 271.8 1.758 0 0 0 
133.34 84.3 40.533878 -3.434596 645.3 6 5 271.4 0.703 0 0 0 
134.33 84.5 40.533875 -3.434887 646.6 6 5 270.4 1.406 0 0 0 
135.39 84.2 40.533878 -3.435160 647.5 6 5 269.6 1.758 0 0 0 
136.34 83.9 40.533878 -3.435434 648.5 6 5 269.3 1.055 0 0 0 
137.38 83.7 40.533875 -3.435710 649.9 6 5 270.0 0.703 0 0 0 
138.40 83.4 40.533878 -3.435975 650.7 6 5 270.0 0.703 0 0 0 
139.33 82.5 40.533878 -3.436243 652.3 6 5 268.9 1.055 0 0 0 
140.34 82.5 40.533871 -3.436509 653.5 6 5 270.0 1.055 0 0 0 
141.37 82.9 40.533875 -3.436784 654.4 6 5 269.3 0.703 0 0 0 
142.33 83.3 40.533875 -3.437055 655.7 6 5 269.3 0.703 0 0 0 
143.39 84.1 40.533875 -3.437333 656.8 6 5 269.3 0 0 0 0 
144.34 84.9 40.533878 -3.437612 658.2 6 5 269.3 0 0 0 0 
145.36 84.9 40.533882 -3.437882 659.4 6 5 270.4 1.055 0 0 0 
146.34 85.2 40.533867 -3.438163 660.7 6 5 268.9 1.406 0 0 0 
147.39 86.4 40.533863 -3.438447 661.7 6 5 269.6 0.703 0 0 0 
148.37 87.6 40.533855 -3.438731 662.7 6 5 270.0 1.055 0 0 0 
149.35 88.2 40.533852 -3.439019 663.4 6 5 270.4 0.703 0 0 0 
150.41 89.2 40.533852 -3.439317 665.0 6 5 269.6 0.703 0 0 0 
151.34 89.7 40.533855 -3.439619 665.9 6 5 268.9 1.406 0 0 0 
152.37 90.0 40.533840 -3.439915 666.9 6 5 268.9 0.703 0 0 0 
153.34 91.8 40.533840 -3.440215 667.6 6 5 269.6 0.703 0 0 0 
154.36 92.9 40.533840 -3.440508 668.1 6 5 269.3 0.352 0 0 0 
155.38 94.1 40.533829 -3.440814 668.4 6 5 269.3 0.352 0 0 0 
156.36 96.3 40.533825 -3.441133 668.8 6 5 269.6 0.352 0 0 0 
157.34 97.6 40.533821 -3.441452 668.9 6 5 269.3 0.352 0 0 0 
158.34 99.6 40.533825 -3.441782 669.2 6 5 269.6 0.352 0 0 0 
159.34 98.7 40.533829 -3.442110 669.1 6 5 269.6 0.352 0 0 0 
160.34 97.1 40.533821 -3.442436 668.9 6 5 268.9 0.703 0 0 0 
161.33 95.4 40.533817 -3.442743 668.2 6 5 269.3 0.352 0 0 0 
162.34 94.7 40.533813 -3.443058 667.6 6 5 269.6 0.703 0 0 0 
163.34 94.0 40.533806 -3.443367 667.2 6 5 269.3 0.352 0 0 0 
164.37 93.2 40.533802 -3.443679 666.6 6 5 269.6 0.352 0 0 0 
165.36 92.4 40.533806 -3.443984 666.1 6 5 270.0 0.703 0 0 0 
166.35 92.0 40.533806 -3.444283 665.5 6 5 270.0 0.352 0 0 0 
167.40 91.1 40.533802 -3.444573 665.2 6 5 269.3 0.703 0 0 0 
168.35 91.6 40.533798 -3.444870 664.9 6 5 269.6 0.352 0 0 0 
169.41 91.3 40.533791 -3.445166 664.4 6 5 268.9 0.703 0 0 0 
170.35 91.2 40.533791 -3.445458 663.9 6 5 270.7 1.758 0 0 0 
171.38 90.9 40.533794 -3.445761 663.6 6 5 270.0 1.055 0 0 0 
172.42 91.5 40.533794 -3.446061 663.2 6 5 270.0 0.703 0 0 0 
173.39 90.5 40.533794 -3.446347 662.5 6 5 270.0 0 0 0 0 
174.35 90.5 40.533806 -3.446629 662.2 6 5 270.0 0 0 0 0 
175.35 90.3 40.533791 -3.446925 661.7 6 5 270.0 0 0 0 0 
176.35 91.0 40.533791 -3.447223 661.2 6 5 269.6 0.352 0 0 0 
177.36 91.2 40.533791 -3.447524 660.9 6 5 269.6 0.352 0 0 0 
178.37 92.0 40.533787 -3.447833 660.5 6 5 268.9 0.703 0 0 0 
179.35 91.5 40.533779 -3.448135 659.9 6 5 269.6 0.703 0 0 0 
180.35 91.9 40.533775 -3.448437 659.5 6 5 268.6 1.055 0 0 0 
181.33 91.8 40.533775 -3.448740 659.1 6 5 270.4 1.758 0 0 0 
182.35 92.7 40.533772 -3.449048 658.6 6 5 269.6 1.055 0 0 0 
183.38 93.5 40.533764 -3.449350 658.2 6 5 269.6 0.703 0 0 0 
184.41 94.0 40.533752 -3.449648 657.5 6 5 269.3 0.352 0 0 0 
185.43 94.2 40.533749 -3.449960 657.2 6 5 269.6 0.352 0 0 0 
186.33 94.4 40.533752 -3.450272 656.9 6 5 269.6 0.352 0 0 0 
187.36 94.1 40.533752 -3.450580 656.7 6 5 269.6 0 0 0 0 
188.34 91.6 40.533752 -3.450887 656.2 6 5 269.6 0 0 0 0 
189.36 91.9 40.533768 -3.451192 655.4 6 5 269.6 0 0 0 0 
190.36 90.8 40.533752 -3.451488 654.8 6 5 269.6 0 0 0 0 
191.36 89.7 40.533756 -3.451793 654.4 6 5 269.3 0.352 0 0 0 
192.33 88.9 40.533764 -3.452090 653.9 6 5 269.6 0.352 0 0 0 
193.33 88.4 40.533760 -3.452383 653.5 8 5 270.0 0.703 0 0 0 
194.34 88.1 40.533760 -3.452681 652.9 6 5 270.0 0.352 0 0 0 
195.41 86.6 40.533752 -3.452972 652.6 6 5 268.6 1.406 0 0 0 
196.34 86.8 40.533749 -3.453259 651.9 6 5 269.6 1.055 0 0 0 
197.34 86.2 40.533749 -3.453544 651.7 6 5 269.6 1.055 0 0 0 
198.35 86.0 40.533737 -3.453817 651.4 6 5 270.0 0.352 0 0 0 
199.41 86.1 40.533730 -3.454102 650.9 6 5 269.3 0.703 0 0 0 
200.36 86.6 40.533726 -3.454380 650.2 8 5 269.3 0.703 0 0 0 
201.33 86.5 40.533726 -3.454671 649.6 6 5 269.3 0 0 0 0 
202.34 85.6 40.533718 -3.454947 649.7 6 5 269.6 0.352 0 0 0 
203.34 86.7 40.533722 -3.455235 649.1 6 5 269.6 0.352 0 0 0 
204.34 85.9 40.533722 -3.455521 648.8 6 5 269.6 0 0 0 0 
205.34 85.5 40.533714 -3.455801 648.6 6 5 269.6 0 0 0 0 
206.35 83.5 40.533710 -3.456083 647.9 6 5 269.6 0 0 0 0 
207.33 82.3 40.533714 -3.456359 647.4 6 5 270.0 0.352 0 0 0 
208.38 81.9 40.533714 -3.456623 647.1 6 5 269.6 0.352 0 0 0 
209.34 81.8 40.533710 -3.456893 646.8 6 5 269.3 0.703 0 0 0 
210.35 82.3 40.533707 -3.457165 646.4 6 5 270.0 0.703 0 0 0 
211.36 82.9 40.533707 -3.457429 646.3 6 5 269.3 0.703 0 0 0 
212.37 83.7 40.533707 -3.457699 646.4 6 5 269.6 0.352 0 0 0 
213.34 84.4 40.533714 -3.457984 646.3 6 5 270.0 0.703 0 0 0 
214.34 85.0 40.533710 -3.458261 646.7 6 5 269.6 0.352 0 0 0 
215.34 84.9 40.533707 -3.458529 646.9 6 5 268.6 1.406 0 0 0 
216.35 86.1 40.533710 -3.458813 647.2 6 5 270.0 1.406 0 0 0 
217.34 86.3 40.533714 -3.459097 647.2 6 5 269.6 1.055 0 0 0 
218.39 86.8 40.533718 -3.459384 647.2 6 5 269.6 0.352 0 0 0 
219.34 86.8 40.533718 -3.459673 647.6 4 5 269.6 0 0 0 0 
220.36 87.5 40.533714 -3.459960 647.7 4 5 269.3 0.352 0 0 0 
221.35 87.4 40.533714 -3.460257 647.7 6 5 269.3 0.352 0 0 0 
222.34 86.7 40.533714 -3.460546 648.2 4 5 269.6 0.352 0 0 0 
223.35 85.7 40.533722 -3.460828 648.2 4 5 269.6 0.352 0 0 0 
224.34 85.3 40.533722 -3.461108 648.1 4 5 269.6 0 0 0 0 
225.35 85.7 40.533726 -3.461391 648.4 4 5 269.6 0 0 0 0 
226.36 86.1 40.533733 -3.461678 648.7 4 5 270.0 0.352 0 0 0 
227.37 87.0 40.533741 -3.461965 649.1 4 5 270.0 0.352 0 0 0 
228.35 87.5 40.533745 -3.462245 649.7 4 5 269.6 0.352 0 0 0 
229.39 87.9 40.533741 -3.462527 650.0 4 5 269.3 0.703 0 0 0 
230.35 88.7 40.533741 -3.462815 650.3 4 5 268.9 0.703 0 0 0 
231.34 88.7 40.533741 -3.463100 651.0 4 5 269.3 0.352 0 0 0 
232.33 89.4 40.533737 -3.463396 651.2 6 5 269.6 0.703 0 0 0 
233.36 89.5 40.533741 -3.463689 651.7 4 5 269.6 0.352 0 0 0 
234.35 89.8 40.533733 -3.463986 652.3 4 5 269.6 0 0 0 0 
235.43 89.7 40.533722 -3.464278 652.5 4 5 269.6 0 0 0 0 
236.37 88.9 40.533733 -3.464565 652.7 4 5 270.0 0.352 0 0 0 
237.34 88.1 40.533733 -3.464850 652.9 4 5 270.7 1.055 0 0 0 
238.34 88.7 40.533741 -3.465142 653.5 4 5 272.1 2.109 0 0 0 
239.35 87.9 40.533756 -3.465443 653.9 6 5 274.2 3.516 0 0 0 
240.35 89.3 40.533779 -3.465732 654.5 6 5 276.7 4.570 0 0 0 
241.36 89.9 40.533806 -3.466026 654.9 6 5 279.1 4.922 0 0 0 
242.42 90.0 40.533848 -3.466330 655.2 6 5 282.0 5.273 0 0 0 
243.34 90.3 40.533901 -3.466611 655.8 6 5 284.8 5.625 0 0 0 
244.38 90.7 40.533966 -3.466901 656.1 4 5 287.9 5.977 0 0 0 
245.34 90.6 40.534061 -3.467183 656.2 6 5 290.7 5.977 0 0 0 
246.34 90.5 40.534149 -3.467455 657.1 6 5 293.9 5.977 0 0 0 
247.33 91.2 40.534248 -3.467723 657.5 4 5 296.7 5.977 0 0 0 
248.37 91.6 40.534355 -3.467988 657.7 4 5 299.5 5.625 0 0 0 
249.33 92.5 40.534473 -3.468243 658.7 4 5 303.0 6.328 0 0 0 
250.35 93.2 40.534603 -3.468489 659.1 4 5 306.2 6.680 0 0 0 
251.36 93.2 40.534744 -3.468728 659.5 4 5 308.7 5.625 0 0 0 
252.33 94.0 40.534897 -3.468960 660.0 4 5 311.5 5.273 0 0 0 
253.43 93.9 40.535061 -3.469181 660.4 4 5 315.0 6.328 0 0 0 
254.40 95.1 40.535252 -3.469389 660.9 4 5 317.8 6.328 0 0 0 
255.33 95.9 40.535439 -3.469574 661.6 4 5 321.3 6.328 0 0 0 
256.37 96.2 40.535625 -3.469765 662.0 4 5 324.5 6.680 0 0 0 
257.34 96.6 40.535839 -3.469945 662.4 4 5 327.3 5.977 0 0 0 
258.33 96.5 40.536041 -3.470112 662.9 4 5 330.1 5.625 0 0 0 
259.36 97.4 40.536255 -3.470264 663.5 4 5 333.3 5.977 0 0 0 
260.37 99.0 40.536488 -3.470387 663.9 4 5 336.8 6.680 0 0 0 
261.34 98.1 40.536713 -3.470501 664.5 4 5 339.3 5.977 0 0 0 
262.33 98.3 40.536945 -3.470596 664.7 4 5 342.8 5.977 0 0 0 
263.35 98.9 40.537193 -3.470683 665.2 4 5 344.9 5.625 0 0 0 
264.34 99.5 40.537430 -3.470759 665.8 3 5 345.2 2.461 0 0 0 
265.35 99.2 40.537670 -3.470846 666.2 4 5 345.2 0.352 0 0 0 
266.41 99.9 40.537907 -3.470930 667.0 4 5 345.6 0.352 0 0 0 
267.34 100.5 40.538151 -3.471013 667.4 4 5 345.2 0.352 0 0 0 
268.42 101.7 40.538399 -3.471098 667.8 3 5 345.2 0.352 0 0 0 
269.34 101.7 40.538647 -3.471183 668.4 3 5 345.2 0 0 0 0 
270.39 101.5 40.538883 -3.471272 668.9 4 5 345.6 0.352 0 0 0 
271.34 101.6 40.539150 -3.471358 669.4 4 5 345.9 0.703 0 0 0 
272.37 101.6 40.539398 -3.471439 669.7 4 5 345.9 0.352 0 0 0 
273.34 102.4 40.539650 -3.471505 670.1 6 5 346.3 0.352 0 0 0 
274.35 101.6 40.539906 -3.471591 670.2 6 5 345.6 0.703 0 0 0 
275.36 101.2 40.540142 -3.471673 670.7 4 5 345.2 1.055 0 0 0 
276.33 98.3 40.540371 -3.471753 671.2 4 5 345.9 0.703 0 0 0 
277.34 95.9 40.540607 -3.471824 671.2 4 5 345.9 0.703 0 0 0 
278.33 93.6 40.540836 -3.471897 671.5 4 5 345.9 0 0 0 0 
279.33 91.4 40.541061 -3.471972 672.1 4 5 345.9 0 0 0 0 
280.34 89.6 40.541279 -3.472045 672.4 4 5 345.6 0.352 0 0 0 
281.36 87.3 40.541489 -3.472118 672.8 4 5 345.9 0.352 0 0 0 
282.35 84.8 40.541691 -3.472189 672.7 4 5 346.3 0.703 0 0 0 
283.35 83.6 40.541885 -3.472254 673.1 4 5 345.6 0.703 0 0 0 
284.35 82.0 40.542080 -3.472316 673.6 4 5 345.6 0.703 0 0 0 
285.43 82.0 40.542282 -3.472379 674.1 4 5 345.2 0.352 0 0 0 
286.35 81.8 40.542480 -3.472443 674.5 4 5 345.9 0.703 0 0 0 
287.35 82.1 40.542679 -3.472507 675.4 4 5 345.9 0.703 0 0 0 
288.37 82.0 40.542889 -3.472579 676.0 4 5 346.3 0.352 0 0 0 
289.36 82.8 40.543087 -3.472641 676.8 4 5 345.9 0.352 0 0 0 
290.42 83.5 40.543289 -3.472717 677.4 4 5 345.6 0.703 0 0 0 
291.37 83.7 40.543495 -3.472795 678.3 4 5 345.2 0.703 0 0 0 
292.41 83.4 40.543697 -3.472864 679.0 4 5 345.6 0.352 0 0 0 
293.35 82.7 40.543903 -3.472923 679.7 6 5 345.9 0.703 0 0 0 
294.42 81.1 40.544102 -3.472986 680.0 6 5 345.2 0.703 0 0 0 
295.35 81.5 40.544304 -3.473053 681.1 6 5 346.3 1.055 0 0 0 
296.36 82.1 40.544502 -3.473114 682.0 4 5 345.6 0.703 0 0 0 
297.37 81.6 40.544697 -3.473178 682.4 4 5 345.6 0.703 0 0 0 
298.33 81.7 40.544891 -3.473242 683.5 4 5 345.6 0 0 0 0 
299.38 81.1 40.545090 -3.473305 684.4 6 5 345.6 0 0 0 0 
300.35 81.3 40.545296 -3.473381 685.4 6 5 345.6 0 0 0 0 
301.38 81.7 40.545490 -3.473443 686.1 6 5 345.6 0 0 0 0 
302.35 80.3 40.545692 -3.473513 686.8 6 5 344.9 0.703 0 0 0 
303.36 80.2 40.545883 -3.473574 687.3 4 5 345.2 0.352 0 0 0 
304.39 79.9 40.546078 -3.473644 688.0 4 5 345.2 0.352 0 0 0 
305.33 80.0 40.546272 -3.473707 688.8 4 5 345.2 0 0 0 0 
306.36 78.6 40.546471 -3.473766 689.6 4 5 344.2 1.055 0 0 0 
307.36 76.5 40.546654 -3.473843 690.2 4 5 343.8 1.406 0 0 0 
308.36 77.0 40.546841 -3.473913 691.0 4 5 343.5 0.703 0 0 0 
309.34 78.2 40.547031 -3.473986 691.8 6 5 342.8 1.055 0 0 0 
310.34 78.0 40.547211 -3.474063 692.5 4 5 342.1 1.406 0 0 0 
311.33 78.2 40.547394 -3.474149 693.4 4 5 341.0 1.758 0 0 0 
312.33 78.2 40.547581 -3.474230 694.3 4 5 340.3 1.758 0 0 0 
313.39 79.2 40.547760 -3.474320 695.0 4 5 339.6 1.406 0 0 0 
314.33 79.2 40.547947 -3.474416 695.6 4 5 338.2 2.109 0 0 0 
315.35 80.2 40.548134 -3.474518 696.5 4 5 337.9 1.758 0 0 0 
316.34 80.2 40.548317 -3.474623 697.1 3 5 336.4 1.758 0 0 0 
317.33 80.4 40.548504 -3.474730 697.9 3 5 335.7 2.109 0 0 0 
318.36 80.0 40.548683 -3.474844 698.6 3 5 335.0 1.406 0 0 0 
319.42 79.3 40.548866 -3.474952 699.3 3 5 333.6 2.109 0 0 0 
320.33 80.3 40.549042 -3.475073 700.3 3 5 332.9 2.109 0 0 0 
321.33 80.4 40.549221 -3.475198 701.2 3 5 332.2 1.406 1 0 0 
322.34 80.6 40.549404 -3.475324 701.7 4 5 331.9 1.055 0 0 0 
323.33 79.7 40.549583 -3.475444 702.4 4 5 330.8 1.406 0 0 0 
324.38 78.3 40.549747 -3.475576 702.9 4 5 329.4 2.461 0 0 0 
325.36 75.1 40.549908 -3.475708 703.7 6 5 328.7 2.109 1 0 0 
326.37 73.8 40.550072 -3.475841 704.2 6 5 327.7 1.758 1 0 0 
327.34 74.1 40.550224 -3.475972 704.9 4 5 327.3 1.406 0 0 0 
328.35 74.4 40.550377 -3.476100 705.8 4 5 326.6 1.055 0 0 0 
329.34 74.1 40.550529 -3.476237 706.4 4 5 325.9 1.406 0 0 0 
330.37 74.3 40.550690 -3.476375 707.2 4 5 324.5 2.109 0 0 0 
331.34 75.3 40.550838 -3.476514 708.2 4 5 323.4 2.461 0 0 0 
332.39 75.8 40.550983 -3.476661 708.9 4 5 322.7 1.758 1 0 0 
333.43 76.8 40.551136 -3.476815 709.9 4 5 322.0 1.406 0 0 0 
334.35 77.7 40.551289 -3.476969 710.8 4 5 321.3 1.406 0 0 0 
335.36 78.2 40.551434 -3.477140 711.5 4 5 319.9 2.109 0 0 0 
336.40 79.6 40.551579 -3.477307 712.2 4 5 319.2 2.109 0 0 0 
337.34 80.4 40.551727 -3.477485 713.0 4 5 317.8 2.109 0 0 0 
338.42 81.8 40.551876 -3.477663 713.8 4 5 317.1 2.109 1 0 0 
339.37 81.7 40.552025 -3.477841 714.7 4 5 316.4 1.406 1 1 0 
340.35 82.2 40.552166 -3.478025 715.6 4 5 316.1 1.055 1 1 0 
341.35 81.6 40.552303 -3.478215 716.4 4 5 314.6 1.758 0 1 0 
342.37 80.0 40.552448 -3.478407 717.3 4 5 313.6 2.461 0 1 0 
343.35 77.5 40.552589 -3.478584 717.7 4 5 312.9 1.758 1 1 0 
344.34 75.9 40.552719 -3.478774 718.3 4 5 311.5 2.109 1 1 0 
345.35 75.9 40.552845 -3.478960 719.2 4 5 311.1 1.758 2 1 0 
346.33 76.1 40.552967 -3.479150 719.9 4 5 311.5 0.352 1 1 0 
347.35 75.7 40.553093 -3.479339 720.1 4 5 311.5 0.352 0 1 0 
348.42 75.7 40.553219 -3.479525 720.9 6 5 311.5 0 0 1 0 
349.35 76.8 40.553341 -3.479721 722.1 6 5 310.4 1.055 0 1 0 
350.35 77.7 40.553455 -3.479954 722.7 6 5 305.9 5.625 0 1 0 
351.33 77.9 40.553577 -3.480148 723.2 6 5 306.2 4.219 0 1 0 
352.43 79.2 40.553703 -3.480339 723.5 6 5 305.2 1.055 0 1 0 
353.37 79.6 40.553825 -3.480542 724.2 8 5 304.5 1.758 0 1 0 
354.36 81.0 40.553925 -3.480767 724.7 8 5 303.0 2.109 0 1 0 
355.33 84.8 40.554031 -3.481000 725.3 8 5 300.9 3.516 1 1 0 
356.44 82.5 40.554138 -3.481241 725.6 8 5 301.3 1.758 1 2 0 
357.35 82.7 40.554237 -3.481483 725.9 8 5 299.9 1.406 1 2 0 
358.34 83.1 40.554337 -3.481720 726.3 8 5 299.5 1.758 0 2 0 
359.34 81.4 40.554436 -3.481964 726.7 8 5 298.8 1.055 0 2 0 
360.33 80.5 40.554523 -3.482209 726.8 6 5 297.8 1.758 0 2 0 
361.36 79.6 40.554619 -3.482447 726.9 6 5 297.1 1.758 0 2 0 
362.36 79.3 40.554714 -3.482689 727.1 6 5 295.3 2.461 0 2 0 
363.34 79.2 40.554794 -3.482920 727.9 6 5 294.6 2.461 0 2 0 
364.35 79.2 40.554871 -3.483149 727.7 6 5 293.9 1.406 0 2 0 
365.36 79.7 40.554951 -3.483391 728.2 6 5 292.9 1.758 1 2 0 
366.41 80.8 40.555023 -3.483630 728.5 6 5 291.8 2.109 1 2 0 
367.36 80.7 40.555092 -3.483874 728.8 4 5 291.4 1.406 1 2 0 
368.34 81.2 40.555172 -3.484124 729.3 4 5 290.7 1.055 1 2 0 
369.34 82.4 40.555244 -3.484369 729.3 6 5 290.0 1.406 1 2 0 
370.35 82.9 40.555305 -3.484622 729.7 6 5 289.0 1.758 0 3 0 
371.36 83.9 40.555386 -3.484893 729.8 6 5 287.6 2.461 0 3 0 
372.36 84.3 40.555443 -3.485156 730.1 4 5 286.5 2.461 0 3 0 
373.36 85.5 40.555500 -3.485423 730.3 4 5 285.1 2.461 1 3 0 
374.38 86.5 40.555557 -3.485698 730.8 4 5 284.8 1.758 1 3 0 
375.33 86.8 40.555607 -3.485975 731.1 6 5 283.7 1.406 1 3 0 
376.35 87.5 40.555653 -3.486242 731.0 6 5 283.0 1.758 1 3 0 
377.38 87.9 40.555698 -3.486515 731.7 6 5 282.0 1.758 0 3 0 
378.33 88.5 40.555733 -3.486803 731.7 6 5 280.5 2.461 0 3 0 
379.33 89.6 40.555767 -3.487095 732.6 6 5 280.2 1.758 0 3 0 
380.33 90.4 40.555801 -3.487388 732.8 4 5 279.5 1.055 0 3 0 
381.33 89.7 40.555832 -3.487680 733.4 4 5 278.1 2.109 0 3 0 
382.41 89.4 40.555866 -3.487983 733.7 4 5 276.7 2.812 0 3 0 
383.33 86.6 40.555885 -3.488261 733.5 4 5 274.9 3.164 0 3 0 
384.33 85.4 40.555897 -3.488545 735.0 4 5 272.8 3.867 1 3 0 
385.34 84.7 40.555908 -3.488819 734.8 4 5 272.1 2.812 1 3 0 
386.33 83.9 40.555916 -3.489099 735.0 4 5 271.1 1.758 1 3 0 
387.33 84.4 40.555916 -3.489373 735.3 4 5 268.9 3.164 1 3 0 
388.34 84.2 40.555901 -3.489647 735.5 4 5 266.8 4.219 1 3 0 
389.36 84.0 40.555889 -3.489920 735.8 4 5 265.1 3.867 1 4 0 
390.39 83.2 40.555866 -3.490193 736.1 4 5 261.2 5.625 1 4 0 
391.34 84.7 40.555828 -3.490463 736.7 4 5 261.2 3.867 1 4 0 
392.35 82.9 40.555794 -3.490736 736.7 4 5 259.1 2.109 0 4 0 
393.34 80.7 40.555756 -3.490997 736.9 4 5 257.3 3.867 0 4 0 
394.34 78.7 40.555710 -3.491240 737.1 4 5 255.6 3.516 1 4 0 
395.40 77.2 40.555660 -3.491489 737.0 4 5 253.5 3.867 1 4 0 
396.34 76.1 40.555599 -3.491735 737.4 4 5 252.1 3.516 1 4 0 
397.34 75.7 40.555531 -3.491969 737.6 4 5 250.7 2.812 1 4 0 
398.34 77.0 40.555462 -3.492198 738.0 6 5 249.6 2.461 1 5 1 
399.33 78.0 40.555386 -3.492438 738.2 6 5 247.1 3.516 0 4 0 
400.44 79.3 40.555309 -3.492684 738.4 6 5 245.7 3.867 0 4 0 
401.34 79.3 40.555222 -3.492913 738.7 6 5 243.6 3.516 0 4 0 
402.34 80.0 40.555134 -3.493160 738.7 6 5 242.9 2.812 0 4 0 
403.35 79.2 40.555038 -3.493393 738.9 6 5 242.2 1.406 0 4 0 
404.34 79.4 40.554947 -3.493642 739.0 6 5 242.6 0.352 0 4 0 
405.35 79.3 40.554855 -3.493860 739.1 6 5 242.9 0.703 0 4 0 
406.35 78.7 40.554771 -3.494087 739.3 6 5 244.3 1.758 0 4 0 
407.40 78.2 40.554691 -3.494316 739.3 6 5 245.4 2.461 0 4 0 
408.35 78.1 40.554623 -3.494569 739.3 6 5 247.5 3.164 0 4 0 
409.35 77.7 40.554546 -3.494792 739.7 6 5 249.3 3.867 0 4 0 
410.35 77.8 40.554478 -3.495029 739.8 6 5 251.7 4.219 0 4 0 
411.41 78.7 40.554420 -3.495280 740.0 4 5 253.5 4.219 0 4 0 
412.35 78.2 40.554363 -3.495531 740.4 6 5 254.5 2.812 0 4 0 
413.35 80.3 40.554321 -3.495790 740.8 6 5 257.7 4.219 0 4 0 
414.38 81.1 40.554283 -3.496050 741.2 4 5 260.2 5.625 0 4 0 
415.37 82.0 40.554249 -3.496312 741.0 4 5 261.9 4.219 0 4 0 
416.35 82.6 40.554234 -3.496583 741.4 4 5 264.4 4.219 0 3 0 
417.35 83.0 40.554218 -3.496855 741.9 6 5 266.1 4.219 0 3 0 
418.36 84.1 40.554211 -3.497135 742.1 6 5 269.3 4.922 0 3 0 
419.35 81.6 40.554203 -3.497407 741.9 6 5 270.0 3.867 0 3 0 
420.34 80.4 40.554211 -3.497671 742.2 6 5 272.5 3.164 0 3 0 
421.34 80.1 40.554226 -3.497921 742.3 6 5 274.9 4.922 0 3 0 
422.40 80.1 40.554253 -3.498180 742.5 4 5 278.1 5.625 0 3 0 
423.33 80.3 40.554287 -3.498443 742.5 4 5 280.2 5.273 0 3 0 
424.36 80.7 40.554329 -3.498703 742.6 4 5 282.3 4.219 0 3 0 
425.36 81.0 40.554375 -3.498977 742.7 4 5 282.3 2.109 0 3 0 
426.36 80.4 40.554424 -3.499244 743.1 4 5 285.1 2.812 0 3 0 
427.34 79.2 40.554474 -3.499500 743.0 4 5 286.5 4.219 0 3 0 
428.33 78.9 40.554535 -3.499747 742.3 4 5 286.5 1.406 0 3 0 
429.45 78.6 40.554588 -3.499986 741.4 4 5 286.2 0.352 0 3 0 
430.33 77.8 40.554642 -3.500234 740.5 4 5 286.2 0.352 0 2 0 
431.33 77.3 40.554703 -3.500480 739.8 4 5 290.4 4.219 0 2 0 
432.33 77.0 40.554783 -3.500705 739.2 4 5 295.7 9.492 0 2 0 
433.34 76.8 40.554867 -3.500928 738.4 4 5 299.2 8.789 0 2 0 
434.35 76.5 40.554966 -3.501138 737.6 4 5 302.3 6.680 0 2 0 
435.35 76.8 40.555069 -3.501341 736.8 4 5 303.8 4.570 0 2 0 
436.33 76.6 40.555180 -3.501549 735.8 4 5 305.2 2.812 0 2 0 
437.33 77.3 40.555294 -3.501760 734.9 4 5 305.5 1.758 0 2 0 
438.34 76.7 40.555405 -3.501961 734.1 3 5 305.5 0.352 0 2 0 
439.36 77.4 40.555515 -3.502173 732.9 4 5 304.5 1.055 0 2 0 
440.34 77.4 40.555630 -3.502375 732.1 4 5 303.8 1.758 0 2 0 
441.34 78.3 40.555733 -3.502592 730.9 4 5 301.6 2.812 0 2 0 
442.33 77.9 40.555836 -3.502815 730.1 4 5 299.5 4.219 0 2 0 
443.34 78.8 40.555935 -3.503042 729.1 4 5 298.1 3.516 0 2 0 
444.33 77.6 40.556026 -3.503275 727.8 4 5 296.7 2.812 1 2 0 
445.34 77.4 40.556114 -3.503499 727.3 4 5 296.0 2.109 1 2 0 
446.34 77.5 40.556202 -3.503723 726.1 4 5 295.3 1.406 0 2 0 
447.35 78.4 40.556282 -3.503961 725.0 4 5 293.2 2.812 0 1 0 
448.34 78.2 40.556355 -3.504205 724.2 6 5 291.1 4.219 0 1 0 
449.34 77.8 40.556423 -3.504444 723.2 6 5 289.3 3.867 0 1 0 
450.41 78.2 40.556480 -3.504694 722.4 6 5 287.6 3.516 0 1 0 
451.34 78.0 40.556541 -3.504931 720.9 6 5 285.8 3.516 0 1 0 
452.35 78.1 40.556587 -3.505171 720.1 6 5 283.7 3.867 0 1 0 
453.34 78.2 40.556633 -3.505418 718.7 6 5 282.7 3.164 0 1 0 
454.35 75.9 40.556671 -3.505660 717.5 6 5 282.0 1.758 1 1 0 
455.36 76.9 40.556713 -3.505900 716.5 6 5 279.1 3.516 1 1 0 
456.35 78.2 40.556740 -3.506165 715.4 6 5 277.7 4.219 2 1 0 
457.35 78.2 40.556763 -3.506419 714.7 6 5 276.3 2.812 1 1 0 
458.35 78.6 40.556778 -3.506674 713.5 6 5 274.6 3.164 1 1 0 
459.34 79.4 40.556782 -3.506926 712.5 4 5 272.8 3.516 0 1 0 
460.35 80.4 40.556786 -3.507190 711.2 4 5 271.1 3.516 0 1 0 
461.35 81.3 40.556782 -3.507464 710.4 4 5 269.6 3.164 0 1 0 
462.41 81.3 40.556774 -3.507729 709.6 4 5 266.5 4.570 0 1 0 
463.35 81.0 40.556759 -3.507996 708.0 4 5 267.5 2.109 1 1 0 
464.39 80.9 40.556751 -3.508264 707.4 4 5 267.5 1.055 1 1 0 
465.35 81.6 40.556740 -3.508526 706.1 4 5 267.2 0.352 0 1 0 
466.35 81.0 40.556728 -3.508784 705.2 6 5 268.6 1.406 0 1 0 
467.35 81.1 40.556732 -3.509055 703.5 6 5 267.9 0.703 0 1 0 
468.35 81.2 40.556740 -3.509317 702.8 6 5 271.1 3.164 0 1 0 
469.33 81.6 40.556747 -3.509584 701.9 6 5 272.8 4.922 0 1 0 
470.35 82.4 40.556763 -3.509853 700.8 6 5 275.6 4.570 0 1 0 
471.44 81.1 40.556778 -3.510112 699.7 6 5 276.0 3.164 0 1 0 
472.36 83.5 40.556808 -3.510382 698.9 6 5 279.5 3.867 0 1 0 
473.35 84.9 40.556850 -3.510648 697.6 6 5 281.6 5.625 0 1 0 
474.37 85.3 40.556896 -3.510920 696.5 6 5 283.4 3.867 0 1 0 
475.35 84.9 40.556950 -3.511190 695.6 6 5 285.8 4.219 0 1 0 
476.34 84.5 40.557018 -3.511461 694.4 6 5 287.9 4.570 0 1 0 
477.42 84.9 40.557091 -3.511724 693.0 6 5 289.7 3.867 0 1 0 
478.37 84.6 40.557171 -3.511981 692.0 4 5 291.8 3.867 0 1 0 
479.43 84.5 40.557255 -3.512233 690.9 4 5 293.6 3.867 0 1 0 
480.40 84.3 40.557350 -3.512487 689.8 4 5 296.0 4.219 0 1 0 
481.36 84.2 40.557446 -3.512734 688.7 4 5 298.1 4.570 0 1 0 
482.33 84.5 40.557552 -3.512976 687.8 4 5 299.9 3.867 1 1 0 
483.33 83.8 40.557663 -3.513219 686.9 4 5 302.3 4.219 0 1 0 
484.43 84.5 40.557781 -3.513444 685.6 3 5 304.5 4.570 0 1 0 
485.37 84.3 40.557903 -3.513671 684.6 3 5 306.6 4.219 0 1 0 
486.33 84.2 40.558033 -3.513893 683.5 4 5 309.0 4.570 0 1 0 
487.36 84.0 40.558174 -3.514111 682.3 4 5 311.1 4.570 0 1 0 
488.33 83.9 40.558319 -3.514314 681.2 4 5 312.9 3.867 0 1 0 
489.36 83.6 40.558464 -3.514511 679.9 3 5 313.9 2.812 0 1 0 
490.35 83.4 40.558613 -3.514700 679.1 4 5 315.7 2.812 0 1 0 
491.33 82.9 40.558762 -3.514884 677.9 3 5 318.2 4.219 0 1 0 
492.35 82.5 40.558918 -3.515052 677.3 3 5 320.6 4.922 0 1 0 
493.34 82.6 40.559082 -3.515216 676.5 3 5 323.1 4.922 0 1 0 
494.41 82.2 40.559246 -3.515372 675.7 4 5 324.5 3.867 0 1 0 
495.33 81.8 40.559418 -3.515523 674.8 4 5 326.6 3.516 0 1 0 
496.38 82.9 40.559597 -3.515668 674.1 4 5 328.7 4.219 0 1 0 
497.35 81.6 40.559769 -3.515791 673.4 4 5 330.5 3.867 0 1 0 
498.34 81.9 40.559959 -3.515918 672.8 4 5 332.9 4.219 0 1 0 
499.33 80.8 40.560143 -3.516037 671.8 4 5 334.0 3.516 0 1 0 
500.45 82.9 40.560326 -3.516136 671.1 4 5 337.1 4.219 0 1 0 
501.34 80.3 40.560520 -3.516237 670.3 4 5 338.2 4.219 0 1 0 
502.39 80.5 40.560703 -3.516335 669.6 4 5 340.3 3.164 0 1 0 
503.35 81.1 40.560902 -3.516422 669.0 4 5 342.1 3.867 0 1 0 
504.38 80.6 40.561092 -3.516495 668.2 4 5 344.9 4.570 0 1 0 
505.39 81.7 40.561298 -3.516567 667.5 4 5 346.3 4.219 0 1 0 
506.34 80.1 40.561493 -3.516618 667.0 4 5 348.4 3.516 0 1 0 
507.34 80.8 40.561687 -3.516673 666.1 6 5 349.8 3.516 0 1 0 
508.34 80.9 40.561882 -3.516715 665.4 6 5 352.3 3.867 0 1 0 
509.35 83.9 40.562088 -3.516751 664.9 6 5 352.3 2.461 0 1 0 
510.34 85.9 40.562286 -3.516790 664.1 6 5 353.0 0.703 0 1 0 
511.34 85.4 40.562504 -3.516816 663.6 6 5 354.0 1.758 0 1 0 
512.34 86.1 40.562721 -3.516838 662.9 6 5 354.7 1.758 0 1 0 
513.38 86.0 40.562939 -3.516875 662.2 6 5 353.7 1.055 0 1 0 
514.35 85.8 40.563148 -3.516906 661.4 6 5 353.3 1.406 0 1 0 
515.44 86.4 40.563366 -3.516941 660.5 6 5 352.6 1.055 0 1 0 
516.46 87.0 40.563583 -3.516981 659.7 6 5 350.9 2.461 1 1 0 
517.35 85.7 40.563789 -3.517019 659.1 6 5 351.9 1.055 1 1 0 
518.40 86.6 40.563995 -3.517066 658.3 6 5 350.5 1.406 0 0 0 
519.36 86.9 40.564209 -3.517123 657.5 6 5 349.1 2.812 0 0 0 
520.34 87.1 40.564419 -3.517187 656.7 6 5 348.0 2.461 0 0 0 
521.40 88.7 40.564632 -3.517257 656.3 6 5 346.3 2.812 0 0 0 
522.35 90.2 40.564838 -3.517323 656.0 6 5 344.5 3.516 0 0 0 
523.35 90.6 40.565056 -3.517398 655.2 6 5 343.1 3.164 0 0 0 
524.37 89.2 40.565277 -3.517480 654.8 6 5 342.4 2.109 1 0 0 
525.35 88.3 40.565479 -3.517567 654.4 6 5 341.7 1.406 1 0 0 
526.37 86.9 40.565693 -3.517670 654.1 6 5 341.0 1.406 1 0 0 
527.35 86.0 40.565899 -3.517766 653.7 6 5 340.0 1.758 0 1 0 
528.41 85.8 40.566101 -3.517868 653.3 4 5 338.6 2.461 0 1 0 
529.36 85.6 40.566307 -3.517978 653.3 4 5 337.1 2.812 0 1 0 
530.34 85.4 40.566509 -3.518092 653.2 4 5 336.1 2.461 1 1 0 
531.35 85.3 40.566700 -3.518206 653.1 4 5 335.4 1.758 1 1 0 
532.37 84.4 40.566891 -3.518327 653.4 4 5 334.3 1.758 0 1 0 
533.36 85.6 40.567078 -3.518450 653.5 4 5 333.3 2.109 0 1 0 
534.38 85.8 40.567265 -3.518586 653.5 4 5 331.9 2.461 0 1 0 
535.36 87.0 40.567455 -3.518722 654.0 4 5 330.5 2.812 0 1 0 
536.33 87.8 40.567646 -3.518862 654.4 4 5 330.1 1.758 1 1 0 
537.38 89.4 40.567837 -3.519008 654.8 4 5 328.7 1.758 0 1 0 
538.33 89.1 40.568027 -3.519156 655.4 4 5 327.7 2.461 0 1 0 
539.33 89.7 40.568214 -3.519314 655.7 4 5 326.2 2.461 0 1 0 
540.35 88.5 40.568398 -3.519479 655.3 4 5 324.5 3.164 1 1 0 
541.34 88.2 40.568584 -3.519652 655.7 4 5 323.8 2.461 1 1 0 
542.34 87.6 40.568760 -3.519836 656.1 4 5 322.4 2.109 1 1 0 
543.34 85.4 40.568932 -3.520014 656.1 4 5 321.3 2.461 2 1 0 
544.40 81.9 40.569096 -3.520185 656.3 4 5 319.9 2.461 2 1 0 
545.35 82.2 40.569260 -3.520358 656.5 4 5 319.9 1.406 1 2 0 
546.39 82.0 40.569412 -3.520537 656.6 4 5 318.9 1.055 1 2 0 
547.36 82.3 40.569557 -3.520716 657.0 4 5 317.8 2.109 1 2 0 
548.33 83.1 40.569706 -3.520898 657.4 3 5 317.1 1.758 0 2 0 
549.38 83.5 40.569862 -3.521086 657.8 3 5 316.1 1.758 0 2 0 
550.34 83.6 40.570007 -3.521286 658.0 4 5 314.3 2.812 0 2 0 
551.34 84.6 40.570156 -3.521476 658.1 4 5 313.6 2.461 0 2 0 
552.35 85.8 40.570297 -3.521671 658.5 4 5 312.2 2.109 0 2 0 
553.34 85.9 40.570442 -3.521877 658.7 4 5 310.8 2.812 0 2 0 
554.33 85.0 40.570580 -3.522096 658.9 4 5 309.7 2.461 0 2 0 
555.33 83.5 40.570713 -3.522311 659.1 4 5 308.7 2.109 0 2 0 
556.34 82.2 40.570843 -3.522531 659.2 4 5 308.0 1.758 2 2 0 
557.35 82.0 40.570965 -3.522745 659.3 4 5 306.9 1.758 0 2 0 
558.40 80.6 40.571083 -3.522967 659.2 4 5 304.5 3.516 1 2 0 
559.34 81.0 40.571198 -3.523188 659.4 3 5 304.5 2.461 0 2 0 
560.34 79.5 40.571304 -3.523400 659.4 3 5 303.8 0.703 1 2 0 
561.35 78.3 40.571415 -3.523621 659.1 3 5 302.7 1.758 1 2 0 
562.38 77.5 40.571518 -3.523837 658.9 3 5 300.9 2.812 1 3 0 
563.34 76.0 40.571617 -3.524057 658.5 3 5 300.2 2.461 1 3 0 
564.37 75.9 40.571716 -3.524276 658.4 3 5 299.5 1.406 1 3 0 
565.39 75.4 40.571808 -3.524494 657.9 3 5 298.5 1.758 1 3 0 
566.33 75.3 40.571896 -3.524711 657.5 3 5 297.8 1.758 0 3 0 
567.35 76.5 40.571980 -3.524930 657.0 3 5 297.1 1.406 0 3 0 
568.34 77.7 40.572075 -3.525157 656.5 3 5 296.0 1.758 0 3 0 
569.41 78.5 40.572159 -3.525381 656.3 4 5 295.0 2.109 0 3 0 
570.37 80.0 40.572243 -3.525618 655.8 4 5 293.9 2.109 0 3 0 
571.38 81.1 40.572327 -3.525863 655.7 4 5 293.2 1.758 0 3 0 
572.37 82.7 40.572411 -3.526118 655.0 4 5 292.9 1.055 0 3 0 
573.35 84.0 40.572483 -3.526367 654.6 4 5 291.8 1.406 0 3 0 
574.35 84.0 40.572552 -3.526626 654.0 4 5 291.4 1.406 0 3 0 
575.36 83.3 40.572632 -3.526884 653.3 4 5 290.4 1.406 0 3 0 
576.35 82.7 40.572701 -3.527137 652.8 4 5 290.4 1.055 0 3 0 
577.35 82.3 40.572773 -3.527395 652.1 4 5 290.7 0.352 0 3 0 
578.36 82.2 40.572845 -3.527649 651.6 4 5 291.8 1.406 0 3 0 
579.38 81.9 40.572926 -3.527905 651.2 6 5 292.1 1.406 0 3 0 
580.35 82.0 40.573002 -3.528149 650.4 4 5 291.8 0.352 0 3 0 
581.38 82.1 40.573078 -3.528403 649.9 4 5 292.1 0.352 0 3 0 
582.36 81.8 40.573158 -3.528652 649.4 6 5 292.1 0.352 0 3 0 
583.35 82.0 40.573246 -3.528902 649.2 6 5 293.6 1.406 0 3 0 
584.35 82.0 40.573315 -3.529149 648.3 6 5 293.9 1.758 0 3 0 
585.36 82.4 40.573399 -3.529389 648.2 4 5 294.3 0.703 0 3 0 
586.34 82.2 40.573483 -3.529631 647.9 4 5 295.0 1.055 0 3 0 
587.33 82.4 40.573578 -3.529875 646.9 4 5 296.0 1.758 0 2 0 
588.35 81.7 40.573662 -3.530119 646.6 4 5 296.7 1.758 0 2 0 
589.37 80.9 40.573750 -3.530351 645.8 4 5 297.4 1.406 0 2 0 
590.36 80.9 40.573845 -3.530587 645.1 4 5 298.1 1.406 0 2 0 
591.34 79.9 40.573940 -3.530819 644.8 4 5 298.5 1.055 0 2 0 
592.33 79.1 40.574036 -3.531045 644.0 4 5 299.2 1.055 0 2 0 
593.36 78.3 40.574135 -3.531273 643.5 4 5 300.2 1.758 0 2 0 
594.36 77.9 40.574230 -3.531492 642.7 4 5 300.9 1.758 0 2 0 
595.36 78.3 40.574329 -3.531710 642.3 3 5 301.6 1.406 0 2 0 
596.35 78.3 40.574429 -3.531924 641.8 4 5 301.6 0.703 0 2 0 
597.36 79.0 40.574528 -3.532135 641.2 4 5 302.0 0.352 0 2 0 
598.33 79.7 40.574635 -3.532360 640.9 4 5 303.0 1.406 0 2 0 
599.33 80.5 40.574741 -3.532584 640.2 4 5 303.8 1.758 0 2 0 
600.37 80.9 40.574856 -3.532803 639.9 3 5 304.1 1.055 0 2 0 
601.40 81.1 40.574970 -3.533023 639.3 3 5 303.4 0.703 0 2 0 
602.33 81.5 40.575081 -3.533255 638.7 3 5 302.7 1.406 0 2 0 
603.33 81.6 40.575188 -3.533478 638.2 4 5 302.3 1.055 0 1 0 
604.33 82.0 40.575298 -3.533704 637.5 4 5 302.7 0.352 0 1 0 
605.33 82.8 40.575413 -3.533927 636.9 4 5 302.0 0.703 0 1 0 
606.33 82.9 40.575527 -3.534158 636.1 4 5 301.6 1.055 0 1 0 
607.35 84.5 40.575630 -3.534399 635.2 4 5 300.9 1.055 0 1 0 
608.36 84.7 40.575737 -3.534640 634.9 4 5 300.6 1.055 0 1 0 
609.34 86.5 40.575844 -3.534886 634.4 3 5 299.2 1.758 0 1 0 
610.33 87.3 40.575954 -3.535142 633.7 4 5 298.5 2.109 0 1 0 
611.34 87.1 40.576065 -3.535402 632.9 4 5 297.4 1.758 0 1 0 
612.38 87.2 40.576176 -3.535662 632.3 4 5 297.1 1.406 0 1 0 
613.36 86.2 40.576267 -3.535913 631.7 4 5 296.0 1.406 0 1 0 
614.33 85.9 40.576363 -3.536171 631.0 4 5 295.3 1.758 0 1 0 
615.36 85.2 40.576450 -3.536423 630.5 4 5 294.6 1.406 0 1 0 
616.38 84.3 40.576546 -3.536663 629.9 4 5 294.6 0.703 0 1 0 
617.39 83.9 40.576633 -3.536906 629.6 4 5 293.9 0.703 0 1 0 
618.44 82.2 40.576717 -3.537147 629.4 4 5 293.6 1.055 0 1 0 
619.35 81.9 40.576801 -3.537389 629.1 4 5 293.9 0.352 0 0 0 
620.33 81.5 40.576885 -3.537626 628.9 4 5 293.9 0.352 1 0 0 
621.36 81.2 40.576969 -3.537868 628.7 4 5 294.3 0.352 1 0 0 
622.36 80.7 40.577053 -3.538111 628.5 4 5 294.6 0.703 0 0 0 
623.37 80.7 40.577133 -3.538351 628.3 4 5 294.6 0.352 0 0 0 
624.35 81.0 40.577221 -3.538591 628.0 4 5 294.3 0.352 0 0 0 
625.43 81.6 40.577301 -3.538836 627.6 4 5 295.3 1.055 0 0 0 
626.34 82.1 40.577385 -3.539082 627.6 4 5 295.7 1.406 0 0 0 
627.40 82.3 40.577473 -3.539322 627.4 4 5 296.4 1.055 0 0 0 
628.35 83.5 40.577560 -3.539564 627.2 4 5 296.4 0.703 0 0 0 
629.35 83.4 40.577660 -3.539807 627.1 4 5 297.4 1.055 0 0 0 
630.35 83.7 40.577755 -3.540051 626.5 4 5 298.1 1.758 0 0 0 
631.33 84.4 40.577858 -3.540299 626.5 4 5 298.5 1.055 0 0 0 
632.34 85.0 40.577957 -3.540532 626.2 4 5 298.8 0.703 0 0 0 
633.34 85.3 40.578060 -3.540778 626.0 4 5 299.9 1.406 0 0 0 
634.39 85.4 40.578167 -3.541017 625.6 4 5 300.6 1.758 0 0 0 
635.35 85.0 40.578278 -3.541262 625.4 4 5 301.3 1.406 0 0 0 
636.35 84.7 40.578392 -3.541505 625.4 4 5 301.3 0.703 0 0 0 
637.36 84.6 40.578503 -3.541742 624.9 4 5 302.3 1.055 0 0 0 
638.34 84.5 40.578617 -3.541973 624.8 4 5 303.0 1.758 0 0 0 
639.36 84.4 40.578735 -3.542202 624.7 4 5 303.8 1.406 0 0 0 
640.34 84.0 40.578850 -3.542430 624.2 4 5 304.5 1.406 0 0 0 
641.35 83.3 40.578968 -3.542646 624.2 4 5 305.5 1.758 0 0 0 
642.42 83.0 40.579090 -3.542867 623.7 4 5 306.6 2.109 0 0 0 
643.33 83.6 40.579212 -3.543087 623.5 3 5 308.0 2.461 0 0 0 
644.36 82.0 40.579338 -3.543305 623.5 3 5 307.3 0.703 0 0 0 
645.43 81.8 40.579468 -3.543516 623.2 3 5 308.0 0.703 0 0 0 
646.35 80.4 40.579594 -3.543725 623.0 4 5 308.7 1.406 0 0 0 
647.35 79.4 40.579716 -3.543927 622.9 4 5 309.0 1.055 0 0 0 
648.33 77.2 40.579849 -3.544136 622.3 4 5 308.7 0.352 0 0 0 
649.41 77.9 40.579975 -3.544328 622.3 4 5 310.4 1.758 0 0 0 
650.36 78.0 40.580105 -3.544518 621.6 4 5 311.1 2.461 0 0 0 
651.37 78.7 40.580242 -3.544712 621.6 4 5 311.8 1.406 0 0 0 
652.34 79.8 40.580368 -3.544907 621.3 4 5 312.2 1.055 0 0 0 
653.34 81.4 40.580505 -3.545108 620.9 4 5 312.9 1.055 0 0 0 
654.36 82.8 40.580647 -3.545310 620.3 3 5 313.6 1.406 0 0 0 
655.36 84.1 40.580788 -3.545504 619.8 3 5 313.9 1.055 0 0 0 
656.36 84.9 40.580933 -3.545699 619.8 3 5 313.9 0.352 0 0 0 
657.39 85.7 40.581085 -3.545899 619.4 4 5 314.3 0.352 0 0 0 
658.33 85.5 40.581238 -3.546102 619.0 4 5 314.6 0.703 0 0 0 
659.33 85.9 40.581387 -3.546304 619.0 4 5 315.0 0.703 0 0 0 
660.40 86.0 40.581535 -3.546510 619.0 4 5 314.3 0.703 0 0 0 
661.34 86.0 40.581696 -3.546714 618.6 4 5 314.6 0.352 0 0 0 
662.33 86.4 40.581837 -3.546915 618.2 4 5 314.6 0.352 1 0 0 
663.35 87.0 40.581982 -3.547119 618.3 4 5 314.6 0 0 0 0 
664.36 87.7 40.582138 -3.547323 618.3 4 5 313.9 0.703 0 0 0 
665.33 88.0 40.582287 -3.547529 617.8 3 5 312.9 1.758 0 0 0 
666.34 88.8 40.582439 -3.547742 617.8 3 5 311.8 2.109 0 0 0 
667.34 89.5 40.582584 -3.547960 617.6 3 5 310.1 2.812 0 0 0 
668.35 89.8 40.582722 -3.548190 617.5 3 5 308.7 3.164 0 0 0 
669.34 90.0 40.582859 -3.548423 617.2 3 5 306.9 3.164 0 0 0 
670.37 90.3 40.582989 -3.548665 617.0 3 5 305.2 3.516 0 0 0 
671.33 90.3 40.583111 -3.548912 616.7 3 5 303.4 3.516 0 0 0 
672.34 90.1 40.583233 -3.549162 616.6 3 5 302.0 3.164 0 0 0 
673.33 89.9 40.583347 -3.549414 616.1 3 5 300.6 2.812 1 0 0 
674.36 89.1 40.583458 -3.549665 615.5 3 5 298.8 3.164 0 0 0 
675.36 87.7 40.583561 -3.549919 615.2 3 5 297.8 2.812 0 0 0 
676.34 86.5 40.583664 -3.550173 615.2 3 5 296.4 2.461 0 0 0 
677.34 85.0 40.583759 -3.550428 615.2 3 5 294.6 3.164 0 0 0 
678.34 83.9 40.583836 -3.550676 614.8 4 5 292.9 3.516 0 0 0 
679.34 83.8 40.583916 -3.550923 614.5 4 5 291.4 3.164 0 0 0 
680.35 84.1 40.583988 -3.551184 614.3 3 5 290.4 2.461 0 0 0 
681.35 83.9 40.584064 -3.551443 614.1 3 5 288.6 2.812 0 0 0 
682.34 84.6 40.584129 -3.551708 613.9 4 5 286.9 3.516 0 0 0 
683.34 84.3 40.584187 -3.551968 613.7 4 5 285.5 3.164 0 0 0 
684.33 83.5 40.584236 -3.552239 613.8 4 5 283.7 3.164 0 0 0 
685.34 82.9 40.584286 -3.552504 613.4 4 5 282.7 2.812 0 0 0 
686.35 81.8 40.584324 -3.552773 613.1 4 5 280.9 2.812 0 0 0 
687.35 81.6 40.584354 -3.553036 612.9 4 5 278.4 4.219 0 0 0 
688.38 80.1 40.584385 -3.553293 612.8 4 5 278.8 2.109 0 0 0 
689.35 78.2 40.584408 -3.553539 612.7 4 5 278.4 0.352 0 0 0 
690.36 77.5 40.584442 -3.553795 612.5 6 5 279.1 0.703 1 0 0 
691.37 76.1 40.584476 -3.554031 612.1 6 5 279.5 1.055 0 0 0 
692.36 75.2 40.584507 -3.554267 611.6 6 5 279.1 0.352 0 0 0 
693.41 74.4 40.584538 -3.554502 611.6 6 5 278.8 0.703 0 0 0 
694.35 74.3 40.584572 -3.554748 611.2 6 5 279.8 1.055 0 0 0 
695.36 72.0 40.584599 -3.554983 611.1 6 5 279.5 0.703 0 0 0 
696.43 70.7 40.584625 -3.555215 610.7 6 5 279.1 0.703 0 0 0 
697.38 71.9 40.584671 -3.555460 610.5 6 5 279.5 0.352 0 0 0 
698.35 69.3 40.584698 -3.555695 610.1 6 5 278.1 1.406 0 0 0 
699.35 67.8 40.584721 -3.555913 609.5 6 5 278.4 1.055 0 0 0 
700.35 66.2 40.584747 -3.556127 609.0 6 5 278.8 0.703 0 0 0 
701.33 62.4 40.584774 -3.556341 608.3 6 5 278.4 0.352 0 0 0 
702.41 60.0 40.584808 -3.556546 607.2 6 5 279.1 0.703 1 0 0 
703.39 57.9 40.584835 -3.556738 606.5 6 5 279.1 0.703 1 1 0 
704.35 56.5 40.584854 -3.556919 605.8 6 5 279.1 0 1 1 0 
705.34 55.3 40.584869 -3.557095 605.0 6 5 279.5 0.352 0 1 0 
706.37 54.1 40.584888 -3.557263 604.6 6 5 279.5 0.352 0 1 0 
