63.34 1 40.503044 -3.369423 0.57 1.50
74.89 1 40.501541 -3.372391 1.42 1.50
91.11 -1 40.499176 -3.377148 0.96 1.50
101.21 2 40.497726 -3.379939 1.71 1.50
133.72 -2 40.493023 -3.388275 2.00 1.50
175.38 1 40.484772 -3.398970 1.15 1.50
202.54 -1 40.479107 -3.404556 1.31 1.50
221.13 2 40.475929 -3.409163 1.74 1.50
228.74 -1 40.475067 -3.411010 1.25 1.50
240.79 1 40.473869 -3.414354 1.23 1.50
279.68 -1 40.470844 -3.425713 1.09 1.50
290.85 1 40.469971 -3.428845 1.09 1.50
319.01 -2 40.468300 -3.437939 2.12 1.50
347.70 2 40.467228 -3.446785 2.17 1.50
368.58 2 40.466835 -3.452969 1.97 1.50
421.05 1 40.467213 -3.467746 1.19 1.50
539.98 1 40.464092 -3.484945 0.66 1.50
562.65 -1 40.465504 -3.479038 0.15 1.50
646.81 -1 40.466610 -3.456178 1.07 1.50
677.75 2 40.467190 -3.445515 2.20 1.50
735.98 2 40.470463 -3.426385 2.32 1.50
790.88 -2 40.475277 -3.410012 2.19 1.50
806.62 -2 40.477913 -3.405685 1.99 1.50
839.12 1 40.485493 -3.397949 1.08 1.50
844.82 1 40.486534 -3.396703 1.13 1.50
878.48 -2 40.492222 -3.389021 1.89 1.50
890.04 -2 40.494122 -3.386226 1.83 1.50
910.92 2 40.497173 -3.380718 2.49 1.50
935.33 1 40.500565 -3.373914 1.17 1.50
950.67 1 40.502239 -3.370323 1.05 1.50
1003.13 1 40.505630 -3.358778 0.78 1.50
1005.77 1 40.505596 -3.358261 0.48 1.50
1023.11 2 40.505077 -3.354035 2.33 1.50
