23.62 85.9 40.505859 -3.357527 607.0 4 5 276.3 0.703 0 0 0 
24.68 86.6 40.505886 -3.357810 606.5 4 5 277.4 1.758 0 0 0 
25.61 87.0 40.505905 -3.358092 606.1 4 5 274.9 2.461 0 0 0 
26.63 89.7 40.505928 -3.358377 607.2 4 5 276.0 1.406 0 0 0 
27.67 90.9 40.505951 -3.358679 607.9 4 5 275.6 0.703 0 0 0 
28.62 91.4 40.505970 -3.358981 606.9 4 5 274.6 1.406 0 0 0 
29.62 90.2 40.505985 -3.359271 605.3 4 5 273.9 1.758 0 0 0 
30.62 93.2 40.505989 -3.359573 608.0 4 5 271.1 3.516 0 0 0 
31.63 95.1 40.505993 -3.359883 605.9 4 5 270.0 3.867 0 0 0 
32.62 96.6 40.505993 -3.360200 606.5 3 5 269.3 1.758 0 0 0 
33.60 98.3 40.505981 -3.360520 608.2 3 5 267.2 2.812 0 0 0 
34.63 96.0 40.505959 -3.360834 607.4 3 5 264.4 4.922 0 0 0 
35.60 95.8 40.505936 -3.361149 608.1 3 5 264.4 2.812 0 0 0 
36.62 96.1 40.505909 -3.361461 608.0 3 5 263.0 1.406 1 0 0 
37.60 96.0 40.505878 -3.361769 608.3 3 5 261.6 2.812 2 0 0 
38.67 95.7 40.505836 -3.362080 610.2 3 5 259.8 3.164 2 1 0 
39.64 95.3 40.505783 -3.362401 611.2 3 5 258.0 3.516 2 2 0 
40.64 95.2 40.505726 -3.362713 610.9 3 5 256.3 3.516 2 2 0 
41.65 95.7 40.505661 -3.363014 611.6 3 5 254.9 3.164 2 2 0 
42.63 96.3 40.505600 -3.363319 612.4 3 5 253.8 2.461 2 3 0 
43.62 96.8 40.505531 -3.363626 612.5 3 5 251.4 3.516 2 3 0 
44.70 97.3 40.505451 -3.363923 611.8 3 5 248.9 4.922 0 3 0 
45.68 98.9 40.505360 -3.364225 611.9 3 5 247.5 3.867 0 3 0 
46.67 99.7 40.505264 -3.364520 612.4 3 5 246.1 2.812 1 3 0 
47.62 102.7 40.505161 -3.364805 612.7 3 5 245.4 2.109 0 3 0 
48.61 104.1 40.505054 -3.365107 612.4 3 5 245.0 1.055 0 3 0 
49.60 105.7 40.504932 -3.365413 612.3 3 5 242.6 2.812 0 3 0 
50.61 106.3 40.504807 -3.365723 613.2 3 5 240.1 4.922 0 3 0 
51.70 105.7 40.504677 -3.366028 613.1 3 5 238.7 3.867 0 3 0 
52.61 105.4 40.504543 -3.366326 612.2 3 5 238.7 1.406 0 3 0 
53.60 105.6 40.504395 -3.366631 612.1 3 5 238.7 0 2 3 0 
54.73 105.1 40.504253 -3.366921 612.0 3 5 237.3 1.406 2 3 0 
55.61 103.5 40.504116 -3.367209 611.6 3 5 237.0 1.758 0 3 0 
56.67 103.4 40.503975 -3.367494 611.4 3 5 236.6 0.703 0 3 0 
57.63 102.5 40.503838 -3.367780 611.0 3 5 237.7 1.055 0 3 0 
58.68 102.5 40.503700 -3.368064 610.1 3 5 237.7 1.055 0 3 0 
59.63 101.4 40.503555 -3.368341 609.1 3 5 236.6 1.055 0 3 0 
60.67 100.5 40.503426 -3.368613 608.6 3 5 237.3 0.703 1 3 0 
61.69 98.5 40.503288 -3.368881 608.0 3 5 237.7 1.055 1 3 0 
62.62 98.2 40.503166 -3.369159 607.5 3 5 238.7 1.406 2 3 0 
63.67 96.2 40.503044 -3.369423 607.5 3 5 238.4 0.703 0 3 0 
64.65 95.6 40.502914 -3.369683 607.9 3 5 237.0 1.758 0 3 0 
65.61 94.4 40.502785 -3.369940 608.1 3 5 235.5 2.812 0 3 0 
66.61 95.5 40.502644 -3.370198 607.5 3 5 235.2 1.758 0 3 0 
67.61 95.9 40.502506 -3.370456 607.1 3 5 234.5 1.055 0 3 0 
68.62 96.7 40.502361 -3.370720 605.9 3 5 235.2 0.703 0 3 0 
69.60 98.4 40.502224 -3.370990 606.0 3 5 236.2 1.758 0 3 0 
70.62 99.4 40.502094 -3.371255 605.8 3 5 237.3 2.109 2 3 0 
71.62 99.3 40.501968 -3.371534 605.0 3 5 237.3 1.055 1 3 0 
72.62 102.1 40.501827 -3.371816 605.7 3 5 237.3 0 2 3 0 
73.71 102.7 40.501686 -3.372097 605.2 3 5 237.7 0.352 2 3 0 
74.62 104.3 40.501541 -3.372391 605.3 3 5 238.4 1.055 2 3 0 
75.65 104.2 40.501400 -3.372686 605.4 3 5 238.7 1.055 0 3 0 
76.69 105.6 40.501259 -3.372981 604.8 3 5 238.7 0.352 0 3 0 
77.61 103.9 40.501133 -3.373275 604.8 3 5 238.7 0 0 3 0 
78.74 105.6 40.500999 -3.373562 604.4 3 5 238.7 0 2 3 0 
79.62 104.8 40.500866 -3.373858 604.8 3 5 237.7 1.055 2 3 0 
80.76 103.9 40.500717 -3.374155 604.5 3 5 236.6 2.109 0 3 0 
81.62 103.8 40.500572 -3.374437 603.9 4 5 237.0 0.703 1 3 0 
82.66 102.6 40.500420 -3.374744 603.7 4 5 238.4 1.758 2 3 0 
83.63 103.3 40.500286 -3.375023 603.7 4 5 237.0 1.406 2 4 0 
84.63 100.3 40.500149 -3.375289 603.3 3 5 235.9 2.461 1 4 0 
85.63 98.3 40.500019 -3.375551 602.9 3 5 236.2 0.703 1 4 0 
86.63 98.2 40.499882 -3.375822 602.5 3 5 237.3 1.406 2 4 0 
87.63 98.2 40.499744 -3.376095 602.6 3 5 236.2 1.055 1 4 0 
88.65 97.7 40.499596 -3.376368 602.2 3 5 235.5 1.758 0 4 0 
89.62 98.2 40.499451 -3.376630 602.2 3 5 234.8 1.406 0 4 0 
90.61 98.9 40.499317 -3.376885 602.3 3 5 234.8 0.703 2 4 0 
91.62 98.9 40.499176 -3.377148 602.1 3 5 234.5 0.352 0 5 1 
92.63 99.1 40.499023 -3.377417 601.6 3 5 234.5 0.352 0 5 1 
93.62 99.4 40.498875 -3.377690 601.7 3 5 235.2 0.703 0 5 1 
94.65 100.5 40.498734 -3.377956 602.4 3 5 235.9 1.406 0 4 0 
95.60 106.4 40.498589 -3.378244 602.2 3 5 236.6 1.406 0 4 0 
96.60 103.2 40.498444 -3.378533 601.9 3 5 236.6 0.703 0 4 0 
97.60 103.6 40.498295 -3.378815 601.5 3 5 236.6 0 1 4 0 
98.65 105.2 40.498150 -3.379098 603.2 3 5 236.6 0 1 4 0 
99.61 101.9 40.498009 -3.379382 602.1 3 5 237.0 0.352 2 4 0 
100.71 101.9 40.497868 -3.379660 601.9 3 5 237.0 0.352 2 4 0 
101.62 101.3 40.497726 -3.379939 601.6 3 5 237.0 0 0 4 0 
102.61 100.3 40.497585 -3.380229 601.8 3 5 237.0 0 0 4 0 
103.70 99.1 40.497452 -3.380502 601.6 3 5 237.3 0.352 0 4 0 
104.61 97.9 40.497314 -3.380774 601.2 3 5 238.0 1.055 0 4 0 
105.61 100.5 40.497181 -3.381048 601.2 3 5 237.3 0.703 0 4 0 
106.63 101.8 40.497044 -3.381331 601.0 3 5 237.0 1.055 0 4 0 
107.73 102.1 40.496906 -3.381614 600.8 3 5 237.0 0.352 2 4 0 
108.62 101.0 40.496769 -3.381893 600.7 3 5 237.0 0 2 4 0 
109.61 101.2 40.496635 -3.382165 600.8 3 5 236.2 0.703 2 4 0 
110.64 99.8 40.496510 -3.382432 600.7 3 5 235.5 1.406 2 4 0 
111.61 99.6 40.496365 -3.382701 600.9 3 5 234.8 1.406 1 4 0 
112.68 99.2 40.496227 -3.382949 600.9 3 5 235.2 0.352 0 4 0 
113.60 98.7 40.496082 -3.383216 600.7 3 5 234.5 0.703 0 4 0 
114.68 98.7 40.495941 -3.383473 600.2 3 5 234.1 1.055 0 4 0 
115.65 97.6 40.495792 -3.383739 600.0 3 5 234.8 0.703 0 4 0 
116.64 97.8 40.495651 -3.384004 600.6 3 5 235.2 1.055 2 4 0 
117.66 98.4 40.495506 -3.384275 601.3 3 5 234.5 0.703 2 4 0 
118.62 96.3 40.495369 -3.384530 601.4 3 5 231.7 3.516 2 4 0 
119.62 97.1 40.495220 -3.384782 601.9 3 5 232.7 1.758 2 5 0 
120.62 96.8 40.495075 -3.385031 601.2 3 5 232.4 0.703 2 5 1 
121.62 97.3 40.494926 -3.385282 601.0 3 5 232.0 0.703 2 5 1 
122.62 98.5 40.494789 -3.385527 600.9 3 5 231.7 0.703 1 5 1 
123.63 98.0 40.494629 -3.385777 600.9 3 5 231.7 0.352 1 5 1 
124.62 98.7 40.494476 -3.386035 600.8 3 5 231.0 0.703 0 5 1 
125.62 99.6 40.494320 -3.386285 600.8 3 5 230.3 1.406 0 5 1 
126.63 99.5 40.494164 -3.386537 601.3 3 5 231.0 0.703 0 5 1 
127.62 100.2 40.494011 -3.386788 602.5 3 5 231.3 1.055 0 5 1 
128.73 99.9 40.493855 -3.387034 601.8 3 5 229.9 1.406 0 5 1 
129.62 99.7 40.493694 -3.387286 601.8 3 5 229.6 1.758 0 5 1 
130.61 99.6 40.493534 -3.387536 602.2 3 5 228.9 1.055 1 5 1 
131.61 100.3 40.493362 -3.387780 601.9 3 5 228.5 1.055 2 5 1 
132.62 99.4 40.493187 -3.388035 601.7 3 5 228.5 0.352 2 5 1 
133.60 99.7 40.493023 -3.388275 600.7 3 5 227.8 0.703 2 5 1 
134.63 100.2 40.492855 -3.388520 600.3 3 5 227.8 0.703 0 5 1 
135.62 101.1 40.492699 -3.388750 600.6 3 5 227.1 0.703 0 4 0 
136.60 104.3 40.492519 -3.388996 600.1 3 5 226.8 1.055 0 4 0 
137.62 107.9 40.492336 -3.389253 600.5 3 5 226.8 0.352 0 4 0 
138.67 110.9 40.492149 -3.389510 600.8 3 5 226.4 0.352 1 5 1 
139.60 112.8 40.491959 -3.389776 600.5 3 5 226.4 0.352 1 5 1 
140.61 114.8 40.491756 -3.390047 601.9 3 5 226.4 0 1 5 1 
141.63 116.0 40.491562 -3.390313 600.9 3 5 226.1 0.352 1 5 1 
142.63 116.0 40.491364 -3.390577 600.3 3 5 226.1 0.352 0 5 1 
143.63 117.0 40.491161 -3.390843 599.4 3 5 225.4 0.703 0 4 0 
144.63 115.7 40.490959 -3.391115 599.3 3 5 226.1 0.703 0 4 0 
145.69 115.2 40.490757 -3.391393 598.8 3 5 226.8 1.406 1 4 0 
146.62 114.8 40.490555 -3.391671 599.6 3 5 226.4 0.352 1 4 0 
147.66 116.5 40.490356 -3.391938 600.6 3 5 226.4 0.352 1 4 0 
148.63 113.4 40.490158 -3.392207 599.5 3 5 225.7 0.703 1 4 0 
149.66 112.7 40.489975 -3.392460 598.3 3 5 226.1 0.352 1 4 0 
150.61 112.1 40.489777 -3.392730 597.5 3 5 226.1 0.352 1 4 0 
151.68 111.6 40.489586 -3.392995 597.7 3 5 226.8 0.703 1 5 1 
152.62 111.9 40.489399 -3.393255 598.0 4 5 225.7 1.055 0 5 1 
153.61 108.2 40.489216 -3.393508 597.5 4 5 225.4 1.406 0 5 1 
154.68 109.6 40.489021 -3.393769 597.5 4 5 226.1 0.703 0 5 1 
155.62 109.2 40.488834 -3.394033 596.8 4 5 226.4 1.055 1 5 1 
156.68 109.6 40.488647 -3.394293 596.4 4 5 226.1 0.352 1 5 1 
157.63 109.8 40.488461 -3.394553 596.5 3 5 226.1 0.352 0 5 1 
158.62 110.1 40.488266 -3.394817 596.0 3 5 226.4 0.352 1 5 1 
159.61 108.8 40.488087 -3.395061 595.8 3 5 226.4 0.352 1 5 1 
160.62 108.9 40.487904 -3.395310 596.1 3 5 226.1 0.352 1 5 1 
161.60 108.4 40.487713 -3.395559 596.3 3 5 225.7 0.703 1 5 1 
162.60 108.3 40.487518 -3.395811 596.4 3 5 225.0 1.055 1 5 1 
163.61 109.5 40.487324 -3.396053 596.9 3 5 224.3 1.406 0 5 1 
164.60 110.4 40.487125 -3.396301 596.4 3 5 223.2 1.758 0 5 1 
165.64 111.9 40.486916 -3.396556 596.5 3 5 222.9 1.406 0 5 1 
166.61 112.7 40.486710 -3.396811 596.1 3 5 223.2 0.352 0 5 1 
167.61 113.0 40.486507 -3.397065 596.3 3 5 222.9 0.352 1 5 1 
168.61 113.4 40.486298 -3.397318 597.1 3 5 222.2 1.055 1 5 1 
169.78 112.8 40.486084 -3.397558 598.8 3 5 220.8 2.109 1 5 1 
170.62 112.0 40.485867 -3.397799 597.4 3 5 220.1 2.109 0 5 1 
171.63 112.0 40.485649 -3.398036 595.7 3 5 219.7 1.055 0 5 1 
172.62 111.7 40.485435 -3.398272 595.2 3 5 219.7 0.333 1 5 1 
173.61 112.0 40.485218 -3.398515 595.1 3 5 218.0 1.721 1 5 1 
174.72 111.7 40.484989 -3.398750 595.9 3 5 218.0 1.721 2 5 1 
175.61 111.8 40.484772 -3.398970 595.3 3 5 217.3 0.764 0 5 1 
176.74 111.2 40.484539 -3.399199 594.7 3 5 216.4 1.623 0 5 1 
177.70 110.7 40.484318 -3.399420 594.5 3 5 216.4 0.859 0 5 1 
178.61 111.8 40.484108 -3.399633 593.9 3 5 216.4 0 0 5 1 
179.61 111.3 40.483871 -3.399867 593.9 3 5 216.9 0.516 0 5 1 
180.62 110.8 40.483650 -3.400087 594.0 3 5 216.9 0.516 0 4 0 
181.74 110.8 40.483425 -3.400313 594.0 3 5 216.9 0 0 4 0 
182.62 110.1 40.483215 -3.400524 593.4 3 5 216.9 0 0 4 0 
183.62 109.9 40.482990 -3.400740 593.0 3 5 217.6 0.636 0 4 0 
184.62 109.0 40.482773 -3.400952 592.8 3 5 217.6 0.636 0 4 0 
185.63 108.5 40.482552 -3.401177 591.4 3 5 216.7 0.861 0 4 0 
186.69 107.7 40.482353 -3.401370 590.7 3 5 217.3 0.612 1 4 0 
187.62 106.5 40.482132 -3.401593 590.0 3 5 216.3 0.960 1 4 0 
188.65 105.7 40.481926 -3.401797 589.2 3 5 216.3 0.960 1 4 0 
189.62 105.1 40.481705 -3.402008 588.7 3 5 216.3 0 1 4 0 
190.69 104.3 40.481499 -3.402208 588.4 3 5 216.3 0 1 4 0 
191.69 102.9 40.481293 -3.402406 587.9 3 5 216.3 0 2 4 0 
192.62 101.8 40.481083 -3.402611 589.3 3 5 216.3 0 2 4 0 
193.62 101.0 40.480869 -3.402811 587.9 3 5 216.3 0 1 4 0 
194.62 100.0 40.480663 -3.403013 586.5 3 5 216.9 0.555 2 5 1 
195.62 98.7 40.480469 -3.403205 586.4 3 5 216.9 0.526 2 5 1 
196.64 98.6 40.480267 -3.403407 586.4 3 5 216.7 0.243 2 5 1 
197.66 96.8 40.480068 -3.403600 586.3 3 5 217.1 0.405 1 5 1 
198.65 96.4 40.479870 -3.403785 585.5 3 5 217.1 0.405 0 5 1 
199.65 94.9 40.479679 -3.403973 584.8 3 5 217.1 0 0 5 1 
200.66 93.7 40.479485 -3.404163 584.7 3 5 219.4 2.360 0 5 1 
201.63 93.6 40.479298 -3.404353 584.2 3 5 220.2 3.145 2 5 1 
202.70 93.2 40.479107 -3.404556 583.8 3 5 221.4 2.020 0 5 1 
203.60 92.4 40.478935 -3.404749 583.5 3 5 221.4 1.236 0 5 1 
204.69 91.7 40.478756 -3.404951 583.3 3 5 221.4 0 0 5 1 
205.62 92.9 40.478584 -3.405139 583.5 3 5 220.8 0.660 1 5 1 
206.65 94.6 40.478405 -3.405354 583.5 3 5 221.8 1.055 0 5 1 
207.60 95.8 40.478226 -3.405563 583.8 3 5 223.2 2.461 0 5 1 
208.62 98.9 40.478050 -3.405786 583.3 3 5 224.6 2.812 0 4 0 
209.68 101.7 40.477871 -3.406020 583.1 3 5 225.4 2.109 0 4 0 
210.61 103.0 40.477695 -3.406266 583.4 3 5 226.8 2.109 0 4 0 
211.63 103.0 40.477528 -3.406510 585.4 3 5 227.1 1.758 0 4 0 
212.60 103.2 40.477356 -3.406766 585.0 3 5 227.8 1.055 0 4 0 
213.61 103.8 40.477184 -3.407020 585.1 3 5 229.2 2.109 0 4 0 
214.65 105.0 40.477020 -3.407275 587.2 3 5 229.6 1.758 0 4 0 
215.69 105.5 40.476852 -3.407540 584.3 3 5 231.0 1.758 0 4 0 
216.61 104.6 40.476688 -3.407809 581.2 3 5 231.7 2.109 1 4 0 
217.60 104.3 40.476521 -3.408081 582.2 3 5 231.7 0.703 2 4 0 
218.62 102.7 40.476372 -3.408343 582.7 3 5 233.4 1.758 1 4 0 
219.65 102.1 40.476215 -3.408616 583.5 3 5 234.1 2.461 2 4 0 
220.60 101.7 40.476070 -3.408885 583.5 3 5 235.5 2.109 2 4 0 
221.60 101.3 40.475929 -3.409163 583.7 3 5 235.9 1.758 0 4 0 
222.74 98.5 40.475788 -3.409428 583.8 3 5 237.3 1.758 0 4 0 
223.60 97.3 40.475655 -3.409700 583.4 3 5 238.0 2.109 0 4 0 
224.61 96.6 40.475529 -3.409968 583.5 3 5 238.7 1.406 0 4 0 
225.64 96.1 40.475414 -3.410225 583.8 3 5 239.4 1.406 0 4 0 
226.61 95.2 40.475307 -3.410492 583.9 3 5 239.1 0.352 0 4 0 
227.61 94.1 40.475182 -3.410754 583.3 3 5 238.4 1.055 2 4 0 
228.63 92.5 40.475067 -3.411010 583.7 3 5 239.4 1.055 2 4 0 
229.60 92.8 40.474953 -3.411273 583.9 3 5 241.2 2.812 0 4 0 
230.62 92.3 40.474842 -3.411548 584.4 3 5 241.5 2.109 0 4 0 
231.64 92.8 40.474728 -3.411813 584.4 3 5 241.9 0.703 0 4 0 
232.62 93.1 40.474617 -3.412091 584.8 3 5 243.3 1.758 1 3 0 
233.62 93.5 40.474522 -3.412366 584.7 3 5 244.0 2.109 0 3 0 
234.64 93.8 40.474422 -3.412640 584.9 3 5 244.7 1.406 0 3 0 
235.70 94.3 40.474323 -3.412916 586.4 3 5 245.7 1.758 0 3 0 
236.65 94.2 40.474232 -3.413199 586.5 3 5 247.1 2.461 1 3 0 
237.65 94.4 40.474140 -3.413478 585.6 3 5 247.5 1.758 2 3 0 
238.62 94.2 40.474052 -3.413761 586.4 3 5 247.9 0.703 1 3 0 
239.62 94.2 40.473957 -3.414056 586.5 3 5 249.3 1.758 2 4 0 
240.65 93.8 40.473869 -3.414354 588.0 3 5 250.7 2.812 2 4 0 
241.64 94.4 40.473793 -3.414649 588.0 3 5 251.4 2.109 0 4 0 
242.62 94.1 40.473721 -3.414955 588.4 3 5 251.4 0.703 0 4 0 
243.62 94.6 40.473656 -3.415233 588.5 3 5 252.4 1.055 0 4 0 
244.70 94.4 40.473595 -3.415504 589.5 3 5 253.5 2.109 0 4 0 
245.61 95.1 40.473530 -3.415789 589.6 3 5 253.5 1.055 0 4 0 
246.63 96.0 40.473450 -3.416094 589.7 3 5 252.8 0.703 0 4 0 
247.62 95.3 40.473377 -3.416390 589.8 3 5 252.4 1.055 1 4 0 
248.67 95.3 40.473305 -3.416694 589.7 3 5 251.4 1.406 0 4 0 
249.63 95.7 40.473236 -3.416980 589.4 3 5 250.7 1.758 0 3 0 
250.62 95.0 40.473156 -3.417279 588.9 3 5 251.4 0.703 0 3 0 
251.62 95.0 40.473080 -3.417573 588.9 3 5 251.4 0.703 1 3 0 
252.61 96.6 40.473007 -3.417876 588.9 3 5 252.8 1.406 2 3 0 
253.62 95.2 40.472931 -3.418175 588.9 3 5 252.8 1.406 2 3 0 
254.68 95.0 40.472855 -3.418470 588.8 3 5 250.7 2.109 1 3 0 
255.63 94.4 40.472767 -3.418773 588.7 3 5 250.3 2.461 1 3 0 
256.61 93.1 40.472691 -3.419068 587.7 3 5 251.0 0.703 0 3 0 
257.62 92.4 40.472610 -3.419360 587.7 3 5 251.7 1.406 0 3 0 
258.62 92.2 40.472534 -3.419652 587.0 3 5 251.7 0.703 0 3 0 
259.61 92.2 40.472466 -3.419933 587.0 3 5 251.7 0 0 3 0 
260.63 92.4 40.472393 -3.420202 586.5 3 5 251.7 0 0 3 0 
261.60 93.3 40.472317 -3.420498 585.9 3 5 251.7 0 1 3 0 
262.61 93.6 40.472244 -3.420791 585.8 3 5 251.4 0.352 0 3 0 
263.62 93.3 40.472176 -3.421069 585.8 3 5 249.3 2.461 0 3 0 
264.62 93.3 40.472095 -3.421363 585.3 3 5 250.7 1.406 0 3 0 
265.63 93.8 40.472023 -3.421657 584.9 3 5 251.7 2.461 1 3 0 
266.63 94.0 40.471943 -3.421956 584.6 3 5 251.0 0.703 1 3 0 
267.63 93.9 40.471863 -3.422236 584.6 3 5 249.6 2.109 0 3 0 
268.62 94.4 40.471779 -3.422534 584.4 3 5 250.7 1.055 1 3 0 
269.62 94.1 40.471706 -3.422831 584.0 3 5 250.7 1.055 2 3 0 
270.66 94.6 40.471630 -3.423117 583.9 3 5 249.6 1.055 2 3 0 
271.82 94.2 40.471550 -3.423407 585.1 3 5 249.3 1.406 1 3 0 
272.61 94.5 40.471462 -3.423696 585.1 3 5 249.3 0.352 0 3 0 
273.61 94.9 40.471375 -3.423984 584.4 3 5 249.3 0 1 4 0 
274.61 93.6 40.471291 -3.424265 583.4 3 5 249.6 0.352 1 4 0 
275.60 94.3 40.471214 -3.424554 584.9 3 5 249.3 0.352 1 4 0 
276.62 95.7 40.471127 -3.424850 583.3 3 5 248.2 1.406 0 4 0 
277.74 95.4 40.471027 -3.425140 583.0 3 5 247.1 2.109 0 4 0 
278.61 94.9 40.470936 -3.425424 583.0 3 5 247.5 0.703 2 4 0 
279.62 94.3 40.470844 -3.425713 582.8 3 5 247.5 0.352 2 4 0 
280.60 94.2 40.470764 -3.425979 582.2 3 5 248.2 0.703 0 4 0 
281.61 94.3 40.470684 -3.426271 582.2 3 5 248.6 1.055 0 3 0 
282.62 94.0 40.470589 -3.426560 581.6 3 5 248.2 0.352 0 3 0 
283.61 93.0 40.470501 -3.426831 581.6 4 5 248.2 0.352 0 3 0 
284.60 92.9 40.470421 -3.427119 582.0 4 5 249.3 1.055 0 3 0 
285.61 91.8 40.470333 -3.427400 582.2 4 5 249.3 1.055 0 3 0 
286.62 93.6 40.470257 -3.427689 582.5 4 5 250.3 1.055 1 4 0 
287.61 93.1 40.470181 -3.427984 582.4 4 5 250.7 1.406 2 4 0 
288.63 92.7 40.470104 -3.428268 583.7 4 5 251.0 0.703 2 4 0 
289.63 93.4 40.470043 -3.428549 583.5 3 5 250.7 0.352 2 4 0 
290.65 94.1 40.469971 -3.428845 584.3 3 5 252.1 1.406 2 4 0 
291.77 94.8 40.469894 -3.429138 584.5 3 5 252.4 1.758 0 4 0 
292.61 94.5 40.469822 -3.429429 585.6 3 5 252.8 0.703 0 4 0 
293.61 94.0 40.469753 -3.429733 585.9 4 5 253.1 0.703 0 4 0 
294.60 94.7 40.469688 -3.430016 586.7 3 5 253.8 1.055 0 4 0 
295.70 94.5 40.469627 -3.430318 586.9 3 5 254.9 1.758 0 4 0 
296.63 94.9 40.469566 -3.430627 587.4 3 5 255.9 2.109 0 4 0 
297.72 95.5 40.469509 -3.430933 587.7 3 5 256.6 1.758 0 4 0 
298.69 96.4 40.469460 -3.431241 588.5 3 5 257.3 1.406 2 4 0 
299.61 96.9 40.469402 -3.431560 588.3 3 5 257.7 1.055 2 4 0 
300.64 98.9 40.469349 -3.431885 588.6 3 5 258.0 0.703 2 4 0 
301.61 99.4 40.469299 -3.432203 589.4 3 5 258.4 0.703 2 4 0 
302.61 99.7 40.469250 -3.432519 590.2 3 5 258.0 0.352 2 4 0 
303.62 99.9 40.469196 -3.432845 591.5 3 5 257.7 0.703 1 4 0 
304.63 100.3 40.469139 -3.433164 591.1 3 5 258.0 0.352 0 4 0 
305.66 100.3 40.469086 -3.433494 591.4 3 5 259.1 1.406 0 4 0 
306.64 100.4 40.469040 -3.433818 591.9 3 5 259.5 1.406 0 4 0 
307.62 100.7 40.468998 -3.434134 592.3 3 5 259.1 0.352 1 4 0 
308.62 100.9 40.468945 -3.434464 592.7 3 5 258.0 1.406 1 4 0 
309.61 101.8 40.468891 -3.434789 593.2 3 5 258.0 1.055 0 4 0 
310.61 100.3 40.468826 -3.435119 594.0 3 5 258.0 0 0 4 0 
311.62 99.4 40.468777 -3.435442 594.1 3 5 258.0 0 0 4 0 
312.63 99.1 40.468719 -3.435762 593.3 3 5 257.7 0.352 0 4 0 
313.65 97.8 40.468662 -3.436079 594.1 3 5 257.7 0.352 0 4 0 
314.62 97.8 40.468605 -3.436393 595.9 3 5 257.3 0.352 0 4 0 
315.62 97.1 40.468548 -3.436711 594.3 3 5 257.0 0.703 0 4 0 
316.70 96.3 40.468494 -3.437022 593.1 3 5 255.9 1.406 1 4 0 
317.62 95.8 40.468433 -3.437325 593.2 3 5 256.3 0.703 2 4 0 
318.62 96.3 40.468372 -3.437630 592.3 3 5 256.3 0.352 2 4 0 
319.60 96.0 40.468300 -3.437939 591.9 3 5 256.6 0.352 0 4 0 
320.61 95.8 40.468243 -3.438248 591.7 3 5 256.6 0.352 0 4 0 
321.61 95.5 40.468193 -3.438549 591.2 3 5 255.9 0.703 0 4 0 
322.62 94.5 40.468132 -3.438851 590.4 3 5 255.2 1.406 0 4 0 
323.62 96.9 40.468075 -3.439158 590.4 3 5 255.6 0.352 0 4 0 
324.65 96.8 40.468018 -3.439475 589.8 3 5 255.9 0.703 0 4 0 
325.62 95.2 40.467964 -3.439776 589.6 3 5 257.3 1.758 0 4 0 
326.63 97.8 40.467907 -3.440090 589.5 3 5 257.3 1.406 0 3 0 
327.61 98.6 40.467857 -3.440405 588.8 3 5 257.3 0 0 3 0 
328.60 98.1 40.467808 -3.440711 588.6 3 5 257.7 0.352 0 3 0 
329.60 97.9 40.467762 -3.441026 588.3 3 5 258.8 1.406 0 3 0 
330.63 97.8 40.467716 -3.441339 587.6 3 5 259.8 2.109 0 3 0 
331.66 98.2 40.467678 -3.441658 587.5 3 5 260.2 1.406 0 3 0 
332.63 99.3 40.467640 -3.441984 587.1 3 5 261.0 1.158 0 3 0 
333.61 99.9 40.467609 -3.442298 587.0 3 5 261.0 0.806 0 3 0 
334.61 101.1 40.467575 -3.442624 587.1 3 5 261.9 0.907 0 3 0 
335.67 101.8 40.467548 -3.442946 587.3 3 5 261.9 0.907 0 2 0 
336.63 100.8 40.467514 -3.443288 589.0 3 5 263.9 2.021 0 2 0 
337.66 99.9 40.467484 -3.443615 589.2 3 5 263.9 2.021 0 2 0 
338.64 99.7 40.467457 -3.443919 589.1 3 5 263.9 0 0 2 0 
339.61 98.3 40.467430 -3.444225 589.1 3 5 263.5 0.350 0 2 0 
340.63 98.7 40.467407 -3.444551 591.1 3 5 263.5 0.350 0 2 0 
341.63 99.1 40.467377 -3.444884 587.7 3 5 263.5 0 0 2 0 
342.61 98.7 40.467350 -3.445206 586.3 3 5 263.7 0.143 0 2 0 
343.62 98.8 40.467331 -3.445523 586.3 3 5 263.7 0.143 1 2 0 
344.61 98.7 40.467304 -3.445851 586.7 3 5 263.7 0 2 2 0 
345.64 97.6 40.467278 -3.446162 587.0 3 5 263.7 0 2 2 0 
346.63 97.5 40.467255 -3.446485 587.3 3 5 263.7 0 2 2 0 
347.61 96.4 40.467228 -3.446785 588.0 3 5 263.7 0 2 2 0 
348.61 94.7 40.467201 -3.447103 587.1 3 5 263.5 0.141 0 2 0 
349.61 94.5 40.467178 -3.447411 587.3 3 5 263.5 0.141 0 2 0 
350.62 93.3 40.467155 -3.447715 587.4 3 5 263.5 0 0 2 0 
351.62 93.3 40.467133 -3.448024 587.3 3 5 263.4 0.186 0 2 0 
352.64 92.9 40.467106 -3.448330 587.3 3 5 263.4 0.186 0 2 0 
353.62 92.1 40.467087 -3.448639 587.7 3 5 263.4 0 0 2 0 
354.73 91.7 40.467060 -3.448938 588.4 3 5 263.4 0 0 2 0 
355.63 90.8 40.467049 -3.449237 588.4 3 5 264.2 0.830 0 2 0 
356.63 90.4 40.467037 -3.449533 588.7 3 5 264.2 0.830 1 2 0 
357.62 89.3 40.467018 -3.449825 588.7 3 5 264.4 0.228 0 2 0 
358.61 88.8 40.466995 -3.450117 588.6 3 5 264.4 0.228 0 2 0 
359.60 89.2 40.466965 -3.450407 588.5 3 5 265.3 0.866 0 2 0 
360.61 88.1 40.466942 -3.450697 588.6 3 5 265.3 0.866 0 2 0 
361.61 87.7 40.466923 -3.450991 589.2 3 5 265.3 0 2 2 0 
362.62 87.0 40.466911 -3.451271 589.3 3 5 265.3 0.034 1 2 0 
363.62 86.7 40.466896 -3.451557 589.1 3 5 265.3 0.034 0 2 0 
364.65 86.9 40.466869 -3.451843 589.5 3 5 267.0 1.735 0 2 0 
365.68 85.6 40.466854 -3.452132 589.5 3 5 266.7 1.339 0 2 0 
366.61 85.4 40.466850 -3.452403 589.3 3 5 266.7 0.396 2 2 0 
367.72 85.4 40.466843 -3.452686 589.4 3 5 266.7 0 2 2 0 
368.62 85.5 40.466835 -3.452969 589.4 3 5 266.7 0 0 2 0 
369.64 85.4 40.466824 -3.453246 589.8 3 5 267.5 0.825 0 2 0 
370.65 84.9 40.466820 -3.453514 589.8 3 5 268.6 1.957 0 2 0 
371.68 85.3 40.466816 -3.453784 589.7 3 5 268.6 1.132 0 2 0 
372.66 86.6 40.466801 -3.454068 589.8 3 5 268.6 0 0 2 0 
373.62 86.6 40.466793 -3.454360 591.0 3 5 268.6 0 0 2 0 
374.63 87.6 40.466789 -3.454647 591.8 3 5 269.0 0.415 0 2 0 
375.61 87.6 40.466793 -3.454925 590.6 3 5 269.7 1.076 0 2 0 
376.62 86.8 40.466797 -3.455215 591.0 3 5 269.7 0.661 2 2 0 
377.62 86.8 40.466797 -3.455497 591.1 3 5 270.7 1.000 2 2 0 
378.67 87.7 40.466805 -3.455789 591.0 3 5 272.3 2.645 2 2 0 
379.61 87.8 40.466805 -3.456053 591.4 3 5 271.6 0.913 1 2 0 
380.64 87.7 40.466805 -3.456332 591.9 3 5 271.6 0.731 0 2 0 
381.67 87.9 40.466812 -3.456629 592.0 3 5 272.5 0.927 0 2 0 
382.61 88.0 40.466812 -3.456915 592.4 3 5 272.5 0.927 0 2 0 
383.65 88.3 40.466824 -3.457192 592.9 4 5 272.5 0 0 2 0 
384.65 89.1 40.466839 -3.457484 592.7 3 5 272.5 0 1 2 0 
385.63 88.5 40.466850 -3.457777 592.8 3 5 272.9 0.397 2 2 0 
386.62 89.7 40.466858 -3.458081 593.3 3 5 272.9 0.397 2 2 0 
387.62 89.6 40.466873 -3.458387 593.2 3 5 273.6 0.721 2 3 0 
388.62 89.2 40.466888 -3.458669 593.7 3 5 273.6 0.721 1 3 0 
389.62 89.1 40.466908 -3.458956 593.5 3 5 273.2 0.484 0 3 0 
390.74 87.7 40.466915 -3.459250 593.6 3 5 273.6 0.449 0 3 0 
391.64 87.8 40.466938 -3.459541 593.8 3 5 273.6 0.449 0 3 0 
392.64 88.5 40.466949 -3.459830 593.7 3 5 273.6 0 0 3 0 
393.62 88.0 40.466965 -3.460102 594.0 3 5 273.6 0 0 3 0 
394.61 87.9 40.466980 -3.460392 594.2 3 5 273.6 0 0 3 0 
395.61 87.2 40.466988 -3.460680 594.0 3 5 273.6 0 1 3 0 
396.60 86.8 40.467007 -3.460960 594.6 3 5 273.6 0.046 1 3 0 
397.62 86.7 40.467022 -3.461263 594.1 3 5 274.0 0.429 1 3 0 
398.62 86.3 40.467033 -3.461549 594.4 3 5 274.0 0.429 1 3 0 
399.61 86.3 40.467049 -3.461832 594.5 3 5 274.0 0 0 4 0 
400.62 85.9 40.467064 -3.462100 594.5 3 5 273.3 0.732 0 4 0 
401.61 86.0 40.467079 -3.462386 594.3 3 5 273.3 0.732 2 4 0 
402.61 86.0 40.467098 -3.462659 594.6 3 5 273.3 0 2 4 0 
403.60 85.0 40.467117 -3.462938 594.7 3 5 273.8 0.503 2 4 0 
404.61 85.5 40.467125 -3.463210 594.9 3 5 273.8 0.503 1 4 0 
405.61 85.9 40.467125 -3.463490 595.0 3 5 272.9 0.908 0 4 0 
406.70 86.7 40.467125 -3.463771 594.4 3 5 272.9 0.908 0 4 0 
407.67 86.8 40.467121 -3.464066 594.3 3 5 272.9 0 0 3 0 
408.61 87.4 40.467133 -3.464354 594.3 3 5 272.9 0 0 3 0 
409.61 86.9 40.467144 -3.464641 594.2 3 5 271.9 0.936 0 3 0 
410.63 86.0 40.467155 -3.464916 594.6 3 5 271.9 0.936 0 3 0 
411.66 84.5 40.467163 -3.465200 595.1 3 5 271.4 0.476 1 4 0 
412.63 82.4 40.467171 -3.465466 594.6 3 5 270.6 1.351 1 4 0 
413.66 80.3 40.467182 -3.465729 594.5 3 5 270.6 0.875 1 4 0 
414.65 78.1 40.467194 -3.465980 594.1 3 5 270.6 0 1 4 0 
415.60 78.2 40.467194 -3.466242 593.7 3 5 270.6 0 0 4 0 
416.64 76.9 40.467194 -3.466488 593.7 3 5 271.0 0.422 0 4 0 
417.62 75.5 40.467194 -3.466740 593.2 3 5 270.3 0.699 0 4 0 
418.62 75.5 40.467201 -3.466988 593.1 3 5 270.1 0.867 1 4 0 
419.61 76.7 40.467205 -3.467236 594.2 3 5 270.1 0.168 2 4 0 
420.62 77.9 40.467201 -3.467486 593.8 3 5 270.1 0 2 4 0 
421.61 78.1 40.467213 -3.467746 594.0 3 5 269.5 0.590 0 4 0 
422.61 78.5 40.467205 -3.467996 594.1 3 5 269.5 0.629 0 4 0 
423.62 78.6 40.467209 -3.468260 594.3 3 5 268.5 1.036 0 4 0 
424.65 78.4 40.467216 -3.468513 594.6 3 5 268.5 0.997 2 4 0 
425.62 79.0 40.467213 -3.468763 594.4 3 5 267.8 0.662 2 4 0 
426.65 79.9 40.467205 -3.469028 594.1 3 5 267.4 1.101 1 4 0 
427.61 79.8 40.467201 -3.469298 594.0 3 5 267.4 0.438 0 4 0 
428.62 80.7 40.467178 -3.469567 593.9 3 5 266.7 0.649 0 4 0 
429.62 80.6 40.467171 -3.469819 593.3 3 5 265.7 1.665 0 4 0 
430.62 80.8 40.467144 -3.470118 592.8 3 5 265.2 1.548 0 4 0 
431.60 80.3 40.467129 -3.470366 592.4 3 5 265.2 0.532 0 4 0 
432.60 78.9 40.467113 -3.470624 592.8 3 5 265.2 0 0 4 0 
433.61 78.3 40.467091 -3.470883 593.7 3 5 265.2 0 0 4 0 
434.69 76.9 40.467075 -3.471143 595.6 3 5 264.0 1.191 0 4 0 
435.60 76.1 40.467060 -3.471390 595.6 3 5 263.0 2.176 0 4 0 
436.64 74.8 40.467041 -3.471633 595.1 3 5 263.0 0.986 0 4 0 
437.69 73.4 40.467010 -3.471877 595.1 3 5 262.4 0.628 0 4 0 
438.61 73.7 40.466995 -3.472109 595.2 3 5 262.4 0.628 0 4 0 
439.62 73.2 40.466965 -3.472354 593.9 3 5 262.1 0.313 0 3 0 
440.62 73.2 40.466946 -3.472572 592.8 3 5 262.1 0.313 0 3 0 
441.62 74.1 40.466919 -3.472834 593.3 3 5 260.0 2.058 1 3 0 
442.63 73.0 40.466892 -3.473068 593.0 3 5 260.0 2.058 1 3 0 
443.60 72.6 40.466854 -3.473304 593.5 3 5 261.2 1.205 0 4 0 
444.62 72.6 40.466820 -3.473540 592.9 3 5 261.2 1.205 0 3 0 
445.62 72.8 40.466785 -3.473777 593.0 3 5 259.9 1.291 0 3 0 
446.63 73.0 40.466747 -3.474020 593.1 3 5 259.3 1.910 0 3 0 
447.62 73.4 40.466713 -3.474274 593.4 3 5 258.7 1.281 0 3 0 
448.62 72.5 40.466675 -3.474503 592.9 3 5 258.7 0.662 0 3 0 
449.70 73.3 40.466637 -3.474738 592.6 3 5 257.7 0.969 1 3 0 
450.64 73.5 40.466599 -3.474963 592.2 3 5 257.7 0.969 0 3 0 
451.70 74.7 40.466557 -3.475200 592.2 3 5 257.0 0.717 0 3 0 
452.64 74.1 40.466511 -3.475439 592.3 3 5 257.0 0.717 1 3 0 
453.65 74.4 40.466465 -3.475670 592.3 3 5 256.4 0.607 0 3 0 
454.66 74.8 40.466423 -3.475916 592.2 3 5 256.4 0.607 0 3 0 
455.63 75.5 40.466377 -3.476151 592.4 3 5 256.4 0 0 3 0 
456.62 74.8 40.466335 -3.476383 592.5 3 5 256.4 0 0 3 0 
457.60 74.7 40.466286 -3.476622 593.1 3 5 255.5 0.864 0 3 0 
458.62 75.2 40.466236 -3.476851 592.7 3 5 255.5 0.864 0 2 0 
459.61 74.7 40.466194 -3.477092 592.8 3 5 255.5 0 0 2 0 
460.66 74.0 40.466148 -3.477333 593.0 3 5 255.5 0 1 2 0 
461.61 75.0 40.466106 -3.477555 592.4 3 5 255.5 0 0 2 0 
462.61 73.5 40.466061 -3.477777 592.5 3 5 255.5 0 0 2 0 
463.62 72.6 40.466015 -3.478011 592.5 3 5 253.4 2.143 0 2 0 
464.63 72.3 40.465977 -3.478238 592.4 3 5 254.4 1.143 1 2 0 
465.62 71.6 40.465931 -3.478467 592.2 3 5 257.0 3.634 0 2 0 
466.68 71.7 40.465885 -3.478693 591.6 3 5 255.9 1.580 0 2 0 
467.67 70.7 40.465847 -3.478917 591.1 3 5 256.3 0.703 0 2 0 
468.61 70.1 40.465805 -3.479138 591.1 3 5 257.7 1.758 0 2 0 
469.61 69.1 40.465771 -3.479361 592.3 3 5 258.8 2.461 0 2 0 
470.60 68.5 40.465740 -3.479577 593.0 3 5 260.9 3.164 1 2 0 
471.64 65.9 40.465717 -3.479796 592.9 3 5 263.7 4.922 1 2 0 
472.62 66.0 40.465698 -3.480018 592.5 3 5 267.2 6.328 2 2 0 
473.62 63.4 40.465694 -3.480219 592.1 3 5 271.1 7.383 0 2 0 
474.63 62.2 40.465710 -3.480429 591.9 3 5 279.7 12.472 0 2 0 
475.74 61.9 40.465748 -3.480606 592.1 3 5 289.4 18.337 0 2 0 
476.65 61.7 40.465797 -3.480797 592.1 3 5 289.4 9.732 0 2 0 
477.61 61.8 40.465855 -3.480990 591.9 3 5 290.3 0.878 0 2 0 
478.61 62.1 40.465912 -3.481183 591.9 3 5 292.1 2.730 0 2 0 
479.73 61.8 40.465973 -3.481375 592.1 3 5 293.3 3.060 0 2 0 
480.68 62.3 40.466034 -3.481559 592.5 3 5 294.0 1.859 0 1 0 
481.63 63.1 40.466099 -3.481756 592.2 3 5 294.0 0.651 0 1 0 
482.64 62.3 40.466156 -3.481933 592.3 3 5 294.0 0 0 1 0 
483.64 61.0 40.466225 -3.482123 592.5 3 5 294.9 0.888 0 1 0 
484.71 61.6 40.466286 -3.482298 592.6 3 5 295.1 1.094 1 1 0 
485.62 62.7 40.466351 -3.482481 593.0 3 5 295.1 0.206 0 1 0 
486.72 62.4 40.466415 -3.482666 593.2 3 5 295.1 0 0 1 0 
487.63 63.7 40.466480 -3.482847 593.3 3 5 295.1 0.053 0 1 0 
488.61 64.0 40.466534 -3.482991 593.5 3 5 295.1 0.053 0 1 0 
489.62 65.1 40.466591 -3.483258 593.3 3 5 280.9 14.220 0 1 0 
490.62 64.1 40.466656 -3.483450 593.7 3 5 285.8 9.307 0 1 0 
491.62 63.4 40.466686 -3.483650 593.8 3 5 279.1 6.680 0 1 0 
492.61 63.4 40.466702 -3.483863 594.1 3 5 274.9 10.898 0 1 0 
493.62 63.1 40.466705 -3.484068 594.2 3 5 270.7 8.438 0 1 0 
494.61 63.9 40.466698 -3.484260 594.3 3 5 267.1 7.847 0 1 0 
495.65 61.2 40.466682 -3.484468 594.0 3 5 258.4 12.349 0 1 0 
496.62 62.4 40.466652 -3.484667 593.9 3 5 252.3 14.791 0 1 0 
497.62 62.6 40.466621 -3.484848 593.9 3 5 251.2 7.166 0 1 0 
498.64 60.7 40.466564 -3.485032 593.8 3 5 245.6 6.684 0 1 0 
499.60 60.4 40.466484 -3.485228 593.7 3 5 238.2 13.016 0 1 0 
500.63 60.7 40.466408 -3.485381 593.8 3 5 236.0 9.553 0 1 0 
501.63 60.5 40.466309 -3.485550 593.6 3 5 236.0 2.125 0 1 0 
502.64 62.0 40.466209 -3.485714 593.6 3 5 240.8 4.741 1 1 0 
503.67 62.8 40.466106 -3.485869 593.8 3 5 229.3 11.515 0 1 0 
504.69 63.4 40.465996 -3.486043 593.9 3 5 230.0 10.760 0 1 0 
505.62 65.1 40.465893 -3.486202 594.2 3 5 231.2 1.896 0 1 0 
506.61 65.0 40.465794 -3.486353 594.4 3 5 231.6 1.582 1 1 0 
507.62 65.0 40.465691 -3.486516 594.6 3 5 231.6 0.441 0 2 0 
508.65 65.0 40.465588 -3.486687 594.2 3 5 231.2 0.390 0 2 0 
509.60 64.7 40.465488 -3.486852 594.4 3 5 231.2 0.390 0 2 0 
510.62 64.8 40.465389 -3.487003 594.3 3 5 231.5 0.255 0 2 0 
511.63 65.3 40.465286 -3.487159 593.9 3 5 224.8 6.683 0 1 0 
512.62 64.9 40.465183 -3.487313 594.2 3 5 224.8 6.683 0 1 0 
513.64 64.0 40.465084 -3.487464 594.3 3 5 224.3 0.512 0 1 0 
514.60 62.3 40.464970 -3.487611 594.2 3 5 221.8 3.033 0 1 0 
515.61 60.1 40.464851 -3.487728 594.7 3 5 213.2 11.102 0 1 0 
516.62 58.1 40.464710 -3.487814 595.5 3 5 205.6 16.200 0 1 0 
517.61 55.0 40.464569 -3.487873 596.4 3 5 191.0 22.224 0 1 0 
518.63 54.4 40.464432 -3.487896 597.2 3 5 185.6 19.961 0 1 0 
519.63 50.5 40.464298 -3.487898 597.9 3 5 168.3 22.693 1 1 0 
520.63 49.8 40.464172 -3.487861 599.1 3 5 166.8 0 -9 -9 0 
521.60 48.8 40.464058 -3.487804 599.6 3 5 155.0 0 -9 -9 0 
522.60 49.4 40.463943 -3.487723 599.8 3 5 147.1 0 -9 -9 0 
523.60 49.9 40.463852 -3.487634 599.9 3 5 143.7 0 -9 -9 0 
524.63 50.3 40.463768 -3.487519 600.0 3 5 130.4 16.665 0 1 0 
525.61 50.7 40.463692 -3.487383 600.3 3 5 122.7 20.978 0 1 0 
526.65 51.1 40.463631 -3.487234 600.4 3 5 114.3 16.172 0 1 0 
527.62 50.8 40.463585 -3.487075 600.5 3 5 104.1 18.633 0 1 0 
528.61 51.3 40.463551 -3.486923 600.7 3 5 117.6 13.490 0 1 0 
529.62 52.8 40.463573 -3.486746 600.9 3 5 71.1 46.484 1 1 0 
530.61 51.7 40.463593 -3.486593 601.0 3 5 69.7 47.883 0 1 0 
531.61 53.0 40.463623 -3.486424 601.1 3 5 69.7 1.400 0 1 0 
532.62 53.4 40.463665 -3.486266 601.0 3 5 69.7 0 0 1 0 
533.62 54.5 40.463669 -3.486057 600.8 3 5 69.5 0.126 1 1 0 
534.68 55.8 40.463799 -3.485926 600.4 3 5 62.6 7.091 0 1 0 
535.66 58.4 40.463863 -3.485756 600.1 3 5 65.4 4.153 2 1 0 
536.62 61.9 40.463924 -3.485573 598.8 3 5 68.2 5.625 2 1 0 
537.62 65.8 40.463985 -3.485380 598.1 3 5 70.3 4.922 2 1 0 
538.62 69.0 40.464035 -3.485169 596.9 3 5 71.7 3.516 1 1 0 
539.61 69.7 40.464092 -3.484945 595.4 3 5 72.4 2.109 2 2 0 
540.61 71.1 40.464142 -3.484725 594.4 3 5 72.8 1.055 0 2 0 
541.62 73.1 40.464191 -3.484497 593.9 3 5 72.8 0.352 0 2 0 
542.61 74.8 40.464249 -3.484262 593.2 3 5 72.4 0.352 0 2 0 
543.71 76.1 40.464310 -3.484017 593.0 3 5 72.8 0.352 0 2 0 
544.67 76.9 40.464363 -3.483777 592.9 3 5 73.5 1.055 0 2 0 
545.62 78.8 40.464413 -3.483525 593.0 3 5 73.5 0.703 0 1 0 
546.63 80.7 40.464466 -3.483275 592.7 3 5 73.5 0 1 2 0 
547.61 83.4 40.464523 -3.483013 592.7 3 5 73.1 0.352 0 2 0 
548.68 83.9 40.464584 -3.482750 592.9 4 5 73.1 0.352 0 1 0 
549.62 85.9 40.464645 -3.482480 592.7 4 5 73.1 0 0 1 0 
550.72 86.5 40.464710 -3.482208 592.5 4 5 72.8 0.352 0 2 0 
551.60 86.5 40.464771 -3.481933 592.6 4 5 73.1 0.352 0 2 0 
552.63 86.7 40.464832 -3.481652 592.5 4 5 72.8 0.352 0 1 0 
553.67 87.1 40.464897 -3.481372 592.2 4 5 72.4 0.703 0 1 0 
554.61 87.9 40.464966 -3.481099 592.3 4 5 71.7 1.055 0 1 0 
555.62 88.5 40.465034 -3.480819 592.5 3 5 72.1 0.352 0 1 0 
556.62 85.8 40.465103 -3.480548 592.4 4 5 70.7 1.406 0 1 0 
557.63 84.1 40.465176 -3.480293 591.9 4 5 70.7 1.406 0 1 0 
558.76 83.1 40.465240 -3.480033 592.2 4 5 67.6 3.057 0 1 0 
559.62 82.2 40.465305 -3.479793 592.1 4 5 65.8 4.827 1 1 0 
560.73 80.5 40.465374 -3.479529 592.3 4 5 74.1 8.303 0 2 0 
561.63 79.7 40.465435 -3.479276 591.9 4 5 74.1 8.303 0 2 0 
562.65 79.3 40.465504 -3.479038 591.6 4 5 74.1 0 2 2 0 
563.63 79.6 40.465576 -3.478791 591.8 4 5 74.1 0 0 1 0 
564.61 80.5 40.465637 -3.478534 591.3 4 5 74.1 0 0 1 0 
565.69 81.2 40.465694 -3.478280 591.8 4 5 74.1 0 0 1 0 
566.60 81.9 40.465752 -3.478016 591.4 4 5 74.1 0 0 1 0 
567.66 83.2 40.465797 -3.477771 592.0 4 5 75.1 0.978 0 1 0 
568.63 83.0 40.465847 -3.477518 591.7 4 5 75.1 0.978 0 1 0 
569.61 83.7 40.465904 -3.477249 591.6 4 5 75.1 0 0 1 0 
570.63 83.7 40.465958 -3.476993 591.7 4 5 75.1 0 0 1 0 
571.61 82.9 40.466011 -3.476738 591.6 4 5 75.5 0.427 0 1 0 
572.62 81.9 40.466061 -3.476469 591.5 4 5 75.5 0.427 0 1 0 
573.64 82.0 40.466110 -3.476219 591.2 4 5 76.0 0.419 0 1 0 
574.64 84.1 40.466160 -3.475971 593.0 4 5 76.5 0.999 0 1 0 
575.61 86.6 40.466213 -3.475695 592.8 4 5 76.5 0.580 0 1 0 
576.60 88.2 40.466267 -3.475418 592.5 4 5 76.5 0 0 1 0 
577.62 89.4 40.466320 -3.475143 592.1 4 5 77.4 0.837 0 1 0 
578.64 87.9 40.466366 -3.474849 592.1 4 5 77.4 0.837 1 1 0 
579.62 87.4 40.466412 -3.474565 591.9 4 5 78.3 0.954 2 1 0 
580.60 87.0 40.466457 -3.474286 593.7 4 5 78.3 0.954 2 2 0 
581.61 87.5 40.466496 -3.474021 593.7 4 5 78.3 0 1 2 0 
582.67 86.8 40.466537 -3.473739 592.6 4 5 79.4 1.053 0 2 0 
583.61 87.4 40.466579 -3.473460 592.2 4 5 79.4 1.053 0 2 0 
584.63 86.5 40.466618 -3.473162 593.0 4 5 80.1 0.676 0 2 0 
585.61 85.4 40.466648 -3.472884 593.3 4 5 80.7 1.336 1 2 0 
586.61 87.4 40.466682 -3.472616 593.7 4 5 80.7 0.661 1 2 0 
587.61 87.0 40.466713 -3.472323 593.8 4 5 81.4 0.707 1 2 0 
588.61 87.7 40.466743 -3.472034 593.5 3 5 83.5 2.762 0 3 0 
589.73 87.2 40.466774 -3.471773 593.8 3 5 83.5 2.055 0 3 0 
590.60 87.0 40.466805 -3.471494 593.8 4 5 83.0 0.524 0 2 0 
591.64 87.2 40.466824 -3.471218 594.1 4 5 83.5 0.539 0 2 0 
592.62 86.1 40.466843 -3.470928 594.0 4 5 84.5 1.540 0 2 0 
593.60 86.5 40.466866 -3.470647 594.1 4 5 84.5 1.001 0 2 0 
594.61 86.5 40.466881 -3.470369 594.7 4 5 85.0 0.548 0 2 0 
595.61 85.4 40.466888 -3.470090 595.0 4 5 86.0 1.507 1 2 0 
596.61 86.4 40.466900 -3.469818 594.7 3 5 86.0 0.959 2 2 0 
597.62 86.6 40.466923 -3.469522 595.0 4 5 86.5 0.511 1 2 0 
598.62 86.7 40.466934 -3.469235 594.9 4 5 86.5 0.511 0 2 0 
599.78 86.9 40.466949 -3.468942 595.2 4 5 86.5 0 0 2 0 
600.64 86.5 40.466961 -3.468657 595.5 4 5 88.1 1.592 1 2 0 
601.64 87.0 40.466969 -3.468375 595.5 4 5 111.0 24.453 1 2 0 
602.62 86.1 40.466961 -3.468091 595.3 4 5 92.1 18.883 1 2 0 
603.62 85.6 40.466969 -3.467810 594.9 4 5 92.4 18.575 0 2 0 
604.64 85.5 40.466972 -3.467516 593.6 3 5 89.6 2.750 0 2 0 
605.64 86.1 40.466976 -3.467241 592.9 3 5 89.6 2.750 0 2 0 
606.70 85.4 40.466976 -3.466960 593.0 4 5 90.4 0.703 2 2 0 
607.61 83.4 40.466969 -3.466685 593.1 4 5 91.4 1.758 1 2 0 
608.61 83.7 40.466969 -3.466412 593.3 4 5 91.1 0.703 2 2 0 
609.63 82.8 40.466965 -3.466147 593.7 4 5 91.4 0.352 2 3 0 
610.64 81.9 40.466965 -3.465886 594.0 4 5 91.4 0.352 2 3 0 
611.62 81.4 40.466965 -3.465622 594.0 4 5 91.8 0.352 2 3 0 
612.66 81.2 40.466957 -3.465370 593.6 4 5 91.1 0.703 2 3 0 
613.71 82.1 40.466946 -3.465113 593.7 4 5 90.7 1.055 1 3 0 
614.65 81.1 40.466938 -3.464838 593.3 4 5 91.8 1.055 0 3 0 
615.63 82.5 40.466927 -3.464569 593.9 4 5 92.1 1.406 0 3 0 
616.60 82.5 40.466915 -3.464292 594.8 4 5 92.1 0.352 0 3 0 
617.62 82.6 40.466911 -3.464031 594.2 4 5 92.5 0.352 0 3 0 
618.63 83.5 40.466911 -3.463761 593.9 4 5 92.8 0.703 0 3 0 
619.63 84.2 40.466888 -3.463487 593.8 4 5 93.5 1.055 1 3 0 
620.63 83.3 40.466885 -3.463202 593.8 4 5 93.3 0.440 1 3 0 
621.61 83.1 40.466869 -3.462923 593.5 4 5 93.3 0.263 0 4 0 
622.66 82.8 40.466858 -3.462635 593.5 4 5 93.5 0.213 0 3 0 
623.63 81.9 40.466843 -3.462371 593.6 4 5 93.5 0.213 0 3 0 
624.62 81.7 40.466824 -3.462108 593.8 3 5 93.5 0 1 3 0 
625.61 81.5 40.466805 -3.461844 594.4 3 5 93.5 0 2 4 0 
626.64 81.1 40.466797 -3.461572 594.6 4 5 93.5 0 1 4 0 
627.61 79.8 40.466789 -3.461334 594.5 4 5 93.5 0 0 4 0 
628.62 79.8 40.466774 -3.461059 593.8 3 5 93.5 0 0 4 0 
629.61 79.5 40.466763 -3.460787 593.5 3 5 93.5 0 1 4 0 
630.69 77.8 40.466743 -3.460529 593.5 4 5 93.3 0.174 1 4 0 
631.60 78.0 40.466736 -3.460271 594.3 3 5 93.7 0.447 0 4 0 
632.62 78.2 40.466721 -3.460012 594.7 3 5 93.7 0.447 0 4 0 
633.60 78.3 40.466717 -3.459742 593.6 3 5 93.7 0 0 4 0 
634.61 77.3 40.466717 -3.459509 593.4 4 5 93.7 0 0 4 0 
635.64 76.6 40.466709 -3.459260 593.4 4 5 93.7 0 0 4 0 
636.67 77.3 40.466694 -3.459018 593.7 3 5 93.7 0 0 4 0 
637.62 78.6 40.466686 -3.458748 594.0 3 5 93.5 0.220 0 4 0 
638.63 82.6 40.466682 -3.458486 594.4 3 5 93.5 0.220 0 4 0 
639.60 84.0 40.466675 -3.458212 594.5 4 5 93.5 0 0 4 0 
640.63 86.5 40.466663 -3.457927 595.3 4 5 93.5 0 0 4 0 
641.62 89.9 40.466656 -3.457638 595.3 4 5 92.5 1.042 0 4 0 
642.65 88.0 40.466644 -3.457336 595.4 4 5 92.5 1.042 0 4 0 
643.64 89.8 40.466633 -3.457051 595.0 4 5 92.5 0 0 4 0 
644.62 87.0 40.466625 -3.456760 595.9 4 5 92.5 0 1 4 0 
645.61 86.9 40.466618 -3.456466 594.0 4 5 91.7 0.738 2 4 0 
646.62 86.4 40.466610 -3.456178 593.4 4 5 91.7 0.738 2 4 0 
647.64 86.7 40.466614 -3.455901 594.3 4 5 90.8 0.989 0 4 0 
648.68 86.7 40.466614 -3.455617 594.5 4 5 91.0 0.748 0 3 0 
649.64 86.3 40.466614 -3.455341 594.6 4 5 91.0 0.241 0 3 0 
650.65 93.2 40.466614 -3.455017 594.5 4 5 90.5 0.542 1 3 0 
651.61 95.4 40.466618 -3.454704 594.3 4 5 90.5 0.542 1 3 0 
652.66 98.4 40.466621 -3.454383 595.3 3 5 91.0 0.576 1 4 0 
653.60 101.4 40.466625 -3.454054 595.8 3 5 88.6 2.441 0 4 0 
654.63 103.9 40.466629 -3.453715 596.1 3 5 87.9 3.148 0 4 0 
655.62 104.3 40.466644 -3.453372 595.2 3 5 87.1 1.516 0 4 0 
656.62 103.8 40.466656 -3.453043 595.5 3 5 87.1 0.810 0 3 0 
657.60 105.0 40.466671 -3.452697 595.1 3 5 87.1 0 0 3 0 
658.66 106.4 40.466690 -3.452347 594.9 3 5 87.1 0 0 3 0 
659.63 107.2 40.466709 -3.451998 594.5 3 5 87.1 0 0 3 0 
660.73 108.2 40.466728 -3.451649 594.3 3 5 86.0 1.049 0 3 0 
661.61 108.7 40.466747 -3.451293 595.3 3 5 85.5 1.564 0 3 0 
662.65 108.6 40.466774 -3.450934 595.7 3 5 85.0 0.998 0 3 0 
663.63 108.6 40.466797 -3.450589 594.1 3 5 85.0 0.483 0 3 0 
664.62 107.7 40.466820 -3.450236 593.9 3 5 85.0 0.065 1 3 0 
665.62 107.6 40.466843 -3.449883 593.3 3 5 85.0 0.065 0 3 0 
666.62 107.5 40.466869 -3.449535 592.7 3 5 84.3 0.668 0 3 0 
667.64 107.4 40.466896 -3.449188 592.5 3 5 83.9 1.021 0 3 0 
668.60 107.5 40.466927 -3.448846 593.1 3 5 83.9 0.353 0 2 0 
669.61 108.2 40.466953 -3.448475 594.3 3 5 84.8 0.823 0 2 0 
670.62 109.1 40.466984 -3.448121 594.8 3 5 84.1 0.670 0 2 0 
671.60 110.8 40.467014 -3.447759 593.5 3 5 84.1 0.670 0 2 0 
672.62 112.4 40.467045 -3.447388 593.2 3 5 82.6 1.538 0 2 0 
673.79 113.7 40.467075 -3.447020 592.2 3 5 83.2 0.904 0 2 0 
674.64 114.2 40.467098 -3.446657 592.6 3 5 84.0 1.422 1 2 0 
675.61 114.6 40.467129 -3.446266 593.2 3 5 84.0 0.788 2 2 0 
676.68 114.9 40.467159 -3.445899 594.6 3 5 84.0 0 2 2 0 
677.62 114.6 40.467190 -3.445515 593.3 3 5 84.3 0.304 2 2 0 
678.64 114.4 40.467220 -3.445149 592.8 3 5 84.3 0.304 0 2 0 
679.60 114.1 40.467247 -3.444783 593.2 3 5 83.6 0.694 0 2 0 
680.62 113.1 40.467270 -3.444425 593.2 3 5 83.6 0.694 0 2 0 
681.61 112.4 40.467300 -3.444049 593.3 3 5 84.0 0.440 0 2 0 
682.62 111.8 40.467331 -3.443672 593.3 3 5 84.0 0.440 0 2 0 
683.61 110.4 40.467358 -3.443315 592.6 3 5 82.4 1.660 0 2 0 
684.60 107.8 40.467377 -3.442983 592.5 3 5 82.4 1.660 0 2 0 
685.63 106.6 40.467411 -3.442631 592.4 3 5 81.9 0.433 1 2 0 
686.62 105.3 40.467445 -3.442291 592.2 3 5 81.9 0.433 0 2 0 
687.60 103.8 40.467487 -3.441962 591.9 3 5 80.5 1.394 0 2 0 
688.62 103.4 40.467541 -3.441622 592.3 3 5 79.8 2.154 0 2 0 
689.62 101.8 40.467583 -3.441293 592.2 3 5 79.8 0.760 0 2 0 
690.62 102.0 40.467628 -3.440969 592.6 4 5 78.7 1.127 0 1 0 
691.60 100.7 40.467674 -3.440654 592.7 3 5 78.7 1.127 0 1 0 
692.66 100.9 40.467731 -3.440320 592.7 3 5 77.4 1.282 0 1 0 
693.62 100.3 40.467785 -3.439988 593.6 3 5 77.4 1.282 0 1 0 
694.62 102.7 40.467842 -3.439662 593.6 3 5 75.2 2.195 0 1 0 
695.59 98.0 40.467899 -3.439350 593.0 3 5 76.4 1.256 1 1 0 
696.62 98.6 40.467953 -3.439035 593.8 3 5 77.3 2.170 1 1 0 
697.60 99.3 40.468010 -3.438721 594.4 4 5 76.6 0.703 1 2 0 
698.69 99.1 40.468071 -3.438406 594.4 4 5 76.3 1.055 0 2 0 
699.60 100.4 40.468121 -3.438082 594.8 4 5 76.6 0.352 0 2 0 
700.60 100.7 40.468182 -3.437762 595.2 4 5 76.3 0.352 0 2 0 
701.60 101.2 40.468235 -3.437451 595.4 4 5 77.3 1.055 0 2 0 
702.60 101.9 40.468285 -3.437132 595.8 4 5 77.0 0.703 1 2 0 
703.70 101.7 40.468342 -3.436793 596.2 4 5 77.3 0.352 2 2 0 
704.66 102.3 40.468399 -3.436475 596.3 4 5 77.0 0.352 1 2 0 
705.61 102.8 40.468452 -3.436153 596.1 4 5 76.6 0.703 0 2 0 
706.67 102.6 40.468510 -3.435827 596.4 4 5 77.0 0.352 0 2 0 
707.61 102.0 40.468567 -3.435505 596.0 4 5 78.0 1.406 0 2 0 
708.63 101.7 40.468620 -3.435179 595.6 4 5 77.7 0.703 0 2 0 
709.61 101.6 40.468674 -3.434854 595.4 4 5 78.8 1.055 0 2 0 
710.61 103.1 40.468723 -3.434526 594.9 4 5 78.8 1.055 0 2 0 
711.62 104.9 40.468781 -3.434196 595.0 4 5 78.4 0.352 0 2 0 
712.64 104.2 40.468830 -3.433864 594.4 4 5 78.4 0.352 0 1 0 
713.63 105.2 40.468887 -3.433520 594.6 4 5 78.4 0 0 1 0 
714.60 104.6 40.468937 -3.433175 595.8 4 5 79.1 0.703 0 1 0 
715.66 104.0 40.468990 -3.432840 594.3 4 5 78.8 0.352 0 1 0 
716.62 103.2 40.469044 -3.432508 591.2 4 5 78.8 0.352 0 1 0 
717.60 103.3 40.469105 -3.432178 591.2 3 5 78.4 0.352 0 1 0 
718.61 102.8 40.469158 -3.431843 590.8 3 5 77.7 1.055 0 1 0 
719.64 103.3 40.469215 -3.431505 589.8 4 5 77.0 1.406 0 1 0 
720.62 102.6 40.469269 -3.431177 589.9 4 5 76.6 1.055 0 1 0 
721.61 102.7 40.469326 -3.430847 593.6 4 5 75.9 1.055 0 1 0 
722.64 102.5 40.469387 -3.430536 591.6 4 5 74.9 1.758 0 1 0 
723.61 102.2 40.469452 -3.430216 588.7 4 5 73.8 2.109 0 1 0 
724.61 102.1 40.469521 -3.429913 587.9 4 5 72.8 2.109 0 1 0 
725.63 102.5 40.469604 -3.429590 587.6 4 5 72.4 1.406 0 1 0 
726.61 103.0 40.469681 -3.429247 587.9 4 5 72.1 0.703 0 1 0 
727.62 102.2 40.469753 -3.428926 589.1 4 5 71.7 0.703 0 1 0 
728.59 102.3 40.469837 -3.428602 586.1 4 5 71.0 1.055 0 1 0 
729.65 102.4 40.469921 -3.428286 586.5 3 5 71.4 0.352 1 1 0 
730.61 102.4 40.470009 -3.427967 587.5 3 5 71.0 0.352 1 1 0 
731.65 103.0 40.470093 -3.427650 587.3 3 5 71.0 0.352 2 2 0 
732.61 102.5 40.470188 -3.427328 584.0 3 5 70.0 1.055 2 2 0 
733.62 102.0 40.470284 -3.427020 584.0 3 5 70.0 1.055 2 2 0 
734.61 102.3 40.470371 -3.426698 583.8 4 5 69.6 0.352 2 2 0 
735.62 102.3 40.470463 -3.426385 583.6 3 5 69.6 0.352 2 2 0 
736.70 102.0 40.470547 -3.426068 583.7 3 5 69.6 0 0 2 0 
737.61 100.4 40.470650 -3.425760 583.1 4 5 68.9 0.703 0 2 0 
738.61 100.5 40.470741 -3.425444 584.4 3 5 68.6 1.055 0 2 0 
739.61 99.7 40.470829 -3.425154 585.5 4 5 68.6 0.352 0 2 0 
740.60 98.3 40.470909 -3.424860 584.3 3 5 69.3 0.703 0 2 0 
741.62 98.9 40.470993 -3.424550 584.3 3 5 70.0 1.406 0 2 0 
742.62 98.5 40.471077 -3.424247 584.3 3 5 70.0 0.703 0 2 0 
743.62 97.7 40.471165 -3.423944 585.0 4 5 69.6 0.352 0 2 0 
744.63 96.9 40.471241 -3.423657 585.1 3 5 69.6 0.352 1 2 0 
745.67 97.3 40.471317 -3.423375 585.1 4 5 70.0 0.352 1 2 0 
746.59 97.1 40.471405 -3.423077 585.2 4 5 69.6 0.352 1 2 0 
747.64 96.9 40.471489 -3.422783 585.2 4 5 69.3 0.703 1 2 0 
748.62 96.1 40.471577 -3.422487 586.2 4 5 69.6 0.352 1 2 0 
749.62 95.5 40.471661 -3.422190 586.1 4 5 70.0 0.703 2 2 0 
750.61 95.7 40.471745 -3.421885 585.2 4 5 71.0 1.406 2 2 0 
751.61 95.0 40.471821 -3.421583 585.1 4 5 70.7 0.703 2 3 0 
752.63 94.7 40.471901 -3.421299 585.2 4 5 70.3 0.703 1 3 0 
753.62 94.6 40.471981 -3.421007 584.9 4 5 70.7 0.352 0 3 0 
754.62 94.4 40.472057 -3.420727 585.1 4 5 70.7 0.352 0 3 0 
755.61 94.0 40.472134 -3.420429 585.3 4 5 71.4 0.703 1 3 0 
756.60 93.3 40.472210 -3.420141 587.4 4 5 71.7 1.055 2 3 0 
757.60 92.5 40.472275 -3.419846 586.7 4 5 72.1 0.703 2 3 0 
758.60 92.3 40.472340 -3.419550 586.5 4 5 72.1 0.352 2 3 0 
759.63 91.9 40.472416 -3.419261 586.8 3 5 71.4 0.703 2 3 0 
760.60 91.5 40.472481 -3.418973 587.3 3 5 71.4 0.703 2 3 0 
761.63 93.2 40.472569 -3.418683 587.5 3 5 71.0 0.352 0 3 0 
762.60 93.2 40.472645 -3.418395 587.5 4 5 71.0 0.352 0 3 0 
763.63 95.3 40.472710 -3.418083 589.2 4 5 71.7 0.703 0 3 0 
764.60 95.3 40.472786 -3.417787 588.9 4 5 71.7 0.703 0 3 0 
765.60 94.6 40.472862 -3.417502 588.3 4 5 71.4 0.352 0 3 0 
766.61 97.8 40.472939 -3.417182 588.4 4 5 72.4 1.055 0 3 0 
767.61 99.5 40.473015 -3.416869 588.9 3 5 72.1 0.703 1 3 0 
768.60 100.4 40.473099 -3.416550 588.9 3 5 71.4 1.055 1 3 0 
769.62 101.3 40.473175 -3.416233 589.1 3 5 71.4 0.703 0 3 0 
770.60 101.8 40.473259 -3.415917 589.6 3 5 72.4 1.055 1 3 0 
771.62 100.2 40.473331 -3.415600 589.1 3 5 72.8 1.406 2 3 0 
772.63 99.4 40.473400 -3.415292 588.6 3 5 72.4 0.352 2 4 0 
773.61 99.6 40.473465 -3.414980 588.5 4 5 72.1 0.703 2 4 0 
774.74 98.5 40.473545 -3.414675 588.6 4 5 71.0 1.406 1 4 0 
775.62 98.7 40.473633 -3.414373 589.3 4 5 70.0 2.109 1 4 0 
776.60 98.5 40.473717 -3.414068 589.3 4 5 68.9 2.109 0 4 0 
777.62 98.8 40.473808 -3.413769 587.2 4 5 68.2 1.758 0 4 0 
778.61 99.6 40.473907 -3.413454 586.7 4 5 67.5 1.406 0 4 0 
779.61 99.1 40.473999 -3.413153 586.0 4 5 66.4 1.758 0 4 0 
780.61 98.9 40.474102 -3.412856 585.9 4 5 66.1 1.406 0 4 0 
781.62 98.5 40.474205 -3.412565 585.5 4 5 65.0 1.406 0 4 0 
782.62 98.7 40.474316 -3.412277 586.2 4 5 64.3 1.758 0 4 0 
783.63 98.9 40.474426 -3.411993 585.5 4 5 63.6 1.406 0 4 0 
784.61 98.4 40.474537 -3.411692 585.3 4 5 63.6 0.703 0 4 0 
785.60 98.6 40.474651 -3.411407 586.0 3 5 62.2 1.406 0 4 0 
786.71 98.5 40.474777 -3.411126 585.8 3 5 61.9 1.758 0 4 0 
787.61 98.3 40.474892 -3.410844 585.3 3 5 60.5 1.758 1 4 0 
788.70 98.9 40.475018 -3.410571 585.5 4 5 59.8 2.109 2 4 0 
789.63 98.8 40.475147 -3.410295 585.2 3 5 58.7 1.758 2 5 1 
790.66 102.1 40.475277 -3.410012 585.3 3 5 58.4 1.406 2 5 1 
791.61 100.0 40.475410 -3.409739 585.2 3 5 57.0 1.758 0 4 0 
792.64 100.7 40.475548 -3.409462 585.5 3 5 55.9 2.461 0 4 0 
793.62 103.3 40.475693 -3.409179 585.5 3 5 55.2 1.758 1 4 0 
794.62 105.0 40.475842 -3.408899 586.0 3 5 54.5 1.406 0 4 0 
795.64 106.2 40.475994 -3.408622 585.6 3 5 54.1 1.055 0 4 0 
796.63 107.4 40.476151 -3.408334 585.1 3 5 53.4 1.055 0 4 0 
797.61 108.7 40.476307 -3.408056 585.2 3 5 52.7 1.406 0 4 0 
798.61 109.1 40.476475 -3.407779 584.8 3 5 52.0 1.406 0 4 0 
799.60 109.7 40.476643 -3.407504 586.7 3 5 51.0 1.758 0 4 0 
800.68 109.0 40.476822 -3.407220 585.8 3 5 50.3 1.758 0 4 0 
801.61 108.0 40.477005 -3.406946 584.6 3 5 49.2 1.758 0 4 0 
802.62 106.6 40.477184 -3.406680 584.8 3 5 48.2 2.109 0 4 0 
803.61 105.7 40.477367 -3.406425 585.2 3 5 47.5 1.758 1 4 0 
804.63 105.4 40.477547 -3.406178 585.1 3 5 46.4 1.758 2 4 0 
805.70 105.1 40.477726 -3.405926 585.8 4 5 45.4 2.109 2 4 0 
806.62 104.3 40.477913 -3.405685 586.6 4 5 44.6 1.758 2 4 0 
807.68 103.8 40.478100 -3.405446 587.7 4 5 43.9 1.406 0 4 0 
808.72 103.3 40.478287 -3.405214 589.2 3 5 42.9 1.758 0 4 0 
809.62 103.9 40.478481 -3.404994 588.5 3 5 40.8 3.164 0 4 0 
810.63 103.2 40.478676 -3.404773 588.8 3 5 40.8 2.109 0 3 0 
811.63 103.8 40.478870 -3.404556 588.5 3 5 40.8 0 0 3 0 
812.61 105.0 40.479069 -3.404335 588.1 3 5 40.1 0.703 0 3 0 
813.66 106.3 40.479275 -3.404114 588.1 3 5 39.4 1.406 0 3 0 
814.62 107.8 40.479485 -3.403895 589.8 3 5 38.7 1.406 1 3 0 
815.62 108.4 40.479698 -3.403677 590.9 3 5 38.0 1.406 0 3 0 
816.64 109.5 40.479904 -3.403446 591.8 4 5 38.0 0.703 0 3 0 
817.74 110.7 40.480133 -3.403230 592.7 4 5 36.6 1.406 0 3 0 
818.64 112.4 40.480354 -3.403024 590.4 3 5 36.6 1.406 0 2 0 
819.60 114.4 40.480583 -3.402800 590.6 3 5 36.9 0.352 1 2 0 
820.60 115.7 40.480808 -3.402572 592.3 3 5 36.9 0.352 1 2 0 
821.62 116.7 40.481045 -3.402343 593.5 3 5 36.6 0.352 1 2 0 
822.61 119.0 40.481277 -3.402118 593.6 3 5 36.6 0.352 1 3 0 
823.62 121.6 40.481522 -3.401879 593.7 3 5 36.2 0.352 0 3 0 
824.64 123.1 40.481773 -3.401648 594.3 3 5 36.7 0.506 0 3 0 
825.60 124.8 40.482021 -3.401412 593.9 3 5 36.5 0.321 0 3 0 
826.61 126.8 40.482281 -3.401159 596.4 3 5 36.5 0.184 0 3 0 
827.61 127.8 40.482540 -3.400904 598.1 3 5 36.5 0 0 2 0 
828.61 127.8 40.482796 -3.400653 599.6 3 5 36.5 0 0 2 0 
829.66 129.3 40.483055 -3.400393 599.8 3 5 36.6 0.097 0 2 0 
830.61 129.1 40.483311 -3.400145 600.6 3 5 36.6 0.097 0 2 0 
831.61 127.5 40.483566 -3.399891 600.6 3 5 36.6 0 0 2 0 
832.66 126.4 40.483818 -3.399643 600.9 3 5 35.7 0.953 0 2 0 
833.63 124.6 40.484070 -3.399400 599.3 3 5 36.8 1.138 0 2 0 
834.63 123.4 40.484310 -3.399164 599.0 3 5 36.8 1.138 1 2 0 
835.60 122.5 40.484558 -3.398923 599.3 3 5 37.3 0.438 0 2 0 
836.61 121.7 40.484798 -3.398685 600.0 3 5 37.8 1.025 0 1 0 
837.63 120.3 40.485035 -3.398440 601.2 3 5 37.8 0.587 2 2 0 
838.61 118.8 40.485260 -3.398204 600.1 3 5 37.8 0 2 2 0 
839.65 117.5 40.485493 -3.397949 599.8 3 5 40.3 2.429 0 2 0 
840.60 115.7 40.485710 -3.397699 599.9 3 5 40.3 2.429 0 2 0 
841.62 114.8 40.485920 -3.397443 599.3 3 5 41.6 1.292 0 2 0 
842.67 113.7 40.486130 -3.397192 599.1 3 5 43.2 2.935 0 2 0 
843.65 112.3 40.486340 -3.396940 598.5 3 5 43.2 1.643 2 2 0 
844.61 110.9 40.486534 -3.396703 597.6 3 5 44.1 0.851 2 2 0 
845.61 109.4 40.486740 -3.396449 597.7 3 5 44.1 0.851 0 2 0 
846.61 108.4 40.486938 -3.396200 597.0 3 5 44.1 0 0 2 0 
847.61 107.3 40.487122 -3.395962 597.1 3 5 44.1 0 0 2 0 
848.64 106.4 40.487305 -3.395718 596.7 3 5 45.2 1.162 0 2 0 
849.65 105.7 40.487495 -3.395461 596.5 3 5 46.1 2.000 0 2 0 
850.69 105.0 40.487675 -3.395210 596.2 3 5 46.8 1.541 0 2 0 
851.62 103.7 40.487854 -3.394958 596.7 3 5 47.1 1.055 0 2 0 
852.61 102.1 40.488026 -3.394712 596.5 3 5 47.1 0.352 0 2 0 
853.61 101.1 40.488205 -3.394472 596.5 3 5 46.1 1.055 0 2 0 
854.61 100.1 40.488380 -3.394238 596.1 3 5 45.4 1.758 0 2 0 
855.62 99.2 40.488548 -3.393999 596.3 3 5 46.8 1.406 0 2 0 
856.62 97.9 40.488716 -3.393764 596.3 3 5 46.8 1.406 0 2 0 
857.62 97.3 40.488884 -3.393536 596.9 3 5 45.7 1.055 0 2 0 
858.62 96.3 40.489052 -3.393314 596.9 3 5 45.7 1.055 0 2 0 
859.62 95.5 40.489220 -3.393091 596.9 3 5 45.7 0 0 2 0 
860.61 94.7 40.489380 -3.392868 596.5 3 5 46.4 0.703 1 2 0 
861.63 94.0 40.489540 -3.392646 596.7 3 5 46.8 1.055 1 2 0 
862.62 93.3 40.489704 -3.392426 597.1 3 5 46.1 0.703 0 2 0 
863.63 92.8 40.489868 -3.392210 596.9 3 5 45.4 1.406 0 2 0 
864.62 92.3 40.490025 -3.391997 597.2 3 5 45.7 0.352 0 2 0 
865.60 91.9 40.490185 -3.391776 596.3 3 5 46.8 1.406 2 2 0 
866.61 91.9 40.490341 -3.391557 597.9 3 5 46.8 1.055 1 2 0 
867.61 91.7 40.490501 -3.391340 597.5 3 5 46.1 0.703 1 2 0 
868.61 91.6 40.490662 -3.391122 598.3 3 5 45.7 1.055 1 2 0 
869.63 91.4 40.490822 -3.390909 598.4 3 5 46.1 0.352 0 2 0 
870.64 91.1 40.490978 -3.390695 598.7 3 5 45.7 0.352 0 2 0 
871.60 90.2 40.491135 -3.390483 599.8 3 5 46.1 0.352 0 2 0 
872.63 89.6 40.491291 -3.390270 599.6 3 5 46.4 0.703 1 2 0 
873.59 88.7 40.491447 -3.390062 598.1 3 5 46.4 0.352 1 2 0 
874.66 88.2 40.491600 -3.389854 599.4 3 5 46.1 0.352 0 2 0 
875.62 88.1 40.491753 -3.389648 600.4 3 5 46.1 0.352 0 2 0 
876.61 88.7 40.491909 -3.389442 598.7 3 5 45.4 0.703 2 2 0 
877.66 89.3 40.492065 -3.389235 598.4 3 5 45.4 0.703 2 3 0 
878.60 89.7 40.492222 -3.389021 598.5 3 5 46.4 1.055 0 3 0 
879.60 90.5 40.492378 -3.388801 599.5 3 5 47.1 1.758 0 3 0 
880.61 91.4 40.492531 -3.388577 599.7 3 5 47.5 1.055 0 3 0 
881.61 91.7 40.492683 -3.388359 599.5 3 5 47.5 0.352 0 2 0 
882.60 93.3 40.492840 -3.388129 598.9 3 5 47.8 0.352 0 2 0 
883.63 94.0 40.493004 -3.387913 599.9 3 5 47.8 0.352 0 2 0 
884.60 94.8 40.493164 -3.387677 600.5 3 5 48.5 0.703 0 2 0 
885.61 95.7 40.493324 -3.387441 601.7 3 5 49.2 1.406 0 2 0 
886.61 96.6 40.493488 -3.387213 601.0 3 5 48.5 0.703 0 2 0 
887.61 97.4 40.493649 -3.386976 599.9 3 5 49.2 0.703 1 2 0 
888.62 98.1 40.493809 -3.386733 600.6 3 5 49.6 1.055 2 2 0 
889.60 99.4 40.493965 -3.386486 601.0 3 5 50.7 1.508 2 3 0 
890.66 99.3 40.494122 -3.386226 600.5 3 5 50.6 1.055 0 3 0 
891.61 99.6 40.494282 -3.385975 600.6 3 5 51.0 0.352 0 3 0 
892.64 100.0 40.494438 -3.385719 602.1 3 5 51.0 0.352 0 3 0 
893.61 101.4 40.494602 -3.385464 603.3 3 5 50.6 0.352 0 3 0 
894.60 101.7 40.494755 -3.385205 603.0 3 5 52.4 1.806 0 3 0 
895.64 101.8 40.494907 -3.384945 601.9 3 5 52.4 1.806 0 3 0 
896.62 103.1 40.495064 -3.384682 601.9 3 5 53.0 0.616 0 3 0 
897.65 98.7 40.495216 -3.384428 600.9 3 5 52.3 0.729 1 2 0 
898.66 102.3 40.495369 -3.384164 600.3 3 5 54.0 1.674 0 2 0 
899.63 103.5 40.495518 -3.383881 599.3 3 5 54.0 1.674 0 2 0 
900.61 104.4 40.495670 -3.383611 601.4 3 5 53.8 0.156 0 2 0 
901.60 105.5 40.495834 -3.383314 602.1 3 5 54.9 1.109 0 2 0 
902.71 105.8 40.495979 -3.383039 602.1 3 5 56.7 2.821 0 2 0 
903.63 106.3 40.496136 -3.382746 602.1 3 5 56.7 1.712 0 2 0 
904.65 106.5 40.496284 -3.382464 602.7 3 5 56.7 0 0 2 0 
905.65 105.7 40.496429 -3.382180 603.6 3 5 55.9 0.772 0 2 0 
906.74 106.1 40.496578 -3.381890 600.1 3 5 55.9 0.772 0 2 0 
907.62 106.3 40.496723 -3.381600 598.8 3 5 56.5 0.661 1 2 0 
908.60 106.6 40.496876 -3.381301 599.6 3 5 56.5 0.661 2 2 0 
909.60 107.1 40.497021 -3.381019 600.9 3 5 55.9 0.640 2 2 0 
910.62 106.3 40.497173 -3.380718 601.9 3 5 56.3 0.403 2 3 0 
911.62 106.8 40.497303 -3.380435 602.2 3 5 56.5 0.573 0 3 0 
912.62 105.3 40.497448 -3.380141 602.7 3 5 56.5 0.170 0 3 0 
913.66 105.1 40.497593 -3.379852 602.2 3 5 56.5 0 0 3 0 
914.63 104.9 40.497730 -3.379566 603.1 3 5 56.5 0 0 3 0 
915.64 104.6 40.497871 -3.379270 601.5 3 5 56.3 0.210 0 3 0 
916.63 103.1 40.498016 -3.378993 599.5 3 5 55.9 0.543 0 3 0 
917.61 102.3 40.498154 -3.378717 599.8 3 5 55.9 0.332 0 3 0 
918.62 101.4 40.498295 -3.378440 600.8 3 5 55.9 0 0 3 0 
919.62 100.2 40.498432 -3.378157 601.3 3 5 55.9 0 0 3 0 
920.72 99.8 40.498573 -3.377884 600.2 3 5 55.6 0.365 0 3 0 
921.61 99.9 40.498711 -3.377605 601.3 3 5 56.2 0.622 0 2 0 
922.61 99.2 40.498848 -3.377335 602.5 3 5 56.2 0.622 0 2 0 
923.62 98.6 40.498989 -3.377062 604.2 3 5 56.2 0 0 2 0 
924.61 97.7 40.499126 -3.376793 605.2 3 5 56.2 0 0 2 0 
925.62 97.7 40.499268 -3.376526 604.1 3 5 56.2 0 0 2 0 
926.65 97.5 40.499397 -3.376257 603.7 3 5 57.0 0.762 0 2 0 
927.66 96.7 40.499527 -3.375999 602.9 3 5 57.0 0.762 0 2 0 
928.61 96.5 40.499664 -3.375736 604.2 3 5 57.0 0 0 2 0 
929.61 95.7 40.499802 -3.375472 604.3 3 5 56.7 0.286 0 1 0 
930.63 94.6 40.499924 -3.375218 601.1 3 5 56.7 0.286 0 1 0 
931.60 94.8 40.500057 -3.374950 599.7 3 5 55.9 0.767 0 1 0 
932.65 95.0 40.500187 -3.374699 599.2 3 5 55.9 0.767 0 1 0 
933.61 95.1 40.500320 -3.374435 599.4 3 5 55.9 0 1 1 0 
934.60 94.1 40.500443 -3.374172 600.1 3 5 57.9 2.006 2 2 0 
935.60 93.3 40.500565 -3.373914 600.4 3 5 57.9 2.006 0 2 0 
936.62 91.9 40.500679 -3.373641 601.1 3 5 57.7 0.237 0 2 0 
937.62 90.6 40.500793 -3.373389 601.4 3 5 57.7 0.237 0 1 0 
938.63 89.2 40.500908 -3.373134 600.9 3 5 57.7 0 0 1 0 
939.65 87.4 40.501022 -3.372885 601.6 3 5 57.7 0 0 1 0 
940.61 86.3 40.501137 -3.372641 603.6 3 5 57.9 0.185 2 1 0 
941.62 86.1 40.501247 -3.372414 601.0 3 5 57.7 0.131 2 2 0 
942.63 83.0 40.501362 -3.372195 601.6 3 5 57.7 0.131 2 2 0 
943.62 82.5 40.501472 -3.371962 602.5 3 5 57.7 0 2 2 0 
944.63 82.4 40.501583 -3.371740 602.5 3 5 57.4 0.311 1 2 0 
945.61 82.5 40.501686 -3.371489 602.1 3 5 57.4 0.311 1 2 0 
946.60 82.7 40.501793 -3.371255 602.0 3 5 57.4 0 1 2 0 
947.60 82.8 40.501904 -3.371025 602.1 3 5 57.4 0 1 3 0 
948.62 83.2 40.502010 -3.370790 602.1 3 5 57.4 0 1 3 0 
949.60 83.0 40.502121 -3.370557 602.5 3 5 58.0 0.542 2 3 0 
950.61 82.8 40.502239 -3.370323 604.4 3 5 54.2 3.763 2 3 0 
951.61 81.7 40.502346 -3.370097 607.9 3 5 57.8 3.579 0 3 0 
952.61 81.1 40.502441 -3.369848 608.7 3 5 57.8 3.579 0 3 0 
953.60 81.5 40.502533 -3.369607 607.7 3 5 58.4 0.672 0 3 0 
954.67 80.2 40.502632 -3.369377 606.7 3 5 57.5 0.980 0 3 0 
955.61 79.6 40.502739 -3.369148 606.6 3 5 57.5 0.980 0 3 0 
956.62 79.0 40.502846 -3.368928 606.2 3 5 57.9 0.472 0 3 0 
957.61 78.0 40.502949 -3.368712 605.9 3 5 57.9 0.472 0 3 0 
958.66 78.1 40.503048 -3.368503 605.7 3 5 57.9 0 0 3 0 
959.70 76.6 40.503151 -3.368278 604.1 3 5 57.9 0 0 3 0 
960.65 74.8 40.503254 -3.368076 603.0 3 5 57.9 0 1 3 0 
961.62 74.5 40.503349 -3.367868 603.4 3 5 58.6 0.636 1 3 0 
962.67 73.4 40.503448 -3.367678 604.4 3 5 57.9 0.677 1 3 0 
963.63 73.3 40.503551 -3.367486 606.1 3 5 57.9 0.677 1 3 0 
964.62 73.2 40.503647 -3.367281 606.1 3 5 58.3 0.444 1 3 0 
965.60 73.3 40.503738 -3.367084 605.5 3 5 58.3 0.444 1 3 0 
966.62 73.5 40.503834 -3.366878 604.9 3 5 58.3 0 1 3 0 
967.61 72.9 40.503933 -3.366670 608.3 3 5 57.8 0.512 1 3 0 
968.61 72.2 40.504025 -3.366485 607.1 3 5 58.3 0.475 0 3 0 
969.62 71.7 40.504120 -3.366291 606.8 3 5 58.3 0.475 1 3 0 
970.62 72.3 40.504219 -3.366071 607.4 3 5 58.3 0 1 3 0 
971.62 72.4 40.504314 -3.365867 606.5 3 5 58.3 0 1 3 0 
972.71 71.8 40.504406 -3.365682 605.7 3 5 60.1 1.800 2 4 0 
973.60 70.3 40.504490 -3.365442 605.7 3 5 60.9 2.556 2 4 0 
974.63 69.9 40.504570 -3.365237 605.6 3 5 61.9 1.826 2 4 0 
975.63 69.8 40.504662 -3.365025 606.4 3 5 63.4 2.578 2 4 0 
976.66 68.6 40.504738 -3.364828 606.9 3 5 64.4 2.448 2 4 0 
977.61 69.0 40.504814 -3.364628 607.3 3 5 64.4 0.941 2 4 0 
978.63 68.9 40.504879 -3.364434 606.8 3 5 65.9 1.485 2 5 1 
979.68 69.2 40.504951 -3.364218 606.4 3 5 67.6 3.220 2 5 1 
980.68 68.5 40.505016 -3.364014 606.7 3 5 67.6 1.735 2 5 1 
981.61 67.8 40.505089 -3.363796 606.3 3 5 69.0 1.366 2 5 1 
982.62 68.7 40.505154 -3.363593 605.8 3 5 70.8 3.211 2 5 1 
983.65 68.9 40.505211 -3.363388 605.8 3 5 71.8 2.838 1 5 1 
984.61 69.8 40.505268 -3.363180 605.8 3 5 72.5 1.709 1 5 1 
985.61 69.2 40.505310 -3.362968 605.0 3 5 72.5 0.716 1 6 1 
986.60 69.0 40.505352 -3.362793 604.3 3 5 72.5 0 2 6 1 
987.60 69.6 40.505405 -3.362526 604.3 3 5 75.3 2.766 2 6 1 
988.61 70.4 40.505447 -3.362304 609.0 3 5 76.1 3.538 2 6 1 
989.61 71.1 40.505482 -3.362087 607.4 3 5 76.6 1.287 2 6 1 
990.59 70.7 40.505524 -3.361865 606.1 3 5 78.0 1.993 2 6 1 
991.62 70.1 40.505566 -3.361630 606.9 4 5 79.8 3.236 2 7 1 
992.62 70.2 40.505585 -3.361391 604.9 3 5 82.3 4.219 2 7 1 
993.63 70.6 40.505611 -3.361149 603.3 3 5 85.1 5.273 1 7 1 
994.65 71.0 40.505619 -3.360918 603.8 3 5 87.5 5.273 0 7 1 
995.61 71.1 40.505623 -3.360690 603.5 3 5 89.6 4.570 0 6 1 
996.63 70.4 40.505623 -3.360457 603.6 3 5 89.6 2.109 0 6 1 
997.62 71.0 40.505627 -3.360224 602.9 3 5 89.6 0 0 7 1 
998.68 71.1 40.505630 -3.359994 602.9 3 5 89.6 0 0 7 1 
999.62 71.9 40.505634 -3.359758 602.9 3 5 89.6 0 0 7 1 
1000.61 73.0 40.505634 -3.359518 603.5 3 5 88.9 0.703 0 7 1 
1001.65 72.8 40.505634 -3.359272 603.0 3 5 88.9 0.703 1 6 1 
1002.62 74.2 40.505634 -3.359033 603.3 3 5 90.4 1.406 2 6 1 
1003.67 77.7 40.505630 -3.358778 603.5 3 5 92.5 3.516 0 6 1 
1004.61 78.7 40.505619 -3.358518 603.7 3 5 94.6 4.219 0 6 1 
1005.62 80.0 40.505596 -3.358261 603.8 3 5 96.3 3.867 2 6 1 
1006.60 80.5 40.505569 -3.358003 603.7 3 5 97.7 3.164 0 6 1 
1007.60 79.7 40.505543 -3.357749 603.7 3 5 98.1 1.758 0 6 1 
1008.63 79.6 40.505516 -3.357494 603.7 3 5 97.4 0.703 0 5 1 
1009.60 79.6 40.505493 -3.357231 604.2 3 5 97.4 0.703 1 5 1 
1010.60 77.5 40.505466 -3.356979 604.4 3 5 97.0 0.352 1 5 1 
1011.60 76.7 40.505447 -3.356729 604.5 3 5 96.0 1.406 0 5 1 
1012.77 76.6 40.505428 -3.356478 604.3 3 5 95.6 1.406 0 5 1 
1013.61 75.9 40.505405 -3.356225 604.0 3 5 96.3 0.703 0 5 1 
1014.68 74.9 40.505390 -3.355982 604.0 3 5 97.0 1.406 0 5 1 
1015.68 73.9 40.505367 -3.355737 604.5 3 5 97.4 1.055 1 5 1 
1016.67 72.5 40.505344 -3.355504 605.4 3 5 98.1 1.055 2 6 1 
1017.60 71.1 40.505322 -3.355267 605.4 3 5 98.8 1.406 2 6 1 
1018.63 69.7 40.505291 -3.355046 605.4 3 5 99.8 1.758 2 6 1 
1019.67 69.2 40.505264 -3.354824 605.7 3 5 100.5 1.758 2 6 1 
1020.63 66.1 40.505226 -3.354609 606.2 3 5 102.0 2.109 2 6 1 
1021.60 63.9 40.505192 -3.354405 606.1 3 5 104.4 3.867 2 6 1 
1022.61 60.8 40.505146 -3.354216 605.9 3 5 110.7 8.789 2 6 1 
1023.61 59.6 40.505077 -3.354035 605.6 3 5 120.2 15.820 0 6 1 
1024.60 56.4 40.505062 -3.353868 605.4 3 5 107.0 13.244 0 6 1 
1025.62 56.1 40.504890 -3.353774 604.8 3 5 139.6 32.580 0 6 1 
1026.61 56.0 40.504784 -3.353662 604.5 3 5 142.0 35.041 0 6 1 
1027.71 56.6 40.504673 -3.353556 604.0 3 5 142.4 2.812 0 6 1 
1028.61 56.7 40.504555 -3.353437 603.5 3 5 141.3 1.055 0 5 1 
1029.62 56.2 40.504444 -3.353321 602.2 3 5 134.7 7.657 0 5 1 
