253.72 2 2 40.466911 -3.450454 20151111125646 
282.60 1 1 40.467030 -3.462856 20151111125715 
333.16 1 2 40.465904 -3.478833 20151111125806 
370.62 1 1 40.465164 -3.487313 20151111125843 
374.53 1 1 40.464619 -3.487866 20151111125847 
397.76 1 1 40.464161 -3.484391 20151111125910 
401.22 1 1 40.464413 -3.483244 20151111125914 
420.44 1 2 40.465488 -3.478854 20151111125933 
610.78 2 1 40.480675 -3.402647 20151111130243 
704.65 2 1 40.501438 -3.372065 20151111130417 
721.63 1 2 40.503956 -3.366565 20151111130434 
