17.26 -1 40.505116 -3.364861 0.73 1.50
35.70 -1 40.502007 -3.371268 1.00 1.50
49.54 1 40.499348 -3.376637 0.86 1.50
83.13 -1 40.492462 -3.389001 0.21 1.50
111.71 1 40.485802 -3.397854 0.86 1.50
141.37 -1 40.477898 -3.405970 0.82 1.50
251.79 1 40.466953 -3.449591 0.90 1.50
260.01 1 40.466751 -3.453038 0.98 1.50
306.05 1 40.467026 -3.470623 1.42 1.50
310.02 1 40.466965 -3.471835 0.93 1.50
344.18 1 40.466038 -3.481575 0.33 1.50
389.02 1 40.463585 -3.486532 0.00 1.50
420.25 -1 40.465488 -3.478854 1.03 1.50
430.79 -1 40.466057 -3.476288 0.87 1.50
433.72 -1 40.466244 -3.475393 0.29 1.50
517.51 1 40.467663 -3.440451 0.69 1.50
533.62 -1 40.468876 -3.433317 0.70 1.50
575.83 1 40.473438 -3.415238 0.85 1.50
648.21 -1 40.490513 -3.391344 0.78 1.50
709.80 1 40.502251 -3.370373 0.81 1.50
713.28 1 40.502838 -3.369065 0.69 1.50
716.87 1 40.503239 -3.368145 0.88 1.50
