8.23 -1.00 -1.00 0 93.4 
8.36 -1.00 -1.00 1 95.3 
8.47 -1.00 -1.00 1 95.3 
8.56 -1.00 -1.00 1 95.3 
8.65 -1.00 -1.00 1 95.3 
8.76 -1.00 -1.00 1 95.3 
8.86 -1.00 -1.00 1 95.3 
9.03 -1.00 -1.00 1 95.3 
9.13 -1.00 -1.00 1 97.6 
9.23 -1.00 -1.00 1 97.6 
9.34 -1.00 -1.00 1 97.6 
9.46 -1.00 -1.00 1 97.6 
9.57 -1.00 -1.00 1 97.6 
9.67 -1.00 -1.00 1 97.6 
9.79 -1.00 -1.00 1 97.6 
9.92 -1.00 -1.00 1 97.6 
10.08 -1.00 -1.00 1 97.6 
10.17 -1.00 -1.00 1 100.3 
10.29 -1.00 -1.00 1 100.3 
10.39 -1.00 -1.00 1 100.3 
10.50 -1.00 -1.00 1 100.3 
10.63 -1.00 -1.00 1 100.3 
10.74 -1.00 -1.00 1 100.3 
10.85 -1.00 -1.00 1 100.3 
10.99 -1.00 -1.00 1 100.3 
11.10 -1.00 -1.00 1 101.8 
11.21 53.82 1.90 1 101.8 
11.31 59.64 2.11 1 101.8 
11.41 62.20 2.20 1 101.8 
11.53 62.34 2.20 1 101.8 
11.64 62.39 2.21 1 101.8 
11.74 63.80 2.26 1 101.8 
11.83 64.28 2.27 1 101.8 
11.94 65.45 2.31 1 101.8 
12.07 65.73 2.32 1 101.8 
12.17 67.64 2.41 1 101.1 
12.27 68.40 2.44 1 101.1 
12.35 69.03 2.46 1 101.1 
12.45 69.58 2.48 1 101.1 
12.56 70.97 2.53 1 101.1 
12.66 73.31 2.61 1 101.1 
12.77 75.36 2.68 1 101.1 
12.89 76.07 2.71 1 101.1 
12.99 77.76 2.77 1 101.1 
13.10 79.24 2.80 1 101.9 
13.20 80.55 2.85 1 101.9 
13.28 81.71 2.89 1 101.9 
13.38 82.70 2.92 1 101.9 
13.49 83.57 2.95 1 101.9 
13.58 85.68 3.03 1 101.9 
13.66 86.23 3.05 1 101.9 
13.76 86.66 3.06 1 101.9 
13.88 87.07 3.08 1 101.9 
13.96 90.42 3.19 1 101.9 
14.06 91.69 3.24 1 101.9 
14.15 92.81 3.17 1 105.3 
14.26 93.80 3.21 1 105.3 
14.37 94.64 3.24 1 105.3 
14.47 95.41 3.26 1 105.3 
14.56 97.75 3.34 1 105.3 
14.66 99.76 3.41 1 105.3 
14.75 99.95 3.42 1 105.3 
14.86 100.09 3.42 1 105.3 
14.98 100.16 3.42 1 105.3 
15.09 100.19 3.35 1 107.5 
15.17 101.84 3.41 1 107.5 
15.27 101.68 3.40 1 107.5 
15.39 103.10 3.45 1 107.5 
15.52 102.74 3.44 1 107.5 
15.60 102.40 3.43 1 107.5 
15.69 -1.00 -1.00 1 107.5 
15.80 -1.00 -1.00 1 107.5 
15.90 101.35 3.39 1 107.5 
16.03 101.00 3.38 1 107.5 
16.14 100.67 3.32 1 109.1 
16.24 100.35 3.31 1 109.1 
16.34 100.04 3.30 2 109.1 
16.45 99.73 3.29 2 109.1 
16.56 -1.00 -1.00 2 109.1 
16.68 -1.00 -1.00 2 109.1 
16.79 -1.00 -1.00 2 109.1 
16.88 -1.00 -1.00 2 109.1 
17.03 -1.00 -1.00 2 109.1 
17.14 -1.00 -1.00 2 111.7 
17.24 -1.00 -1.00 2 111.7 
17.34 -1.00 -1.00 1 111.7 
17.44 -1.00 -1.00 1 111.7 
17.53 19.58 0.63 1 111.7 
17.64 20.06 0.65 1 111.7 
17.73 21.01 0.68 1 111.7 
17.83 21.77 0.70 1 111.7 
17.93 22.38 0.72 1 111.7 
18.18 23.73 0.76 1 112.6 
18.27 24.50 0.78 1 112.6 
18.38 25.34 0.81 1 112.6 
18.47 25.82 0.83 1 112.6 
18.58 26.42 0.84 1 112.6 
18.67 27.11 0.87 1 112.6 
18.77 27.70 0.89 1 112.6 
18.87 28.16 0.90 1 112.6 
18.96 28.79 0.92 1 112.6 
19.09 29.32 0.94 1 112.6 
19.19 29.73 0.92 1 116.1 
19.28 30.34 0.94 1 116.1 
19.37 30.84 0.96 1 116.1 
19.47 -1.00 -1.00 1 116.1 
19.57 -1.00 -1.00 1 116.1 
19.66 -1.00 -1.00 1 116.1 
19.76 -1.00 -1.00 1 116.1 
19.87 -1.00 -1.00 1 116.1 
19.97 -1.00 -1.00 1 116.1 
20.08 -1.00 -1.00 1 116.1 
20.18 -1.00 -1.00 1 118.2 
20.27 -1.00 -1.00 1 118.2 
20.37 -1.00 -1.00 1 118.2 
20.46 -1.00 -1.00 1 118.2 
20.54 -1.00 -1.00 1 118.2 
20.64 -1.00 -1.00 1 118.2 
20.73 -1.00 -1.00 1 118.2 
20.84 -1.00 -1.00 1 118.2 
20.98 -1.00 -1.00 1 118.2 
21.07 -1.00 -1.00 1 120.6 
21.18 -1.00 -1.00 1 120.6 
21.27 -1.00 -1.00 1 120.6 
21.35 -1.00 -1.00 1 120.6 
21.46 -1.00 -1.00 1 120.6 
21.55 -1.00 -1.00 1 120.6 
21.64 -1.00 -1.00 1 120.6 
21.75 -1.00 -1.00 1 120.6 
21.83 -1.00 -1.00 1 120.6 
21.94 -1.00 -1.00 1 120.6 
22.04 -1.00 -1.00 1 120.6 
22.13 -1.00 -1.00 1 122.2 
22.23 -1.00 -1.00 1 122.2 
22.33 -1.00 -1.00 1 122.2 
22.45 -1.00 -1.00 1 122.2 
22.54 -1.00 -1.00 1 122.2 
22.65 -1.00 -1.00 1 122.2 
22.74 -1.00 -1.00 1 122.2 
22.85 -1.00 -1.00 1 122.2 
22.94 -1.00 -1.00 1 122.2 
23.08 -1.00 -1.00 1 122.2 
23.17 -1.00 -1.00 1 125.5 
23.25 -1.00 -1.00 1 125.5 
23.36 -1.00 -1.00 1 125.5 
23.46 -1.00 -1.00 1 125.5 
23.58 -1.00 -1.00 1 125.5 
23.68 74.69 2.14 2 125.5 
23.76 -1.00 -1.00 2 125.5 
23.88 73.96 2.12 2 125.5 
24.00 73.63 2.11 2 125.5 
24.09 72.98 2.05 2 128.2 
24.20 72.65 2.04 2 128.2 
24.32 71.85 2.02 2 128.2 
24.41 -1.00 -1.00 2 128.2 
24.53 -1.00 -1.00 2 128.2 
24.63 -1.00 -1.00 2 128.2 
24.74 -1.00 -1.00 2 128.2 
24.86 -1.00 -1.00 2 128.2 
24.98 -1.00 -1.00 2 128.2 
25.09 -1.00 -1.00 2 129.7 
25.20 -1.00 -1.00 2 129.7 
25.34 -1.00 -1.00 2 129.7 
25.48 -1.00 -1.00 2 129.7 
25.61 -1.00 -1.00 2 129.7 
25.75 -1.00 -1.00 2 129.7 
25.89 -1.00 -1.00 1 129.7 
26.02 -1.00 -1.00 1 129.7 
26.15 -1.00 -1.00 1 130.4 
26.30 -1.00 -1.00 2 130.4 
26.48 -1.00 -1.00 1 130.4 
26.58 -1.00 -1.00 1 130.4 
26.69 -1.00 -1.00 1 130.4 
26.77 -1.00 -1.00 1 130.4 
26.86 -1.00 -1.00 1 130.4 
27.01 -1.00 -1.00 1 130.4 
27.12 -1.00 -1.00 1 131.5 
27.24 -1.00 -1.00 1 131.5 
27.37 -1.00 -1.00 2 131.5 
27.48 -1.00 -1.00 2 131.5 
27.61 -1.00 -1.00 2 131.5 
27.74 -1.00 -1.00 1 131.5 
27.85 -1.00 -1.00 1 131.5 
27.98 -1.00 -1.00 1 131.5 
28.13 -1.00 -1.00 1 133.7 
28.25 -1.00 -1.00 1 133.7 
28.36 -1.00 -1.00 0 133.7 
28.47 -1.00 -1.00 0 133.7 
28.58 -1.00 -1.00 0 133.7 
28.67 -1.00 -1.00 0 133.7 
28.80 -1.00 -1.00 0 133.7 
28.95 -1.00 -1.00 0 133.7 
29.05 -1.00 -1.00 0 134.2 
29.15 -1.00 -1.00 0 134.2 
29.25 -1.00 -1.00 0 134.2 
29.37 -1.00 -1.00 0 134.2 
29.47 -1.00 -1.00 0 134.2 
29.57 -1.00 -1.00 0 134.2 
29.69 -1.00 -1.00 0 134.2 
29.78 -1.00 -1.00 0 134.2 
29.87 -1.00 -1.00 0 134.2 
30.01 -1.00 -1.00 0 134.2 
30.11 -1.00 -1.00 0 133.6 
30.20 -1.00 -1.00 0 133.6 
30.32 -1.00 -1.00 0 133.6 
30.43 -1.00 -1.00 0 133.6 
30.55 -1.00 -1.00 0 133.6 
30.66 -1.00 -1.00 0 133.6 
30.77 -1.00 -1.00 0 133.6 
30.89 -1.00 -1.00 0 133.6 
31.05 -1.00 -1.00 0 133.6 
31.16 -1.00 -1.00 0 133.3 
31.28 -1.00 -1.00 0 133.3 
31.40 -1.00 -1.00 0 133.3 
31.54 -1.00 -1.00 0 133.3 
31.67 -1.00 -1.00 0 133.3 
31.79 -1.00 -1.00 0 133.3 
31.92 -1.00 -1.00 0 133.3 
32.06 -1.00 -1.00 0 133.3 
32.18 -1.00 -1.00 0 133.6 
32.29 124.49 3.35 1 133.6 
32.41 124.49 3.35 1 133.6 
32.55 124.47 3.35 1 133.6 
32.69 123.98 3.34 1 133.6 
32.79 122.85 3.31 1 133.6 
32.92 122.91 3.31 1 133.6 
33.04 121.02 3.26 1 133.6 
33.17 82.99 2.25 2 132.8 
33.29 82.82 2.25 2 132.8 
33.41 82.82 2.24 2 132.8 
33.53 82.15 2.23 2 132.8 
33.65 81.42 2.21 2 132.8 
33.78 80.53 2.18 2 132.8 
33.92 79.63 2.16 2 132.8 
34.05 78.33 2.12 2 132.8 
34.18 77.00 2.09 2 132.6 
34.31 75.65 2.05 2 132.6 
34.43 73.85 2.01 2 132.6 
34.55 71.73 1.95 2 132.6 
34.67 70.12 1.90 2 132.6 
34.79 68.16 1.85 2 132.6 
34.91 65.58 1.78 2 132.6 
35.01 63.20 1.72 2 132.6 
35.16 61.36 1.67 2 132.6 
35.28 58.89 1.59 2 133.5 
35.40 56.35 1.52 2 133.5 
35.54 53.74 1.45 2 133.5 
35.70 51.40 1.39 1 133.5 
35.84 48.09 1.30 2 133.5 
36.01 45.09 1.22 2 133.5 
36.15 -1.00 -1.00 1 134.8 
36.27 -1.00 -1.00 1 134.8 
36.41 -1.00 -1.00 1 134.8 
36.54 -1.00 -1.00 1 134.8 
36.67 -1.00 -1.00 1 134.8 
36.80 -1.00 -1.00 1 134.8 
36.92 -1.00 -1.00 1 134.8 
37.05 -1.00 -1.00 1 134.8 
37.16 -1.00 -1.00 1 135.3 
37.30 -1.00 -1.00 2 135.3 
37.41 -1.00 -1.00 2 135.3 
37.55 -1.00 -1.00 2 135.3 
37.67 -1.00 -1.00 2 135.3 
37.80 -1.00 -1.00 2 135.3 
38.10 -1.00 -1.00 2 137.0 
38.25 -1.00 -1.00 1 137.0 
38.39 -1.00 -1.00 1 137.0 
38.52 -1.00 -1.00 1 137.0 
38.65 -1.00 -1.00 1 137.0 
38.77 -1.00 -1.00 1 137.0 
38.90 -1.00 -1.00 1 137.0 
39.02 -1.00 -1.00 1 137.0 
39.15 -1.00 -1.00 1 137.3 
39.29 -1.00 -1.00 1 137.3 
39.42 -1.00 -1.00 1 137.3 
39.54 -1.00 -1.00 1 137.3 
39.68 -1.00 -1.00 1 137.3 
39.80 -1.00 -1.00 1 137.3 
39.94 -1.00 -1.00 1 137.3 
40.13 -1.00 -1.00 0 137.3 
40.25 -1.00 -1.00 1 138.3 
40.41 -1.00 -1.00 0 138.3 
40.55 -1.00 -1.00 0 138.3 
40.70 -1.00 -1.00 0 138.3 
40.81 -1.00 -1.00 0 138.3 
40.96 -1.00 -1.00 0 138.3 
41.09 -1.00 -1.00 0 138.3 
41.22 -1.00 -1.00 0 139.4 
41.33 -1.00 -1.00 0 139.4 
41.47 -1.00 -1.00 0 139.4 
41.59 62.24 1.61 1 139.4 
41.70 62.24 1.61 1 139.4 
41.85 62.23 1.61 1 139.4 
42.02 61.94 1.60 1 139.4 
42.14 61.37 1.57 1 140.3 
42.28 -1.00 -1.00 1 140.3 
42.42 60.36 1.55 1 140.3 
42.56 -1.00 -1.00 1 140.3 
42.69 -1.00 -1.00 1 140.3 
42.80 -1.00 -1.00 1 140.3 
42.96 56.85 1.46 1 140.3 
43.10 -1.00 -1.00 1 140.3 
43.23 -1.00 -1.00 1 141.0 
43.35 -1.00 -1.00 1 141.0 
43.47 -1.00 -1.00 1 141.0 
43.61 -1.00 -1.00 1 141.0 
43.74 -1.00 -1.00 1 141.0 
43.88 -1.00 -1.00 1 141.0 
44.05 -1.00 -1.00 1 141.0 
44.21 -1.00 -1.00 1 140.9 
44.35 -1.00 -1.00 1 140.9 
44.48 -1.00 -1.00 1 140.9 
44.60 -1.00 -1.00 1 140.9 
44.72 -1.00 -1.00 1 140.9 
44.84 -1.00 -1.00 1 140.9 
44.96 -1.00 -1.00 1 140.9 
45.11 -1.00 -1.00 1 140.9 
45.26 -1.00 -1.00 0 140.9 
45.39 -1.00 -1.00 1 140.9 
45.53 -1.00 -1.00 0 140.9 
45.66 -1.00 -1.00 0 140.9 
45.82 -1.00 -1.00 0 140.9 
45.95 -1.00 -1.00 0 140.9 
46.10 -1.00 -1.00 0 140.9 
46.22 -1.00 -1.00 0 143.0 
46.36 -1.00 -1.00 0 143.0 
46.49 -1.00 -1.00 0 143.0 
46.63 -1.00 -1.00 0 143.0 
46.74 -1.00 -1.00 0 143.0 
46.88 -1.00 -1.00 0 143.0 
47.06 -1.00 -1.00 0 143.0 
47.18 -1.00 -1.00 0 143.3 
47.29 -1.00 -1.00 0 143.3 
47.43 -1.00 -1.00 0 143.3 
47.53 -1.00 -1.00 0 143.3 
47.66 -1.00 -1.00 0 143.3 
47.80 -1.00 -1.00 0 143.3 
48.13 -1.00 -1.00 0 143.3 
48.26 -1.00 -1.00 0 143.5 
48.36 -1.00 -1.00 0 143.5 
48.49 -1.00 -1.00 0 143.5 
48.60 -1.00 -1.00 0 143.5 
48.72 -1.00 -1.00 0 143.5 
48.85 -1.00 -1.00 0 143.5 
49.01 -1.00 -1.00 0 143.5 
49.14 -1.00 -1.00 0 143.9 
49.27 -1.00 -1.00 0 143.9 
49.38 -1.00 -1.00 0 143.9 
49.51 -1.00 -1.00 0 143.9 
49.64 -1.00 -1.00 0 143.9 
49.77 -1.00 -1.00 0 143.9 
49.95 -1.00 -1.00 0 143.9 
50.08 -1.00 -1.00 0 143.9 
50.19 -1.00 -1.00 0 140.7 
50.29 -1.00 -1.00 0 140.7 
50.40 -1.00 -1.00 0 140.7 
50.53 -1.00 -1.00 0 140.7 
50.66 -1.00 -1.00 0 140.7 
50.78 -1.00 -1.00 0 140.7 
50.90 -1.00 -1.00 0 140.7 
51.06 -1.00 -1.00 0 140.7 
51.18 -1.00 -1.00 0 144.5 
51.32 -1.00 -1.00 0 144.5 
51.45 -1.00 -1.00 0 144.5 
51.59 -1.00 -1.00 0 144.5 
51.73 -1.00 -1.00 0 144.5 
51.86 -1.00 -1.00 0 144.5 
52.03 -1.00 -1.00 0 144.5 
52.17 -1.00 -1.00 0 144.6 
52.29 -1.00 -1.00 0 144.6 
52.45 -1.00 -1.00 0 144.6 
52.60 -1.00 -1.00 0 144.6 
52.79 -1.00 -1.00 0 144.6 
52.93 -1.00 -1.00 0 144.6 
53.05 -1.00 -1.00 0 144.6 
53.17 -1.00 -1.00 0 144.6 
53.31 -1.00 -1.00 0 144.6 
53.42 -1.00 -1.00 0 144.6 
53.56 -1.00 -1.00 0 144.6 
53.68 -1.00 -1.00 0 144.6 
53.81 -1.00 -1.00 0 144.6 
54.07 -1.00 -1.00 0 144.6 
54.18 -1.00 -1.00 0 145.5 
54.32 -1.00 -1.00 0 145.5 
54.44 -1.00 -1.00 0 145.5 
54.57 -1.00 -1.00 0 145.5 
54.70 -1.00 -1.00 0 145.5 
54.85 -1.00 -1.00 0 145.5 
55.01 -1.00 -1.00 0 145.5 
55.15 -1.00 -1.00 0 144.6 
55.28 -1.00 -1.00 0 144.6 
55.39 -1.00 -1.00 0 144.6 
55.52 -1.00 -1.00 0 144.6 
55.63 -1.00 -1.00 0 144.6 
55.73 -1.00 -1.00 0 144.6 
55.86 -1.00 -1.00 0 144.6 
56.01 -1.00 -1.00 0 144.6 
56.13 -1.00 -1.00 0 142.4 
56.25 -1.00 -1.00 0 142.4 
56.39 -1.00 -1.00 0 142.4 
56.51 -1.00 -1.00 0 142.4 
56.65 -1.00 -1.00 0 142.4 
56.76 -1.00 -1.00 0 142.4 
56.90 -1.00 -1.00 0 142.4 
57.03 -1.00 -1.00 0 142.4 
57.16 -1.00 -1.00 0 142.0 
57.28 -1.00 -1.00 0 142.0 
57.39 -1.00 -1.00 0 142.0 
57.54 -1.00 -1.00 0 142.0 
57.66 -1.00 -1.00 0 142.0 
57.79 -1.00 -1.00 1 142.0 
57.91 -1.00 -1.00 0 142.0 
58.08 -1.00 -1.00 0 142.0 
58.21 -1.00 -1.00 0 140.9 
58.37 -1.00 -1.00 0 140.9 
58.49 -1.00 -1.00 0 140.9 
58.65 -1.00 -1.00 0 140.9 
58.76 -1.00 -1.00 0 140.9 
58.90 -1.00 -1.00 0 140.9 
59.07 -1.00 -1.00 0 140.9 
59.19 -1.00 -1.00 0 138.5 
59.30 -1.00 -1.00 0 138.5 
59.44 -1.00 -1.00 1 138.5 
59.62 -1.00 -1.00 0 138.5 
59.80 -1.00 -1.00 0 138.5 
59.90 -1.00 -1.00 0 138.5 
60.06 74.69 1.94 1 138.5 
60.20 74.58 1.94 1 138.1 
60.36 -1.00 -1.00 1 138.1 
60.51 -1.00 -1.00 1 138.1 
60.67 -1.00 -1.00 1 138.1 
60.78 -1.00 -1.00 1 138.1 
60.94 -1.00 -1.00 1 138.1 
61.11 -1.00 -1.00 1 138.1 
61.26 -1.00 -1.00 1 139.0 
61.39 -1.00 -1.00 0 139.0 
61.52 -1.00 -1.00 0 139.0 
61.65 -1.00 -1.00 0 139.0 
61.76 -1.00 -1.00 0 139.0 
61.90 -1.00 -1.00 0 139.0 
62.07 -1.00 -1.00 0 139.0 
62.17 -1.00 -1.00 0 138.5 
62.30 -1.00 -1.00 0 138.5 
62.41 -1.00 -1.00 0 138.5 
62.52 -1.00 -1.00 0 138.5 
62.66 -1.00 -1.00 0 138.5 
62.78 -1.00 -1.00 0 138.5 
62.90 -1.00 -1.00 0 138.5 
63.06 -1.00 -1.00 0 138.5 
63.19 -1.00 -1.00 0 137.8 
63.30 -1.00 -1.00 0 137.8 
63.43 -1.00 -1.00 0 137.8 
63.55 -1.00 -1.00 0 137.8 
63.67 -1.00 -1.00 0 137.8 
63.80 -1.00 -1.00 0 137.8 
63.97 -1.00 -1.00 0 137.8 
64.08 -1.00 -1.00 0 137.1 
64.22 -1.00 -1.00 0 137.1 
64.33 -1.00 -1.00 0 137.1 
64.45 -1.00 -1.00 0 137.1 
64.57 -1.00 -1.00 0 137.1 
64.68 -1.00 -1.00 0 137.1 
64.79 -1.00 -1.00 0 137.1 
64.92 -1.00 -1.00 0 137.1 
65.09 -1.00 -1.00 0 137.1 
65.21 -1.00 -1.00 0 136.0 
65.31 -1.00 -1.00 0 136.0 
65.43 -1.00 -1.00 0 136.0 
65.55 -1.00 -1.00 0 136.0 
65.69 -1.00 -1.00 0 136.0 
65.81 -1.00 -1.00 0 136.0 
65.93 -1.00 -1.00 0 136.0 
66.11 -1.00 -1.00 0 136.0 
66.23 -1.00 -1.00 0 136.3 
66.35 -1.00 -1.00 0 136.3 
66.48 -1.00 -1.00 0 136.3 
66.60 -1.00 -1.00 0 136.3 
66.73 -1.00 -1.00 0 136.3 
66.86 -1.00 -1.00 0 136.3 
67.00 -1.00 -1.00 0 136.3 
67.12 -1.00 -1.00 0 135.8 
67.25 -1.00 -1.00 0 135.8 
67.39 -1.00 -1.00 0 135.8 
67.53 -1.00 -1.00 0 135.8 
67.66 -1.00 -1.00 0 135.8 
67.79 -1.00 -1.00 0 135.8 
68.13 -1.00 -1.00 0 134.2 
68.27 -1.00 -1.00 0 134.2 
68.44 -1.00 -1.00 0 134.2 
68.59 -1.00 -1.00 0 134.2 
68.72 -1.00 -1.00 0 134.2 
68.84 -1.00 -1.00 0 134.2 
69.03 -1.00 -1.00 0 134.2 
69.18 -1.00 -1.00 0 133.0 
69.35 -1.00 -1.00 0 133.0 
69.49 -1.00 -1.00 0 133.0 
69.66 -1.00 -1.00 0 133.0 
69.80 -1.00 -1.00 0 133.0 
69.97 -1.00 -1.00 0 133.0 
70.09 -1.00 -1.00 0 133.0 
70.22 -1.00 -1.00 0 133.0 
70.36 -1.00 -1.00 0 133.0 
70.49 -1.00 -1.00 0 133.0 
70.63 -1.00 -1.00 0 133.0 
70.78 -1.00 -1.00 0 133.0 
70.90 -1.00 -1.00 0 133.0 
71.08 -1.00 -1.00 0 133.0 
71.21 -1.00 -1.00 0 133.8 
71.35 -1.00 -1.00 0 133.8 
71.48 -1.00 -1.00 0 133.8 
71.62 -1.00 -1.00 0 133.8 
71.74 -1.00 -1.00 0 133.8 
71.86 -1.00 -1.00 0 133.8 
72.04 -1.00 -1.00 0 133.8 
72.17 -1.00 -1.00 0 134.7 
72.29 -1.00 -1.00 0 134.7 
72.42 -1.00 -1.00 0 134.7 
72.54 -1.00 -1.00 0 134.7 
72.67 -1.00 -1.00 0 134.7 
72.80 -1.00 -1.00 0 134.7 
72.97 -1.00 -1.00 0 134.7 
73.12 -1.00 -1.00 0 134.6 
73.27 -1.00 -1.00 0 134.6 
73.41 -1.00 -1.00 0 134.6 
73.52 -1.00 -1.00 0 134.6 
73.65 -1.00 -1.00 0 134.6 
73.79 -1.00 -1.00 0 134.6 
73.90 -1.00 -1.00 0 134.6 
74.04 -1.00 -1.00 0 134.6 
74.19 -1.00 -1.00 0 134.6 
74.34 -1.00 -1.00 0 134.6 
74.50 -1.00 -1.00 0 134.6 
74.62 -1.00 -1.00 0 134.6 
74.74 -1.00 -1.00 0 134.6 
74.85 -1.00 -1.00 0 134.6 
75.03 -1.00 -1.00 0 134.6 
75.17 -1.00 -1.00 0 134.9 
75.30 -1.00 -1.00 0 134.9 
75.44 -1.00 -1.00 0 134.9 
75.56 -1.00 -1.00 0 134.9 
75.69 -1.00 -1.00 0 134.9 
75.80 -1.00 -1.00 0 134.9 
75.93 -1.00 -1.00 0 134.9 
76.07 -1.00 -1.00 0 134.9 
76.21 -1.00 -1.00 0 135.0 
76.32 62.24 1.66 1 135.0 
76.45 62.23 1.66 1 135.0 
76.58 62.23 1.66 1 135.0 
76.68 62.54 1.67 1 135.0 
76.78 62.52 1.67 1 135.0 
76.92 62.50 1.67 1 135.0 
77.08 62.94 1.68 1 135.0 
77.19 63.38 1.69 1 135.3 
77.31 64.48 1.72 1 135.3 
77.44 64.84 1.73 1 135.3 
77.56 65.15 1.73 1 135.3 
77.68 64.35 1.71 1 135.3 
77.79 64.13 1.71 1 135.3 
78.15 62.69 1.68 1 134.5 
78.27 61.55 1.65 1 134.5 
78.38 60.53 1.62 1 134.5 
78.53 59.58 1.59 1 134.5 
78.67 59.26 1.59 1 134.5 
78.78 58.96 1.58 1 134.5 
78.92 59.36 1.59 1 134.5 
79.02 59.06 1.58 1 134.5 
79.18 58.26 1.56 1 134.5 
79.29 56.63 1.53 1 133.2 
79.40 54.77 1.48 1 133.2 
79.55 53.49 1.45 1 133.2 
79.67 52.34 1.41 1 133.2 
79.83 50.94 1.38 2 133.2 
79.99 50.11 1.35 2 133.2 
80.15 48.97 1.33 2 132.1 
80.29 47.61 1.30 2 132.1 
80.43 46.39 1.26 2 132.1 
80.58 44.98 1.23 2 132.1 
80.72 43.74 1.19 2 132.1 
80.87 41.84 1.14 1 132.1 
81.07 40.73 1.11 1 132.1 
81.23 38.96 1.07 1 131.2 
81.38 37.17 1.02 1 131.2 
81.55 35.66 0.98 1 131.2 
81.72 34.39 0.94 1 131.2 
81.83 33.08 0.91 1 131.2 
82.00 31.78 0.87 1 131.2 
82.15 30.48 0.84 1 131.2 
82.28 29.23 0.80 1 131.2 
82.41 28.20 0.77 1 131.2 
82.56 27.19 0.75 1 131.2 
82.70 26.55 0.73 1 131.2 
82.84 25.36 0.70 1 131.2 
82.99 24.54 0.67 1 131.2 
83.14 23.74 0.65 1 130.7 
83.27 23.26 0.64 1 130.7 
83.40 22.46 0.62 1 130.7 
83.53 21.30 0.59 1 130.7 
83.65 20.78 0.57 1 130.7 
83.80 -1.00 -1.00 1 130.7 
83.95 -1.00 -1.00 1 130.7 
84.08 -1.00 -1.00 1 130.7 
84.23 -1.00 -1.00 1 132.2 
84.36 -1.00 -1.00 1 132.2 
84.51 -1.00 -1.00 1 132.2 
84.62 -1.00 -1.00 1 132.2 
84.75 -1.00 -1.00 1 132.2 
84.89 -1.00 -1.00 1 132.2 
85.05 -1.00 -1.00 1 132.2 
85.18 -1.00 -1.00 1 131.8 
85.30 -1.00 -1.00 1 131.8 
85.44 -1.00 -1.00 1 131.8 
85.57 -1.00 -1.00 1 131.8 
85.71 -1.00 -1.00 1 131.8 
85.85 -1.00 -1.00 1 131.8 
86.03 -1.00 -1.00 1 131.8 
86.17 -1.00 -1.00 1 133.0 
86.34 -1.00 -1.00 1 133.0 
86.49 -1.00 -1.00 1 133.0 
86.65 -1.00 -1.00 1 133.0 
86.79 -1.00 -1.00 0 133.0 
86.91 -1.00 -1.00 0 133.0 
87.05 -1.00 -1.00 0 133.0 
87.21 -1.00 -1.00 0 133.7 
87.33 -1.00 -1.00 0 133.7 
87.44 -1.00 -1.00 0 133.7 
87.58 -1.00 -1.00 0 133.7 
87.70 -1.00 -1.00 0 133.7 
87.80 -1.00 -1.00 0 133.7 
88.00 -1.00 -1.00 0 133.7 
88.14 -1.00 -1.00 0 134.0 
88.25 -1.00 -1.00 0 134.0 
88.38 -1.00 -1.00 0 134.0 
88.50 -1.00 -1.00 0 134.0 
88.63 -1.00 -1.00 0 134.0 
88.74 -1.00 -1.00 0 134.0 
88.88 -1.00 -1.00 0 134.0 
89.04 -1.00 -1.00 0 134.0 
89.18 -1.00 -1.00 0 134.4 
89.30 -1.00 -1.00 0 134.4 
89.44 -1.00 -1.00 0 134.4 
89.56 -1.00 -1.00 0 134.4 
89.71 -1.00 -1.00 0 134.4 
89.83 -1.00 -1.00 0 134.4 
89.96 -1.00 -1.00 0 134.4 
90.11 -1.00 -1.00 0 134.4 
90.24 -1.00 -1.00 0 134.5 
90.35 -1.00 -1.00 0 134.5 
90.49 -1.00 -1.00 0 134.5 
90.63 -1.00 -1.00 0 134.5 
90.75 -1.00 -1.00 0 134.5 
90.88 -1.00 -1.00 0 134.5 
91.07 -1.00 -1.00 0 134.5 
91.21 -1.00 -1.00 0 134.8 
91.36 -1.00 -1.00 0 134.8 
91.49 -1.00 -1.00 0 134.8 
91.60 -1.00 -1.00 0 134.8 
91.74 -1.00 -1.00 0 134.8 
91.88 -1.00 -1.00 0 134.8 
92.02 -1.00 -1.00 0 134.8 
92.17 -1.00 -1.00 0 134.7 
92.31 -1.00 -1.00 0 134.7 
92.46 -1.00 -1.00 0 134.7 
92.60 -1.00 -1.00 0 134.7 
92.74 -1.00 -1.00 0 134.7 
92.85 -1.00 -1.00 0 134.7 
92.99 -1.00 -1.00 0 134.7 
93.12 -1.00 -1.00 0 134.6 
93.25 -1.00 -1.00 0 134.6 
93.38 -1.00 -1.00 0 134.6 
93.52 -1.00 -1.00 0 134.6 
93.64 -1.00 -1.00 0 134.6 
93.80 -1.00 -1.00 0 134.6 
93.92 -1.00 -1.00 0 134.6 
94.08 -1.00 -1.00 0 134.6 
94.22 -1.00 -1.00 0 135.1 
94.33 -1.00 -1.00 0 135.1 
94.46 -1.00 -1.00 0 135.1 
94.58 -1.00 -1.00 0 135.1 
94.70 -1.00 -1.00 0 135.1 
94.83 -1.00 -1.00 0 135.1 
95.03 -1.00 -1.00 0 135.1 
95.15 -1.00 -1.00 0 135.3 
95.27 -1.00 -1.00 0 135.3 
95.41 -1.00 -1.00 0 135.3 
95.54 -1.00 -1.00 0 135.3 
95.68 -1.00 -1.00 0 135.3 
95.80 -1.00 -1.00 0 135.3 
95.95 -1.00 -1.00 0 135.3 
96.11 -1.00 -1.00 0 135.3 
96.24 -1.00 -1.00 0 135.9 
96.37 -1.00 -1.00 0 135.9 
96.51 -1.00 -1.00 0 135.9 
96.64 -1.00 -1.00 0 135.9 
96.74 -1.00 -1.00 0 135.9 
96.91 -1.00 -1.00 0 135.9 
97.06 -1.00 -1.00 0 135.9 
97.19 -1.00 -1.00 0 135.4 
97.32 -1.00 -1.00 0 135.4 
97.43 -1.00 -1.00 0 135.4 
97.56 -1.00 -1.00 1 135.4 
97.70 -1.00 -1.00 0 135.4 
97.81 -1.00 -1.00 0 135.4 
98.14 -1.00 -1.00 0 136.2 
98.29 -1.00 -1.00 0 136.2 
98.39 -1.00 -1.00 0 136.2 
98.53 -1.00 -1.00 0 136.2 
98.66 -1.00 -1.00 0 136.2 
98.78 -1.00 -1.00 0 136.2 
98.91 -1.00 -1.00 0 136.2 
99.03 -1.00 -1.00 0 136.2 
99.16 -1.00 -1.00 0 135.8 
99.30 -1.00 -1.00 0 135.8 
99.41 -1.00 -1.00 0 135.8 
99.58 -1.00 -1.00 0 135.8 
99.70 -1.00 -1.00 0 135.8 
99.84 -1.00 -1.00 0 135.8 
99.99 -1.00 -1.00 0 135.8 
100.13 -1.00 -1.00 0 136.9 
100.28 -1.00 -1.00 0 136.9 
100.44 -1.00 -1.00 0 136.9 
100.56 -1.00 -1.00 0 136.9 
100.70 -1.00 -1.00 0 136.9 
100.82 -1.00 -1.00 0 136.9 
100.94 -1.00 -1.00 0 136.9 
101.09 -1.00 -1.00 0 136.9 
101.23 -1.00 -1.00 0 137.2 
101.34 -1.00 -1.00 0 137.2 
101.47 -1.00 -1.00 0 137.2 
101.59 -1.00 -1.00 0 137.2 
101.72 -1.00 -1.00 0 137.2 
101.83 -1.00 -1.00 0 137.2 
102.02 -1.00 -1.00 0 137.2 
102.16 -1.00 -1.00 0 137.3 
102.27 -1.00 -1.00 0 137.3 
102.41 -1.00 -1.00 0 137.3 
102.54 -1.00 -1.00 0 137.3 
102.65 -1.00 -1.00 0 137.3 
102.79 -1.00 -1.00 0 137.3 
102.95 -1.00 -1.00 1 137.3 
103.08 -1.00 -1.00 1 137.2 
103.23 -1.00 -1.00 1 137.2 
103.36 -1.00 -1.00 1 137.2 
103.50 -1.00 -1.00 1 137.2 
103.64 -1.00 -1.00 1 137.2 
103.80 -1.00 -1.00 1 137.2 
103.98 -1.00 -1.00 1 137.2 
104.12 -1.00 -1.00 1 137.1 
104.25 -1.00 -1.00 1 137.1 
104.38 -1.00 -1.00 1 137.1 
104.52 -1.00 -1.00 1 137.1 
104.65 -1.00 -1.00 1 137.1 
104.78 -1.00 -1.00 1 137.1 
104.93 -1.00 -1.00 1 137.1 
105.07 -1.00 -1.00 1 137.1 
105.24 -1.00 -1.00 1 137.0 
105.38 -1.00 -1.00 1 137.0 
105.50 -1.00 -1.00 1 137.0 
105.63 -1.00 -1.00 1 137.0 
105.76 -1.00 -1.00 1 137.0 
105.92 -1.00 -1.00 1 137.0 
106.09 -1.00 -1.00 1 137.0 
106.24 -1.00 -1.00 1 136.8 
106.37 -1.00 -1.00 1 136.8 
106.52 -1.00 -1.00 1 136.8 
106.66 -1.00 -1.00 1 136.8 
106.80 -1.00 -1.00 1 136.8 
106.95 -1.00 -1.00 0 136.8 
107.09 -1.00 -1.00 0 136.8 
107.21 -1.00 -1.00 0 136.2 
107.31 -1.00 -1.00 0 136.2 
107.42 -1.00 -1.00 0 136.2 
107.55 -1.00 -1.00 0 136.2 
107.67 -1.00 -1.00 0 136.2 
107.77 -1.00 -1.00 0 136.2 
107.91 -1.00 -1.00 0 136.2 
108.11 -1.00 -1.00 0 136.2 
108.25 -1.00 -1.00 0 136.3 
108.39 -1.00 -1.00 0 136.3 
108.50 -1.00 -1.00 0 136.3 
108.63 -1.00 -1.00 0 136.3 
108.76 -1.00 -1.00 0 136.3 
108.89 -1.00 -1.00 0 136.3 
109.05 -1.00 -1.00 0 136.3 
109.19 -1.00 -1.00 0 135.6 
109.31 -1.00 -1.00 0 135.6 
109.45 -1.00 -1.00 0 135.6 
109.58 -1.00 -1.00 0 135.6 
109.68 -1.00 -1.00 0 135.6 
109.83 -1.00 -1.00 1 135.6 
109.96 -1.00 -1.00 0 135.6 
110.10 -1.00 -1.00 0 135.6 
110.26 -1.00 -1.00 0 135.0 
110.38 -1.00 -1.00 0 135.0 
110.52 -1.00 -1.00 0 135.0 
110.66 -1.00 -1.00 0 135.0 
110.81 -1.00 -1.00 0 135.0 
110.98 -1.00 -1.00 0 135.0 
111.11 -1.00 -1.00 0 134.8 
111.25 -1.00 -1.00 0 134.8 
111.40 -1.00 -1.00 0 134.8 
111.54 -1.00 -1.00 0 134.8 
111.68 -1.00 -1.00 0 134.8 
111.82 -1.00 -1.00 0 134.8 
111.96 -1.00 -1.00 0 134.8 
112.11 -1.00 -1.00 0 134.8 
112.24 -1.00 -1.00 0 134.2 
112.37 -1.00 -1.00 0 134.2 
112.48 -1.00 -1.00 0 134.2 
112.61 -1.00 -1.00 0 134.2 
112.72 -1.00 -1.00 0 134.2 
112.86 -1.00 -1.00 0 134.2 
112.98 -1.00 -1.00 0 134.2 
113.11 -1.00 -1.00 0 134.2 
113.22 -1.00 -1.00 0 134.4 
113.36 -1.00 -1.00 0 134.4 
113.48 -1.00 -1.00 0 134.4 
113.59 -1.00 -1.00 0 134.4 
113.71 -1.00 -1.00 0 134.4 
113.83 -1.00 -1.00 0 134.4 
113.95 -1.00 -1.00 0 134.4 
114.13 -1.00 -1.00 0 134.4 
114.25 -1.00 -1.00 0 134.2 
114.37 -1.00 -1.00 0 134.2 
114.47 -1.00 -1.00 0 134.2 
114.59 -1.00 -1.00 0 134.2 
114.71 -1.00 -1.00 0 134.2 
114.84 -1.00 -1.00 0 134.2 
114.98 -1.00 -1.00 0 134.2 
115.12 -1.00 -1.00 0 134.1 
115.24 -1.00 -1.00 0 134.1 
115.36 -1.00 -1.00 0 134.1 
115.49 -1.00 -1.00 0 134.1 
115.61 -1.00 -1.00 0 134.1 
115.72 -1.00 -1.00 0 134.1 
115.85 -1.00 -1.00 0 134.1 
115.99 -1.00 -1.00 0 134.1 
116.10 -1.00 -1.00 0 134.5 
116.23 -1.00 -1.00 0 134.5 
116.36 -1.00 -1.00 0 134.5 
116.48 -1.00 -1.00 0 134.5 
116.61 -1.00 -1.00 0 134.5 
116.73 -1.00 -1.00 0 134.5 
116.86 -1.00 -1.00 0 134.5 
117.02 -1.00 -1.00 0 134.5 
117.17 -1.00 -1.00 0 135.0 
117.33 -1.00 -1.00 0 135.0 
117.46 -1.00 -1.00 0 135.0 
117.65 -1.00 -1.00 0 135.0 
117.82 -1.00 -1.00 0 135.0 
118.04 -1.00 -1.00 0 135.0 
118.18 -1.00 -1.00 0 135.0 
118.27 -1.00 -1.00 0 135.0 
118.39 -1.00 -1.00 0 135.0 
118.51 -1.00 -1.00 0 135.0 
118.64 -1.00 -1.00 0 135.0 
118.75 -1.00 -1.00 0 135.0 
118.87 -1.00 -1.00 0 135.0 
119.01 -1.00 -1.00 0 135.0 
119.11 -1.00 -1.00 0 134.8 
119.25 -1.00 -1.00 0 134.8 
119.36 -1.00 -1.00 0 134.8 
119.50 -1.00 -1.00 0 134.8 
119.61 -1.00 -1.00 0 134.8 
119.74 -1.00 -1.00 0 134.8 
119.85 -1.00 -1.00 0 134.8 
120.03 -1.00 -1.00 0 134.8 
120.15 -1.00 -1.00 0 135.6 
120.30 -1.00 -1.00 0 135.6 
120.42 -1.00 -1.00 0 135.6 
120.52 -1.00 -1.00 0 135.6 
120.68 -1.00 -1.00 0 135.6 
120.82 -1.00 -1.00 0 135.6 
120.97 -1.00 -1.00 0 135.6 
121.12 -1.00 -1.00 0 136.2 
121.25 -1.00 -1.00 0 136.2 
121.40 -1.00 -1.00 0 136.2 
121.51 -1.00 -1.00 0 136.2 
121.65 -1.00 -1.00 0 136.2 
121.79 -1.00 -1.00 0 136.2 
121.93 -1.00 -1.00 0 136.2 
122.07 -1.00 -1.00 0 136.2 
122.21 -1.00 -1.00 0 136.7 
122.32 -1.00 -1.00 0 136.7 
122.45 -1.00 -1.00 0 136.7 
122.59 -1.00 -1.00 0 136.7 
122.72 -1.00 -1.00 0 136.7 
122.86 -1.00 -1.00 0 136.7 
123.01 -1.00 -1.00 0 136.7 
123.14 -1.00 -1.00 0 136.5 
123.27 -1.00 -1.00 0 136.5 
123.41 -1.00 -1.00 0 136.5 
123.53 -1.00 -1.00 0 136.5 
123.66 -1.00 -1.00 0 136.5 
123.80 -1.00 -1.00 0 136.5 
123.97 -1.00 -1.00 0 136.5 
124.10 -1.00 -1.00 0 135.7 
124.25 -1.00 -1.00 0 135.7 
124.37 -1.00 -1.00 0 135.7 
124.51 -1.00 -1.00 0 135.7 
124.63 -1.00 -1.00 0 135.7 
124.75 -1.00 -1.00 0 135.7 
124.89 -1.00 -1.00 0 135.7 
125.07 -1.00 -1.00 0 135.7 
125.20 -1.00 -1.00 0 135.1 
125.34 -1.00 -1.00 0 135.1 
125.46 -1.00 -1.00 0 135.1 
125.60 -1.00 -1.00 0 135.1 
125.72 -1.00 -1.00 0 135.1 
125.83 -1.00 -1.00 0 135.1 
125.95 -1.00 -1.00 0 135.1 
126.09 -1.00 -1.00 0 135.1 
126.23 -1.00 -1.00 0 134.7 
126.34 -1.00 -1.00 0 134.7 
126.47 -1.00 -1.00 0 134.7 
126.58 -1.00 -1.00 0 134.7 
126.72 -1.00 -1.00 0 134.7 
126.85 -1.00 -1.00 0 134.7 
127.02 -1.00 -1.00 0 134.7 
127.16 -1.00 -1.00 0 134.9 
127.31 -1.00 -1.00 0 134.9 
127.42 -1.00 -1.00 0 134.9 
127.54 -1.00 -1.00 0 134.9 
127.65 -1.00 -1.00 0 134.9 
127.78 -1.00 -1.00 0 134.9 
127.90 -1.00 -1.00 0 134.9 
128.05 -1.00 -1.00 0 134.9 
128.20 -1.00 -1.00 0 134.5 
128.35 -1.00 -1.00 0 134.5 
128.49 -1.00 -1.00 0 134.5 
128.62 -1.00 -1.00 0 134.5 
128.75 -1.00 -1.00 0 134.5 
128.88 -1.00 -1.00 0 134.5 
129.01 -1.00 -1.00 0 134.5 
129.14 -1.00 -1.00 0 134.7 
129.26 -1.00 -1.00 0 134.7 
129.38 -1.00 -1.00 0 134.7 
129.51 -1.00 -1.00 0 134.7 
129.62 -1.00 -1.00 0 134.7 
129.75 -1.00 -1.00 0 134.7 
129.87 -1.00 -1.00 0 134.7 
130.00 -1.00 -1.00 0 134.7 
130.12 -1.00 -1.00 0 134.0 
130.25 -1.00 -1.00 0 134.0 
130.39 -1.00 -1.00 0 134.0 
130.53 -1.00 -1.00 0 134.0 
130.70 -1.00 -1.00 0 134.0 
130.82 -1.00 -1.00 0 134.0 
130.96 -1.00 -1.00 0 134.0 
131.14 -1.00 -1.00 0 134.0 
131.30 -1.00 -1.00 0 134.2 
131.44 -1.00 -1.00 0 134.2 
131.57 -1.00 -1.00 0 134.2 
131.70 -1.00 -1.00 0 134.2 
131.83 -1.00 -1.00 0 134.2 
131.94 -1.00 -1.00 0 134.2 
132.10 -1.00 -1.00 0 134.2 
132.23 -1.00 -1.00 0 134.0 
132.37 -1.00 -1.00 0 134.0 
132.50 -1.00 -1.00 0 134.0 
132.66 -1.00 -1.00 0 134.0 
132.84 -1.00 -1.00 0 134.0 
132.96 -1.00 -1.00 0 134.0 
133.08 -1.00 -1.00 0 134.0 
133.20 -1.00 -1.00 0 133.4 
133.31 -1.00 -1.00 0 133.4 
133.44 -1.00 -1.00 0 133.4 
133.58 -1.00 -1.00 0 133.4 
133.69 -1.00 -1.00 0 133.4 
133.81 -1.00 -1.00 0 133.4 
133.99 -1.00 -1.00 0 133.4 
134.12 -1.00 -1.00 0 133.1 
134.26 -1.00 -1.00 0 133.1 
134.36 -1.00 -1.00 0 133.1 
134.49 -1.00 -1.00 0 133.1 
134.63 -1.00 -1.00 0 133.1 
134.80 -1.00 -1.00 0 133.1 
134.94 -1.00 -1.00 0 133.1 
135.11 -1.00 -1.00 0 133.1 
135.22 -1.00 -1.00 0 132.6 
135.36 -1.00 -1.00 0 132.6 
135.49 -1.00 -1.00 1 132.6 
135.61 -1.00 -1.00 1 132.6 
135.76 -1.00 -1.00 1 132.6 
135.88 -1.00 -1.00 1 132.6 
136.07 -1.00 -1.00 1 132.6 
136.23 -1.00 -1.00 1 131.7 
136.36 -1.00 -1.00 1 131.7 
136.48 -1.00 -1.00 1 131.7 
136.61 -1.00 -1.00 1 131.7 
136.76 -1.00 -1.00 1 131.7 
136.90 -1.00 -1.00 1 131.7 
137.10 -1.00 -1.00 1 131.7 
137.23 -1.00 -1.00 1 132.3 
137.39 -1.00 -1.00 1 132.3 
137.50 -1.00 -1.00 1 132.3 
137.61 93.37 2.54 2 132.3 
137.76 92.86 2.53 2 132.3 
137.90 92.14 2.51 2 132.3 
138.59 90.15 2.45 2 132.6 
139.22 88.33 2.40 1 132.6 
139.70 86.31 2.36 1 131.5 
140.28 82.72 2.26 1 131.5 
140.71 79.67 2.19 1 131.2 
141.29 29.88 0.82 1 131.2 
141.94 29.33 0.81 1 129.8 
142.38 -1.00 -1.00 0 129.8 
143.14 -1.00 -1.00 0 131.1 
143.68 -1.00 -1.00 0 131.1 
144.28 -1.00 -1.00 0 131.1 
144.84 -1.00 -1.00 0 130.9 
145.05 -1.00 -1.00 0 130.9 
145.19 -1.00 -1.00 0 132.0 
145.34 -1.00 -1.00 0 132.0 
145.51 -1.00 -1.00 0 132.0 
145.64 -1.00 -1.00 0 132.0 
145.78 -1.00 -1.00 0 132.0 
145.90 -1.00 -1.00 0 132.0 
146.07 -1.00 -1.00 0 132.0 
146.21 -1.00 -1.00 0 132.7 
146.34 -1.00 -1.00 0 132.7 
146.47 -1.00 -1.00 0 132.7 
146.60 -1.00 -1.00 0 132.7 
146.72 -1.00 -1.00 0 132.7 
146.85 -1.00 -1.00 0 132.7 
147.04 -1.00 -1.00 0 132.7 
147.18 -1.00 -1.00 0 133.3 
147.33 -1.00 -1.00 0 133.3 
147.46 -1.00 -1.00 0 133.3 
147.59 -1.00 -1.00 0 133.3 
147.71 -1.00 -1.00 0 133.3 
147.85 -1.00 -1.00 0 133.3 
148.15 -1.00 -1.00 0 134.8 
148.28 -1.00 -1.00 0 134.8 
148.40 -1.00 -1.00 0 134.8 
148.55 -1.00 -1.00 0 134.8 
148.68 -1.00 -1.00 0 134.8 
148.83 -1.00 -1.00 0 134.8 
149.04 -1.00 -1.00 0 134.8 
149.17 -1.00 -1.00 0 133.3 
149.30 -1.00 -1.00 0 133.3 
149.47 -1.00 -1.00 0 133.3 
149.61 -1.00 -1.00 0 133.3 
149.74 -1.00 -1.00 0 133.3 
149.87 -1.00 -1.00 0 133.3 
150.05 -1.00 -1.00 0 133.3 
150.16 -1.00 -1.00 1 131.9 
150.31 -1.00 -1.00 1 131.9 
150.44 -1.00 -1.00 1 131.9 
150.58 -1.00 -1.00 2 131.9 
150.70 -1.00 -1.00 2 131.9 
150.84 -1.00 -1.00 2 131.9 
151.05 -1.00 -1.00 2 131.9 
151.17 -1.00 -1.00 2 130.8 
151.31 -1.00 -1.00 2 130.8 
151.43 -1.00 -1.00 2 130.8 
151.55 -1.00 -1.00 2 130.8 
151.69 106.70 2.94 3 130.8 
151.85 106.53 2.93 3 130.8 
152.01 106.24 2.92 3 130.8 
152.15 105.22 2.96 3 127.8 
152.28 103.99 2.93 3 127.8 
152.44 102.99 2.90 4 127.8 
152.58 100.74 2.84 4 127.8 
152.69 98.65 2.78 4 127.8 
152.85 95.82 2.70 3 127.8 
153.00 92.57 2.61 3 127.8 
153.15 89.28 2.58 3 124.4 
153.28 85.44 2.47 3 124.4 
153.41 81.64 2.36 3 124.4 
153.54 78.61 2.27 3 124.4 
153.70 74.72 2.16 3 124.4 
153.85 70.47 2.04 3 124.4 
153.99 66.44 1.92 3 124.4 
154.12 62.40 1.81 3 124.4 
154.29 58.05 1.73 3 120.7 
154.44 54.45 1.62 3 120.7 
154.61 50.36 1.50 3 120.7 
154.75 46.85 1.40 2 120.7 
154.88 43.38 1.29 2 120.7 
155.08 39.95 1.19 2 120.7 
155.23 37.15 1.14 2 117.3 
155.35 34.56 1.06 2 117.3 
155.50 32.78 1.01 2 117.3 
155.64 30.40 0.93 2 117.3 
155.80 28.13 0.86 2 117.3 
155.92 26.26 0.81 2 117.3 
156.11 24.61 0.76 2 117.3 
156.25 22.91 0.72 2 113.8 
156.40 21.54 0.68 3 113.8 
156.54 20.36 0.64 3 113.8 
156.69 19.21 0.61 3 113.8 
156.83 18.57 0.59 3 113.8 
157.02 17.97 0.57 3 113.8 
157.18 17.20 0.57 3 108.7 
157.34 16.32 0.54 3 108.7 
157.48 15.78 0.52 3 108.7 
157.65 15.19 0.50 2 108.7 
157.78 15.07 0.50 2 108.7 
157.93 15.20 0.50 2 108.7 
158.22 15.01 0.50 2 108.0 
158.35 14.39 0.48 2 108.0 
158.48 14.00 0.47 2 108.0 
158.65 13.66 0.46 2 108.0 
158.78 13.59 0.45 2 108.0 
158.93 13.47 0.45 2 108.0 
159.12 13.57 0.45 2 108.0 
159.28 13.49 0.46 2 105.0 
159.41 13.43 0.46 2 105.0 
159.54 13.36 0.46 2 105.0 
159.68 13.21 0.45 2 105.0 
159.83 13.20 0.45 2 105.0 
160.00 13.28 0.46 2 105.0 
160.11 13.38 0.46 2 105.1 
160.24 13.37 0.46 2 105.1 
160.41 13.46 0.46 2 105.1 
160.58 13.53 0.46 2 105.1 
160.72 13.44 0.46 2 105.1 
160.86 13.41 0.46 2 105.1 
161.00 13.55 0.46 2 105.1 
161.18 -1.00 -1.00 2 106.4 
161.31 -1.00 -1.00 2 106.4 
161.46 -1.00 -1.00 2 106.4 
161.63 -1.00 -1.00 2 106.4 
161.77 -1.00 -1.00 1 106.4 
161.93 14.31 0.48 1 106.4 
162.14 -1.00 -1.00 1 106.4 
162.32 -1.00 -1.00 1 107.7 
162.50 -1.00 -1.00 1 107.7 
162.62 -1.00 -1.00 1 107.7 
162.78 -1.00 -1.00 1 107.7 
162.92 -1.00 -1.00 1 107.7 
163.11 -1.00 -1.00 1 107.7 
163.26 -1.00 -1.00 1 108.6 
163.40 -1.00 -1.00 1 108.6 
163.55 -1.00 -1.00 1 108.6 
163.69 -1.00 -1.00 1 108.6 
163.85 -1.00 -1.00 1 108.6 
164.01 -1.00 -1.00 1 108.6 
164.17 -1.00 -1.00 1 110.4 
164.32 -1.00 -1.00 1 110.4 
164.49 -1.00 -1.00 1 110.4 
164.66 -1.00 -1.00 1 110.4 
164.78 -1.00 -1.00 1 110.4 
164.90 -1.00 -1.00 1 110.4 
165.09 -1.00 -1.00 1 110.4 
165.23 -1.00 -1.00 1 111.8 
165.38 -1.00 -1.00 1 111.8 
165.55 -1.00 -1.00 1 111.8 
165.70 -1.00 -1.00 1 111.8 
165.84 -1.00 -1.00 1 111.8 
166.02 -1.00 -1.00 1 111.8 
166.19 -1.00 -1.00 1 112.1 
166.33 -1.00 -1.00 1 112.1 
166.52 -1.00 -1.00 1 112.1 
166.68 -1.00 -1.00 1 112.1 
166.82 -1.00 -1.00 1 112.1 
167.03 -1.00 -1.00 1 112.1 
167.19 -1.00 -1.00 1 114.1 
167.37 -1.00 -1.00 1 114.1 
167.54 -1.00 -1.00 1 114.1 
167.68 -1.00 -1.00 1 114.1 
167.82 -1.00 -1.00 1 114.1 
168.21 -1.00 -1.00 1 115.5 
168.34 -1.00 -1.00 1 115.5 
168.52 -1.00 -1.00 1 115.5 
168.68 -1.00 -1.00 1 115.5 
168.82 -1.00 -1.00 1 115.5 
168.97 -1.00 -1.00 1 115.5 
169.13 -1.00 -1.00 1 116.4 
169.27 -1.00 -1.00 0 116.4 
169.42 -1.00 -1.00 0 116.4 
169.56 -1.00 -1.00 0 116.4 
169.73 -1.00 -1.00 0 116.4 
169.89 -1.00 -1.00 0 116.4 
170.05 -1.00 -1.00 0 116.4 
170.20 -1.00 -1.00 0 119.1 
170.34 -1.00 -1.00 0 119.1 
170.47 -1.00 -1.00 0 119.1 
170.64 -1.00 -1.00 0 119.1 
170.80 -1.00 -1.00 0 119.1 
170.96 -1.00 -1.00 0 119.1 
171.14 -1.00 -1.00 0 119.1 
171.29 -1.00 -1.00 0 120.0 
171.46 -1.00 -1.00 0 120.0 
171.59 -1.00 -1.00 0 120.0 
171.73 -1.00 -1.00 0 120.0 
171.87 -1.00 -1.00 0 120.0 
172.08 -1.00 -1.00 0 120.0 
172.23 -1.00 -1.00 0 121.8 
172.40 -1.00 -1.00 0 121.8 
172.53 -1.00 -1.00 0 121.8 
172.67 -1.00 -1.00 0 121.8 
172.79 -1.00 -1.00 0 121.8 
172.91 -1.00 -1.00 0 121.8 
173.10 -1.00 -1.00 0 121.8 
173.25 -1.00 -1.00 0 122.8 
173.41 -1.00 -1.00 0 122.8 
173.59 -1.00 -1.00 0 122.8 
173.72 -1.00 -1.00 0 122.8 
173.86 -1.00 -1.00 0 122.8 
174.02 -1.00 -1.00 0 122.8 
174.17 -1.00 -1.00 0 124.1 
174.31 -1.00 -1.00 0 124.1 
174.49 -1.00 -1.00 0 124.1 
174.62 -1.00 -1.00 0 124.1 
174.75 -1.00 -1.00 0 124.1 
174.94 -1.00 -1.00 0 124.1 
175.11 -1.00 -1.00 0 124.1 
175.30 -1.00 -1.00 0 127.4 
175.52 -1.00 -1.00 0 127.4 
175.70 -1.00 -1.00 0 127.4 
175.89 -1.00 -1.00 0 127.4 
176.08 -1.00 -1.00 0 127.4 
176.21 -1.00 -1.00 0 130.2 
176.33 -1.00 -1.00 0 130.2 
176.50 -1.00 -1.00 0 130.2 
176.65 -1.00 -1.00 0 130.2 
176.82 -1.00 -1.00 0 130.2 
177.04 -1.00 -1.00 0 130.2 
177.21 74.69 2.05 1 131.2 
177.38 75.12 2.06 1 131.2 
177.53 75.11 2.06 1 131.2 
177.71 -1.00 -1.00 1 131.2 
177.86 75.43 2.07 1 131.2 
178.23 -1.00 -1.00 1 132.9 
178.36 73.52 1.99 1 132.9 
178.53 72.53 1.97 1 132.9 
178.70 72.06 1.95 1 132.9 
178.84 70.58 1.91 1 132.9 
179.08 69.16 1.87 1 132.9 
179.25 67.79 1.83 1 133.4 
179.42 -1.00 -1.00 1 133.4 
179.60 -1.00 -1.00 1 133.4 
179.74 64.63 1.74 1 133.4 
179.93 -1.00 -1.00 1 133.4 
180.10 -1.00 -1.00 1 133.4 
180.25 -1.00 -1.00 1 134.7 
180.38 59.24 1.58 1 134.7 
180.54 58.12 1.55 1 134.7 
180.71 -1.00 -1.00 1 134.7 
180.86 -1.00 -1.00 1 134.7 
181.03 -1.00 -1.00 1 134.7 
181.20 -1.00 -1.00 1 134.9 
181.37 -1.00 -1.00 1 134.9 
181.55 -1.00 -1.00 1 134.9 
181.72 -1.00 -1.00 1 134.9 
181.89 -1.00 -1.00 1 134.9 
182.08 -1.00 -1.00 1 134.9 
182.23 -1.00 -1.00 1 136.5 
182.38 -1.00 -1.00 1 136.5 
182.56 -1.00 -1.00 1 136.5 
182.73 -1.00 -1.00 2 136.5 
182.90 -1.00 -1.00 2 136.5 
183.07 -1.00 -1.00 2 136.5 
183.26 -1.00 -1.00 2 135.6 
183.43 -1.00 -1.00 1 135.6 
183.58 -1.00 -1.00 1 135.6 
183.76 -1.00 -1.00 1 135.6 
183.99 -1.00 -1.00 1 135.6 
184.14 -1.00 -1.00 1 137.6 
184.32 -1.00 -1.00 1 137.6 
184.48 -1.00 -1.00 1 137.6 
184.60 -1.00 -1.00 1 137.6 
184.78 -1.00 -1.00 1 137.6 
184.97 -1.00 -1.00 0 137.6 
185.13 -1.00 -1.00 0 137.3 
185.26 -1.00 -1.00 0 137.3 
185.42 -1.00 -1.00 0 137.3 
185.58 -1.00 -1.00 0 137.3 
185.69 -1.00 -1.00 0 137.3 
185.81 -1.00 -1.00 0 137.3 
185.94 -1.00 -1.00 0 137.3 
186.11 -1.00 -1.00 0 137.3 
186.30 -1.00 -1.00 0 137.5 
186.47 -1.00 -1.00 0 137.5 
186.64 -1.00 -1.00 0 137.5 
186.82 -1.00 -1.00 0 137.5 
187.03 -1.00 -1.00 0 137.5 
187.20 -1.00 -1.00 0 137.4 
187.34 -1.00 -1.00 0 137.4 
187.47 -1.00 -1.00 0 137.4 
187.61 -1.00 -1.00 0 137.4 
187.77 -1.00 -1.00 0 137.4 
188.20 -1.00 -1.00 0 137.9 
188.36 -1.00 -1.00 0 137.9 
188.55 82.99 2.17 1 137.9 
188.76 82.99 2.17 1 137.9 
188.91 82.71 2.16 1 137.9 
189.15 82.39 2.15 1 137.9 
189.31 81.12 2.14 1 136.4 
189.53 79.70 2.10 1 136.4 
189.70 78.16 2.06 1 136.4 
189.85 76.56 2.02 1 136.4 
190.05 74.92 1.98 1 136.4 
190.25 72.92 1.95 1 134.6 
190.41 70.62 1.89 1 134.6 
190.62 68.10 1.82 1 134.6 
190.81 65.35 1.75 1 134.6 
191.05 62.48 1.67 1 134.6 
191.23 59.76 1.61 1 133.8 
191.39 57.26 1.54 1 133.8 
191.55 54.66 1.47 1 133.8 
191.76 52.02 1.40 1 133.8 
191.94 49.39 1.33 1 133.8 
192.17 47.31 1.32 1 129.2 
192.33 44.97 1.25 1 129.2 
192.55 42.64 1.19 1 129.2 
192.76 40.39 1.13 1 129.2 
192.90 38.03 1.06 1 129.2 
193.09 35.59 0.99 1 129.2 
193.28 33.52 0.95 1 127.7 
193.47 31.43 0.89 1 127.7 
193.61 29.66 0.84 1 127.7 
193.80 28.19 0.80 1 127.7 
194.03 27.16 0.77 1 127.7 
194.21 26.00 0.75 1 125.1 
194.34 25.21 0.73 1 125.1 
194.49 24.45 0.70 1 125.1 
194.63 23.67 0.68 1 125.1 
194.77 23.06 0.66 1 125.1 
195.00 22.29 0.64 1 125.1 
195.20 21.54 0.64 1 121.5 
195.41 20.96 0.62 1 121.5 
195.55 20.38 0.60 1 121.5 
195.71 20.23 0.60 1 121.5 
195.89 19.82 0.59 1 121.5 
196.11 19.27 0.57 1 121.5 
196.28 19.11 0.57 1 121.6 
196.49 18.73 0.55 1 121.6 
196.66 18.46 0.55 1 121.6 
196.85 18.26 0.54 1 121.6 
197.08 -1.00 -1.00 1 121.6 
197.28 -1.00 -1.00 1 122.0 
197.43 -1.00 -1.00 1 122.0 
197.66 -1.00 -1.00 1 122.0 
197.81 -1.00 -1.00 1 122.0 
198.26 -1.00 -1.00 2 123.0 
198.43 -1.00 -1.00 2 123.0 
198.61 -1.00 -1.00 2 123.0 
198.79 -1.00 -1.00 1 123.0 
199.07 -1.00 -1.00 2 123.0 
199.29 -1.00 -1.00 1 123.7 
199.44 -1.00 -1.00 1 123.7 
199.65 -1.00 -1.00 2 123.7 
199.81 -1.00 -1.00 1 123.7 
200.08 -1.00 -1.00 1 123.7 
200.23 -1.00 -1.00 1 124.1 
200.41 -1.00 -1.00 1 124.1 
200.65 -1.00 -1.00 1 124.1 
200.83 -1.00 -1.00 1 124.1 
201.10 -1.00 -1.00 1 124.1 
201.29 -1.00 -1.00 1 126.0 
201.48 -1.00 -1.00 1 126.0 
201.69 -1.00 -1.00 1 126.0 
201.90 -1.00 -1.00 1 126.0 
202.17 -1.00 -1.00 1 126.0 
202.39 -1.00 -1.00 1 127.0 
202.58 -1.00 -1.00 1 127.0 
202.81 -1.00 -1.00 1 127.0 
203.01 -1.00 -1.00 1 127.0 
203.21 -1.00 -1.00 1 128.2 
203.41 -1.00 -1.00 1 128.2 
203.59 -1.00 -1.00 1 128.2 
203.77 -1.00 -1.00 1 128.2 
204.00 -1.00 -1.00 1 128.2 
204.20 -1.00 -1.00 1 129.3 
204.41 -1.00 -1.00 1 129.3 
204.59 -1.00 -1.00 1 129.3 
204.77 -1.00 -1.00 0 129.3 
205.00 -1.00 -1.00 0 129.3 
205.21 -1.00 -1.00 0 130.1 
205.46 -1.00 -1.00 0 130.1 
205.61 -1.00 -1.00 0 130.1 
205.80 -1.00 -1.00 0 130.1 
205.99 -1.00 -1.00 0 130.1 
206.21 -1.00 -1.00 0 131.3 
206.37 -1.00 -1.00 0 131.3 
206.59 -1.00 -1.00 0 131.3 
206.78 -1.00 -1.00 0 131.3 
206.98 -1.00 -1.00 0 131.3 
207.21 -1.00 -1.00 0 132.4 
207.38 -1.00 -1.00 0 132.4 
207.60 -1.00 -1.00 0 132.4 
207.81 -1.00 -1.00 0 132.4 
208.09 -1.00 -1.00 0 132.4 
208.26 -1.00 -1.00 0 133.5 
208.48 -1.00 -1.00 0 133.5 
208.65 -1.00 -1.00 0 133.5 
208.86 -1.00 -1.00 0 133.5 
209.14 -1.00 -1.00 0 133.5 
209.34 -1.00 -1.00 0 134.4 
209.51 -1.00 -1.00 0 134.4 
209.72 -1.00 -1.00 0 134.4 
209.91 -1.00 -1.00 0 134.4 
210.14 -1.00 -1.00 0 134.4 
210.36 -1.00 -1.00 0 136.5 
210.59 -1.00 -1.00 0 136.5 
210.75 -1.00 -1.00 0 136.5 
211.02 -1.00 -1.00 0 136.5 
211.19 -1.00 -1.00 0 135.6 
211.41 -1.00 -1.00 0 135.6 
211.60 -1.00 -1.00 0 135.6 
211.77 -1.00 -1.00 0 135.6 
212.03 -1.00 -1.00 0 135.6 
212.25 -1.00 -1.00 0 136.3 
212.41 -1.00 -1.00 0 136.3 
212.56 -1.00 -1.00 0 136.3 
212.76 -1.00 -1.00 0 136.3 
213.01 -1.00 -1.00 1 136.3 
213.23 -1.00 -1.00 1 136.1 
213.38 -1.00 -1.00 1 136.1 
213.57 -1.00 -1.00 1 136.1 
213.79 -1.00 -1.00 1 136.1 
214.01 -1.00 -1.00 1 136.1 
214.20 -1.00 -1.00 1 137.1 
214.39 -1.00 -1.00 1 137.1 
214.60 -1.00 -1.00 1 137.1 
214.83 -1.00 -1.00 1 137.1 
215.05 -1.00 -1.00 1 137.1 
215.26 -1.00 -1.00 1 136.3 
215.46 -1.00 -1.00 1 136.3 
215.68 -1.00 -1.00 1 136.3 
215.88 -1.00 -1.00 1 136.3 
216.11 -1.00 -1.00 1 136.3 
216.30 -1.00 -1.00 1 137.3 
216.51 -1.00 -1.00 1 137.3 
216.73 -1.00 -1.00 1 137.3 
217.00 -1.00 -1.00 1 137.3 
217.23 -1.00 -1.00 1 137.0 
217.41 -1.00 -1.00 1 137.0 
217.63 -1.00 -1.00 1 137.0 
217.82 -1.00 -1.00 1 137.0 
218.11 -1.00 -1.00 1 137.0 
218.35 -1.00 -1.00 0 136.1 
218.52 -1.00 -1.00 1 136.1 
218.74 -1.00 -1.00 1 136.1 
219.03 -1.00 -1.00 0 136.1 
219.23 -1.00 -1.00 0 135.9 
219.41 -1.00 -1.00 0 135.9 
219.61 -1.00 -1.00 0 135.9 
219.82 -1.00 -1.00 0 135.9 
220.11 -1.00 -1.00 0 135.9 
220.28 -1.00 -1.00 0 135.4 
220.53 -1.00 -1.00 0 135.4 
220.70 -1.00 -1.00 0 135.4 
220.92 -1.00 -1.00 0 135.4 
221.18 -1.00 -1.00 0 135.4 
221.39 -1.00 -1.00 0 136.7 
221.58 -1.00 -1.00 0 136.7 
221.81 62.24 1.64 1 136.7 
222.11 62.39 1.64 1 136.7 
222.30 62.17 1.63 1 137.0 
222.52 62.45 1.64 1 137.0 
222.69 -1.00 -1.00 1 137.0 
222.92 -1.00 -1.00 1 137.0 
223.16 -1.00 -1.00 1 137.0 
223.40 -1.00 -1.00 1 136.9 
223.56 -1.00 -1.00 1 136.9 
223.80 -1.00 -1.00 1 136.9 
224.02 -1.00 -1.00 1 136.9 
224.24 -1.00 -1.00 1 136.8 
224.45 -1.00 -1.00 1 136.8 
224.70 -1.00 -1.00 1 136.8 
224.87 -1.00 -1.00 1 136.8 
225.12 -1.00 -1.00 1 136.8 
225.28 -1.00 -1.00 1 136.2 
225.58 -1.00 -1.00 1 136.2 
225.82 -1.00 -1.00 1 136.2 
226.04 -1.00 -1.00 1 136.2 
226.24 -1.00 -1.00 1 135.8 
226.51 -1.00 -1.00 1 135.8 
226.74 -1.00 -1.00 1 135.8 
227.04 -1.00 -1.00 1 135.8 
227.24 -1.00 -1.00 1 135.6 
227.47 -1.00 -1.00 1 135.6 
227.78 -1.00 -1.00 1 135.6 
228.36 -1.00 -1.00 0 135.6 
228.52 -1.00 -1.00 0 135.6 
228.77 -1.00 -1.00 0 135.6 
229.03 -1.00 -1.00 0 135.6 
229.24 -1.00 -1.00 0 136.5 
229.49 -1.00 -1.00 0 136.5 
229.69 -1.00 -1.00 0 136.5 
230.00 -1.00 -1.00 0 136.5 
230.18 -1.00 -1.00 0 135.7 
230.49 -1.00 -1.00 0 135.7 
230.82 -1.00 -1.00 0 135.7 
231.09 -1.00 -1.00 0 135.7 
231.35 -1.00 -1.00 0 136.8 
231.62 -1.00 -1.00 0 136.8 
231.82 -1.00 -1.00 0 136.8 
232.19 -1.00 -1.00 0 136.8 
232.39 -1.00 -1.00 1 136.5 
232.64 -1.00 -1.00 1 136.5 
232.89 -1.00 -1.00 1 136.5 
233.27 -1.00 -1.00 1 136.5 
233.55 -1.00 -1.00 1 137.1 
233.76 -1.00 -1.00 1 137.1 
234.11 -1.00 -1.00 1 137.1 
234.43 -1.00 -1.00 1 136.3 
234.70 -1.00 -1.00 1 136.3 
234.99 -1.00 -1.00 1 136.3 
235.29 -1.00 -1.00 1 136.3 
235.60 -1.00 -1.00 1 136.3 
235.86 -1.00 -1.00 1 136.3 
236.19 -1.00 -1.00 1 136.3 
236.46 -1.00 -1.00 0 136.5 
236.72 -1.00 -1.00 0 136.5 
237.10 -1.00 -1.00 0 136.5 
237.28 -1.00 -1.00 0 135.2 
237.54 -1.00 -1.00 0 135.2 
237.84 93.37 2.49 1 135.2 
238.46 -1.00 -1.00 1 134.5 
238.76 -1.00 -1.00 1 134.5 
239.07 -1.00 -1.00 1 134.5 
239.38 -1.00 -1.00 1 135.0 
239.62 85.51 2.28 1 135.0 
240.01 -1.00 -1.00 1 135.0 
240.33 -1.00 -1.00 1 134.9 
240.68 -1.00 -1.00 1 134.9 
241.00 -1.00 -1.00 1 134.9 
241.29 -1.00 -1.00 1 133.7 
241.64 -1.00 -1.00 1 133.7 
242.00 -1.00 -1.00 1 133.7 
242.29 -1.00 -1.00 1 133.8 
242.65 -1.00 -1.00 1 133.8 
242.95 -1.00 -1.00 0 133.8 
243.23 -1.00 -1.00 0 133.8 
243.50 -1.00 -1.00 0 133.4 
243.79 -1.00 -1.00 0 133.4 
244.08 -1.00 -1.00 0 133.4 
244.44 62.24 1.68 2 133.2 
244.74 62.02 1.68 2 133.2 
245.06 -1.00 -1.00 2 133.2 
245.32 60.78 1.65 1 132.2 
245.69 -1.00 -1.00 1 132.2 
246.02 -1.00 -1.00 1 132.2 
246.35 -1.00 -1.00 1 131.7 
246.60 -1.00 -1.00 1 131.7 
246.87 -1.00 -1.00 1 131.7 
247.25 -1.00 -1.00 1 131.7 
247.53 -1.00 -1.00 1 132.6 
247.88 -1.00 -1.00 0 132.6 
248.43 -1.00 -1.00 0 132.0 
248.69 -1.00 -1.00 0 132.0 
249.01 -1.00 -1.00 0 132.0 
249.27 -1.00 -1.00 0 132.1 
249.54 -1.00 -1.00 0 132.1 
249.82 -1.00 -1.00 0 132.1 
250.25 -1.00 -1.00 0 132.1 
250.55 -1.00 -1.00 0 131.9 
250.87 -1.00 -1.00 0 131.9 
251.16 -1.00 -1.00 0 131.9 
251.49 -1.00 -1.00 0 131.3 
251.78 -1.00 -1.00 0 131.3 
252.04 -1.00 -1.00 0 131.3 
252.27 -1.00 -1.00 0 130.4 
252.54 -1.00 -1.00 0 130.4 
252.82 -1.00 -1.00 0 130.4 
253.10 -1.00 -1.00 0 130.4 
253.36 -1.00 -1.00 0 130.5 
253.58 -1.00 -1.00 0 130.5 
253.82 -1.00 -1.00 0 130.5 
254.08 -1.00 -1.00 0 130.5 
254.33 -1.00 -1.00 0 130.9 
254.57 -1.00 -1.00 0 130.9 
254.85 -1.00 -1.00 0 130.9 
255.13 -1.00 -1.00 0 130.9 
255.42 -1.00 -1.00 0 129.2 
255.71 -1.00 -1.00 0 129.2 
255.96 -1.00 -1.00 0 129.2 
256.27 -1.00 -1.00 0 129.2 
256.47 -1.00 -1.00 0 129.9 
256.77 -1.00 -1.00 0 129.9 
257.11 -1.00 -1.00 0 129.9 
257.32 -1.00 -1.00 0 130.4 
257.65 -1.00 -1.00 0 130.4 
257.92 -1.00 -1.00 0 130.4 
258.26 -1.00 -1.00 0 130.5 
258.60 -1.00 -1.00 0 130.5 
258.84 -1.00 -1.00 0 130.5 
259.20 -1.00 -1.00 0 130.5 
259.46 -1.00 -1.00 0 128.7 
259.70 -1.00 -1.00 0 128.7 
259.93 -1.00 -1.00 0 128.7 
260.21 -1.00 -1.00 0 128.7 
260.43 -1.00 -1.00 0 129.9 
260.63 -1.00 -1.00 0 129.9 
260.90 -1.00 -1.00 0 129.9 
261.15 -1.00 -1.00 0 129.9 
261.38 -1.00 -1.00 0 130.3 
261.61 -1.00 -1.00 0 130.3 
261.87 -1.00 -1.00 0 130.3 
262.17 -1.00 -1.00 0 130.3 
262.36 -1.00 -1.00 0 130.2 
262.59 -1.00 -1.00 0 130.2 
262.80 -1.00 -1.00 0 130.2 
263.06 -1.00 -1.00 0 130.2 
263.33 -1.00 -1.00 0 130.7 
263.59 -1.00 -1.00 0 130.7 
263.85 -1.00 -1.00 0 130.7 
264.05 -1.00 -1.00 0 130.7 
264.33 -1.00 -1.00 0 131.9 
264.66 -1.00 -1.00 0 131.9 
265.09 -1.00 -1.00 0 131.9 
265.46 -1.00 -1.00 0 131.9 
265.71 -1.00 -1.00 0 131.9 
266.10 -1.00 -1.00 0 131.9 
266.33 -1.00 -1.00 0 130.6 
266.65 -1.00 -1.00 0 130.6 
266.94 -1.00 -1.00 1 130.6 
267.39 -1.00 -1.00 1 130.6 
267.69 -1.00 -1.00 1 132.3 
268.37 93.37 2.54 2 132.2 
268.74 93.19 2.54 2 132.2 
269.14 92.89 2.53 1 132.2 
269.54 92.89 2.54 1 131.5 
269.83 92.87 2.54 1 131.5 
270.14 92.89 2.54 1 131.5 
270.44 92.92 2.53 1 132.4 
270.81 92.26 2.51 1 132.4 
271.18 91.62 2.49 1 132.4 
271.48 90.34 2.47 1 131.7 
271.77 88.99 2.43 1 131.7 
272.07 87.70 2.40 1 131.7 
272.38 86.44 2.36 1 131.7 
272.56 85.32 2.33 1 131.7 
272.84 84.19 2.30 1 131.7 
273.17 83.16 2.27 1 131.7 
273.42 81.49 2.22 1 132.0 
273.66 79.30 2.16 1 132.0 
273.93 77.91 2.12 1 132.0 
274.24 77.45 2.11 1 132.0 
274.52 77.01 2.09 1 132.5 
274.80 77.59 2.11 1 132.5 
275.19 76.36 2.07 1 132.5 
275.52 76.03 2.08 1 131.3 
275.78 74.92 2.05 1 131.3 
276.13 72.57 1.99 1 131.3 
276.48 70.45 1.93 1 131.6 
276.87 69.15 1.89 1 131.6 
277.17 68.77 1.88 1 131.6 
277.51 66.44 1.82 2 131.6 
277.78 64.91 1.78 2 131.6 
278.43 -1.00 -1.00 2 130.8 
278.77 -1.00 -1.00 2 130.8 
279.10 -1.00 -1.00 2 130.8 
279.35 -1.00 -1.00 1 130.1 
279.66 -1.00 -1.00 1 130.1 
280.01 -1.00 -1.00 1 130.1 
280.28 57.46 1.61 2 128.7 
280.62 57.45 1.61 2 128.7 
280.86 57.10 1.60 2 128.7 
281.16 56.68 1.59 3 128.7 
281.38 55.81 1.59 3 126.3 
281.73 54.62 1.56 3 126.3 
282.01 53.05 1.51 2 126.3 
282.27 51.47 1.47 2 126.3 
282.64 49.70 1.44 2 123.9 
283.03 47.66 1.38 2 123.9 
283.32 45.22 1.38 2 117.8 
283.65 42.79 1.31 2 117.8 
283.92 40.31 1.23 2 117.8 
284.16 38.01 1.16 2 117.8 
284.34 35.61 1.14 2 112.4 
284.58 33.21 1.06 2 112.4 
284.84 31.05 1.00 2 112.4 
285.14 29.04 0.93 2 112.4 
285.43 27.11 0.91 2 107.0 
285.72 25.39 0.85 2 107.0 
286.04 23.77 0.80 2 107.0 
286.33 22.23 0.76 2 105.9 
286.53 20.89 0.71 2 105.9 
286.85 19.80 0.67 2 105.9 
287.14 18.94 0.64 2 105.9 
287.42 18.08 0.64 2 102.3 
287.71 17.42 0.61 2 102.3 
288.00 16.72 0.59 2 102.3 
288.31 16.12 0.59 2 98.9 
288.59 15.73 0.57 2 98.9 
288.90 15.43 0.56 1 98.9 
289.19 15.36 0.56 1 98.9 
289.48 15.30 0.56 1 97.9 
289.80 15.18 0.56 1 97.9 
290.04 15.20 0.56 1 97.9 
290.40 15.21 0.56 1 97.5 
290.61 15.23 0.56 1 97.5 
290.88 15.33 0.57 1 97.5 
291.18 15.41 0.57 1 97.5 
291.47 15.49 0.57 1 98.5 
291.76 15.63 0.57 1 98.5 
292.06 15.57 0.57 1 98.5 
292.33 15.53 0.57 1 98.8 
292.59 15.79 0.58 1 98.8 
292.86 15.99 0.58 1 98.8 
293.19 15.95 0.58 1 98.8 
293.56 16.02 0.58 1 99.7 
293.81 16.08 0.58 1 99.7 
294.23 16.04 0.58 1 99.7 
294.53 16.12 0.58 1 100.3 
294.80 16.17 0.58 1 100.3 
295.09 16.40 0.59 1 100.3 
295.48 16.41 0.58 1 101.2 
295.81 16.70 0.59 1 101.2 
296.19 16.76 0.60 1 101.2 
296.51 17.08 0.62 1 99.0 
296.86 17.24 0.63 1 99.0 
297.34 17.28 0.63 1 99.0 
297.76 17.50 0.64 1 98.0 
298.35 -1.00 -1.00 1 96.4 
298.65 18.21 0.68 1 96.4 
299.08 18.59 0.69 1 96.4 
299.34 19.01 0.72 1 95.7 
299.54 19.61 0.74 1 95.7 
299.82 20.09 0.76 1 95.7 
300.16 20.62 0.78 1 95.7 
300.55 21.18 0.81 1 94.5 
300.89 21.78 0.83 1 94.5 
301.28 23.01 0.88 1 94.5 
301.69 23.76 0.92 1 92.7 
302.07 25.00 0.97 1 92.7 
302.41 25.81 1.01 1 91.7 
302.72 27.44 1.08 1 91.7 
303.14 28.77 1.13 1 91.7 
303.47 29.89 1.19 1 90.6 
303.73 31.42 1.25 1 90.6 
303.98 33.41 1.33 1 90.6 
304.28 35.03 1.39 1 90.7 
304.60 36.44 1.45 1 90.7 
304.82 38.01 1.51 1 90.7 
305.13 40.28 1.60 1 90.7 
305.46 41.27 1.64 1 90.7 
305.82 42.12 1.67 1 90.7 
306.27 43.76 1.74 2 90.7 
306.61 41.50 1.62 2 92.0 
306.86 41.52 1.63 3 92.0 
307.19 41.44 1.62 3 92.0 
307.53 41.11 1.62 3 91.5 
307.89 45.06 1.77 3 91.5 
308.18 44.54 1.75 2 91.5 
308.50 44.02 1.74 2 91.3 
308.87 43.28 1.71 2 91.3 
309.24 42.58 1.68 2 91.3 
309.49 58.47 2.28 3 92.3 
309.85 41.73 1.63 3 92.3 
310.20 48.88 1.91 3 92.3 
310.50 13.29 0.52 3 92.3 
310.76 13.14 0.51 3 92.3 
311.19 12.89 0.50 3 92.3 
311.46 12.79 0.49 3 93.1 
311.76 12.80 0.50 2 93.1 
312.06 13.06 0.51 2 93.1 
312.36 13.58 0.53 2 91.8 
312.61 13.32 0.52 2 91.8 
312.90 13.45 0.53 2 91.8 
313.18 13.65 0.54 2 91.8 
313.39 13.57 0.54 2 90.8 
313.69 13.59 0.54 2 90.8 
314.02 13.46 0.53 2 90.8 
314.32 13.57 0.55 2 89.3 
314.59 13.78 0.56 2 89.3 
314.87 13.73 0.55 2 89.3 
315.19 13.87 0.56 2 89.3 
315.56 13.93 0.56 2 90.1 
315.82 13.92 0.56 2 90.1 
316.15 14.04 0.56 2 90.1 
316.40 14.11 0.56 2 90.5 
316.64 14.35 0.57 2 90.5 
316.91 14.35 0.57 2 90.5 
317.23 14.44 0.57 2 90.5 
317.50 14.49 0.58 2 90.5 
317.75 14.63 0.58 2 90.5 
318.16 14.46 0.58 2 90.5 
318.46 14.31 0.57 2 90.1 
318.69 14.61 0.58 2 90.1 
318.95 15.02 0.60 2 90.1 
319.24 15.44 0.62 2 90.1 
319.50 15.50 0.63 2 89.0 
319.79 15.63 0.63 2 89.0 
320.16 15.80 0.64 2 89.0 
320.41 16.11 0.63 2 91.8 
320.70 16.97 0.67 2 91.8 
321.00 16.78 0.66 2 91.8 
321.26 16.79 0.65 2 93.2 
321.58 16.48 0.64 2 93.2 
321.88 17.51 0.68 2 93.2 
322.30 17.80 0.69 2 93.2 
322.60 17.44 0.67 2 93.8 
322.83 17.14 0.66 2 93.8 
323.19 16.98 0.65 2 93.8 
323.54 16.87 0.64 2 95.4 
323.79 16.75 0.63 2 95.4 
324.08 16.68 0.63 2 95.4 
324.43 16.87 0.63 2 96.7 
324.73 17.03 0.63 2 96.7 
324.96 17.79 0.66 2 96.7 
325.31 17.84 0.66 2 96.7 
325.64 17.88 0.66 2 97.0 
325.98 18.00 0.67 2 97.0 
326.32 18.31 0.67 2 98.1 
326.68 18.69 0.69 2 98.1 
326.98 18.86 0.69 2 98.1 
327.29 18.89 0.68 2 99.8 
327.69 19.24 0.69 2 99.8 
328.31 19.73 0.69 1 103.0 
328.56 20.29 0.71 1 103.0 
328.90 20.74 0.72 1 103.0 
329.24 20.84 0.73 1 103.0 
329.47 21.16 0.72 1 106.1 
329.82 21.29 0.72 1 106.1 
330.13 21.28 0.72 2 106.1 
330.54 21.15 0.72 2 105.2 
330.89 21.30 0.73 2 105.2 
331.21 21.30 0.73 2 105.2 
331.49 20.86 0.71 2 105.9 
331.75 20.46 0.70 2 105.9 
332.19 20.06 0.68 2 105.9 
332.48 19.11 0.65 2 105.2 
332.78 -1.00 -1.00 2 105.2 
333.05 18.24 0.62 1 105.2 
333.30 19.12 0.72 1 95.0 
333.53 18.28 0.69 1 95.0 
333.77 18.00 0.68 1 95.0 
334.11 17.02 0.65 1 95.0 
334.47 16.44 0.67 1 88.1 
334.74 15.56 0.64 1 88.1 
335.07 15.09 0.62 1 88.1 
335.41 19.38 0.84 1 83.1 
335.73 18.05 0.78 1 83.1 
336.07 18.32 0.79 1 83.1 
336.40 17.04 0.74 1 83.4 
336.61 18.05 0.78 1 83.4 
336.93 19.75 0.85 1 83.4 
337.27 20.15 0.87 1 83.4 
337.57 18.98 0.87 1 78.9 
337.83 17.52 0.80 1 78.9 
338.38 -1.00 -1.00 1 77.3 
338.61 -1.00 -1.00 1 77.3 
338.88 -1.00 -1.00 1 77.3 
339.20 -1.00 -1.00 1 77.3 
339.53 -1.00 -1.00 1 72.6 
339.72 -1.00 -1.00 1 72.6 
340.05 -1.00 -1.00 1 72.6 
340.30 -1.00 -1.00 1 73.5 
340.66 -1.00 -1.00 1 73.5 
340.98 -1.00 -1.00 1 73.5 
341.38 -1.00 -1.00 1 73.5 
341.67 -1.00 -1.00 1 68.4 
342.14 -1.00 -1.00 1 68.4 
342.41 -1.00 -1.00 1 75.4 
342.72 -1.00 -1.00 1 75.4 
343.17 -1.00 -1.00 1 75.4 
343.47 16.03 0.75 1 76.6 
343.79 16.34 0.77 1 76.6 
344.26 -1.00 -1.00 1 76.6 
344.60 17.61 0.82 1 77.8 
344.91 17.89 0.83 1 77.8 
345.19 18.44 0.85 1 77.8 
345.49 18.76 0.86 1 78.5 
345.69 19.13 0.88 1 78.5 
345.92 19.66 0.90 1 78.5 
346.19 20.37 0.93 1 78.5 
346.48 21.07 0.95 1 79.8 
346.74 21.65 0.98 1 79.8 
347.02 21.96 0.99 1 79.8 
347.25 22.05 0.99 1 80.6 
347.54 22.43 1.00 1 80.6 
347.85 22.73 1.02 1 80.6 
348.31 22.83 1.02 1 80.6 
348.62 23.23 1.05 1 79.8 
348.99 24.46 1.10 1 79.8 
349.39 24.58 1.11 1 79.6 
349.67 23.88 1.08 1 79.6 
350.12 23.17 1.05 1 79.6 
350.37 23.05 1.07 1 77.6 
350.76 23.54 1.09 1 77.6 
351.09 23.08 1.07 1 77.6 
351.38 22.67 1.09 1 74.9 
351.64 22.23 1.07 1 74.9 
351.88 21.63 1.04 1 74.9 
352.23 21.51 1.03 1 74.9 
352.44 22.28 1.06 1 75.3 
352.75 22.02 1.05 1 75.3 
352.99 21.81 1.04 1 75.3 
353.29 21.89 1.06 1 74.2 
353.57 21.71 1.05 1 74.2 
353.86 21.96 1.06 1 74.2 
354.18 22.01 1.07 1 74.2 
354.55 21.91 1.08 1 73.2 
355.06 22.58 1.11 1 73.2 
355.44 22.81 1.11 1 74.2 
355.84 23.31 1.13 1 74.2 
356.29 24.06 1.17 1 74.2 
356.61 24.91 1.21 1 73.9 
356.98 25.02 1.22 1 73.9 
357.58 -1.00 -1.00 1 74.8 
358.28 26.07 1.26 1 74.3 
358.63 25.97 1.26 1 74.3 
358.92 25.87 1.25 1 74.3 
359.33 26.13 1.27 1 74.3 
359.66 26.73 1.32 1 73.2 
360.15 27.71 1.36 2 73.2 
360.46 28.41 1.42 2 72.1 
360.79 29.53 1.48 2 72.1 
361.19 29.97 1.50 2 72.1 
361.49 30.34 1.49 2 73.4 
361.82 31.14 1.53 2 73.4 
362.22 31.57 1.55 2 73.4 
362.54 31.43 1.52 2 74.4 
362.92 31.15 1.51 2 74.4 
363.32 31.32 1.52 2 74.4 
363.68 31.27 1.47 2 76.5 
363.97 30.61 1.44 2 76.5 
364.29 30.21 1.42 2 76.5 
364.63 29.70 1.37 2 78.0 
365.02 29.08 1.34 1 78.0 
365.31 28.69 1.32 1 78.2 
365.56 28.20 1.30 1 78.2 
365.86 27.61 1.27 1 78.2 
366.21 26.82 1.23 1 78.2 
366.52 -1.00 -1.00 1 79.7 
366.79 -1.00 -1.00 1 79.7 
367.09 -1.00 -1.00 1 79.7 
367.29 35.57 1.58 2 81.1 
367.63 35.31 1.57 2 81.1 
368.37 35.00 1.53 2 82.5 
368.82 34.22 1.49 2 82.5 
369.13 33.23 1.45 2 82.5 
369.44 32.63 1.43 2 82.0 
369.75 32.82 1.44 2 82.0 
370.12 32.79 1.44 2 82.0 
370.52 30.79 1.37 2 80.8 
370.87 29.10 1.30 2 80.8 
371.24 28.15 1.25 2 80.8 
371.53 -1.00 -1.00 2 74.1 
371.86 23.58 1.15 2 74.1 
372.24 21.66 1.05 1 74.1 
372.55 20.18 1.07 1 68.1 
372.88 21.08 1.11 1 68.1 
373.34 -1.00 -1.00 0 68.1 
373.62 -1.00 -1.00 0 63.0 
373.93 -1.00 -1.00 0 63.0 
374.35 -1.00 -1.00 0 63.0 
374.67 -1.00 -1.00 0 59.2 
375.01 -1.00 -1.00 0 59.2 
375.33 -1.00 -1.00 0 59.2 
375.64 -1.00 -1.00 0 53.9 
376.04 -1.00 -1.00 0 53.9 
376.32 -1.00 -1.00 0 50.7 
376.65 -1.00 -1.00 0 50.7 
376.96 -1.00 -1.00 0 50.7 
382.29 -1.00 -1.00 0 51.3 
382.60 -1.00 -1.00 0 51.3 
382.90 -1.00 -1.00 0 51.3 
383.23 -1.00 -1.00 0 51.3 
383.46 -1.00 -1.00 0 53.2 
383.72 -1.00 -1.00 0 53.2 
384.00 -1.00 -1.00 0 53.2 
384.28 -1.00 -1.00 0 53.1 
384.54 -1.00 -1.00 0 53.1 
384.84 -1.00 -1.00 0 53.1 
385.16 -1.00 -1.00 0 53.1 
385.44 -1.00 -1.00 0 53.8 
385.80 -1.00 -1.00 0 53.8 
386.15 -1.00 -1.00 0 53.8 
386.43 -1.00 -1.00 0 52.2 
386.79 -1.00 -1.00 0 52.2 
387.25 -1.00 -1.00 0 52.2 
387.48 -1.00 -1.00 1 52.5 
387.90 16.24 1.11 2 52.5 
388.33 15.97 1.09 1 52.5 
388.71 -1.00 -1.00 1 55.5 
389.10 16.00 1.04 2 55.5 
389.51 -1.00 -1.00 0 58.9 
389.72 -1.00 -1.00 0 58.9 
390.10 -1.00 -1.00 0 58.9 
390.41 -1.00 -1.00 0 63.8 
390.72 -1.00 -1.00 0 63.8 
391.04 -1.00 -1.00 0 63.8 
391.28 -1.00 -1.00 0 68.4 
391.47 -1.00 -1.00 0 68.4 
391.72 -1.00 -1.00 0 68.4 
392.06 -1.00 -1.00 0 68.4 
392.31 -1.00 -1.00 0 75.0 
392.61 -1.00 -1.00 0 75.0 
392.84 -1.00 -1.00 0 75.0 
393.18 -1.00 -1.00 0 75.0 
393.44 -1.00 -1.00 0 78.6 
393.71 -1.00 -1.00 0 78.6 
394.08 -1.00 -1.00 0 78.6 
394.34 -1.00 -1.00 0 82.5 
394.58 -1.00 -1.00 0 82.5 
394.86 -1.00 -1.00 0 82.5 
395.20 -1.00 -1.00 0 82.5 
395.46 -1.00 -1.00 0 88.2 
395.78 -1.00 -1.00 0 88.2 
396.11 -1.00 -1.00 0 88.2 
396.38 -1.00 -1.00 0 91.4 
396.80 -1.00 -1.00 0 91.4 
397.21 52.41 2.06 1 91.4 
397.48 52.06 1.98 1 94.7 
397.74 51.37 1.95 1 94.7 
398.04 50.38 1.91 1 94.7 
398.33 49.08 1.90 1 93.0 
398.62 47.50 1.84 1 93.0 
398.82 45.55 1.76 1 93.0 
399.17 43.54 1.69 1 93.0 
399.50 41.16 1.61 1 92.0 
399.70 38.45 1.50 1 92.0 
400.02 35.86 1.40 1 92.0 
400.28 33.12 1.37 1 86.7 
400.53 30.63 1.27 1 86.7 
400.77 28.08 1.17 1 86.7 
401.08 25.46 1.06 1 86.7 
401.32 23.29 0.99 1 84.7 
401.61 21.59 0.92 1 84.7 
401.89 19.62 0.83 1 84.7 
402.21 17.91 0.76 1 84.7 
402.50 16.21 0.73 1 79.7 
402.77 14.98 0.68 1 79.7 
403.17 13.46 0.61 1 79.7 
403.52 12.13 0.56 1 77.7 
403.82 11.26 0.52 1 77.7 
404.21 10.65 0.49 1 77.7 
404.56 10.12 0.50 1 72.4 
405.03 9.70 0.48 1 72.4 
405.38 9.25 0.48 1 68.9 
405.86 9.37 0.49 1 68.9 
406.33 9.38 0.49 1 68.9 
406.76 9.40 0.49 1 68.8 
407.12 9.49 0.50 1 68.8 
407.38 9.65 0.50 1 69.2 
407.71 9.76 0.51 1 69.2 
408.35 -1.00 -1.00 1 71.4 
408.68 -1.00 -1.00 1 71.4 
409.04 -1.00 -1.00 1 71.4 
409.31 10.08 0.51 1 71.5 
409.66 10.20 0.51 1 71.5 
410.02 10.02 0.50 1 71.5 
410.41 10.00 0.50 1 71.5 
410.69 -1.00 -1.00 1 71.7 
411.10 -1.00 -1.00 1 71.7 
411.61 -1.00 -1.00 1 70.5 
412.02 10.90 0.56 1 70.5 
412.34 11.01 0.57 1 69.9 
412.68 11.30 0.58 1 69.9 
413.06 11.30 0.58 1 69.9 
413.40 11.39 0.59 1 69.5 
413.73 11.44 0.59 1 69.5 
414.13 11.51 0.60 2 69.5 
414.48 12.23 0.62 2 70.7 
414.81 12.38 0.63 2 70.7 
415.13 12.44 0.63 2 70.7 
415.46 12.55 0.62 2 73.0 
415.70 12.81 0.63 2 73.0 
416.10 12.86 0.63 2 73.0 
416.50 13.05 0.62 2 75.3 
416.86 13.20 0.63 2 75.3 
417.25 13.32 0.64 2 75.3 
417.60 13.33 0.61 2 78.8 
418.41 -1.00 -1.00 1 81.0 
418.73 -1.00 -1.00 1 81.0 
419.08 -1.00 -1.00 1 81.0 
419.40 -1.00 -1.00 1 83.2 
419.70 -1.00 -1.00 1 83.2 
420.05 -1.00 -1.00 1 83.2 
420.38 -1.00 -1.00 1 80.5 
420.73 11.76 0.53 1 80.5 
421.12 11.52 0.52 1 80.5 
421.42 -1.00 -1.00 1 77.0 
421.69 11.37 0.53 1 77.0 
422.11 11.01 0.51 1 77.0 
422.44 11.23 0.53 1 76.6 
422.82 11.41 0.54 1 76.6 
423.20 11.69 0.55 1 76.6 
423.53 11.97 0.55 1 78.9 
423.86 -1.00 -1.00 1 78.9 
424.18 12.50 0.57 1 78.9 
424.51 12.65 0.58 1 78.2 
424.86 12.76 0.59 1 78.2 
425.15 13.03 0.60 1 78.2 
425.45 13.14 0.60 1 79.3 
425.83 13.22 0.60 1 79.3 
426.11 13.37 0.61 1 79.3 
426.43 13.49 0.61 1 79.9 
426.76 13.41 0.60 1 79.9 
427.19 13.20 0.59 1 79.9 
427.55 13.25 0.58 1 82.0 
428.42 12.67 0.53 1 85.4 
428.88 12.46 0.53 1 85.4 
429.30 12.07 0.51 1 85.4 
429.76 11.71 0.48 1 87.3 
430.18 -1.00 -1.00 1 87.3 
430.43 10.17 0.41 1 89.2 
430.81 9.44 0.38 1 89.2 
431.22 -1.00 -1.00 1 89.2 
431.61 -1.00 -1.00 0 89.9 
431.89 -1.00 -1.00 1 89.9 
432.24 -1.00 -1.00 0 89.9 
432.56 -1.00 -1.00 0 92.2 
432.85 -1.00 -1.00 0 92.2 
433.19 -1.00 -1.00 0 92.2 
433.48 -1.00 -1.00 0 93.8 
433.75 -1.00 -1.00 0 93.8 
434.09 48.04 1.84 1 93.8 
434.37 47.99 1.77 1 97.6 
434.70 47.98 1.77 1 97.6 
435.04 47.96 1.77 1 97.6 
435.34 48.36 1.72 1 101.3 
435.63 49.23 1.75 1 101.3 
436.07 50.16 1.78 1 101.3 
436.46 51.04 1.74 1 105.5 
436.85 51.87 1.77 1 105.5 
437.12 52.64 1.80 1 105.5 
437.50 53.34 1.76 1 108.9 
437.75 53.30 1.76 1 108.9 
438.20 -1.00 -1.00 0 108.9 
438.53 -1.00 -1.00 1 112.5 
438.89 -1.00 -1.00 1 112.5 
439.23 -1.00 -1.00 1 112.5 
439.56 -1.00 -1.00 1 115.2 
439.87 -1.00 -1.00 1 115.2 
440.23 -1.00 -1.00 1 115.2 
440.56 -1.00 -1.00 0 117.2 
440.91 -1.00 -1.00 0 117.2 
441.25 -1.00 -1.00 0 117.2 
441.51 -1.00 -1.00 0 119.3 
441.89 -1.00 -1.00 0 119.3 
442.19 -1.00 -1.00 0 119.3 
442.52 -1.00 -1.00 0 120.5 
442.82 -1.00 -1.00 0 120.5 
443.17 -1.00 -1.00 0 120.5 
443.44 -1.00 -1.00 0 120.8 
443.75 -1.00 -1.00 0 120.8 
444.07 -1.00 -1.00 0 120.8 
444.47 -1.00 -1.00 0 121.8 
444.90 -1.00 -1.00 0 121.8 
445.31 -1.00 -1.00 0 121.8 
445.61 -1.00 -1.00 0 123.7 
445.87 -1.00 -1.00 0 123.7 
446.20 -1.00 -1.00 0 123.7 
446.47 -1.00 -1.00 0 125.2 
446.78 -1.00 -1.00 0 125.2 
447.09 -1.00 -1.00 0 125.2 
447.41 -1.00 -1.00 0 126.5 
447.62 -1.00 -1.00 0 126.5 
447.91 -1.00 -1.00 0 126.5 
448.19 -1.00 -1.00 0 126.5 
448.48 -1.00 -1.00 0 127.9 
448.84 -1.00 -1.00 0 127.9 
449.21 -1.00 -1.00 0 127.9 
449.57 -1.00 -1.00 0 127.9 
449.95 -1.00 -1.00 0 127.9 
450.34 -1.00 -1.00 0 127.9 
450.67 -1.00 -1.00 0 128.8 
450.98 -1.00 -1.00 0 128.8 
451.31 -1.00 -1.00 0 130.0 
451.60 -1.00 -1.00 0 130.0 
452.02 -1.00 -1.00 0 130.0 
452.32 -1.00 -1.00 0 130.6 
452.61 -1.00 -1.00 0 130.6 
452.97 -1.00 -1.00 0 130.6 
453.33 -1.00 -1.00 0 130.6 
453.65 -1.00 -1.00 1 130.1 
454.01 -1.00 -1.00 0 130.1 
454.32 -1.00 -1.00 0 131.3 
454.70 -1.00 -1.00 0 131.3 
455.06 -1.00 -1.00 1 131.3 
455.60 -1.00 -1.00 0 131.9 
455.84 -1.00 -1.00 0 131.9 
456.19 -1.00 -1.00 0 131.9 
456.59 -1.00 -1.00 0 131.4 
456.90 57.65 1.58 1 131.4 
457.27 57.47 1.57 2 131.4 
457.58 57.23 1.56 2 131.9 
457.86 56.69 1.55 2 131.9 
458.20 56.76 1.55 2 131.9 
458.52 56.05 1.54 1 130.8 
458.80 55.35 1.52 2 130.8 
459.22 54.62 1.50 3 130.8 
459.62 53.91 1.48 1 131.6 
459.99 52.80 1.44 1 131.6 
460.25 51.77 1.41 1 132.6 
460.52 50.40 1.37 1 132.6 
460.84 48.76 1.32 1 132.6 
461.17 47.27 1.28 1 132.6 
461.42 45.93 1.25 1 131.8 
461.75 45.13 1.23 1 131.8 
462.05 43.99 1.20 1 131.8 
462.26 42.31 1.16 1 131.5 
462.52 40.51 1.11 1 131.5 
462.82 39.24 1.07 1 131.5 
463.22 37.82 1.04 1 131.5 
463.52 36.30 0.99 1 131.5 
463.84 34.73 0.95 2 131.5 
464.15 33.63 0.92 1 131.5 
464.45 32.20 0.88 1 131.3 
464.80 31.23 0.86 1 131.3 
465.11 29.53 0.81 2 131.3 
465.49 28.50 0.79 2 130.0 
465.79 27.23 0.75 2 130.0 
466.22 25.79 0.71 2 130.0 
466.49 24.61 0.69 2 129.3 
466.78 23.48 0.65 2 129.3 
467.18 22.75 0.63 2 129.3 
467.45 21.67 0.61 2 128.6 
467.82 20.66 0.58 2 128.6 
468.15 19.73 0.55 2 128.6 
468.44 18.86 0.53 2 128.8 
468.78 18.19 0.51 2 128.8 
469.15 17.83 0.50 3 128.8 
469.41 17.29 0.49 3 126.9 
469.76 16.75 0.48 3 126.9 
470.09 16.11 0.46 3 126.9 
470.47 15.64 0.45 3 125.4 
470.84 15.18 0.44 2 125.4 
471.24 14.86 0.43 2 125.4 
471.55 14.61 0.42 2 123.8 
471.85 14.14 0.41 2 123.8 
472.19 13.89 0.40 2 123.8 
472.43 13.82 0.40 2 124.0 
472.82 13.59 0.39 2 124.0 
473.19 13.41 0.39 2 124.0 
473.47 13.14 0.38 2 123.2 
473.75 13.03 0.38 2 123.2 
474.06 12.88 0.38 2 123.2 
474.45 -1.00 -1.00 2 121.9 
474.75 12.52 0.37 1 121.9 
475.03 12.21 0.36 1 121.9 
475.46 12.32 0.37 1 120.9 
475.78 12.69 0.38 1 120.9 
476.11 12.70 0.38 1 120.9 
476.44 12.70 0.38 1 120.5 
476.76 12.72 0.38 1 120.5 
477.19 12.84 0.38 1 120.5 
477.54 13.02 0.39 1 120.6 
477.79 13.17 0.39 1 120.6 
478.07 13.29 0.40 1 120.6 
478.36 13.39 0.40 1 120.7 
478.55 13.38 0.40 1 120.7 
478.82 13.57 0.40 1 120.7 
479.13 13.54 0.40 1 120.7 
479.41 13.61 0.40 1 121.0 
479.69 13.86 0.41 1 121.0 
480.02 13.87 0.41 1 121.0 
480.29 13.88 0.41 1 120.6 
480.54 13.71 0.41 1 120.6 
480.85 13.96 0.42 1 120.6 
481.16 13.96 0.42 1 120.6 
481.49 13.97 0.42 2 120.3 
481.85 13.80 0.41 2 120.3 
482.24 14.27 0.43 2 120.3 
482.58 14.63 0.44 2 120.3 
482.86 14.70 0.44 2 120.3 
483.26 15.08 0.45 2 120.3 
483.52 15.04 0.46 2 118.6 
483.85 15.23 0.46 2 118.6 
484.25 15.38 0.47 2 118.6 
484.56 15.99 0.48 2 120.2 
484.88 16.34 0.49 2 120.2 
485.28 16.36 0.49 2 120.2 
485.65 16.49 0.50 2 119.3 
486.03 16.37 0.49 2 119.3 
486.33 16.39 0.49 2 120.7 
486.66 16.65 0.50 2 120.7 
487.04 16.99 0.51 2 120.7 
487.39 17.00 0.51 2 120.5 
487.73 17.12 0.51 2 120.5 
488.11 17.10 0.51 2 120.5 
488.39 17.21 0.51 2 122.5 
488.77 17.16 0.50 2 122.5 
489.09 16.89 0.50 2 122.5 
489.41 16.79 0.49 2 124.3 
489.65 16.83 0.49 2 124.3 
490.06 17.11 0.50 2 124.3 
490.42 16.76 0.49 2 123.9 
490.77 16.68 0.48 2 123.9 
491.09 16.50 0.48 2 123.9 
491.41 16.26 0.48 2 123.0 
491.72 16.06 0.47 2 123.0 
492.06 16.01 0.47 2 123.0 
492.38 15.77 0.46 1 123.3 
492.64 15.38 0.45 1 123.3 
493.00 -1.00 -1.00 1 123.3 
493.29 -1.00 -1.00 1 126.3 
493.54 -1.00 -1.00 1 126.3 
493.87 -1.00 -1.00 1 126.3 
494.24 -1.00 -1.00 1 126.3 
494.59 -1.00 -1.00 1 128.5 
494.90 -1.00 -1.00 1 128.5 
495.29 -1.00 -1.00 1 128.5 
495.56 -1.00 -1.00 1 131.8 
495.89 -1.00 -1.00 1 131.8 
496.21 -1.00 -1.00 1 131.8 
496.47 -1.00 -1.00 1 132.8 
496.83 -1.00 -1.00 0 132.8 
497.16 -1.00 -1.00 0 132.8 
497.52 -1.00 -1.00 0 134.8 
497.73 -1.00 -1.00 0 134.8 
498.35 -1.00 -1.00 0 135.6 
498.56 -1.00 -1.00 0 135.6 
498.82 -1.00 -1.00 0 135.6 
499.15 -1.00 -1.00 0 135.6 
499.44 -1.00 -1.00 0 136.9 
499.69 -1.00 -1.00 0 136.9 
500.00 -1.00 -1.00 0 136.9 
500.26 -1.00 -1.00 0 137.8 
500.59 -1.00 -1.00 0 137.8 
500.92 -1.00 -1.00 0 137.8 
501.22 -1.00 -1.00 0 137.8 
501.51 -1.00 -1.00 0 138.6 
501.81 -1.00 -1.00 0 138.6 
502.14 -1.00 -1.00 0 138.6 
502.45 -1.00 -1.00 0 138.8 
502.67 -1.00 -1.00 0 138.8 
502.97 -1.00 -1.00 0 138.8 
503.26 -1.00 -1.00 0 139.6 
503.56 -1.00 -1.00 0 139.6 
503.87 -1.00 -1.00 0 139.6 
504.27 -1.00 -1.00 0 139.6 
504.63 -1.00 -1.00 1 140.1 
504.97 -1.00 -1.00 1 140.1 
505.44 -1.00 -1.00 1 140.1 
505.77 -1.00 -1.00 1 140.4 
506.15 -1.00 -1.00 1 140.4 
506.49 -1.00 -1.00 1 140.2 
506.86 -1.00 -1.00 1 140.2 
507.26 -1.00 -1.00 1 140.2 
507.65 -1.00 -1.00 0 140.8 
507.96 -1.00 -1.00 1 140.8 
508.25 -1.00 -1.00 0 140.7 
508.45 -1.00 -1.00 0 140.7 
508.74 -1.00 -1.00 0 140.7 
509.06 -1.00 -1.00 0 140.7 
509.33 -1.00 -1.00 1 140.5 
509.64 -1.00 -1.00 1 140.5 
510.07 -1.00 -1.00 1 140.5 
510.38 -1.00 -1.00 1 141.3 
510.74 -1.00 -1.00 1 141.3 
511.01 -1.00 -1.00 1 141.3 
511.34 -1.00 -1.00 1 141.0 
511.67 -1.00 -1.00 1 141.0 
511.98 -1.00 -1.00 1 141.0 
512.29 -1.00 -1.00 1 141.0 
512.56 -1.00 -1.00 1 141.0 
512.86 -1.00 -1.00 0 141.0 
513.18 -1.00 -1.00 0 141.0 
513.44 -1.00 -1.00 0 141.0 
513.67 -1.00 -1.00 0 141.0 
514.01 -1.00 -1.00 0 141.0 
514.33 -1.00 -1.00 0 140.4 
514.61 -1.00 -1.00 0 140.4 
514.96 -1.00 -1.00 0 140.4 
515.25 -1.00 -1.00 0 140.4 
515.55 -1.00 -1.00 0 142.0 
515.83 -1.00 -1.00 0 142.0 
516.11 -1.00 -1.00 0 142.0 
516.45 -1.00 -1.00 0 142.1 
516.77 -1.00 -1.00 0 142.1 
517.18 -1.00 -1.00 0 142.1 
517.43 -1.00 -1.00 0 141.1 
517.70 -1.00 -1.00 0 141.1 
518.36 -1.00 -1.00 0 142.6 
518.66 -1.00 -1.00 0 142.6 
519.09 -1.00 -1.00 0 142.6 
519.35 -1.00 -1.00 0 142.2 
519.61 -1.00 -1.00 0 142.2 
519.86 -1.00 -1.00 0 142.2 
520.17 -1.00 -1.00 0 142.2 
520.46 -1.00 -1.00 0 142.2 
520.74 -1.00 -1.00 0 142.2 
521.08 -1.00 -1.00 0 142.2 
521.42 -1.00 -1.00 0 142.1 
521.68 -1.00 -1.00 0 142.1 
521.96 -1.00 -1.00 0 142.1 
522.23 -1.00 -1.00 0 142.1 
522.57 -1.00 -1.00 0 141.2 
522.82 -1.00 -1.00 0 141.2 
523.17 -1.00 -1.00 0 141.2 
523.44 -1.00 -1.00 0 140.7 
523.72 -1.00 -1.00 0 140.7 
524.01 -1.00 -1.00 0 140.7 
524.30 -1.00 -1.00 0 140.1 
524.53 -1.00 -1.00 0 140.1 
524.81 -1.00 -1.00 0 140.1 
525.17 -1.00 -1.00 0 140.1 
525.47 -1.00 -1.00 0 139.8 
525.72 -1.00 -1.00 0 139.8 
526.01 -1.00 -1.00 0 139.8 
526.38 -1.00 -1.00 0 139.4 
526.65 -1.00 -1.00 0 139.4 
527.02 -1.00 -1.00 0 139.4 
527.35 -1.00 -1.00 0 138.0 
527.63 -1.00 -1.00 0 138.0 
528.25 -1.00 -1.00 0 136.6 
528.52 -1.00 -1.00 0 136.6 
528.86 -1.00 -1.00 0 136.6 
529.22 -1.00 -1.00 0 136.6 
529.47 -1.00 -1.00 0 137.2 
529.76 -1.00 -1.00 0 137.2 
530.15 -1.00 -1.00 0 137.2 
530.57 -1.00 -1.00 0 137.3 
530.87 -1.00 -1.00 0 137.3 
531.25 -1.00 -1.00 0 137.3 
531.52 -1.00 -1.00 0 137.7 
531.86 57.65 1.51 1 137.7 
532.23 57.46 1.50 1 137.7 
532.57 56.98 1.49 1 137.6 
532.99 56.17 1.47 1 137.6 
533.32 54.81 1.43 1 138.1 
533.66 53.16 1.39 1 138.1 
534.01 51.12 1.33 1 138.1 
534.31 48.68 1.26 1 138.7 
534.53 -1.00 -1.00 1 138.7 
534.75 -1.00 -1.00 1 138.7 
535.12 -1.00 -1.00 1 138.7 
535.36 -1.00 -1.00 1 138.7 
535.67 -1.00 -1.00 1 138.7 
536.04 -1.00 -1.00 0 138.7 
536.29 -1.00 -1.00 0 139.6 
536.59 -1.00 -1.00 0 139.6 
536.94 -1.00 -1.00 0 139.6 
537.22 -1.00 -1.00 0 139.6 
537.54 -1.00 -1.00 0 140.0 
537.86 -1.00 -1.00 0 140.0 
538.23 -1.00 -1.00 0 140.0 
538.48 -1.00 -1.00 0 140.7 
538.81 -1.00 -1.00 0 140.7 
539.15 -1.00 -1.00 0 140.7 
539.41 -1.00 -1.00 0 140.7 
539.74 -1.00 -1.00 0 140.7 
540.09 -1.00 -1.00 0 140.7 
540.36 -1.00 -1.00 0 141.4 
540.70 -1.00 -1.00 0 141.4 
540.96 -1.00 -1.00 0 141.4 
541.24 -1.00 -1.00 0 141.1 
541.58 -1.00 -1.00 0 141.1 
541.86 -1.00 -1.00 0 141.1 
542.15 -1.00 -1.00 0 141.1 
542.43 -1.00 -1.00 0 140.9 
542.72 -1.00 -1.00 1 140.9 
543.06 -1.00 -1.00 1 140.9 
543.33 -1.00 -1.00 1 141.7 
543.59 -1.00 -1.00 1 141.7 
543.90 -1.00 -1.00 1 141.7 
544.19 -1.00 -1.00 1 141.7 
544.43 -1.00 -1.00 1 141.6 
544.81 -1.00 -1.00 1 141.6 
545.15 -1.00 -1.00 2 141.6 
545.51 82.32 2.12 2 140.0 
545.82 81.96 2.11 1 140.0 
546.09 81.52 2.10 1 140.0 
546.46 81.55 2.09 1 140.4 
546.76 -1.00 -1.00 1 140.4 
547.06 -1.00 -1.00 1 140.4 
547.35 -1.00 -1.00 1 141.0 
547.63 -1.00 -1.00 1 141.0 
548.35 -1.00 -1.00 1 140.9 
548.66 -1.00 -1.00 1 140.9 
548.98 -1.00 -1.00 1 140.9 
549.31 -1.00 -1.00 1 140.9 
549.69 -1.00 -1.00 0 140.6 
549.97 -1.00 -1.00 0 140.6 
550.23 -1.00 -1.00 0 140.6 
550.60 -1.00 -1.00 0 139.9 
550.91 -1.00 -1.00 0 139.9 
551.31 -1.00 -1.00 0 139.9 
551.64 -1.00 -1.00 0 139.3 
551.88 -1.00 -1.00 0 139.3 
552.23 -1.00 -1.00 0 139.3 
552.55 -1.00 -1.00 0 138.4 
552.91 -1.00 -1.00 0 138.4 
553.22 -1.00 -1.00 0 138.4 
553.53 -1.00 -1.00 1 138.1 
553.82 -1.00 -1.00 1 138.1 
554.18 -1.00 -1.00 1 138.1 
554.57 -1.00 -1.00 0 137.1 
554.83 -1.00 -1.00 0 137.1 
555.18 -1.00 -1.00 0 137.1 
555.46 -1.00 -1.00 0 136.8 
555.79 -1.00 -1.00 0 136.8 
556.11 -1.00 -1.00 0 136.8 
556.36 -1.00 -1.00 0 135.5 
556.64 -1.00 -1.00 0 135.5 
556.94 -1.00 -1.00 0 135.5 
557.20 -1.00 -1.00 0 135.5 
557.47 -1.00 -1.00 0 134.7 
557.76 -1.00 -1.00 0 134.7 
558.12 -1.00 -1.00 0 134.7 
558.39 -1.00 -1.00 0 134.6 
558.69 -1.00 -1.00 0 134.6 
558.94 -1.00 -1.00 0 134.6 
559.26 -1.00 -1.00 0 134.6 
559.52 -1.00 -1.00 0 135.4 
559.82 -1.00 -1.00 0 135.4 
560.12 -1.00 -1.00 0 135.4 
560.37 -1.00 -1.00 0 135.4 
560.65 -1.00 -1.00 1 135.4 
561.00 -1.00 -1.00 1 135.4 
561.39 -1.00 -1.00 1 137.4 
561.71 -1.00 -1.00 1 137.4 
562.06 -1.00 -1.00 1 137.4 
562.35 -1.00 -1.00 1 137.0 
562.66 -1.00 -1.00 1 137.0 
562.96 -1.00 -1.00 1 137.0 
563.39 -1.00 -1.00 1 137.0 
563.67 -1.00 -1.00 1 137.4 
563.94 -1.00 -1.00 1 137.4 
564.28 -1.00 -1.00 1 137.4 
564.51 -1.00 -1.00 1 137.7 
564.86 -1.00 -1.00 1 137.7 
565.18 -1.00 -1.00 1 137.7 
565.51 -1.00 -1.00 1 138.2 
565.76 -1.00 -1.00 1 138.2 
566.12 -1.00 -1.00 1 138.2 
566.38 -1.00 -1.00 2 138.3 
566.72 -1.00 -1.00 2 138.3 
567.07 -1.00 -1.00 2 138.3 
567.39 -1.00 -1.00 1 138.5 
567.68 -1.00 -1.00 1 138.5 
568.36 -1.00 -1.00 1 138.3 
568.73 -1.00 -1.00 1 138.3 
569.12 -1.00 -1.00 1 138.3 
569.52 -1.00 -1.00 1 140.1 
569.86 -1.00 -1.00 0 140.1 
570.18 -1.00 -1.00 0 140.1 
570.47 -1.00 -1.00 1 139.1 
570.70 -1.00 -1.00 1 139.1 
571.08 -1.00 -1.00 0 139.1 
571.32 -1.00 -1.00 0 139.4 
571.64 -1.00 -1.00 0 139.4 
571.86 -1.00 -1.00 0 139.4 
572.25 -1.00 -1.00 0 139.4 
572.59 -1.00 -1.00 0 140.9 
572.84 -1.00 -1.00 0 140.9 
573.29 -1.00 -1.00 0 140.9 
573.61 -1.00 -1.00 0 141.1 
574.06 -1.00 -1.00 0 141.1 
574.37 -1.00 -1.00 0 140.9 
574.63 -1.00 -1.00 0 140.9 
574.93 -1.00 -1.00 0 140.9 
575.24 -1.00 -1.00 0 140.9 
575.51 -1.00 -1.00 0 141.6 
575.76 -1.00 -1.00 0 141.6 
576.15 -1.00 -1.00 0 141.6 
576.39 -1.00 -1.00 0 141.5 
576.63 -1.00 -1.00 0 141.5 
576.89 -1.00 -1.00 0 141.5 
577.24 -1.00 -1.00 0 141.5 
577.50 -1.00 -1.00 0 142.2 
577.79 -1.00 -1.00 0 142.2 
578.15 -1.00 -1.00 0 142.2 
578.44 -1.00 -1.00 0 142.0 
578.76 -1.00 -1.00 0 142.0 
579.06 -1.00 -1.00 0 142.0 
579.35 -1.00 -1.00 0 142.4 
579.62 -1.00 -1.00 0 142.4 
580.01 -1.00 -1.00 0 142.4 
580.28 -1.00 -1.00 0 142.8 
580.64 -1.00 -1.00 0 142.8 
581.04 -1.00 -1.00 0 142.8 
581.31 -1.00 -1.00 0 142.1 
581.60 -1.00 -1.00 0 142.1 
582.01 -1.00 -1.00 0 142.1 
582.35 -1.00 -1.00 0 142.5 
582.65 -1.00 -1.00 0 142.5 
582.95 -1.00 -1.00 0 142.5 
583.43 -1.00 -1.00 0 142.5 
583.77 -1.00 -1.00 0 142.0 
584.08 -1.00 -1.00 0 142.0 
584.48 -1.00 -1.00 0 142.5 
584.85 -1.00 -1.00 0 142.5 
585.30 -1.00 -1.00 0 142.5 
585.70 -1.00 -1.00 0 142.5 
586.05 -1.00 -1.00 0 142.5 
586.36 -1.00 -1.00 0 142.2 
586.64 -1.00 -1.00 0 142.2 
587.06 -1.00 -1.00 0 142.2 
587.37 -1.00 -1.00 0 141.8 
587.74 -1.00 -1.00 0 141.8 
588.39 -1.00 -1.00 0 142.0 
588.68 -1.00 -1.00 0 142.0 
589.09 -1.00 -1.00 0 142.0 
589.48 -1.00 -1.00 0 141.8 
589.79 -1.00 -1.00 0 141.8 
590.14 -1.00 -1.00 0 141.8 
590.47 -1.00 -1.00 0 141.6 
590.78 -1.00 -1.00 0 141.6 
591.16 -1.00 -1.00 0 141.6 
591.53 -1.00 -1.00 0 141.0 
591.86 -1.00 -1.00 0 141.0 
592.22 -1.00 -1.00 0 141.0 
592.47 -1.00 -1.00 0 141.2 
592.79 -1.00 -1.00 0 141.2 
593.08 -1.00 -1.00 0 141.2 
593.36 -1.00 -1.00 0 141.3 
593.63 -1.00 -1.00 0 141.3 
593.95 -1.00 -1.00 0 141.3 
594.30 -1.00 -1.00 0 141.3 
594.62 -1.00 -1.00 0 141.0 
594.90 -1.00 -1.00 0 141.0 
595.20 -1.00 -1.00 0 141.0 
595.57 -1.00 -1.00 0 140.3 
595.86 -1.00 -1.00 0 140.3 
596.21 -1.00 -1.00 0 140.3 
596.61 -1.00 -1.00 0 140.0 
597.02 -1.00 -1.00 0 140.0 
597.35 -1.00 -1.00 0 139.3 
597.69 -1.00 -1.00 1 139.3 
597.96 -1.00 -1.00 1 139.3 
598.30 -1.00 -1.00 1 139.3 
598.59 -1.00 -1.00 1 138.4 
599.06 -1.00 -1.00 1 138.4 
599.46 -1.00 -1.00 0 138.2 
599.75 -1.00 -1.00 0 138.2 
600.21 -1.00 -1.00 0 138.2 
600.51 -1.00 -1.00 0 138.2 
600.93 -1.00 -1.00 0 138.2 
601.25 -1.00 -1.00 0 138.2 
601.54 -1.00 -1.00 0 137.1 
601.79 -1.00 -1.00 0 137.1 
602.12 -1.00 -1.00 0 137.1 
602.45 -1.00 -1.00 0 136.8 
602.76 -1.00 -1.00 0 136.8 
603.07 -1.00 -1.00 0 136.8 
603.39 -1.00 -1.00 0 136.2 
603.72 -1.00 -1.00 0 136.2 
604.02 -1.00 -1.00 0 136.2 
604.37 -1.00 -1.00 0 135.5 
604.62 -1.00 -1.00 0 135.5 
604.91 -1.00 -1.00 0 135.5 
605.26 -1.00 -1.00 0 135.5 
605.54 -1.00 -1.00 0 135.4 
605.86 -1.00 -1.00 0 135.4 
606.19 -1.00 -1.00 0 135.4 
606.44 -1.00 -1.00 0 134.7 
606.72 -1.00 -1.00 0 134.7 
607.05 -1.00 -1.00 0 134.7 
607.36 -1.00 -1.00 0 134.4 
607.65 -1.00 -1.00 0 134.4 
607.93 -1.00 -1.00 0 134.4 
608.27 -1.00 -1.00 0 134.4 
608.55 -1.00 -1.00 0 133.3 
608.86 -1.00 -1.00 0 133.3 
609.25 -1.00 -1.00 0 133.3 
609.62 -1.00 -1.00 0 134.0 
609.89 -1.00 -1.00 0 134.0 
610.20 -1.00 -1.00 0 134.0 
610.49 -1.00 -1.00 0 133.4 
610.75 -1.00 -1.00 0 133.4 
611.12 -1.00 -1.00 0 133.4 
611.41 -1.00 -1.00 0 132.8 
611.78 -1.00 -1.00 0 132.8 
612.14 -1.00 -1.00 0 132.8 
612.48 -1.00 -1.00 0 132.9 
612.72 -1.00 -1.00 0 132.9 
613.04 -1.00 -1.00 0 132.9 
613.37 -1.00 -1.00 0 131.9 
613.65 -1.00 -1.00 0 131.9 
614.04 -1.00 -1.00 0 131.9 
614.38 -1.00 -1.00 0 132.4 
614.75 -1.00 -1.00 0 132.4 
615.10 -1.00 -1.00 0 132.4 
615.47 -1.00 -1.00 0 132.7 
615.70 -1.00 -1.00 0 132.7 
616.00 -1.00 -1.00 0 132.7 
616.32 -1.00 -1.00 0 131.7 
616.67 -1.00 -1.00 0 131.7 
616.97 -1.00 -1.00 0 131.7 
617.27 -1.00 -1.00 0 131.7 
617.58 -1.00 -1.00 0 131.7 
618.31 -1.00 -1.00 0 131.2 
618.60 -1.00 -1.00 0 131.2 
618.88 -1.00 -1.00 0 131.2 
619.14 -1.00 -1.00 0 131.2 
619.50 -1.00 -1.00 0 131.1 
619.85 -1.00 -1.00 0 131.1 
620.18 -1.00 -1.00 0 131.1 
620.55 -1.00 -1.00 0 131.7 
620.85 -1.00 -1.00 0 131.7 
621.19 -1.00 -1.00 0 131.7 
621.52 -1.00 -1.00 0 132.8 
622.04 -1.00 -1.00 0 132.8 
622.49 -1.00 -1.00 0 135.0 
622.77 -1.00 -1.00 0 135.0 
623.11 -1.00 -1.00 0 135.0 
623.38 -1.00 -1.00 0 132.3 
623.72 -1.00 -1.00 0 132.3 
624.06 -1.00 -1.00 0 132.3 
624.48 -1.00 -1.00 0 132.7 
624.81 -1.00 -1.00 0 132.7 
625.26 -1.00 -1.00 0 132.7 
625.62 -1.00 -1.00 0 133.4 
626.07 -1.00 -1.00 0 133.4 
626.42 -1.00 -1.00 0 133.4 
626.68 -1.00 -1.00 0 133.4 
627.13 -1.00 -1.00 0 133.4 
627.50 -1.00 -1.00 0 132.9 
627.84 -1.00 -1.00 0 132.9 
628.43 -1.00 -1.00 0 132.6 
628.82 -1.00 -1.00 0 132.6 
629.13 -1.00 -1.00 0 132.6 
629.46 -1.00 -1.00 0 134.5 
629.76 -1.00 -1.00 0 134.5 
630.15 -1.00 -1.00 0 134.5 
630.48 -1.00 -1.00 0 136.8 
630.84 -1.00 -1.00 0 136.8 
631.24 -1.00 -1.00 1 136.8 
631.69 -1.00 -1.00 1 137.7 
632.01 -1.00 -1.00 0 137.7 
632.40 -1.00 -1.00 0 139.2 
632.78 -1.00 -1.00 0 139.2 
633.16 -1.00 -1.00 0 139.2 
633.41 -1.00 -1.00 0 140.4 
633.69 -1.00 -1.00 0 140.4 
633.95 -1.00 -1.00 0 140.4 
634.26 -1.00 -1.00 0 141.3 
634.62 -1.00 -1.00 0 141.3 
635.00 -1.00 -1.00 0 141.3 
635.32 -1.00 -1.00 0 142.2 
635.68 -1.00 -1.00 0 142.2 
635.98 -1.00 -1.00 0 142.2 
636.38 -1.00 -1.00 0 145.4 
636.64 -1.00 -1.00 0 145.4 
636.92 -1.00 -1.00 0 145.4 
637.29 -1.00 -1.00 0 145.4 
637.59 -1.00 -1.00 0 145.8 
638.32 -1.00 -1.00 0 147.4 
638.65 -1.00 -1.00 0 147.4 
638.98 -1.00 -1.00 0 147.4 
639.28 -1.00 -1.00 0 148.8 
639.56 -1.00 -1.00 0 148.8 
639.98 -1.00 -1.00 0 148.8 
640.29 -1.00 -1.00 0 148.0 
640.70 -1.00 -1.00 0 148.0 
641.14 -1.00 -1.00 0 148.0 
641.46 -1.00 -1.00 0 148.1 
641.71 -1.00 -1.00 0 148.1 
642.06 -1.00 -1.00 0 148.1 
642.46 -1.00 -1.00 0 146.5 
642.75 -1.00 -1.00 0 146.5 
643.07 -1.00 -1.00 0 146.5 
643.40 -1.00 -1.00 1 144.7 
643.67 192.17 4.78 2 144.7 
644.10 192.17 4.78 2 144.7 
644.50 191.03 4.75 1 144.8 
644.81 188.90 4.70 1 144.8 
645.21 186.08 4.63 1 144.8 
645.59 52.41 1.33 2 142.3 
645.90 52.27 1.32 2 142.3 
646.34 52.52 1.33 2 142.3 
646.73 51.60 1.32 2 140.4 
647.14 50.33 1.29 1 140.4 
647.41 48.82 1.27 2 138.2 
648.45 -1.00 -1.00 0 138.5 
648.78 21.35 0.56 1 138.5 
649.21 -1.00 -1.00 1 138.5 
649.43 -1.00 -1.00 1 136.5 
649.82 -1.00 -1.00 1 136.5 
650.18 -1.00 -1.00 1 136.5 
650.49 -1.00 -1.00 1 137.8 
650.89 -1.00 -1.00 1 137.8 
651.32 -1.00 -1.00 1 137.8 
651.67 -1.00 -1.00 0 140.4 
652.11 -1.00 -1.00 0 140.4 
652.35 -1.00 -1.00 0 139.4 
652.65 -1.00 -1.00 0 139.4 
652.97 -1.00 -1.00 0 139.4 
653.30 -1.00 -1.00 0 139.9 
653.61 -1.00 -1.00 0 139.9 
653.82 -1.00 -1.00 0 139.9 
654.19 -1.00 -1.00 0 139.9 
654.47 -1.00 -1.00 0 140.2 
654.85 -1.00 -1.00 0 140.2 
655.07 -1.00 -1.00 0 140.2 
655.39 -1.00 -1.00 0 140.3 
655.68 -1.00 -1.00 0 140.3 
656.00 -1.00 -1.00 0 140.3 
656.33 -1.00 -1.00 0 140.3 
656.63 -1.00 -1.00 0 140.3 
657.05 -1.00 -1.00 0 140.3 
657.37 -1.00 -1.00 0 140.2 
657.75 -1.00 -1.00 0 140.2 
658.08 -1.00 -1.00 1 140.2 
658.39 -1.00 -1.00 1 140.3 
658.71 -1.00 -1.00 1 140.3 
659.15 -1.00 -1.00 1 140.3 
659.44 -1.00 -1.00 1 139.9 
659.79 -1.00 -1.00 1 139.9 
660.28 -1.00 -1.00 1 139.9 
660.69 -1.00 -1.00 0 139.5 
661.12 -1.00 -1.00 0 139.5 
661.45 -1.00 -1.00 0 139.8 
661.71 -1.00 -1.00 0 139.8 
662.10 -1.00 -1.00 0 139.8 
662.40 -1.00 -1.00 0 139.2 
662.67 -1.00 -1.00 0 139.2 
663.03 -1.00 -1.00 0 139.2 
663.33 -1.00 -1.00 0 139.8 
663.74 -1.00 -1.00 0 139.8 
664.01 -1.00 -1.00 0 139.8 
664.26 -1.00 -1.00 0 139.5 
664.61 -1.00 -1.00 0 139.5 
664.96 -1.00 -1.00 0 139.5 
665.27 -1.00 -1.00 0 138.5 
665.49 -1.00 -1.00 0 138.5 
665.79 57.65 1.50 1 138.5 
666.15 57.32 1.49 1 138.5 
666.46 57.10 1.49 1 138.1 
666.79 56.81 1.48 1 138.1 
667.12 56.19 1.46 1 138.1 
667.39 56.32 1.48 1 137.1 
667.73 55.24 1.45 1 137.1 
668.29 53.45 1.41 1 136.5 
668.75 52.86 1.39 1 136.5 
669.12 51.49 1.36 1 136.5 
669.53 50.21 1.32 1 136.5 
669.78 49.01 1.29 1 136.5 
670.13 47.59 1.26 1 136.5 
670.50 45.96 1.22 1 136.0 
670.82 44.84 1.19 1 136.0 
671.25 -1.00 -1.00 1 136.0 
671.58 41.73 1.12 1 134.7 
671.86 40.44 1.08 2 134.7 
672.20 38.54 1.03 2 134.7 
672.49 36.83 0.99 2 134.0 
672.91 35.61 0.96 2 134.0 
673.29 34.07 0.92 2 134.0 
673.76 32.53 0.88 2 133.7 
674.13 31.43 0.85 2 133.7 
674.45 29.88 0.81 2 132.3 
674.73 28.56 0.78 2 132.3 
675.06 27.47 0.75 2 132.3 
675.42 26.03 0.72 2 129.9 
675.64 24.69 0.68 2 129.9 
676.11 23.73 0.66 2 129.9 
676.50 22.65 0.64 1 128.1 
676.87 21.77 0.61 2 128.1 
677.27 20.92 0.59 1 128.1 
677.67 20.11 0.57 1 126.5 
678.32 18.71 0.53 1 126.5 
678.72 18.09 0.51 1 126.5 
679.12 17.75 0.51 1 126.5 
679.44 17.51 0.51 1 124.3 
679.80 17.32 0.50 2 124.3 
680.20 16.92 0.49 2 124.3 
680.55 16.87 0.49 2 124.4 
680.98 16.59 0.48 2 124.4 
681.31 16.38 0.48 1 123.7 
681.60 16.23 0.47 1 123.7 
681.91 16.37 0.48 1 123.7 
682.41 16.23 0.47 2 123.7 
682.88 16.14 0.47 2 123.3 
683.41 16.06 0.47 2 123.3 
683.86 16.01 0.47 2 122.9 
684.38 15.97 0.47 2 122.9 
684.84 15.84 0.46 2 123.7 
685.13 15.64 0.45 2 123.7 
685.43 15.49 0.45 2 125.2 
685.72 15.48 0.44 2 125.2 
686.13 15.27 0.44 2 125.2 
686.44 14.50 0.41 2 126.5 
686.99 14.35 0.41 2 126.5 
687.27 14.54 0.40 2 131.0 
687.57 14.58 0.40 3 131.0 
687.84 14.24 0.39 3 131.0 
688.24 14.16 0.39 3 131.0 
688.72 13.84 0.40 2 126.1 
689.12 13.52 0.39 2 126.1 
689.49 13.45 0.38 2 126.0 
689.92 13.15 0.38 1 126.0 
690.38 12.87 0.37 1 126.0 
690.70 12.64 0.36 1 125.7 
691.06 12.41 0.36 1 125.7 
691.43 12.40 0.36 1 125.1 
691.76 12.24 0.35 1 125.1 
692.16 12.27 0.35 1 125.1 
692.46 12.15 0.35 1 124.8 
692.86 11.99 0.35 2 124.8 
693.34 12.02 0.35 2 124.8 
693.71 12.13 0.35 1 124.1 
694.13 11.94 0.35 2 124.1 
694.42 11.79 0.34 2 124.7 
694.72 11.83 0.34 2 124.7 
695.12 11.71 0.34 2 124.7 
695.44 11.71 0.34 2 124.9 
695.84 11.64 0.34 2 124.9 
696.19 11.58 0.33 2 124.9 
696.52 11.55 0.33 2 126.4 
696.77 11.40 0.32 2 126.4 
697.15 11.43 0.33 2 126.4 
697.49 11.45 0.34 1 122.7 
697.78 11.47 0.34 1 122.7 
698.17 11.49 0.34 1 122.7 
698.47 11.65 0.34 1 123.5 
698.82 11.62 0.34 1 123.5 
699.19 11.69 0.34 1 123.5 
699.49 11.73 0.34 1 123.0 
699.78 11.85 0.35 2 123.0 
700.14 11.93 0.35 2 123.0 
700.44 -1.00 -1.00 2 122.5 
700.88 -1.00 -1.00 2 122.5 
701.22 12.38 0.36 2 122.5 
701.51 12.49 0.37 2 122.7 
701.93 -1.00 -1.00 2 122.7 
702.28 12.78 0.37 2 122.7 
702.58 12.81 0.38 2 122.7 
702.97 13.07 0.38 2 122.7 
703.37 13.10 0.39 2 122.0 
703.86 13.29 0.39 1 122.0 
704.31 13.28 0.39 1 122.0 
704.62 13.42 0.39 1 123.0 
704.97 13.46 0.39 1 123.0 
705.30 13.58 0.40 1 122.9 
705.66 13.76 0.40 1 122.9 
706.02 13.80 0.40 1 122.9 
706.37 13.84 0.41 1 122.8 
706.72 13.95 0.41 1 122.8 
707.12 14.14 0.41 1 122.8 
707.45 14.29 0.42 2 121.9 
707.88 14.61 0.43 1 121.9 
708.41 15.14 0.45 1 120.6 
708.73 15.37 0.46 1 120.6 
709.03 15.45 0.46 1 120.6 
709.34 15.84 0.48 1 118.9 
709.67 16.15 0.49 1 118.9 
709.99 16.38 0.50 1 118.9 
710.35 -1.00 -1.00 1 119.4 
710.63 -1.00 -1.00 1 119.4 
710.93 -1.00 -1.00 1 119.4 
711.32 -1.00 -1.00 1 119.4 
711.65 -1.00 -1.00 1 118.9 
712.02 -1.00 -1.00 1 118.9 
712.35 -1.00 -1.00 1 116.5 
712.67 -1.00 -1.00 1 116.5 
712.93 -1.00 -1.00 1 116.5 
713.26 -1.00 -1.00 1 114.2 
713.63 -1.00 -1.00 1 114.2 
714.00 -1.00 -1.00 1 114.2 
714.28 -1.00 -1.00 1 112.3 
714.64 -1.00 -1.00 1 112.3 
715.04 -1.00 -1.00 1 112.3 
715.38 -1.00 -1.00 1 110.7 
715.68 -1.00 -1.00 0 110.7 
716.02 -1.00 -1.00 0 110.7 
716.50 -1.00 -1.00 0 109.8 
717.05 16.47 0.54 1 109.8 
717.43 -1.00 -1.00 1 110.0 
717.72 -1.00 -1.00 0 110.0 
718.46 -1.00 -1.00 0 112.0 
718.80 -1.00 -1.00 1 112.0 
719.32 -1.00 -1.00 1 112.0 
719.67 -1.00 -1.00 1 113.1 
720.11 -1.00 -1.00 1 113.1 
720.41 -1.00 -1.00 1 113.5 
720.83 -1.00 -1.00 1 113.5 
721.17 -1.00 -1.00 1 113.5 
721.54 -1.00 -1.00 1 107.3 
721.87 -1.00 -1.00 1 107.3 
722.21 -1.00 -1.00 1 107.3 
722.59 -1.00 -1.00 1 101.7 
722.90 -1.00 -1.00 1 101.7 
723.34 -1.00 -1.00 1 101.7 
723.76 -1.00 -1.00 1 95.0 
724.07 -1.00 -1.00 1 95.0 
724.59 -1.00 -1.00 1 90.3 
725.03 -1.00 -1.00 1 90.3 
725.43 -1.00 -1.00 1 88.0 
725.76 -1.00 -1.00 1 88.0 
726.24 -1.00 -1.00 1 88.0 
726.57 -1.00 -1.00 1 87.4 
727.00 20.11 0.83 1 87.4 
727.39 -1.00 -1.00 1 86.6 
727.81 21.15 0.88 1 86.6 
728.57 22.12 0.92 1 86.8 
729.13 22.70 0.94 1 86.8 
729.60 23.16 0.96 1 87.0 
730.08 21.01 0.87 1 87.0 
730.45 19.94 0.83 1 86.5 
730.85 18.85 0.78 1 86.5 
731.30 20.85 0.87 1 86.5 
731.69 22.27 0.94 1 85.8 
732.18 24.34 1.02 1 85.8 
732.59 21.73 0.93 1 84.4 
733.08 -1.00 -1.00 1 84.4 
733.47 18.07 0.78 1 83.5 
733.77 15.95 0.69 1 83.5 
734.24 13.96 0.60 1 83.5 
734.59 12.50 0.53 1 84.5 
735.00 11.70 0.50 1 84.5 
735.41 11.18 0.47 1 85.9 
735.80 10.88 0.46 1 85.9 
736.18 10.74 0.45 1 85.9 
736.47 10.58 0.46 1 82.7 
736.77 10.54 0.46 1 82.7 
737.14 10.52 0.46 1 82.7 
737.49 10.51 0.45 1 83.6 
737.84 10.52 0.45 1 83.6 
738.20 10.47 0.45 1 83.6 
738.62 10.65 0.46 1 83.2 
738.97 11.76 0.51 1 83.2 
739.30 11.97 0.52 1 83.5 
739.70 12.13 0.52 1 83.5 
740.10 12.34 0.53 2 83.5 
740.47 12.58 0.54 2 83.8 
740.84 12.70 0.55 2 83.8 
741.24 12.80 0.55 2 83.8 
741.57 12.80 0.55 2 83.4 
741.86 14.82 0.64 2 83.4 
742.28 19.95 0.86 2 83.4 
742.72 21.88 0.95 2 83.1 
743.10 24.44 1.06 2 83.1 
743.50 26.19 1.15 2 82.2 
743.89 27.67 1.21 1 82.2 
744.25 28.92 1.27 1 82.2 
744.75 31.13 1.38 1 81.1 
745.17 31.23 1.39 1 81.1 
745.65 32.20 1.43 1 81.0 
