8.94 95.3 40.505821 -3.361932 604.7 6 5 260.5 0.352 0 0 0 
9.92 97.6 40.505779 -3.362244 605.4 6 5 258.4 2.461 0 0 0 
10.98 101.8 40.505665 -3.362900 606.4 4 5 255.2 3.164 0 0 0 
11.93 101.8 40.505665 -3.362900 606.4 4 5 255.2 3.164 0 0 0 
12.99 101.9 40.505520 -3.363543 607.0 4 5 252.1 3.164 0 0 0 
14.01 105.3 40.505436 -3.363870 607.4 4 5 250.3 3.164 0 0 0 
14.99 107.5 40.505341 -3.364200 608.9 4 5 248.9 3.516 0 0 0 
15.93 107.5 40.505341 -3.364200 608.9 4 5 248.9 3.164 0 0 0 
16.97 109.1 40.505234 -3.364536 608.2 4 5 245.7 4.570 2 0 0 
17.94 111.7 40.505116 -3.364861 608.7 4 5 243.3 5.625 0 0 0 
18.97 112.6 40.504982 -3.365192 609.1 4 5 241.9 3.867 0 0 0 
19.97 116.1 40.504841 -3.365530 608.7 4 5 240.8 2.461 0 0 0 
20.93 118.2 40.504684 -3.365855 609.1 4 5 239.4 2.461 0 0 0 
21.92 120.6 40.504528 -3.366187 609.8 4 5 238.0 2.812 0 0 0 
22.94 122.2 40.504345 -3.366546 609.4 4 5 237.7 1.758 0 0 0 
23.99 128.2 40.504002 -3.367247 609.5 4 5 236.5 0.557 0 0 0 
24.95 128.2 40.504002 -3.367247 609.5 4 5 236.5 1.667 0 0 0 
26.02 129.7 40.503822 -3.367608 609.4 4 5 236.5 1.667 0 0 0 
26.92 130.4 40.503643 -3.367971 608.7 4 5 236.5 0 0 0 0 
27.98 133.7 40.503273 -3.368702 607.8 4 5 237.5 0.959 1 0 0 
28.93 133.7 40.503273 -3.368702 607.8 4 5 237.5 0.959 1 0 0 
29.93 134.2 40.503098 -3.369068 608.2 4 5 237.5 0 0 0 0 
30.93 133.6 40.502914 -3.369452 606.7 4 5 236.7 0.765 0 0 0 
31.93 133.3 40.502735 -3.369821 609.1 4 5 237.0 0.496 0 0 0 
32.92 133.6 40.502552 -3.370179 605.9 4 5 237.0 0.270 0 0 0 
33.92 132.8 40.502373 -3.370542 606.3 4 5 237.4 0.365 0 0 0 
34.91 132.6 40.502190 -3.370910 605.5 4 5 237.3 0.291 2 0 0 
35.93 133.5 40.502007 -3.371268 605.0 4 5 235.9 1.476 0 1 0 
36.94 134.8 40.501812 -3.371636 604.9 3 5 235.5 1.754 0 1 0 
37.94 135.3 40.501633 -3.372004 605.2 3 5 236.2 0.703 0 1 0 
39.03 137.3 40.501259 -3.372752 605.3 4 5 237.0 1.406 0 1 0 
39.91 137.3 40.501259 -3.372752 605.3 4 5 237.0 0.703 0 1 0 
40.94 138.3 40.501076 -3.373120 605.6 4 5 237.0 0 0 1 0 
41.92 139.4 40.500881 -3.373504 603.5 4 5 237.0 0 0 1 0 
42.94 140.3 40.500702 -3.373881 605.0 4 5 237.0 0 0 1 0 
43.97 141.0 40.500511 -3.374271 605.4 3 5 237.3 0.352 0 1 0 
44.96 140.9 40.500320 -3.374663 604.2 3 5 237.3 0.352 0 1 0 
45.95 140.9 40.500122 -3.375053 604.2 3 5 236.6 0.703 0 1 0 
46.91 143.0 40.499928 -3.375443 603.8 4 5 236.6 0.703 0 1 0 
47.92 143.3 40.499729 -3.375841 603.9 3 5 236.6 0 0 1 0 
48.92 143.5 40.499535 -3.376237 601.6 4 5 237.7 1.055 2 1 0 
49.92 143.9 40.499348 -3.376637 601.5 3 5 237.7 1.055 0 1 0 
50.94 140.7 40.499157 -3.377034 601.0 4 5 237.7 0 0 1 0 
51.93 144.5 40.498966 -3.377432 600.3 4 5 237.0 0.703 1 1 0 
52.95 144.6 40.498562 -3.378231 599.6 4 5 236.6 0.352 0 1 0 
53.93 144.6 40.498562 -3.378231 599.6 4 5 236.6 0.352 0 1 0 
55.01 144.6 40.498154 -3.379021 600.2 4 5 236.2 0 0 1 0 
55.92 144.6 40.498154 -3.379021 600.2 4 5 236.2 0.352 1 1 0 
56.91 142.4 40.497959 -3.379415 598.8 4 5 236.2 0.352 0 1 0 
57.92 142.0 40.497757 -3.379805 600.8 3 5 235.9 0.352 0 1 0 
58.92 140.9 40.497551 -3.380196 597.5 3 5 236.2 0.352 0 1 0 
59.91 138.5 40.497353 -3.380581 598.3 3 5 236.6 0.703 0 1 0 
60.92 138.1 40.497158 -3.380952 598.1 3 5 236.6 0.352 0 1 0 
61.92 139.0 40.496967 -3.381336 597.0 3 5 236.2 0.352 0 1 0 
62.98 137.8 40.496590 -3.382094 598.7 3 5 236.2 0.352 0 1 0 
63.92 137.8 40.496590 -3.382094 598.7 3 5 236.2 0 0 1 0 
64.92 137.1 40.496391 -3.382472 595.8 3 5 236.2 0 0 1 0 
65.94 136.0 40.496201 -3.382844 596.5 3 5 235.9 0.352 0 1 0 
66.98 135.8 40.495811 -3.383575 596.4 3 5 234.5 1.406 0 1 0 
67.92 135.8 40.495811 -3.383575 596.4 3 5 234.5 1.406 0 1 0 
68.95 133.0 40.495415 -3.384284 596.0 3 5 233.8 0.703 0 1 0 
69.95 133.0 40.495216 -3.384636 596.0 3 5 233.8 0.352 0 1 0 
70.91 133.0 40.495216 -3.384636 596.0 3 5 233.8 0.352 0 1 0 
71.92 133.8 40.495037 -3.384963 595.6 3 5 232.7 1.055 0 1 0 
72.93 134.7 40.494850 -3.385295 595.3 3 5 232.4 1.406 0 1 0 
74.03 134.6 40.494419 -3.386005 594.8 3 5 231.3 0.703 0 1 0 
74.93 134.6 40.494419 -3.386005 594.8 3 5 231.3 1.055 0 1 0 
75.93 134.9 40.494209 -3.386345 594.8 3 5 231.0 1.055 0 1 0 
76.92 135.0 40.493988 -3.386697 594.8 3 5 230.6 0.703 0 0 0 
77.92 135.3 40.493774 -3.387037 594.7 3 5 230.3 0.703 0 0 0 
78.93 134.5 40.493561 -3.387373 593.5 3 5 229.9 0.703 0 0 0 
79.99 132.1 40.493130 -3.388036 592.8 3 5 229.2 0.703 0 0 0 
80.97 132.1 40.493130 -3.388036 592.8 3 5 229.2 0.703 0 0 0 
81.91 131.2 40.492905 -3.388362 592.3 4 5 228.5 1.055 0 0 0 
82.91 131.2 40.492687 -3.388684 591.9 4 5 228.5 0.703 2 0 0 
84.00 132.2 40.492237 -3.389315 593.2 4 5 225.7 1.406 0 1 0 
85.00 131.8 40.492004 -3.389626 591.5 4 5 225.7 1.406 0 1 0 
85.97 133.0 40.491779 -3.389941 592.0 4 5 226.1 1.406 0 1 0 
86.92 133.0 40.491779 -3.389941 592.0 4 5 226.1 0.352 0 0 0 
87.93 133.7 40.491550 -3.390254 591.9 4 5 226.1 0.352 0 0 0 
88.95 134.0 40.491322 -3.390569 592.1 4 5 226.1 0 0 0 0 
89.96 134.4 40.491085 -3.390886 593.5 4 5 226.1 0 0 0 0 
90.93 134.5 40.490856 -3.391199 592.0 4 5 226.1 0 0 0 0 
92.03 134.7 40.490383 -3.391839 590.5 4 5 226.4 0.352 0 0 0 
93.00 134.6 40.490147 -3.392163 590.5 4 5 226.1 0.352 0 0 0 
93.93 134.6 40.490147 -3.392163 590.5 4 5 226.1 0.352 0 0 0 
94.93 135.1 40.489914 -3.392485 589.8 6 5 226.1 0.352 0 0 0 
95.95 135.3 40.489674 -3.392807 590.0 6 5 226.1 0 0 0 0 
96.94 135.9 40.489445 -3.393128 590.5 6 5 225.4 0.703 0 0 0 
97.94 135.4 40.489204 -3.393444 589.5 4 5 226.1 0.703 0 0 0 
98.91 136.2 40.488968 -3.393768 589.7 4 5 226.1 0.703 0 0 0 
100.00 136.9 40.488495 -3.394418 589.6 4 5 226.1 0.352 0 0 0 
100.96 136.9 40.488495 -3.394418 589.6 4 5 226.1 0.352 1 0 0 
101.94 137.2 40.488262 -3.394751 589.0 4 5 226.1 0.352 0 0 0 
102.94 137.3 40.488026 -3.395076 590.0 4 5 226.1 0 0 0 0 
103.94 137.2 40.487785 -3.395405 589.4 4 5 225.8 0.302 0 0 0 
104.94 137.1 40.487545 -3.395730 589.2 4 5 225.0 1.055 0 0 0 
105.91 137.0 40.487305 -3.396043 589.4 4 5 225.0 0.753 0 0 0 
106.94 136.8 40.487061 -3.396353 589.2 4 5 223.9 1.055 0 0 0 
107.91 136.2 40.486816 -3.396662 590.4 4 5 223.2 1.758 0 0 0 
108.91 136.3 40.486565 -3.396955 590.0 4 5 222.9 1.055 0 0 0 
109.96 135.6 40.486309 -3.397246 592.0 4 5 221.1 2.109 0 0 0 
110.91 135.0 40.486057 -3.397548 589.2 6 5 221.2 1.646 2 0 0 
111.97 134.8 40.485802 -3.397854 589.2 4 5 220.4 0.860 0 0 0 
112.99 134.2 40.485561 -3.398116 590.2 4 5 219.7 1.500 0 0 0 
113.96 134.4 40.485310 -3.398406 589.9 4 5 218.5 1.861 0 0 0 
114.96 134.1 40.484779 -3.398961 588.6 4 5 217.3 1.721 0 0 0 
115.91 134.1 40.484779 -3.398961 588.6 4 5 217.3 1.264 0 0 0 
117.02 135.0 40.484241 -3.399492 587.5 4 5 216.4 1.623 0 0 0 
117.91 135.0 40.484241 -3.399492 587.5 4 5 216.4 0.859 0 0 0 
119.01 134.8 40.483692 -3.400036 586.9 3 5 216.9 0.358 0 0 0 
119.92 134.8 40.483692 -3.400036 586.9 3 5 216.9 0.516 0 0 0 
120.96 136.2 40.483150 -3.400568 586.8 3 5 216.9 0.158 0 0 0 
121.92 136.2 40.483150 -3.400568 586.8 3 5 216.9 0 0 0 0 
122.93 136.7 40.482876 -3.400832 586.3 4 5 217.6 0.636 0 0 0 
123.92 136.5 40.482601 -3.401110 585.9 4 5 216.7 0.861 0 0 0 
124.92 135.7 40.482327 -3.401386 584.6 4 5 217.3 0.612 0 0 0 
125.95 135.1 40.482044 -3.401661 584.6 4 5 216.3 0.960 0 0 0 
126.92 134.7 40.481777 -3.401922 583.3 4 5 216.3 0.960 0 0 0 
127.97 134.5 40.481239 -3.402442 584.2 4 5 216.3 0 0 0 0 
129.01 134.7 40.480976 -3.402695 582.1 4 5 216.3 0 0 0 0 
130.01 134.0 40.480705 -3.402959 583.0 4 5 216.9 0 0 0 0 
130.97 134.0 40.480705 -3.402959 583.0 4 5 216.9 0.555 0 0 0 
132.01 134.0 40.480167 -3.403466 582.4 4 5 216.7 0.526 0 0 0 
132.97 134.0 40.480167 -3.403466 582.4 4 5 216.7 0.243 0 0 0 
133.92 133.4 40.479900 -3.403733 581.9 4 5 217.1 0.405 0 0 0 
134.94 133.1 40.479645 -3.403985 580.8 4 5 217.1 0.405 0 0 0 
135.93 132.6 40.479374 -3.404263 579.5 4 5 219.4 2.360 0 0 0 
136.92 131.7 40.479115 -3.404544 579.1 4 5 221.4 4.380 0 0 0 
137.93 132.3 40.478870 -3.404824 578.0 4 5 221.4 2.020 0 0 0 
139.05 131.5 40.478378 -3.405385 577.0 4 5 222.9 0.969 0 0 0 
139.97 131.5 40.478378 -3.405385 577.0 4 5 222.9 1.449 1 0 0 
140.97 131.2 40.478134 -3.405682 576.4 4 5 222.9 0.480 2 0 0 
141.95 129.8 40.477898 -3.405970 576.6 4 5 223.2 0.352 0 0 0 
143.05 131.1 40.477432 -3.406570 575.4 4 5 226.1 1.758 0 0 0 
143.94 131.1 40.477432 -3.406570 575.4 4 5 226.1 2.812 0 0 0 
144.91 130.9 40.477207 -3.406883 575.2 4 5 227.8 3.164 0 0 0 
145.91 132.0 40.476978 -3.407212 576.2 4 5 229.2 3.164 0 0 0 
146.93 132.7 40.476765 -3.407540 575.1 4 5 230.3 2.461 0 0 0 
147.92 133.3 40.476555 -3.407884 574.5 4 5 231.3 2.109 0 0 0 
148.93 134.8 40.476349 -3.408236 574.7 4 5 232.4 2.109 0 0 0 
150.02 131.9 40.475948 -3.408941 574.3 4 5 234.5 2.109 0 0 0 
150.94 131.9 40.475948 -3.408941 574.3 4 5 234.5 2.109 0 0 0 
152.00 127.8 40.475578 -3.409648 573.2 4 5 236.6 2.109 0 0 0 
152.99 124.4 40.475410 -3.409987 572.8 4 5 237.3 2.109 0 0 0 
153.99 124.4 40.475410 -3.409987 572.8 4 5 237.3 1.758 0 0 0 
154.91 120.7 40.475243 -3.410333 572.0 4 5 238.4 1.758 0 0 0 
155.93 117.3 40.475090 -3.410672 571.5 4 5 239.4 2.109 0 0 0 
157.00 108.7 40.474812 -3.411327 571.3 4 5 241.9 2.461 0 0 0 
157.94 108.7 40.474812 -3.411327 571.3 4 5 241.9 2.461 0 0 0 
158.92 108.0 40.474678 -3.411648 572.4 4 5 242.2 2.461 0 0 0 
159.94 105.0 40.474567 -3.411948 572.4 4 5 244.0 2.109 0 0 0 
161.00 106.4 40.474346 -3.412559 572.5 4 5 244.7 2.109 0 0 0 
161.94 106.4 40.474346 -3.412559 572.5 4 5 244.7 0.703 2 0 0 
162.92 107.7 40.474236 -3.412880 572.9 4 5 245.4 1.055 0 0 0 
164.02 110.4 40.474010 -3.413540 573.4 4 5 246.8 1.406 0 0 0 
164.91 110.4 40.474010 -3.413540 573.4 4 5 246.8 1.406 0 0 0 
165.91 111.8 40.473900 -3.413888 575.3 4 5 247.9 1.758 0 0 0 
166.91 112.1 40.473797 -3.414226 577.3 3 5 249.3 2.461 0 0 0 
167.95 114.1 40.473709 -3.414563 577.6 4 5 250.3 2.461 0 0 0 
169.03 116.4 40.473522 -3.415287 577.4 3 5 251.7 2.109 0 0 0 
169.91 116.4 40.473522 -3.415287 577.4 3 5 251.7 1.406 0 0 0 
170.97 119.1 40.473434 -3.415662 579.4 3 5 252.1 0.703 0 0 0 
171.91 120.0 40.473351 -3.416037 580.0 3 5 252.1 0.352 0 0 0 
172.91 121.8 40.473267 -3.416417 580.5 4 5 252.1 0 0 0 0 
174.03 124.1 40.473087 -3.417155 581.5 4 5 252.1 0 0 0 0 
174.91 124.1 40.473087 -3.417155 581.5 4 5 252.1 0 0 0 0 
176.01 130.2 40.472889 -3.417949 581.9 4 5 251.7 0.352 0 0 0 
177.02 131.2 40.472797 -3.418343 581.2 4 5 251.7 0 0 0 0 
177.94 131.2 40.472797 -3.418343 581.2 4 5 251.7 0 0 0 0 
178.93 132.9 40.472702 -3.418753 581.0 4 5 251.7 0 0 0 0 
179.92 133.4 40.472595 -3.419151 582.1 4 5 251.7 0 0 0 0 
181.03 134.9 40.472389 -3.419993 579.9 4 5 251.7 0 0 0 0 
181.92 134.9 40.472389 -3.419993 579.9 4 5 251.7 0 0 0 0 
182.92 136.5 40.472286 -3.420416 579.4 4 5 251.4 0.352 0 0 0 
183.92 135.6 40.472176 -3.420840 578.1 4 5 251.0 0.703 0 0 0 
184.93 137.6 40.472065 -3.421252 577.2 4 5 250.7 0.703 0 0 0 
185.99 137.3 40.471958 -3.421672 577.7 4 5 250.3 0.703 0 0 0 
186.98 137.4 40.471733 -3.422508 576.9 4 5 250.3 0.352 0 0 0 
187.93 137.4 40.471733 -3.422508 576.9 4 5 250.3 0.352 0 0 0 
188.92 137.9 40.471611 -3.422942 575.0 4 5 250.0 0.703 0 0 0 
189.92 136.4 40.471493 -3.423364 575.3 4 5 250.0 0.352 0 0 0 
190.92 134.6 40.471371 -3.423762 574.3 4 5 249.6 0.352 0 0 0 
191.93 133.8 40.471237 -3.424168 573.7 4 5 248.9 1.055 0 0 0 
192.93 129.2 40.471119 -3.424555 573.8 4 5 248.6 1.055 0 0 0 
193.92 127.7 40.470993 -3.424932 571.5 4 5 248.2 0.703 2 0 0 
194.93 125.1 40.470882 -3.425304 571.0 4 5 248.2 0.352 1 0 0 
195.92 121.5 40.470772 -3.425659 573.1 6 5 248.2 0 0 0 0 
196.91 121.6 40.470638 -3.426039 575.3 6 5 248.9 0.703 0 0 0 
197.93 122.0 40.470535 -3.426411 569.3 6 5 248.9 0.703 0 0 0 
198.93 123.0 40.470428 -3.426793 570.7 4 5 249.6 0.703 0 0 0 
199.93 123.7 40.470318 -3.427176 572.6 4 5 250.0 1.055 0 0 0 
200.94 124.1 40.470222 -3.427563 574.0 4 5 250.7 1.055 0 0 0 
201.93 126.0 40.470116 -3.427953 575.0 4 5 250.7 0.703 0 0 0 
203.01 128.2 40.469898 -3.428761 576.3 4 5 251.0 0.352 0 0 0 
203.91 128.2 40.469898 -3.428761 576.3 4 5 251.0 0.352 0 0 0 
204.92 129.3 40.469795 -3.429154 577.6 4 5 251.4 0.352 0 0 0 
206.00 131.3 40.469597 -3.429975 578.3 4 5 253.1 1.055 0 0 0 
206.98 132.4 40.469505 -3.430384 579.6 4 5 254.2 1.758 0 0 0 
207.94 132.4 40.469505 -3.430384 579.6 4 5 254.2 2.109 0 0 0 
208.97 134.4 40.469337 -3.431236 580.4 4 5 256.3 2.109 0 0 0 
209.92 134.4 40.469337 -3.431236 580.4 4 5 256.3 2.109 0 0 0 
210.93 136.5 40.469265 -3.431672 580.1 4 5 257.3 2.461 0 0 0 
211.94 135.6 40.469204 -3.432111 580.7 4 5 258.4 2.109 0 0 0 
212.91 136.3 40.469143 -3.432545 581.3 4 5 258.8 1.406 0 0 0 
214.01 137.1 40.469006 -3.433439 584.2 4 5 258.4 0.352 0 0 0 
214.91 137.1 40.469006 -3.433439 584.2 4 5 258.4 0.352 0 0 0 
215.92 136.3 40.468941 -3.433881 582.6 4 5 258.8 0.352 0 0 0 
216.94 137.3 40.468868 -3.434329 583.9 4 5 258.4 0.352 0 0 0 
217.91 137.0 40.468800 -3.434758 584.6 4 5 258.4 0.352 0 0 0 
218.91 136.1 40.468731 -3.435203 584.2 4 5 258.0 0.352 0 0 0 
219.92 135.9 40.468658 -3.435642 584.0 4 5 257.7 0.703 0 0 0 
220.94 135.4 40.468590 -3.436077 584.9 4 5 257.7 0.352 0 0 0 
221.97 137.0 40.468445 -3.436946 584.3 4 5 257.0 0.352 0 0 0 
222.93 137.0 40.468445 -3.436946 584.3 4 5 257.0 0.703 0 0 0 
224.02 136.8 40.468288 -3.437804 583.3 4 5 257.0 0.352 0 0 0 
224.95 136.8 40.468288 -3.437804 583.3 4 5 257.0 0 0 0 0 
226.04 135.8 40.468140 -3.438662 582.0 4 5 257.0 0.352 0 0 0 
226.93 135.8 40.468140 -3.438662 582.0 4 5 257.0 0.352 0 0 0 
228.05 135.6 40.467987 -3.439519 581.0 4 5 256.6 0.352 0 0 0 
228.98 136.5 40.467915 -3.439975 579.9 4 5 257.0 0.352 0 0 0 
229.91 136.5 40.467915 -3.439975 579.9 4 5 257.0 0.352 0 0 0 
230.98 136.8 40.467770 -3.440814 581.6 4 5 258.4 1.055 0 0 0 
231.92 136.8 40.467770 -3.440814 581.6 4 5 258.4 1.406 0 0 0 
232.91 136.5 40.467712 -3.441252 578.2 6 5 259.8 2.109 0 0 0 
233.92 137.1 40.467648 -3.441724 579.3 4 5 260.5 2.109 0 0 0 
234.93 136.3 40.467587 -3.442177 578.1 4 5 261.0 1.158 0 0 0 
235.92 136.3 40.467537 -3.442630 578.5 4 5 261.9 1.362 0 0 0 
236.93 136.5 40.467499 -3.443082 578.4 4 5 264.0 3.028 0 0 0 
238.02 134.5 40.467415 -3.443954 577.5 4 5 263.9 2.021 2 0 0 
239.06 135.0 40.467373 -3.444395 578.2 4 5 263.5 0.100 1 0 0 
239.93 135.0 40.467373 -3.444395 578.2 4 5 263.5 0.350 0 0 0 
240.95 134.9 40.467339 -3.444818 577.8 4 5 263.5 0.350 0 0 0 
241.91 133.7 40.467300 -3.445258 577.8 4 5 263.7 0.143 0 0 0 
242.93 133.8 40.467255 -3.445712 578.3 4 5 263.7 0.143 0 0 0 
243.92 133.4 40.467224 -3.446146 578.3 4 5 263.7 0 1 0 0 
244.92 133.2 40.467194 -3.446579 579.0 6 5 263.7 0 2 0 0 
245.93 132.2 40.467148 -3.447024 578.5 6 5 263.7 0 0 0 0 
246.92 131.7 40.467113 -3.447432 578.0 6 5 263.5 0.141 0 0 0 
248.07 132.0 40.467045 -3.448296 577.9 6 5 263.4 0.186 0 0 0 
248.95 132.0 40.467045 -3.448296 577.9 6 5 263.4 0.186 0 0 0 
249.93 132.1 40.467010 -3.448722 578.5 6 5 263.4 0 0 0 0 
251.02 131.3 40.466953 -3.449591 577.1 6 5 264.2 0.830 2 0 0 
252.04 130.4 40.466934 -3.450023 577.9 6 5 264.4 0.830 0 0 0 
252.92 130.4 40.466934 -3.450023 577.9 6 5 264.4 0.228 0 0 0 
253.93 130.5 40.466911 -3.450454 577.2 6 5 265.3 1.094 0 0 0 
254.96 130.9 40.466873 -3.450893 577.3 6 5 265.3 0.866 0 0 0 
255.91 129.2 40.466835 -3.451312 577.2 6 5 265.3 0.034 0 0 0 
256.94 129.9 40.466805 -3.451741 577.8 6 5 267.0 1.769 0 0 0 
257.92 130.4 40.466770 -3.452176 578.6 6 5 266.7 1.339 0 0 0 
258.96 130.5 40.466755 -3.452612 580.0 6 5 266.7 0.396 2 0 0 
259.94 128.7 40.466751 -3.453038 579.2 6 5 267.5 0.825 2 0 0 
260.93 129.9 40.466747 -3.453461 577.7 4 5 268.6 1.957 0 0 0 
261.94 130.3 40.466751 -3.453894 578.7 4 5 268.6 1.132 0 0 0 
262.91 130.2 40.466751 -3.454315 579.5 4 5 268.6 0 0 0 0 
264.06 131.9 40.466740 -3.455168 579.3 4 5 269.7 1.076 0 0 0 
264.94 131.9 40.466740 -3.455168 579.3 4 5 269.7 1.076 0 0 0 
265.97 130.6 40.466743 -3.456024 579.9 6 5 271.6 1.000 0 0 0 
266.97 130.6 40.466743 -3.456024 579.9 6 5 271.6 1.913 1 0 0 
267.93 132.3 40.466747 -3.456443 579.6 4 5 272.5 1.840 1 0 0 
268.91 132.2 40.466747 -3.456882 579.7 4 5 272.5 0.927 0 0 0 
269.95 131.5 40.466763 -3.457319 580.1 4 5 272.5 0 0 0 0 
270.93 132.4 40.466770 -3.457748 581.5 4 5 272.9 0.397 0 0 0 
272.00 131.7 40.466797 -3.458614 580.9 4 5 273.6 0.397 0 0 0 
272.92 131.7 40.466797 -3.458614 580.9 4 5 273.6 0.721 0 0 0 
273.94 132.0 40.466820 -3.459058 580.8 4 5 273.6 0.686 0 0 0 
274.91 132.5 40.466843 -3.459497 583.2 4 5 273.6 0.035 0 0 0 
275.91 131.3 40.466877 -3.459938 583.0 4 5 273.6 0 0 0 0 
277.05 131.6 40.466919 -3.460781 581.3 4 5 273.6 0.046 0 0 0 
278.03 130.8 40.466938 -3.461208 581.4 3 5 274.0 0.429 0 0 0 
279.00 130.1 40.466965 -3.461621 581.5 3 5 274.0 0.429 1 0 0 
279.91 130.1 40.466965 -3.461621 581.5 3 5 274.0 0.429 0 0 0 
280.92 128.7 40.466995 -3.462031 581.9 3 5 273.3 0.732 0 0 0 
281.94 126.3 40.467010 -3.462447 582.7 3 5 273.3 0.732 0 0 0 
282.92 123.9 40.467030 -3.462856 581.6 3 5 273.8 0.503 0 0 0 
283.91 117.8 40.467045 -3.463247 580.5 3 5 273.8 0.503 0 0 0 
284.92 112.4 40.467056 -3.463609 581.1 3 5 272.9 0.908 0 0 0 
285.92 107.0 40.467072 -3.463974 583.1 3 5 272.9 0.908 0 0 0 
286.92 105.9 40.467075 -3.464324 579.1 3 5 272.9 0 0 0 0 
288.01 98.9 40.467094 -3.465006 578.6 3 5 271.9 0.936 0 0 0 
288.92 98.9 40.467094 -3.465006 578.6 3 5 271.9 0.936 0 0 0 
290.05 97.5 40.467102 -3.465658 578.4 3 5 270.6 1.351 0 0 0 
290.92 97.5 40.467102 -3.465658 578.4 3 5 270.6 1.351 0 0 0 
291.93 98.5 40.467102 -3.465971 578.8 4 5 270.6 0 0 0 0 
292.92 98.8 40.467102 -3.466295 579.0 4 5 271.0 0.422 0 0 0 
293.93 99.7 40.467098 -3.466614 578.9 4 5 271.0 0.422 0 0 0 
294.93 100.3 40.467098 -3.466927 579.0 3 5 270.3 0.699 0 0 0 
295.92 101.2 40.467098 -3.467260 579.2 3 5 270.1 0.867 0 0 0 
296.92 99.0 40.467094 -3.467586 579.4 3 5 269.5 0.758 0 0 0 
298.00 98.0 40.467094 -3.467914 579.0 4 5 269.5 0.629 0 0 0 
298.92 96.4 40.467094 -3.468233 579.0 3 5 268.5 1.036 0 0 0 
299.93 95.7 40.467087 -3.468543 579.6 3 5 268.5 0.997 0 0 0 
300.92 94.5 40.467083 -3.468848 580.0 4 5 267.8 0.662 0 0 0 
301.92 92.7 40.467072 -3.469153 579.8 4 5 267.4 1.101 0 0 0 
302.94 91.7 40.467060 -3.469452 578.7 4 5 266.7 1.088 0 0 0 
303.99 90.7 40.467045 -3.470038 578.0 6 5 265.7 0.649 0 0 0 
304.93 90.7 40.467045 -3.470038 578.0 6 5 265.7 1.016 2 0 0 
305.93 90.7 40.467037 -3.470332 578.2 6 5 265.2 1.548 2 1 0 
307.10 91.5 40.467014 -3.470928 577.7 6 5 264.0 0.532 0 1 0 
308.01 91.3 40.466999 -3.471226 577.6 6 5 264.0 1.191 0 1 0 
309.04 92.3 40.466984 -3.471524 577.4 6 5 263.0 1.191 2 1 0 
309.99 92.3 40.466965 -3.471835 577.4 6 5 262.4 0.986 2 1 0 
310.94 92.3 40.466965 -3.471835 577.4 6 5 262.4 1.614 1 1 0 
312.04 91.8 40.466923 -3.472447 577.4 6 5 262.1 0.628 0 1 0 
312.98 91.8 40.466923 -3.472447 577.4 6 5 262.1 0.313 0 1 0 
313.92 90.8 40.466892 -3.472736 577.4 6 5 261.5 0.894 0 1 0 
314.93 89.3 40.466873 -3.473034 577.5 4 5 260.0 2.058 0 1 0 
315.93 90.1 40.466835 -3.473308 577.9 4 5 261.2 1.205 0 1 0 
316.93 90.5 40.466797 -3.473593 577.8 4 5 259.9 1.291 0 1 0 
317.94 90.5 40.466763 -3.473890 577.9 4 5 259.3 1.910 0 1 0 
318.91 90.1 40.466724 -3.474188 577.5 4 5 258.7 1.281 0 1 0 
319.91 89.0 40.466675 -3.474477 577.7 4 5 258.7 0.662 0 0 0 
320.93 91.8 40.466629 -3.474769 577.9 4 5 257.7 0.969 0 0 0 
321.93 93.2 40.466583 -3.475070 578.5 4 5 257.7 0.969 0 0 0 
322.92 93.8 40.466530 -3.475367 578.8 4 5 257.0 0.717 0 0 0 
324.00 96.7 40.466423 -3.475981 578.8 4 5 256.4 1.324 0 0 0 
324.93 96.7 40.466423 -3.475981 578.8 4 5 256.4 0.607 0 0 0 
325.93 97.0 40.466373 -3.476278 578.6 4 5 256.4 0 0 0 0 
326.94 98.1 40.466320 -3.476586 579.2 4 5 255.5 0.864 0 0 0 
327.99 103.0 40.466213 -3.477204 579.2 4 5 255.5 0 0 0 0 
328.93 103.0 40.466213 -3.477204 579.2 4 5 255.5 0 0 0 0 
330.03 105.2 40.466084 -3.477853 579.8 4 5 255.5 0 0 0 0 
331.05 105.9 40.466022 -3.478191 580.4 4 5 256.3 0.788 0 0 0 
331.91 105.9 40.466022 -3.478191 580.4 4 5 256.3 0.788 0 0 0 
333.02 95.0 40.465904 -3.478833 580.9 4 5 256.3 1.140 0 0 0 
333.92 95.0 40.465904 -3.478833 580.9 4 5 256.3 0.352 0 0 0 
334.91 88.1 40.465847 -3.479123 579.8 4 5 256.6 0.352 0 0 0 
335.91 83.1 40.465794 -3.479410 579.7 4 5 258.0 1.758 0 0 0 
336.94 83.4 40.465744 -3.479684 579.3 4 5 260.5 3.867 0 0 0 
337.91 78.9 40.465721 -3.479948 578.7 4 5 265.1 7.031 0 0 0 
338.94 77.3 40.465721 -3.480203 578.6 3 5 270.0 9.492 0 0 0 
339.94 72.6 40.465729 -3.480447 578.6 3 5 279.7 14.582 0 0 0 
340.99 73.5 40.465763 -3.480669 579.0 3 5 289.4 19.392 0 0 0 
341.91 68.4 40.465820 -3.480882 579.3 3 5 290.3 10.610 0 0 0 
342.94 75.4 40.465889 -3.481115 579.7 3 5 292.1 2.730 0 0 0 
343.92 76.6 40.465958 -3.481340 580.1 4 5 293.3 3.060 2 0 0 
344.92 77.8 40.466038 -3.481575 580.4 4 5 294.0 1.859 0 0 0 
345.92 78.5 40.466118 -3.481818 581.2 4 5 294.0 0.651 0 0 0 
347.02 80.6 40.466282 -3.482288 581.5 4 5 295.1 0.888 0 0 0 
347.92 80.6 40.466282 -3.482288 581.5 4 5 295.1 1.094 0 0 0 
348.96 79.8 40.466370 -3.482537 581.7 4 5 295.1 0.206 0 0 0 
349.93 79.6 40.466450 -3.482759 581.8 4 5 295.1 0.053 0 0 0 
350.92 77.6 40.466534 -3.482988 581.7 4 5 295.1 0.053 0 0 0 
351.93 74.9 40.466549 -3.483227 581.7 3 5 280.9 14.220 0 0 0 
352.99 74.2 40.466625 -3.483717 582.6 4 5 278.4 10.714 0 0 0 
353.95 74.2 40.466625 -3.483717 582.6 4 5 278.4 5.977 0 0 0 
354.98 74.2 40.466640 -3.484215 583.1 3 5 267.2 11.602 0 0 0 
355.92 74.2 40.466640 -3.484215 583.1 3 5 267.2 11.250 0 0 0 
356.98 73.9 40.466625 -3.484452 583.1 3 5 258.4 14.458 0 0 0 
357.91 74.8 40.466591 -3.484695 583.6 3 5 252.3 14.903 0 0 0 
358.92 74.3 40.466549 -3.484923 583.6 3 5 247.5 10.897 0 0 0 
360.02 72.1 40.466396 -3.485350 583.7 3 5 236.0 10.357 0 0 0 
360.99 73.4 40.466286 -3.485542 583.3 3 5 236.0 11.410 0 0 0 
362.02 74.4 40.466179 -3.485730 584.1 3 5 240.8 5.880 0 0 0 
362.92 74.4 40.466179 -3.485730 584.1 3 5 240.8 4.741 0 0 0 
363.99 76.5 40.466053 -3.485916 584.5 3 5 229.3 11.515 0 0 0 
364.93 78.0 40.465931 -3.486108 584.8 3 5 231.2 9.618 0 0 0 
366.01 78.2 40.465809 -3.486306 584.9 4 5 231.6 2.337 0 0 0 
367.09 81.1 40.465565 -3.486710 585.3 4 5 231.2 0.441 0 0 0 
367.92 81.1 40.465565 -3.486710 585.3 4 5 231.2 0.390 0 0 0 
369.02 82.0 40.465302 -3.487119 585.2 6 5 224.8 0.255 0 0 0 
369.92 82.0 40.465302 -3.487119 585.2 6 5 224.8 6.683 0 0 0 
371.02 74.1 40.465034 -3.487505 584.0 6 5 224.3 6.683 0 0 0 
372.07 68.1 40.464909 -3.487666 583.9 4 5 220.2 0.512 1 0 0 
373.05 63.0 40.464760 -3.487787 585.2 4 5 208.0 16.247 0 0 0 
373.95 63.0 40.464760 -3.487787 585.2 4 5 208.0 16.247 1 0 0 
374.92 59.2 40.464619 -3.487866 586.5 4 5 195.0 25.218 1 0 0 
375.98 53.9 40.464489 -3.487912 587.1 3 5 188.5 19.529 0 0 0 
376.99 47.0 40.464226 -3.487909 589.4 3 5 166.8 19.417 1 0 0 
377.93 47.0 40.464226 -3.487909 589.4 3 5 166.8 0 -9 -9 0 
378.93 45.7 40.464119 -3.487876 589.9 3 5 161.1 0 -9 -9 0 
379.93 42.7 40.464008 -3.487821 590.6 3 5 149.5 0 -9 -9 0 
380.93 46.2 40.463921 -3.487738 590.7 3 5 147.1 0 -9 -9 0 
381.93 47.9 40.463818 -3.487646 591.2 3 5 141.7 0 -9 -9 0 
382.99 51.3 40.463745 -3.487512 591.7 3 5 130.8 16.314 0 0 0 
383.99 53.1 40.463608 -3.487231 591.9 3 5 113.2 17.960 0 0 0 
384.97 53.1 40.463608 -3.487231 591.9 3 5 113.2 17.578 0 0 0 
385.92 53.8 40.463551 -3.487049 591.8 3 5 103.0 20.742 0 0 0 
386.91 52.2 40.463516 -3.486900 591.6 3 5 117.6 14.545 0 0 0 
387.91 52.5 40.463554 -3.486718 591.8 3 5 71.1 46.484 0 0 0 
389.02 55.5 40.463585 -3.486532 592.0 3 5 69.7 47.883 2 0 0 
390.01 63.8 40.463634 -3.486151 592.8 3 5 64.7 1.400 0 0 0 
391.04 68.4 40.463726 -3.485928 593.2 3 5 64.0 4.982 1 0 0 
391.91 68.4 40.463726 -3.485928 593.2 3 5 64.0 5.685 2 0 0 
392.95 75.0 40.463806 -3.485718 592.6 3 5 65.7 1.758 2 1 0 
393.92 78.6 40.463879 -3.485475 591.9 3 5 68.6 4.570 0 1 0 
395.04 88.2 40.464012 -3.484962 589.7 3 5 72.4 5.273 0 1 0 
395.93 88.2 40.464012 -3.484962 589.7 3 5 72.4 3.867 0 1 0 
396.92 91.4 40.464081 -3.484678 589.1 4 5 72.8 1.758 0 1 0 
398.04 93.0 40.464230 -3.484094 587.4 4 5 73.5 0.352 0 1 0 
398.93 93.0 40.464230 -3.484094 587.4 4 5 73.5 0.703 0 1 0 
399.92 92.0 40.464294 -3.483800 587.0 4 5 72.4 1.055 0 1 0 
400.91 86.7 40.464355 -3.483519 586.1 4 5 73.5 1.055 0 1 0 
401.92 84.7 40.464413 -3.483244 585.7 4 5 73.5 1.055 0 1 0 
402.99 77.7 40.464527 -3.482729 585.2 6 5 73.1 0.352 0 1 0 
404.01 72.4 40.464577 -3.482493 584.8 4 5 73.8 0.703 0 1 0 
404.93 72.4 40.464577 -3.482493 584.8 4 5 73.8 0.703 0 1 0 
405.92 68.9 40.464626 -3.482274 584.6 4 5 73.5 0.352 0 1 0 
406.98 69.2 40.464729 -3.481839 584.7 4 5 71.4 2.461 0 1 0 
407.92 69.2 40.464729 -3.481839 584.7 4 5 71.4 2.109 0 1 0 
408.98 71.4 40.464771 -3.481609 584.6 4 5 72.4 1.055 0 1 0 
409.95 71.5 40.464836 -3.481377 584.6 4 5 72.4 1.055 0 1 0 
410.91 71.7 40.464890 -3.481151 584.4 4 5 72.8 0.352 0 1 0 
411.97 70.5 40.464935 -3.480933 584.4 4 5 72.4 0.352 0 1 0 
412.91 69.9 40.464989 -3.480724 584.1 4 5 71.0 1.758 0 1 0 
414.04 70.7 40.465111 -3.480294 584.1 4 5 70.3 0.703 0 1 0 
414.94 70.7 40.465111 -3.480294 584.1 4 5 70.3 0.703 0 1 0 
415.96 73.0 40.465172 -3.480068 585.0 3 5 70.0 0.703 0 1 0 
416.93 75.3 40.465263 -3.479859 584.7 3 5 65.8 4.476 0 1 0 
417.98 78.8 40.465343 -3.479633 584.3 3 5 61.5 8.484 0 1 0 
419.01 81.0 40.465370 -3.479349 584.2 3 5 74.1 12.663 2 1 0 
419.93 83.2 40.465435 -3.479096 584.8 4 5 74.1 12.663 2 1 0 
420.93 80.5 40.465488 -3.478854 584.4 4 5 74.1 0 0 1 0 
421.92 77.0 40.465549 -3.478596 585.1 4 5 74.1 0 1 1 0 
422.92 76.6 40.465603 -3.478352 585.6 3 5 74.1 0 1 1 0 
424.06 78.2 40.465714 -3.477849 585.8 4 5 76.0 0 2 1 0 
425.09 79.3 40.465771 -3.477604 585.6 3 5 75.1 0.978 0 1 0 
426.12 79.9 40.465820 -3.477356 584.4 4 5 75.1 0.978 0 1 0 
426.91 79.9 40.465820 -3.477356 584.4 4 5 75.1 0.846 0 1 0 
427.91 82.0 40.465874 -3.477092 583.8 4 5 75.1 0 0 1 0 
428.94 85.4 40.465927 -3.476820 584.1 4 5 75.5 0.427 1 2 0 
429.91 87.3 40.465988 -3.476554 584.3 4 5 75.5 0.427 2 2 0 
430.93 89.2 40.466057 -3.476288 584.4 4 5 76.0 0.419 0 2 0 
431.93 89.9 40.466122 -3.475993 584.2 4 5 76.5 0.999 0 2 0 
432.94 92.2 40.466183 -3.475699 584.1 4 5 76.5 0.580 2 2 0 
433.98 93.8 40.466244 -3.475393 584.1 4 5 76.5 0 0 2 0 
434.94 97.6 40.466293 -3.475105 584.1 4 5 77.4 0.837 0 2 0 
435.91 101.3 40.466362 -3.474777 585.3 4 5 77.4 0.837 0 2 0 
436.99 105.5 40.466427 -3.474454 586.8 4 5 78.3 0.954 0 1 0 
437.91 108.9 40.466488 -3.474107 589.3 4 5 78.3 0.954 0 1 0 
438.95 112.5 40.466549 -3.473743 590.0 4 5 79.4 1.053 0 1 0 
440.03 117.2 40.466663 -3.473009 590.6 4 5 80.1 0.676 0 1 0 
440.91 117.2 40.466663 -3.473009 590.6 4 5 80.1 0.676 0 1 0 
442.05 119.3 40.466709 -3.472624 589.0 4 5 80.7 1.336 0 2 0 
442.99 120.5 40.466751 -3.472237 588.2 4 5 82.8 2.756 0 2 0 
444.03 121.8 40.466831 -3.471439 588.7 4 5 83.5 0.681 0 2 0 
444.95 121.8 40.466831 -3.471439 588.7 4 5 83.5 0.681 0 1 0 
445.93 123.7 40.466866 -3.471041 588.9 4 5 83.5 0.015 0 1 0 
446.94 125.2 40.466904 -3.470629 589.8 4 5 84.5 1.001 0 1 0 
447.92 126.5 40.466934 -3.470222 590.5 4 5 85.0 1.549 0 1 0 
448.96 127.9 40.466961 -3.469801 590.7 4 5 86.0 1.507 0 1 0 
449.93 127.9 40.466980 -3.469388 590.4 4 5 86.5 1.470 0 1 0 
451.00 130.0 40.467003 -3.468563 589.9 4 5 88.1 0.511 0 1 0 
451.91 130.0 40.467003 -3.468563 589.9 4 5 88.1 1.592 0 1 0 
452.93 130.6 40.467003 -3.468118 591.8 4 5 92.1 5.570 0 1 0 
453.95 130.1 40.467010 -3.467696 589.4 4 5 88.7 3.358 0 1 0 
455.06 131.9 40.467010 -3.466835 590.1 4 5 90.4 2.090 0 1 0 
456.00 131.9 40.467010 -3.466835 590.1 4 5 90.4 1.619 0 1 0 
456.91 131.4 40.467003 -3.466408 590.6 4 5 90.7 0.703 0 1 0 
457.92 131.9 40.466999 -3.465974 591.0 4 5 91.1 0.703 0 1 0 
458.92 130.8 40.466991 -3.465545 591.5 4 5 91.1 0.352 0 1 0 
460.00 132.6 40.466972 -3.464683 589.3 4 5 92.5 1.406 0 1 0 
460.93 132.6 40.466972 -3.464683 589.3 4 5 92.5 1.406 0 1 0 
462.01 131.5 40.466953 -3.463815 591.2 6 5 92.8 0.352 0 1 0 
462.91 131.5 40.466953 -3.463815 591.2 6 5 92.8 0.352 0 1 0 
463.92 131.5 40.466942 -3.463406 591.0 4 5 93.3 0.792 0 1 0 
464.91 131.3 40.466923 -3.462960 590.7 6 5 93.3 0.440 0 1 0 
465.93 130.0 40.466911 -3.462535 590.9 6 5 93.5 0.213 0 1 0 
466.93 129.3 40.466892 -3.462105 590.2 6 5 93.5 0.213 0 1 0 
467.92 128.6 40.466877 -3.461687 590.8 6 5 93.5 0 0 1 0 
468.92 128.8 40.466862 -3.461268 591.7 6 5 93.5 0 0 1 0 
469.92 126.9 40.466843 -3.460845 590.7 6 5 93.5 0 0 1 0 
470.99 125.4 40.466827 -3.460443 590.2 6 10 93.3 0.174 0 1 0 
472.00 124.0 40.466797 -3.459619 589.9 6 5 93.7 0.447 0 1 0 
473.00 123.2 40.466782 -3.459220 591.2 6 5 93.7 0 1 1 0 
474.05 121.9 40.466766 -3.458812 591.0 6 5 93.5 0 1 1 0 
474.91 121.9 40.466766 -3.458812 591.0 6 5 93.5 0.220 1 1 0 
475.92 120.9 40.466743 -3.458410 590.4 6 5 93.5 0.220 0 1 0 
476.91 120.5 40.466724 -3.458010 590.0 6 5 93.5 0 0 1 0 
478.08 120.7 40.466698 -3.457238 589.5 6 5 92.5 1.042 0 1 0 
478.95 120.7 40.466698 -3.457238 589.5 6 5 92.5 1.042 0 1 0 
480.01 120.6 40.466675 -3.456433 588.9 6 5 91.7 0 0 1 0 
480.92 120.6 40.466675 -3.456433 588.9 6 5 91.7 0.738 0 1 0 
482.03 120.3 40.466648 -3.455661 590.1 6 5 91.4 0.682 0 1 0 
482.91 120.3 40.466648 -3.455661 590.1 6 5 91.4 0.682 0 0 0 
483.91 118.6 40.466652 -3.455267 589.4 6 5 90.5 0.982 0 0 0 
484.93 120.2 40.466637 -3.454884 588.4 6 5 90.5 0.982 0 0 0 
485.91 119.3 40.466648 -3.454512 589.0 6 5 91.0 0.576 0 0 0 
487.05 120.5 40.466629 -3.453729 588.9 6 5 87.9 2.441 0 0 0 
487.92 120.5 40.466629 -3.453729 588.9 6 5 87.9 3.148 0 0 0 
489.00 124.3 40.466640 -3.452933 588.6 6 5 87.1 1.516 0 0 0 
489.93 124.3 40.466640 -3.452933 588.6 6 5 87.1 0.810 0 0 0 
491.02 123.9 40.466648 -3.452515 589.4 6 5 87.1 0 0 0 0 
491.93 123.0 40.466667 -3.452102 590.0 6 5 87.1 0 0 0 0 
492.92 123.3 40.466690 -3.451710 590.2 6 5 86.0 1.049 0 0 0 
493.93 126.3 40.466705 -3.451293 588.7 6 5 85.5 1.564 0 0 0 
494.93 128.5 40.466728 -3.450881 588.8 4 5 85.0 0.998 0 0 0 
496.08 132.8 40.466797 -3.449986 590.1 4 5 85.0 0.065 0 0 0 
497.00 134.8 40.466831 -3.449553 592.2 4 5 84.3 0.065 0 0 0 
498.00 135.6 40.466862 -3.449116 591.4 4 5 83.9 0.733 0 0 0 
498.92 135.6 40.466862 -3.449116 591.4 4 5 83.9 1.021 0 0 0 
500.00 137.8 40.466930 -3.448221 591.3 6 5 84.1 0.823 0 0 0 
500.94 137.8 40.466930 -3.448221 591.3 6 5 84.1 0.670 0 0 0 
501.93 138.6 40.466965 -3.447780 591.8 4 5 84.1 0.670 0 0 0 
502.94 138.8 40.466999 -3.447310 590.9 4 5 82.6 1.538 0 0 0 
503.91 139.6 40.467041 -3.446849 591.1 4 5 83.2 0.904 0 0 0 
504.98 140.4 40.467110 -3.445925 591.2 4 5 84.0 1.422 0 0 0 
506.02 140.4 40.467110 -3.445925 591.2 4 5 84.0 0.788 0 0 0 
506.99 140.2 40.467144 -3.445462 591.9 4 5 84.3 0.304 0 0 0 
507.98 140.7 40.467216 -3.444551 591.5 4 5 83.6 0.694 0 0 0 
508.91 140.7 40.467216 -3.444551 591.5 4 5 83.6 0.694 0 0 0 
509.91 140.5 40.467258 -3.444100 591.9 4 5 84.0 0.440 0 0 0 
511.01 141.0 40.467327 -3.443183 592.4 4 5 82.4 0.440 0 0 0 
511.98 141.0 40.467369 -3.442708 591.6 4 5 81.9 1.660 0 0 0 
512.91 141.0 40.467369 -3.442708 591.6 4 5 81.9 2.092 0 0 0 
513.96 141.0 40.467415 -3.442255 592.5 4 5 81.9 0.433 0 0 0 
514.93 140.4 40.467476 -3.441799 591.7 4 5 80.5 1.394 0 0 0 
515.92 142.0 40.467541 -3.441346 593.3 4 5 79.8 2.154 0 0 0 
516.97 142.1 40.467602 -3.440901 591.3 4 5 78.7 1.887 2 0 0 
517.93 141.1 40.467663 -3.440451 591.8 4 5 78.7 1.127 0 0 0 
518.91 142.6 40.467728 -3.440006 592.2 4 5 77.4 1.282 0 0 0 
520.02 142.2 40.467873 -3.439109 592.4 4 5 77.7 3.906 0 0 0 
521.09 142.1 40.467945 -3.438652 593.3 4 5 77.0 2.247 0 0 0 
521.98 142.1 40.467945 -3.438652 593.3 4 5 77.0 2.247 0 0 0 
522.98 140.7 40.468102 -3.437766 594.4 4 5 77.3 0.703 0 0 0 
524.02 140.1 40.468189 -3.437314 594.8 4 5 77.0 0.352 0 0 0 
524.98 140.1 40.468189 -3.437314 594.8 4 5 77.0 0.352 0 0 0 
526.02 139.4 40.468353 -3.436439 594.9 4 5 77.0 0 0 0 0 
526.95 139.4 40.468353 -3.436439 594.9 4 5 77.0 0 0 0 0 
527.95 138.0 40.468430 -3.435982 595.0 4 5 77.3 0.352 0 0 0 
528.96 136.6 40.468513 -3.435530 594.9 4 5 77.7 0.703 0 0 0 
529.92 137.2 40.468590 -3.435086 593.8 4 5 77.7 0.352 0 0 0 
530.97 137.3 40.468658 -3.434648 594.3 4 5 78.4 0.703 0 0 0 
532.01 137.6 40.468792 -3.433764 593.2 4 5 78.4 0.703 0 0 0 
532.93 137.6 40.468792 -3.433764 593.2 4 5 78.4 0.703 2 0 0 
533.93 138.1 40.468876 -3.433317 592.0 4 5 77.3 1.758 0 0 0 
534.92 138.7 40.468952 -3.432870 591.5 4 5 77.0 1.406 0 0 0 
535.92 138.7 40.469036 -3.432424 590.7 4 5 76.6 0.703 0 0 0 
536.93 139.6 40.469116 -3.431978 591.0 6 5 77.7 1.055 0 0 0 
537.92 140.0 40.469193 -3.431520 590.3 4 5 77.3 0.703 0 0 0 
538.92 140.7 40.469273 -3.431070 589.2 6 5 76.3 1.406 0 0 0 
540.00 141.4 40.469448 -3.430193 588.3 4 5 74.2 1.758 0 0 0 
540.96 141.4 40.469448 -3.430193 588.3 4 5 74.2 2.109 0 0 0 
541.91 141.1 40.469543 -3.429751 588.0 4 5 73.1 2.461 0 0 0 
543.00 141.7 40.469757 -3.428878 586.3 4 5 71.4 1.758 0 0 0 
543.91 141.7 40.469757 -3.428878 586.3 4 5 71.4 1.758 0 0 0 
544.96 141.6 40.469872 -3.428439 585.3 4 5 71.4 0.703 0 0 0 
546.09 140.4 40.470112 -3.427580 583.4 6 5 70.3 1.055 0 0 0 
546.97 140.4 40.470112 -3.427580 583.4 6 5 70.3 1.055 0 0 0 
547.98 141.0 40.470226 -3.427145 582.9 6 5 70.3 0 0 0 0 
548.93 140.9 40.470348 -3.426712 581.1 6 5 69.6 0.703 0 0 0 
549.94 140.6 40.470470 -3.426275 582.1 6 5 69.3 1.055 0 0 0 
550.93 139.9 40.470592 -3.425838 581.2 6 5 68.9 0.703 0 0 0 
551.94 139.3 40.470699 -3.425424 579.2 6 5 68.9 0.352 0 0 0 
552.93 138.4 40.470818 -3.425015 580.4 6 5 68.6 0.352 0 0 0 
553.99 137.1 40.471069 -3.424162 581.7 6 5 68.6 0.352 0 0 0 
554.93 137.1 40.471069 -3.424162 581.7 6 5 68.6 0 0 0 0 
555.91 136.8 40.471180 -3.423760 581.1 6 5 69.3 0.703 0 0 0 
556.93 135.5 40.471306 -3.423350 580.8 6 5 69.6 1.055 0 0 0 
557.94 134.7 40.471428 -3.422934 581.7 6 5 70.0 0.703 0 0 0 
558.95 134.6 40.471546 -3.422510 580.9 6 5 70.0 0.352 0 0 0 
559.93 135.4 40.471645 -3.422107 580.9 6 5 70.7 0.703 0 0 0 
560.91 135.4 40.471756 -3.421698 582.4 4 5 70.7 0.703 0 0 0 
561.93 137.4 40.471878 -3.421288 582.7 4 5 70.7 0 0 0 0 
562.93 137.0 40.471992 -3.420870 582.3 4 5 71.0 0.352 0 0 0 
563.97 137.4 40.472111 -3.420441 582.9 4 5 71.4 0.703 0 0 0 
565.02 138.2 40.472336 -3.419585 584.3 4 5 71.4 0 0 0 0 
565.91 138.2 40.472336 -3.419585 584.3 4 5 71.4 0 0 0 0 
566.91 138.3 40.472446 -3.419154 584.6 6 5 71.0 0.352 0 0 0 
567.94 138.5 40.472553 -3.418725 584.3 4 5 72.1 1.055 0 0 0 
568.92 138.3 40.472672 -3.418298 585.5 4 5 71.7 0.703 0 0 0 
569.92 140.1 40.472786 -3.417871 586.0 4 5 72.4 0.703 0 0 0 
570.94 139.1 40.472893 -3.417436 587.5 4 5 71.7 0.703 0 0 0 
571.93 139.4 40.473000 -3.417002 586.8 4 5 71.4 1.055 0 0 0 
572.91 140.9 40.473110 -3.416562 585.4 4 5 71.7 0.352 0 0 0 
573.92 141.1 40.473228 -3.416129 585.6 4 5 72.1 0.703 0 0 0 
574.91 140.9 40.473331 -3.415693 586.5 4 5 72.4 0.703 2 0 0 
575.91 141.6 40.473438 -3.415238 585.1 4 5 72.8 0.703 0 0 0 
576.94 141.5 40.473545 -3.414792 586.7 4 5 72.8 0.352 0 0 0 
577.91 142.2 40.473660 -3.414356 583.6 4 5 71.7 1.055 0 0 0 
578.94 142.0 40.473778 -3.413914 583.7 4 5 69.6 3.164 0 0 0 
579.91 142.4 40.473907 -3.413471 584.1 4 5 67.9 3.867 0 0 0 
580.91 142.8 40.474037 -3.413034 583.1 4 5 66.4 3.164 0 0 0 
581.92 142.1 40.474186 -3.412608 582.2 4 5 65.0 2.812 0 0 0 
582.95 142.5 40.474346 -3.412183 581.3 4 5 64.0 2.461 1 0 0 
583.96 142.0 40.474506 -3.411767 581.1 4 5 63.3 1.758 1 0 0 
584.92 142.5 40.474663 -3.411354 581.4 4 5 62.2 1.758 1 0 0 
586.05 142.2 40.475014 -3.410548 579.9 4 5 60.5 1.758 0 0 0 
586.95 142.2 40.475014 -3.410548 579.9 4 5 60.5 1.758 0 0 0 
588.01 142.0 40.475388 -3.409750 580.2 4 5 58.4 2.109 0 0 0 
588.99 141.8 40.475582 -3.409361 579.7 4 5 56.6 2.109 0 0 0 
589.93 141.8 40.475582 -3.409361 579.7 4 5 56.6 2.461 0 0 0 
590.92 141.6 40.475788 -3.408967 579.8 4 5 55.5 2.812 0 0 0 
592.11 141.2 40.476219 -3.408201 579.6 4 5 53.4 2.109 0 0 0 
592.91 141.2 40.476219 -3.408201 579.6 4 5 53.4 2.109 0 0 0 
593.94 141.3 40.476429 -3.407844 579.5 4 5 52.0 2.461 0 0 0 
594.91 141.0 40.476639 -3.407493 579.1 4 5 51.0 2.461 0 0 0 
595.91 140.3 40.476868 -3.407148 579.4 4 5 49.9 2.109 0 0 0 
596.92 140.0 40.477097 -3.406800 579.7 4 5 48.9 2.109 0 0 0 
597.98 139.3 40.477345 -3.406484 580.5 4 5 47.8 2.109 0 0 0 
598.91 138.4 40.477581 -3.406159 580.8 6 5 46.4 2.461 0 0 0 
599.92 138.2 40.477818 -3.405835 580.4 6 5 45.0 2.812 0 0 0 
600.93 138.2 40.478062 -3.405520 580.4 6 5 43.9 2.461 1 0 0 
601.94 137.1 40.478306 -3.405210 579.6 6 5 43.2 1.758 0 0 0 
602.91 136.8 40.478561 -3.404893 582.0 6 5 42.5 1.406 0 0 0 
604.03 135.5 40.479073 -3.404293 581.0 6 5 40.4 2.109 0 0 0 
604.93 135.5 40.479073 -3.404293 581.0 6 5 40.4 2.109 0 0 0 
606.06 134.7 40.479584 -3.403724 580.9 4 5 37.6 2.812 0 0 0 
607.03 134.4 40.479843 -3.403447 581.5 4 5 36.9 2.812 0 0 0 
607.94 134.4 40.479843 -3.403447 581.5 4 5 36.9 2.109 0 0 0 
609.07 134.0 40.480396 -3.402911 581.5 4 5 36.9 1.055 0 0 0 
610.00 134.0 40.480396 -3.402911 581.5 4 5 36.9 0.352 1 0 0 
610.93 133.4 40.480675 -3.402647 582.7 4 5 35.5 1.406 2 0 0 
611.93 132.8 40.480946 -3.402375 583.5 4 5 36.9 1.406 1 1 0 
612.90 132.9 40.481224 -3.402094 582.4 4 5 36.9 1.406 0 1 0 
613.93 131.9 40.481487 -3.401824 583.1 4 5 36.9 0 0 1 0 
614.98 132.7 40.482025 -3.401313 583.9 4 5 36.9 0 0 1 0 
615.99 131.7 40.482288 -3.401061 584.5 4 5 36.6 0 0 1 0 
616.98 131.7 40.482552 -3.400803 584.8 4 5 36.9 0.352 0 1 0 
617.91 131.7 40.482552 -3.400803 584.8 4 5 36.9 0.352 0 1 0 
618.90 131.2 40.482826 -3.400550 585.4 4 5 36.6 0.352 0 1 0 
619.89 131.1 40.483093 -3.400295 586.0 4 5 36.6 0.352 0 1 0 
620.89 131.7 40.483360 -3.400042 586.2 4 5 36.6 0.067 0 1 0 
621.88 132.8 40.483620 -3.399798 586.0 4 5 36.6 0.067 0 1 0 
622.95 135.0 40.483902 -3.399521 586.5 4 5 35.7 0.953 0 1 0 
623.88 132.3 40.484169 -3.399269 587.9 4 5 36.8 1.138 0 1 0 
624.92 132.7 40.484432 -3.399005 587.9 4 5 37.3 1.576 0 1 0 
625.90 133.4 40.484692 -3.398740 587.7 4 5 37.8 1.025 0 1 0 
627.01 132.9 40.485203 -3.398202 587.6 4 5 37.8 0 1 1 0 
627.91 132.9 40.485203 -3.398202 587.6 4 5 37.8 0 1 1 0 
629.02 134.5 40.485725 -3.397611 587.6 4 5 40.3 2.097 0 1 0 
629.91 134.5 40.485725 -3.397611 587.6 4 5 40.3 2.429 0 1 0 
630.90 136.8 40.485989 -3.397322 588.3 4 5 41.6 1.624 0 1 0 
631.96 139.2 40.486500 -3.396713 588.4 4 5 44.1 2.935 0 1 0 
632.89 139.2 40.486500 -3.396713 588.4 4 5 44.1 2.495 0 1 0 
633.97 141.3 40.487003 -3.396078 588.5 4 5 44.1 0.851 0 1 0 
634.88 141.3 40.487003 -3.396078 588.5 4 5 44.1 0 0 1 0 
635.92 142.2 40.487259 -3.395749 589.0 4 5 45.2 1.162 0 1 0 
636.94 145.4 40.487511 -3.395423 589.2 4 5 44.6 0.594 0 1 0 
637.90 145.8 40.487766 -3.395082 588.9 6 5 45.7 1.055 0 1 0 
638.94 148.8 40.488281 -3.394383 589.7 6 5 46.1 1.406 0 1 0 
639.93 148.8 40.488281 -3.394383 589.7 6 5 46.1 0.352 0 1 0 
640.94 148.0 40.488537 -3.394032 590.0 6 5 46.8 0.703 0 1 0 
641.88 148.1 40.488789 -3.393686 589.9 6 5 46.4 0.352 0 1 0 
642.88 146.5 40.489044 -3.393339 590.1 6 5 46.1 0.703 0 1 0 
643.98 144.8 40.489544 -3.392653 590.0 6 5 46.1 0.352 0 1 0 
644.88 144.8 40.489544 -3.392653 590.0 6 5 46.1 0.352 0 0 0 
645.91 142.3 40.489788 -3.392320 590.0 6 5 46.1 0.352 0 0 0 
646.89 140.4 40.490028 -3.391993 589.5 6 5 46.1 0 1 0 0 
647.92 138.2 40.490269 -3.391665 589.2 6 5 45.0 1.055 2 1 0 
648.89 138.5 40.490513 -3.391344 589.5 6 5 44.6 1.406 0 1 0 
649.93 136.5 40.490753 -3.391042 589.0 6 5 45.7 1.055 0 1 0 
650.89 137.8 40.490993 -3.390727 590.8 6 5 45.7 1.055 0 1 0 
651.90 140.4 40.491234 -3.390409 591.0 6 5 45.9 0.220 0 1 0 
652.98 139.9 40.491722 -3.389753 591.0 6 5 46.1 0.352 0 1 0 
653.90 139.9 40.491722 -3.389753 591.0 6 5 46.1 0.352 0 1 0 
655.08 140.3 40.492199 -3.389101 591.2 6 5 47.1 1.055 0 1 0 
655.99 140.3 40.492439 -3.388763 591.3 6 5 47.8 1.055 0 1 0 
657.00 140.2 40.492664 -3.388416 591.6 6 5 48.9 1.758 0 1 0 
657.89 140.2 40.492664 -3.388416 591.6 6 5 48.9 1.758 0 1 0 
658.99 139.9 40.493137 -3.387758 591.7 6 5 48.9 0.569 0 1 0 
659.96 139.5 40.493374 -3.387429 591.4 6 5 49.5 0.564 0 1 0 
660.90 139.5 40.493374 -3.387429 591.4 6 5 49.5 1.099 0 1 0 
662.01 139.2 40.493832 -3.386733 591.3 6 5 50.7 1.782 0 1 0 
663.03 139.8 40.494057 -3.386386 592.0 6 5 50.7 1.246 0 1 0 
663.99 139.5 40.494278 -3.386036 593.0 6 5 51.1 0 0 1 0 
664.96 138.5 40.494507 -3.385667 591.6 6 5 51.5 0.413 0 1 0 
665.91 138.5 40.494507 -3.385667 591.6 6 5 51.5 0.800 0 1 0 
666.96 138.1 40.494717 -3.385329 591.6 4 5 52.4 1.292 0 1 0 
667.89 137.1 40.494934 -3.384961 590.7 6 5 52.4 0.905 0 1 0 
668.95 136.5 40.495346 -3.384239 591.0 6 5 54.0 1.562 0 1 0 
669.91 136.5 40.495346 -3.384239 591.0 6 5 54.0 1.562 0 0 0 
670.91 136.0 40.495556 -3.383859 592.4 6 5 54.0 0.945 0 0 0 
671.92 134.7 40.495758 -3.383496 591.6 6 5 53.8 0.156 0 0 0 
672.94 134.0 40.495960 -3.383135 591.6 6 5 56.7 2.821 0 0 0 
673.90 133.7 40.496140 -3.382777 590.3 6 5 56.7 2.821 0 0 0 
674.91 132.3 40.496330 -3.382409 590.1 6 5 56.7 0 0 0 0 
675.99 128.1 40.496689 -3.381715 589.6 6 5 57.0 0.772 0 0 0 
676.88 128.1 40.496689 -3.381715 589.6 6 5 57.0 1.152 0 0 0 
677.91 126.5 40.496861 -3.381361 589.3 6 5 56.5 0.661 0 0 0 
678.94 126.5 40.497040 -3.380987 589.2 6 5 55.9 1.130 0 0 0 
679.89 124.3 40.497215 -3.380655 590.4 4 5 56.5 0.573 0 0 0 
680.91 124.4 40.497387 -3.380303 591.1 4 5 56.5 0.573 0 0 0 
681.91 123.7 40.497562 -3.379962 589.2 4 5 56.5 0 0 0 0 
682.89 123.3 40.497715 -3.379633 589.9 4 5 56.5 0 0 0 0 
683.92 122.9 40.497883 -3.379298 590.3 6 5 56.3 0.210 0 0 0 
684.92 123.7 40.498051 -3.378950 590.3 6 5 55.9 0.543 0 0 0 
686.00 126.5 40.498386 -3.378259 590.8 4 5 55.9 0.332 0 0 0 
686.91 126.5 40.498386 -3.378259 590.8 4 5 55.9 0 0 0 0 
687.95 131.0 40.498566 -3.377909 591.3 4 5 55.6 0.365 0 0 0 
688.97 126.0 40.498928 -3.377206 591.8 6 5 56.2 0.622 0 0 0 
689.92 126.0 40.498928 -3.377206 591.8 6 5 56.2 0.622 0 0 0 
691.02 125.1 40.499268 -3.376525 591.8 6 5 56.2 0 0 0 0 
691.88 125.1 40.499268 -3.376525 591.8 6 5 56.2 0 0 0 0 
692.96 124.8 40.499439 -3.376178 592.1 6 5 57.0 0.762 0 0 0 
694.01 124.7 40.499786 -3.375501 593.0 6 5 56.7 0.762 0 0 0 
694.91 124.7 40.499786 -3.375501 593.0 6 5 56.7 0.286 2 0 0 
695.98 126.4 40.500134 -3.374809 592.5 4 5 55.9 0.767 2 0 0 
696.92 126.4 40.500134 -3.374809 592.5 4 5 55.9 0.767 0 0 0 
697.97 122.7 40.500298 -3.374465 592.5 6 5 55.9 0.767 0 0 0 
698.89 123.5 40.500454 -3.374123 591.9 4 5 57.9 2.006 0 0 0 
699.93 123.0 40.500618 -3.373770 592.3 4 5 57.9 2.006 1 0 0 
700.89 122.5 40.500778 -3.373438 592.7 6 5 57.7 0.237 1 0 0 
701.93 122.7 40.500946 -3.373089 593.6 6 5 57.7 0.237 2 1 0 
702.91 122.7 40.501114 -3.372746 592.6 6 5 57.9 0.185 0 1 0 
703.88 122.0 40.501278 -3.372416 593.0 6 5 57.7 0.131 0 1 0 
704.98 122.9 40.501610 -3.371744 593.7 6 5 57.4 0.131 0 1 0 
705.89 122.9 40.501610 -3.371744 593.7 6 5 57.4 0.311 0 1 0 
706.88 122.8 40.501778 -3.371379 593.7 6 5 57.4 0.311 0 1 0 
707.95 121.9 40.501934 -3.371049 594.2 4 5 57.4 0 0 0 0 
708.99 118.9 40.502251 -3.370373 593.4 4 5 54.2 0 2 1 0 
709.99 119.4 40.502399 -3.370043 594.7 4 5 57.8 3.222 0 1 0 
710.93 119.4 40.502399 -3.370043 594.7 4 5 57.8 3.579 0 1 0 
711.88 118.9 40.502544 -3.369709 593.9 4 5 58.4 4.251 0 1 0 
712.88 116.5 40.502693 -3.369395 592.5 4 5 57.5 0.980 2 1 0 
713.92 114.2 40.502838 -3.369065 593.0 4 5 57.5 0.980 0 1 0 
714.88 112.3 40.502956 -3.368773 592.7 4 5 57.9 0.472 0 1 0 
715.98 109.8 40.503239 -3.368145 592.1 4 5 57.9 0.472 2 1 0 
716.90 109.8 40.503239 -3.368145 592.1 4 5 57.9 0 0 1 0 
717.90 110.0 40.503372 -3.367831 592.2 4 5 57.9 0.041 0 1 0 
718.90 112.0 40.503517 -3.367517 592.5 6 5 57.9 0.041 0 1 0 
719.90 113.1 40.503666 -3.367198 593.1 6 5 58.3 0.444 0 1 0 
720.88 113.5 40.503811 -3.366875 593.7 4 5 58.3 0.444 0 1 0 
721.91 107.3 40.503956 -3.366565 594.2 4 5 57.8 0.512 0 1 0 
722.90 101.7 40.504093 -3.366283 594.2 4 5 58.3 0.475 1 1 0 
723.89 95.0 40.504215 -3.366026 593.8 4 5 58.3 0.475 1 1 0 
724.91 90.3 40.504337 -3.365768 592.5 4 5 60.1 1.800 0 2 0 
725.92 88.0 40.504440 -3.365531 592.8 4 5 60.9 2.556 0 2 0 
726.90 87.4 40.504555 -3.365278 592.4 6 5 61.9 1.827 0 2 0 
727.96 86.8 40.504749 -3.364798 592.0 6 5 64.4 2.578 0 2 0 
728.98 87.0 40.504841 -3.364547 591.9 6 5 65.9 2.448 0 2 0 
729.97 86.5 40.504948 -3.364257 591.7 6 5 65.9 2.426 1 2 0 
730.96 85.8 40.505035 -3.364005 591.4 6 5 67.6 1.485 1 2 0 
731.91 85.8 40.505035 -3.364005 591.4 6 5 67.6 1.735 1 2 0 
732.97 83.5 40.505196 -3.363508 590.7 6 5 70.8 3.101 1 2 0 
733.89 83.5 40.505196 -3.363508 590.7 6 5 70.8 3.211 1 2 0 
734.92 84.5 40.505280 -3.363245 590.6 4 5 72.5 3.554 1 2 0 
736.00 82.7 40.505379 -3.362805 590.4 4 5 72.5 1.709 1 3 0 
736.88 82.7 40.505379 -3.362805 590.4 4 5 72.5 0 1 3 0 
738.02 83.2 40.505486 -3.362178 589.8 6 5 76.6 2.718 1 3 0 
738.89 83.2 40.505486 -3.362178 589.8 6 5 76.6 4.124 1 3 0 
739.90 83.5 40.505524 -3.361897 589.3 6 5 78.4 3.164 1 3 0 
741.07 83.4 40.505589 -3.361355 588.4 6 5 82.3 2.812 1 3 0 
741.88 83.4 40.505589 -3.361355 588.4 6 5 82.3 3.867 0 3 0 
742.90 83.1 40.505608 -3.361076 588.0 4 5 85.8 6.328 0 3 0 
743.91 82.2 40.505600 -3.360793 588.2 4 5 88.2 5.977 0 3 0 
744.91 81.1 40.505604 -3.360517 588.0 6 5 89.6 3.867 0 3 0 
