16.67 120.0 1 motorway 3 1 40.505714 -3.355438 1.371 56.2 
18.30 90.0 1 motorway_link 1 1 40.505753 -3.355801 1.013 63.6 
20.76 90.0 1 motorway_link 2 1 40.505772 -3.356218 1.481 70.4 
22.04 90.0 1 motorway_link 2 1 40.505817 -3.356652 0.773 74.1 
23.38 90.0 1 motorway_link 2 1 40.505840 -3.356895 1.110 78.3 
25.30 90.0 1 motorway_link 2 1 40.505875 -3.357421 1.041 85.6 
28.99 90.0 1 motorway_link 2 1 40.505917 -3.357996 2.732 90.0 
30.63 120.0 1 motorway 3 1 40.505978 -3.358848 1.378 92.5 
32.98 120.0 1 motorway 3 1 40.506012 -3.359448 1.725 97.4 
34.31 120.0 1 motorway 3 1 40.506004 -3.360083 1.058 98.2 
37.60 120.0 1 motorway 3 1 40.505985 -3.360723 2.345 99.7 
39.44 120.0 1 motorway 3 1 40.505894 -3.361693 1.180 101.0 
40.87 120.0 1 motorway 3 1 40.505802 -3.362342 0.611 100.6 
42.21 120.0 1 motorway 3 1 40.505749 -3.362663 0.952 96.5 
43.45 120.0 1 motorway 3 1 40.505684 -3.362983 1.194 95.1 
45.48 120.0 1 motorway 3 1 40.505547 -3.363574 1.220 92.2 
48.44 120.0 1 motorway 3 1 40.505390 -3.364143 2.189 93.5 
50.91 120.0 1 motorway 3 1 40.505112 -3.364975 1.654 97.3 
53.15 120.0 1 motorway 3 1 40.504890 -3.365550 1.899 99.0 
55.41 120.0 1 motorway 3 2 40.504639 -3.366112 2.155 103.5 
58.58 120.0 1 motorway 3 2 40.504200 -3.366951 2.327 108.8 
60.42 120.0 1 motorway 3 2 40.503769 -3.367840 1.170 107.9 
66.16 120.0 1 motorway 3 2 40.503475 -3.368456 4.903 116.8 
69.03 120.0 1 motorway 3 2 40.502686 -3.370043 2.770 117.4 
75.78 120.0 1 motorway 3 2 40.502243 -3.371036 6.529 110.0 
77.32 120.0 1 motorway 3 2 40.501148 -3.373220 1.065 110.3 
79.89 120.0 1 motorway 3 2 40.500858 -3.373838 1.631 111.4 
82.75 120.0 1 motorway 3 2 40.500553 -3.374451 2.492 107.1 
84.19 120.0 1 motorway 3 2 40.500103 -3.375357 0.935 106.7 
85.52 120.0 1 motorway 3 2 40.499954 -3.375657 1.266 106.5 
87.06 120.0 1 motorway 3 2 40.499657 -3.376232 0.805 107.9 
88.39 120.0 1 motorway 3 2 40.499512 -3.376525 1.130 109.0 
90.33 120.0 1 motorway 3 2 40.499222 -3.377123 1.074 109.9 
93.19 120.0 1 motorway 3 2 40.498913 -3.377712 1.938 108.4 
95.75 120.0 1 motorway 3 2 40.498604 -3.378288 2.499 103.8 
97.60 120.0 1 motorway 3 2 40.498173 -3.379129 1.343 104.1 
99.27 120.0 1 motorway 3 2 40.497875 -3.379700 1.019 106.2 
101.49 120.0 1 motorway 3 2 40.497578 -3.380282 1.232 106.7 
103.43 120.0 1 motorway 3 2 40.497276 -3.380861 1.176 104.4 
105.37 120.0 1 motorway 3 2 40.496990 -3.381434 1.112 105.0 
107.84 120.0 1 motorway 3 2 40.496696 -3.382004 1.582 105.4 
109.78 120.0 1 motorway 3 2 40.496399 -3.382567 1.520 106.7 
112.06 120.0 1 motorway 3 2 40.496094 -3.383138 1.805 107.2 
113.06 120.0 1 motorway 3 2 40.495781 -3.383706 0.802 107.4 
114.91 120.0 1 motorway 3 2 40.495621 -3.383992 1.657 110.3 
117.97 120.0 1 motorway 3 2 40.495296 -3.384573 2.717 108.1 
122.89 120.0 1 motorway 3 2 40.494801 -3.385414 4.633 105.8 
124.43 120.0 1 motorway 3 2 40.493954 -3.386789 1.174 106.8 
126.72 120.0 1 motorway 3 2 40.493610 -3.387329 1.466 107.7 
129.06 120.0 1 motorway 3 2 40.493259 -3.387859 1.804 107.1 
136.00 120.0 1 motorway 3 2 40.492912 -3.388392 6.746 106.9 
138.76 120.0 1 motorway 3 2 40.491650 -3.390178 2.507 108.6 
141.76 120.0 1 motorway 3 2 40.491096 -3.390942 2.502 110.7 
144.60 120.0 1 motorway 3 2 40.490524 -3.391722 2.346 110.7 
151.36 120.0 1 motorway 3 2 40.489956 -3.392504 6.102 105.2 
154.24 120.0 1 motorway 3 2 40.488655 -3.394260 1.985 102.5 
155.76 120.0 1 motorway 3 2 40.488308 -3.394756 1.504 102.5 
158.51 120.0 1 motorway 3 2 40.487961 -3.395235 2.259 104.1 
175.32 -1.0 -1 - -1 -1 40.487427 -3.395967 16.063 107.9 
177.73 120.0 1 motorway 3 3 40.484135 -3.399584 1.470 109.7 
181.87 120.0 1 motorway 3 3 40.483688 -3.400015 3.619 117.9 
184.07 120.0 1 motorway 3 3 40.482746 -3.400943 1.811 113.1 
185.29 120.0 1 motorway 3 3 40.482292 -3.401381 1.038 114.7 
188.02 120.0 1 motorway 3 3 40.481842 -3.401808 1.763 114.0 
192.01 120.0 1 motorway 3 3 40.481384 -3.402251 3.753 114.9 
194.30 120.0 1 motorway 3 3 40.480457 -3.403123 2.042 115.8 
200.71 120.0 1 motorway 3 3 40.479767 -3.403811 5.459 114.9 
204.09 120.0 1 motorway 3 3 40.478428 -3.405247 2.836 116.3 
205.42 120.0 1 motorway 3 3 40.477833 -3.406054 1.169 116.6 
208.30 120.0 1 motorway 3 3 40.477428 -3.406608 2.036 115.4 
210.85 120.0 1 motorway 3 3 40.476845 -3.407477 1.596 118.0 
213.41 120.0 1 motorway 3 3 40.476460 -3.408080 2.155 118.5 
215.66 120.0 1 motorway 3 3 40.475956 -3.409067 1.408 118.9 
217.30 120.0 1 motorway 3 3 40.475616 -3.409736 1.046 119.3 
219.47 120.0 1 motorway 3 3 40.475304 -3.410380 1.212 118.1 
224.21 120.0 1 motorway 3 3 40.475006 -3.411055 3.956 116.1 
226.54 120.0 1 motorway 3 3 40.474483 -3.412432 2.281 117.2 
229.39 120.0 1 motorway 3 3 40.474129 -3.413501 2.131 117.6 
231.33 120.0 1 motorway 3 3 40.473820 -3.414601 1.077 119.3 
236.45 120.0 1 motorway 3 3 40.473614 -3.415342 4.195 116.2 
239.63 120.0 1 motorway 3 3 40.473179 -3.417144 2.380 115.7 
241.88 120.0 1 motorway 3 3 40.472900 -3.418222 1.618 117.3 
243.31 120.0 1 motorway 3 3 40.472710 -3.418950 1.057 116.5 
255.81 120.0 1 motorway 3 2 40.472527 -3.419662 11.554 112.4 
259.66 120.0 1 motorway 3 2 40.471439 -3.423879 3.405 111.2 
264.40 120.0 1 motorway 3 1 40.471050 -3.425247 4.145 108.1 
268.19 120.0 1 motorway 3 1 40.470577 -3.426906 2.940 105.4 
271.47 90.0 3 motorway_link 2 1 40.470329 -3.427898 3.213 106.6 
275.27 90.0 3 motorway_link 2 1 40.469986 -3.429214 3.015 107.8 
278.13 90.0 3 motorway_link 2 1 40.469650 -3.430581 1.877 102.7 
281.00 90.0 3 motorway_link 2 1 40.469513 -3.431234 2.740 95.6 
284.49 90.0 3 motorway_link 2 1 40.469360 -3.432186 3.240 91.3 
300.88 90.0 3 motorway_link 2 1 40.469177 -3.433356 15.625 97.8 
302.15 120.0 1 motorway 3 1 40.468327 -3.438203 0.892 100.0 
304.65 120.0 1 motorway 3 1 40.468269 -3.438520 2.395 104.2 
307.82 120.0 1 motorway 3 1 40.468082 -3.439521 2.570 105.6 
309.80 120.0 1 motorway 3 1 40.467926 -3.440531 1.545 105.0 
311.41 120.0 1 motorway 3 1 40.467804 -3.441209 1.152 104.9 
313.56 120.0 1 motorway 3 1 40.467720 -3.441888 1.295 103.4 
316.04 120.0 1 motorway 3 1 40.467636 -3.442541 1.785 102.6 
319.71 120.0 1 motorway 3 1 40.467567 -3.443202 3.450 102.7 
328.00 120.0 1 motorway 3 1 40.467442 -3.444521 7.739 96.3 
335.68 120.0 1 motorway 3 1 40.467236 -3.447097 7.424 100.3 
338.04 120.0 2 motorway 3 1 40.467010 -3.449674 1.781 105.0 
339.17 120.0 1 motorway 3 1 40.466961 -3.450360 0.917 105.3 
356.79 120.0 1 motorway 3 1 40.466938 -3.450699 17.535 98.7 
366.42 120.0 1 motorway 3 1 40.466824 -3.456597 9.164 93.8 
380.53 120.0 1 motorway 3 1 40.466965 -3.459764 13.278 91.6 
383.50 120.0 1 motorway 3 1 40.467171 -3.464100 2.248 94.1 
385.15 120.0 1 motorway 3 1 40.467205 -3.465006 0.896 94.6 
386.37 120.0 1 motorway 3 1 40.467205 -3.465321 1.113 95.1 
401.11 120.0 1 motorway 3 1 40.467216 -3.465934 13.856 90.9 
402.50 120.0 1 motorway 3 1 40.467159 -3.470229 1.246 90.8 
404.08 120.0 1 motorway 3 1 40.467117 -3.470816 0.824 90.6 
406.33 120.0 1 motorway 3 1 40.467098 -3.471099 2.077 92.6 
409.85 120.0 1 motorway 3 1 40.467022 -3.471999 2.596 93.3 
411.76 120.0 1 motorway 3 1 40.466911 -3.472913 1.501 90.0 
413.91 120.0 1 motorway 3 1 40.466835 -3.473487 1.655 87.2 
414.94 -1.0 0 track 1 1 40.466774 -3.474043 0.682 87.6 
416.17 120.0 1 motorway 3 1 40.466728 -3.474318 0.911 88.2 
417.49 120.0 1 motorway 3 1 40.466686 -3.474622 1.239 87.2 
420.36 120.0 1 motorway 3 1 40.466591 -3.475191 2.104 87.1 
422.61 120.0 1 motorway 3 1 40.466446 -3.475984 1.359 87.1 
424.56 80.0 1 primary_link 1 1 40.466339 -3.476560 1.305 86.0 
427.19 80.0 1 primary_link 1 1 40.466228 -3.477118 1.935 85.5 
428.35 80.0 1 primary_link 1 1 40.466122 -3.477656 1.090 83.8 
433.70 80.0 1 primary_link 1 1 40.466026 -3.478205 4.437 79.5 
436.37 80.0 1 primary_link 1 1 40.465836 -3.479521 2.116 73.6 
437.97 70.0 1 primary_link 1 1 40.465775 -3.480262 0.715 70.4 
438.71 70.0 1 primary_link 1 1 40.465805 -3.480482 0.457 70.4 
449.55 70.0 1 primary_link 1 1 40.465851 -3.480709 10.287 71.7 
452.28 70.0 1 primary_link 1 1 40.466648 -3.483171 2.029 73.9 
454.78 70.0 1 primary_link 1 1 40.466747 -3.483883 1.524 74.7 
460.24 70.0 1 primary_link 1 1 40.466740 -3.484369 4.986 73.1 
462.45 70.0 1 primary_link 1 1 40.466427 -3.485431 2.196 74.7 
464.44 90.0 3 motorway_link 1 1 40.466061 -3.486000 1.187 76.9 
466.38 90.0 3 motorway_link 1 1 40.465805 -3.486376 1.127 75.7 
468.88 90.0 3 motorway_link 1 1 40.465561 -3.486759 1.621 74.7 
470.44 90.0 3 motorway_link 1 1 40.465302 -3.487160 1.189 74.3 
472.38 50.0 1 primary 1 1 40.465042 -3.487534 1.127 70.5 
475.25 50.0 1 primary 1 1 40.464737 -3.487826 1.994 61.7 
476.51 50.0 1 primary 1 1 40.464424 -3.487924 1.259 60.6 
479.36 50.0 1 primary 1 1 40.464115 -3.487863 2.102 58.2 
481.70 50.0 1 primary 1 1 40.463760 -3.487540 1.449 59.3 
484.92 50.0 1 primary 1 1 40.463627 -3.487194 2.663 65.4 
487.44 50.0 1 primary 1 1 40.463612 -3.486577 2.182 67.3 
489.48 90.0 1 motorway_link 1 1 40.463799 -3.485948 1.229 75.7 
493.69 90.0 1 motorway_link 1 1 40.463940 -3.485488 3.437 84.5 
497.93 90.0 1 motorway_link 1 1 40.464203 -3.484454 3.672 85.9 
515.39 90.0 1 motorway_link 1 1 40.464458 -3.483375 17.128 61.6 
518.22 90.0 1 motorway_link 1 1 40.465527 -3.478951 1.960 70.1 
521.07 90.0 1 motorway_link 1 1 40.465633 -3.478531 2.818 78.6 
526.45 90.0 1 motorway_link 1 1 40.465786 -3.477826 5.195 89.1 
529.13 120.0 1 motorway 4 1 40.466125 -3.476182 1.876 93.3 
531.28 120.0 1 motorway 4 1 40.466240 -3.475609 2.029 96.7 
542.76 120.0 1 motorway 4 1 40.466419 -3.474698 10.504 114.4 
548.36 120.0 1 motorway 4 1 40.466908 -3.470776 5.105 115.9 
553.30 120.0 1 motorway 3 1 40.467033 -3.468570 4.041 115.7 
555.74 120.0 1 motorway 3 1 40.467056 -3.466598 1.473 117.0 
557.33 120.0 1 motorway 3 1 40.467045 -3.465831 1.075 117.1 
560.48 120.0 1 motorway 3 1 40.467030 -3.465070 2.212 117.2 
562.39 120.0 1 motorway 3 1 40.466988 -3.463921 1.136 115.3 
565.27 120.0 1 motorway 3 1 40.466961 -3.463175 2.019 114.5 
570.28 120.0 1 motorway 3 1 40.466919 -3.462063 4.023 117.8 
572.32 120.0 1 motorway 3 1 40.466831 -3.460134 1.070 117.5 
574.67 120.0 1 motorway 3 1 40.466785 -3.459361 1.419 116.6 
576.54 120.0 1 motorway 3 1 40.466747 -3.458596 1.286 115.3 
583.08 120.0 1 motorway 3 1 40.466705 -3.457832 5.823 117.0 
586.05 120.0 1 motorway 3 1 40.466663 -3.455548 2.784 116.6 
588.30 120.0 1 motorway 3 1 40.466663 -3.454419 2.046 117.6 
590.86 120.0 1 motorway 3 1 40.466652 -3.453280 1.606 118.0 
594.04 120.0 1 motorway 3 1 40.466690 -3.452496 2.784 116.7 
598.13 120.0 1 motorway 3 1 40.466736 -3.451318 3.878 111.7 
602.13 120.0 1 motorway 3 1 40.466824 -3.449839 3.860 111.0 
615.87 120.0 1 motorway 3 1 40.466927 -3.448389 13.612 109.6 
618.10 120.0 1 motorway 3 1 40.467381 -3.443304 1.849 108.9 
634.09 -1.0 -1 - -1 -1 40.467438 -3.442594 15.827 100.6 
644.96 120.0 1 motorway 3 1 40.468349 -3.437026 10.701 99.4 
646.28 120.0 1 motorway 3 1 40.468910 -3.433441 1.014 98.3 
649.47 120.0 1 motorway 3 1 40.469002 -3.432800 2.210 96.3 
652.62 120.0 1 motorway 3 1 40.469158 -3.431880 2.364 99.0 
654.66 120.0 1 motorway 3 1 40.469334 -3.430933 1.404 102.0 
657.12 120.0 1 motorway 3 1 40.469456 -3.430280 1.862 104.8 
658.04 120.0 1 motorway 3 1 40.469601 -3.429641 0.781 105.2 
659.69 120.0 1 motorway 3 1 40.469681 -3.429314 1.435 106.0 
668.28 120.0 1 motorway 3 1 40.469826 -3.428647 8.028 99.9 
670.87 120.0 1 motorway 3 1 40.470615 -3.425773 1.606 95.2 
672.51 120.0 1 motorway 3 1 40.470791 -3.425188 1.255 94.7 
686.62 120.0 1 motorway 3 1 40.470959 -3.424607 13.364 94.5 
688.05 120.0 1 motorway 3 1 40.472076 -3.420564 0.791 95.2 
688.92 120.0 1 motorway 3 1 40.472149 -3.420265 0.666 95.3 
690.81 120.0 1 motorway 3 1 40.472229 -3.419961 1.559 95.0 
692.79 120.0 1 motorway 3 1 40.472370 -3.419348 1.533 96.3 
696.01 120.0 1 motorway 3 1 40.472527 -3.418743 2.744 96.4 
699.85 120.0 1 motorway 3 1 40.472752 -3.417835 3.591 95.9 
703.21 120.0 1 motorway 3 1 40.473061 -3.416646 2.954 96.0 
704.83 120.0 1 motorway 3 1 40.473289 -3.415750 1.581 96.0 
706.06 120.0 1 motorway 3 1 40.473438 -3.415147 0.808 95.9 
707.70 120.0 1 motorway 3 1 40.473515 -3.414848 1.444 96.0 
722.16 120.0 1 motorway 3 1 40.473675 -3.414245 13.905 92.5 
727.56 120.0 1 motorway 3 1 40.475132 -3.410316 5.302 91.3 
731.67 120.0 1 motorway 3 1 40.475883 -3.408818 3.417 91.4 
734.24 120.0 1 motorway 3 1 40.476440 -3.407847 1.993 93.9 
736.17 120.0 1 motorway 3 1 40.476723 -3.407372 1.918 95.6 
737.45 120.0 1 motorway 3 1 40.477028 -3.406891 1.197 95.7 
739.54 120.0 1 motorway 3 1 40.477348 -3.406425 1.293 95.5 
741.90 120.0 1 motorway 3 1 40.477665 -3.405962 1.650 95.0 
744.17 120.0 1 motorway 3 1 40.478001 -3.405514 1.916 94.9 
746.45 120.0 1 motorway 3 1 40.478336 -3.405066 2.195 95.4 
748.74 120.0 1 motorway 3 1 40.478870 -3.404439 1.484 95.9 
750.95 120.0 1 motorway 3 1 40.479233 -3.404044 1.697 93.4 
755.48 120.0 1 motorway 3 1 40.479584 -3.403656 4.231 96.1 
757.05 120.0 1 motorway 3 1 40.480526 -3.402745 0.801 95.8 
759.17 120.0 1 motorway 3 1 40.480721 -3.402561 1.920 96.1 
759.92 120.0 1 motorway 3 1 40.481125 -3.402201 0.670 96.6 
761.57 120.0 1 motorway 3 1 40.481323 -3.402004 1.310 96.8 
762.89 120.0 1 motorway 3 1 40.481716 -3.401610 0.641 95.8 
765.45 120.0 1 motorway 3 1 40.481911 -3.401423 2.194 94.9 
768.02 120.0 1 motorway 3 1 40.482483 -3.400884 1.752 94.2 
770.16 120.0 1 motorway 3 1 40.482857 -3.400508 1.909 93.0 
771.84 120.0 1 motorway 3 1 40.483238 -3.400139 1.590 93.3 
774.13 120.0 1 motorway 3 1 40.483608 -3.399779 1.866 92.6 
776.03 120.0 1 motorway 3 1 40.483974 -3.399413 1.777 89.3 
778.28 120.0 1 motorway 3 1 40.484333 -3.399066 2.030 82.9 
781.76 120.0 1 motorway 3 1 40.484840 -3.398580 2.492 82.1 
784.35 120.0 1 motorway 3 1 40.485313 -3.398081 2.096 86.6 
786.89 120.0 1 motorway 3 2 40.485825 -3.397571 1.644 94.7 
793.00 120.0 1 motorway 3 2 40.486179 -3.397187 5.746 107.4 
795.23 120.0 1 motorway 3 2 40.487293 -3.395812 1.979 109.9 
798.38 120.0 1 motorway 3 2 40.487671 -3.395286 3.133 109.0 
799.96 120.0 1 motorway 3 2 40.488434 -3.394273 0.707 109.6 
803.37 120.0 1 motorway 3 2 40.488625 -3.394011 3.119 110.3 
806.24 120.0 1 motorway 3 2 40.489388 -3.392955 1.989 110.0 
806.78 120.0 1 motorway 3 2 40.489769 -3.392429 0.527 110.1 
811.14 120.0 1 motorway 3 2 40.489960 -3.392172 3.891 109.3 
813.37 120.0 1 motorway 3 2 40.490719 -3.391141 2.122 109.9 
815.17 120.0 1 motorway 3 2 40.491302 -3.390362 0.917 109.9 
817.37 120.0 1 motorway 3 2 40.491497 -3.390105 2.116 106.7 
820.04 120.0 1 motorway 3 2 40.492073 -3.389328 1.789 105.3 
823.41 120.0 1 motorway 3 2 40.492428 -3.388825 3.162 104.3 
825.06 120.0 1 motorway 3 2 40.493111 -3.387811 0.813 101.2 
829.31 120.0 1 motorway 3 2 40.493271 -3.387565 4.062 101.2 
831.82 120.0 1 motorway 3 2 40.494068 -3.386310 1.567 97.8 
833.51 120.0 1 motorway 3 2 40.494385 -3.385823 1.252 96.8 
837.03 120.0 1 motorway 3 2 40.494682 -3.385313 2.776 98.5 
838.29 120.0 1 motorway 3 2 40.495121 -3.384540 1.036 99.0 
840.54 120.0 1 motorway 3 2 40.495419 -3.384023 1.281 99.3 
845.19 120.0 1 motorway 3 2 40.495708 -3.383491 3.932 101.5 
847.18 120.0 1 motorway 3 2 40.496277 -3.382420 1.926 101.5 
849.42 120.0 1 motorway 3 2 40.496559 -3.381863 2.167 101.2 
851.44 120.0 1 motorway 3 2 40.496979 -3.381025 1.186 102.3 
858.53 120.0 1 motorway 3 2 40.497261 -3.380470 6.284 104.0 
863.39 120.0 1 motorway 3 2 40.498264 -3.378504 4.142 103.1 
891.92 120.0 1 motorway 3 1 40.498985 -3.377090 27.666 104.3 
892.95 120.0 1 motorway 4 2 40.503025 -3.368649 0.702 105.6 
893.80 120.0 1 motorway 4 2 40.503159 -3.368366 0.552 105.3 
894.99 120.0 1 motorway 4 2 40.503296 -3.368056 0.740 105.6 
895.71 120.0 1 motorway 4 2 40.503429 -3.367761 0.455 105.6 
898.78 120.0 1 motorway 4 2 40.503571 -3.367468 2.523 104.6 
899.81 120.0 1 motorway 4 2 40.503994 -3.366592 0.557 104.0 
901.48 120.0 1 motorway 4 2 40.504128 -3.366310 1.231 103.9 
902.83 120.0 1 motorway 4 2 40.504402 -3.365721 0.579 102.2 
904.52 120.0 1 motorway 4 2 40.504532 -3.365430 1.270 102.3 
906.77 120.0 1 motorway 4 2 40.504780 -3.364833 1.516 102.3 
908.01 120.0 1 motorway 4 2 40.504993 -3.364221 0.753 103.5 
909.66 120.0 1 motorway 4 2 40.505089 -3.363907 1.408 101.3 
911.91 120.0 1 motorway 4 2 40.505268 -3.363280 1.655 105.8 
914.77 120.0 1 motorway 3 2 40.505428 -3.362609 2.509 104.7 
916.63 120.0 1 motorway 3 2 40.505589 -3.361608 1.364 104.1 
918.54 120.0 1 motorway 3 2 40.505653 -3.360927 1.293 100.5 
920.58 120.0 1 motorway 3 2 40.505657 -3.360266 1.327 92.8 
922.13 90.0 1 motorway_link 2 2 40.505669 -3.359667 0.880 83.0 
925.30 90.0 1 motorway_link 2 1 40.505665 -3.359402 3.050 53.5 
