7.32 0.0 40.507305 -3.350181 606.1 30 483 -1 -1 -9 -9 0 
8.32 37.9 40.505657 -3.354337 623.1 16 30 268.9 0 -9 -9 0 
9.32 40.5 40.505695 -3.354385 602.5 3 5 271.8 0 -9 -9 0 
10.32 42.3 40.505699 -3.354594 603.7 3 5 270.7 0 -9 -9 0 
11.32 42.4 40.505714 -3.354750 603.6 3 5 270.7 0 -9 -9 0 
12.30 43.8 40.505703 -3.354894 603.9 3 5 271.8 0 -9 -9 0 
13.33 45.9 40.505695 -3.355060 604.1 3 5 272.5 0 -9 -9 0 
14.30 47.8 40.505711 -3.355242 604.3 3 5 272.8 0 -9 -9 0 
15.32 51.7 40.505714 -3.355438 604.1 3 5 273.9 1.406 0 0 0 
16.37 56.2 40.505718 -3.355600 603.2 3 5 274.2 1.406 0 0 0 
17.31 59.8 40.505753 -3.355800 602.3 3 5 274.2 0.352 0 0 0 
18.28 63.6 40.505756 -3.355998 602.2 3 5 274.9 0.703 0 0 0 
19.32 67.1 40.505772 -3.356217 602.1 3 5 275.3 1.055 0 0 0 
20.35 67.5 40.505795 -3.356427 601.8 3 5 275.6 0.703 1 0 0 
21.29 70.4 40.505817 -3.356652 601.5 3 5 276.0 0.703 2 1 0 
22.30 74.1 40.505840 -3.356894 601.0 3 5 275.6 0.352 0 1 0 
23.35 78.3 40.505859 -3.357149 600.8 3 5 274.9 1.055 2 1 0 
24.30 81.9 40.505875 -3.357421 600.7 3 5 274.6 1.055 0 1 0 
25.29 85.6 40.505894 -3.357705 600.3 3 5 275.3 0.703 0 1 0 
26.27 88.2 40.505917 -3.357996 600.3 3 5 275.3 0.703 0 1 0 
27.29 87.5 40.505939 -3.358270 599.0 3 5 276.0 0.703 0 1 0 
28.32 87.6 40.505959 -3.358556 598.2 3 5 276.7 1.406 0 1 0 
29.27 90.0 40.505978 -3.358848 598.3 3 5 275.3 1.406 0 1 0 
30.26 92.5 40.506001 -3.359150 599.3 3 5 274.2 2.461 0 1 0 
31.27 91.2 40.506012 -3.359448 600.6 3 5 273.2 2.109 0 1 0 
32.26 95.6 40.506012 -3.359761 601.3 3 5 270.0 4.219 0 1 0 
33.26 97.4 40.506004 -3.360083 600.7 3 5 267.9 5.313 0 1 0 
34.26 98.2 40.505997 -3.360393 601.1 3 5 267.9 2.149 0 1 0 
35.27 98.9 40.505985 -3.360722 602.7 3 5 266.7 1.195 0 1 0 
36.27 99.2 40.505966 -3.361052 601.6 3 5 265.2 2.695 0 1 0 
37.29 99.7 40.505936 -3.361371 601.8 3 5 263.8 2.808 0 1 0 
38.27 100.3 40.505894 -3.361692 604.8 3 5 260.8 4.306 1 1 0 
39.26 101.0 40.505852 -3.362021 604.2 3 5 260.3 3.574 0 1 0 
40.32 101.8 40.505802 -3.362341 604.7 3 5 258.2 2.662 0 1 0 
41.27 100.6 40.505749 -3.362663 604.5 3 5 257.0 3.298 1 1 0 
42.26 96.5 40.505684 -3.362982 606.0 3 5 254.3 3.883 1 1 0 
43.26 95.1 40.505619 -3.363281 604.7 3 5 253.5 3.479 1 1 0 
44.26 92.8 40.505547 -3.363574 604.2 3 5 252.0 2.292 1 2 0 
45.28 92.2 40.505474 -3.363865 602.4 3 5 249.6 3.897 1 2 0 
46.26 90.2 40.505390 -3.364143 603.1 3 5 249.6 2.414 1 2 0 
47.30 92.2 40.505302 -3.364423 604.7 3 5 246.6 2.954 1 2 0 
48.30 93.5 40.505211 -3.364705 604.7 3 5 246.6 2.954 1 2 0 
49.30 92.3 40.505112 -3.364975 605.4 3 5 244.8 1.845 1 2 0 
50.27 96.6 40.505001 -3.365267 606.4 3 5 242.0 4.669 0 2 0 
51.27 97.3 40.504890 -3.365549 605.9 3 5 241.7 3.100 0 2 0 
52.31 97.2 40.504765 -3.365823 606.6 4 5 240.3 1.720 0 2 0 
53.29 99.0 40.504639 -3.366111 606.0 4 5 238.9 2.802 2 2 0 
54.27 101.2 40.504490 -3.366385 606.3 4 5 238.2 2.042 0 2 0 
55.27 103.5 40.504349 -3.366664 607.9 4 5 238.2 0.684 0 2 0 
56.27 105.7 40.504200 -3.366951 608.0 4 5 238.2 0 0 2 0 
57.28 106.2 40.504059 -3.367242 610.6 4 5 236.5 1.667 0 2 0 
58.27 108.8 40.503918 -3.367540 609.7 4 5 236.5 1.667 0 2 0 
59.34 110.5 40.503769 -3.367840 608.1 4 5 236.5 0 0 2 0 
60.27 107.9 40.503632 -3.368159 610.2 4 5 237.7 1.199 0 2 0 
61.27 112.7 40.503475 -3.368456 610.5 4 5 237.5 0.959 0 2 0 
62.31 114.2 40.503319 -3.368767 607.9 3 5 237.5 0.240 0 2 0 
63.27 115.3 40.503162 -3.369088 609.1 3 5 237.5 0 0 2 0 
64.27 115.9 40.503006 -3.369401 609.5 3 5 236.7 0.765 0 2 0 
65.34 116.4 40.502842 -3.369733 603.8 3 5 237.0 0.496 0 2 0 
66.27 116.8 40.502686 -3.370043 596.4 4 5 237.0 0.270 0 2 0 
67.28 117.0 40.502529 -3.370363 596.6 4 5 247.6 10.637 0 2 0 
68.29 117.4 40.502396 -3.370707 596.0 3 5 242.8 5.786 0 2 0 
69.27 117.4 40.502243 -3.371035 597.4 3 5 241.4 6.223 0 2 0 
70.26 117.1 40.502041 -3.371342 598.6 3 5 237.3 5.491 0 2 0 
71.31 117.0 40.501884 -3.371678 599.4 3 5 237.7 3.768 0 2 0 
72.26 115.5 40.501740 -3.371998 595.9 4 5 237.3 0.352 0 2 0 
73.36 114.7 40.501587 -3.372311 596.5 4 5 237.7 0.352 0 2 0 
74.28 112.9 40.501438 -3.372613 597.8 4 5 237.3 0.352 1 2 0 
75.33 111.5 40.501297 -3.372915 596.1 4 5 237.3 0.352 0 2 0 
76.27 110.0 40.501148 -3.373220 596.0 4 5 237.3 0 0 2 0 
77.34 110.3 40.501003 -3.373520 596.0 3 5 237.3 0 0 2 0 
78.31 110.2 40.500858 -3.373838 595.7 3 5 237.0 0.352 0 2 0 
79.33 110.9 40.500706 -3.374144 595.3 4 5 237.3 0.352 0 2 0 
80.34 111.4 40.500553 -3.374451 594.9 4 5 237.0 0.352 0 2 0 
81.31 110.2 40.500401 -3.374758 594.8 3 5 237.3 0.352 0 2 0 
82.26 108.6 40.500248 -3.375059 594.5 3 5 237.3 0.352 0 2 0 
83.28 107.1 40.500103 -3.375356 594.2 4 5 237.0 0.352 0 2 0 
84.26 106.7 40.499954 -3.375657 594.3 4 5 236.6 0.703 0 2 0 
85.29 106.5 40.499805 -3.375942 593.9 4 5 236.6 0.352 0 2 0 
86.27 106.6 40.499657 -3.376232 594.0 4 5 236.6 0 0 2 0 
87.30 107.9 40.499512 -3.376524 593.7 4 5 236.2 0.352 0 2 0 
88.30 109.0 40.499371 -3.376819 593.6 4 5 235.9 0.703 0 2 0 
89.28 109.9 40.499222 -3.377123 593.6 4 5 235.5 0.703 0 2 0 
90.27 109.9 40.499065 -3.377420 593.2 4 5 235.5 0.352 0 2 0 
91.29 108.3 40.498913 -3.377712 593.0 4 5 235.9 0.352 1 2 0 
92.26 108.1 40.498760 -3.378005 592.3 4 5 236.6 1.055 0 2 0 
93.28 108.4 40.498604 -3.378288 592.3 4 5 236.2 0.352 0 2 0 
94.28 104.1 40.498455 -3.378562 592.1 4 5 236.2 0.352 1 2 0 
95.26 103.8 40.498310 -3.378845 592.2 4 5 236.2 0 1 2 0 
96.27 103.8 40.498173 -3.379129 592.2 4 5 235.9 0.352 1 2 0 
97.32 104.1 40.498024 -3.379415 592.0 3 5 236.2 0.352 1 2 0 
98.26 105.0 40.497875 -3.379700 591.7 3 5 236.6 0.703 0 2 0 
99.28 106.2 40.497726 -3.379986 591.7 3 5 236.6 0.352 0 2 0 
100.26 107.1 40.497578 -3.380282 591.4 3 5 236.6 0 0 2 0 
101.26 106.7 40.497425 -3.380573 591.3 3 5 236.6 0 0 2 0 
102.26 105.5 40.497276 -3.380861 590.9 3 5 236.2 0.352 0 2 0 
103.33 104.4 40.497135 -3.381146 592.5 3 5 236.6 0.352 0 2 0 
104.30 104.3 40.496990 -3.381434 594.7 3 5 236.6 0.352 0 2 0 
105.28 105.0 40.496845 -3.381718 594.0 3 5 236.6 0 1 2 0 
106.27 105.0 40.496696 -3.382003 591.1 3 5 236.2 0.352 0 2 0 
107.26 105.1 40.496548 -3.382283 590.3 3 5 236.2 0.352 0 1 0 
108.27 105.4 40.496399 -3.382567 591.0 3 5 235.9 0.352 0 1 0 
109.28 106.2 40.496250 -3.382850 591.5 3 5 235.9 0.352 0 1 0 
110.31 106.7 40.496094 -3.383138 592.5 3 5 235.5 0.352 0 1 0 
111.28 106.6 40.495941 -3.383425 593.1 3 5 234.8 1.055 0 1 0 
112.27 107.2 40.495781 -3.383705 593.5 3 5 234.5 1.055 0 1 0 
113.29 107.4 40.495621 -3.383992 593.2 3 5 234.1 0.703 1 1 0 
114.32 107.9 40.495461 -3.384279 593.3 3 5 233.8 0.703 0 1 0 
115.28 110.3 40.495296 -3.384573 593.6 3 5 233.4 0.703 0 1 0 
116.29 109.3 40.495129 -3.384856 593.7 3 5 232.7 1.055 0 1 0 
117.30 108.0 40.494965 -3.385132 594.5 3 5 232.7 0.703 0 1 0 
118.27 108.1 40.494801 -3.385414 595.3 3 5 232.0 0.703 0 1 0 
119.29 108.3 40.494629 -3.385691 595.6 3 5 232.0 0.703 0 1 0 
120.27 108.4 40.494461 -3.385970 595.4 3 5 231.7 0.352 0 1 0 
121.28 108.6 40.494289 -3.386248 595.0 3 5 231.3 0.703 0 1 0 
122.27 107.4 40.494122 -3.386518 594.8 3 5 231.3 0.352 0 1 0 
123.29 105.8 40.493954 -3.386789 594.8 3 5 230.6 0.703 0 1 0 
124.29 106.8 40.493786 -3.387062 594.9 3 5 230.3 1.055 0 1 0 
125.29 108.0 40.493610 -3.387329 595.4 3 5 229.6 1.055 0 1 0 
126.28 107.7 40.493435 -3.387594 595.2 3 5 229.6 0.703 0 1 0 
127.26 107.2 40.493259 -3.387859 594.6 3 5 229.2 0.352 0 1 0 
128.28 107.5 40.493088 -3.388125 594.8 3 5 229.2 0.352 0 1 0 
129.26 107.1 40.492912 -3.388392 595.0 3 5 228.9 0.352 0 1 0 
130.26 105.6 40.492737 -3.388655 594.9 3 5 228.2 1.055 0 1 0 
131.31 105.8 40.492558 -3.388907 595.3 3 5 227.5 1.406 0 1 0 
132.34 106.0 40.492378 -3.389161 595.2 3 5 227.5 0.703 0 1 0 
133.31 106.5 40.492195 -3.389415 595.5 3 5 227.1 0.352 0 1 0 
134.28 106.9 40.492016 -3.389669 596.2 3 5 226.8 0.703 0 1 0 
135.26 106.8 40.491833 -3.389921 596.3 3 5 226.8 0.352 0 1 0 
136.29 106.9 40.491650 -3.390178 595.7 3 5 226.4 0.352 0 1 0 
137.28 107.7 40.491459 -3.390434 594.9 3 5 225.7 1.055 0 1 0 
138.34 107.9 40.491280 -3.390691 594.7 3 5 225.7 0.703 0 1 0 
139.28 108.6 40.491096 -3.390941 594.5 3 5 225.7 0 0 1 0 
140.28 109.2 40.490910 -3.391200 595.1 3 5 226.1 0.352 0 1 0 
141.29 110.7 40.490726 -3.391464 594.7 3 5 225.7 0.352 0 1 0 
142.28 111.2 40.490524 -3.391722 594.5 4 5 225.7 0.352 0 1 0 
143.30 111.1 40.490341 -3.391979 594.7 4 5 226.1 0.352 0 1 0 
144.29 110.7 40.490150 -3.392239 594.0 4 5 226.1 0.352 0 1 0 
145.30 109.5 40.489956 -3.392503 594.0 4 5 226.1 0 0 1 0 
146.32 108.5 40.489773 -3.392765 593.5 4 5 226.1 0 0 1 0 
147.28 109.4 40.489582 -3.393022 593.5 4 5 226.4 0.352 0 1 0 
148.32 107.0 40.489388 -3.393273 594.7 4 5 226.1 0.352 0 1 0 
149.26 106.4 40.489216 -3.393513 594.9 4 5 226.1 0.352 0 1 0 
150.26 106.2 40.489040 -3.393762 593.4 4 5 226.1 0 0 1 0 
151.26 105.2 40.488853 -3.394010 592.8 4 5 226.1 0 0 1 0 
152.26 103.9 40.488655 -3.394260 592.6 4 5 226.1 0 0 0 0 
153.30 103.5 40.488480 -3.394509 593.2 4 5 226.4 0.352 0 0 0 
154.26 102.5 40.488308 -3.394756 593.3 4 5 226.4 0.352 0 0 0 
155.26 102.2 40.488136 -3.394986 592.5 4 5 226.4 0 0 0 0 
156.26 102.5 40.487961 -3.395235 591.9 3 5 226.1 0.352 0 0 0 
157.26 104.1 40.487785 -3.395473 592.0 4 5 225.7 0.703 0 0 0 
158.27 104.1 40.487602 -3.395724 592.5 4 5 225.4 0.703 0 0 0 
159.27 103.9 40.487427 -3.395966 592.9 4 5 225.0 0.703 0 0 0 
160.28 103.7 40.487240 -3.396205 592.0 3 5 224.6 0.703 1 0 0 
161.29 101.8 40.487061 -3.396436 592.0 4 5 223.2 1.758 0 0 0 
162.32 101.2 40.486881 -3.396656 592.1 4 5 222.9 1.758 0 0 0 
163.33 100.4 40.486694 -3.396877 592.3 3 5 222.5 0.703 0 0 0 
164.30 99.6 40.486523 -3.397077 592.8 3 5 222.2 0.703 0 0 0 
165.27 100.7 40.486340 -3.397287 592.2 4 5 222.2 0.352 0 0 0 
166.31 100.8 40.486141 -3.397511 591.8 3 5 221.2 0.943 0 0 0 
167.25 99.5 40.485939 -3.397722 591.7 3 5 220.4 1.803 0 0 0 
168.30 98.1 40.485748 -3.397928 591.6 3 5 220.4 0.860 0 0 0 
169.29 96.9 40.485561 -3.398147 591.4 3 5 219.7 0.640 0 0 0 
170.27 96.7 40.485374 -3.398353 592.3 3 5 218.5 1.861 0 0 0 
171.28 98.1 40.485191 -3.398550 591.5 4 5 218.0 1.721 0 0 0 
172.31 100.9 40.484989 -3.398745 591.8 4 5 218.0 0.500 0 0 0 
173.28 104.2 40.484779 -3.398951 591.5 4 5 217.3 0.764 0 0 0 
174.27 106.0 40.484573 -3.399164 591.5 4 5 216.4 1.623 0 0 0 
175.27 107.9 40.484352 -3.399373 591.4 4 5 216.4 0.859 0 0 0 
176.28 109.7 40.484135 -3.399583 591.4 4 5 216.4 0 0 0 0 
177.30 109.7 40.483910 -3.399799 591.9 4 5 216.9 0.516 0 0 0 
178.27 112.5 40.483688 -3.400015 592.4 4 5 216.9 0.516 0 0 0 
179.30 114.8 40.483463 -3.400240 592.7 4 5 216.9 0 0 0 0 
180.26 116.1 40.483227 -3.400471 591.6 4 5 216.9 0 0 0 0 
181.30 116.2 40.482986 -3.400706 589.9 4 5 217.6 0.636 0 0 0 
182.32 117.9 40.482746 -3.400943 589.5 4 5 216.7 0.861 0 0 0 
183.27 114.6 40.482533 -3.401150 589.2 4 5 216.7 0.861 0 0 0 
184.29 113.1 40.482292 -3.401381 588.6 4 5 217.3 0.612 0 0 0 
185.27 114.7 40.482067 -3.401594 588.2 4 5 216.3 0.960 0 0 0 
186.28 112.9 40.481842 -3.401808 587.9 6 5 216.3 0.960 0 0 0 
187.28 113.1 40.481613 -3.402023 588.3 4 5 216.3 0 0 0 0 
188.27 114.0 40.481384 -3.402251 588.2 4 5 216.3 0 0 0 0 
189.30 115.5 40.481155 -3.402466 588.4 4 5 216.3 0 0 0 0 
190.30 114.4 40.480915 -3.402695 587.3 4 5 216.3 0 0 0 0 
191.33 114.6 40.480682 -3.402910 586.7 4 5 216.9 0.555 0 0 0 
192.28 114.9 40.480457 -3.403123 586.6 4 5 216.9 0.526 0 0 0 
193.34 114.7 40.480221 -3.403359 586.5 4 5 216.7 0.243 0 0 0 
194.31 115.8 40.479992 -3.403583 586.4 3 5 217.1 0.405 0 0 0 
195.26 117.5 40.479767 -3.403810 585.8 4 5 217.1 0.405 0 0 0 
196.28 116.7 40.479523 -3.404056 585.6 4 5 217.5 0.404 0 0 0 
197.26 117.2 40.479301 -3.404284 585.4 4 5 220.2 3.145 0 0 0 
198.28 115.0 40.479069 -3.404532 585.2 4 5 221.4 3.977 0 0 0 
199.34 114.7 40.478848 -3.404772 584.5 4 5 221.4 1.236 0 0 0 
200.28 114.9 40.478626 -3.405014 584.6 4 5 222.4 0.969 0 0 0 
201.32 116.1 40.478428 -3.405246 585.1 4 5 222.9 1.449 0 0 0 
202.33 115.5 40.478218 -3.405514 585.2 6 5 223.9 1.535 0 0 0 
203.35 115.6 40.478031 -3.405778 584.4 6 5 225.0 2.109 0 0 0 
204.27 116.3 40.477833 -3.406053 583.4 4 5 225.4 1.406 0 0 0 
205.30 116.6 40.477631 -3.406323 583.0 4 5 226.8 1.758 0 0 0 
206.35 116.3 40.477428 -3.406607 582.3 4 5 227.5 2.109 0 0 0 
207.31 117.4 40.477234 -3.406902 582.3 4 5 228.5 1.758 0 0 0 
208.27 115.4 40.477039 -3.407184 582.0 4 5 228.9 1.406 0 0 0 
209.26 117.5 40.476845 -3.407476 581.8 4 5 229.6 1.055 0 0 0 
210.26 118.6 40.476654 -3.407775 582.2 4 5 231.0 2.109 0 0 0 
211.32 118.0 40.476460 -3.408080 581.7 4 5 231.7 2.109 0 0 0 
212.28 118.4 40.476280 -3.408399 581.8 4 5 233.1 2.109 0 0 0 
213.27 118.5 40.476120 -3.408736 582.1 4 5 234.5 2.812 0 0 0 
214.32 118.5 40.475956 -3.409067 582.0 4 5 235.5 2.461 0 0 0 
215.33 118.9 40.475784 -3.409410 581.7 4 5 235.9 1.406 0 0 0 
216.26 118.8 40.475616 -3.409735 582.0 4 5 237.3 1.758 0 0 0 
217.26 119.3 40.475464 -3.410043 581.6 4 5 238.4 2.461 0 0 0 
218.26 118.6 40.475304 -3.410379 582.0 4 5 239.1 1.758 0 0 0 
219.26 118.1 40.475159 -3.410722 582.2 4 5 240.1 1.758 0 0 0 
220.28 117.4 40.475006 -3.411055 582.1 4 5 240.5 1.406 0 0 0 
221.26 117.3 40.474865 -3.411405 582.1 4 5 241.2 1.055 0 0 0 
222.26 116.6 40.474739 -3.411738 582.9 4 5 243.3 2.812 0 0 0 
223.26 117.5 40.474609 -3.412089 582.7 4 5 244.7 3.516 0 0 0 
224.27 116.1 40.474483 -3.412432 583.4 4 5 244.7 1.406 0 0 0 
225.26 117.0 40.474365 -3.412786 583.8 4 5 245.0 0.352 0 0 0 
226.27 117.2 40.474243 -3.413143 583.6 4 5 246.4 1.758 0 0 0 
227.34 116.2 40.474129 -3.413500 582.8 3 5 246.8 1.758 0 0 0 
228.28 116.6 40.474014 -3.413847 583.9 3 5 247.9 1.406 0 0 0 
229.28 117.6 40.473911 -3.414237 584.3 4 5 248.9 2.109 0 0 0 
230.27 118.5 40.473820 -3.414601 584.9 4 5 250.3 2.461 0 0 0 
231.27 119.3 40.473705 -3.414965 586.1 4 5 251.0 2.109 0 0 0 
232.27 120.3 40.473614 -3.415342 586.9 4 5 251.7 1.406 0 0 0 
233.31 120.9 40.473534 -3.415715 586.8 4 5 252.4 1.406 0 0 0 
234.27 118.3 40.473442 -3.416087 586.5 4 5 252.4 0.703 0 0 0 
235.27 116.4 40.473358 -3.416463 586.7 4 5 252.1 0.352 0 0 0 
236.27 116.2 40.473270 -3.416806 586.7 4 5 251.7 0.703 0 0 0 
237.26 114.2 40.473179 -3.417143 587.4 4 5 250.3 1.758 0 0 0 
238.32 115.7 40.473087 -3.417495 587.4 4 5 251.7 1.406 0 0 0 
239.34 115.7 40.472996 -3.417855 586.2 4 5 251.7 1.406 0 0 0 
240.27 116.6 40.472900 -3.418222 586.5 3 5 251.7 0 0 0 0 
241.27 117.0 40.472805 -3.418585 586.0 4 5 251.7 0 0 0 0 
242.27 117.3 40.472710 -3.418949 585.5 4 5 251.7 0 0 0 0 
243.26 116.5 40.472622 -3.419299 584.8 3 5 251.7 0 0 0 0 
244.28 117.1 40.472527 -3.419662 584.3 4 5 252.4 0.703 1 0 0 
245.29 116.1 40.472450 -3.420028 582.9 4 5 252.8 1.055 2 0 0 
246.25 115.3 40.472370 -3.420378 582.9 4 5 253.1 0.703 0 0 0 
247.28 114.4 40.472282 -3.420734 581.6 3 5 252.1 1.055 0 0 0 
248.28 112.8 40.472195 -3.421091 581.5 3 5 251.4 1.758 1 0 0 
249.27 112.4 40.472103 -3.421446 582.0 3 5 251.0 1.055 1 0 0 
250.27 111.8 40.472012 -3.421798 583.0 3 5 250.3 1.055 1 0 0 
251.26 111.1 40.471924 -3.422151 579.3 4 5 250.3 0.703 1 0 0 
252.33 110.9 40.471828 -3.422499 578.4 4 5 250.3 0 0 0 0 
253.28 111.4 40.471729 -3.422847 580.0 3 5 250.0 0.352 0 0 0 
254.28 111.5 40.471630 -3.423195 581.0 3 5 250.0 0.352 0 0 0 
255.27 112.4 40.471535 -3.423535 581.0 4 5 249.6 0.352 0 0 0 
256.28 112.4 40.471439 -3.423878 581.4 4 5 249.6 0.352 0 0 0 
257.35 112.2 40.471344 -3.424214 578.7 4 5 249.3 0.352 0 0 0 
258.35 112.2 40.471245 -3.424570 577.5 4 5 249.3 0.352 0 0 0 
259.29 111.2 40.471142 -3.424911 578.1 4 5 249.3 0 0 0 0 
260.28 111.5 40.471050 -3.425246 578.7 3 5 248.9 0.352 0 0 0 
261.28 110.2 40.470955 -3.425578 578.4 3 5 248.6 0.703 0 0 0 
262.28 109.3 40.470852 -3.425900 577.5 3 5 248.9 0.352 1 0 0 
263.27 109.7 40.470753 -3.426233 577.3 3 5 250.0 1.406 2 1 0 
264.26 108.1 40.470665 -3.426570 577.2 3 5 250.7 1.758 0 1 0 
265.27 106.5 40.470577 -3.426906 577.6 4 5 251.0 1.055 0 1 0 
266.29 106.1 40.470486 -3.427227 578.3 4 5 251.0 0.352 0 1 0 
267.26 106.5 40.470409 -3.427564 578.6 4 5 251.0 0 0 1 0 
268.27 105.4 40.470329 -3.427897 579.3 4 5 250.7 0.352 0 1 0 
269.26 105.4 40.470238 -3.428222 579.4 4 5 251.0 0.352 0 1 0 
270.26 106.2 40.470154 -3.428546 580.1 3 5 251.0 0.352 0 1 0 
271.26 106.6 40.470070 -3.428861 580.7 3 5 251.0 0 0 1 0 
272.33 107.5 40.469986 -3.429214 581.1 4 5 251.4 0.352 0 1 0 
273.30 107.9 40.469906 -3.429557 581.6 4 5 251.7 0.703 0 1 0 
274.26 108.4 40.469814 -3.429907 582.0 4 5 252.8 1.406 0 1 0 
275.28 107.8 40.469734 -3.430248 582.3 4 5 253.8 2.109 0 1 0 
276.31 106.5 40.469650 -3.430580 582.8 4 5 254.2 1.406 0 1 0 
277.26 104.8 40.469585 -3.430901 583.3 4 5 255.6 1.758 0 1 0 
278.31 102.7 40.469513 -3.431234 584.0 4 5 256.6 2.461 0 1 0 
279.26 100.4 40.469460 -3.431547 584.6 4 5 257.0 1.406 1 1 0 
280.26 98.4 40.469410 -3.431880 584.9 4 5 257.7 1.055 0 1 0 
281.26 95.6 40.469360 -3.432186 585.2 4 5 258.0 1.055 0 1 0 
282.27 94.8 40.469307 -3.432484 585.4 4 5 258.0 0.352 0 1 0 
283.26 92.4 40.469254 -3.432782 585.7 4 5 258.4 0.352 0 1 0 
284.32 91.3 40.469215 -3.433076 585.7 4 5 259.1 1.055 0 1 0 
285.26 91.4 40.469177 -3.433355 585.7 4 5 258.8 0.352 0 1 0 
286.26 91.7 40.469128 -3.433650 586.1 4 5 258.8 0.352 0 1 0 
287.27 92.1 40.469090 -3.433952 586.5 4 5 258.0 0.703 1 1 0 
288.29 91.7 40.469044 -3.434260 586.9 4 5 256.6 2.109 0 1 0 
289.35 90.3 40.468994 -3.434555 586.8 4 5 255.9 2.109 0 1 0 
290.28 91.5 40.468937 -3.434849 587.0 4 5 256.6 0.703 0 1 0 
291.34 92.2 40.468887 -3.435139 587.3 4 5 257.7 1.758 0 1 0 
292.27 93.8 40.468834 -3.435426 588.1 4 5 258.0 1.406 0 1 0 
293.26 96.3 40.468777 -3.435723 587.6 4 5 257.7 0.352 0 1 0 
294.26 97.4 40.468719 -3.436012 588.5 4 5 257.3 0.703 0 1 0 
295.35 99.9 40.468674 -3.436332 589.1 4 5 257.3 0.352 0 1 0 
296.31 100.3 40.468613 -3.436653 587.9 4 5 257.0 0.352 0 1 0 
297.34 99.6 40.468552 -3.436969 587.2 4 5 257.0 0.352 0 1 0 
298.26 98.2 40.468487 -3.437280 586.7 4 5 257.0 0 0 1 0 
299.27 96.2 40.468437 -3.437583 588.2 4 5 257.0 0 0 1 0 
300.27 97.4 40.468384 -3.437895 588.1 4 5 257.3 0.352 0 1 0 
301.28 97.8 40.468327 -3.438202 586.9 4 5 257.0 0.352 0 1 0 
302.28 100.0 40.468269 -3.438520 585.8 4 5 257.0 0.352 1 1 0 
303.34 101.8 40.468208 -3.438844 585.6 4 5 257.0 0 1 1 0 
304.29 104.2 40.468143 -3.439180 585.3 4 5 256.6 0.352 1 1 0 
305.28 105.7 40.468082 -3.439520 585.3 4 5 256.6 0.352 1 1 0 
306.28 106.2 40.468033 -3.439845 585.5 4 5 257.0 0.352 0 1 0 
307.26 106.0 40.467983 -3.440195 585.7 4 5 257.3 0.703 0 1 0 
308.28 105.6 40.467926 -3.440531 583.9 4 5 258.0 1.055 0 1 0 
309.28 105.5 40.467865 -3.440872 583.7 4 5 258.4 1.055 0 1 0 
310.30 105.0 40.467804 -3.441208 583.4 4 5 258.8 0.703 0 1 0 
311.26 104.9 40.467758 -3.441545 583.3 4 5 260.2 1.758 0 1 0 
312.27 104.0 40.467720 -3.441888 583.4 4 5 260.9 2.109 0 1 0 
313.28 103.4 40.467674 -3.442216 582.9 4 5 261.2 1.055 0 1 0 
314.28 101.9 40.467636 -3.442540 582.6 4 5 261.6 0.703 0 1 0 
315.28 102.3 40.467602 -3.442874 583.9 4 5 262.3 1.055 0 1 0 
316.26 102.6 40.467567 -3.443202 583.6 4 5 262.6 1.055 0 1 0 
317.26 102.2 40.467533 -3.443540 582.5 3 5 263.7 1.406 0 1 0 
318.28 102.9 40.467503 -3.443856 582.3 4 5 263.7 1.055 0 1 0 
319.29 102.7 40.467480 -3.444182 582.4 4 5 263.7 0 0 1 0 
320.28 103.4 40.467442 -3.444521 582.0 4 5 263.3 0.352 0 1 0 
321.32 101.2 40.467426 -3.444860 581.8 4 5 263.7 0.352 0 1 0 
322.27 100.2 40.467396 -3.445186 581.8 4 5 263.7 0.352 0 1 0 
323.26 99.1 40.467369 -3.445507 582.9 4 5 263.7 0 0 1 0 
324.29 100.7 40.467346 -3.445824 583.0 4 5 263.7 0 0 1 0 
325.26 101.4 40.467316 -3.446147 582.5 4 5 263.3 0.352 0 1 0 
326.30 98.5 40.467289 -3.446466 582.4 4 5 264.0 0.703 0 1 0 
327.26 97.7 40.467262 -3.446785 582.6 3 5 264.0 0.703 0 1 0 
328.26 96.3 40.467236 -3.447096 582.7 3 5 263.7 0.352 0 1 0 
329.26 96.1 40.467201 -3.447406 582.0 4 5 263.3 0.703 0 1 0 
330.26 95.8 40.467175 -3.447728 582.0 3 5 263.7 0.352 0 1 0 
331.26 96.6 40.467144 -3.448043 581.8 3 5 264.4 1.055 0 1 0 
332.26 98.3 40.467113 -3.448367 581.8 3 5 264.0 0.352 0 1 0 
333.26 98.1 40.467094 -3.448693 582.3 3 5 264.0 0.352 0 1 0 
334.26 99.5 40.467068 -3.449021 583.2 3 5 263.3 0.703 0 1 0 
335.36 100.3 40.467037 -3.449346 583.0 3 5 263.3 0.703 0 1 0 
336.27 100.8 40.467010 -3.449673 582.6 3 5 264.0 0.703 0 1 0 
337.28 103.0 40.466988 -3.450016 582.6 3 5 264.4 1.055 0 1 0 
338.33 105.0 40.466961 -3.450360 583.2 3 5 264.7 0.703 0 1 0 
339.27 105.3 40.466938 -3.450698 583.7 3 5 265.1 0.703 0 1 0 
340.26 106.5 40.466911 -3.451035 584.3 3 5 265.4 0.703 0 0 0 
341.27 105.9 40.466904 -3.451350 584.1 4 5 266.1 1.055 0 0 0 
342.31 104.3 40.466892 -3.451678 583.5 4 5 266.1 0.703 0 0 0 
343.28 103.1 40.466873 -3.452025 583.8 4 5 265.8 0.352 0 0 0 
344.28 101.6 40.466858 -3.452346 583.7 4 5 266.1 0.352 0 0 0 
345.28 100.6 40.466843 -3.452677 583.8 4 5 266.5 0.703 1 0 0 
346.27 100.6 40.466827 -3.452992 584.0 4 5 266.7 0.520 1 0 0 
347.27 100.4 40.466808 -3.453318 584.2 4 5 267.5 0.993 0 1 0 
348.29 98.8 40.466801 -3.453648 584.0 4 5 268.6 1.957 0 1 0 
349.26 98.7 40.466793 -3.453979 584.1 4 5 268.6 1.132 0 1 0 
350.27 98.5 40.466793 -3.454308 584.3 4 5 268.6 0 0 1 0 
351.27 98.4 40.466797 -3.454631 584.4 4 5 269.0 0.415 0 1 0 
352.28 98.3 40.466805 -3.454950 585.3 4 5 269.7 1.076 0 1 0 
353.27 99.3 40.466808 -3.455276 585.6 4 5 269.7 0.661 0 1 0 
354.26 99.3 40.466812 -3.455601 586.3 4 5 270.7 1.000 0 1 0 
355.27 98.7 40.466812 -3.455923 586.1 4 5 271.6 1.913 0 1 0 
356.31 99.3 40.466816 -3.456261 585.2 4 5 271.6 0.913 0 1 0 
357.28 98.7 40.466824 -3.456596 585.4 4 5 272.5 0.927 0 1 0 
358.26 98.0 40.466839 -3.456928 585.5 4 5 272.5 0.927 0 1 0 
359.26 97.1 40.466850 -3.457251 585.6 4 5 272.5 0 0 1 0 
360.27 96.8 40.466866 -3.457569 586.0 4 5 273.5 0.931 0 1 0 
361.27 95.8 40.466873 -3.457880 585.9 4 5 272.9 0.533 0 1 0 
362.27 94.4 40.466892 -3.458210 586.2 4 5 272.9 0.533 0 0 0 
363.27 94.3 40.466904 -3.458513 586.5 4 5 273.6 0.721 0 0 0 
364.30 93.9 40.466911 -3.458822 586.7 3 5 273.2 0.484 0 0 0 
365.31 93.8 40.466923 -3.459136 586.7 4 5 273.6 0.449 0 0 0 
366.28 93.8 40.466938 -3.459437 586.4 3 5 273.6 0.449 0 0 0 
367.28 93.6 40.466965 -3.459763 586.6 3 5 273.6 0 0 0 0 
368.32 94.2 40.466980 -3.460078 586.9 3 5 273.9 0.258 0 0 0 
369.30 94.9 40.466988 -3.460383 586.9 3 5 273.5 0.352 0 0 0 
370.27 97.4 40.466995 -3.460694 587.4 3 5 272.5 1.406 0 0 0 
371.28 97.9 40.467007 -3.461009 587.6 3 5 273.5 1.055 0 0 0 
372.30 99.4 40.467022 -3.461315 587.9 3 5 273.5 1.055 0 0 0 
373.28 99.0 40.467041 -3.461648 587.9 3 5 273.5 0 0 0 0 
374.30 97.7 40.467060 -3.461974 588.1 3 5 273.5 0 1 0 0 
375.30 95.8 40.467079 -3.462275 587.6 3 5 273.9 0.352 1 0 0 
376.28 94.4 40.467087 -3.462589 587.7 3 5 273.9 0.352 0 0 0 
377.32 93.4 40.467110 -3.462885 588.7 3 5 273.5 0.352 0 0 0 
378.27 92.3 40.467125 -3.463190 587.8 3 5 273.5 0.352 0 0 0 
379.26 91.6 40.467144 -3.463488 587.6 3 5 273.5 0 0 0 0 
380.28 91.6 40.467159 -3.463796 587.5 3 5 273.2 0.352 0 0 0 
381.26 92.1 40.467171 -3.464099 587.3 3 5 272.8 0.703 0 0 0 
382.26 93.1 40.467186 -3.464387 587.5 3 5 272.5 0.703 0 0 0 
383.29 94.1 40.467194 -3.464695 587.5 3 5 272.5 0.352 0 0 0 
384.29 94.5 40.467205 -3.465006 587.9 3 5 271.8 0.703 0 0 0 
385.26 94.6 40.467205 -3.465321 588.2 3 5 271.4 1.055 0 0 0 
386.26 95.1 40.467213 -3.465631 588.1 3 5 270.7 1.055 1 0 0 
387.26 95.0 40.467216 -3.465934 588.1 3 5 271.8 1.055 0 1 0 
388.27 95.1 40.467216 -3.466234 587.8 3 5 271.4 0.703 0 1 0 
389.26 95.4 40.467228 -3.466554 587.9 3 5 271.8 0.352 0 1 0 
390.26 95.6 40.467232 -3.466867 588.0 3 5 271.8 0.352 2 1 0 
391.26 95.5 40.467236 -3.467181 587.9 3 5 271.8 0 0 1 0 
392.26 95.5 40.467239 -3.467489 588.6 3 5 270.1 1.634 0 1 0 
393.31 95.6 40.467239 -3.467813 588.5 3 5 269.5 2.224 0 1 0 
394.26 96.2 40.467236 -3.468133 588.2 3 5 269.5 0.629 0 1 0 
395.26 95.2 40.467228 -3.468431 588.1 3 5 268.5 1.036 0 1 0 
396.26 93.9 40.467213 -3.468745 588.3 3 5 267.8 1.659 0 1 0 
397.29 93.5 40.467201 -3.469037 588.1 3 5 267.4 1.101 0 1 0 
398.27 93.1 40.467197 -3.469330 588.2 3 5 267.4 0.438 0 1 0 
399.29 92.1 40.467182 -3.469632 588.2 3 5 266.7 0.649 0 1 0 
400.26 91.4 40.467171 -3.469926 587.9 3 5 265.7 1.665 0 1 0 
401.26 90.9 40.467159 -3.470229 587.9 3 5 265.2 1.548 0 1 0 
402.26 90.8 40.467140 -3.470512 587.6 3 5 265.2 0.532 0 1 0 
403.28 91.9 40.467117 -3.470816 587.9 3 5 265.2 0 0 1 0 
404.27 90.6 40.467098 -3.471099 587.6 3 5 264.0 1.177 0 1 0 
405.28 91.4 40.467075 -3.471400 587.2 3 5 263.3 1.880 0 1 0 
406.27 92.6 40.467052 -3.471689 587.5 4 5 263.0 1.055 0 1 0 
407.27 94.6 40.467022 -3.471998 586.9 3 5 262.3 1.055 0 0 0 
408.26 93.9 40.466991 -3.472304 586.8 3 5 261.6 1.406 0 0 0 
409.30 93.6 40.466953 -3.472613 587.1 3 5 260.9 1.406 0 0 0 
410.26 93.3 40.466911 -3.472913 587.4 3 5 260.5 1.055 0 0 0 
411.27 91.8 40.466869 -3.473214 587.8 3 5 260.5 0.352 0 0 0 
412.31 90.0 40.466835 -3.473487 588.0 4 5 260.9 0.352 0 0 0 
413.31 88.6 40.466801 -3.473767 587.1 4 5 260.9 0.352 2 0 0 
414.27 87.2 40.466774 -3.474043 586.5 4 5 260.2 0.703 0 1 0 
415.27 87.6 40.466728 -3.474318 586.8 4 5 258.7 2.201 2 1 0 
416.27 88.2 40.466686 -3.474622 586.7 4 5 257.7 2.467 2 1 0 
417.27 87.2 40.466640 -3.474893 586.7 4 5 257.7 0.969 2 1 0 
418.27 87.9 40.466591 -3.475190 586.5 4 5 257.0 0.717 2 1 0 
419.27 86.9 40.466541 -3.475459 586.6 4 5 257.0 0.717 1 1 0 
420.27 87.1 40.466496 -3.475708 586.4 4 5 256.4 0.607 1 2 0 
421.30 88.1 40.466446 -3.475984 586.0 4 5 256.4 0.607 1 2 0 
422.28 87.1 40.466393 -3.476269 586.1 4 5 256.4 0 1 2 0 
423.34 86.4 40.466339 -3.476560 586.2 4 5 255.5 0.864 1 2 0 
424.28 86.0 40.466286 -3.476832 585.5 4 5 255.5 0.864 1 2 0 
425.34 85.8 40.466228 -3.477118 585.9 4 5 255.5 0 0 2 0 
426.34 85.5 40.466175 -3.477384 586.4 4 5 255.5 0 0 2 0 
427.28 85.5 40.466122 -3.477655 586.9 4 5 255.5 0 0 2 0 
428.26 83.8 40.466072 -3.477920 586.3 4 5 255.5 0 0 2 0 
429.28 84.9 40.466026 -3.478205 586.0 4 5 254.4 1.143 1 2 0 
430.29 83.2 40.465984 -3.478475 585.8 4 5 257.0 2.634 1 3 0 
431.27 81.6 40.465939 -3.478750 586.2 4 5 256.6 2.283 1 3 0 
432.29 81.2 40.465908 -3.479011 586.3 4 5 257.3 0.703 0 3 0 
433.27 79.5 40.465866 -3.479266 586.2 4 5 259.1 2.461 0 3 0 
434.30 76.8 40.465836 -3.479521 586.2 4 5 260.5 3.164 0 3 0 
435.28 75.5 40.465809 -3.479771 585.9 3 5 263.0 3.867 0 2 0 
436.33 73.6 40.465782 -3.480012 585.9 3 5 265.1 4.565 0 2 0 
437.33 71.1 40.465775 -3.480261 586.0 3 5 276.7 13.741 0 2 0 
438.26 70.4 40.465805 -3.480482 586.0 3 5 284.9 19.859 0 2 0 
439.29 71.4 40.465851 -3.480709 586.5 3 5 289.4 12.682 0 2 0 
440.29 72.9 40.465916 -3.480931 586.7 3 5 290.3 5.339 0 2 0 
441.35 73.2 40.465977 -3.481155 586.8 3 5 292.1 2.730 0 2 0 
442.35 74.5 40.466049 -3.481383 587.0 3 5 293.3 3.060 0 2 0 
443.28 73.9 40.466118 -3.481603 587.1 3 5 294.0 1.859 0 2 0 
444.26 75.1 40.466190 -3.481831 587.4 3 5 294.0 0.651 0 2 0 
445.26 75.9 40.466274 -3.482059 587.4 3 5 294.9 0.888 0 2 0 
446.26 75.9 40.466351 -3.482284 587.6 3 5 295.1 1.094 0 2 0 
447.30 74.7 40.466427 -3.482508 587.7 3 5 295.1 0.206 0 2 0 
448.26 73.9 40.466503 -3.482740 587.9 3 5 295.1 0.053 0 2 0 
449.27 71.7 40.466576 -3.482966 587.6 3 5 295.1 0.053 0 2 0 
450.29 71.5 40.466648 -3.483171 587.8 3 5 301.0 5.880 0 2 0 
451.26 73.4 40.466694 -3.483402 588.1 3 5 285.8 15.187 0 2 0 
452.26 73.9 40.466728 -3.483638 588.6 3 5 279.8 21.164 0 2 0 
453.31 74.1 40.466747 -3.483883 588.8 3 5 274.9 10.898 0 2 0 
454.33 74.5 40.466747 -3.484121 589.0 3 5 268.9 10.898 0 2 0 
455.33 74.7 40.466740 -3.484369 589.1 3 5 264.4 10.494 0 2 0 
456.26 75.2 40.466721 -3.484609 589.1 3 5 258.4 10.591 0 2 0 
457.26 74.5 40.466671 -3.484833 589.0 3 5 251.2 13.240 0 2 0 
458.35 71.8 40.466610 -3.485059 589.0 3 5 245.6 12.754 0 2 0 
459.28 70.1 40.466537 -3.485241 589.3 3 5 241.9 9.261 0 2 0 
460.27 73.1 40.466427 -3.485431 589.1 3 5 236.0 9.553 0 2 0 
461.29 74.3 40.466309 -3.485619 589.2 3 5 236.0 5.880 0 2 0 
462.26 74.7 40.466194 -3.485820 589.2 3 5 229.3 6.773 0 2 0 
463.27 76.2 40.466061 -3.486000 589.3 3 5 229.3 6.773 0 2 0 
464.27 76.9 40.465931 -3.486188 589.3 3 5 231.2 1.896 0 2 0 
465.27 77.1 40.465805 -3.486376 589.3 3 5 231.6 2.337 0 2 0 
466.26 75.7 40.465683 -3.486578 589.2 3 5 231.2 0.390 0 2 0 
467.27 75.5 40.465561 -3.486759 589.3 3 5 231.2 0.390 0 2 0 
468.27 76.2 40.465435 -3.486958 589.3 3 5 231.5 0.255 0 2 0 
469.30 74.7 40.465302 -3.487160 589.3 3 5 224.8 6.683 0 2 0 
470.31 74.3 40.465183 -3.487339 589.2 3 5 224.8 6.683 0 2 0 
471.27 73.7 40.465042 -3.487534 589.4 3 5 224.3 0.512 0 2 0 
472.27 70.5 40.464890 -3.487713 589.9 3 5 216.2 8.600 0 2 0 
473.27 67.7 40.464737 -3.487826 591.1 3 5 208.0 16.247 0 2 0 
474.27 65.3 40.464573 -3.487898 592.5 3 5 191.0 25.239 0 2 0 
475.29 61.7 40.464424 -3.487924 593.4 3 5 185.6 22.435 1 2 0 
476.28 60.6 40.464268 -3.487904 594.4 3 5 168.3 22.693 1 2 0 
477.30 59.5 40.464115 -3.487863 595.2 3 5 161.1 24.468 1 2 0 
478.32 58.1 40.463982 -3.487799 595.6 3 5 147.1 21.167 1 2 0 
479.28 58.2 40.463867 -3.487681 595.9 3 5 146.3 14.824 0 2 0 
480.30 59.9 40.463760 -3.487540 596.1 3 5 135.0 12.095 0 1 0 
481.29 59.3 40.463673 -3.487380 596.2 3 5 126.3 20.053 0 1 0 
482.31 59.4 40.463627 -3.487194 596.1 3 5 107.4 27.597 0 1 0 
483.30 60.7 40.463593 -3.486997 596.2 3 5 117.6 10.150 0 1 0 
484.27 62.9 40.463573 -3.486781 596.2 3 5 71.1 46.484 0 1 0 
485.28 65.4 40.463612 -3.486578 596.5 3 5 69.7 47.883 0 1 0 
486.28 66.1 40.463650 -3.486378 596.5 3 5 69.7 1.400 0 1 0 
487.28 67.3 40.463726 -3.486175 596.6 3 5 64.0 5.685 0 1 0 
488.27 71.5 40.463799 -3.485948 596.5 3 5 62.9 6.740 0 1 0 
489.35 75.7 40.463875 -3.485722 596.0 3 5 65.4 2.461 0 1 0 
490.28 78.5 40.463940 -3.485489 595.1 3 5 68.2 5.273 0 1 0 
491.28 82.3 40.464012 -3.485239 594.1 3 5 71.7 6.328 0 1 0 
492.27 83.7 40.464077 -3.484979 592.6 3 5 72.8 4.570 0 0 0 
493.26 84.5 40.464142 -3.484720 591.4 3 5 73.1 1.406 0 0 0 
494.36 84.6 40.464203 -3.484455 590.5 3 5 73.5 0.703 0 0 0 
495.26 86.3 40.464272 -3.484182 590.1 3 5 73.5 0.352 0 0 0 
496.31 86.0 40.464329 -3.483910 589.8 3 5 73.5 0 0 0 0 
497.29 85.6 40.464390 -3.483638 589.4 3 5 73.5 0 0 0 0 
498.29 85.9 40.464458 -3.483375 589.4 3 5 73.5 0 0 0 0 
499.28 84.7 40.464516 -3.483119 589.2 3 5 73.5 0 0 0 0 
500.26 85.6 40.464573 -3.482852 589.1 3 5 73.5 0 0 0 0 
501.26 85.8 40.464634 -3.482580 589.0 3 5 73.5 0 0 0 0 
502.38 85.6 40.464699 -3.482319 589.1 3 5 74.5 1.055 1 0 0 
503.35 87.6 40.464752 -3.482044 589.0 3 5 75.2 1.758 1 1 0 
504.26 84.7 40.464817 -3.481782 588.6 3 5 72.8 2.461 1 1 0 
505.27 84.4 40.464886 -3.481509 588.4 3 5 72.8 2.461 1 1 0 
506.28 82.9 40.464951 -3.481257 588.0 3 5 72.4 0.352 1 1 0 
507.30 83.7 40.465008 -3.480992 588.0 3 5 72.4 0.352 0 1 0 
508.32 83.6 40.465069 -3.480724 587.9 3 5 71.4 1.055 0 1 0 
509.28 81.7 40.465134 -3.480464 587.7 3 5 70.7 1.758 0 1 0 
510.28 80.5 40.465199 -3.480205 587.3 3 5 70.3 1.055 0 1 0 
511.26 77.1 40.465263 -3.479971 587.2 3 5 65.8 4.827 0 1 0 
512.36 72.3 40.465324 -3.479738 586.7 3 5 64.5 5.776 0 1 0 
513.30 66.4 40.465374 -3.479529 586.2 3 5 74.1 9.603 0 1 0 
514.26 63.3 40.465420 -3.479328 586.0 3 5 74.1 9.603 2 1 0 
515.26 61.6 40.465466 -3.479146 586.9 3 5 74.1 0 0 1 0 
516.27 64.3 40.465527 -3.478952 586.1 3 5 74.1 0 0 1 0 
517.27 66.8 40.465584 -3.478742 586.0 3 5 74.1 0 0 1 0 
518.27 70.1 40.465633 -3.478531 586.2 3 5 74.1 0 0 1 0 
519.27 73.4 40.465687 -3.478310 586.4 3 5 74.1 0 0 1 0 
520.27 75.9 40.465736 -3.478074 586.6 3 5 74.1 0 0 1 0 
521.27 78.6 40.465786 -3.477826 586.6 3 5 75.1 0.978 0 1 0 
522.27 81.3 40.465843 -3.477557 586.6 3 5 75.1 0.978 0 1 0 
523.27 83.7 40.465897 -3.477292 587.4 3 5 75.1 0 0 1 0 
524.27 86.1 40.465950 -3.477025 587.6 3 5 75.1 0 0 1 0 
525.27 88.7 40.466007 -3.476741 587.8 3 5 75.5 0.427 0 1 0 
526.44 89.1 40.466072 -3.476470 588.2 3 5 75.5 0.427 0 1 0 
527.27 88.0 40.466125 -3.476182 587.7 3 5 76.0 0.419 0 1 0 
528.28 90.0 40.466183 -3.475901 587.7 3 5 76.5 0.999 2 2 0 
529.31 93.3 40.466240 -3.475610 587.9 3 5 76.5 0.580 0 2 0 
530.27 95.0 40.466305 -3.475326 588.3 3 5 76.5 0 0 2 0 
531.28 96.7 40.466366 -3.475001 588.7 3 5 77.4 0.837 0 2 0 
532.27 99.2 40.466419 -3.474698 588.9 3 5 78.3 1.791 0 2 0 
533.27 101.7 40.466473 -3.474367 588.5 3 5 78.3 0.954 0 2 0 
534.27 103.8 40.466530 -3.474039 588.8 3 5 78.3 0 0 2 0 
535.25 105.9 40.466579 -3.473688 589.8 3 5 79.4 1.053 0 1 0 
536.27 108.0 40.466629 -3.473337 589.5 3 5 79.4 1.053 0 1 0 
537.26 109.5 40.466675 -3.472989 589.8 3 5 80.7 1.336 0 1 0 
538.28 112.0 40.466724 -3.472628 590.2 3 5 80.7 1.336 0 1 0 
539.26 113.7 40.466763 -3.472267 590.0 4 5 81.4 0.707 0 1 0 
540.29 114.1 40.466808 -3.471909 589.9 4 5 83.5 2.762 0 1 0 
541.28 113.8 40.466839 -3.471540 590.1 4 5 83.0 1.531 0 1 0 
542.26 114.4 40.466877 -3.471169 590.1 4 5 83.5 0.539 0 1 0 
543.28 114.4 40.466908 -3.470776 590.2 4 5 84.5 1.540 0 1 0 
544.31 114.1 40.466942 -3.470398 590.2 4 5 85.0 1.549 0 1 0 
545.28 114.5 40.466969 -3.470013 591.1 4 5 86.0 1.507 0 1 0 
546.30 114.6 40.466988 -3.469634 592.5 4 5 86.5 1.470 0 1 0 
547.29 114.9 40.467007 -3.469261 593.7 4 5 86.5 0.511 0 1 0 
548.27 115.9 40.467026 -3.468887 594.2 4 5 86.5 0 0 1 0 
549.28 115.8 40.467033 -3.468570 591.1 4 5 88.1 1.592 0 1 0 
550.26 116.8 40.467026 -3.468121 591.0 4 5 92.1 5.570 0 1 0 
551.27 116.0 40.467014 -3.467741 591.3 4 5 92.4 4.287 0 1 0 
552.28 116.4 40.467052 -3.467357 591.4 4 5 89.6 2.750 0 1 0 
553.32 115.7 40.467056 -3.466974 591.5 4 5 90.0 2.398 0 1 0 
554.28 116.8 40.467056 -3.466599 591.4 4 5 90.4 0.703 0 1 0 
555.32 117.0 40.467049 -3.466221 592.0 3 5 91.4 1.406 0 1 0 
556.28 116.9 40.467045 -3.465831 592.1 4 5 91.4 1.055 0 1 0 
557.26 117.1 40.467033 -3.465451 592.2 4 5 91.8 0.352 0 1 0 
558.29 117.3 40.467030 -3.465070 591.7 4 5 91.8 0.352 0 1 0 
559.27 116.5 40.467018 -3.464684 591.3 4 5 92.8 1.055 0 1 0 
560.26 117.2 40.467007 -3.464294 591.9 4 5 92.5 0.703 0 1 0 
561.27 117.0 40.466988 -3.463922 591.6 4 5 93.2 0.703 0 1 0 
562.27 115.3 40.466972 -3.463544 591.9 4 5 93.3 0.792 0 1 0 
563.26 112.8 40.466961 -3.463175 591.8 4 5 93.3 0.089 0 1 0 
564.30 114.0 40.466949 -3.462811 592.0 4 5 93.5 0.213 0 0 0 
565.26 114.5 40.466934 -3.462435 592.5 4 5 93.5 0.213 0 0 0 
566.26 115.2 40.466919 -3.462063 593.5 4 5 93.5 0 0 0 0 
567.28 116.0 40.466904 -3.461678 593.6 4 5 93.5 0 0 0 0 
568.27 117.6 40.466888 -3.461298 593.3 4 5 93.5 0 0 0 0 
569.30 116.7 40.466869 -3.460905 592.3 4 5 93.5 0 0 0 0 
570.29 117.8 40.466850 -3.460523 591.9 4 5 93.3 0.174 0 0 0 
571.28 118.1 40.466831 -3.460135 591.5 4 5 93.7 0.447 0 0 0 
572.27 117.5 40.466805 -3.459745 591.7 4 5 93.7 0.447 0 0 0 
573.27 117.3 40.466785 -3.459361 591.8 3 5 93.7 0 0 0 0 
574.37 116.6 40.466766 -3.458976 591.4 3 5 93.7 0 0 0 0 
575.28 115.9 40.466747 -3.458596 591.0 3 5 93.5 0.220 0 0 0 
576.28 115.3 40.466728 -3.458215 590.7 3 5 93.5 0.220 1 0 0 
577.27 116.9 40.466705 -3.457833 590.8 3 5 93.5 0 1 0 0 
578.27 117.8 40.466698 -3.457455 590.7 3 5 92.5 1.042 1 0 0 
579.27 117.5 40.466686 -3.457076 590.7 3 5 92.5 1.042 1 0 0 
580.27 116.8 40.466682 -3.456700 590.4 4 5 91.7 0.738 1 1 0 
581.28 118.2 40.466675 -3.456312 590.9 4 5 91.7 0.738 2 1 0 
582.27 117.0 40.466667 -3.455929 589.9 4 5 90.8 0.989 1 1 0 
583.31 117.0 40.466663 -3.455548 590.6 4 5 91.0 0.748 1 1 0 
584.26 115.2 40.466652 -3.455174 589.2 4 5 90.5 0.542 1 1 0 
585.27 116.1 40.466663 -3.454802 589.0 4 5 90.5 0.542 1 1 0 
586.27 116.6 40.466663 -3.454419 589.2 4 5 91.0 0.576 0 2 0 
587.31 116.6 40.466652 -3.454046 589.8 4 5 88.6 2.441 0 2 0 
588.28 117.6 40.466652 -3.453661 589.5 4 5 87.9 3.148 0 2 0 
589.27 118.1 40.466652 -3.453280 589.6 4 5 87.1 1.516 0 1 0 
590.27 118.8 40.466671 -3.452876 589.4 4 5 87.1 0.810 0 1 0 
591.27 118.0 40.466690 -3.452496 589.7 4 5 87.1 0 0 1 0 
592.27 118.7 40.466698 -3.452092 589.3 4 5 87.1 0 0 1 0 
593.28 118.7 40.466721 -3.451694 588.9 3 5 86.0 1.049 0 1 0 
594.26 116.7 40.466736 -3.451318 589.3 3 5 85.5 1.564 0 1 0 
595.39 114.7 40.466747 -3.450944 589.6 4 5 85.0 0.998 0 1 0 
596.30 114.0 40.466774 -3.450550 589.7 3 5 85.0 0.483 0 1 0 
597.28 112.4 40.466801 -3.450197 590.0 3 5 85.0 0.065 1 2 0 
598.28 111.7 40.466824 -3.449839 589.3 3 5 85.0 0.065 0 2 0 
599.28 111.6 40.466843 -3.449475 588.9 3 5 84.3 0.668 0 2 0 
600.28 111.7 40.466869 -3.449122 588.4 3 5 83.9 1.021 0 2 0 
601.28 111.2 40.466900 -3.448749 588.4 3 5 84.8 0.823 0 2 0 
602.28 111.0 40.466927 -3.448390 588.2 3 5 84.8 0.823 0 2 0 
603.28 111.3 40.466961 -3.448026 588.2 3 5 84.1 0.670 0 2 0 
604.28 111.8 40.466991 -3.447668 588.4 3 5 82.6 2.208 0 2 0 
605.28 112.6 40.467014 -3.447285 588.2 4 5 82.6 1.538 0 2 0 
606.29 113.1 40.467049 -3.446921 587.6 3 5 83.2 0.634 0 2 0 
607.26 112.8 40.467083 -3.446563 587.0 4 5 84.0 1.422 0 2 0 
608.30 113.0 40.467113 -3.446189 587.1 3 5 84.0 0.788 0 2 0 
609.40 112.5 40.467144 -3.445831 587.3 3 5 84.0 0 0 2 0 
610.28 113.1 40.467178 -3.445474 587.0 3 5 84.3 0.304 0 1 0 
611.30 113.1 40.467209 -3.445090 587.0 3 5 83.6 0.694 0 1 0 
612.34 112.0 40.467251 -3.444759 587.0 3 5 83.6 0.694 0 1 0 
613.29 112.7 40.467281 -3.444386 587.1 4 5 83.6 0 0 1 0 
614.27 110.6 40.467319 -3.444040 587.7 4 5 84.0 0.440 0 1 0 
615.26 110.3 40.467350 -3.443668 588.1 4 5 84.0 0.440 0 1 0 
616.30 109.6 40.467381 -3.443304 586.4 4 5 82.4 1.660 1 2 0 
617.36 108.9 40.467411 -3.442946 586.2 3 5 82.4 1.660 0 2 0 
618.29 108.9 40.467438 -3.442595 586.7 3 5 81.9 0.433 0 2 0 
619.31 108.9 40.467480 -3.442235 586.8 3 5 81.9 0.433 0 2 0 
620.27 108.8 40.467537 -3.441900 586.9 3 5 80.5 1.394 1 2 0 
621.26 109.9 40.467590 -3.441543 587.4 3 5 79.8 2.154 1 2 0 
622.28 110.7 40.467644 -3.441183 587.4 3 5 79.8 0.760 1 2 0 
623.26 111.4 40.467693 -3.440834 587.8 3 5 78.7 1.127 1 2 0 
624.27 112.3 40.467739 -3.440464 588.1 3 5 78.7 1.127 0 2 0 
625.26 113.1 40.467796 -3.440112 588.3 3 5 77.4 1.282 0 2 0 
626.27 113.0 40.467857 -3.439743 588.8 3 5 77.0 1.659 0 2 0 
627.26 112.9 40.467915 -3.439383 589.3 3 5 76.6 0.728 0 2 0 
628.26 110.1 40.467983 -3.439036 589.3 3 5 77.0 0.352 0 2 0 
629.29 107.6 40.468048 -3.438684 589.5 3 5 77.0 0.352 0 2 0 
630.40 105.9 40.468117 -3.438335 589.6 3 5 77.0 0 0 2 0 
631.26 103.7 40.468178 -3.438007 589.7 3 5 77.0 0 0 2 0 
632.33 102.4 40.468235 -3.437674 590.7 3 5 77.0 0 0 2 0 
633.29 102.0 40.468292 -3.437344 591.7 3 5 77.0 0 0 2 0 
634.26 100.6 40.468349 -3.437027 591.6 3 5 77.0 0 0 2 0 
635.34 101.2 40.468395 -3.436680 591.3 3 5 77.0 0 0 2 0 
636.33 101.1 40.468452 -3.436354 590.8 3 5 77.3 0.352 0 2 0 
637.27 101.8 40.468502 -3.436036 591.2 3 5 77.3 0.352 0 2 0 
638.33 102.6 40.468559 -3.435713 591.5 3 5 77.3 0 0 2 0 
639.27 102.7 40.468613 -3.435393 591.8 3 5 77.7 0.352 0 2 0 
640.28 102.0 40.468666 -3.435057 591.6 3 5 77.7 0.352 0 2 0 
641.30 101.2 40.468716 -3.434731 591.9 3 5 78.4 0.703 0 1 0 
642.27 101.4 40.468765 -3.434408 591.5 3 5 78.8 1.055 0 1 0 
643.28 101.3 40.468815 -3.434085 590.0 3 5 79.1 0.703 0 1 0 
644.26 100.6 40.468864 -3.433768 589.5 3 5 78.8 0.352 0 1 0 
645.28 99.4 40.468910 -3.433441 589.0 3 5 78.4 0.703 0 1 0 
646.27 98.3 40.468956 -3.433117 588.9 3 5 78.4 0.352 0 1 0 
647.27 98.2 40.469002 -3.432800 588.8 3 5 78.8 0.352 0 1 0 
648.28 96.8 40.469059 -3.432489 588.0 3 5 78.4 0.352 0 1 0 
649.30 96.3 40.469105 -3.432183 588.2 3 5 78.8 0.352 0 1 0 
650.30 96.2 40.469158 -3.431881 587.8 3 5 78.0 0.703 0 1 0 
651.32 97.3 40.469212 -3.431574 586.1 3 5 77.3 1.406 0 1 0 
652.27 99.0 40.469269 -3.431253 586.3 3 5 76.6 1.406 0 1 0 
653.28 99.9 40.469334 -3.430933 587.3 3 5 75.6 1.758 0 1 0 
654.26 102.0 40.469398 -3.430619 586.3 3 5 76.3 0.703 2 1 0 
655.27 102.4 40.469456 -3.430280 585.6 3 5 75.9 0.352 2 1 0 
656.27 102.7 40.469532 -3.429966 585.3 3 5 74.5 1.758 0 1 0 
657.27 104.8 40.469601 -3.429642 585.1 3 5 73.8 2.109 0 1 0 
658.29 105.2 40.469681 -3.429315 584.6 3 5 72.4 2.109 0 1 0 
659.30 106.0 40.469753 -3.428978 584.5 3 5 72.1 1.758 0 1 0 
660.28 106.0 40.469826 -3.428648 584.0 3 5 71.7 0.703 0 1 0 
661.27 106.2 40.469913 -3.428322 583.4 3 5 71.0 1.055 0 1 0 
662.28 105.0 40.469997 -3.427990 583.0 3 5 70.7 1.055 0 1 0 
663.28 105.8 40.470085 -3.427664 582.7 3 5 70.7 0.352 0 1 0 
664.28 105.1 40.470169 -3.427336 582.0 3 5 70.3 0.352 0 1 0 
665.33 103.3 40.470253 -3.427021 581.3 3 5 70.0 0.703 0 1 0 
666.34 102.3 40.470352 -3.426704 580.8 3 5 69.3 1.055 0 1 0 
667.27 101.2 40.470436 -3.426383 581.0 3 5 68.9 1.055 0 1 0 
668.27 99.9 40.470528 -3.426072 581.0 3 5 69.3 0.352 0 1 0 
669.30 98.3 40.470615 -3.425774 581.2 3 5 68.9 0.352 0 1 0 
670.29 96.8 40.470703 -3.425476 582.3 3 5 68.2 1.055 0 1 0 
671.31 95.2 40.470791 -3.425188 582.5 3 5 68.6 0.352 0 1 0 
672.26 94.7 40.470875 -3.424898 582.1 3 5 68.6 0.352 0 1 0 
673.28 94.0 40.470959 -3.424607 582.1 3 5 68.9 0.352 0 1 0 
674.30 93.6 40.471046 -3.424326 582.3 4 5 68.9 0.352 0 1 0 
675.26 94.4 40.471123 -3.424048 582.4 4 5 69.6 0.703 0 1 0 
676.26 94.5 40.471203 -3.423753 581.6 3 5 69.6 0.703 0 1 0 
677.27 93.8 40.471287 -3.423476 581.2 3 5 69.3 0.352 0 0 0 
678.25 95.0 40.471386 -3.423185 580.8 3 5 69.6 0.352 0 0 0 
679.26 94.8 40.471462 -3.422895 581.2 3 5 69.6 0.352 0 0 0 
680.26 92.4 40.471542 -3.422609 581.5 3 5 70.3 0.703 0 0 0 
681.26 94.7 40.471619 -3.422318 581.4 3 5 70.0 0.352 0 0 0 
682.30 94.2 40.471703 -3.422025 581.3 3 5 70.3 0.352 0 0 0 
683.34 93.9 40.471779 -3.421737 581.6 3 5 70.3 0.352 0 0 0 
684.28 95.0 40.471859 -3.421438 581.9 3 5 71.0 0.703 0 0 0 
685.32 94.4 40.471924 -3.421149 581.8 3 5 70.7 0.352 0 0 0 
686.26 94.5 40.472000 -3.420859 581.6 3 5 71.4 0.703 0 0 0 
687.26 95.1 40.472076 -3.420564 582.0 3 5 71.0 0.352 0 0 0 
688.27 95.2 40.472149 -3.420266 582.3 3 5 71.7 0.703 0 0 0 
689.29 95.3 40.472229 -3.419962 583.0 4 5 71.7 0.703 0 0 0 
690.26 95.5 40.472298 -3.419652 584.4 4 5 71.7 0 0 0 0 
691.27 95.0 40.472370 -3.419349 584.1 4 5 71.7 0 0 0 0 
692.29 96.3 40.472446 -3.419041 584.8 3 5 71.7 0 0 0 0 
693.27 96.3 40.472527 -3.418743 585.1 3 5 72.1 0.352 0 0 0 
694.28 96.9 40.472607 -3.418440 585.2 3 5 72.4 0.703 0 0 0 
695.29 96.4 40.472679 -3.418137 585.4 3 5 72.1 0.352 0 0 0 
696.28 96.4 40.472752 -3.417836 585.7 3 5 72.1 0.352 0 0 0 
697.30 94.6 40.472828 -3.417552 585.7 4 5 71.7 0.352 0 0 0 
698.27 98.5 40.472908 -3.417236 585.9 4 5 72.1 0.352 0 0 0 
699.26 96.6 40.472984 -3.416943 586.1 4 5 71.7 0.352 0 0 0 
700.28 95.9 40.473061 -3.416646 585.8 4 5 71.7 0.352 0 0 0 
701.26 95.9 40.473137 -3.416348 585.7 4 5 71.7 0 0 0 0 
702.33 95.7 40.473213 -3.416050 586.1 3 5 71.7 0 0 0 0 
703.27 96.0 40.473289 -3.415751 585.6 3 5 71.7 0 0 0 0 
704.27 96.2 40.473366 -3.415449 585.2 3 5 71.7 0 0 0 0 
705.27 96.0 40.473438 -3.415147 585.0 3 5 72.1 0.352 0 0 0 
706.27 95.9 40.473515 -3.414849 584.6 3 5 72.1 0.352 0 0 0 
707.26 96.0 40.473595 -3.414547 584.5 3 5 71.7 0.352 0 0 0 
708.27 96.2 40.473675 -3.414245 584.0 3 5 70.7 1.406 0 0 0 
709.27 96.4 40.473763 -3.413949 584.0 3 5 69.6 2.109 0 0 0 
710.27 96.8 40.473858 -3.413653 583.4 3 5 68.6 2.109 0 0 0 
711.39 97.0 40.473953 -3.413353 583.3 3 5 67.5 2.109 0 0 0 
712.30 97.2 40.474049 -3.413056 582.5 3 5 66.8 1.758 0 0 0 
713.27 96.4 40.474148 -3.412764 582.2 3 5 66.4 1.055 0 0 0 
714.27 96.2 40.474247 -3.412477 582.3 3 5 65.7 1.055 0 0 0 
715.31 95.7 40.474350 -3.412199 582.4 3 5 64.7 1.758 0 0 0 
716.29 95.1 40.474457 -3.411919 581.9 3 5 64.0 1.758 0 0 0 
717.36 95.3 40.474567 -3.411640 581.8 3 5 63.6 1.055 0 0 0 
718.38 94.5 40.474678 -3.411365 582.0 3 5 62.9 1.055 0 0 0 
719.25 94.0 40.474789 -3.411095 581.9 3 5 62.2 1.406 0 0 0 
720.26 93.1 40.474899 -3.410831 581.2 3 5 61.5 1.406 0 0 0 
721.26 92.7 40.475010 -3.410569 581.3 3 5 60.5 1.758 0 0 0 
722.28 92.5 40.475132 -3.410316 581.1 3 5 59.8 1.758 0 0 0 
723.37 92.3 40.475250 -3.410061 581.5 3 5 59.1 1.406 0 0 0 
724.26 92.2 40.475372 -3.409803 580.9 3 5 58.4 1.406 0 0 0 
725.28 92.1 40.475494 -3.409549 580.7 3 5 57.7 1.406 0 0 0 
726.28 91.8 40.475616 -3.409293 580.5 3 5 57.3 1.055 0 0 0 
727.28 91.3 40.475746 -3.409041 580.0 3 5 56.2 1.406 0 0 0 
728.28 91.0 40.475883 -3.408818 579.6 3 5 54.8 2.461 0 0 0 
729.28 91.7 40.476013 -3.408576 579.6 3 5 53.8 2.461 0 0 0 
730.25 91.8 40.476158 -3.408342 581.3 3 5 53.8 1.055 0 0 0 
731.28 91.4 40.476299 -3.408090 582.5 3 5 53.1 0.703 0 0 0 
732.26 92.0 40.476440 -3.407847 581.9 3 5 52.4 1.406 0 0 0 
733.25 93.1 40.476582 -3.407609 580.9 3 5 51.3 1.758 0 0 0 
734.28 93.9 40.476723 -3.407372 580.2 3 5 50.6 1.758 0 0 0 
735.26 95.5 40.476871 -3.407128 581.2 3 5 50.3 1.055 0 0 0 
736.26 95.6 40.477028 -3.406891 581.8 4 5 49.2 1.406 0 0 0 
737.36 95.7 40.477188 -3.406654 581.4 3 5 48.2 2.109 0 0 0 
738.26 96.1 40.477348 -3.406425 581.3 3 5 47.5 1.758 0 0 0 
739.25 95.5 40.477505 -3.406190 581.2 3 5 46.8 1.406 0 0 0 
740.28 94.7 40.477665 -3.405962 581.6 3 5 46.4 1.055 0 0 0 
741.28 95.6 40.477829 -3.405736 582.2 3 5 45.4 1.406 0 0 0 
742.25 95.0 40.478001 -3.405514 582.2 3 5 45.0 1.406 0 0 0 
743.27 94.8 40.478165 -3.405292 582.9 3 5 44.3 1.055 0 0 0 
744.26 94.9 40.478336 -3.405066 583.2 3 5 43.2 1.758 0 0 0 
745.27 94.7 40.478516 -3.404844 583.0 4 5 42.2 2.109 0 0 0 
746.30 95.4 40.478695 -3.404641 583.5 4 5 41.5 1.758 0 0 0 
747.27 93.7 40.478870 -3.404439 583.9 4 5 40.8 1.406 0 0 0 
748.28 94.2 40.479050 -3.404238 584.0 4 5 40.4 1.055 0 0 0 
749.26 95.9 40.479233 -3.404045 584.0 4 5 39.0 1.758 0 0 0 
750.25 93.2 40.479404 -3.403849 584.1 3 5 39.7 0.703 0 0 0 
751.26 93.4 40.479584 -3.403656 584.0 3 5 38.0 1.758 0 0 0 
752.26 94.0 40.479778 -3.403472 584.5 3 5 37.3 2.461 0 0 0 
753.27 94.2 40.479969 -3.403289 584.8 3 5 36.9 1.055 0 0 0 
754.25 94.0 40.480145 -3.403105 584.5 3 5 36.2 1.055 0 0 0 
755.26 96.1 40.480335 -3.402918 586.5 3 5 36.2 0.703 0 0 0 
756.27 95.1 40.480526 -3.402745 585.5 3 5 36.6 0.352 0 0 0 
757.26 95.8 40.480721 -3.402561 585.6 3 5 36.9 0.703 0 0 0 
758.26 94.4 40.480919 -3.402385 585.9 3 5 34.8 2.109 0 0 0 
759.25 96.1 40.481125 -3.402201 586.0 4 5 36.9 2.109 0 0 0 
760.27 96.6 40.481323 -3.402004 586.5 3 5 36.6 1.758 0 0 0 
761.27 96.8 40.481522 -3.401813 587.5 3 5 36.6 0.352 0 0 0 
762.26 96.5 40.481716 -3.401610 588.1 3 5 36.9 0.352 0 0 0 
763.28 95.8 40.481911 -3.401424 588.2 3 5 36.6 0.352 0 0 0 
764.27 95.2 40.482105 -3.401262 587.8 3 5 36.2 0.703 0 0 0 
765.27 94.9 40.482292 -3.401074 588.0 3 5 36.9 0.703 0 0 0 
766.31 94.8 40.482483 -3.400884 588.3 4 5 36.6 0.352 0 0 0 
767.27 94.5 40.482674 -3.400695 589.0 3 5 36.9 0.352 0 0 0 
768.27 94.2 40.482857 -3.400508 589.2 3 5 36.6 0.352 0 0 0 
769.28 93.4 40.483047 -3.400323 589.9 3 5 36.6 0.352 0 0 0 
770.27 93.0 40.483238 -3.400139 590.0 3 5 36.6 0 0 0 0 
771.27 93.2 40.483418 -3.399960 590.2 3 5 36.9 0.352 0 0 0 
772.27 93.3 40.483608 -3.399780 590.4 3 5 36.6 0.285 0 0 0 
773.34 92.6 40.483784 -3.399598 590.7 3 5 35.7 1.238 0 0 0 
774.27 92.6 40.483974 -3.399413 590.7 3 5 36.8 1.138 0 0 0 
775.28 92.1 40.484165 -3.399240 591.0 3 5 36.8 1.138 1 0 0 
776.33 89.3 40.484333 -3.399066 591.2 3 5 36.8 0 0 0 0 
777.25 85.4 40.484520 -3.398890 591.0 3 5 37.3 0.438 0 0 0 
778.27 82.9 40.484676 -3.398734 591.0 3 5 37.8 1.025 0 0 0 
779.29 80.7 40.484840 -3.398581 591.1 3 5 37.8 0.587 0 0 0 
780.33 79.5 40.484997 -3.398420 591.1 3 5 37.8 0 0 0 0 
781.27 78.6 40.485153 -3.398258 591.1 3 5 37.8 0 0 0 0 
782.27 82.1 40.485313 -3.398081 590.7 3 5 39.0 1.136 0 0 0 
783.28 84.4 40.485470 -3.397915 590.9 3 5 40.3 2.429 0 0 0 
784.26 86.6 40.485653 -3.397746 591.2 4 5 40.3 1.293 2 0 0 
785.29 89.4 40.485825 -3.397571 591.6 4 5 40.3 0 0 0 0 
786.28 92.2 40.486000 -3.397383 591.6 4 5 41.6 1.292 0 0 0 
787.30 94.7 40.486179 -3.397187 591.6 4 5 43.2 2.935 0 0 0 
788.26 97.6 40.486362 -3.396979 592.3 4 5 43.2 1.643 0 0 0 
789.29 99.6 40.486546 -3.396760 592.4 4 5 44.1 0.851 0 0 0 
790.29 102.0 40.486725 -3.396540 592.4 4 5 44.1 0.851 0 0 0 
791.26 104.2 40.486916 -3.396302 592.0 4 5 44.1 0 0 0 0 
792.25 105.9 40.487103 -3.396061 592.0 4 5 44.1 0 0 0 0 
793.31 107.4 40.487293 -3.395812 592.7 4 5 45.2 1.162 0 0 0 
794.26 108.5 40.487484 -3.395554 594.5 4 5 45.4 1.297 0 0 0 
795.25 109.9 40.487671 -3.395286 594.3 4 5 46.4 1.189 0 0 0 
796.34 109.3 40.487850 -3.395026 593.2 4 5 46.1 0.703 0 0 0 
797.25 108.9 40.488045 -3.394772 592.9 3 5 46.4 0.352 0 0 0 
798.27 109.0 40.488235 -3.394524 592.6 4 5 46.1 0.352 0 0 0 
799.25 109.3 40.488434 -3.394274 593.4 4 5 46.1 0.352 0 0 0 
800.27 109.6 40.488625 -3.394011 594.0 4 5 45.7 0.352 0 0 0 
801.25 110.9 40.488815 -3.393745 593.4 4 5 46.4 0.703 0 0 0 
802.26 110.3 40.488998 -3.393482 593.6 4 5 46.1 0.352 0 0 0 
803.28 110.3 40.489189 -3.393222 593.6 4 5 46.1 0.352 0 0 0 
804.26 110.6 40.489388 -3.392956 593.6 4 5 46.1 0 0 0 0 
805.27 111.1 40.489578 -3.392685 593.2 3 5 46.8 0.703 0 0 0 
806.26 110.0 40.489769 -3.392429 596.9 3 5 46.4 0.352 0 0 0 
807.26 110.1 40.489960 -3.392173 596.9 3 5 46.1 0.703 0 0 0 
808.25 110.5 40.490150 -3.391910 595.1 3 5 46.1 0.352 0 0 0 
809.29 109.8 40.490341 -3.391649 594.7 3 5 46.1 0 0 0 0 
810.32 109.4 40.490528 -3.391395 595.0 3 5 46.1 0 0 0 0 
811.26 109.3 40.490719 -3.391141 595.1 3 5 46.1 0 0 0 0 
812.25 109.4 40.490917 -3.390888 594.7 3 5 45.9 0.132 0 0 0 
813.26 109.9 40.491108 -3.390631 594.9 3 5 45.9 0.132 0 0 0 
814.27 109.5 40.491302 -3.390362 596.1 3 5 46.2 0.284 0 0 0 
815.27 109.9 40.491497 -3.390106 595.8 3 5 46.2 0.284 0 0 0 
816.26 108.4 40.491711 -3.389845 595.3 3 5 46.2 0 0 0 0 
817.26 106.7 40.491894 -3.389584 595.0 3 5 46.5 0.321 0 0 0 
818.27 105.9 40.492073 -3.389328 595.0 3 5 46.5 0.321 0 0 0 
819.26 105.2 40.492252 -3.389063 594.8 3 5 47.3 0.798 0 0 0 
820.33 105.3 40.492428 -3.388826 594.8 3 5 47.3 0.798 0 0 0 
821.25 106.1 40.492599 -3.388582 595.9 3 5 47.8 0.472 0 0 0 
822.27 105.9 40.492779 -3.388322 596.3 3 5 49.3 1.972 0 0 0 
823.27 104.3 40.492943 -3.388076 595.4 3 5 48.4 0.916 0 0 0 
824.27 102.1 40.493111 -3.387811 595.4 3 5 48.9 0.564 0 0 0 
825.26 101.2 40.493271 -3.387566 595.2 3 5 49.5 1.099 0 0 0 
826.25 99.5 40.493431 -3.387324 594.9 3 5 49.5 0.535 0 0 0 
827.29 99.1 40.493595 -3.387073 595.9 3 5 50.7 1.246 0 0 0 
828.27 100.0 40.493752 -3.386825 595.7 3 5 50.7 1.246 0 0 0 
829.27 101.2 40.493908 -3.386571 595.3 3 5 50.7 0 0 0 0 
830.28 100.2 40.494068 -3.386311 595.5 3 5 50.7 0 0 0 0 
831.43 98.9 40.494228 -3.386069 595.6 3 5 50.7 0 0 0 0 
832.28 97.8 40.494385 -3.385823 595.1 3 5 51.1 0.413 0 0 0 
833.25 96.8 40.494537 -3.385571 594.8 3 5 51.5 0.800 0 0 0 
834.27 97.3 40.494682 -3.385313 595.4 3 5 52.4 1.292 0 0 0 
835.25 98.3 40.494835 -3.385045 596.1 3 5 52.4 0.905 0 0 0 
836.27 98.1 40.494972 -3.384792 595.5 3 5 53.0 0.616 0 0 0 
837.31 98.5 40.495121 -3.384540 594.6 3 5 53.0 0.616 0 0 0 
838.28 99.0 40.495274 -3.384280 594.6 3 5 52.3 0.729 0 0 0 
839.27 99.3 40.495419 -3.384023 594.7 3 5 54.0 1.674 0 0 0 
840.27 99.3 40.495567 -3.383759 594.7 3 5 53.8 1.518 0 0 0 
841.28 98.4 40.495708 -3.383492 594.7 3 5 53.8 0.156 0 0 0 
842.26 98.3 40.495846 -3.383235 594.7 3 5 54.9 1.109 0 0 0 
843.27 99.4 40.495987 -3.382963 594.6 3 5 56.7 2.821 0 0 0 
844.28 100.6 40.496124 -3.382706 594.5 3 5 56.7 1.712 0 0 0 
845.29 101.5 40.496277 -3.382421 594.4 3 5 56.7 0 0 0 0 
846.29 101.8 40.496414 -3.382148 594.3 3 5 55.9 0.772 0 0 0 
847.28 101.5 40.496559 -3.381864 594.5 3 5 55.9 0.772 0 0 0 
848.28 101.4 40.496700 -3.381583 594.3 3 5 56.5 0.661 0 0 0 
849.25 101.2 40.496838 -3.381304 594.7 3 5 56.5 0.661 0 0 0 
850.28 101.6 40.496979 -3.381025 594.7 3 5 55.9 0.640 0 0 0 
851.29 102.3 40.497124 -3.380743 594.9 3 5 56.3 0.403 0 0 0 
852.31 102.7 40.497261 -3.380470 594.6 3 5 56.5 0.573 0 0 0 
853.28 102.3 40.497410 -3.380188 594.8 3 5 56.5 0.170 0 0 0 
854.31 102.5 40.497551 -3.379911 595.1 3 5 56.5 0 0 0 0 
855.27 102.9 40.497692 -3.379632 595.1 3 5 56.5 0 0 0 0 
856.25 103.1 40.497833 -3.379352 595.3 3 5 56.3 0.210 0 0 0 
857.27 103.6 40.497978 -3.379071 595.7 3 5 55.9 0.543 0 0 0 
858.33 104.0 40.498123 -3.378788 598.1 3 5 55.9 0.332 0 0 0 
859.28 103.7 40.498264 -3.378504 596.3 3 5 55.9 0 0 0 0 
860.25 104.7 40.498405 -3.378224 596.1 3 5 55.9 0 0 0 0 
861.26 106.7 40.498558 -3.377933 596.4 3 5 55.6 0.365 0 0 0 
862.25 103.3 40.498695 -3.377656 596.6 3 5 56.2 0.622 0 0 0 
863.32 103.1 40.498837 -3.377375 596.7 3 5 56.2 0.622 0 0 0 
864.28 103.1 40.498985 -3.377090 596.9 3 5 56.2 0 0 0 0 
865.26 103.8 40.499126 -3.376806 596.6 3 5 56.2 0 0 0 0 
866.25 105.2 40.499271 -3.376519 596.6 3 5 56.2 0 0 0 0 
867.27 106.7 40.499424 -3.376230 597.5 3 5 57.0 0.762 0 0 0 
868.26 107.2 40.499569 -3.375942 600.5 3 5 57.0 0.762 0 0 0 
869.26 107.7 40.499718 -3.375644 603.0 3 5 56.7 0.286 0 0 0 
870.26 108.0 40.499870 -3.375348 600.2 3 5 56.7 0.286 0 0 0 
871.26 108.9 40.500019 -3.375051 597.7 3 5 55.9 0.767 0 0 0 
872.27 110.1 40.500172 -3.374752 598.2 3 5 55.9 0.767 0 0 0 
873.26 111.5 40.500324 -3.374449 599.1 3 5 55.9 0 0 0 0 
874.27 112.8 40.500477 -3.374136 599.8 3 5 57.9 2.006 0 0 0 
875.26 113.7 40.500633 -3.373817 600.5 3 5 57.9 2.006 0 0 0 
876.27 113.2 40.500782 -3.373503 601.6 3 5 57.7 0.237 0 0 0 
877.26 112.1 40.500931 -3.373189 602.3 3 5 57.7 0.237 0 0 0 
878.27 111.3 40.501072 -3.372887 601.9 3 5 57.7 0 0 0 0 
879.26 110.6 40.501217 -3.372573 601.0 3 5 57.7 0.054 0 0 0 
880.26 109.1 40.501362 -3.372260 600.3 3 5 57.7 0.054 0 0 0 
881.27 107.7 40.501499 -3.371965 600.5 3 5 57.7 0 0 0 0 
882.37 106.7 40.501648 -3.371654 600.6 3 5 57.4 0.311 0 0 0 
883.32 106.8 40.501785 -3.371361 600.9 3 5 57.4 0.311 1 0 0 
884.27 108.2 40.501926 -3.371056 601.6 3 5 57.4 0 2 0 0 
885.28 109.3 40.502064 -3.370744 601.8 3 5 57.4 0 0 0 0 
886.26 109.3 40.502205 -3.370439 602.2 3 5 54.2 3.222 0 0 0 
887.25 108.9 40.502350 -3.370133 602.4 3 5 55.2 2.215 0 0 0 
888.27 107.8 40.502483 -3.369833 602.6 3 5 58.4 4.251 0 0 0 
889.27 106.8 40.502625 -3.369535 602.5 3 5 58.4 3.244 0 0 0 
890.27 105.9 40.502766 -3.369228 602.8 3 5 57.5 0.980 0 0 0 
891.25 104.8 40.502903 -3.368936 603.0 3 5 57.9 0.508 2 0 0 
892.28 104.3 40.503025 -3.368650 602.9 3 5 57.9 0.472 0 0 0 
893.35 105.6 40.503159 -3.368366 603.2 3 5 57.9 0 0 0 0 
894.27 105.3 40.503296 -3.368056 603.6 3 5 57.9 0 1 0 0 
895.28 105.6 40.503429 -3.367761 603.7 3 5 57.9 0.041 1 0 0 
896.34 105.5 40.503571 -3.367469 604.2 3 5 57.9 0.041 1 1 0 
897.25 105.8 40.503712 -3.367179 604.1 3 5 58.3 0.444 1 1 0 
898.27 106.4 40.503853 -3.366876 604.7 3 5 58.3 0.444 0 1 0 
899.33 104.6 40.503994 -3.366592 604.6 3 5 57.8 0.512 0 1 0 
900.27 104.0 40.504128 -3.366310 605.4 3 5 58.3 0.475 0 1 0 
901.26 103.9 40.504276 -3.366019 605.2 3 5 58.3 0.475 0 1 0 
902.28 102.6 40.504402 -3.365722 604.8 3 5 60.1 1.800 0 1 0 
903.28 102.2 40.504532 -3.365430 604.4 3 5 60.9 2.556 0 1 0 
904.28 102.3 40.504662 -3.365138 604.5 3 5 61.9 1.826 0 1 0 
905.29 102.7 40.504780 -3.364833 604.3 3 5 64.4 3.519 0 1 0 
906.28 102.1 40.504890 -3.364528 606.5 4 5 65.9 3.934 0 1 0 
907.28 102.3 40.504993 -3.364221 607.8 4 5 67.6 3.220 0 1 0 
908.27 103.5 40.505089 -3.363907 607.6 4 5 69.0 3.101 0 1 0 
909.25 101.3 40.505169 -3.363597 607.6 4 5 70.8 3.211 0 1 0 
910.28 103.5 40.505268 -3.363281 607.2 4 5 71.8 2.838 0 1 0 
911.25 104.7 40.505352 -3.362964 604.9 4 5 72.5 1.709 0 1 0 
912.28 105.8 40.505428 -3.362610 603.2 3 5 75.3 3.482 0 1 0 
913.26 106.0 40.505486 -3.362279 603.6 3 5 76.1 3.538 0 1 0 
914.31 104.7 40.505543 -3.361949 604.1 3 5 78.0 2.764 0 1 0 
915.28 104.1 40.505589 -3.361608 604.0 3 5 80.2 4.102 1 1 0 
916.26 104.1 40.505634 -3.361275 604.0 3 5 83.3 5.273 0 1 0 
917.25 103.1 40.505653 -3.360928 603.8 3 5 86.1 5.977 0 1 0 
918.31 100.5 40.505661 -3.360597 603.6 3 5 88.9 5.625 0 1 0 
919.29 96.6 40.505657 -3.360267 602.9 3 5 89.3 3.164 0 1 0 
920.35 92.8 40.505665 -3.359961 602.3 3 5 88.9 0.352 0 1 0 
921.27 87.8 40.505669 -3.359667 601.6 3 5 89.6 0.703 0 1 0 
922.26 83.0 40.505665 -3.359403 601.0 3 5 90.4 1.406 2 1 0 
923.26 77.5 40.505661 -3.359143 600.4 3 5 92.1 2.461 0 1 0 
924.30 70.4 40.505657 -3.358907 599.6 3 5 92.5 2.109 2 1 0 
925.25 53.5 40.505630 -3.358740 599.2 3 5 98.8 6.680 2 1 0 
926.28 42.7 40.505615 -3.358595 598.8 3 5 94.2 0 -9 -9 0 
927.25 29.5 40.505619 -3.358487 598.4 3 5 92.1 0 -9 -9 0 
