14.23 -1.00 -1.00 0 69.0 
14.48 -1.00 -1.00 0 69.0 
14.70 -1.00 -1.00 0 69.4 
14.82 -1.00 -1.00 0 69.4 
15.00 -1.00 -1.00 0 69.4 
15.13 -1.00 -1.00 0 69.4 
15.30 -1.00 -1.00 0 69.4 
15.45 -1.00 -1.00 0 72.8 
15.58 -1.00 -1.00 0 72.8 
15.73 -1.00 -1.00 0 72.8 
15.91 -1.00 -1.00 0 72.8 
16.05 -1.00 -1.00 0 72.8 
16.18 -1.00 -1.00 0 72.8 
16.38 -1.00 -1.00 0 72.8 
16.51 -1.00 -1.00 0 76.4 
16.62 -1.00 -1.00 0 76.4 
16.72 -1.00 -1.00 0 76.4 
16.85 -1.00 -1.00 0 76.4 
16.98 -1.00 -1.00 0 76.4 
17.13 -1.00 -1.00 0 76.4 
17.25 -1.00 -1.00 0 76.4 
17.44 -1.00 -1.00 0 76.4 
17.58 -1.00 -1.00 0 78.9 
17.69 -1.00 -1.00 0 78.9 
17.82 -1.00 -1.00 0 78.9 
17.97 -1.00 -1.00 0 78.9 
18.09 -1.00 -1.00 0 78.9 
18.23 -1.00 -1.00 0 78.9 
18.40 -1.00 -1.00 0 78.9 
18.51 -1.00 -1.00 0 81.9 
18.61 -1.00 -1.00 0 81.9 
18.76 -1.00 -1.00 0 81.9 
18.89 -1.00 -1.00 0 81.9 
19.04 -1.00 -1.00 0 81.9 
19.19 -1.00 -1.00 0 81.9 
19.32 -1.00 -1.00 0 81.9 
19.47 -1.00 -1.00 0 81.9 
19.58 -1.00 -1.00 0 78.6 
19.71 -1.00 -1.00 0 78.6 
19.82 -1.00 -1.00 0 78.6 
19.98 -1.00 -1.00 0 78.6 
20.12 -1.00 -1.00 0 78.6 
20.27 -1.00 -1.00 0 78.6 
20.46 -1.00 -1.00 0 78.6 
20.59 -1.00 -1.00 0 79.7 
20.70 -1.00 -1.00 0 79.7 
20.84 -1.00 -1.00 0 79.7 
20.96 -1.00 -1.00 0 79.7 
21.08 -1.00 -1.00 0 79.7 
21.23 -1.00 -1.00 0 79.7 
21.40 -1.00 -1.00 0 79.7 
21.54 -1.00 -1.00 0 80.0 
21.69 -1.00 -1.00 0 80.0 
21.82 -1.00 -1.00 0 80.0 
21.98 -1.00 -1.00 0 80.0 
22.13 -1.00 -1.00 0 80.0 
22.25 -1.00 -1.00 0 80.0 
22.45 -1.00 -1.00 0 80.0 
22.61 -1.00 -1.00 0 79.2 
22.72 -1.00 -1.00 0 79.2 
22.85 -1.00 -1.00 0 79.2 
23.01 -1.00 -1.00 0 79.2 
23.14 -1.00 -1.00 0 79.2 
23.27 -1.00 -1.00 0 79.2 
23.43 -1.00 -1.00 0 79.2 
23.55 -1.00 -1.00 0 78.3 
23.69 -1.00 -1.00 0 78.3 
23.83 -1.00 -1.00 0 78.3 
24.17 -1.00 -1.00 0 78.3 
24.35 -1.00 -1.00 0 78.3 
24.49 -1.00 -1.00 0 78.1 
24.66 -1.00 -1.00 0 78.1 
24.80 -1.00 -1.00 0 78.1 
24.92 -1.00 -1.00 0 78.1 
25.10 -1.00 -1.00 0 78.1 
25.22 -1.00 -1.00 0 78.1 
25.36 -1.00 -1.00 0 78.1 
25.52 -1.00 -1.00 0 79.3 
25.66 -1.00 -1.00 0 79.3 
25.80 -1.00 -1.00 0 79.3 
25.91 -1.00 -1.00 0 79.3 
26.03 -1.00 -1.00 0 79.3 
26.17 -1.00 -1.00 0 79.3 
26.32 -1.00 -1.00 0 79.3 
26.49 -1.00 -1.00 0 80.2 
26.63 -1.00 -1.00 0 80.2 
26.77 -1.00 -1.00 0 80.2 
26.93 -1.00 -1.00 0 80.2 
27.09 -1.00 -1.00 0 80.2 
27.26 -1.00 -1.00 0 80.2 
27.41 -1.00 -1.00 0 80.2 
27.53 -1.00 -1.00 0 82.3 
27.65 -1.00 -1.00 0 82.3 
27.81 -1.00 -1.00 0 82.3 
27.93 -1.00 -1.00 0 82.3 
28.10 -1.00 -1.00 0 82.3 
28.23 -1.00 -1.00 0 82.3 
28.40 -1.00 -1.00 0 82.3 
28.54 -1.00 -1.00 0 82.9 
28.67 -1.00 -1.00 0 82.9 
28.83 -1.00 -1.00 0 82.9 
28.96 -1.00 -1.00 0 82.9 
29.11 -1.00 -1.00 0 82.9 
29.23 -1.00 -1.00 0 82.9 
29.41 -1.00 -1.00 0 82.9 
29.56 -1.00 -1.00 0 84.1 
29.73 -1.00 -1.00 0 84.1 
29.87 -1.00 -1.00 0 84.1 
30.02 -1.00 -1.00 0 84.1 
30.18 -1.00 -1.00 0 84.1 
30.33 -1.00 -1.00 0 84.1 
30.44 -1.00 -1.00 0 89.4 
30.60 -1.00 -1.00 0 89.4 
30.73 -1.00 -1.00 0 89.4 
30.87 -1.00 -1.00 0 89.4 
31.00 -1.00 -1.00 0 89.4 
31.16 -1.00 -1.00 0 89.4 
31.37 -1.00 -1.00 0 89.4 
31.50 -1.00 -1.00 0 88.0 
31.66 -1.00 -1.00 0 88.0 
31.80 -1.00 -1.00 0 88.0 
31.94 -1.00 -1.00 0 88.0 
32.08 -1.00 -1.00 0 88.0 
32.21 -1.00 -1.00 0 88.0 
32.35 -1.00 -1.00 0 88.0 
32.50 -1.00 -1.00 0 86.0 
32.62 -1.00 -1.00 0 86.0 
32.77 -1.00 -1.00 0 86.0 
32.89 -1.00 -1.00 0 86.0 
33.03 -1.00 -1.00 0 86.0 
33.17 -1.00 -1.00 0 86.0 
33.31 -1.00 -1.00 0 86.0 
33.46 -1.00 -1.00 0 88.1 
33.61 -1.00 -1.00 0 88.1 
33.77 -1.00 -1.00 0 88.1 
33.89 -1.00 -1.00 0 88.1 
34.01 -1.00 -1.00 0 88.1 
34.15 -1.00 -1.00 0 88.1 
34.34 -1.00 -1.00 0 88.1 
34.49 -1.00 -1.00 0 88.9 
34.65 -1.00 -1.00 0 88.9 
34.76 -1.00 -1.00 0 88.9 
34.91 -1.00 -1.00 0 88.9 
35.03 -1.00 -1.00 0 88.9 
35.16 -1.00 -1.00 0 88.9 
35.34 -1.00 -1.00 0 88.9 
35.47 -1.00 -1.00 0 88.3 
35.61 71.89 2.93 1 88.3 
35.75 -1.00 -1.00 1 88.3 
35.89 -1.00 -1.00 0 88.3 
36.04 -1.00 -1.00 0 88.3 
36.17 -1.00 -1.00 0 88.3 
36.33 -1.00 -1.00 0 88.3 
36.47 -1.00 -1.00 0 89.2 
36.61 -1.00 -1.00 0 89.2 
36.77 -1.00 -1.00 0 89.2 
36.92 -1.00 -1.00 0 89.2 
37.07 -1.00 -1.00 0 89.2 
37.20 -1.00 -1.00 0 89.2 
37.40 -1.00 -1.00 0 89.2 
37.53 -1.00 -1.00 0 89.0 
37.67 -1.00 -1.00 0 89.0 
37.79 -1.00 -1.00 0 89.0 
37.91 -1.00 -1.00 0 89.0 
38.03 -1.00 -1.00 0 89.0 
38.22 -1.00 -1.00 0 89.0 
38.39 -1.00 -1.00 0 89.0 
38.53 -1.00 -1.00 0 88.7 
38.66 -1.00 -1.00 0 88.7 
38.81 -1.00 -1.00 0 88.7 
38.97 -1.00 -1.00 0 88.7 
39.13 -1.00 -1.00 0 88.7 
39.33 -1.00 -1.00 0 88.7 
39.44 -1.00 -1.00 0 89.1 
39.61 -1.00 -1.00 0 89.1 
39.74 -1.00 -1.00 0 89.1 
39.90 -1.00 -1.00 0 89.1 
40.03 -1.00 -1.00 0 89.1 
40.17 -1.00 -1.00 0 89.1 
40.32 -1.00 -1.00 0 89.1 
40.48 -1.00 -1.00 0 89.2 
40.60 -1.00 -1.00 0 89.2 
40.75 -1.00 -1.00 0 89.2 
40.88 -1.00 -1.00 0 89.2 
41.01 -1.00 -1.00 0 89.2 
41.13 -1.00 -1.00 0 89.2 
41.27 -1.00 -1.00 0 89.2 
41.44 -1.00 -1.00 0 89.2 
41.56 -1.00 -1.00 0 90.8 
41.70 -1.00 -1.00 0 90.8 
41.83 -1.00 -1.00 0 90.8 
41.95 -1.00 -1.00 0 90.8 
42.08 -1.00 -1.00 0 90.8 
42.24 -1.00 -1.00 0 90.8 
42.39 -1.00 -1.00 0 90.8 
42.55 -1.00 -1.00 0 91.7 
42.67 -1.00 -1.00 0 91.7 
42.83 -1.00 -1.00 0 91.7 
42.99 -1.00 -1.00 0 91.7 
43.14 -1.00 -1.00 0 91.7 
43.32 -1.00 -1.00 0 91.7 
43.47 -1.00 -1.00 0 89.9 
43.61 -1.00 -1.00 0 89.9 
43.75 -1.00 -1.00 0 89.9 
44.06 -1.00 -1.00 0 89.9 
44.21 -1.00 -1.00 0 89.9 
44.34 -1.00 -1.00 0 89.9 
44.50 -1.00 -1.00 0 89.9 
44.67 -1.00 -1.00 0 89.9 
44.81 -1.00 -1.00 0 89.9 
44.96 -1.00 -1.00 0 89.9 
45.11 -1.00 -1.00 0 89.9 
45.26 -1.00 -1.00 0 89.9 
45.45 -1.00 -1.00 0 89.9 
45.61 -1.00 -1.00 0 89.4 
45.74 -1.00 -1.00 0 89.4 
45.90 -1.00 -1.00 0 89.4 
46.05 -1.00 -1.00 0 89.4 
46.21 -1.00 -1.00 0 89.4 
46.36 -1.00 -1.00 0 89.4 
46.49 -1.00 -1.00 0 89.4 
46.65 -1.00 -1.00 0 89.4 
46.77 -1.00 -1.00 0 89.4 
46.90 -1.00 -1.00 0 89.4 
47.05 -1.00 -1.00 0 89.4 
47.18 -1.00 -1.00 0 89.4 
47.36 -1.00 -1.00 0 89.4 
47.48 -1.00 -1.00 0 88.8 
47.58 -1.00 -1.00 0 88.8 
47.74 -1.00 -1.00 0 88.8 
47.87 -1.00 -1.00 0 88.8 
48.01 -1.00 -1.00 0 88.8 
48.14 -1.00 -1.00 0 88.8 
48.27 -1.00 -1.00 0 88.8 
48.47 -1.00 -1.00 0 88.8 
48.62 -1.00 -1.00 0 88.8 
48.79 -1.00 -1.00 0 88.8 
48.95 -1.00 -1.00 0 88.8 
49.08 -1.00 -1.00 0 88.8 
49.22 -1.00 -1.00 1 88.8 
49.41 -1.00 -1.00 1 88.8 
49.55 -1.00 -1.00 0 87.6 
49.67 -1.00 -1.00 0 87.6 
49.84 -1.00 -1.00 1 87.6 
49.98 -1.00 -1.00 1 87.6 
50.11 -1.00 -1.00 1 87.6 
50.23 -1.00 -1.00 1 87.6 
50.36 -1.00 -1.00 1 87.6 
50.50 -1.00 -1.00 1 89.0 
50.66 -1.00 -1.00 1 89.0 
50.80 -1.00 -1.00 1 89.0 
50.98 -1.00 -1.00 1 89.0 
51.12 -1.00 -1.00 1 89.0 
51.27 -1.00 -1.00 1 89.0 
51.43 -1.00 -1.00 1 89.0 
51.61 -1.00 -1.00 1 90.1 
51.75 -1.00 -1.00 0 90.1 
51.89 -1.00 -1.00 0 90.1 
52.05 -1.00 -1.00 0 90.1 
52.18 -1.00 -1.00 0 90.1 
52.38 -1.00 -1.00 0 90.1 
52.55 -1.00 -1.00 0 91.6 
52.72 -1.00 -1.00 0 91.6 
52.88 -1.00 -1.00 0 91.6 
53.04 -1.00 -1.00 0 91.6 
53.19 -1.00 -1.00 0 91.6 
53.33 -1.00 -1.00 0 91.6 
53.48 -1.00 -1.00 0 91.8 
53.61 -1.00 -1.00 0 91.8 
53.78 -1.00 -1.00 0 91.8 
53.91 -1.00 -1.00 0 91.8 
54.05 -1.00 -1.00 0 91.8 
54.21 -1.00 -1.00 0 91.8 
54.38 -1.00 -1.00 0 91.8 
54.56 -1.00 -1.00 0 91.3 
54.71 -1.00 -1.00 0 91.3 
54.87 -1.00 -1.00 0 91.3 
55.05 -1.00 -1.00 0 91.3 
55.19 -1.00 -1.00 0 91.3 
55.38 -1.00 -1.00 0 91.3 
55.51 -1.00 -1.00 0 91.0 
55.66 -1.00 -1.00 0 91.0 
55.79 -1.00 -1.00 0 91.0 
55.94 -1.00 -1.00 0 91.0 
56.10 -1.00 -1.00 0 91.0 
56.26 -1.00 -1.00 0 91.0 
56.44 -1.00 -1.00 0 91.0 
56.62 -1.00 -1.00 0 90.9 
56.75 -1.00 -1.00 0 90.9 
56.90 -1.00 -1.00 0 90.9 
57.07 -1.00 -1.00 0 90.9 
57.20 -1.00 -1.00 0 90.9 
57.39 -1.00 -1.00 0 90.9 
57.54 -1.00 -1.00 0 90.9 
57.70 -1.00 -1.00 0 90.9 
57.86 -1.00 -1.00 0 90.9 
57.98 -1.00 -1.00 0 90.9 
58.15 -1.00 -1.00 0 90.9 
58.36 -1.00 -1.00 0 90.9 
58.52 -1.00 -1.00 0 90.9 
58.65 -1.00 -1.00 0 90.9 
58.76 -1.00 -1.00 0 90.9 
58.91 -1.00 -1.00 0 90.9 
59.05 -1.00 -1.00 0 90.9 
59.20 -1.00 -1.00 0 90.9 
59.38 -1.00 -1.00 0 90.9 
59.56 -1.00 -1.00 0 89.7 
59.72 -1.00 -1.00 0 89.7 
59.85 -1.00 -1.00 0 89.7 
59.99 -1.00 -1.00 0 89.7 
60.14 -1.00 -1.00 0 89.7 
60.29 -1.00 -1.00 0 89.7 
60.47 -1.00 -1.00 0 91.6 
60.63 -1.00 -1.00 0 91.6 
60.75 -1.00 -1.00 0 91.6 
60.89 -1.00 -1.00 0 91.6 
61.04 -1.00 -1.00 0 91.6 
61.17 -1.00 -1.00 0 91.6 
61.34 -1.00 -1.00 0 91.6 
61.50 -1.00 -1.00 0 91.4 
61.63 -1.00 -1.00 0 91.4 
61.79 -1.00 -1.00 0 91.4 
61.91 -1.00 -1.00 0 91.4 
62.03 -1.00 -1.00 0 91.4 
62.18 -1.00 -1.00 0 91.4 
62.35 -1.00 -1.00 0 91.4 
62.49 -1.00 -1.00 0 92.4 
62.66 -1.00 -1.00 0 92.4 
62.78 -1.00 -1.00 0 92.4 
62.94 -1.00 -1.00 0 92.4 
63.08 -1.00 -1.00 0 92.4 
63.26 -1.00 -1.00 0 92.4 
63.42 -1.00 -1.00 0 92.4 
63.56 -1.00 -1.00 0 92.8 
63.72 -1.00 -1.00 0 92.8 
63.86 -1.00 -1.00 0 92.8 
64.01 -1.00 -1.00 0 92.8 
64.16 -1.00 -1.00 0 92.8 
64.35 -1.00 -1.00 0 92.8 
64.49 -1.00 -1.00 0 92.6 
64.64 -1.00 -1.00 0 92.6 
64.78 -1.00 -1.00 0 92.6 
64.94 -1.00 -1.00 0 92.6 
65.08 -1.00 -1.00 0 92.6 
65.22 -1.00 -1.00 0 92.6 
65.39 -1.00 -1.00 0 92.6 
65.55 -1.00 -1.00 0 92.7 
65.68 -1.00 -1.00 0 92.7 
65.82 -1.00 -1.00 0 92.7 
65.98 -1.00 -1.00 0 92.7 
66.12 -1.00 -1.00 0 92.7 
66.25 -1.00 -1.00 0 92.7 
66.43 -1.00 -1.00 0 92.7 
66.55 -1.00 -1.00 0 91.5 
66.72 -1.00 -1.00 1 91.5 
66.90 -1.00 -1.00 0 91.5 
67.06 -1.00 -1.00 0 91.5 
67.23 -1.00 -1.00 0 91.5 
67.39 -1.00 -1.00 0 91.5 
67.55 -1.00 -1.00 0 91.3 
67.70 -1.00 -1.00 0 91.3 
67.83 -1.00 -1.00 0 91.3 
67.96 -1.00 -1.00 0 91.3 
68.09 -1.00 -1.00 0 91.3 
68.26 -1.00 -1.00 1 91.3 
68.44 -1.00 -1.00 0 91.3 
68.59 -1.00 -1.00 0 90.2 
68.72 -1.00 -1.00 0 90.2 
68.86 -1.00 -1.00 1 90.2 
69.01 -1.00 -1.00 1 90.2 
69.16 -1.00 -1.00 1 90.2 
69.30 -1.00 -1.00 0 90.2 
69.45 -1.00 -1.00 0 89.5 
69.60 -1.00 -1.00 0 89.5 
69.75 -1.00 -1.00 0 89.5 
69.91 -1.00 -1.00 0 89.5 
70.06 -1.00 -1.00 0 89.5 
70.21 -1.00 -1.00 0 89.5 
70.34 -1.00 -1.00 0 89.5 
70.49 -1.00 -1.00 0 89.7 
70.63 -1.00 -1.00 0 89.7 
70.79 -1.00 -1.00 0 89.7 
70.93 -1.00 -1.00 0 89.7 
71.09 -1.00 -1.00 0 89.7 
71.23 -1.00 -1.00 0 89.7 
71.44 -1.00 -1.00 0 89.7 
71.59 -1.00 -1.00 0 88.7 
71.72 -1.00 -1.00 0 88.7 
71.88 -1.00 -1.00 0 88.7 
72.03 -1.00 -1.00 0 88.7 
72.19 -1.00 -1.00 0 88.7 
72.35 -1.00 -1.00 0 88.7 
72.49 -1.00 -1.00 0 88.5 
72.63 -1.00 -1.00 0 88.5 
72.77 -1.00 -1.00 0 88.5 
72.93 -1.00 -1.00 0 88.5 
73.06 -1.00 -1.00 0 88.5 
73.23 -1.00 -1.00 0 88.5 
73.37 -1.00 -1.00 0 88.5 
73.54 -1.00 -1.00 0 89.2 
73.69 -1.00 -1.00 0 89.2 
73.82 -1.00 -1.00 0 89.2 
74.01 -1.00 -1.00 0 89.2 
74.15 -1.00 -1.00 0 89.2 
74.34 -1.00 -1.00 0 89.2 
74.51 -1.00 -1.00 0 89.1 
74.66 -1.00 -1.00 0 89.1 
74.79 -1.00 -1.00 0 89.1 
74.96 -1.00 -1.00 0 89.1 
75.13 -1.00 -1.00 0 89.1 
75.26 -1.00 -1.00 0 89.1 
75.45 -1.00 -1.00 0 89.1 
75.60 -1.00 -1.00 0 89.7 
75.76 -1.00 -1.00 0 89.7 
75.92 -1.00 -1.00 0 89.7 
76.07 -1.00 -1.00 0 89.7 
76.23 -1.00 -1.00 0 89.7 
76.38 -1.00 -1.00 0 89.7 
76.55 -1.00 -1.00 0 89.7 
76.69 -1.00 -1.00 0 89.7 
76.82 -1.00 -1.00 0 89.7 
76.94 -1.00 -1.00 0 89.7 
77.11 -1.00 -1.00 0 89.7 
77.26 -1.00 -1.00 0 89.7 
77.45 -1.00 -1.00 0 89.7 
77.62 -1.00 -1.00 0 90.2 
77.78 -1.00 -1.00 0 90.2 
77.90 -1.00 -1.00 0 90.2 
78.07 -1.00 -1.00 0 90.2 
78.19 -1.00 -1.00 0 90.2 
78.34 -1.00 -1.00 0 90.2 
78.50 -1.00 -1.00 0 90.2 
78.64 -1.00 -1.00 0 90.2 
78.79 -1.00 -1.00 0 90.2 
78.91 -1.00 -1.00 0 90.2 
79.06 -1.00 -1.00 0 90.2 
79.22 -1.00 -1.00 0 90.2 
79.39 -1.00 -1.00 0 90.2 
79.52 -1.00 -1.00 0 91.4 
79.67 -1.00 -1.00 0 91.4 
79.79 -1.00 -1.00 0 91.4 
79.96 -1.00 -1.00 0 91.4 
80.11 -1.00 -1.00 0 91.4 
80.26 -1.00 -1.00 0 91.4 
80.41 -1.00 -1.00 0 91.4 
80.56 -1.00 -1.00 0 92.0 
80.69 -1.00 -1.00 0 92.0 
80.83 -1.00 -1.00 0 92.0 
80.96 -1.00 -1.00 0 92.0 
81.12 -1.00 -1.00 0 92.0 
81.26 -1.00 -1.00 0 92.0 
81.42 -1.00 -1.00 0 92.0 
81.57 -1.00 -1.00 0 92.6 
81.69 -1.00 -1.00 0 92.6 
81.80 -1.00 -1.00 0 92.6 
81.93 -1.00 -1.00 0 92.6 
82.07 -1.00 -1.00 0 92.6 
82.23 -1.00 -1.00 0 92.6 
82.39 -1.00 -1.00 0 92.6 
82.55 -1.00 -1.00 0 92.2 
82.70 -1.00 -1.00 0 92.2 
82.86 -1.00 -1.00 0 92.2 
83.00 -1.00 -1.00 0 92.2 
83.15 -1.00 -1.00 0 92.2 
83.36 -1.00 -1.00 0 92.2 
83.49 -1.00 -1.00 0 92.3 
83.66 -1.00 -1.00 0 92.3 
83.80 -1.00 -1.00 0 92.3 
84.09 -1.00 -1.00 0 92.3 
84.23 -1.00 -1.00 0 92.3 
84.39 -1.00 -1.00 0 92.3 
84.53 -1.00 -1.00 0 93.1 
84.68 -1.00 -1.00 0 93.1 
84.79 -1.00 -1.00 0 93.1 
84.94 -1.00 -1.00 0 93.1 
85.08 -1.00 -1.00 0 93.1 
85.21 -1.00 -1.00 0 93.1 
85.35 -1.00 -1.00 0 93.1 
85.50 -1.00 -1.00 0 92.1 
85.63 -1.00 -1.00 0 92.1 
85.78 -1.00 -1.00 0 92.1 
85.94 -1.00 -1.00 0 92.1 
86.10 -1.00 -1.00 0 92.1 
86.23 -1.00 -1.00 0 92.1 
86.41 -1.00 -1.00 0 92.1 
86.56 -1.00 -1.00 0 92.3 
86.69 -1.00 -1.00 0 92.3 
86.86 -1.00 -1.00 0 92.3 
87.00 -1.00 -1.00 0 92.3 
87.15 -1.00 -1.00 0 92.3 
87.32 -1.00 -1.00 0 92.3 
87.47 -1.00 -1.00 0 91.6 
87.61 -1.00 -1.00 0 91.6 
87.77 -1.00 -1.00 0 91.6 
87.89 -1.00 -1.00 0 91.6 
88.06 -1.00 -1.00 0 91.6 
88.19 -1.00 -1.00 0 91.6 
88.33 -1.00 -1.00 0 91.6 
88.47 -1.00 -1.00 0 91.8 
88.59 -1.00 -1.00 0 91.8 
88.73 -1.00 -1.00 0 91.8 
88.85 -1.00 -1.00 0 91.8 
88.99 -1.00 -1.00 0 91.8 
89.11 -1.00 -1.00 0 91.8 
89.24 -1.00 -1.00 0 91.8 
89.40 -1.00 -1.00 0 91.8 
89.53 -1.00 -1.00 0 91.9 
89.68 -1.00 -1.00 0 91.9 
89.79 -1.00 -1.00 0 91.9 
89.94 -1.00 -1.00 0 91.9 
90.06 143.77 5.63 1 91.9 
90.21 143.75 5.63 1 91.9 
90.37 142.69 5.59 1 91.9 
90.51 -1.00 -1.00 1 92.2 
90.64 -1.00 -1.00 1 92.2 
90.77 -1.00 -1.00 1 92.2 
90.95 -1.00 -1.00 1 92.2 
91.12 -1.00 -1.00 0 92.2 
91.33 -1.00 -1.00 0 92.2 
91.49 -1.00 -1.00 0 92.7 
91.64 -1.00 -1.00 0 92.7 
91.80 -1.00 -1.00 0 92.7 
91.97 -1.00 -1.00 0 92.7 
92.09 -1.00 -1.00 0 92.7 
92.24 -1.00 -1.00 0 92.7 
92.39 -1.00 -1.00 0 92.7 
92.57 -1.00 -1.00 1 92.6 
92.70 -1.00 -1.00 1 92.6 
92.88 -1.00 -1.00 1 92.6 
93.04 -1.00 -1.00 0 92.6 
93.18 -1.00 -1.00 0 92.6 
93.35 -1.00 -1.00 0 92.6 
93.51 -1.00 -1.00 0 93.4 
93.66 -1.00 -1.00 0 93.4 
93.81 -1.00 -1.00 0 93.4 
93.97 -1.00 -1.00 0 93.4 
94.10 -1.00 -1.00 0 93.4 
94.23 -1.00 -1.00 0 93.4 
94.44 -1.00 -1.00 0 93.4 
94.56 -1.00 -1.00 0 92.5 
94.69 -1.00 -1.00 0 92.5 
94.84 -1.00 -1.00 0 92.5 
94.96 -1.00 -1.00 0 92.5 
95.06 -1.00 -1.00 0 92.5 
95.20 -1.00 -1.00 0 92.5 
95.33 -1.00 -1.00 0 92.5 
95.47 -1.00 -1.00 0 92.5 
95.61 -1.00 -1.00 0 93.7 
95.76 -1.00 -1.00 0 93.7 
95.90 -1.00 -1.00 0 93.7 
96.06 -1.00 -1.00 0 93.7 
96.19 -1.00 -1.00 0 93.7 
96.36 -1.00 -1.00 0 93.7 
96.51 -1.00 -1.00 0 95.0 
96.63 -1.00 -1.00 0 95.0 
96.75 -1.00 -1.00 0 95.0 
96.88 -1.00 -1.00 0 95.0 
97.05 -1.00 -1.00 0 95.0 
97.20 -1.00 -1.00 0 95.0 
97.36 -1.00 -1.00 0 95.0 
97.51 -1.00 -1.00 0 94.5 
97.64 -1.00 -1.00 0 94.5 
97.74 -1.00 -1.00 0 94.5 
97.90 -1.00 -1.00 0 94.5 
98.02 -1.00 -1.00 0 94.5 
98.17 -1.00 -1.00 0 94.5 
98.33 -1.00 -1.00 0 94.5 
98.47 -1.00 -1.00 0 94.6 
98.61 -1.00 -1.00 0 94.6 
98.75 -1.00 -1.00 0 94.6 
98.89 -1.00 -1.00 0 94.6 
99.04 -1.00 -1.00 0 94.6 
99.19 -1.00 -1.00 0 94.6 
99.37 -1.00 -1.00 0 94.6 
99.54 -1.00 -1.00 0 93.3 
99.68 -1.00 -1.00 0 93.3 
99.81 -1.00 -1.00 0 93.3 
99.98 -1.00 -1.00 0 93.3 
100.10 -1.00 -1.00 0 93.3 
100.23 -1.00 -1.00 0 93.3 
100.40 -1.00 -1.00 0 93.3 
100.55 -1.00 -1.00 0 92.3 
100.69 -1.00 -1.00 0 92.3 
100.84 -1.00 -1.00 0 92.3 
100.97 -1.00 -1.00 0 92.3 
101.09 -1.00 -1.00 0 92.3 
101.23 -1.00 -1.00 0 92.3 
101.43 -1.00 -1.00 0 92.3 
101.57 -1.00 -1.00 0 92.4 
101.73 -1.00 -1.00 0 92.4 
101.90 -1.00 -1.00 0 92.4 
102.05 -1.00 -1.00 0 92.4 
102.22 -1.00 -1.00 0 92.4 
102.33 -1.00 -1.00 0 92.4 
102.50 -1.00 -1.00 0 92.4 
102.66 -1.00 -1.00 0 92.8 
102.80 -1.00 -1.00 0 92.8 
102.93 -1.00 -1.00 0 92.8 
103.06 -1.00 -1.00 0 92.8 
103.19 -1.00 -1.00 0 92.8 
103.39 -1.00 -1.00 0 92.8 
103.50 -1.00 -1.00 0 93.7 
103.62 -1.00 -1.00 0 93.7 
103.78 -1.00 -1.00 0 93.7 
103.90 -1.00 -1.00 0 93.7 
104.03 -1.00 -1.00 0 93.7 
104.18 -1.00 -1.00 0 93.7 
104.31 -1.00 -1.00 0 93.7 
104.47 -1.00 -1.00 0 93.7 
104.62 -1.00 -1.00 0 93.5 
104.76 -1.00 -1.00 0 93.5 
104.87 -1.00 -1.00 0 93.5 
105.01 -1.00 -1.00 0 93.5 
105.13 -1.00 -1.00 0 93.5 
105.31 -1.00 -1.00 0 93.5 
105.46 -1.00 -1.00 0 93.1 
105.62 -1.00 -1.00 0 93.1 
105.73 -1.00 -1.00 0 93.1 
105.87 -1.00 -1.00 0 93.1 
106.00 -1.00 -1.00 0 93.1 
106.13 -1.00 -1.00 0 93.1 
106.25 -1.00 -1.00 0 93.1 
106.45 -1.00 -1.00 0 93.1 
106.60 -1.00 -1.00 0 92.5 
106.75 -1.00 -1.00 0 92.5 
106.89 -1.00 -1.00 0 92.5 
107.03 -1.00 -1.00 0 92.5 
107.18 -1.00 -1.00 0 92.5 
107.33 -1.00 -1.00 0 92.5 
107.49 -1.00 -1.00 0 92.5 
107.64 -1.00 -1.00 0 92.1 
107.76 -1.00 -1.00 0 92.1 
107.91 -1.00 -1.00 0 92.1 
108.05 -1.00 -1.00 0 92.1 
108.20 -1.00 -1.00 0 92.1 
108.37 -1.00 -1.00 0 92.1 
108.49 -1.00 -1.00 0 91.9 
108.65 -1.00 -1.00 0 91.9 
108.77 -1.00 -1.00 0 91.9 
108.90 -1.00 -1.00 0 91.9 
109.05 -1.00 -1.00 0 91.9 
109.20 -1.00 -1.00 0 91.9 
109.37 -1.00 -1.00 0 91.9 
109.51 -1.00 -1.00 0 92.1 
109.62 -1.00 -1.00 0 92.1 
109.79 -1.00 -1.00 0 92.1 
109.93 -1.00 -1.00 0 92.1 
110.08 -1.00 -1.00 0 92.1 
110.24 -1.00 -1.00 0 92.1 
110.40 -1.00 -1.00 0 92.1 
110.55 -1.00 -1.00 0 92.8 
110.71 -1.00 -1.00 0 92.8 
110.85 -1.00 -1.00 0 92.8 
111.01 -1.00 -1.00 0 92.8 
111.14 -1.00 -1.00 0 92.8 
111.26 -1.00 -1.00 0 92.8 
111.42 -1.00 -1.00 0 92.8 
111.57 -1.00 -1.00 0 92.8 
111.71 -1.00 -1.00 0 92.8 
111.86 -1.00 -1.00 0 92.8 
112.03 -1.00 -1.00 0 92.8 
112.17 -1.00 -1.00 0 92.8 
112.32 -1.00 -1.00 0 92.8 
112.51 -1.00 -1.00 0 93.8 
112.65 -1.00 -1.00 0 93.8 
112.79 -1.00 -1.00 0 93.8 
112.95 -1.00 -1.00 0 93.8 
113.12 -1.00 -1.00 0 93.8 
113.32 -1.00 -1.00 0 93.8 
113.48 -1.00 -1.00 0 93.4 
113.61 -1.00 -1.00 0 93.4 
113.79 -1.00 -1.00 0 93.4 
113.91 -1.00 -1.00 0 93.4 
114.05 -1.00 -1.00 0 93.4 
114.23 -1.00 -1.00 0 93.4 
114.43 -1.00 -1.00 0 93.4 
114.59 -1.00 -1.00 0 92.5 
114.71 -1.00 -1.00 0 92.5 
114.85 -1.00 -1.00 0 92.5 
114.98 -1.00 -1.00 0 92.5 
115.15 -1.00 -1.00 0 92.5 
115.29 -1.00 -1.00 0 92.5 
115.48 -1.00 -1.00 0 92.5 
115.65 -1.00 -1.00 0 93.1 
115.78 -1.00 -1.00 0 93.1 
115.91 -1.00 -1.00 0 93.1 
116.02 -1.00 -1.00 0 93.1 
116.18 -1.00 -1.00 0 93.1 
116.35 -1.00 -1.00 0 93.1 
116.51 -1.00 -1.00 0 93.1 
116.65 -1.00 -1.00 0 93.1 
116.80 -1.00 -1.00 0 93.1 
116.96 -1.00 -1.00 0 93.1 
117.10 -1.00 -1.00 0 93.1 
117.28 -1.00 -1.00 0 93.1 
117.45 -1.00 -1.00 0 92.7 
117.63 -1.00 -1.00 0 92.7 
117.75 -1.00 -1.00 0 92.7 
117.96 -1.00 -1.00 0 92.7 
118.10 -1.00 -1.00 0 92.7 
118.31 -1.00 -1.00 0 92.7 
118.45 -1.00 -1.00 0 92.4 
118.60 -1.00 -1.00 0 92.4 
118.77 -1.00 -1.00 0 92.4 
118.95 -1.00 -1.00 0 92.4 
119.10 -1.00 -1.00 0 92.4 
119.25 -1.00 -1.00 0 92.4 
119.47 -1.00 -1.00 0 92.4 
119.65 -1.00 -1.00 0 92.7 
119.83 -1.00 -1.00 0 92.7 
120.00 -1.00 -1.00 0 92.7 
120.16 -1.00 -1.00 0 92.7 
120.34 -1.00 -1.00 0 92.7 
120.52 -1.00 -1.00 0 92.2 
120.66 -1.00 -1.00 0 92.2 
120.83 -1.00 -1.00 0 92.2 
121.00 -1.00 -1.00 0 92.2 
121.14 -1.00 -1.00 0 92.2 
121.33 -1.00 -1.00 0 92.2 
121.46 -1.00 -1.00 0 91.5 
121.64 -1.00 -1.00 0 91.5 
121.83 -1.00 -1.00 0 91.5 
121.96 -1.00 -1.00 0 91.5 
122.12 -1.00 -1.00 0 91.5 
122.30 -1.00 -1.00 0 91.5 
122.48 -1.00 -1.00 0 91.5 
122.66 -1.00 -1.00 0 91.1 
122.83 -1.00 -1.00 0 91.1 
122.96 -1.00 -1.00 0 91.1 
123.12 -1.00 -1.00 0 91.1 
123.32 -1.00 -1.00 0 91.1 
123.50 -1.00 -1.00 0 90.6 
123.66 -1.00 -1.00 0 90.6 
123.79 -1.00 -1.00 0 90.6 
124.18 -1.00 -1.00 0 90.6 
124.35 -1.00 -1.00 0 90.6 
124.53 -1.00 -1.00 0 90.8 
124.69 -1.00 -1.00 0 90.8 
124.82 -1.00 -1.00 0 90.8 
124.99 -1.00 -1.00 0 90.8 
125.13 -1.00 -1.00 0 90.8 
125.34 -1.00 -1.00 0 90.8 
125.49 -1.00 -1.00 0 91.5 
125.66 -1.00 -1.00 0 91.5 
125.79 -1.00 -1.00 0 91.5 
125.97 -1.00 -1.00 0 91.5 
126.09 -1.00 -1.00 0 91.5 
126.24 -1.00 -1.00 0 91.5 
126.45 -1.00 -1.00 0 91.5 
126.61 -1.00 -1.00 0 91.9 
126.78 -1.00 -1.00 0 91.9 
126.92 -1.00 -1.00 0 91.9 
127.10 -1.00 -1.00 0 91.9 
127.24 -1.00 -1.00 0 91.9 
127.45 -1.00 -1.00 0 91.9 
127.63 -1.00 -1.00 0 91.5 
127.75 -1.00 -1.00 0 91.5 
127.89 -1.00 -1.00 0 91.5 
128.01 -1.00 -1.00 0 91.5 
128.17 -1.00 -1.00 0 91.5 
128.39 -1.00 -1.00 0 91.5 
128.52 -1.00 -1.00 0 91.7 
128.66 -1.00 -1.00 0 91.7 
128.78 -1.00 -1.00 0 91.7 
128.98 -1.00 -1.00 0 91.7 
129.13 -1.00 -1.00 0 91.7 
129.27 -1.00 -1.00 0 91.7 
129.46 -1.00 -1.00 0 91.7 
129.59 -1.00 -1.00 0 91.8 
129.71 -1.00 -1.00 0 91.8 
129.85 -1.00 -1.00 0 91.8 
130.01 -1.00 -1.00 0 91.8 
130.15 -1.00 -1.00 0 91.8 
130.30 -1.00 -1.00 0 91.8 
130.49 -1.00 -1.00 0 91.8 
130.63 -1.00 -1.00 0 91.9 
130.77 -1.00 -1.00 0 91.9 
130.90 -1.00 -1.00 0 91.9 
131.06 -1.00 -1.00 0 91.9 
131.24 -1.00 -1.00 0 91.9 
131.41 -1.00 -1.00 0 91.9 
131.54 -1.00 -1.00 0 91.8 
131.73 -1.00 -1.00 0 91.8 
131.88 -1.00 -1.00 0 91.8 
132.04 -1.00 -1.00 0 91.8 
132.22 -1.00 -1.00 0 91.8 
132.37 -1.00 -1.00 0 91.8 
132.56 -1.00 -1.00 0 91.7 
132.74 -1.00 -1.00 0 91.7 
132.89 -1.00 -1.00 0 91.7 
133.06 -1.00 -1.00 0 91.7 
133.20 -1.00 -1.00 0 91.7 
133.44 -1.00 -1.00 0 91.7 
133.65 -1.00 -1.00 0 91.7 
133.80 -1.00 -1.00 0 91.7 
134.01 -1.00 -1.00 0 91.7 
134.19 -1.00 -1.00 0 91.7 
134.41 -1.00 -1.00 0 91.7 
134.60 -1.00 -1.00 0 91.7 
134.80 -1.00 -1.00 0 91.7 
134.94 -1.00 -1.00 0 91.7 
135.13 -1.00 -1.00 1 91.7 
135.33 -1.00 -1.00 0 91.7 
135.52 -1.00 -1.00 0 90.9 
135.72 -1.00 -1.00 0 90.9 
135.92 -1.00 -1.00 0 90.9 
136.09 -1.00 -1.00 0 90.9 
136.30 -1.00 -1.00 0 90.9 
136.46 -1.00 -1.00 0 90.0 
136.62 -1.00 -1.00 0 90.0 
136.82 -1.00 -1.00 0 90.0 
136.97 -1.00 -1.00 0 90.0 
137.15 -1.00 -1.00 0 90.0 
137.36 -1.00 -1.00 0 90.0 
137.53 -1.00 -1.00 0 90.5 
137.70 -1.00 -1.00 0 90.5 
137.83 -1.00 -1.00 0 90.5 
138.02 -1.00 -1.00 0 90.5 
138.17 -1.00 -1.00 0 90.5 
138.36 -1.00 -1.00 0 90.5 
138.52 -1.00 -1.00 0 90.4 
138.68 -1.00 -1.00 0 90.4 
138.84 -1.00 -1.00 0 90.4 
138.99 -1.00 -1.00 0 90.4 
139.13 -1.00 -1.00 0 90.4 
139.34 -1.00 -1.00 0 90.4 
139.51 -1.00 -1.00 0 90.7 
139.67 -1.00 -1.00 0 90.7 
139.84 -1.00 -1.00 0 90.7 
140.00 -1.00 -1.00 0 90.7 
140.13 -1.00 -1.00 0 90.7 
140.33 -1.00 -1.00 0 90.7 
140.50 -1.00 -1.00 0 90.6 
140.63 -1.00 -1.00 0 90.6 
140.78 -1.00 -1.00 0 90.6 
140.90 -1.00 -1.00 0 90.6 
141.06 -1.00 -1.00 0 90.6 
141.19 -1.00 -1.00 0 90.6 
141.32 -1.00 -1.00 0 90.6 
141.52 -1.00 -1.00 0 90.6 
141.69 -1.00 -1.00 0 90.7 
141.85 -1.00 -1.00 0 90.7 
142.00 -1.00 -1.00 0 90.7 
142.19 -1.00 -1.00 0 90.7 
142.36 -1.00 -1.00 0 90.7 
142.53 -1.00 -1.00 0 90.6 
142.70 -1.00 -1.00 0 90.6 
142.88 -1.00 -1.00 0 90.6 
143.02 -1.00 -1.00 0 90.6 
143.19 -1.00 -1.00 0 90.6 
143.35 -1.00 -1.00 0 90.6 
143.53 -1.00 -1.00 0 90.6 
143.70 -1.00 -1.00 0 91.1 
143.83 -1.00 -1.00 0 91.1 
144.04 -1.00 -1.00 0 91.1 
144.17 -1.00 -1.00 0 91.1 
144.31 -1.00 -1.00 0 91.1 
144.52 -1.00 -1.00 0 91.1 
144.67 -1.00 -1.00 0 90.4 
144.82 -1.00 -1.00 0 90.4 
144.97 -1.00 -1.00 0 90.4 
145.13 -1.00 -1.00 0 90.4 
145.36 -1.00 -1.00 0 90.4 
145.50 -1.00 -1.00 0 89.5 
145.67 -1.00 -1.00 0 89.5 
145.81 -1.00 -1.00 0 89.5 
145.97 -1.00 -1.00 1 89.5 
146.17 -1.00 -1.00 0 89.5 
146.32 -1.00 -1.00 0 89.5 
146.51 -1.00 -1.00 0 88.4 
146.64 -1.00 -1.00 0 88.4 
146.82 -1.00 -1.00 0 88.4 
146.97 -1.00 -1.00 0 88.4 
147.11 -1.00 -1.00 0 88.4 
147.33 -1.00 -1.00 1 88.4 
147.51 -1.00 -1.00 0 88.0 
147.67 -1.00 -1.00 0 88.0 
147.81 -1.00 -1.00 0 88.0 
147.96 -1.00 -1.00 0 88.0 
148.13 -1.00 -1.00 0 88.0 
148.27 -1.00 -1.00 0 88.0 
148.46 -1.00 -1.00 0 88.0 
148.59 -1.00 -1.00 0 87.3 
148.72 -1.00 -1.00 0 87.3 
148.88 -1.00 -1.00 0 87.3 
149.00 -1.00 -1.00 0 87.3 
149.17 -1.00 -1.00 0 87.3 
149.37 -1.00 -1.00 0 87.3 
149.50 -1.00 -1.00 0 86.2 
149.64 -1.00 -1.00 0 86.2 
149.77 -1.00 -1.00 0 86.2 
149.94 -1.00 -1.00 0 86.2 
150.06 -1.00 -1.00 0 86.2 
150.23 -1.00 -1.00 0 86.2 
150.42 -1.00 -1.00 0 86.2 
150.57 -1.00 -1.00 0 85.0 
150.69 -1.00 -1.00 0 85.0 
150.87 -1.00 -1.00 0 85.0 
151.01 -1.00 -1.00 0 85.0 
151.17 -1.00 -1.00 0 85.0 
151.30 -1.00 -1.00 0 85.0 
151.48 -1.00 -1.00 1 85.0 
151.62 -1.00 -1.00 0 84.2 
151.78 -1.00 -1.00 0 84.2 
151.90 -1.00 -1.00 0 84.2 
152.06 -1.00 -1.00 0 84.2 
152.20 -1.00 -1.00 0 84.2 
152.39 -1.00 -1.00 0 84.2 
152.57 -1.00 -1.00 0 85.0 
152.70 -1.00 -1.00 0 85.0 
152.87 -1.00 -1.00 0 85.0 
153.00 -1.00 -1.00 0 85.0 
153.16 -1.00 -1.00 0 85.0 
153.38 -1.00 -1.00 0 85.0 
153.50 -1.00 -1.00 0 84.3 
153.66 -1.00 -1.00 0 84.3 
153.82 -1.00 -1.00 0 84.3 
153.97 -1.00 -1.00 0 84.3 
154.11 -1.00 -1.00 0 84.3 
154.27 -1.00 -1.00 0 84.3 
154.41 -1.00 -1.00 0 84.3 
154.56 -1.00 -1.00 1 85.3 
154.72 -1.00 -1.00 0 85.3 
154.85 -1.00 -1.00 0 85.3 
155.01 -1.00 -1.00 0 85.3 
155.17 -1.00 -1.00 0 85.3 
155.32 -1.00 -1.00 0 85.3 
155.49 -1.00 -1.00 0 86.5 
155.60 -1.00 -1.00 0 86.5 
155.74 -1.00 -1.00 0 86.5 
155.87 -1.00 -1.00 0 86.5 
156.04 -1.00 -1.00 0 86.5 
156.21 -1.00 -1.00 0 86.5 
156.37 -1.00 -1.00 0 86.5 
156.53 -1.00 -1.00 0 86.4 
156.67 -1.00 -1.00 0 86.4 
156.84 -1.00 -1.00 0 86.4 
156.97 -1.00 -1.00 0 86.4 
157.12 -1.00 -1.00 0 86.4 
157.26 -1.00 -1.00 0 86.4 
157.46 -1.00 -1.00 0 86.4 
157.60 -1.00 -1.00 0 87.9 
157.75 -1.00 -1.00 1 87.9 
157.89 -1.00 -1.00 1 87.9 
158.07 -1.00 -1.00 1 87.9 
158.21 -1.00 -1.00 1 87.9 
158.40 -1.00 -1.00 1 87.9 
158.57 -1.00 -1.00 0 89.5 
158.70 -1.00 -1.00 0 89.5 
158.84 -1.00 -1.00 0 89.5 
159.00 -1.00 -1.00 0 89.5 
159.15 -1.00 -1.00 0 89.5 
159.34 -1.00 -1.00 0 89.5 
159.48 -1.00 -1.00 0 89.4 
159.64 -1.00 -1.00 0 89.4 
159.77 -1.00 -1.00 0 89.4 
159.93 -1.00 -1.00 0 89.4 
160.09 -1.00 -1.00 0 89.4 
160.26 -1.00 -1.00 0 89.4 
160.47 -1.00 -1.00 0 89.4 
160.65 -1.00 -1.00 0 89.2 
160.78 -1.00 -1.00 0 89.2 
160.97 -1.00 -1.00 0 89.2 
161.13 -1.00 -1.00 0 89.2 
161.38 -1.00 -1.00 0 89.2 
161.53 -1.00 -1.00 0 88.9 
161.71 -1.00 -1.00 0 88.9 
161.88 -1.00 -1.00 0 88.9 
162.02 -1.00 -1.00 0 88.9 
162.21 -1.00 -1.00 0 88.9 
162.37 -1.00 -1.00 0 88.9 
162.53 -1.00 -1.00 0 88.7 
162.70 -1.00 -1.00 0 88.7 
162.87 -1.00 -1.00 0 88.7 
163.01 -1.00 -1.00 0 88.7 
163.18 -1.00 -1.00 0 88.7 
163.37 -1.00 -1.00 0 88.7 
163.53 -1.00 -1.00 0 90.3 
163.70 -1.00 -1.00 0 90.3 
163.85 -1.00 -1.00 0 90.3 
164.13 -1.00 -1.00 0 90.3 
164.31 -1.00 -1.00 0 90.3 
164.50 -1.00 -1.00 0 89.2 
164.63 -1.00 -1.00 0 89.2 
164.77 -1.00 -1.00 0 89.2 
164.94 -1.00 -1.00 0 89.2 
165.08 -1.00 -1.00 0 89.2 
165.25 -1.00 -1.00 0 89.2 
165.46 -1.00 -1.00 0 89.2 
165.61 -1.00 -1.00 0 90.1 
165.75 -1.00 -1.00 0 90.1 
165.90 -1.00 -1.00 0 90.1 
166.05 -1.00 -1.00 0 90.1 
166.20 -1.00 -1.00 0 90.1 
166.42 -1.00 -1.00 0 90.1 
166.60 -1.00 -1.00 0 90.5 
166.81 -1.00 -1.00 0 90.5 
166.95 -1.00 -1.00 0 90.5 
167.16 -1.00 -1.00 0 90.5 
167.36 -1.00 -1.00 0 90.5 
167.54 -1.00 -1.00 0 90.5 
167.72 -1.00 -1.00 0 90.5 
167.89 -1.00 -1.00 0 90.5 
168.02 -1.00 -1.00 0 90.5 
168.16 -1.00 -1.00 0 90.5 
168.35 -1.00 -1.00 0 90.5 
168.51 -1.00 -1.00 0 90.6 
168.67 -1.00 -1.00 0 90.6 
168.82 -1.00 -1.00 0 90.6 
169.01 -1.00 -1.00 0 90.6 
169.19 -1.00 -1.00 0 90.6 
169.35 -1.00 -1.00 0 90.6 
169.52 -1.00 -1.00 0 90.3 
169.65 -1.00 -1.00 0 90.3 
169.82 -1.00 -1.00 0 90.3 
169.95 -1.00 -1.00 0 90.3 
170.14 -1.00 -1.00 0 90.3 
170.36 -1.00 -1.00 0 90.3 
170.51 -1.00 -1.00 0 89.0 
170.68 -1.00 -1.00 0 89.0 
170.88 -1.00 -1.00 0 89.0 
171.02 -1.00 -1.00 0 89.0 
171.14 -1.00 -1.00 0 89.0 
171.27 -1.00 -1.00 0 89.0 
171.41 -1.00 -1.00 0 89.0 
171.59 -1.00 -1.00 0 89.0 
171.76 -1.00 -1.00 0 87.1 
171.89 -1.00 -1.00 0 87.1 
172.05 -1.00 -1.00 0 87.1 
172.21 -1.00 -1.00 0 87.1 
172.43 -1.00 -1.00 0 87.1 
172.58 -1.00 -1.00 0 86.8 
172.74 -1.00 -1.00 0 86.8 
172.89 -1.00 -1.00 0 86.8 
173.07 -1.00 -1.00 1 86.8 
173.27 -1.00 -1.00 0 86.8 
173.49 -1.00 -1.00 0 86.8 
173.62 -1.00 -1.00 0 87.6 
173.79 -1.00 -1.00 0 87.6 
174.14 -1.00 -1.00 0 87.6 
174.28 -1.00 -1.00 0 87.6 
174.44 -1.00 -1.00 0 87.6 
174.60 -1.00 -1.00 0 88.4 
174.77 -1.00 -1.00 0 88.4 
174.92 -1.00 -1.00 0 88.4 
175.05 -1.00 -1.00 0 88.4 
175.20 -1.00 -1.00 0 88.4 
175.43 -1.00 -1.00 0 88.4 
175.59 -1.00 -1.00 0 87.7 
175.72 -1.00 -1.00 0 87.7 
175.96 -1.00 -1.00 0 87.7 
176.13 -1.00 -1.00 0 87.7 
176.26 -1.00 -1.00 0 87.7 
176.45 -1.00 -1.00 0 87.7 
176.58 -1.00 -1.00 0 84.9 
176.73 -1.00 -1.00 0 84.9 
176.89 -1.00 -1.00 0 84.9 
177.07 -1.00 -1.00 0 84.9 
177.24 -1.00 -1.00 0 84.9 
177.42 -1.00 -1.00 0 84.9 
177.58 -1.00 -1.00 0 83.7 
177.76 -1.00 -1.00 0 83.7 
177.91 -1.00 -1.00 0 83.7 
178.09 -1.00 -1.00 0 83.7 
178.25 -1.00 -1.00 0 83.7 
178.49 -1.00 -1.00 0 83.7 
178.64 -1.00 -1.00 0 83.3 
178.79 -1.00 -1.00 0 83.3 
178.96 -1.00 -1.00 0 83.3 
179.14 -1.00 -1.00 0 83.3 
179.37 -1.00 -1.00 0 83.3 
179.55 -1.00 -1.00 0 81.8 
179.69 -1.00 -1.00 0 81.8 
179.86 -1.00 -1.00 0 81.8 
180.00 -1.00 -1.00 0 81.8 
180.20 -1.00 -1.00 0 81.8 
180.40 -1.00 -1.00 0 81.8 
180.60 -1.00 -1.00 1 82.2 
180.79 -1.00 -1.00 1 82.2 
181.02 -1.00 -1.00 1 82.2 
181.19 -1.00 -1.00 1 82.2 
181.42 -1.00 -1.00 1 82.2 
181.58 -1.00 -1.00 1 82.3 
181.80 -1.00 -1.00 1 82.3 
181.98 -1.00 -1.00 1 82.3 
182.14 -1.00 -1.00 1 82.3 
182.39 -1.00 -1.00 1 82.3 
182.55 9.29 0.40 1 83.1 
182.74 -1.00 -1.00 1 83.1 
182.91 9.94 0.43 1 83.1 
183.08 10.32 0.45 1 83.1 
183.27 10.37 0.45 1 83.1 
183.47 10.90 0.47 1 83.1 
183.67 11.18 0.48 1 84.1 
183.84 11.32 0.48 1 84.1 
184.23 11.66 0.50 1 84.1 
184.39 12.00 0.51 1 84.1 
184.53 12.18 0.53 1 82.5 
184.72 12.63 0.55 1 82.5 
184.90 12.88 0.56 1 82.5 
185.06 12.91 0.56 1 82.5 
185.22 12.89 0.56 1 82.5 
185.39 12.84 0.56 1 82.5 
185.59 12.75 0.57 1 80.8 
185.75 13.22 0.59 1 80.8 
185.93 13.25 0.59 1 80.8 
186.16 13.06 0.58 1 80.8 
186.33 18.50 0.82 1 80.8 
186.51 21.35 0.99 1 77.4 
186.70 19.99 0.93 1 77.4 
186.86 18.73 0.87 1 77.4 
187.08 17.57 0.82 1 77.4 
187.29 16.95 0.79 1 77.4 
187.49 16.83 0.78 1 77.4 
187.66 15.86 0.74 1 76.7 
187.89 14.97 0.70 1 76.7 
188.11 14.28 0.67 1 76.7 
188.38 13.60 0.64 1 76.7 
188.59 -1.00 -1.00 1 79.5 
188.77 -1.00 -1.00 1 79.5 
189.02 -1.00 -1.00 1 79.5 
189.23 -1.00 -1.00 1 79.5 
189.43 -1.00 -1.00 1 79.5 
189.61 -1.00 -1.00 1 80.9 
189.79 -1.00 -1.00 1 80.9 
190.04 -1.00 -1.00 1 80.9 
190.24 -1.00 -1.00 1 80.9 
190.46 -1.00 -1.00 1 80.9 
190.66 -1.00 -1.00 0 83.2 
190.80 -1.00 -1.00 0 83.2 
190.97 -1.00 -1.00 0 83.2 
191.16 -1.00 -1.00 0 83.2 
191.33 -1.00 -1.00 0 83.2 
191.50 -1.00 -1.00 0 84.5 
191.63 -1.00 -1.00 0 84.5 
191.75 -1.00 -1.00 0 84.5 
191.91 -1.00 -1.00 0 84.5 
192.08 -1.00 -1.00 0 84.5 
192.25 -1.00 -1.00 0 84.5 
192.45 -1.00 -1.00 0 84.5 
192.59 -1.00 -1.00 0 85.1 
192.71 -1.00 -1.00 0 85.1 
192.86 -1.00 -1.00 0 85.1 
193.00 -1.00 -1.00 0 85.1 
193.14 -1.00 -1.00 0 85.1 
193.30 -1.00 -1.00 0 85.1 
193.50 -1.00 -1.00 0 85.1 
193.66 -1.00 -1.00 0 85.1 
193.81 -1.00 -1.00 0 85.1 
193.96 -1.00 -1.00 0 85.1 
194.14 -1.00 -1.00 0 85.1 
194.36 -1.00 -1.00 0 85.1 
194.50 -1.00 -1.00 0 86.5 
194.64 -1.00 -1.00 0 86.5 
194.76 -1.00 -1.00 0 86.5 
194.91 -1.00 -1.00 0 86.5 
195.06 -1.00 -1.00 0 86.5 
195.30 -1.00 -1.00 0 86.5 
195.44 -1.00 -1.00 0 87.2 
195.63 -1.00 -1.00 1 87.2 
195.85 -1.00 -1.00 1 87.2 
196.05 -1.00 -1.00 1 87.2 
196.25 -1.00 -1.00 1 87.2 
196.43 -1.00 -1.00 1 87.2 
196.65 -1.00 -1.00 1 88.3 
196.85 -1.00 -1.00 1 88.3 
197.06 -1.00 -1.00 1 88.3 
197.24 -1.00 -1.00 1 88.3 
197.46 -1.00 -1.00 1 88.3 
197.67 -1.00 -1.00 1 90.0 
197.81 -1.00 -1.00 1 90.0 
198.01 -1.00 -1.00 1 90.0 
198.19 -1.00 -1.00 1 90.0 
198.38 -1.00 -1.00 1 90.0 
198.54 -1.00 -1.00 1 90.9 
198.76 -1.00 -1.00 1 90.9 
198.91 -1.00 -1.00 1 90.9 
199.10 -1.00 -1.00 1 90.9 
199.30 -1.00 -1.00 1 90.9 
199.48 -1.00 -1.00 1 90.9 
199.66 -1.00 -1.00 1 91.5 
199.81 -1.00 -1.00 1 91.5 
199.99 -1.00 -1.00 1 91.5 
200.17 -1.00 -1.00 1 91.5 
200.33 -1.00 -1.00 1 91.5 
200.52 -1.00 -1.00 1 92.5 
200.71 -1.00 -1.00 1 92.5 
200.93 -1.00 -1.00 1 92.5 
201.08 -1.00 -1.00 1 92.5 
201.28 -1.00 -1.00 1 92.5 
201.50 -1.00 -1.00 1 92.5 
201.66 -1.00 -1.00 1 91.4 
201.86 -1.00 -1.00 1 91.4 
202.03 -1.00 -1.00 1 91.4 
202.22 -1.00 -1.00 1 91.4 
202.46 -1.00 -1.00 1 91.4 
202.61 -1.00 -1.00 1 90.7 
202.80 -1.00 -1.00 1 90.7 
202.95 -1.00 -1.00 1 90.7 
203.12 -1.00 -1.00 1 90.7 
203.37 -1.00 -1.00 1 90.7 
203.50 -1.00 -1.00 1 89.5 
203.72 -1.00 -1.00 1 89.5 
203.89 -1.00 -1.00 1 89.5 
204.07 -1.00 -1.00 1 89.5 
204.26 -1.00 -1.00 1 89.5 
204.48 -1.00 -1.00 1 89.5 
204.69 -1.00 -1.00 1 88.4 
204.86 -1.00 -1.00 1 88.4 
205.06 -1.00 -1.00 1 88.4 
205.21 -1.00 -1.00 1 88.4 
205.45 -1.00 -1.00 1 88.4 
205.62 -1.00 -1.00 1 88.5 
205.81 -1.00 -1.00 1 88.5 
206.00 -1.00 -1.00 1 88.5 
206.17 -1.00 -1.00 1 88.5 
206.41 -1.00 -1.00 1 88.5 
206.60 -1.00 -1.00 1 88.6 
206.75 -1.00 -1.00 1 88.6 
206.89 -1.00 -1.00 1 88.6 
207.09 -1.00 -1.00 1 88.6 
207.27 -1.00 -1.00 1 88.6 
207.49 -1.00 -1.00 1 88.6 
207.65 -1.00 -1.00 1 88.8 
207.82 -1.00 -1.00 1 88.8 
208.01 -1.00 -1.00 1 88.8 
208.17 -1.00 -1.00 1 88.8 
208.34 -1.00 -1.00 1 88.8 
208.51 -1.00 -1.00 1 88.2 
208.69 -1.00 -1.00 1 88.2 
208.84 -1.00 -1.00 1 88.2 
209.01 -1.00 -1.00 1 88.2 
209.18 -1.00 -1.00 1 88.2 
209.39 -1.00 -1.00 1 88.2 
209.58 -1.00 -1.00 1 88.0 
209.77 -1.00 -1.00 1 88.0 
209.92 -1.00 -1.00 1 88.0 
210.11 -1.00 -1.00 1 88.0 
210.27 -1.00 -1.00 1 88.0 
210.51 -1.00 -1.00 1 88.0 
210.69 -1.00 -1.00 1 88.2 
210.88 -1.00 -1.00 1 88.2 
211.09 -1.00 -1.00 1 88.2 
211.35 -1.00 -1.00 1 88.2 
211.55 -1.00 -1.00 1 87.5 
211.72 -1.00 -1.00 1 87.5 
211.93 -1.00 -1.00 1 87.5 
212.11 -1.00 -1.00 1 87.5 
212.32 -1.00 -1.00 1 87.5 
212.53 -1.00 -1.00 1 87.8 
212.70 -1.00 -1.00 1 87.8 
212.94 -1.00 -1.00 1 87.8 
213.10 -1.00 -1.00 1 87.8 
213.33 -1.00 -1.00 1 87.8 
213.51 -1.00 -1.00 1 87.0 
213.73 -1.00 -1.00 1 87.0 
214.14 -1.00 -1.00 1 87.0 
214.41 -1.00 -1.00 1 87.0 
214.60 -1.00 -1.00 1 87.6 
214.78 -1.00 -1.00 0 87.6 
214.99 -1.00 -1.00 0 87.6 
215.15 -1.00 -1.00 0 87.6 
215.35 -1.00 -1.00 0 87.6 
215.53 -1.00 -1.00 0 88.1 
215.72 -1.00 -1.00 0 88.1 
215.89 -1.00 -1.00 0 88.1 
216.09 -1.00 -1.00 0 88.1 
216.28 -1.00 -1.00 0 88.1 
216.51 -1.00 -1.00 0 88.1 
216.65 -1.00 -1.00 0 88.4 
216.82 -1.00 -1.00 0 88.4 
217.00 -1.00 -1.00 0 88.4 
217.17 -1.00 -1.00 0 88.4 
217.36 -1.00 -1.00 0 88.4 
217.53 -1.00 -1.00 0 88.4 
217.71 -1.00 -1.00 0 88.4 
217.85 -1.00 -1.00 0 88.4 
217.99 -1.00 -1.00 0 88.4 
218.14 -1.00 -1.00 0 88.4 
218.39 -1.00 -1.00 0 88.4 
218.58 -1.00 -1.00 0 89.0 
218.73 -1.00 -1.00 0 89.0 
218.89 -1.00 -1.00 0 89.0 
219.08 -1.00 -1.00 0 89.0 
219.22 -1.00 -1.00 0 89.0 
219.42 -1.00 -1.00 0 89.0 
219.58 -1.00 -1.00 0 88.0 
219.75 -1.00 -1.00 0 88.0 
219.97 -1.00 -1.00 0 88.0 
220.12 -1.00 -1.00 0 88.0 
220.27 -1.00 -1.00 0 88.0 
220.50 -1.00 -1.00 0 88.0 
220.70 -1.00 -1.00 0 89.4 
220.95 -1.00 -1.00 0 89.4 
221.17 -1.00 -1.00 0 89.4 
221.40 -1.00 -1.00 0 89.4 
221.61 -1.00 -1.00 0 89.1 
221.77 -1.00 -1.00 0 89.1 
221.97 -1.00 -1.00 0 89.1 
222.20 -1.00 -1.00 0 89.1 
222.43 -1.00 -1.00 0 89.1 
222.64 -1.00 -1.00 0 89.6 
222.80 -1.00 -1.00 0 89.6 
223.04 -1.00 -1.00 1 89.6 
223.22 -1.00 -1.00 1 89.6 
223.48 -1.00 -1.00 1 89.6 
223.64 -1.00 -1.00 1 90.9 
224.11 -1.00 -1.00 1 90.9 
224.33 -1.00 -1.00 1 90.9 
224.52 -1.00 -1.00 1 90.1 
224.70 -1.00 -1.00 1 90.1 
224.88 -1.00 -1.00 1 90.1 
225.06 -1.00 -1.00 1 90.1 
225.23 -1.00 -1.00 1 90.1 
225.45 -1.00 -1.00 1 90.1 
225.62 -1.00 -1.00 1 90.1 
225.76 -1.00 -1.00 1 90.1 
225.98 -1.00 -1.00 1 90.1 
226.12 -1.00 -1.00 1 90.1 
226.37 -1.00 -1.00 1 90.1 
226.52 -1.00 -1.00 1 90.8 
226.68 -1.00 -1.00 1 90.8 
226.89 -1.00 -1.00 1 90.8 
227.08 -1.00 -1.00 1 90.8 
227.28 -1.00 -1.00 1 90.8 
227.47 -1.00 -1.00 1 90.8 
227.66 -1.00 -1.00 1 90.5 
227.81 -1.00 -1.00 1 90.5 
228.00 -1.00 -1.00 1 90.5 
228.20 -1.00 -1.00 1 90.5 
228.45 -1.00 -1.00 1 90.5 
228.61 -1.00 -1.00 1 91.3 
228.81 -1.00 -1.00 1 91.3 
229.02 -1.00 -1.00 1 91.3 
229.17 -1.00 -1.00 1 91.3 
229.38 -1.00 -1.00 1 91.3 
229.53 -1.00 -1.00 1 91.2 
229.73 -1.00 -1.00 1 91.2 
229.92 -1.00 -1.00 1 91.2 
230.06 -1.00 -1.00 1 91.2 
230.25 -1.00 -1.00 1 91.2 
230.46 -1.00 -1.00 1 91.2 
230.63 -1.00 -1.00 1 92.4 
230.82 -1.00 -1.00 1 92.4 
231.00 -1.00 -1.00 1 92.4 
231.21 -1.00 -1.00 1 92.4 
231.42 71.61 2.79 1 92.4 
231.62 73.72 2.91 1 91.1 
231.77 -1.00 -1.00 1 91.1 
231.99 -1.00 -1.00 1 91.1 
232.14 74.20 2.93 1 91.1 
232.42 -1.00 -1.00 1 91.1 
232.58 74.04 2.93 1 91.1 
232.75 74.44 2.94 1 91.1 
232.95 74.77 2.96 1 91.1 
233.11 75.01 2.96 1 91.1 
233.38 75.27 2.97 1 91.1 
233.58 76.80 3.05 1 90.5 
233.76 76.77 3.05 1 90.5 
233.96 82.42 3.28 1 90.5 
234.15 84.86 3.37 1 90.5 
234.46 85.35 3.39 1 90.5 
234.68 87.42 3.51 1 89.7 
234.86 87.63 3.52 1 89.7 
235.06 86.53 3.47 1 89.7 
235.22 86.76 3.48 1 89.7 
235.41 86.94 3.49 1 89.7 
235.60 88.77 3.51 1 91.0 
235.76 90.41 3.58 1 91.0 
235.99 91.81 3.63 1 91.0 
236.14 93.10 3.68 1 91.0 
236.37 94.24 3.73 1 91.0 
236.54 100.98 4.00 1 90.9 
236.78 103.55 4.10 1 90.9 
236.95 105.82 4.19 1 90.9 
237.17 107.88 4.27 1 90.9 
237.35 109.75 4.35 1 90.9 
237.56 109.26 4.34 1 90.7 
237.71 110.95 4.40 1 90.7 
237.93 110.31 4.38 1 90.7 
238.07 109.66 4.35 1 90.7 
238.22 111.24 4.41 1 90.7 
238.43 115.93 4.60 1 90.7 
238.60 116.90 4.66 1 90.3 
238.83 117.76 4.69 1 90.3 
238.99 121.73 4.85 1 90.3 
239.18 122.15 4.87 1 90.3 
239.37 125.61 5.01 1 90.3 
239.53 128.73 5.15 1 90.0 
239.76 131.54 5.26 1 90.0 
240.04 129.06 5.16 1 90.0 
240.21 131.80 5.27 1 90.0 
240.48 134.26 5.37 1 90.0 
240.64 136.48 5.47 1 89.8 
240.86 138.49 5.55 1 89.8 
241.06 140.28 5.62 1 89.8 
241.27 147.67 5.92 1 89.8 
241.49 145.85 5.85 1 89.8 
241.69 146.98 5.90 1 89.6 
241.89 147.99 5.94 1 89.6 
242.05 153.77 6.18 1 89.6 
242.26 158.97 6.38 1 89.6 
242.44 154.36 6.20 1 89.6 
242.62 154.67 6.23 1 89.3 
242.79 -1.00 -1.00 0 89.3 
242.97 -1.00 -1.00 0 89.3 
243.13 -1.00 -1.00 0 89.3 
243.34 -1.00 -1.00 0 89.3 
243.50 -1.00 -1.00 0 89.6 
243.67 -1.00 -1.00 0 89.6 
243.88 -1.00 -1.00 0 89.6 
244.07 -1.00 -1.00 0 89.6 
244.27 -1.00 -1.00 0 89.6 
244.44 -1.00 -1.00 0 89.6 
244.61 -1.00 -1.00 0 89.6 
244.77 -1.00 -1.00 0 89.6 
244.97 -1.00 -1.00 0 89.6 
245.11 -1.00 -1.00 0 89.6 
245.25 -1.00 -1.00 0 89.6 
245.48 -1.00 -1.00 0 89.6 
245.63 -1.00 -1.00 0 91.3 
245.80 -1.00 -1.00 0 91.3 
246.01 -1.00 -1.00 0 91.3 
246.15 -1.00 -1.00 0 91.3 
246.31 -1.00 -1.00 0 91.3 
246.48 -1.00 -1.00 0 91.3 
246.69 -1.00 -1.00 0 91.9 
246.88 -1.00 -1.00 0 91.9 
247.08 -1.00 -1.00 0 91.9 
247.26 -1.00 -1.00 0 91.9 
247.51 -1.00 -1.00 0 91.9 
247.66 -1.00 -1.00 0 92.5 
247.86 -1.00 -1.00 0 92.5 
248.05 -1.00 -1.00 0 92.5 
248.19 -1.00 -1.00 0 92.5 
248.40 -1.00 -1.00 0 92.5 
248.60 -1.00 -1.00 0 92.7 
248.78 -1.00 -1.00 0 92.7 
248.97 -1.00 -1.00 0 92.7 
249.11 -1.00 -1.00 0 92.7 
249.29 -1.00 -1.00 0 92.7 
249.48 -1.00 -1.00 0 92.7 
249.66 -1.00 -1.00 0 93.6 
249.83 -1.00 -1.00 0 93.6 
250.03 -1.00 -1.00 0 93.6 
250.19 -1.00 -1.00 0 93.6 
250.44 -1.00 -1.00 0 93.6 
250.66 -1.00 -1.00 0 94.0 
250.86 -1.00 -1.00 0 94.0 
251.04 -1.00 -1.00 0 94.0 
251.27 -1.00 -1.00 0 94.0 
251.52 -1.00 -1.00 0 94.0 
251.70 -1.00 -1.00 0 94.2 
251.86 -1.00 -1.00 0 94.2 
252.02 -1.00 -1.00 0 94.2 
252.15 -1.00 -1.00 0 94.2 
252.34 -1.00 -1.00 0 94.2 
252.53 -1.00 -1.00 0 93.8 
252.71 -1.00 -1.00 0 93.8 
252.91 -1.00 -1.00 0 93.8 
253.09 -1.00 -1.00 0 93.8 
253.26 -1.00 -1.00 0 93.8 
253.49 -1.00 -1.00 0 93.8 
253.70 -1.00 -1.00 0 91.9 
254.11 -1.00 -1.00 0 91.9 
254.33 -1.00 -1.00 0 91.9 
254.55 -1.00 -1.00 0 91.6 
254.80 -1.00 -1.00 0 91.6 
255.01 -1.00 -1.00 0 91.6 
255.18 -1.00 -1.00 0 91.6 
255.44 -1.00 -1.00 0 91.6 
255.62 -1.00 -1.00 0 92.0 
255.82 -1.00 -1.00 0 92.0 
256.00 -1.00 -1.00 0 92.0 
256.20 -1.00 -1.00 0 92.0 
256.42 -1.00 -1.00 1 92.0 
256.64 -1.00 -1.00 0 92.2 
256.80 -1.00 -1.00 0 92.2 
257.04 -1.00 -1.00 0 92.2 
257.21 -1.00 -1.00 0 92.2 
257.47 -1.00 -1.00 0 92.2 
257.67 -1.00 -1.00 0 92.5 
257.87 -1.00 -1.00 1 92.5 
258.09 -1.00 -1.00 1 92.5 
258.27 -1.00 -1.00 1 92.5 
258.54 -1.00 -1.00 0 92.5 
258.72 -1.00 -1.00 0 92.6 
258.90 -1.00 -1.00 0 92.6 
259.07 -1.00 -1.00 0 92.6 
259.34 -1.00 -1.00 0 92.6 
259.55 -1.00 -1.00 0 93.3 
259.78 -1.00 -1.00 0 93.3 
260.02 -1.00 -1.00 0 93.3 
260.25 -1.00 -1.00 0 93.3 
260.46 -1.00 -1.00 0 93.3 
260.68 -1.00 -1.00 0 94.2 
260.86 -1.00 -1.00 0 94.2 
261.09 -1.00 -1.00 0 94.2 
261.41 -1.00 -1.00 0 94.2 
261.67 -1.00 -1.00 0 92.9 
261.88 -1.00 -1.00 0 92.9 
262.15 -1.00 -1.00 0 92.9 
262.40 -1.00 -1.00 0 92.9 
262.66 -1.00 -1.00 0 93.9 
262.94 -1.00 -1.00 0 93.9 
263.21 -1.00 -1.00 0 93.9 
263.49 -1.00 -1.00 0 93.9 
263.69 9.59 0.37 1 93.4 
264.14 9.59 0.37 1 93.4 
264.43 9.59 0.37 1 93.4 
264.70 9.59 0.37 1 93.1 
264.95 9.59 0.37 1 93.1 
265.13 9.59 0.37 1 93.1 
265.43 9.59 0.37 1 93.1 
265.71 9.59 0.37 1 93.7 
265.92 9.59 0.37 1 93.7 
266.17 9.59 0.37 1 93.7 
266.42 9.59 0.37 1 93.7 
266.70 9.59 0.37 1 94.5 
267.01 9.59 0.37 1 94.5 
267.41 9.59 0.37 1 94.5 
267.66 9.59 0.37 1 93.5 
267.95 9.58 0.37 1 93.5 
268.16 9.58 0.37 1 93.5 
268.55 9.58 0.37 1 93.5 
268.81 9.58 0.37 1 93.2 
269.12 9.58 0.37 1 93.2 
269.41 9.58 0.37 1 93.2 
269.67 9.58 0.37 1 92.4 
269.95 9.58 0.37 1 92.4 
270.16 9.58 0.37 1 92.4 
270.44 9.58 0.37 1 92.4 
270.62 -1.00 -1.00 0 92.1 
270.88 -1.00 -1.00 0 92.1 
271.05 -1.00 -1.00 0 92.1 
271.27 -1.00 -1.00 0 92.1 
271.55 -1.00 -1.00 0 92.1 
271.82 -1.00 -1.00 0 92.2 
272.08 -1.00 -1.00 0 92.2 
272.27 -1.00 -1.00 0 92.2 
272.55 -1.00 -1.00 0 92.2 
272.73 -1.00 -1.00 0 93.0 
272.96 -1.00 -1.00 0 93.0 
273.17 -1.00 -1.00 0 93.0 
273.43 -1.00 -1.00 0 93.0 
273.69 -1.00 -1.00 0 93.8 
274.27 -1.00 -1.00 0 93.8 
274.49 -1.00 -1.00 0 93.8 
274.77 -1.00 -1.00 0 94.6 
275.06 -1.00 -1.00 0 94.6 
275.26 -1.00 -1.00 0 94.6 
275.54 -1.00 -1.00 0 94.6 
275.76 -1.00 -1.00 0 94.7 
276.04 -1.00 -1.00 0 94.7 
276.27 -1.00 -1.00 0 94.7 
276.56 -1.00 -1.00 0 94.7 
276.77 -1.00 -1.00 0 95.7 
276.97 -1.00 -1.00 0 95.7 
277.18 -1.00 -1.00 0 95.7 
277.39 -1.00 -1.00 0 95.7 
277.62 -1.00 -1.00 0 97.5 
277.79 -1.00 -1.00 0 97.5 
277.95 -1.00 -1.00 0 97.5 
278.21 -1.00 -1.00 0 97.5 
278.40 -1.00 -1.00 0 97.5 
278.63 -1.00 -1.00 0 97.6 
278.79 -1.00 -1.00 0 97.6 
279.03 -1.00 -1.00 0 97.6 
279.26 -1.00 -1.00 0 97.6 
279.53 -1.00 -1.00 0 97.6 
279.76 -1.00 -1.00 0 98.9 
279.93 -1.00 -1.00 0 98.9 
280.16 -1.00 -1.00 0 98.9 
280.46 -1.00 -1.00 0 98.9 
280.63 -1.00 -1.00 0 98.8 
280.89 -1.00 -1.00 0 98.8 
281.10 -1.00 -1.00 0 98.8 
281.37 -1.00 -1.00 0 98.8 
281.57 -1.00 -1.00 0 98.0 
281.80 -1.00 -1.00 0 98.0 
282.05 -1.00 -1.00 0 98.0 
282.24 -1.00 -1.00 0 98.0 
282.55 -1.00 -1.00 0 98.0 
282.79 -1.00 -1.00 0 96.4 
283.10 -1.00 -1.00 0 96.4 
283.37 -1.00 -1.00 0 96.4 
283.57 -1.00 -1.00 0 95.8 
283.80 -1.00 -1.00 0 95.8 
284.01 -1.00 -1.00 0 95.8 
284.20 -1.00 -1.00 0 95.8 
284.50 -1.00 -1.00 0 95.8 
284.71 -1.00 -1.00 0 94.3 
284.94 -1.00 -1.00 0 94.3 
285.13 -1.00 -1.00 0 94.3 
285.39 -1.00 -1.00 0 94.3 
285.57 -1.00 -1.00 0 93.2 
285.77 -1.00 -1.00 0 93.2 
286.01 -1.00 -1.00 0 93.2 
286.23 -1.00 -1.00 0 93.2 
286.51 -1.00 -1.00 0 93.2 
286.75 -1.00 -1.00 0 92.3 
287.02 -1.00 -1.00 0 92.3 
287.19 -1.00 -1.00 0 92.3 
287.45 -1.00 -1.00 0 92.3 
287.69 -1.00 -1.00 0 92.9 
287.85 -1.00 -1.00 0 92.9 
288.10 -1.00 -1.00 0 92.9 
288.28 -1.00 -1.00 0 92.9 
288.50 -1.00 -1.00 0 92.9 
288.72 -1.00 -1.00 0 94.5 
288.93 -1.00 -1.00 0 94.5 
289.08 -1.00 -1.00 0 94.5 
289.26 -1.00 -1.00 0 94.5 
289.56 -1.00 -1.00 0 94.5 
289.72 -1.00 -1.00 0 96.9 
289.93 -1.00 -1.00 0 96.9 
290.17 -1.00 -1.00 0 96.9 
290.43 -1.00 -1.00 0 96.9 
290.66 -1.00 -1.00 0 97.7 
290.89 -1.00 -1.00 0 97.7 
291.07 -1.00 -1.00 0 97.7 
291.40 -1.00 -1.00 0 97.7 
291.65 -1.00 -1.00 0 98.4 
291.89 -1.00 -1.00 0 98.4 
292.10 -1.00 -1.00 0 98.4 
292.39 -1.00 -1.00 0 98.4 
292.63 -1.00 -1.00 0 97.2 
292.88 -1.00 -1.00 0 97.2 
293.13 -1.00 -1.00 0 97.2 
293.36 -1.00 -1.00 0 97.2 
293.55 -1.00 -1.00 0 95.9 
293.82 -1.00 -1.00 0 95.9 
294.24 -1.00 -1.00 0 95.9 
294.52 -1.00 -1.00 0 95.9 
294.78 -1.00 -1.00 0 96.0 
295.03 -1.00 -1.00 0 96.0 
295.26 -1.00 -1.00 0 96.0 
295.50 -1.00 -1.00 0 96.0 
295.69 -1.00 -1.00 0 93.7 
295.88 -1.00 -1.00 0 93.7 
296.10 -1.00 -1.00 0 93.7 
296.36 -1.00 -1.00 0 93.7 
296.57 -1.00 -1.00 0 92.8 
296.72 -1.00 -1.00 0 92.8 
296.95 -1.00 -1.00 0 92.8 
297.18 -1.00 -1.00 0 92.8 
297.48 -1.00 -1.00 0 92.8 
297.70 -1.00 -1.00 0 92.8 
297.91 -1.00 -1.00 0 92.8 
298.12 -1.00 -1.00 0 92.8 
298.31 -1.00 -1.00 0 92.8 
298.58 -1.00 -1.00 0 95.4 
298.79 -1.00 -1.00 0 95.4 
299.02 -1.00 -1.00 0 95.4 
299.23 -1.00 -1.00 0 95.4 
299.51 -1.00 -1.00 0 95.4 
299.74 -1.00 -1.00 0 95.7 
299.98 -1.00 -1.00 0 95.7 
300.18 -1.00 -1.00 0 95.7 
300.48 -1.00 -1.00 0 95.7 
300.70 -1.00 -1.00 0 95.9 
300.93 -1.00 -1.00 0 95.9 
301.17 -1.00 -1.00 0 95.9 
301.36 -1.00 -1.00 0 95.9 
301.59 -1.00 -1.00 0 95.3 
301.76 -1.00 -1.00 0 95.3 
301.92 -1.00 -1.00 0 95.3 
302.13 -1.00 -1.00 0 95.3 
302.43 -1.00 -1.00 0 95.3 
302.59 -1.00 -1.00 0 95.1 
302.80 -1.00 -1.00 0 95.1 
303.03 -1.00 -1.00 0 95.1 
303.22 -1.00 -1.00 0 95.1 
303.46 -1.00 -1.00 0 95.1 
303.66 -1.00 -1.00 0 93.6 
303.87 -1.00 -1.00 0 93.6 
304.07 -1.00 -1.00 0 93.6 
304.27 -1.00 -1.00 0 93.6 
304.52 -1.00 -1.00 0 93.6 
304.75 -1.00 -1.00 0 94.0 
304.96 -1.00 -1.00 0 94.0 
305.15 -1.00 -1.00 0 94.0 
305.38 -1.00 -1.00 0 94.0 
305.56 -1.00 -1.00 0 94.1 
305.76 -1.00 -1.00 0 94.1 
305.94 -1.00 -1.00 0 94.1 
306.16 -1.00 -1.00 0 94.1 
306.42 -1.00 -1.00 0 94.1 
306.65 -1.00 -1.00 0 94.4 
306.84 -1.00 -1.00 0 94.4 
307.06 -1.00 -1.00 0 94.4 
307.25 -1.00 -1.00 0 94.4 
307.48 -1.00 -1.00 0 94.4 
307.67 -1.00 -1.00 0 95.0 
307.90 -1.00 -1.00 0 95.0 
308.11 -1.00 -1.00 0 95.0 
308.41 -1.00 -1.00 0 95.0 
308.57 -1.00 -1.00 0 95.1 
308.83 -1.00 -1.00 0 95.1 
309.00 -1.00 -1.00 0 95.1 
309.25 63.90 2.42 2 95.1 
309.55 64.43 2.44 1 95.1 
309.80 -1.00 -1.00 0 95.3 
309.99 -1.00 -1.00 0 95.3 
310.25 -1.00 -1.00 0 95.3 
310.45 -1.00 -1.00 0 95.3 
310.68 -1.00 -1.00 0 94.2 
310.93 -1.00 -1.00 0 94.2 
311.11 -1.00 -1.00 0 94.2 
311.34 -1.00 -1.00 1 94.2 
311.60 -1.00 -1.00 0 93.5 
311.78 -1.00 -1.00 0 93.5 
312.02 -1.00 -1.00 0 93.5 
312.25 -1.00 -1.00 0 93.5 
312.52 -1.00 -1.00 0 93.5 
312.75 -1.00 -1.00 0 94.0 
312.98 -1.00 -1.00 0 94.0 
313.18 -1.00 -1.00 0 94.0 
313.49 -1.00 -1.00 0 94.0 
313.71 -1.00 -1.00 0 94.1 
314.17 -1.00 -1.00 0 94.1 
314.46 -1.00 -1.00 0 94.1 
314.70 -1.00 -1.00 0 93.8 
314.94 -1.00 -1.00 0 93.8 
315.12 -1.00 -1.00 0 93.8 
315.42 -1.00 -1.00 0 93.8 
315.64 -1.00 -1.00 0 94.6 
315.86 -1.00 -1.00 0 94.6 
316.06 -1.00 -1.00 0 94.6 
316.28 -1.00 -1.00 0 94.6 
316.57 -1.00 -1.00 0 94.6 
316.80 -1.00 -1.00 0 94.5 
317.00 -1.00 -1.00 0 94.5 
317.23 -1.00 -1.00 0 94.5 
317.44 -1.00 -1.00 0 94.5 
317.60 -1.00 -1.00 0 94.2 
317.78 -1.00 -1.00 0 94.2 
317.98 -1.00 -1.00 0 94.2 
318.21 -1.00 -1.00 0 94.2 
318.44 -1.00 -1.00 0 94.2 
318.63 -1.00 -1.00 0 94.0 
318.77 -1.00 -1.00 0 94.0 
318.96 -1.00 -1.00 0 94.0 
319.14 -1.00 -1.00 0 94.0 
319.35 -1.00 -1.00 0 94.0 
319.57 -1.00 -1.00 0 94.8 
319.73 -1.00 -1.00 0 94.8 
319.96 -1.00 -1.00 0 94.8 
320.14 -1.00 -1.00 0 94.8 
320.42 -1.00 -1.00 0 94.8 
320.68 -1.00 -1.00 0 93.3 
320.85 -1.00 -1.00 0 93.3 
321.07 -1.00 -1.00 0 93.3 
321.26 -1.00 -1.00 0 93.3 
321.44 -1.00 -1.00 0 93.3 
321.67 -1.00 -1.00 0 94.1 
321.84 -1.00 -1.00 0 94.1 
322.08 -1.00 -1.00 0 94.1 
322.40 -1.00 -1.00 0 94.1 
322.65 -1.00 -1.00 0 93.8 
322.90 -1.00 -1.00 0 93.8 
323.14 -1.00 -1.00 0 93.8 
323.35 -1.00 -1.00 0 93.8 
323.53 -1.00 -1.00 0 93.2 
323.73 -1.00 -1.00 0 93.2 
324.22 -1.00 -1.00 0 93.2 
324.49 -1.00 -1.00 0 93.2 
324.70 -1.00 -1.00 0 93.1 
324.91 -1.00 -1.00 0 93.1 
325.16 -1.00 -1.00 0 93.1 
325.43 -1.00 -1.00 0 93.1 
325.64 -1.00 -1.00 0 93.2 
325.88 -1.00 -1.00 0 93.2 
326.09 -1.00 -1.00 0 93.2 
326.24 -1.00 -1.00 0 93.2 
326.46 -1.00 -1.00 0 93.2 
326.61 -1.00 -1.00 0 93.7 
326.82 -1.00 -1.00 0 93.7 
327.01 -1.00 -1.00 0 93.7 
327.20 -1.00 -1.00 0 93.7 
327.41 -1.00 -1.00 0 93.7 
327.65 -1.00 -1.00 0 93.5 
327.86 -1.00 -1.00 0 93.5 
328.08 -1.00 -1.00 0 93.5 
328.25 -1.00 -1.00 0 93.5 
328.49 -1.00 -1.00 0 93.5 
328.68 -1.00 -1.00 0 92.8 
328.85 -1.00 -1.00 0 92.8 
329.07 -1.00 -1.00 0 92.8 
329.28 -1.00 -1.00 0 92.8 
329.53 -1.00 -1.00 0 92.8 
329.73 -1.00 -1.00 0 93.6 
329.94 -1.00 -1.00 0 93.6 
330.18 -1.00 -1.00 0 93.6 
330.42 -1.00 -1.00 0 93.6 
330.65 -1.00 -1.00 0 93.5 
330.88 -1.00 -1.00 0 93.5 
331.08 -1.00 -1.00 0 93.5 
331.35 -1.00 -1.00 0 93.5 
331.56 -1.00 -1.00 0 96.3 
331.74 -1.00 -1.00 0 96.3 
332.02 -1.00 -1.00 0 96.3 
332.25 -1.00 -1.00 0 96.3 
332.45 -1.00 -1.00 0 96.3 
332.66 -1.00 -1.00 0 95.1 
332.90 -1.00 -1.00 0 95.1 
333.12 -1.00 -1.00 0 95.1 
333.28 -1.00 -1.00 0 95.1 
333.54 -1.00 -1.00 0 95.1 
333.82 -1.00 -1.00 0 96.7 
334.28 -1.00 -1.00 0 96.7 
334.58 -1.00 -1.00 0 96.7 
334.77 -1.00 -1.00 0 94.6 
334.97 -1.00 -1.00 0 94.6 
335.20 -1.00 -1.00 0 94.6 
335.40 -1.00 -1.00 0 94.6 
335.63 -1.00 -1.00 0 93.8 
335.83 -1.00 -1.00 0 93.8 
336.08 -1.00 -1.00 0 93.8 
336.26 -1.00 -1.00 0 93.8 
336.53 -1.00 -1.00 0 93.8 
336.74 -1.00 -1.00 0 94.9 
336.97 -1.00 -1.00 0 94.9 
337.17 -1.00 -1.00 0 94.9 
337.46 -1.00 -1.00 0 94.9 
337.65 -1.00 -1.00 0 93.6 
337.89 -1.00 -1.00 0 93.6 
338.05 -1.00 -1.00 0 93.6 
338.29 -1.00 -1.00 0 93.6 
338.53 -1.00 -1.00 0 93.6 
338.72 -1.00 -1.00 0 95.3 
338.94 -1.00 -1.00 0 95.3 
339.14 -1.00 -1.00 0 95.3 
339.42 -1.00 -1.00 0 95.3 
339.61 -1.00 -1.00 0 94.7 
339.80 -1.00 -1.00 0 94.7 
340.02 -1.00 -1.00 0 94.7 
340.19 -1.00 -1.00 0 94.7 
340.46 -1.00 -1.00 0 94.7 
340.74 -1.00 -1.00 0 94.9 
340.94 -1.00 -1.00 0 94.9 
341.14 -1.00 -1.00 0 94.9 
341.42 -1.00 -1.00 0 94.9 
341.59 -1.00 -1.00 0 95.9 
341.85 -1.00 -1.00 0 95.9 
342.07 -1.00 -1.00 0 95.9 
342.28 -1.00 -1.00 0 95.9 
342.55 -1.00 -1.00 0 95.9 
342.72 -1.00 -1.00 0 96.0 
342.95 -1.00 -1.00 0 96.0 
343.19 -1.00 -1.00 0 96.0 
343.46 -1.00 -1.00 0 96.0 
343.70 -1.00 -1.00 0 96.1 
344.20 -1.00 -1.00 0 96.1 
344.45 -1.00 -1.00 0 96.1 
344.69 -1.00 -1.00 0 96.2 
344.92 -1.00 -1.00 0 96.2 
345.10 -1.00 -1.00 0 96.2 
345.39 -1.00 -1.00 0 96.2 
345.59 -1.00 -1.00 0 95.6 
345.77 -1.00 -1.00 0 95.6 
345.98 -1.00 -1.00 0 95.6 
346.20 -1.00 -1.00 0 95.6 
346.46 -1.00 -1.00 0 95.6 
346.62 -1.00 -1.00 0 95.0 
346.87 -1.00 -1.00 0 95.0 
347.04 -1.00 -1.00 0 95.0 
347.27 -1.00 -1.00 0 95.0 
347.51 -1.00 -1.00 0 95.0 
347.72 -1.00 -1.00 0 94.8 
347.91 -1.00 -1.00 0 94.8 
348.11 -1.00 -1.00 0 94.8 
348.40 -1.00 -1.00 0 94.8 
348.63 -1.00 -1.00 0 94.7 
348.79 -1.00 -1.00 0 94.7 
349.05 -1.00 -1.00 0 94.7 
349.32 -1.00 -1.00 0 94.7 
349.55 -1.00 -1.00 0 93.9 
349.75 -1.00 -1.00 0 93.9 
349.95 -1.00 -1.00 0 93.9 
350.17 -1.00 -1.00 0 93.9 
350.43 -1.00 -1.00 0 93.9 
350.62 -1.00 -1.00 0 93.2 
350.80 -1.00 -1.00 0 93.2 
351.02 -1.00 -1.00 0 93.2 
351.25 -1.00 -1.00 0 93.2 
351.49 -1.00 -1.00 0 93.2 
351.73 -1.00 -1.00 0 92.1 
351.94 -1.00 -1.00 0 92.1 
352.14 -1.00 -1.00 0 92.1 
352.42 -1.00 -1.00 0 92.1 
352.61 -1.00 -1.00 0 92.0 
352.86 -1.00 -1.00 0 92.0 
353.03 -1.00 -1.00 0 92.0 
353.31 -1.00 -1.00 0 92.0 
353.49 -1.00 -1.00 0 92.0 
353.73 -1.00 -1.00 0 91.8 
353.90 -1.00 -1.00 0 91.8 
354.13 -1.00 -1.00 0 91.8 
354.33 -1.00 -1.00 0 91.8 
354.55 -1.00 -1.00 0 91.8 
354.78 -1.00 -1.00 0 91.8 
355.02 -1.00 -1.00 0 91.8 
355.26 -1.00 -1.00 0 91.8 
355.55 -1.00 -1.00 0 91.8 
355.76 -1.00 -1.00 0 90.7 
355.94 -1.00 -1.00 0 90.7 
356.17 -1.00 -1.00 0 90.7 
356.49 -1.00 -1.00 0 90.7 
356.67 -1.00 -1.00 0 90.5 
356.88 -1.00 -1.00 0 90.5 
357.10 -1.00 -1.00 0 90.5 
357.35 -1.00 -1.00 0 90.5 
357.55 -1.00 -1.00 0 89.7 
357.75 -1.00 -1.00 0 89.7 
357.96 -1.00 -1.00 0 89.7 
358.14 -1.00 -1.00 0 89.7 
358.41 -1.00 -1.00 0 89.7 
358.60 -1.00 -1.00 0 90.2 
358.82 -1.00 -1.00 0 90.2 
359.04 -1.00 -1.00 0 90.2 
359.28 -1.00 -1.00 0 90.2 
359.53 -1.00 -1.00 0 90.2 
359.76 -1.00 -1.00 0 90.8 
359.94 -1.00 -1.00 0 90.8 
360.16 -1.00 -1.00 0 90.8 
360.37 -1.00 -1.00 0 90.8 
360.60 -1.00 -1.00 0 91.5 
360.80 -1.00 -1.00 0 91.5 
360.99 -1.00 -1.00 0 91.5 
361.18 -1.00 -1.00 0 91.5 
361.40 -1.00 -1.00 0 91.5 
361.61 -1.00 -1.00 0 92.2 
361.81 -1.00 -1.00 0 92.2 
362.00 -1.00 -1.00 0 92.2 
362.25 -1.00 -1.00 0 92.2 
362.54 -1.00 -1.00 0 92.2 
362.74 -1.00 -1.00 0 92.5 
362.97 -1.00 -1.00 0 92.5 
363.20 -1.00 -1.00 0 92.5 
363.49 -1.00 -1.00 0 92.5 
363.71 -1.00 -1.00 0 93.1 
363.88 -1.00 -1.00 0 93.1 
364.09 -1.00 -1.00 0 93.1 
364.28 -1.00 -1.00 0 93.1 
364.54 -1.00 -1.00 0 93.1 
364.74 -1.00 -1.00 0 92.3 
364.92 -1.00 -1.00 0 92.3 
365.13 -1.00 -1.00 0 92.3 
365.35 -1.00 -1.00 0 92.3 
365.56 -1.00 -1.00 0 92.2 
365.75 -1.00 -1.00 0 92.2 
365.99 -1.00 -1.00 0 92.2 
366.22 -1.00 -1.00 0 92.2 
366.48 -1.00 -1.00 0 92.2 
366.68 -1.00 -1.00 0 92.9 
366.85 -1.00 -1.00 0 92.9 
367.09 -1.00 -1.00 0 92.9 
367.26 -1.00 -1.00 0 92.9 
367.48 -1.00 -1.00 0 92.9 
367.77 -1.00 -1.00 0 92.6 
367.97 -1.00 -1.00 0 92.6 
368.15 -1.00 -1.00 0 92.6 
368.41 -1.00 -1.00 0 92.6 
368.62 -1.00 -1.00 0 92.5 
368.80 -1.00 -1.00 0 92.5 
368.98 -1.00 -1.00 0 92.5 
369.14 -1.00 -1.00 0 92.5 
369.37 -1.00 -1.00 0 92.5 
369.56 -1.00 -1.00 0 92.7 
369.73 -1.00 -1.00 0 92.7 
369.92 -1.00 -1.00 0 92.7 
370.09 -1.00 -1.00 0 92.7 
370.28 -1.00 -1.00 0 92.7 
370.54 -1.00 -1.00 0 92.7 
370.69 -1.00 -1.00 0 92.8 
370.95 -1.00 -1.00 1 92.8 
371.14 -1.00 -1.00 1 92.8 
371.34 -1.00 -1.00 0 92.8 
371.58 -1.00 -1.00 0 92.9 
371.76 -1.00 -1.00 0 92.9 
371.99 -1.00 -1.00 0 92.9 
372.22 -1.00 -1.00 0 92.9 
372.49 -1.00 -1.00 0 92.9 
372.72 -1.00 -1.00 0 93.6 
372.90 -1.00 -1.00 0 93.6 
373.17 -1.00 -1.00 0 93.6 
373.41 -1.00 -1.00 0 93.6 
373.60 -1.00 -1.00 0 92.5 
373.80 -1.00 -1.00 0 92.5 
374.23 -1.00 -1.00 0 92.5 
374.50 -1.00 -1.00 0 92.5 
374.70 -1.00 -1.00 0 91.8 
374.86 -1.00 -1.00 0 91.8 
375.03 -1.00 -1.00 0 91.8 
375.22 -1.00 -1.00 0 91.8 
375.47 -1.00 -1.00 0 91.8 
375.62 -1.00 -1.00 0 91.6 
375.84 -1.00 -1.00 0 91.6 
376.00 -1.00 -1.00 0 91.6 
376.19 -1.00 -1.00 0 91.6 
376.42 -1.00 -1.00 0 91.6 
376.60 -1.00 -1.00 0 91.4 
376.76 -1.00 -1.00 0 91.4 
376.96 -1.00 -1.00 0 91.4 
377.13 -1.00 -1.00 0 91.4 
377.41 -1.00 -1.00 0 91.4 
377.58 -1.00 -1.00 0 91.5 
377.80 -1.00 -1.00 0 91.5 
377.97 -1.00 -1.00 0 91.5 
378.13 -1.00 -1.00 0 91.5 
378.41 -1.00 -1.00 0 91.5 
378.58 -1.00 -1.00 0 91.7 
378.78 -1.00 -1.00 0 91.7 
378.94 -1.00 -1.00 0 91.7 
379.11 -1.00 -1.00 0 91.7 
379.39 -1.00 -1.00 0 91.7 
379.58 -1.00 -1.00 0 91.4 
379.78 -1.00 -1.00 0 91.4 
380.02 -1.00 -1.00 0 91.4 
380.22 -1.00 -1.00 0 91.4 
380.48 -1.00 -1.00 0 91.4 
380.67 -1.00 -1.00 0 93.0 
380.88 -1.00 -1.00 0 93.0 
381.07 -1.00 -1.00 0 93.0 
381.27 -1.00 -1.00 0 93.0 
381.57 -1.00 -1.00 0 93.0 
381.74 -1.00 -1.00 0 93.7 
381.97 -1.00 -1.00 0 93.7 
382.16 -1.00 -1.00 0 93.7 
382.41 -1.00 -1.00 0 93.7 
382.67 -1.00 -1.00 0 91.4 
382.90 -1.00 -1.00 0 91.4 
383.09 -1.00 -1.00 0 91.4 
383.36 -1.00 -1.00 0 91.4 
383.53 -1.00 -1.00 0 92.6 
383.77 -1.00 -1.00 0 92.6 
384.01 -1.00 -1.00 0 92.6 
384.16 -1.00 -1.00 0 92.6 
384.40 -1.00 -1.00 0 92.6 
384.60 -1.00 -1.00 0 92.8 
384.81 -1.00 -1.00 0 92.8 
384.98 -1.00 -1.00 0 92.8 
385.16 -1.00 -1.00 0 92.8 
385.40 -1.00 -1.00 0 92.8 
385.62 -1.00 -1.00 0 93.5 
385.80 -1.00 -1.00 0 93.5 
386.04 -1.00 -1.00 0 93.5 
386.21 -1.00 -1.00 0 93.5 
386.44 -1.00 -1.00 0 93.5 
386.66 -1.00 -1.00 0 93.7 
386.87 -1.00 -1.00 0 93.7 
387.08 -1.00 -1.00 0 93.7 
387.28 -1.00 -1.00 0 93.7 
387.47 -1.00 -1.00 0 93.7 
387.70 -1.00 -1.00 0 93.2 
387.91 -1.00 -1.00 0 93.2 
388.06 -1.00 -1.00 0 93.2 
388.27 -1.00 -1.00 0 93.2 
388.45 -1.00 -1.00 0 93.2 
388.66 -1.00 -1.00 0 91.9 
388.80 -1.00 -1.00 0 91.9 
388.98 -1.00 -1.00 0 91.9 
389.19 -1.00 -1.00 0 91.9 
389.38 -1.00 -1.00 0 91.9 
389.58 -1.00 -1.00 0 90.7 
389.75 -1.00 -1.00 0 90.7 
389.93 -1.00 -1.00 0 90.7 
390.14 -1.00 -1.00 0 90.7 
390.34 -1.00 -1.00 0 90.7 
390.55 -1.00 -1.00 0 89.5 
390.75 -1.00 -1.00 0 89.5 
390.91 -1.00 -1.00 0 89.5 
391.09 -1.00 -1.00 0 89.5 
391.31 -1.00 -1.00 0 89.5 
391.56 -1.00 -1.00 0 88.7 
391.72 -1.00 -1.00 0 88.7 
391.93 -1.00 -1.00 0 88.7 
392.08 -1.00 -1.00 0 88.7 
392.26 -1.00 -1.00 0 88.7 
392.49 -1.00 -1.00 0 88.7 
392.66 -1.00 -1.00 0 88.6 
392.84 -1.00 -1.00 0 88.6 
393.03 -1.00 -1.00 0 88.6 
393.20 -1.00 -1.00 0 88.6 
393.46 -1.00 -1.00 0 88.6 
393.68 -1.00 -1.00 0 89.3 
393.84 -1.00 -1.00 0 89.3 
394.30 -1.00 -1.00 0 89.3 
394.54 -1.00 -1.00 0 89.3 
394.70 -1.00 -1.00 0 90.5 
394.95 -1.00 -1.00 0 90.5 
395.15 -1.00 -1.00 0 90.5 
395.41 -1.00 -1.00 0 90.5 
395.65 -1.00 -1.00 0 91.0 
395.81 -1.00 -1.00 0 91.0 
396.04 -1.00 -1.00 0 91.0 
396.21 -1.00 -1.00 0 91.0 
396.46 -1.00 -1.00 0 91.0 
396.69 -1.00 -1.00 0 91.9 
396.92 -1.00 -1.00 0 91.9 
397.13 -1.00 -1.00 0 91.9 
397.39 -1.00 -1.00 0 91.9 
397.57 -1.00 -1.00 0 91.9 
397.79 -1.00 -1.00 0 91.9 
398.01 -1.00 -1.00 0 91.9 
398.22 -1.00 -1.00 0 91.9 
398.41 -1.00 -1.00 0 91.9 
398.64 -1.00 -1.00 0 91.2 
398.85 -1.00 -1.00 0 91.2 
399.02 -1.00 -1.00 0 91.2 
399.22 -1.00 -1.00 0 91.2 
399.41 -1.00 -1.00 0 91.2 
399.62 -1.00 -1.00 0 90.2 
399.83 -1.00 -1.00 0 90.2 
400.01 -1.00 -1.00 0 90.2 
400.26 -1.00 -1.00 0 90.2 
400.45 -1.00 -1.00 0 90.2 
400.69 -1.00 -1.00 0 90.5 
400.99 -1.00 -1.00 0 90.5 
401.17 -1.00 -1.00 0 90.5 
401.45 -1.00 -1.00 0 90.5 
401.61 -1.00 -1.00 0 90.1 
401.83 -1.00 -1.00 0 90.1 
402.07 -1.00 -1.00 0 90.1 
402.24 -1.00 -1.00 0 90.1 
402.52 -1.00 -1.00 0 90.1 
402.72 -1.00 -1.00 0 90.5 
402.91 -1.00 -1.00 0 90.5 
403.11 -1.00 -1.00 0 90.5 
403.38 -1.00 -1.00 0 90.5 
403.60 -1.00 -1.00 0 89.6 
403.75 -1.00 -1.00 0 89.6 
404.14 -1.00 -1.00 0 89.6 
404.35 -1.00 -1.00 0 89.6 
404.54 -1.00 -1.00 0 89.8 
404.75 -1.00 -1.00 0 89.8 
404.95 -1.00 -1.00 0 89.8 
405.11 -1.00 -1.00 0 89.8 
405.32 -1.00 -1.00 0 89.8 
405.53 -1.00 -1.00 0 88.6 
405.75 -1.00 -1.00 0 88.6 
405.94 -1.00 -1.00 0 88.6 
406.13 -1.00 -1.00 0 88.6 
406.28 -1.00 -1.00 0 88.6 
406.53 -1.00 -1.00 0 88.6 
406.68 -1.00 -1.00 0 87.6 
406.88 -1.00 -1.00 0 87.6 
407.08 -1.00 -1.00 0 87.6 
407.36 -1.00 -1.00 0 87.6 
407.58 -1.00 -1.00 0 86.8 
407.79 -1.00 -1.00 0 86.8 
407.97 -1.00 -1.00 0 86.8 
408.18 -1.00 -1.00 0 86.8 
408.42 -1.00 -1.00 0 86.8 
408.60 -1.00 -1.00 0 87.7 
408.80 -1.00 -1.00 0 87.7 
409.04 -1.00 -1.00 0 87.7 
409.23 -1.00 -1.00 0 87.7 
409.50 -1.00 -1.00 0 87.7 
409.71 -1.00 -1.00 0 87.5 
409.93 -1.00 -1.00 0 87.5 
410.10 -1.00 -1.00 0 87.5 
410.29 -1.00 -1.00 0 87.5 
410.55 -1.00 -1.00 0 87.5 
410.77 -1.00 -1.00 0 87.8 
410.95 -1.00 -1.00 0 87.8 
411.14 -1.00 -1.00 0 87.8 
411.37 -1.00 -1.00 0 87.8 
411.59 -1.00 -1.00 0 88.9 
411.75 -1.00 -1.00 0 88.9 
411.95 -1.00 -1.00 0 88.9 
412.16 -1.00 -1.00 0 88.9 
412.38 -1.00 -1.00 0 88.9 
412.59 -1.00 -1.00 0 89.4 
412.82 -1.00 -1.00 0 89.4 
413.04 -1.00 -1.00 0 89.4 
413.22 -1.00 -1.00 0 89.4 
413.48 -1.00 -1.00 0 89.4 
413.72 -1.00 -1.00 0 89.0 
413.92 -1.00 -1.00 0 89.0 
414.11 -1.00 -1.00 0 89.0 
414.43 -1.00 -1.00 0 89.0 
414.64 -1.00 -1.00 0 88.6 
414.87 -1.00 -1.00 0 88.6 
415.11 -1.00 -1.00 0 88.6 
415.35 -1.00 -1.00 0 88.6 
415.56 -1.00 -1.00 0 88.1 
415.74 -1.00 -1.00 0 88.1 
416.01 -1.00 -1.00 0 88.1 
416.21 -1.00 -1.00 0 88.1 
416.53 -1.00 -1.00 0 88.1 
416.73 -1.00 -1.00 0 88.4 
416.99 -1.00 -1.00 0 88.4 
417.22 -1.00 -1.00 0 88.4 
417.49 -1.00 -1.00 0 88.4 
417.74 -1.00 -1.00 0 88.6 
417.90 -1.00 -1.00 0 88.6 
418.13 -1.00 -1.00 0 88.6 
418.40 -1.00 -1.00 0 88.6 
418.59 -1.00 -1.00 0 90.1 
418.78 -1.00 -1.00 0 90.1 
419.00 -1.00 -1.00 0 90.1 
419.23 -1.00 -1.00 0 90.1 
419.43 -1.00 -1.00 0 90.1 
419.62 -1.00 -1.00 0 90.4 
419.86 -1.00 -1.00 0 90.4 
420.09 -1.00 -1.00 0 90.4 
420.27 -1.00 -1.00 0 90.4 
420.55 -1.00 -1.00 0 90.4 
420.76 -1.00 -1.00 0 90.2 
420.97 -1.00 -1.00 0 90.2 
421.27 -1.00 -1.00 0 90.2 
421.53 -1.00 -1.00 0 90.2 
421.72 -1.00 -1.00 0 89.2 
421.93 -1.00 -1.00 0 89.2 
422.12 -1.00 -1.00 0 89.2 
422.35 -1.00 -1.00 0 89.2 
422.56 -1.00 -1.00 0 88.5 
422.79 -1.00 -1.00 0 88.5 
423.02 -1.00 -1.00 0 88.5 
423.17 -1.00 -1.00 0 88.5 
423.47 -1.00 -1.00 0 88.5 
423.68 -1.00 -1.00 0 87.3 
423.89 -1.00 -1.00 0 87.3 
424.09 -1.00 -1.00 0 87.3 
424.29 -1.00 -1.00 0 87.3 
424.57 -1.00 -1.00 0 87.3 
424.74 -1.00 -1.00 0 87.6 
424.97 -1.00 -1.00 0 87.6 
425.21 -1.00 -1.00 0 87.6 
425.40 -1.00 -1.00 0 87.6 
425.65 -1.00 -1.00 0 87.4 
425.92 -1.00 -1.00 0 87.4 
426.15 -1.00 -1.00 0 87.4 
426.34 -1.00 -1.00 0 87.4 
426.59 -1.00 -1.00 0 87.4 
426.80 -1.00 -1.00 0 88.3 
427.01 -1.00 -1.00 0 88.3 
427.28 -1.00 -1.00 0 88.3 
427.53 -1.00 -1.00 0 88.3 
427.82 -1.00 -1.00 0 88.8 
428.09 -1.00 -1.00 0 88.8 
428.37 -1.00 -1.00 0 88.8 
428.64 -1.00 -1.00 0 88.6 
428.83 -1.00 -1.00 0 88.6 
429.02 -1.00 -1.00 0 88.6 
429.23 -1.00 -1.00 0 88.6 
429.54 -1.00 -1.00 0 88.6 
429.80 -1.00 -1.00 0 87.3 
429.98 -1.00 -1.00 0 87.3 
430.16 -1.00 -1.00 0 87.3 
430.48 -1.00 -1.00 0 87.3 
430.66 -1.00 -1.00 0 86.5 
430.92 -1.00 -1.00 0 86.5 
431.14 -1.00 -1.00 0 86.5 
431.35 -1.00 -1.00 0 86.5 
431.54 -1.00 -1.00 0 87.2 
431.72 -1.00 -1.00 0 87.2 
432.02 -1.00 -1.00 0 87.2 
432.18 -1.00 -1.00 0 87.2 
432.49 -1.00 -1.00 0 87.2 
432.70 -1.00 -1.00 0 87.8 
432.97 -1.00 -1.00 0 87.8 
433.20 -1.00 -1.00 0 87.8 
433.50 -1.00 -1.00 0 87.8 
433.72 -1.00 -1.00 0 88.3 
434.21 -1.00 -1.00 0 88.3 
434.42 -1.00 -1.00 0 88.3 
434.69 -1.00 -1.00 0 89.9 
434.94 -1.00 -1.00 0 89.9 
435.20 -1.00 -1.00 0 89.9 
435.46 -1.00 -1.00 0 89.9 
435.70 -1.00 -1.00 0 89.6 
435.96 -1.00 -1.00 0 89.6 
436.22 -1.00 -1.00 0 89.6 
436.60 -1.00 -1.00 0 89.6 
436.84 -1.00 -1.00 0 88.5 
437.08 -1.00 -1.00 0 88.5 
437.37 -1.00 -1.00 0 88.5 
437.63 -1.00 -1.00 0 87.4 
437.83 -1.00 -1.00 0 87.4 
438.16 -1.00 -1.00 0 87.4 
438.44 -1.00 -1.00 0 87.4 
438.72 -1.00 -1.00 0 87.1 
439.02 -1.00 -1.00 0 87.1 
439.40 -1.00 -1.00 0 87.1 
439.68 -1.00 -1.00 0 85.9 
439.90 -1.00 -1.00 0 85.9 
440.20 -1.00 -1.00 0 85.9 
440.41 -1.00 -1.00 0 85.9 
440.64 -1.00 -1.00 0 85.8 
440.89 -1.00 -1.00 0 85.8 
441.18 -1.00 -1.00 0 85.8 
441.41 -1.00 -1.00 0 85.8 
441.65 -1.00 -1.00 0 86.0 
441.94 -1.00 -1.00 0 86.0 
442.20 -1.00 -1.00 0 86.0 
442.58 -1.00 -1.00 0 86.0 
442.79 -1.00 -1.00 0 86.7 
443.10 -1.00 -1.00 0 86.7 
443.48 -1.00 -1.00 0 86.7 
443.79 -1.00 -1.00 0 87.3 
444.09 -1.00 -1.00 0 87.3 
444.45 -1.00 -1.00 0 87.3 
444.78 -1.00 -1.00 0 87.2 
445.10 -1.00 -1.00 0 87.2 
445.50 -1.00 -1.00 0 87.2 
445.74 -1.00 -1.00 0 88.2 
446.11 -1.00 -1.00 0 88.2 
446.37 -1.00 -1.00 0 88.2 
446.69 -1.00 -1.00 0 86.9 
446.93 -1.00 -1.00 0 86.9 
447.19 -1.00 -1.00 0 86.9 
447.54 -1.00 -1.00 0 86.9 
447.81 -1.00 -1.00 0 86.7 
448.07 -1.00 -1.00 0 86.7 
448.43 -1.00 -1.00 0 86.7 
448.64 -1.00 -1.00 0 86.5 
448.89 -1.00 -1.00 0 86.5 
449.15 -1.00 -1.00 0 86.5 
449.42 -1.00 -1.00 0 86.5 
449.63 -1.00 -1.00 0 84.8 
449.88 -1.00 -1.00 0 84.8 
450.13 -1.00 -1.00 0 84.8 
450.40 -1.00 -1.00 0 84.8 
450.66 -1.00 -1.00 0 84.6 
450.88 -1.00 -1.00 0 84.6 
451.13 -1.00 -1.00 0 84.6 
451.42 -1.00 -1.00 0 84.6 
451.63 -1.00 -1.00 0 85.1 
451.85 -1.00 -1.00 0 85.1 
452.03 -1.00 -1.00 0 85.1 
452.24 -1.00 -1.00 0 85.1 
452.50 -1.00 -1.00 0 85.1 
452.70 -1.00 -1.00 0 85.1 
452.93 -1.00 -1.00 0 85.1 
453.18 -1.00 -1.00 0 85.1 
453.45 -1.00 -1.00 0 85.1 
453.75 -1.00 -1.00 0 84.6 
454.24 -1.00 -1.00 0 84.6 
454.56 -1.00 -1.00 0 84.6 
454.77 -1.00 -1.00 0 83.7 
454.98 -1.00 -1.00 0 83.7 
455.21 -1.00 -1.00 0 83.7 
455.46 -1.00 -1.00 0 83.7 
455.69 -1.00 -1.00 0 84.4 
455.90 -1.00 -1.00 0 84.4 
456.09 -1.00 -1.00 0 84.4 
456.32 -1.00 -1.00 0 84.4 
456.55 -1.00 -1.00 0 86.3 
456.75 -1.00 -1.00 0 86.3 
456.99 -1.00 -1.00 0 86.3 
457.17 -1.00 -1.00 0 86.3 
457.46 -1.00 -1.00 0 86.3 
457.64 -1.00 -1.00 0 87.2 
457.87 -1.00 -1.00 0 87.2 
458.10 -1.00 -1.00 0 87.2 
458.31 -1.00 -1.00 0 87.2 
458.57 -1.00 -1.00 0 87.2 
458.81 -1.00 -1.00 0 87.9 
459.03 -1.00 -1.00 0 87.9 
459.19 -1.00 -1.00 0 87.9 
459.48 -1.00 -1.00 0 87.9 
459.68 -1.00 -1.00 0 88.1 
459.91 -1.00 -1.00 0 88.1 
460.14 -1.00 -1.00 0 88.1 
460.43 -1.00 -1.00 0 88.1 
460.69 -1.00 -1.00 0 87.7 
460.95 -1.00 -1.00 0 87.7 
461.15 -1.00 -1.00 0 87.7 
461.46 -1.00 -1.00 0 87.7 
461.69 -1.00 -1.00 0 87.4 
461.95 -1.00 -1.00 0 87.4 
462.13 -1.00 -1.00 0 87.4 
462.45 -1.00 -1.00 0 87.4 
462.64 -1.00 -1.00 0 85.5 
462.87 -1.00 -1.00 0 85.5 
463.09 -1.00 -1.00 0 85.5 
463.35 -1.00 -1.00 0 85.5 
463.55 -1.00 -1.00 0 86.7 
463.80 -1.00 -1.00 0 86.7 
464.21 -1.00 -1.00 0 86.7 
464.49 -1.00 -1.00 0 86.7 
464.66 -1.00 -1.00 0 86.9 
464.88 -1.00 -1.00 0 86.9 
465.12 -1.00 -1.00 0 86.9 
465.43 -1.00 -1.00 0 86.9 
465.65 -1.00 -1.00 0 87.9 
465.83 -1.00 -1.00 0 87.9 
466.13 -1.00 -1.00 0 87.9 
466.39 -1.00 -1.00 0 87.9 
466.65 -1.00 -1.00 0 87.9 
466.90 -1.00 -1.00 0 87.9 
467.13 -1.00 -1.00 0 87.9 
467.47 -1.00 -1.00 0 87.9 
467.70 -1.00 -1.00 0 87.7 
467.94 -1.00 -1.00 0 87.7 
468.14 -1.00 -1.00 0 87.7 
468.47 -1.00 -1.00 0 87.7 
468.70 -1.00 -1.00 0 88.0 
468.97 -1.00 -1.00 0 88.0 
469.18 -1.00 -1.00 0 88.0 
469.45 -1.00 -1.00 0 88.0 
469.67 -1.00 -1.00 0 88.5 
469.89 -1.00 -1.00 0 88.5 
470.17 -1.00 -1.00 0 88.5 
470.39 -1.00 -1.00 0 88.5 
470.64 -1.00 -1.00 0 87.2 
470.91 -1.00 -1.00 0 87.2 
471.15 -1.00 -1.00 0 87.2 
471.43 -1.00 -1.00 0 87.2 
471.66 -1.00 -1.00 0 87.1 
471.83 -1.00 -1.00 0 87.1 
472.11 -1.00 -1.00 0 87.1 
472.35 -1.00 -1.00 0 87.1 
472.60 -1.00 -1.00 0 86.8 
472.80 -1.00 -1.00 0 86.8 
473.02 -1.00 -1.00 0 86.8 
473.27 -1.00 -1.00 0 86.8 
473.56 -1.00 -1.00 0 86.8 
473.80 -1.00 -1.00 0 86.8 
473.98 -1.00 -1.00 1 86.8 
474.25 -1.00 -1.00 1 86.8 
474.52 -1.00 -1.00 0 86.8 
474.73 -1.00 -1.00 0 87.2 
474.98 -1.00 -1.00 0 87.2 
475.21 -1.00 -1.00 0 87.2 
475.54 -1.00 -1.00 0 87.2 
475.79 -1.00 -1.00 0 88.3 
476.02 -1.00 -1.00 0 88.3 
476.26 -1.00 -1.00 0 88.3 
476.48 -1.00 -1.00 0 88.3 
476.71 -1.00 -1.00 0 89.4 
476.88 -1.00 -1.00 0 89.4 
477.09 -1.00 -1.00 0 89.4 
477.25 -1.00 -1.00 0 89.4 
477.55 -1.00 -1.00 0 89.4 
477.78 -1.00 -1.00 0 90.4 
478.01 -1.00 -1.00 0 90.4 
478.22 -1.00 -1.00 0 90.4 
478.48 -1.00 -1.00 0 90.4 
478.69 -1.00 -1.00 0 91.8 
478.94 -1.00 -1.00 0 91.8 
479.15 -1.00 -1.00 0 91.8 
479.39 -1.00 -1.00 0 91.8 
479.63 -1.00 -1.00 0 92.6 
479.80 -1.00 -1.00 0 92.6 
480.02 -1.00 -1.00 0 92.6 
480.24 -1.00 -1.00 0 92.6 
480.52 -1.00 -1.00 0 92.6 
480.70 -1.00 -1.00 0 93.1 
480.93 -1.00 -1.00 0 93.1 
481.17 -1.00 -1.00 0 93.1 
481.39 -1.00 -1.00 0 93.1 
481.61 -1.00 -1.00 0 93.2 
481.82 -1.00 -1.00 0 93.2 
482.06 -1.00 -1.00 0 93.2 
482.31 -1.00 -1.00 0 93.2 
482.58 -1.00 -1.00 0 93.2 
482.81 -1.00 -1.00 0 90.9 
482.97 -1.00 -1.00 0 90.9 
483.24 -1.00 -1.00 0 90.9 
483.50 -1.00 -1.00 0 90.9 
483.72 -1.00 -1.00 0 89.1 
483.99 -1.00 -1.00 0 89.1 
484.22 -1.00 -1.00 0 89.1 
484.46 -1.00 -1.00 0 89.1 
484.69 -1.00 -1.00 0 87.2 
484.93 -1.00 -1.00 0 87.2 
485.18 -1.00 -1.00 0 87.2 
485.48 -1.00 -1.00 0 87.2 
485.67 -1.00 -1.00 0 85.4 
485.94 -1.00 -1.00 1 85.4 
486.14 -1.00 -1.00 0 85.4 
486.45 -1.00 -1.00 0 85.4 
486.68 -1.00 -1.00 0 84.8 
486.91 -1.00 -1.00 0 84.8 
487.15 71.89 3.05 1 84.8 
487.45 -1.00 -1.00 1 84.8 
487.60 -1.00 -1.00 1 85.4 
487.86 -1.00 -1.00 1 85.4 
488.04 -1.00 -1.00 1 85.4 
488.25 -1.00 -1.00 0 85.4 
488.54 -1.00 -1.00 0 85.4 
488.74 -1.00 -1.00 0 87.1 
489.01 -1.00 -1.00 0 87.1 
489.23 -1.00 -1.00 0 87.1 
489.48 -1.00 -1.00 0 87.1 
489.67 -1.00 -1.00 0 88.4 
489.89 -1.00 -1.00 0 88.4 
490.15 -1.00 -1.00 0 88.4 
490.44 -1.00 -1.00 0 88.4 
490.66 -1.00 -1.00 0 90.0 
490.88 -1.00 -1.00 0 90.0 
491.16 -1.00 -1.00 0 90.0 
491.34 -1.00 -1.00 0 90.0 
491.56 -1.00 -1.00 0 90.0 
491.80 -1.00 -1.00 0 91.5 
492.02 -1.00 -1.00 0 91.5 
492.18 -1.00 -1.00 1 91.5 
492.45 -1.00 -1.00 1 91.5 
492.71 -1.00 -1.00 0 91.9 
492.89 -1.00 -1.00 0 91.9 
493.17 -1.00 -1.00 0 91.9 
493.45 -1.00 -1.00 0 91.9 
493.61 -1.00 -1.00 0 92.5 
493.78 95.85 3.73 1 92.5 
494.16 98.07 3.82 1 92.5 
494.46 101.38 3.94 1 92.5 
494.67 105.16 4.20 1 90.1 
494.87 109.20 4.36 1 90.1 
495.08 113.46 4.53 1 90.1 
495.24 115.19 4.60 1 90.1 
495.50 116.91 4.67 1 90.1 
495.76 121.64 4.92 1 89.0 
495.98 123.13 4.98 1 89.0 
496.25 124.60 5.04 1 89.0 
496.52 124.05 5.02 1 89.0 
496.74 122.14 5.08 1 86.5 
496.97 120.20 5.00 1 86.5 
497.18 117.23 4.88 1 86.5 
497.45 113.47 4.72 1 86.5 
497.63 109.80 4.54 1 87.1 
497.81 106.28 4.39 1 87.1 
498.01 102.14 4.22 1 87.1 
498.17 98.24 4.06 1 87.1 
498.45 93.85 3.88 1 87.1 
498.66 89.16 3.65 1 88.1 
498.90 84.74 3.46 1 88.1 
499.08 80.60 3.29 1 88.1 
499.30 77.42 3.17 1 88.1 
499.53 75.36 3.08 1 88.1 
499.74 73.51 2.94 1 90.0 
499.91 71.85 2.87 1 90.0 
500.15 71.43 2.86 2 90.0 
500.36 70.03 2.80 1 90.0 
500.61 68.79 2.81 1 88.1 
500.92 66.85 2.73 1 88.1 
501.17 65.13 2.66 1 88.1 
501.39 62.24 2.54 1 88.1 
501.60 60.31 2.50 1 86.8 
501.89 57.97 2.41 1 86.8 
502.13 55.34 2.30 1 86.8 
502.43 52.59 2.18 1 86.8 
502.66 50.62 2.15 1 84.6 
502.86 48.44 2.06 1 84.6 
503.09 46.14 1.96 1 84.6 
503.38 44.58 1.90 1 84.6 
503.67 44.41 1.95 1 82.1 
504.20 41.24 1.81 1 82.1 
504.55 39.99 1.75 1 82.1 
504.73 38.57 1.70 1 81.8 
505.00 37.36 1.64 1 81.8 
505.28 36.79 1.62 1 81.8 
505.58 35.51 1.56 1 81.8 
505.86 34.85 1.54 1 81.5 
506.14 33.59 1.48 1 81.5 
506.45 32.55 1.44 1 81.5 
506.69 31.69 1.38 1 82.9 
506.98 31.77 1.38 1 82.9 
507.18 31.83 1.38 1 82.9 
507.48 32.33 1.40 1 82.9 
507.71 32.31 1.38 1 84.3 
507.89 31.01 1.32 1 84.3 
508.09 30.51 1.30 1 84.3 
508.35 30.46 1.30 1 84.3 
508.61 30.11 1.28 1 84.3 
508.84 30.57 1.30 1 84.3 
509.08 30.56 1.30 1 84.3 
509.40 30.24 1.29 1 84.3 
509.62 30.33 1.28 1 85.2 
509.88 30.07 1.27 1 85.2 
510.14 29.28 1.24 1 85.2 
510.44 28.92 1.22 1 85.2 
510.68 28.65 1.20 1 85.8 
510.94 28.42 1.19 1 85.8 
511.22 28.25 1.19 1 85.8 
511.49 28.13 1.18 1 85.8 
511.71 27.48 1.15 1 86.1 
511.98 26.72 1.12 1 86.1 
512.24 25.67 1.07 1 86.1 
512.54 25.25 1.06 1 86.1 
512.76 24.69 1.07 1 82.8 
513.03 24.05 1.05 1 82.8 
513.37 23.14 1.01 1 82.8 
513.61 22.24 0.99 1 80.9 
513.80 21.53 0.96 1 80.9 
514.03 20.97 0.93 1 80.9 
514.26 20.55 0.91 1 80.9 
514.55 20.05 0.89 1 80.9 
514.75 19.66 0.90 1 78.3 
515.02 19.38 0.89 1 78.3 
515.26 19.34 0.89 1 78.3 
515.50 19.33 0.89 1 78.3 
515.72 19.32 0.90 1 77.3 
515.90 18.85 0.88 1 77.3 
516.15 18.80 0.88 1 77.3 
516.38 18.61 0.87 1 77.3 
516.62 18.81 0.88 1 76.6 
516.80 18.80 0.88 1 76.6 
517.05 18.97 0.89 1 76.6 
517.24 19.12 0.90 1 76.6 
517.56 19.08 0.90 1 76.6 
517.74 19.22 0.90 1 77.0 
517.93 19.17 0.90 1 77.0 
518.14 19.31 0.90 1 77.0 
518.40 19.81 0.93 1 77.0 
518.62 20.01 0.92 1 78.3 
518.85 20.36 0.94 1 78.3 
519.05 20.46 0.94 1 78.3 
519.31 20.94 0.96 1 78.3 
519.57 20.94 0.94 1 80.1 
519.82 20.95 0.94 1 80.1 
520.08 21.58 0.97 1 80.1 
520.29 21.86 0.98 1 80.1 
520.55 22.31 1.00 1 80.1 
520.79 22.29 1.01 1 79.8 
520.99 22.26 1.00 1 79.8 
521.25 22.26 1.00 1 79.8 
521.48 22.46 1.01 1 79.8 
521.64 22.84 1.03 1 79.8 
521.89 23.14 1.04 1 79.8 
522.07 23.63 1.07 1 79.8 
522.36 24.02 1.08 1 79.8 
522.52 24.34 1.08 1 81.0 
522.69 24.37 1.08 1 81.0 
522.89 24.63 1.09 1 81.0 
523.12 24.63 1.09 1 81.0 
523.31 24.84 1.10 1 81.0 
523.59 25.27 1.12 1 81.0 
523.79 25.39 1.10 1 83.0 
524.30 26.29 1.14 1 83.0 
524.64 26.25 1.14 1 83.0 
524.92 26.18 1.13 1 83.3 
525.12 26.38 1.14 1 83.3 
525.43 26.81 1.16 1 83.3 
525.70 27.17 1.18 1 82.8 
525.93 27.47 1.19 1 82.8 
526.22 27.44 1.19 1 82.8 
526.55 27.71 1.20 1 82.8 
526.79 27.91 1.22 2 82.4 
527.08 27.57 1.21 2 82.4 
527.41 28.09 1.23 1 82.4 
527.67 27.98 1.23 1 82.0 
527.83 28.13 1.24 1 82.0 
528.10 28.26 1.24 1 82.0 
528.35 28.36 1.25 1 82.0 
528.59 28.46 1.24 1 82.3 
528.83 28.55 1.25 1 82.3 
529.11 28.12 1.23 1 82.3 
529.43 28.53 1.25 1 82.3 
529.69 28.59 1.26 1 81.8 
529.91 28.93 1.27 1 81.8 
530.12 28.91 1.27 1 81.8 
530.39 29.51 1.30 1 81.8 
530.59 29.40 1.26 1 84.1 
530.83 28.84 1.23 1 84.1 
531.05 29.14 1.25 1 84.1 
531.42 29.70 1.27 1 84.1 
531.66 30.52 1.29 1 85.3 
531.83 31.19 1.32 1 85.3 
532.13 31.40 1.33 1 85.3 
532.39 31.00 1.31 1 85.3 
532.65 31.24 1.32 1 85.5 
532.87 32.16 1.35 1 85.5 
533.15 32.92 1.39 1 85.5 
533.40 32.56 1.37 1 85.5 
533.66 31.98 1.34 1 85.9 
533.83 32.05 1.34 1 85.9 
534.07 32.11 1.35 1 85.9 
534.26 31.85 1.33 1 85.9 
534.52 31.63 1.33 1 85.9 
534.73 31.16 1.30 1 86.1 
534.99 30.27 1.27 1 86.1 
535.24 29.50 1.23 1 86.1 
535.50 29.98 1.25 1 86.1 
535.71 29.50 1.23 1 86.3 
535.96 29.37 1.23 1 86.3 
536.17 29.26 1.22 1 86.3 
536.46 28.91 1.21 1 86.3 
536.63 28.61 1.19 1 86.4 
536.92 28.35 1.18 1 86.4 
537.16 27.90 1.16 1 86.4 
537.44 27.76 1.16 1 86.4 
537.65 27.20 1.13 1 86.6 
537.95 27.19 1.13 1 86.6 
538.23 26.95 1.12 1 86.6 
538.46 26.51 1.10 2 86.6 
538.77 26.15 1.08 1 87.0 
538.93 25.65 1.06 1 87.0 
539.18 25.24 1.04 2 87.0 
539.46 25.87 1.07 2 87.0 
539.65 25.25 1.04 2 87.7 
539.89 24.72 1.01 1 87.7 
540.13 24.49 1.01 1 87.7 
540.33 24.11 0.99 1 87.7 
540.54 23.59 0.98 1 87.0 
540.75 23.38 0.97 1 87.0 
540.92 22.85 0.95 1 87.0 
541.17 22.96 0.95 1 87.0 
541.36 23.08 0.96 1 87.0 
541.60 22.03 0.94 1 84.7 
541.76 22.55 0.96 1 84.7 
542.02 21.88 0.93 1 84.7 
542.25 21.32 0.91 1 84.7 
542.49 20.47 0.87 1 84.7 
542.69 19.76 0.87 1 81.8 
542.93 19.32 0.85 1 81.8 
543.10 18.50 0.81 1 81.8 
543.40 18.08 0.80 1 81.8 
543.60 17.73 0.82 1 77.9 
543.79 17.15 0.79 1 77.9 
544.07 16.90 0.78 1 77.9 
544.23 16.31 0.75 1 77.9 
544.46 16.28 0.75 1 77.9 
544.67 16.35 0.81 1 72.8 
544.89 16.31 0.81 1 72.8 
545.11 16.16 0.80 1 72.8 
545.41 16.17 0.80 1 72.8 
545.67 16.43 0.86 1 69.0 
545.90 16.92 0.88 1 69.0 
546.08 17.02 0.89 1 69.0 
546.29 17.23 0.90 1 69.0 
546.48 17.54 0.92 1 69.0 
546.68 17.96 0.94 1 68.9 
546.90 18.43 0.96 1 68.9 
547.06 18.65 0.97 1 68.9 
547.29 18.82 0.98 1 68.9 
547.49 19.29 1.01 1 68.9 
547.68 19.50 1.01 1 69.2 
547.88 20.02 1.04 1 69.2 
548.10 20.43 1.06 1 69.2 
548.26 20.41 1.06 1 69.2 
548.50 20.74 1.08 1 69.2 
548.71 20.68 1.06 1 70.3 
548.89 20.78 1.06 1 70.3 
549.11 21.24 1.09 1 70.3 
549.36 22.25 1.14 1 70.3 
549.51 23.05 1.15 1 72.3 
549.69 23.70 1.18 1 72.3 
549.87 23.80 1.19 1 72.3 
550.04 24.09 1.20 1 72.3 
550.26 24.55 1.22 1 72.3 
550.47 24.50 1.22 1 72.3 
550.65 24.90 1.21 1 74.1 
550.82 25.21 1.23 1 74.1 
550.98 25.46 1.24 1 74.1 
551.17 25.91 1.26 1 74.1 
551.46 26.28 1.28 1 74.1 
551.69 26.13 1.25 1 75.3 
551.88 26.46 1.27 1 75.3 
552.08 26.73 1.28 1 75.3 
552.31 27.22 1.30 1 75.3 
552.52 28.20 1.33 1 76.4 
552.75 27.93 1.32 1 76.4 
552.97 28.80 1.36 1 76.4 
553.17 28.89 1.36 1 76.4 
553.38 29.58 1.39 1 76.4 
553.59 30.48 1.44 1 76.4 
553.80 31.23 1.47 1 76.4 
554.08 31.53 1.49 1 76.4 
554.26 32.48 1.53 1 76.4 
554.53 32.91 1.55 1 76.4 
554.76 34.05 1.53 1 80.2 
554.97 33.93 1.52 1 80.2 
555.18 34.48 1.55 1 80.2 
555.42 34.60 1.55 1 80.2 
555.63 34.68 1.55 1 80.4 
555.83 35.52 1.59 1 80.4 
556.05 37.23 1.67 1 80.4 
556.27 37.67 1.69 1 80.4 
556.55 38.06 1.70 1 80.4 
556.70 38.82 1.72 1 81.4 
556.91 39.03 1.73 1 81.4 
557.12 40.15 1.78 1 81.4 
557.40 41.70 1.84 1 81.4 
557.63 42.43 1.85 1 82.6 
557.81 44.32 1.93 1 82.6 
558.07 45.22 1.97 1 82.6 
558.46 45.46 1.98 1 82.6 
558.71 45.63 1.95 1 84.1 
558.92 46.35 1.98 1 84.1 
559.19 46.96 2.01 1 84.1 
559.50 48.12 2.06 1 84.1 
559.75 49.93 2.15 1 83.6 
559.97 50.04 2.15 1 83.6 
560.17 50.79 2.19 1 83.6 
560.49 52.19 2.25 1 83.6 
560.72 53.39 2.27 1 84.7 
560.98 53.72 2.28 1 84.7 
561.21 54.71 2.33 1 84.7 
561.49 56.50 2.40 1 84.7 
561.70 57.15 2.42 1 85.0 
561.90 58.58 2.48 1 85.0 
562.11 58.97 2.50 1 85.0 
562.34 59.29 2.51 1 85.0 
562.60 59.56 2.52 1 85.2 
562.83 59.79 2.53 1 85.2 
563.03 60.86 2.57 1 85.2 
563.19 61.78 2.61 1 85.2 
563.47 62.60 2.64 1 85.2 
563.70 63.29 2.68 1 85.1 
563.90 63.91 2.70 1 85.1 
564.08 64.43 2.72 1 85.1 
564.26 64.87 2.74 1 85.1 
564.51 64.37 2.72 1 85.1 
564.72 64.81 2.72 1 85.9 
564.91 65.14 2.73 1 85.9 
565.18 65.45 2.74 1 85.9 
565.38 64.11 2.69 1 85.9 
565.65 63.60 2.66 1 86.2 
565.87 63.16 2.64 1 86.2 
566.10 64.77 2.71 1 86.2 
566.34 66.17 2.76 1 86.2 
566.56 68.78 2.86 1 86.5 
566.77 72.84 3.03 1 86.5 
566.98 76.31 3.18 1 86.5 
567.25 81.68 3.40 1 86.5 
567.45 84.11 3.50 1 86.5 
567.67 88.45 3.68 1 86.5 
567.86 92.33 3.84 1 86.5 
568.08 93.67 3.90 1 86.5 
568.24 96.97 4.04 1 86.5 
568.57 103.05 4.29 1 86.5 
568.78 108.41 4.50 1 86.8 
568.98 108.36 4.49 1 86.8 
569.18 110.22 4.57 1 86.8 
569.51 111.92 4.64 1 86.8 
569.71 113.49 4.71 1 86.8 
569.89 112.87 4.68 1 86.8 
570.09 117.34 4.87 1 86.8 
570.42 118.34 4.91 1 86.8 
570.63 122.29 5.08 1 86.6 
570.86 122.84 5.11 1 86.6 
571.05 126.26 5.25 1 86.6 
571.21 126.45 5.26 1 86.6 
571.48 129.49 5.38 1 86.6 
571.72 129.36 5.33 1 87.4 
571.88 129.14 5.32 1 87.4 
572.10 126.95 5.23 1 87.4 
572.42 124.84 5.14 1 87.4 
572.67 122.81 5.00 1 88.4 
572.87 120.91 4.92 1 88.4 
573.13 119.09 4.85 1 88.4 
573.45 117.37 4.78 1 88.4 
573.69 115.78 4.63 1 90.1 
574.22 111.33 4.45 1 90.1 
574.43 108.50 4.34 1 90.1 
574.66 107.56 4.28 1 90.4 
574.81 105.05 4.18 1 90.4 
575.03 104.38 4.16 1 90.4 
575.27 106.09 4.22 1 90.4 
575.59 102.54 4.08 1 90.4 
575.83 97.42 3.89 1 90.3 
576.01 93.41 3.73 1 90.3 
576.27 89.76 3.58 1 90.3 
576.53 86.37 3.44 1 90.3 
576.79 81.77 3.27 1 90.0 
577.02 76.93 3.08 1 90.0 
577.26 73.19 2.93 1 90.0 
577.53 68.64 2.75 1 90.0 
577.79 65.10 2.61 2 89.9 
578.00 60.51 2.42 1 89.9 
578.24 56.85 2.28 1 89.9 
578.48 52.48 2.10 1 89.9 
578.66 48.29 1.95 1 89.0 
578.92 44.35 1.79 1 89.0 
579.11 40.68 1.65 1 89.0 
579.45 37.55 1.52 1 89.0 
579.65 34.95 1.45 1 86.8 
579.90 32.27 1.34 1 86.8 
580.16 30.32 1.26 1 86.8 
580.34 27.65 1.15 1 86.8 
580.61 25.87 1.10 1 84.5 
580.85 24.48 1.04 1 84.5 
581.05 23.17 0.99 1 84.5 
581.32 21.76 0.93 1 84.5 
581.57 20.69 0.90 1 82.5 
581.77 19.86 0.87 1 82.5 
581.95 18.91 0.82 1 82.5 
582.19 18.37 0.80 1 82.5 
582.39 17.21 0.75 1 82.5 
582.64 16.49 0.74 1 80.6 
582.84 15.96 0.71 1 80.6 
583.07 15.33 0.68 1 80.6 
583.34 14.51 0.65 1 80.6 
583.56 13.94 0.64 1 78.9 
583.73 13.22 0.60 1 78.9 
584.12 11.88 0.54 1 78.9 
584.39 11.28 0.51 1 78.9 
584.59 10.45 0.49 1 77.1 
584.83 10.17 0.48 1 77.1 
585.08 10.33 0.48 1 77.1 
585.45 10.26 0.48 1 77.1 
585.70 9.74 0.47 1 75.0 
585.98 10.00 0.48 1 75.0 
586.21 9.59 0.46 1 75.0 
586.48 8.94 0.43 1 75.0 
586.71 9.64 0.48 1 72.6 
586.96 9.45 0.47 1 72.6 
587.15 9.70 0.48 1 72.6 
587.42 9.19 0.46 1 72.6 
587.62 9.22 0.46 1 72.1 
587.85 9.59 0.48 1 72.1 
588.16 9.63 0.48 1 72.1 
588.35 9.75 0.49 1 72.1 
588.62 10.08 0.50 1 72.1 
588.82 10.56 0.55 1 69.2 
589.10 10.50 0.55 1 69.2 
589.44 10.71 0.56 1 69.2 
589.60 10.95 0.57 1 68.8 
589.82 11.39 0.60 1 68.8 
590.05 11.72 0.61 1 68.8 
590.21 11.87 0.62 1 68.8 
590.43 12.00 0.63 1 68.8 
590.61 11.95 0.62 1 69.2 
590.81 11.91 0.62 1 69.2 
591.06 12.35 0.64 1 69.2 
591.25 12.57 0.65 1 69.2 
591.56 12.66 0.66 1 69.2 
591.73 12.92 0.67 1 69.2 
591.95 13.44 0.70 1 69.2 
592.14 13.62 0.71 1 69.2 
592.37 14.20 0.74 1 69.2 
592.65 14.42 0.75 1 68.8 
592.90 14.47 0.76 1 68.8 
593.13 14.65 0.77 1 68.8 
593.39 14.58 0.76 1 68.8 
593.66 14.62 0.76 1 69.1 
593.85 15.01 0.78 1 69.1 
594.13 15.31 0.80 1 69.1 
594.42 15.66 0.82 1 69.1 
594.66 15.82 0.82 1 69.4 
594.91 15.95 0.83 1 69.4 
595.17 16.05 0.83 1 69.4 
595.40 16.14 0.84 1 69.4 
595.62 16.46 0.83 1 71.2 
595.90 16.59 0.84 1 71.2 
596.14 16.81 0.85 1 71.2 
596.45 17.12 0.87 1 71.2 
596.68 17.51 0.88 1 71.5 
596.94 17.81 0.90 1 71.5 
597.15 17.91 0.90 1 71.5 
597.37 17.99 0.91 1 71.5 
597.61 18.20 0.90 1 72.7 
597.78 18.23 0.90 1 72.7 
598.04 18.38 0.91 2 72.7 
598.26 18.66 0.92 1 72.7 
598.49 18.88 0.94 1 72.7 
598.69 19.21 0.93 1 74.6 
598.93 19.65 0.95 1 74.6 
599.16 20.00 0.97 1 74.6 
599.40 20.27 0.98 1 74.6 
599.67 20.34 0.96 1 76.0 
599.90 20.39 0.97 1 76.0 
600.13 20.59 0.98 1 76.0 
600.39 20.59 0.98 1 76.0 
600.62 20.93 0.99 1 76.1 
600.82 21.03 0.99 1 76.1 
601.06 21.11 1.00 1 76.1 
601.28 21.18 1.00 1 76.1 
601.55 20.91 0.99 1 76.1 
601.78 20.86 0.99 1 76.1 
602.00 20.97 0.99 1 76.1 
602.27 20.89 0.99 1 76.1 
602.47 20.54 0.97 1 76.1 
602.69 20.54 0.97 1 76.1 
602.89 20.55 0.97 1 76.1 
603.10 20.40 0.96 1 76.1 
603.28 20.27 0.96 1 76.1 
603.58 19.77 0.94 1 76.1 
603.79 19.63 0.92 1 76.7 
604.22 19.72 0.93 1 76.7 
604.49 19.59 0.92 1 76.7 
604.73 19.78 0.94 1 75.8 
604.96 19.79 0.94 1 75.8 
605.20 20.29 0.96 1 75.8 
605.40 20.67 0.98 1 75.8 
605.66 20.99 1.02 1 73.7 
605.83 21.24 1.04 1 73.7 
606.11 21.28 1.04 1 73.7 
606.40 21.87 1.07 1 73.7 
606.60 21.79 1.08 1 72.7 
606.79 22.74 1.13 1 72.7 
607.04 23.04 1.14 1 72.7 
607.20 22.92 1.13 1 72.7 
607.48 23.19 1.15 2 72.7 
607.76 23.41 1.14 1 73.9 
607.91 23.80 1.16 1 73.9 
608.16 23.72 1.16 1 73.9 
608.36 24.05 1.17 1 73.9 
608.59 25.06 1.25 1 72.0 
608.81 25.38 1.27 1 72.0 
608.99 25.63 1.28 1 72.0 
609.16 25.41 1.27 1 72.0 
609.47 25.41 1.27 1 72.0 
609.72 25.64 1.26 1 73.5 
609.93 25.41 1.24 1 73.5 
610.15 25.20 1.23 1 73.5 
610.42 25.71 1.26 1 73.5 
610.60 25.65 1.25 1 73.7 
610.85 26.34 1.29 1 73.7 
611.06 26.91 1.31 1 73.7 
611.24 27.65 1.35 1 73.7 
611.49 27.98 1.37 1 73.7 
611.72 28.24 1.41 1 72.3 
611.97 27.76 1.38 1 72.3 
612.14 28.35 1.41 1 72.3 
612.44 28.29 1.41 1 72.3 
612.67 28.50 1.41 1 72.9 
612.90 28.66 1.42 1 72.9 
613.10 28.80 1.42 1 72.9 
613.31 29.21 1.44 1 72.9 
613.53 29.26 1.44 1 72.9 
613.80 29.89 1.48 1 72.9 
614.24 31.08 1.53 1 72.9 
614.54 32.54 1.61 1 72.9 
614.70 31.42 1.54 1 73.2 
614.90 30.62 1.51 1 73.2 
615.14 29.53 1.45 1 73.2 
615.45 28.98 1.42 1 73.2 
615.68 28.52 1.38 1 74.2 
615.88 28.36 1.38 1 74.2 
616.04 28.50 1.38 1 74.2 
616.28 29.23 1.42 1 74.2 
616.54 29.50 1.43 1 74.2 
616.77 29.46 1.37 1 77.4 
616.98 28.92 1.35 1 77.4 
617.21 -1.00 -1.00 1 77.4 
617.47 -1.00 -1.00 1 77.4 
617.64 26.93 1.22 1 79.5 
617.88 26.78 1.21 2 79.5 
618.11 26.65 1.21 2 79.5 
618.30 26.78 1.21 2 79.5 
618.54 26.67 1.21 2 79.5 
618.78 26.56 1.20 2 79.5 
619.05 26.24 1.19 2 79.5 
619.28 26.72 1.21 2 79.5 
619.56 26.62 1.21 2 79.5 
619.74 26.08 1.14 2 82.2 
619.98 25.48 1.12 2 82.2 
620.19 112.58 4.93 2 82.2 
620.48 110.14 4.82 2 82.2 
620.71 106.13 4.59 2 83.3 
620.93 102.89 4.45 2 83.3 
621.17 98.98 4.28 2 83.3 
621.42 97.04 4.20 2 83.3 
621.61 95.20 4.02 2 85.3 
621.88 94.97 4.01 2 85.3 
622.05 94.75 4.00 2 85.3 
622.31 96.73 4.08 2 85.3 
622.57 96.41 4.07 2 85.3 
622.82 101.51 4.11 2 88.8 
623.04 102.85 4.17 2 88.8 
623.27 107.23 4.35 2 88.8 
623.54 103.45 4.19 2 88.8 
623.81 100.92 3.95 2 91.9 
624.37 94.43 3.70 2 91.9 
624.62 94.27 3.61 2 94.1 
624.89 92.40 3.54 2 94.1 
625.07 90.75 3.47 2 94.1 
625.27 91.00 3.48 2 94.1 
625.63 91.28 3.49 2 94.1 
625.87 94.06 3.57 2 94.9 
626.16 100.12 3.80 2 94.9 
626.47 97.91 3.71 2 94.9 
626.76 99.91 3.84 2 93.7 
626.97 -1.00 -1.00 2 93.7 
627.22 98.81 3.80 2 93.7 
627.56 96.61 3.71 2 93.7 
627.82 96.32 3.80 2 91.3 
628.16 96.08 3.79 2 91.3 
628.45 95.87 3.78 2 91.3 
628.69 95.72 3.83 2 89.9 
628.93 95.60 3.83 2 89.9 
629.19 95.50 3.83 2 89.9 
629.52 93.62 3.75 2 89.9 
629.84 93.71 3.78 2 89.2 
630.10 100.19 4.04 2 89.2 
630.41 97.96 3.95 2 89.2 
630.70 97.63 3.89 2 90.4 
631.01 97.35 3.88 2 90.4 
631.32 97.09 3.86 2 90.4 
631.61 96.86 3.80 2 91.8 
631.88 96.67 3.79 2 91.8 
632.14 96.49 3.79 2 91.8 
632.49 96.34 3.78 3 91.8 
632.73 96.20 3.72 3 93.0 
633.01 96.08 3.72 3 93.0 
633.39 95.97 3.71 3 93.0 
633.65 98.37 3.81 2 93.1 
633.84 98.03 3.79 2 93.1 
634.12 100.20 3.88 2 93.1 
634.39 -1.00 -1.00 1 93.1 
634.61 -1.00 -1.00 1 94.2 
634.89 -1.00 -1.00 1 94.2 
635.10 -1.00 -1.00 1 94.2 
635.37 -1.00 -1.00 1 94.2 
635.65 -1.00 -1.00 1 91.9 
635.89 -1.00 -1.00 1 91.9 
636.15 -1.00 -1.00 1 91.9 
636.40 42.19 1.65 1 91.9 
636.60 42.08 1.62 1 93.7 
636.81 43.68 1.68 1 93.7 
637.02 44.38 1.70 1 93.7 
637.21 45.01 1.73 1 93.7 
637.51 46.19 1.77 1 93.7 
637.75 47.98 1.79 1 96.7 
637.97 51.57 1.92 1 96.7 
638.22 52.60 1.96 1 96.7 
638.41 55.51 2.07 1 96.7 
638.64 57.99 2.15 1 97.2 
638.88 60.16 2.23 1 97.2 
639.10 63.42 2.35 1 97.2 
639.40 68.00 2.52 1 97.2 
639.58 71.95 2.68 1 96.6 
639.78 77.73 2.90 1 96.6 
640.01 86.11 3.21 1 96.6 
640.24 99.39 3.70 1 96.6 
640.45 110.58 4.12 1 96.6 
640.64 119.71 4.45 1 96.9 
640.89 123.68 4.59 2 96.9 
641.07 132.49 4.92 2 96.9 
641.27 139.85 5.19 2 96.9 
641.52 147.36 5.47 2 96.9 
641.75 154.29 5.66 2 98.2 
641.95 160.78 5.90 2 98.2 
642.17 166.74 6.11 2 98.2 
642.44 172.32 6.32 2 98.2 
642.60 177.56 6.48 2 98.6 
642.81 173.40 6.33 2 98.6 
643.06 167.80 6.13 2 98.6 
643.26 165.24 6.03 2 98.6 
643.61 162.60 5.94 2 98.6 
643.86 162.86 5.93 2 98.9 
644.12 168.69 6.14 2 98.9 
644.39 165.55 6.02 2 98.9 
644.63 162.38 5.91 1 98.9 
644.83 -1.00 -1.00 0 98.9 
645.12 -1.00 -1.00 0 98.9 
645.37 -1.00 -1.00 0 98.9 
645.62 -1.00 -1.00 0 99.0 
645.82 -1.00 -1.00 0 99.0 
646.04 -1.00 -1.00 0 99.0 
646.26 -1.00 -1.00 1 99.0 
646.56 -1.00 -1.00 1 99.0 
646.85 -1.00 -1.00 0 97.5 
647.04 -1.00 -1.00 0 97.5 
647.27 -1.00 -1.00 0 97.5 
647.59 -1.00 -1.00 0 97.5 
647.83 -1.00 -1.00 0 96.8 
648.08 -1.00 -1.00 0 96.8 
648.31 -1.00 -1.00 0 96.8 
648.59 -1.00 -1.00 0 96.8 
648.83 -1.00 -1.00 0 95.9 
649.00 -1.00 -1.00 0 95.9 
649.26 -1.00 -1.00 0 95.9 
649.54 -1.00 -1.00 0 95.9 
649.76 -1.00 -1.00 0 95.7 
649.95 -1.00 -1.00 0 95.7 
650.21 -1.00 -1.00 0 95.7 
650.43 -1.00 -1.00 0 95.7 
650.65 -1.00 -1.00 0 95.8 
650.90 -1.00 -1.00 0 95.8 
651.11 -1.00 -1.00 0 95.8 
651.34 -1.00 -1.00 0 95.8 
651.54 -1.00 -1.00 0 95.9 
651.76 -1.00 -1.00 0 95.9 
651.98 -1.00 -1.00 0 95.9 
652.19 -1.00 -1.00 0 95.9 
652.45 -1.00 -1.00 0 95.9 
652.70 -1.00 -1.00 0 95.7 
652.93 -1.00 -1.00 0 95.7 
653.17 -1.00 -1.00 0 95.7 
653.45 -1.00 -1.00 0 95.7 
653.59 -1.00 -1.00 0 95.8 
653.83 -1.00 -1.00 0 95.8 
653.99 -1.00 -1.00 0 95.8 
654.20 -1.00 -1.00 0 95.8 
654.48 -1.00 -1.00 0 95.8 
654.68 -1.00 -1.00 0 95.2 
654.83 -1.00 -1.00 0 95.2 
655.06 -1.00 -1.00 0 95.2 
655.31 -1.00 -1.00 0 95.2 
655.57 -1.00 -1.00 0 95.2 
655.75 -1.00 -1.00 0 94.5 
655.96 -1.00 -1.00 0 94.5 
656.20 -1.00 -1.00 0 94.5 
656.44 -1.00 -1.00 0 94.5 
656.62 -1.00 -1.00 0 93.3 
656.82 -1.00 -1.00 0 93.3 
657.07 -1.00 -1.00 0 93.3 
657.36 -1.00 -1.00 0 93.3 
657.58 -1.00 -1.00 0 91.5 
657.79 -1.00 -1.00 0 91.5 
658.01 -1.00 -1.00 0 91.5 
658.23 -1.00 -1.00 0 91.5 
658.54 -1.00 -1.00 0 91.5 
658.77 -1.00 -1.00 0 90.5 
658.97 -1.00 -1.00 0 90.5 
659.20 -1.00 -1.00 0 90.5 
659.43 -1.00 -1.00 0 90.5 
659.60 -1.00 -1.00 0 89.9 
659.84 -1.00 -1.00 0 89.9 
660.01 -1.00 -1.00 0 89.9 
660.23 -1.00 -1.00 0 89.9 
660.50 -1.00 -1.00 0 89.9 
660.70 -1.00 -1.00 0 91.4 
660.89 -1.00 -1.00 0 91.4 
661.11 -1.00 -1.00 0 91.4 
661.27 -1.00 -1.00 0 91.4 
661.51 -1.00 -1.00 0 91.4 
661.65 -1.00 -1.00 0 93.4 
661.82 -1.00 -1.00 0 93.4 
661.99 -1.00 -1.00 0 93.4 
662.18 -1.00 -1.00 0 93.4 
662.46 -1.00 -1.00 0 93.4 
662.67 -1.00 -1.00 0 92.8 
662.91 -1.00 -1.00 0 92.8 
663.10 -1.00 -1.00 0 92.8 
663.40 -1.00 -1.00 0 92.8 
663.59 -1.00 -1.00 0 92.4 
663.82 -1.00 -1.00 0 92.4 
664.09 -1.00 -1.00 0 92.4 
664.33 -1.00 -1.00 0 92.4 
664.58 -1.00 -1.00 0 92.7 
664.90 -1.00 -1.00 0 92.7 
665.09 -1.00 -1.00 0 92.7 
665.40 -1.00 -1.00 0 92.7 
665.58 -1.00 -1.00 0 92.7 
665.85 -1.00 -1.00 0 92.7 
666.03 -1.00 -1.00 0 92.7 
666.24 -1.00 -1.00 0 92.7 
666.52 -1.00 -1.00 0 92.7 
666.77 -1.00 -1.00 0 90.6 
666.99 -1.00 -1.00 0 90.6 
667.29 -1.00 -1.00 0 90.6 
667.58 -1.00 -1.00 0 90.6 
667.83 -1.00 -1.00 0 90.1 
668.05 -1.00 -1.00 0 90.1 
668.25 -1.00 -1.00 0 90.1 
668.50 -1.00 -1.00 0 90.1 
668.65 -1.00 -1.00 0 88.1 
668.84 -1.00 -1.00 0 88.1 
669.11 -1.00 -1.00 0 88.1 
669.38 -1.00 -1.00 0 88.1 
669.60 -1.00 -1.00 0 87.3 
669.82 -1.00 -1.00 0 87.3 
670.08 -1.00 -1.00 0 87.3 
670.26 -1.00 -1.00 0 87.3 
670.53 -1.00 -1.00 0 87.3 
670.73 -1.00 -1.00 0 85.5 
670.98 -1.00 -1.00 0 85.5 
671.21 -1.00 -1.00 0 85.5 
671.49 -1.00 -1.00 0 85.5 
671.77 -1.00 -1.00 0 84.7 
672.01 -1.00 -1.00 0 84.7 
672.27 -1.00 -1.00 0 84.7 
672.50 -1.00 -1.00 0 84.7 
672.78 -1.00 -1.00 0 83.0 
673.09 -1.00 -1.00 0 83.0 
673.29 -1.00 -1.00 0 83.0 
673.60 -1.00 -1.00 0 83.0 
673.86 -1.00 -1.00 0 82.2 
674.38 -1.00 -1.00 0 82.2 
674.56 -1.00 -1.00 0 82.8 
674.83 -1.00 -1.00 0 82.8 
675.02 -1.00 -1.00 0 82.8 
675.24 -1.00 -1.00 0 82.8 
675.56 -1.00 -1.00 0 82.8 
675.75 -1.00 -1.00 0 84.3 
676.02 -1.00 -1.00 0 84.3 
676.21 -1.00 -1.00 0 84.3 
676.51 -1.00 -1.00 0 84.3 
676.77 -1.00 -1.00 0 84.2 
677.00 -1.00 -1.00 0 84.2 
677.27 -1.00 -1.00 0 84.2 
677.55 -1.00 -1.00 0 84.2 
677.78 -1.00 -1.00 0 83.7 
678.04 -1.00 -1.00 0 83.7 
678.24 -1.00 -1.00 0 83.7 
678.53 -1.00 -1.00 0 83.7 
678.77 -1.00 -1.00 0 82.5 
679.02 -1.00 -1.00 0 82.5 
679.27 -1.00 -1.00 0 82.5 
679.53 -1.00 -1.00 0 82.5 
679.77 -1.00 -1.00 0 81.3 
680.03 -1.00 -1.00 0 81.3 
680.22 -1.00 -1.00 0 81.3 
680.51 -1.00 -1.00 1 81.3 
680.74 -1.00 -1.00 1 80.3 
680.90 -1.00 -1.00 1 80.3 
681.14 -1.00 -1.00 1 80.3 
681.39 -1.00 -1.00 1 80.3 
681.58 -1.00 -1.00 1 80.0 
681.79 -1.00 -1.00 1 80.0 
682.02 -1.00 -1.00 1 80.0 
682.19 -1.00 -1.00 1 80.0 
682.44 -1.00 -1.00 1 80.0 
682.66 -1.00 -1.00 1 78.6 
682.82 -1.00 -1.00 1 78.6 
683.00 -1.00 -1.00 1 78.6 
683.16 -1.00 -1.00 1 78.6 
683.44 -1.00 -1.00 1 78.6 
683.64 -1.00 -1.00 1 78.2 
683.80 -1.00 -1.00 1 78.2 
684.22 -1.00 -1.00 0 78.2 
684.46 -1.00 -1.00 0 78.2 
684.68 -1.00 -1.00 0 76.6 
684.86 -1.00 -1.00 0 76.6 
685.11 -1.00 -1.00 0 76.6 
685.31 -1.00 -1.00 0 76.6 
685.56 -1.00 -1.00 0 75.6 
685.77 -1.00 -1.00 0 75.6 
686.00 -1.00 -1.00 0 75.6 
686.20 -1.00 -1.00 0 75.6 
686.48 -1.00 -1.00 0 75.6 
686.74 -1.00 -1.00 0 73.1 
686.97 -1.00 -1.00 0 73.1 
687.21 -1.00 -1.00 0 73.1 
687.47 -1.00 -1.00 0 73.1 
687.68 -1.00 -1.00 0 71.2 
687.94 -1.00 -1.00 0 71.2 
688.14 -1.00 -1.00 0 71.2 
688.42 -1.00 -1.00 0 71.2 
688.66 -1.00 -1.00 0 68.7 
688.88 -1.00 -1.00 0 68.7 
689.09 -1.00 -1.00 0 68.7 
689.38 -1.00 -1.00 0 68.7 
689.62 -1.00 -1.00 0 66.2 
689.82 -1.00 -1.00 0 66.2 
689.98 -1.00 -1.00 0 66.2 
690.22 -1.00 -1.00 0 66.2 
690.44 -1.00 -1.00 0 66.2 
690.68 -1.00 -1.00 0 62.8 
690.84 -1.00 -1.00 0 62.8 
691.08 -1.00 -1.00 0 62.8 
691.27 -1.00 -1.00 0 62.8 
691.55 -1.00 -1.00 0 62.8 
691.74 -1.00 -1.00 0 57.8 
691.95 -1.00 -1.00 0 57.8 
692.14 -1.00 -1.00 0 57.8 
692.43 -1.00 -1.00 0 57.8 
692.62 -1.00 -1.00 0 50.4 
692.85 -1.00 -1.00 0 50.4 
693.04 -1.00 -1.00 0 50.4 
