14.90 69.4 40.584476 -3.555156 613.7 3 5 88.9 1.055 0 0 0 
15.86 72.8 40.584476 -3.554925 614.2 3 5 90.4 2.461 0 0 0 
16.86 76.4 40.584476 -3.554680 615.0 3 5 92.8 3.867 0 0 0 
17.88 78.9 40.584484 -3.554451 616.1 3 5 93.9 3.516 0 0 0 
18.89 81.9 40.584465 -3.554186 616.4 3 5 96.7 3.867 0 0 0 
19.88 78.6 40.584438 -3.553921 616.1 3 5 96.7 2.812 0 0 0 
20.96 79.7 40.584412 -3.553666 616.4 3 5 97.7 1.055 0 0 0 
21.86 80.0 40.584385 -3.553408 617.2 3 5 98.4 1.758 0 0 0 
22.89 79.2 40.584358 -3.553144 616.8 3 5 98.4 0.703 0 0 0 
23.90 78.3 40.584324 -3.552888 616.4 3 5 99.8 1.406 0 0 0 
24.92 78.1 40.584286 -3.552629 616.6 3 5 101.2 2.812 0 0 0 
25.92 79.3 40.584240 -3.552377 616.9 3 5 102.7 2.812 0 0 0 
26.86 80.2 40.584190 -3.552124 617.2 4 5 104.1 2.812 0 0 0 
27.93 82.3 40.584137 -3.551871 617.1 4 5 106.9 4.219 0 0 0 
28.96 82.9 40.584072 -3.551613 617.3 4 5 107.2 3.164 0 0 0 
29.87 84.1 40.584011 -3.551358 618.4 4 5 107.9 1.055 0 0 0 
30.87 89.4 40.583931 -3.551089 619.1 4 5 110.4 3.164 0 0 0 
31.86 88.0 40.583851 -3.550815 618.9 3 5 112.1 4.219 0 0 0 
32.89 86.0 40.583767 -3.550541 618.7 3 5 112.9 2.461 0 0 0 
33.89 88.1 40.583679 -3.550279 619.3 3 5 115.0 2.812 0 0 0 
34.86 88.9 40.583584 -3.550018 619.5 3 5 116.4 3.516 0 0 0 
35.90 88.3 40.583481 -3.549761 620.2 3 5 117.8 2.812 0 0 0 
36.87 89.2 40.583374 -3.549507 620.6 3 5 119.5 3.164 0 0 0 
37.89 89.0 40.583260 -3.549247 620.8 3 5 120.9 3.164 0 0 0 
38.86 88.7 40.583134 -3.548993 620.9 3 5 123.0 3.516 0 0 0 
39.86 89.1 40.583019 -3.548746 621.1 3 5 124.5 3.516 0 0 0 
40.88 89.2 40.582882 -3.548514 621.4 3 5 125.5 2.461 0 0 0 
41.95 90.8 40.582745 -3.548282 621.7 3 5 127.6 3.164 0 0 0 
42.86 91.7 40.582600 -3.548043 622.0 3 5 129.0 3.516 0 0 0 
43.87 89.9 40.582458 -3.547811 622.2 3 5 131.5 3.867 0 0 0 
44.87 89.9 40.582306 -3.547600 622.7 3 5 131.8 2.812 0 0 0 
45.88 89.4 40.582153 -3.547381 623.2 3 5 133.2 1.758 0 0 0 
46.91 89.4 40.582001 -3.547174 623.4 3 5 134.3 2.461 0 0 0 
47.87 88.8 40.581841 -3.546969 623.2 3 5 134.6 1.406 0 0 0 
48.86 88.8 40.581692 -3.546757 623.8 3 5 135.0 0.703 0 0 0 
49.87 87.6 40.581532 -3.546552 624.0 3 5 135.4 0.703 0 0 0 
50.87 89.0 40.581371 -3.546346 624.1 3 5 134.6 0.703 0 0 0 
51.87 90.1 40.581219 -3.546145 625.1 3 5 134.3 1.055 0 0 0 
52.87 91.6 40.581059 -3.545930 625.5 3 5 135.0 0.703 0 0 0 
53.92 91.8 40.580894 -3.545714 626.0 3 5 134.3 0.703 0 0 0 
54.87 91.3 40.580738 -3.545499 626.5 3 5 133.6 1.406 0 0 0 
55.94 91.0 40.580582 -3.545275 626.6 3 5 133.2 1.055 0 0 0 
56.89 90.9 40.580429 -3.545055 626.8 3 5 132.5 1.055 0 0 0 
57.87 90.9 40.580280 -3.544828 627.3 3 5 131.8 1.406 0 0 0 
58.87 90.9 40.580120 -3.544599 627.6 3 5 131.5 1.055 0 0 0 
59.88 89.7 40.579971 -3.544372 627.9 3 5 130.1 1.758 0 0 0 
60.90 91.6 40.579834 -3.544149 628.4 3 5 130.1 1.406 0 0 0 
61.92 91.4 40.579685 -3.543917 628.9 3 5 129.7 0.352 0 0 0 
62.91 92.4 40.579533 -3.543684 629.6 3 5 129.0 1.055 0 0 0 
63.86 92.8 40.579388 -3.543436 630.0 3 5 128.0 1.758 0 0 0 
64.87 92.6 40.579247 -3.543191 630.2 3 5 127.3 1.758 0 0 0 
65.88 92.7 40.579109 -3.542942 630.4 3 5 126.2 1.758 0 0 0 
66.88 91.5 40.578976 -3.542691 630.7 3 5 125.5 1.758 0 0 0 
67.88 91.3 40.578842 -3.542446 630.5 3 5 124.8 1.406 0 0 0 
68.87 90.2 40.578716 -3.542203 630.8 3 5 124.1 1.406 0 0 0 
69.88 89.5 40.578583 -3.541947 631.3 3 5 123.4 1.406 0 0 0 
70.94 89.7 40.578461 -3.541702 631.4 3 5 123.0 1.055 0 0 0 
71.89 88.7 40.578346 -3.541457 631.5 3 5 122.7 0.703 0 0 0 
72.88 88.5 40.578220 -3.541214 631.4 3 5 122.3 0.703 0 0 0 
73.88 89.2 40.578106 -3.540966 631.6 3 5 120.6 2.109 0 0 0 
74.88 89.1 40.577995 -3.540712 631.8 3 5 119.5 2.812 0 0 0 
75.89 89.7 40.577881 -3.540458 632.1 3 5 119.5 1.055 0 0 0 
76.94 89.7 40.577778 -3.540195 632.6 3 5 118.5 1.055 0 0 0 
77.90 90.2 40.577675 -3.539934 632.7 3 5 117.8 1.758 0 0 0 
78.92 90.2 40.577568 -3.539680 632.9 3 5 117.1 1.406 0 0 0 
79.89 91.4 40.577465 -3.539419 633.1 3 5 116.7 1.055 0 0 0 
80.89 92.0 40.577366 -3.539151 633.5 3 5 116.0 1.055 0 0 0 
81.86 92.6 40.577267 -3.538874 633.8 3 5 115.0 1.758 0 0 0 
82.88 92.2 40.577171 -3.538594 634.3 3 5 115.0 1.055 0 0 0 
83.86 92.3 40.577076 -3.538320 634.8 3 5 115.0 0 0 0 0 
84.88 93.1 40.576981 -3.538048 635.1 3 5 114.3 0.703 0 0 0 
85.87 92.1 40.576881 -3.537763 635.2 3 5 113.9 1.055 0 0 0 
86.89 92.3 40.576790 -3.537483 635.6 3 5 113.9 0.352 0 0 0 
87.89 91.6 40.576679 -3.537208 635.8 3 5 113.9 0 0 0 0 
88.87 91.8 40.576576 -3.536930 635.8 3 5 114.3 0.352 0 0 0 
89.87 91.9 40.576481 -3.536664 635.7 3 5 113.9 0.352 0 0 0 
90.86 92.2 40.576385 -3.536383 636.6 3 5 113.9 0.352 0 0 0 
91.88 92.7 40.576294 -3.536116 636.8 3 5 115.3 1.406 0 0 0 
92.86 92.6 40.576195 -3.535840 637.9 3 5 115.7 1.758 0 0 0 
93.89 93.4 40.576088 -3.535562 638.3 3 5 116.7 1.406 0 0 0 
94.86 92.5 40.575985 -3.535285 639.1 3 5 116.7 1.055 0 0 0 
95.90 93.7 40.575878 -3.535013 639.4 3 5 118.1 1.406 0 0 0 
96.88 95.0 40.575768 -3.534741 640.6 3 5 119.5 2.812 0 0 0 
97.90 94.5 40.575649 -3.534473 640.9 3 5 120.2 2.109 0 0 0 
98.90 94.6 40.575527 -3.534207 641.6 3 5 121.3 1.758 0 0 0 
99.88 93.3 40.575413 -3.533951 642.3 3 5 121.6 1.406 0 0 0 
100.86 92.3 40.575287 -3.533699 642.9 3 5 122.7 1.406 0 0 0 
101.86 92.4 40.575161 -3.533442 643.5 3 5 122.7 1.055 0 0 0 
102.93 92.8 40.575047 -3.533182 643.8 3 5 122.7 0 0 0 0 
103.91 93.7 40.574924 -3.532915 644.3 3 5 123.0 0.352 0 0 0 
104.87 93.5 40.574802 -3.532659 645.1 3 5 122.3 0.703 0 0 0 
105.87 93.1 40.574677 -3.532400 645.4 3 5 123.8 1.406 0 0 0 
106.89 92.5 40.574547 -3.532148 645.6 3 5 123.4 1.055 0 0 0 
107.87 92.1 40.574425 -3.531887 646.9 3 5 122.3 1.406 0 0 0 
108.91 91.9 40.574295 -3.531616 646.8 3 5 121.3 2.109 0 0 0 
109.87 92.1 40.574169 -3.531352 647.6 3 5 119.9 2.461 0 0 0 
110.87 92.8 40.574055 -3.531086 648.2 3 5 119.5 1.758 1 0 0 
111.86 92.8 40.573944 -3.530819 648.9 3 5 118.8 1.055 0 0 0 
112.86 93.8 40.573826 -3.530558 649.1 3 5 118.8 0.703 0 0 0 
113.92 93.4 40.573715 -3.530291 650.0 3 5 118.1 0.703 0 0 0 
114.87 92.5 40.573601 -3.530035 650.8 3 5 117.4 1.406 0 0 0 
115.91 93.1 40.573490 -3.529763 651.6 3 5 116.4 1.758 0 0 0 
116.87 93.1 40.573391 -3.529493 652.0 3 5 115.0 2.461 0 0 0 
117.87 92.7 40.573299 -3.529213 652.5 3 5 113.9 2.461 0 0 0 
118.87 92.4 40.573204 -3.528935 653.0 3 5 112.9 2.109 0 0 0 
119.87 92.7 40.573116 -3.528655 653.6 3 5 112.1 1.758 1 0 0 
120.91 92.2 40.573029 -3.528373 654.1 3 5 112.1 0.703 0 0 0 
121.97 91.5 40.572941 -3.528096 654.8 3 5 112.5 0.352 0 0 0 
122.96 91.1 40.572857 -3.527824 655.6 3 5 111.4 1.055 0 0 0 
123.87 90.6 40.572773 -3.527547 656.1 3 5 111.1 1.406 1 0 0 
124.88 90.8 40.572689 -3.527272 656.1 3 5 111.1 0.352 0 0 0 
125.86 91.5 40.572609 -3.526987 656.6 3 5 111.8 0.703 0 0 0 
126.92 91.9 40.572529 -3.526700 657.3 3 5 111.4 0.352 0 0 0 
127.90 91.5 40.572445 -3.526424 659.2 3 5 111.1 0.703 0 0 0 
128.88 91.7 40.572361 -3.526151 659.5 3 5 111.4 0.352 0 0 0 
129.86 91.8 40.572273 -3.525877 659.5 3 5 112.5 1.406 0 0 0 
130.90 91.9 40.572182 -3.525594 661.0 3 5 113.9 2.461 0 0 0 
131.88 91.8 40.572086 -3.525326 661.0 3 5 115.3 2.812 0 0 0 
132.89 91.7 40.571991 -3.525052 662.3 3 5 115.7 1.758 0 0 0 
133.89 91.7 40.571892 -3.524781 662.3 3 5 116.7 1.406 0 0 0 
134.94 91.7 40.571777 -3.524533 662.7 3 5 118.5 2.812 0 0 0 
135.86 90.9 40.571667 -3.524271 663.2 3 5 119.5 2.812 0 0 0 
136.97 90.0 40.571556 -3.524012 663.8 3 5 120.6 2.109 0 0 0 
137.86 90.5 40.571438 -3.523763 664.3 3 5 121.6 2.109 0 0 0 
138.96 90.4 40.571323 -3.523514 664.7 3 5 122.7 2.109 0 0 0 
139.91 90.7 40.571201 -3.523257 664.8 3 5 123.8 2.109 0 0 0 
140.90 90.6 40.571075 -3.523006 664.9 3 5 124.8 2.109 0 0 0 
141.88 90.7 40.570942 -3.522765 665.1 3 5 126.6 2.812 0 0 0 
142.89 90.6 40.570805 -3.522528 665.1 3 5 127.6 2.812 0 0 0 
143.88 91.1 40.570667 -3.522286 665.3 3 5 129.0 2.461 0 0 0 
144.97 90.4 40.570526 -3.522058 665.3 3 5 129.7 2.109 0 0 0 
145.88 89.5 40.570381 -3.521830 664.9 3 5 130.4 1.406 0 0 0 
146.88 88.4 40.570240 -3.521606 664.6 3 5 132.2 2.461 0 0 0 
147.89 88.0 40.570091 -3.521395 664.3 3 5 132.9 2.461 0 0 0 
148.89 87.3 40.569946 -3.521203 663.7 3 5 134.6 2.461 0 0 0 
149.87 86.2 40.569790 -3.521000 663.4 3 5 135.7 2.812 0 0 0 
150.89 85.0 40.569626 -3.520805 663.4 3 5 137.5 2.812 0 0 0 
151.90 84.2 40.569469 -3.520624 662.6 3 5 138.5 2.812 0 0 0 
152.87 85.0 40.569313 -3.520445 662.2 3 5 138.5 1.055 0 0 0 
153.86 84.3 40.569153 -3.520266 661.9 3 5 139.9 1.406 0 0 0 
154.86 85.3 40.568985 -3.520086 662.1 3 5 140.6 2.109 0 0 0 
155.87 86.5 40.568817 -3.519911 661.8 3 5 142.0 2.109 0 0 0 
156.86 86.4 40.568642 -3.519738 661.7 3 5 142.7 2.109 0 0 0 
157.89 87.9 40.568462 -3.519576 661.4 3 5 144.1 2.109 0 0 0 
158.86 89.5 40.568279 -3.519416 661.6 3 5 145.5 2.812 0 0 0 
159.87 89.4 40.568100 -3.519252 661.4 3 5 147.0 2.812 0 0 0 
160.86 89.2 40.567909 -3.519088 661.2 3 5 148.0 2.461 0 0 0 
161.87 88.9 40.567719 -3.518934 661.3 3 5 148.7 1.758 0 0 0 
162.87 88.7 40.567528 -3.518782 660.7 3 5 149.8 1.758 0 0 0 
163.86 90.3 40.567329 -3.518629 660.7 3 5 151.2 2.461 0 0 0 
164.86 89.2 40.567131 -3.518481 660.4 3 5 152.2 2.461 0 0 0 
165.89 90.1 40.566929 -3.518339 660.3 3 5 152.2 1.055 0 0 0 
166.95 90.5 40.566727 -3.518221 660.1 3 5 154.7 2.461 0 0 0 
167.87 90.5 40.566517 -3.518101 660.1 3 5 156.1 3.867 0 0 0 
168.87 90.6 40.566299 -3.517978 660.1 3 5 156.8 2.109 0 0 0 
169.96 90.3 40.566086 -3.517870 659.9 3 5 158.2 2.109 0 0 0 
170.87 89.0 40.565876 -3.517769 660.2 3 5 159.6 2.812 0 0 0 
171.90 87.1 40.565674 -3.517671 660.0 3 5 160.3 2.109 0 0 0 
172.89 86.8 40.565464 -3.517567 660.0 3 5 161.7 2.109 0 0 0 
173.87 87.6 40.565247 -3.517471 659.9 3 5 162.4 2.109 0 0 0 
174.92 88.4 40.565044 -3.517395 660.1 3 5 163.5 1.758 0 0 0 
175.89 87.7 40.564835 -3.517321 660.9 3 5 164.5 2.109 0 0 0 
176.88 84.9 40.564629 -3.517253 661.4 3 5 166.3 2.812 0 0 0 
177.88 83.7 40.564419 -3.517192 662.2 3 5 167.0 2.461 0 0 0 
178.87 83.3 40.564213 -3.517124 663.7 3 5 168.0 1.758 0 0 0 
179.87 81.8 40.564011 -3.517071 663.9 3 5 169.5 2.461 0 0 0 
180.87 82.2 40.563812 -3.517033 663.7 3 5 171.6 3.516 2 0 0 
181.88 82.3 40.563599 -3.517007 664.3 3 5 173.7 4.219 0 0 0 
182.89 83.1 40.563389 -3.516983 665.5 3 5 175.4 3.867 0 0 0 
183.88 84.1 40.563187 -3.516963 666.1 3 5 175.1 1.406 0 0 0 
184.89 82.5 40.562981 -3.516936 667.0 3 5 173.7 1.758 0 0 0 
185.87 80.8 40.562778 -3.516906 667.9 3 5 173.7 1.406 0 0 0 
186.87 77.4 40.562603 -3.516881 668.5 3 5 174.0 0.352 0 0 0 
187.89 76.7 40.562401 -3.516856 669.2 3 5 173.3 0.703 1 0 0 
188.87 79.5 40.562195 -3.516813 670.2 3 5 173.7 0.352 0 0 0 
189.89 80.9 40.561989 -3.516785 671.0 3 5 173.3 0.352 0 0 0 
190.88 83.2 40.561779 -3.516758 671.6 3 5 173.0 0.703 0 0 0 
191.86 84.5 40.561573 -3.516719 672.8 3 5 170.2 3.164 0 0 0 
192.88 85.1 40.561375 -3.516662 674.0 3 5 168.0 4.922 0 0 0 
193.88 85.1 40.561169 -3.516604 676.0 3 5 165.9 4.219 0 0 0 
194.88 86.5 40.560955 -3.516525 676.0 3 5 163.8 4.219 0 0 0 
195.86 87.2 40.560760 -3.516448 676.2 3 5 162.4 3.516 0 0 0 
196.86 88.3 40.560547 -3.516354 676.7 3 5 160.7 3.164 0 0 0 
197.88 90.0 40.560337 -3.516243 677.7 3 5 157.9 4.570 0 0 0 
198.92 90.9 40.560135 -3.516124 678.9 3 5 155.7 4.922 0 0 0 
199.89 91.5 40.559925 -3.515993 679.8 3 5 153.6 4.219 0 0 0 
200.90 92.5 40.559723 -3.515847 680.7 3 5 150.8 4.922 1 0 0 
201.86 91.4 40.559528 -3.515682 681.6 3 5 149.1 4.570 0 0 0 
202.95 90.7 40.559330 -3.515519 682.3 4 5 145.9 4.922 0 0 0 
203.89 89.5 40.559147 -3.515346 683.1 4 5 144.1 4.922 0 0 0 
204.86 88.4 40.558968 -3.515173 683.5 4 5 142.4 3.516 0 0 0 
205.89 88.5 40.558792 -3.514994 684.1 4 5 141.0 3.164 0 0 0 
206.89 88.6 40.558628 -3.514811 684.6 4 5 138.2 4.219 0 0 0 
207.86 88.8 40.558464 -3.514611 685.5 3 5 136.1 4.922 0 0 0 
208.87 88.2 40.558308 -3.514410 686.1 3 5 133.9 4.219 0 0 0 
209.92 88.0 40.558159 -3.514205 687.0 3 5 131.5 4.570 0 0 0 
210.87 88.2 40.558018 -3.513984 688.0 3 5 129.7 4.219 0 0 0 
211.86 87.5 40.557880 -3.513764 688.8 3 5 127.6 3.867 0 0 0 
212.86 87.8 40.557747 -3.513532 690.3 3 5 125.2 4.570 0 0 0 
213.89 87.0 40.557632 -3.513294 691.2 3 5 123.0 4.570 0 0 0 
214.86 87.6 40.557522 -3.513052 692.8 3 5 120.6 4.570 0 0 0 
215.90 88.1 40.557419 -3.512800 693.6 3 5 118.5 4.570 1 0 0 
216.89 88.4 40.557316 -3.512544 694.6 3 5 117.4 3.164 1 0 0 
217.87 88.4 40.557217 -3.512285 695.9 3 5 115.3 3.164 0 0 0 
218.87 89.0 40.557129 -3.512017 697.2 3 5 113.2 4.219 0 0 0 
219.87 88.0 40.557049 -3.511741 698.3 3 5 110.4 4.922 0 0 0 
220.86 89.4 40.556984 -3.511462 699.2 3 5 108.3 4.922 0 0 0 
221.87 89.1 40.556919 -3.511182 699.8 3 5 106.2 4.219 0 0 0 
222.86 89.6 40.556858 -3.510899 701.2 3 5 104.4 3.867 0 0 0 
223.86 90.9 40.556808 -3.510610 702.6 3 5 102.0 4.219 0 0 0 
224.88 90.1 40.556763 -3.510323 703.5 3 5 99.8 4.570 0 0 0 
225.87 90.1 40.556725 -3.510032 704.9 3 5 99.8 2.109 0 0 0 
226.87 90.8 40.556713 -3.509736 706.0 3 5 94.9 4.922 0 0 0 
227.87 90.5 40.556694 -3.509439 706.8 3 5 93.5 6.328 0 0 0 
228.87 91.3 40.556683 -3.509134 708.1 3 5 91.4 3.516 0 0 0 
229.88 91.2 40.556686 -3.508837 708.9 3 5 89.3 4.219 0 0 0 
230.88 92.4 40.556679 -3.508535 710.0 3 5 90.4 1.055 0 0 0 
231.87 91.1 40.556694 -3.508238 711.1 3 5 87.5 2.812 0 0 0 
232.88 91.1 40.556702 -3.507941 712.0 3 5 87.9 2.461 0 0 0 
233.88 90.5 40.556713 -3.507646 713.3 3 5 87.2 0.703 0 0 0 
234.88 89.7 40.556721 -3.507355 714.4 3 5 87.5 0.352 0 0 0 
235.89 91.0 40.556705 -3.507045 715.2 3 5 90.4 3.164 0 0 0 
236.89 90.9 40.556694 -3.506745 716.6 3 5 92.5 4.922 0 0 0 
237.89 90.7 40.556675 -3.506450 717.6 3 5 94.2 3.867 0 0 0 
238.91 90.3 40.556644 -3.506146 718.6 3 5 96.0 3.516 0 0 0 
239.89 90.0 40.556610 -3.505852 719.9 3 5 98.1 3.867 0 0 0 
240.88 89.8 40.556572 -3.505560 721.0 3 5 100.2 4.219 0 0 0 
241.88 89.6 40.556530 -3.505270 722.0 3 5 101.2 3.164 0 0 0 
242.88 89.3 40.556480 -3.504985 723.0 3 5 103.0 2.812 0 0 0 
243.88 89.6 40.556412 -3.504696 723.8 3 5 105.1 3.867 0 0 0 
244.89 89.6 40.556347 -3.504418 724.9 3 5 107.2 4.219 0 0 0 
245.90 91.3 40.556271 -3.504132 726.3 3 5 109.7 4.570 0 0 0 
246.89 91.9 40.556179 -3.503853 727.3 3 5 111.8 4.570 0 0 0 
247.87 92.5 40.556087 -3.503573 729.7 3 5 113.9 4.219 0 0 0 
248.89 92.7 40.555988 -3.503299 730.9 3 5 115.3 3.516 0 0 0 
249.92 93.6 40.555878 -3.503026 732.0 3 5 117.4 3.516 0 0 0 
250.89 94.0 40.555763 -3.502757 732.8 3 5 119.5 4.219 0 0 0 
251.89 94.2 40.555637 -3.502496 734.8 3 5 121.6 4.219 0 0 0 
252.89 93.8 40.555504 -3.502239 735.6 3 5 123.8 4.219 0 0 0 
253.89 91.9 40.555378 -3.501990 736.4 3 5 124.8 3.164 0 0 0 
254.92 91.6 40.555241 -3.501749 737.6 3 5 125.5 1.758 0 0 0 
255.91 92.0 40.555107 -3.501505 739.1 3 5 125.5 0.703 0 0 0 
256.91 92.2 40.554977 -3.501247 740.4 3 5 123.8 1.758 2 0 0 
257.88 92.5 40.554859 -3.500988 741.6 3 5 121.3 4.219 0 0 0 
258.91 92.6 40.554756 -3.500721 742.3 3 5 117.4 6.328 0 0 0 
259.88 93.3 40.554668 -3.500440 743.7 3 5 113.2 8.086 1 0 0 
260.89 94.2 40.554596 -3.500146 744.8 3 5 107.6 9.844 1 0 0 
261.88 92.9 40.554543 -3.499848 745.5 3 5 104.8 8.438 0 0 0 
262.90 93.9 40.554478 -3.499553 745.9 3 5 105.1 2.461 0 0 0 
263.89 93.4 40.554417 -3.499250 746.6 3 5 106.2 1.406 0 0 0 
264.90 93.1 40.554359 -3.498951 746.4 3 5 105.1 1.055 0 0 0 
265.92 93.7 40.554302 -3.498675 746.5 3 5 102.7 3.516 0 0 0 
266.87 94.5 40.554249 -3.498368 746.5 3 5 100.2 4.922 0 0 0 
267.88 93.5 40.554214 -3.498061 746.4 3 5 97.0 5.625 0 0 0 
268.88 93.2 40.554192 -3.497754 746.3 3 5 94.6 5.625 0 0 0 
269.87 92.4 40.554176 -3.497447 746.0 3 5 92.1 4.922 0 0 0 
270.87 92.1 40.554169 -3.497141 745.8 3 5 90.4 4.219 0 0 0 
271.89 92.2 40.554184 -3.496823 745.7 3 5 88.6 3.516 0 0 0 
272.88 93.0 40.554195 -3.496520 745.7 3 5 84.7 5.625 0 0 0 
273.88 93.8 40.554230 -3.496220 745.5 4 5 81.9 6.680 0 0 0 
274.88 94.6 40.554272 -3.495909 745.4 4 5 80.5 4.219 0 0 0 
275.88 94.7 40.554321 -3.495603 745.5 4 5 77.7 4.219 0 0 0 
276.87 95.7 40.554375 -3.495302 745.2 4 5 75.6 4.922 0 0 0 
277.87 97.5 40.554447 -3.495004 745.2 4 5 73.1 4.570 0 0 0 
278.87 97.6 40.554535 -3.494718 745.0 4 5 69.6 5.977 0 0 0 
279.94 98.9 40.554626 -3.494419 744.7 4 5 67.1 5.977 0 0 0 
280.88 98.8 40.554737 -3.494137 744.7 4 5 65.0 4.570 0 0 0 
281.88 98.0 40.554829 -3.493848 744.6 4 5 63.6 3.516 0 0 0 
282.90 96.4 40.554943 -3.493561 744.1 4 5 62.2 2.812 0 0 0 
283.88 95.8 40.555050 -3.493275 743.6 4 5 62.9 0.703 0 0 0 
284.88 94.3 40.555157 -3.492998 743.1 4 5 63.3 1.055 0 0 0 
285.87 93.2 40.555252 -3.492720 742.9 4 5 65.0 2.109 0 0 0 
286.89 92.3 40.555347 -3.492433 742.5 3 5 66.8 3.516 1 0 0 
287.87 92.9 40.555435 -3.492148 742.2 3 5 68.2 3.164 1 0 0 
288.88 94.5 40.555515 -3.491859 742.3 3 5 70.3 3.516 1 1 0 
289.89 96.9 40.555588 -3.491561 742.4 3 5 72.8 4.570 1 1 0 
290.88 97.7 40.555656 -3.491253 742.3 4 5 74.9 4.570 1 1 0 
291.88 98.4 40.555710 -3.490933 742.2 4 5 77.0 4.219 2 1 0 
292.88 97.2 40.555737 -3.490607 741.8 4 5 79.1 4.219 0 1 0 
293.94 95.9 40.555786 -3.490304 741.2 4 5 80.9 3.867 0 1 0 
294.88 96.0 40.555817 -3.489985 741.3 4 5 83.3 4.219 0 1 0 
295.88 93.7 40.555843 -3.489678 741.2 4 5 84.7 3.867 0 1 0 
296.90 92.8 40.555855 -3.489368 740.9 4 5 87.9 4.570 0 1 0 
297.90 92.8 40.555855 -3.489064 740.5 4 5 89.6 4.922 0 1 0 
298.89 95.4 40.555851 -3.488758 740.2 3 5 92.1 4.219 0 1 0 
299.88 95.7 40.555840 -3.488454 739.8 3 5 93.5 3.867 0 1 0 
300.88 95.9 40.555824 -3.488145 739.1 3 5 95.3 3.164 0 1 0 
301.89 95.3 40.555798 -3.487827 739.2 3 5 96.7 3.164 0 1 0 
302.89 95.1 40.555767 -3.487520 739.3 3 5 98.1 2.812 0 1 0 
303.88 93.6 40.555733 -3.487217 738.5 4 5 98.8 2.109 0 1 0 
304.96 94.0 40.555691 -3.486912 738.1 4 5 100.2 2.109 0 1 0 
305.95 94.1 40.555653 -3.486605 738.2 4 5 101.2 2.461 0 1 0 
306.93 94.4 40.555611 -3.486295 738.2 4 5 102.0 1.758 0 1 0 
307.90 95.0 40.555573 -3.486007 738.1 4 5 103.4 2.109 0 1 0 
309.01 95.1 40.555515 -3.485706 737.9 4 5 104.8 2.812 0 1 0 
309.99 95.3 40.555458 -3.485402 737.3 3 5 105.8 2.461 0 1 0 
310.89 94.2 40.555389 -3.485101 737.3 4 5 106.9 2.109 0 1 0 
311.90 93.5 40.555317 -3.484809 736.9 4 5 107.9 2.109 1 1 0 
312.87 94.0 40.555248 -3.484511 736.7 4 5 108.6 1.758 1 2 0 
313.89 94.1 40.555172 -3.484219 736.5 3 5 109.7 1.758 0 2 0 
314.89 93.8 40.555088 -3.483941 736.3 4 5 110.0 1.406 0 2 0 
315.89 94.6 40.555008 -3.483651 736.3 3 5 111.8 2.109 0 2 0 
316.89 94.5 40.554920 -3.483361 736.1 3 5 112.9 2.812 0 2 0 
317.92 94.2 40.554813 -3.483062 735.8 3 5 113.9 2.109 0 1 0 
318.92 94.0 40.554722 -3.482790 735.3 3 5 114.6 1.758 0 1 0 
319.89 94.8 40.554623 -3.482511 735.1 3 5 116.0 2.109 0 1 0 
320.92 93.3 40.554520 -3.482239 734.9 3 5 116.7 2.109 0 1 0 
321.87 94.1 40.554409 -3.481973 734.5 3 5 118.5 2.461 0 1 0 
322.88 93.8 40.554295 -3.481698 733.9 3 5 119.5 2.812 0 1 0 
323.88 93.2 40.554176 -3.481434 733.8 3 5 120.6 2.109 0 1 0 
324.89 93.1 40.554047 -3.481159 732.8 3 5 121.6 2.109 0 1 0 
325.87 93.2 40.553925 -3.480900 732.9 3 5 123.0 2.461 0 1 0 
326.91 93.7 40.553795 -3.480638 732.4 3 5 123.8 2.109 0 1 0 
327.91 93.5 40.553650 -3.480401 732.0 3 5 124.8 1.758 0 1 0 
328.88 92.8 40.553516 -3.480149 731.6 3 5 125.9 2.109 0 1 0 
329.94 93.6 40.553383 -3.479897 731.2 3 5 126.6 1.758 0 1 0 
330.87 93.5 40.553234 -3.479663 730.2 3 5 127.6 1.758 0 1 0 
331.88 96.3 40.553085 -3.479419 729.6 3 5 129.7 3.164 0 1 0 
332.87 95.1 40.552937 -3.479174 728.8 3 5 129.4 1.758 0 1 0 
333.99 96.7 40.552773 -3.478937 728.3 3 5 131.1 1.758 0 1 0 
334.87 94.6 40.552616 -3.478701 727.5 3 5 132.2 2.812 0 1 0 
335.87 93.8 40.552460 -3.478478 727.0 3 5 132.9 1.758 0 1 0 
336.87 94.9 40.552299 -3.478249 726.1 3 5 133.9 1.758 0 1 0 
337.87 93.6 40.552151 -3.478056 725.3 3 5 135.0 2.109 0 1 0 
338.87 95.3 40.551979 -3.477835 724.5 3 5 136.8 2.812 0 1 0 
339.89 94.7 40.551807 -3.477631 723.7 3 5 137.5 2.461 0 1 0 
340.91 94.9 40.551624 -3.477424 722.8 3 5 138.9 2.109 0 1 0 
341.88 95.9 40.551445 -3.477216 722.1 3 5 139.6 2.109 0 1 0 
342.88 96.0 40.551262 -3.477010 721.6 3 5 141.0 2.109 0 1 0 
343.89 96.1 40.551075 -3.476809 720.6 3 5 142.4 2.812 0 1 0 
344.88 96.2 40.550880 -3.476614 719.8 3 5 143.1 2.109 0 1 0 
345.88 95.6 40.550694 -3.476429 718.6 3 5 144.1 1.758 0 1 0 
346.88 95.0 40.550491 -3.476239 717.4 3 5 145.2 2.109 0 1 0 
347.92 94.8 40.550293 -3.476042 716.1 4 5 146.2 2.109 0 1 0 
348.88 94.7 40.550102 -3.475875 715.5 3 5 147.0 1.758 0 1 0 
349.95 93.9 40.549900 -3.475715 714.7 3 5 148.4 2.109 0 1 0 
350.88 93.2 40.549702 -3.475563 713.9 3 5 149.8 2.812 0 0 0 
351.88 92.1 40.549503 -3.475420 713.4 3 5 150.5 2.109 0 0 0 
352.88 92.0 40.549297 -3.475266 712.3 3 5 150.5 0.703 0 0 0 
353.90 91.8 40.549095 -3.475129 711.5 3 5 151.9 1.406 0 0 0 
354.89 91.8 40.548885 -3.474988 710.5 3 5 153.3 2.812 0 0 0 
355.94 90.7 40.548676 -3.474860 709.9 4 5 154.7 2.812 0 0 0 
356.89 90.5 40.548470 -3.474741 709.0 4 5 155.7 2.461 0 0 0 
357.93 89.7 40.548267 -3.474623 708.0 3 5 157.1 2.461 0 0 0 
358.90 90.2 40.548058 -3.474506 707.4 3 5 157.9 2.109 0 0 0 
359.96 90.8 40.547855 -3.474392 706.4 3 5 158.6 1.406 0 0 0 
360.95 91.5 40.547646 -3.474285 705.8 3 5 160.0 2.109 0 0 0 
361.89 92.2 40.547428 -3.474188 705.0 3 5 160.7 2.109 0 0 0 
362.88 92.5 40.547211 -3.474092 704.1 4 5 162.1 2.109 0 0 0 
363.88 93.1 40.546986 -3.474004 703.0 3 5 162.8 2.109 0 0 0 
364.92 92.3 40.546761 -3.473911 702.3 3 5 163.5 1.406 0 0 0 
365.88 92.2 40.546539 -3.473832 701.7 3 5 163.8 1.055 0 0 0 
366.90 92.9 40.546318 -3.473749 700.8 4 5 164.5 1.055 0 0 0 
367.91 92.6 40.546089 -3.473672 700.1 4 5 164.5 0.703 0 0 0 
368.89 92.5 40.545864 -3.473598 699.2 4 5 164.9 0.352 0 0 0 
369.89 92.7 40.545635 -3.473519 698.3 4 5 165.2 0.703 0 0 0 
370.89 92.8 40.545406 -3.473443 697.7 3 5 164.9 0.352 0 0 0 
371.90 92.9 40.545181 -3.473366 696.9 3 5 166.3 1.406 0 0 0 
372.90 93.6 40.544956 -3.473297 695.9 3 5 165.9 1.055 0 0 0 
373.91 92.5 40.544727 -3.473222 695.1 4 5 165.9 0.352 0 0 0 
374.92 91.8 40.544502 -3.473142 694.1 3 5 165.6 0.352 0 0 0 
376.00 91.6 40.544281 -3.473069 693.1 3 5 165.6 0.352 0 0 0 
376.92 91.4 40.544060 -3.472996 692.1 3 5 165.9 0.352 0 0 0 
377.90 91.5 40.543839 -3.472922 691.4 3 5 165.9 0.352 0 0 0 
378.94 91.7 40.543613 -3.472851 690.5 3 5 165.9 0 0 0 0 
379.88 91.4 40.543385 -3.472778 689.8 3 5 165.9 0 0 0 0 
380.87 93.0 40.543159 -3.472698 689.3 3 5 165.6 0.352 0 0 0 
381.90 93.7 40.542934 -3.472624 688.6 3 5 165.9 0.352 0 0 0 
382.87 91.4 40.542706 -3.472546 687.9 3 5 165.6 0.352 0 0 0 
383.90 92.6 40.542480 -3.472476 686.7 3 5 166.3 0.703 0 0 0 
384.98 92.8 40.542259 -3.472403 685.9 3 5 165.6 0.703 0 0 0 
385.89 93.5 40.542034 -3.472323 685.2 3 5 165.6 0.703 0 0 0 
386.87 93.7 40.541809 -3.472250 684.7 3 5 165.9 0.352 0 0 0 
387.90 93.2 40.541576 -3.472170 684.1 3 5 165.6 0.352 0 0 0 
388.88 91.9 40.541359 -3.472097 683.5 3 5 165.9 0.352 0 0 0 
389.93 90.7 40.541142 -3.472032 682.8 3 5 165.9 0.352 0 0 0 
390.92 89.5 40.540920 -3.471956 682.5 3 5 165.6 0.352 0 0 0 
391.87 88.7 40.540710 -3.471885 681.8 3 5 165.6 0.352 0 0 0 
392.88 88.6 40.540497 -3.471800 681.0 3 5 166.6 1.055 0 0 0 
393.92 89.3 40.540279 -3.471731 680.6 3 5 165.2 1.406 0 0 0 
394.87 90.5 40.540070 -3.471663 680.3 3 5 165.6 1.055 0 0 0 
395.88 91.0 40.539841 -3.471596 679.5 3 5 165.6 0.352 0 0 0 
396.87 91.9 40.539619 -3.471519 679.5 3 5 165.6 0 0 0 0 
397.87 91.9 40.539398 -3.471444 678.9 3 5 165.6 0 0 0 0 
398.87 91.2 40.539169 -3.471374 678.4 3 5 165.9 0.352 0 0 0 
399.95 90.2 40.538948 -3.471305 678.2 3 5 166.3 0.703 0 0 0 
400.88 90.5 40.538727 -3.471235 677.7 3 5 166.3 0.352 0 0 0 
401.87 90.1 40.538509 -3.471164 677.4 3 5 166.6 0.352 0 0 0 
402.88 90.5 40.538284 -3.471090 677.2 3 5 165.9 0.703 0 0 0 
403.94 89.6 40.538067 -3.471014 676.5 3 5 165.9 0.703 0 0 0 
404.90 89.8 40.537853 -3.470938 676.1 3 5 165.6 0.352 0 0 0 
406.00 88.6 40.537651 -3.470866 675.5 3 5 165.6 0.352 0 0 0 
406.88 87.6 40.537437 -3.470800 675.2 3 5 165.2 0.352 0 0 0 
407.88 86.8 40.537228 -3.470731 674.7 3 5 164.5 1.055 0 0 0 
408.89 87.7 40.537025 -3.470645 674.3 3 5 163.5 1.758 1 0 0 
409.89 87.5 40.536812 -3.470550 674.1 3 5 162.1 2.461 1 0 0 
410.91 87.8 40.536591 -3.470455 673.6 3 5 160.0 3.516 1 0 0 
411.88 88.9 40.536392 -3.470349 673.1 3 5 156.8 5.273 1 0 0 
412.91 89.4 40.536194 -3.470226 672.9 3 5 154.3 5.625 1 0 0 
413.92 89.0 40.535988 -3.470091 672.6 3 5 151.5 5.273 1 1 0 
414.88 88.6 40.535789 -3.469950 671.8 3 5 148.7 5.625 0 1 0 
415.88 88.1 40.535603 -3.469793 671.4 3 5 145.5 5.977 1 1 0 
416.88 88.4 40.535427 -3.469619 670.7 3 5 143.1 5.625 0 1 0 
417.90 88.6 40.535248 -3.469438 670.6 3 5 140.3 5.273 0 1 0 
418.89 90.1 40.535084 -3.469241 670.5 3 5 137.1 5.977 0 1 0 
419.88 90.4 40.534924 -3.469031 670.1 3 5 133.9 6.328 0 1 0 
420.91 90.2 40.534771 -3.468812 669.1 3 5 131.5 5.625 0 1 0 
421.88 89.2 40.534630 -3.468584 668.8 3 5 128.7 5.273 0 1 0 
422.90 88.5 40.534492 -3.468353 668.3 3 5 125.9 5.625 0 1 0 
423.90 87.3 40.534370 -3.468118 668.1 3 5 122.3 6.328 2 1 0 
424.89 87.6 40.534264 -3.467880 667.6 3 5 119.9 5.977 1 1 0 
425.90 87.4 40.534172 -3.467644 667.1 3 5 116.7 5.625 1 1 0 
426.89 88.3 40.534092 -3.467388 666.7 3 5 114.3 5.625 1 1 0 
427.94 88.8 40.534004 -3.467117 666.2 3 5 111.4 5.273 0 2 0 
428.88 88.6 40.533924 -3.466842 665.9 3 5 108.6 5.625 0 2 0 
429.99 87.3 40.533863 -3.466563 665.2 3 5 106.2 5.273 0 2 0 
430.90 86.5 40.533817 -3.466283 664.8 3 5 102.7 5.977 0 2 0 
431.89 87.2 40.533764 -3.466004 664.2 3 5 100.2 5.977 0 2 0 
432.89 87.8 40.533730 -3.465723 664.2 3 5 97.7 4.922 0 2 0 
433.88 88.3 40.533703 -3.465432 663.9 3 5 94.6 5.625 0 2 0 
434.90 89.9 40.533688 -3.465138 663.5 3 5 92.8 4.922 0 2 0 
435.89 89.6 40.533680 -3.464842 663.5 3 5 91.1 3.516 0 2 0 
436.93 88.5 40.533680 -3.464545 662.9 3 5 90.4 2.461 0 2 0 
437.87 87.4 40.533680 -3.464256 662.7 3 5 90.0 1.055 0 2 0 
438.87 87.1 40.533680 -3.463966 662.2 3 5 89.6 0.703 0 1 0 
439.90 85.9 40.533684 -3.463681 661.6 3 5 90.0 0.352 0 1 0 
440.87 85.8 40.533695 -3.463401 661.3 3 5 89.6 0.352 0 1 0 
441.90 86.0 40.533695 -3.463122 660.5 3 5 89.6 0.352 0 1 0 
442.89 86.7 40.533695 -3.462840 660.0 3 5 89.6 0 0 1 0 
443.87 87.3 40.533699 -3.462558 659.7 3 5 89.6 0 0 1 0 
444.90 87.2 40.533699 -3.462270 659.5 3 5 89.6 0 0 1 0 
445.87 88.2 40.533703 -3.461985 659.0 3 5 90.4 0.703 0 1 0 
446.87 86.9 40.533703 -3.461698 658.4 3 5 89.6 0.703 0 1 0 
447.87 86.7 40.533710 -3.461417 657.8 3 5 90.0 0.352 0 1 0 
448.87 86.5 40.533710 -3.461141 657.3 3 5 90.4 0.703 0 1 0 
449.89 84.8 40.533710 -3.460852 656.8 3 5 89.6 0.703 0 1 0 
450.89 84.6 40.533714 -3.460573 656.4 3 5 89.3 1.055 0 1 0 
451.87 85.1 40.533726 -3.460289 656.0 3 5 89.6 0.352 0 1 0 
452.91 85.1 40.533730 -3.460009 655.7 3 5 89.6 0.352 0 1 0 
453.95 84.6 40.533730 -3.459732 655.5 3 5 89.6 0 0 1 0 
454.87 83.7 40.533722 -3.459447 655.3 3 5 90.0 0.352 0 1 0 
455.87 84.4 40.533726 -3.459173 654.9 3 5 89.6 0.352 0 1 0 
456.87 86.3 40.533726 -3.458890 655.0 3 5 89.6 0.352 0 1 0 
457.87 87.2 40.533726 -3.458604 654.9 3 5 89.6 0 0 1 0 
458.87 87.9 40.533718 -3.458308 654.9 3 5 89.6 0 0 1 0 
459.89 88.1 40.533710 -3.458013 654.6 3 5 89.6 0 0 1 0 
460.89 87.7 40.533710 -3.457728 654.7 3 5 89.6 0 0 1 0 
461.88 87.4 40.533710 -3.457446 654.4 3 5 90.0 0.352 0 1 0 
462.88 85.5 40.533722 -3.457172 654.3 3 5 88.6 1.406 0 1 0 
463.89 86.7 40.533730 -3.456887 654.5 3 5 89.6 1.055 0 1 0 
464.89 86.9 40.533730 -3.456595 654.9 3 5 89.6 1.055 0 1 0 
465.88 87.9 40.533730 -3.456305 655.0 3 5 90.0 0.352 0 1 0 
466.88 87.9 40.533726 -3.456016 655.4 3 5 89.6 0.352 0 1 0 
467.89 87.7 40.533726 -3.455734 655.5 3 5 89.6 0.352 0 1 0 
468.89 88.0 40.533730 -3.455447 655.6 3 5 90.0 0.352 0 1 0 
469.89 88.5 40.533726 -3.455155 656.2 3 5 89.3 0.703 0 1 0 
470.88 87.2 40.533730 -3.454864 656.7 3 5 89.6 0.352 0 1 0 
471.90 87.1 40.533730 -3.454577 657.1 3 5 89.6 0.352 0 1 0 
472.89 86.8 40.533733 -3.454300 657.6 3 5 89.3 0.352 0 1 0 
473.98 86.8 40.533733 -3.454021 657.8 3 5 89.6 0.352 0 0 0 
474.88 87.2 40.533737 -3.453737 658.0 3 5 89.6 0.352 0 0 0 
475.91 88.3 40.533730 -3.453449 658.4 3 5 90.0 0.352 0 0 0 
476.88 89.4 40.533726 -3.453158 659.1 3 5 90.0 0.352 0 0 0 
477.88 90.4 40.533730 -3.452865 659.8 3 5 90.0 0 0 0 0 
478.88 91.8 40.533730 -3.452572 660.4 3 5 90.0 0 0 0 0 
479.88 92.6 40.533730 -3.452264 661.0 3 5 89.6 0.352 0 0 0 
480.90 93.1 40.533733 -3.451959 661.5 3 5 89.3 0.703 0 0 0 
481.88 93.2 40.533737 -3.451655 661.9 3 5 89.6 0.352 0 0 0 
482.98 90.9 40.533730 -3.451344 662.5 3 5 89.3 0.352 0 0 0 
483.89 89.1 40.533745 -3.451056 662.6 3 5 89.6 0.352 0 0 0 
484.94 87.2 40.533737 -3.450762 662.5 3 5 90.0 0.703 0 0 0 
485.89 85.4 40.533737 -3.450476 662.9 3 5 89.6 0.352 0 0 0 
486.89 84.8 40.533737 -3.450203 663.4 3 5 90.0 0.352 0 0 0 
487.89 85.4 40.533737 -3.449927 664.0 3 5 89.6 0.352 0 0 0 
488.89 87.1 40.533737 -3.449641 664.5 3 5 90.0 0.352 0 0 0 
489.89 88.4 40.533733 -3.449363 665.2 3 5 90.0 0.352 0 0 0 
490.88 90.0 40.533733 -3.449064 665.6 3 5 90.7 0.703 0 0 0 
491.90 91.5 40.533737 -3.448770 666.2 3 5 89.3 1.406 0 0 0 
492.89 91.9 40.533741 -3.448469 667.0 3 5 89.3 1.406 0 0 0 
493.87 92.5 40.533752 -3.448174 667.4 3 5 89.6 0.352 0 0 0 
494.87 90.1 40.533749 -3.447872 667.8 3 5 89.6 0.352 0 0 0 
495.88 89.0 40.533749 -3.447573 668.0 3 5 90.0 0.352 0 0 0 
496.89 86.5 40.533749 -3.447281 668.2 3 5 89.3 0.703 0 0 0 
497.87 87.1 40.533745 -3.446995 668.4 3 5 89.6 0.352 0 0 0 
498.87 88.1 40.533749 -3.446706 669.1 3 5 90.0 0.703 0 0 0 
499.92 90.0 40.533756 -3.446410 669.8 4 5 89.6 0.352 0 0 0 
500.90 88.1 40.533756 -3.446123 669.8 3 5 89.6 0.352 0 0 0 
501.90 86.8 40.533760 -3.445845 670.0 4 5 90.0 0.352 0 0 0 
502.87 84.6 40.533768 -3.445572 670.1 3 5 90.0 0.352 0 0 0 
503.90 82.1 40.533772 -3.445302 670.3 3 5 89.6 0.352 0 0 0 
504.87 81.8 40.533772 -3.445039 670.7 3 5 89.3 0.703 0 0 0 
505.87 81.5 40.533775 -3.444781 670.9 3 5 89.3 0.352 0 0 0 
506.87 82.9 40.533779 -3.444511 671.6 3 5 90.0 0.703 0 0 0 
507.88 84.3 40.533787 -3.444233 672.1 4 5 90.0 0.703 0 0 0 
508.87 84.3 40.533787 -3.443955 672.2 4 5 89.3 0.703 0 0 0 
509.88 85.2 40.533791 -3.443673 672.6 4 5 88.2 1.758 0 0 0 
510.91 85.8 40.533787 -3.443384 672.8 4 5 90.4 2.109 0 0 0 
511.89 86.1 40.533779 -3.443091 673.2 4 5 89.6 1.406 0 0 0 
512.87 82.8 40.533783 -3.442822 673.2 3 5 90.0 0.352 0 0 0 
513.87 80.9 40.533787 -3.442548 673.6 3 5 90.0 0.352 0 0 0 
514.87 78.3 40.533798 -3.442301 674.0 3 5 89.3 0.703 0 0 0 
515.91 77.3 40.533794 -3.442044 673.8 3 5 89.6 0.352 0 0 0 
516.87 76.6 40.533794 -3.441788 673.9 3 5 90.0 0.703 0 0 0 
517.94 77.0 40.533783 -3.441526 674.0 3 5 90.0 0.352 0 0 0 
518.87 78.3 40.533783 -3.441272 674.2 3 5 89.6 0.352 0 0 0 
519.91 80.1 40.533783 -3.441013 674.5 3 5 89.3 0.703 0 0 0 
520.91 79.8 40.533783 -3.440751 674.2 3 5 88.9 0.703 1 0 0 
521.89 79.8 40.533783 -3.440491 674.0 3 5 90.0 1.055 1 0 0 
522.89 81.0 40.533787 -3.440230 673.9 3 5 90.4 1.406 1 0 0 
523.90 83.0 40.533783 -3.439960 673.6 3 5 89.3 1.055 1 0 0 
524.88 83.3 40.533783 -3.439684 673.3 3 5 90.7 1.406 1 0 0 
525.90 82.8 40.533787 -3.439411 672.8 3 5 89.3 1.406 0 0 0 
526.90 82.4 40.533787 -3.439131 672.1 3 5 89.3 1.406 0 0 0 
527.88 82.0 40.533794 -3.438880 671.7 3 5 90.0 0.703 0 0 0 
528.88 82.3 40.533810 -3.438640 670.9 3 5 89.6 0.352 0 0 0 
529.91 81.8 40.533817 -3.438367 669.8 4 5 89.6 0.352 0 0 0 
530.88 84.1 40.533817 -3.438097 668.9 3 5 89.6 0 1 0 0 
531.93 85.3 40.533821 -3.437812 668.0 3 5 90.0 0.352 0 1 0 
532.88 85.5 40.533813 -3.437528 666.6 3 5 90.4 0.703 0 1 0 
533.90 85.9 40.533829 -3.437265 665.7 3 5 90.0 0.352 0 1 0 
534.88 86.1 40.533833 -3.437000 663.9 3 5 90.4 0.352 0 1 0 
535.87 86.3 40.533836 -3.436723 662.6 3 5 89.6 0.703 0 1 0 
536.88 86.4 40.533836 -3.436433 661.1 3 5 89.3 1.055 0 1 0 
537.89 86.6 40.533836 -3.436149 660.2 3 5 89.6 0.352 0 1 0 
538.93 87.0 40.533840 -3.435862 658.8 3 5 90.0 0.703 0 1 0 
539.88 87.7 40.533840 -3.435577 657.9 4 5 90.0 0.352 0 1 0 
540.92 87.0 40.533833 -3.435287 656.4 3 5 90.0 0 0 1 0 
541.87 84.7 40.533833 -3.435005 655.0 3 5 90.4 0.352 0 1 0 
542.89 81.8 40.533833 -3.434734 653.7 3 5 90.7 0.703 0 1 0 
543.87 77.9 40.533833 -3.434469 652.2 3 5 91.1 0.703 0 1 0 
544.89 72.8 40.533833 -3.434238 650.5 3 5 91.8 1.055 0 1 0 
545.89 69.0 40.533825 -3.434005 649.1 3 5 92.5 1.406 0 1 0 
546.89 68.9 40.533821 -3.433773 648.4 3 5 93.2 1.406 0 1 0 
547.89 69.2 40.533806 -3.433545 647.3 3 5 94.6 2.109 0 1 0 
548.90 70.3 40.533787 -3.433320 646.4 3 5 95.3 2.109 0 1 0 
549.88 72.3 40.533768 -3.433082 645.5 3 5 96.3 1.758 0 1 0 
550.95 74.1 40.533737 -3.432845 644.9 3 5 98.1 2.812 0 1 0 
551.87 75.3 40.533707 -3.432600 643.4 3 5 99.5 3.164 1 1 0 
552.92 76.4 40.533672 -3.432351 642.6 3 5 100.9 2.812 2 1 0 
553.89 76.4 40.533638 -3.432105 641.6 3 5 100.9 1.406 2 1 0 
554.90 80.2 40.533592 -3.431839 640.9 3 5 102.7 1.758 1 1 0 
555.94 80.4 40.533546 -3.431580 639.6 3 5 103.7 2.812 1 1 0 
556.90 81.4 40.533489 -3.431326 638.6 3 5 105.8 3.164 1 2 0 
557.89 82.6 40.533424 -3.431067 637.6 3 5 106.9 3.164 1 2 0 
558.88 84.1 40.533360 -3.430804 636.9 3 5 108.6 2.812 1 2 0 
559.88 83.6 40.533291 -3.430548 635.5 3 5 109.3 2.461 0 2 0 
560.89 84.7 40.533211 -3.430285 634.5 3 5 110.7 2.109 0 2 0 
561.90 85.0 40.533127 -3.430023 633.2 3 5 112.5 3.164 0 2 0 
562.98 85.2 40.533039 -3.429765 632.1 3 5 114.3 3.516 0 2 0 
563.90 85.1 40.532948 -3.429509 630.8 3 5 115.7 3.164 0 2 0 
564.91 85.9 40.532848 -3.429255 629.8 3 5 117.4 3.164 0 2 0 
565.88 86.2 40.532742 -3.429009 628.4 3 5 118.5 2.812 0 2 0 
566.87 86.5 40.532635 -3.428763 627.0 3 5 119.9 2.461 0 2 0 
567.87 86.5 40.532520 -3.428520 626.0 3 5 122.0 3.516 0 2 0 
568.87 86.8 40.532394 -3.428281 625.1 3 5 123.8 3.867 0 2 0 
569.90 86.8 40.532272 -3.428042 624.0 3 5 124.8 2.812 0 2 0 
570.87 86.6 40.532139 -3.427810 623.3 3 5 126.2 2.461 0 2 0 
571.88 87.4 40.532001 -3.427585 622.4 3 5 128.0 3.164 0 2 0 
572.88 88.4 40.531864 -3.427362 622.1 3 5 129.4 3.164 0 2 0 
573.88 90.1 40.531715 -3.427139 621.6 3 5 131.1 3.164 0 2 0 
574.90 90.4 40.531559 -3.426921 621.5 3 5 132.9 3.516 0 2 0 
576.00 90.3 40.531399 -3.426709 621.0 3 5 134.3 3.164 0 2 0 
576.87 90.0 40.531239 -3.426509 621.1 3 5 136.4 3.516 0 2 0 
577.95 89.9 40.531067 -3.426309 621.1 3 5 137.8 3.516 0 2 0 
578.87 89.0 40.530903 -3.426115 621.8 3 5 139.6 3.164 0 2 0 
579.87 86.8 40.530731 -3.425926 622.0 3 5 141.3 3.516 0 2 0 
580.93 84.5 40.530563 -3.425752 622.1 3 5 143.1 3.516 0 2 0 
581.95 82.5 40.530399 -3.425596 622.3 3 5 144.5 3.164 0 2 0 
582.92 80.6 40.530231 -3.425440 622.6 3 5 145.9 2.812 0 2 0 
583.88 78.9 40.530067 -3.425303 622.7 3 5 147.0 2.461 0 2 0 
584.88 77.1 40.529896 -3.425169 623.2 3 5 148.7 2.812 0 1 0 
585.89 75.0 40.529728 -3.425036 623.2 3 5 149.8 2.812 0 1 0 
586.88 72.6 40.529572 -3.424917 623.4 3 5 150.8 2.109 0 1 0 
587.89 72.1 40.529415 -3.424801 623.6 3 5 151.9 2.109 0 1 0 
588.87 69.2 40.529266 -3.424701 623.9 3 5 153.3 2.461 0 1 0 
589.97 68.8 40.529106 -3.424592 624.2 3 5 152.9 1.055 1 1 0 
590.89 69.2 40.528954 -3.424499 624.7 3 5 152.9 0.352 1 1 0 
591.87 69.2 40.528797 -3.424392 624.9 3 5 152.9 0 0 1 0 
592.89 68.8 40.528641 -3.424289 625.3 3 5 153.3 0.352 0 1 0 
593.88 69.1 40.528484 -3.424183 625.7 3 5 153.3 0.352 0 1 0 
594.88 69.4 40.528332 -3.424083 626.0 3 5 153.6 0.352 0 1 0 
595.88 71.2 40.528183 -3.423978 626.2 3 5 152.9 0.703 0 1 0 
596.86 71.5 40.528027 -3.423874 626.8 3 5 151.5 2.109 0 1 0 
597.88 72.7 40.527859 -3.423764 627.1 3 5 150.8 2.109 0 1 0 
598.91 74.6 40.527699 -3.423648 627.6 3 5 149.1 2.461 0 1 0 
599.88 76.0 40.527531 -3.423522 628.0 3 5 147.3 3.516 0 1 0 
600.89 76.1 40.527367 -3.423381 628.4 3 5 145.5 3.516 0 1 0 
601.90 76.1 40.527206 -3.423232 628.8 3 5 144.1 3.164 0 1 0 
602.90 76.1 40.527054 -3.423084 629.3 3 5 142.0 3.516 0 1 0 
603.89 76.7 40.526909 -3.422928 629.9 3 5 140.3 3.867 0 1 0 
604.89 75.8 40.526764 -3.422759 630.4 3 5 137.8 4.219 0 1 0 
605.89 73.7 40.526630 -3.422586 630.7 3 5 135.4 4.922 0 1 0 
606.90 72.7 40.526505 -3.422409 631.0 3 5 133.2 4.570 0 1 0 
607.91 73.9 40.526386 -3.422227 631.0 3 5 131.8 3.516 0 1 0 
608.96 72.0 40.526268 -3.422038 631.4 3 5 130.1 3.164 0 1 0 
609.87 73.5 40.526161 -3.421852 631.9 3 5 128.3 3.516 0 1 0 
610.93 73.7 40.526051 -3.421664 632.3 3 5 125.9 4.219 0 1 0 
611.89 72.3 40.525948 -3.421470 632.8 3 5 123.4 4.922 0 1 0 
612.88 72.9 40.525848 -3.421272 633.1 3 5 121.6 4.219 0 1 0 
613.92 72.9 40.525753 -3.421069 633.6 3 5 121.6 1.758 0 1 0 
614.90 73.2 40.525658 -3.420870 634.0 3 5 120.6 1.055 0 1 0 
615.90 74.2 40.525574 -3.420652 634.5 3 5 118.8 2.812 0 1 0 
616.93 77.4 40.525486 -3.420417 635.2 3 5 116.4 4.219 0 0 0 
617.89 79.5 40.525406 -3.420171 635.9 3 5 114.3 4.570 0 0 0 
618.89 79.5 40.525326 -3.419933 636.3 3 5 114.3 2.109 0 0 0 
619.89 82.2 40.525261 -3.419666 636.8 3 5 109.3 4.922 0 0 0 
620.89 83.3 40.525192 -3.419405 637.2 3 5 109.3 4.922 0 0 0 
621.90 85.3 40.525124 -3.419140 638.1 3 5 107.9 1.406 0 0 0 
622.91 88.8 40.525059 -3.418857 639.1 3 5 107.6 1.758 0 0 0 
623.91 91.9 40.524990 -3.418568 639.6 3 5 107.2 0.703 1 0 0 
624.90 94.1 40.524914 -3.418277 640.4 3 5 106.9 0.703 1 0 0 
625.89 94.9 40.524845 -3.417980 640.9 3 5 106.9 0.352 1 0 0 
626.87 93.7 40.524773 -3.417688 641.3 3 5 107.2 0.352 1 0 0 
627.89 91.3 40.524700 -3.417404 641.5 3 5 108.3 1.406 1 1 0 
628.93 89.9 40.524628 -3.417126 641.6 3 5 109.7 2.461 1 1 0 
629.87 89.2 40.524544 -3.416850 641.7 3 5 111.4 3.164 1 1 0 
630.87 90.4 40.524452 -3.416576 641.9 3 5 113.6 3.867 1 1 0 
631.87 91.8 40.524353 -3.416302 642.2 3 5 115.7 4.219 0 1 0 
632.87 93.0 40.524246 -3.416032 642.8 3 5 117.8 4.219 0 1 0 
633.87 93.1 40.524132 -3.415768 642.8 3 5 119.9 4.219 0 1 0 
634.87 94.2 40.524006 -3.415503 642.4 3 5 122.0 4.219 0 1 0 
635.88 91.9 40.523876 -3.415261 642.8 3 5 124.8 4.922 0 1 0 
636.90 93.7 40.523727 -3.415027 641.4 3 5 126.9 4.922 0 1 0 
637.90 96.7 40.523582 -3.414777 641.1 3 5 129.4 4.570 0 1 0 
638.87 97.2 40.523426 -3.414533 640.6 3 5 132.2 5.273 0 1 0 
639.89 96.6 40.523258 -3.414307 640.1 3 5 134.3 4.922 0 1 0 
640.87 96.9 40.523098 -3.414104 639.8 3 5 136.4 4.219 0 1 0 
641.90 98.2 40.522907 -3.413872 638.9 3 5 138.2 3.867 0 1 0 
642.90 98.6 40.522717 -3.413666 638.2 3 5 140.6 4.219 0 1 0 
643.87 98.9 40.522518 -3.413468 636.7 3 5 142.7 4.570 0 1 0 
644.88 98.9 40.522320 -3.413271 635.1 3 5 142.7 2.109 0 1 0 
645.89 99.0 40.522125 -3.413075 634.2 3 5 142.7 0 0 1 0 
646.88 97.5 40.521935 -3.412896 633.2 3 5 144.5 1.758 0 1 0 
647.88 96.8 40.521729 -3.412714 632.2 3 5 144.5 1.758 0 1 0 
648.93 95.9 40.521530 -3.412522 631.5 3 5 143.4 1.055 0 1 0 
649.92 95.7 40.521343 -3.412335 631.2 3 5 144.5 1.055 1 1 0 
650.88 95.8 40.521152 -3.412151 632.1 3 5 144.5 1.055 1 1 0 
651.88 95.9 40.520954 -3.411971 632.5 3 5 144.5 0 1 1 0 
652.88 95.7 40.520756 -3.411798 630.6 3 5 144.8 0.352 0 1 0 
654.00 95.8 40.520554 -3.411634 628.1 3 5 146.2 1.758 1 1 0 
654.89 95.2 40.520355 -3.411460 627.9 3 5 146.6 1.758 2 1 0 
655.89 94.5 40.520157 -3.411290 628.0 3 5 146.6 0.352 0 1 0 
656.89 93.3 40.519970 -3.411118 627.6 3 5 145.9 0.703 0 1 0 
657.87 91.5 40.519783 -3.410945 627.3 3 5 145.5 1.055 0 1 0 
658.88 90.5 40.519596 -3.410768 626.7 3 5 145.2 0.703 0 1 0 
659.98 89.9 40.519413 -3.410596 626.4 3 5 144.5 1.055 0 1 0 
660.90 91.4 40.519226 -3.410427 626.4 3 5 144.5 0.703 0 1 0 
661.91 93.4 40.519035 -3.410249 626.1 3 5 143.4 1.055 0 1 0 
662.88 92.8 40.518845 -3.410077 626.2 3 5 144.5 1.055 0 1 0 
663.89 92.4 40.518658 -3.409909 626.2 3 5 144.8 1.406 0 1 0 
664.89 92.7 40.518463 -3.409742 625.7 3 5 144.8 0.352 0 1 0 
666.03 92.7 40.518265 -3.409568 625.8 3 5 145.5 0.703 2 1 0 
666.92 90.6 40.518082 -3.409394 625.5 3 5 145.9 1.055 2 1 0 
667.89 90.1 40.517887 -3.409234 624.9 3 5 146.6 1.055 2 2 0 
668.89 88.1 40.517704 -3.409078 624.4 3 5 146.2 0.352 2 2 0 
669.89 87.3 40.517529 -3.408922 623.9 3 5 145.9 0.703 1 2 0 
670.90 85.5 40.517365 -3.408765 623.7 3 5 145.9 0.352 0 2 0 
671.91 84.7 40.517189 -3.408605 623.1 3 5 145.9 0 0 2 0 
672.92 83.0 40.517017 -3.408458 622.9 3 5 146.6 0.703 0 2 0 
673.89 82.2 40.516842 -3.408304 622.4 3 5 146.2 0.352 0 2 0 
675.02 82.8 40.516666 -3.408151 621.9 3 5 147.0 0.703 0 2 0 
675.87 84.3 40.516491 -3.407999 621.7 3 5 146.6 0.352 0 2 0 
676.95 84.2 40.516319 -3.407851 621.6 3 5 147.3 0.703 0 2 0 
677.88 83.7 40.516144 -3.407702 622.9 3 5 148.4 1.758 0 2 0 
678.88 82.5 40.515965 -3.407556 622.1 3 5 148.7 1.406 0 2 0 
679.88 81.3 40.515797 -3.407431 620.7 4 5 149.8 1.406 0 2 0 
680.91 80.3 40.515614 -3.407298 620.2 4 5 150.5 1.758 0 2 0 
681.87 80.0 40.515438 -3.407146 619.5 4 5 151.5 1.758 0 2 0 
682.90 78.6 40.515259 -3.407027 618.9 4 5 152.2 1.758 0 2 0 
683.89 78.2 40.515083 -3.406909 618.3 3 5 152.9 1.406 0 2 0 
684.88 76.6 40.514908 -3.406797 617.9 3 5 154.7 2.461 0 2 0 
685.92 75.6 40.514740 -3.406693 617.5 3 5 154.0 1.055 0 1 0 
686.90 73.1 40.514572 -3.406594 616.9 3 5 154.3 0.352 0 1 0 
687.88 71.2 40.514412 -3.406497 617.3 3 5 154.0 0.352 0 1 0 
688.90 68.7 40.514263 -3.406407 617.7 3 5 154.3 0.352 0 1 0 
689.93 66.2 40.514118 -3.406327 618.0 3 5 153.6 0.703 0 1 0 
690.94 62.8 40.513969 -3.406239 617.8 3 5 155.4 1.758 0 1 0 
691.87 57.8 40.513836 -3.406154 617.8 3 5 154.0 1.406 0 1 0 
692.88 50.4 40.513706 -3.406075 617.5 3 5 153.6 1.758 0 1 0 
