25.37 100.0 1 primary 3 1 40.518341 -3.409413 2.887 84.3 
27.42 100.0 1 primary 3 1 40.518829 -3.409868 1.934 83.8 
29.26 100.0 1 primary 3 1 40.519184 -3.410199 1.778 80.5 
30.73 100.0 1 primary 3 1 40.519508 -3.410502 1.248 82.4 
33.56 100.0 1 primary 3 1 40.519852 -3.410825 2.076 83.7 
36.70 100.0 1 primary 2 1 40.520363 -3.411289 2.220 86.8 
39.85 100.0 1 primary 2 1 40.520889 -3.411779 2.365 87.7 
43.08 100.0 1 primary 2 1 40.521423 -3.412281 2.598 88.7 
45.48 100.0 1 primary 2 1 40.521957 -3.412782 2.002 90.1 
48.20 100.0 1 primary 2 1 40.522499 -3.413295 1.719 89.9 
49.43 100.0 1 primary 2 1 40.522846 -3.413646 0.946 89.8 
50.17 100.0 1 primary 2 1 40.523010 -3.413834 0.688 89.6 
52.09 100.0 1 primary 2 1 40.523170 -3.414037 1.608 89.6 
53.73 90.0 3 tertiary_link 1 1 40.523491 -3.414460 1.245 89.9 
55.48 90.0 3 tertiary_link 1 1 40.523785 -3.414909 0.999 90.3 
57.31 90.0 3 tertiary_link 1 1 40.524048 -3.415409 0.827 91.9 
58.47 90.0 3 tertiary_link 1 1 40.524178 -3.415664 0.989 92.1 
59.47 100.0 1 primary 2 1 40.524303 -3.415932 0.992 93.0 
60.69 100.0 1 primary 2 1 40.524429 -3.416215 1.215 95.5 
63.06 100.0 1 primary 2 1 40.524639 -3.416746 1.584 93.1 
64.48 100.0 1 primary 2 1 40.524815 -3.417305 0.997 94.3 
65.93 100.0 1 primary 2 1 40.524887 -3.417592 1.446 96.3 
67.17 80.0 1 primary 1 1 40.525040 -3.418190 0.691 96.5 
69.09 80.0 1 primary 1 1 40.525105 -3.418491 1.609 96.5 
70.11 80.0 1 primary 1 1 40.525242 -3.419089 0.633 94.7 
71.69 80.0 1 primary 1 1 40.525318 -3.419397 1.213 93.6 
73.42 80.0 1 primary 1 1 40.525459 -3.419974 0.935 90.8 
74.27 80.0 1 primary 1 1 40.525543 -3.420258 0.786 89.1 
77.08 80.0 1 primary 1 1 40.525631 -3.420519 2.594 86.1 
78.92 100.0 1 primary 2 1 40.525921 -3.421279 1.438 86.4 
80.86 90.0 1 primary 2 1 40.526157 -3.421757 1.383 85.7 
82.50 90.0 1 primary 2 1 40.526436 -3.422208 1.022 85.6 
84.59 90.0 1 primary 2 1 40.526718 -3.422644 1.113 86.2 
86.34 90.0 1 primary 2 1 40.527035 -3.423037 0.863 86.9 
87.55 90.0 1 primary 2 1 40.527203 -3.423213 1.067 87.3 
89.61 90.0 1 primary 2 1 40.527569 -3.423527 1.131 88.2 
91.53 90.0 1 primary 2 1 40.527946 -3.423817 1.051 87.6 
94.09 90.0 1 primary 2 1 40.528339 -3.424087 1.605 91.5 
95.20 90.0 1 primary 2 1 40.528751 -3.424351 0.719 92.8 
96.45 90.0 1 primary 2 1 40.528950 -3.424485 0.967 92.9 
97.26 90.0 1 primary 2 1 40.529167 -3.424628 0.776 91.4 
99.09 90.0 1 primary 2 1 40.529362 -3.424765 1.613 91.2 
101.04 90.0 1 primary 2 1 40.529758 -3.425045 1.559 85.9 
103.11 90.0 1 primary 2 1 40.530128 -3.425339 1.633 86.2 
104.52 90.0 1 primary 2 1 40.530483 -3.425660 1.039 87.3 
106.36 90.0 1 primary 2 1 40.530823 -3.425986 0.881 85.3 
107.28 90.0 1 primary 2 1 40.530991 -3.426160 0.799 83.3 
108.31 90.0 1 primary 2 1 40.531143 -3.426334 0.830 84.0 
109.46 90.0 1 primary 2 1 40.531300 -3.426524 0.972 85.6 
110.19 90.0 1 primary 2 1 40.531452 -3.426722 0.710 85.5 
111.19 90.0 1 primary 2 1 40.531597 -3.426927 0.712 86.2 
112.43 90.0 1 primary 2 1 40.531750 -3.427124 0.945 84.7 
113.25 90.0 1 primary 2 1 40.531887 -3.427326 0.770 85.0 
114.56 90.0 1 primary 2 1 40.532024 -3.427537 1.075 84.9 
116.40 90.0 1 primary 2 1 40.532284 -3.427980 0.917 85.3 
118.06 90.0 1 primary 2 1 40.532410 -3.428208 1.578 83.9 
119.57 90.0 1 primary 2 1 40.532650 -3.428666 1.087 83.4 
121.31 90.0 1 primary 2 1 40.532856 -3.429135 0.831 84.0 
123.67 90.0 1 primary 2 1 40.532955 -3.429373 2.193 82.3 
125.51 90.0 1 primary 2 1 40.533222 -3.430132 1.029 81.6 
128.48 90.0 1 primary 2 1 40.533367 -3.430636 1.999 80.1 
131.66 90.0 1 primary 2 1 40.533546 -3.431370 2.182 80.1 
133.60 90.0 1 primary 2 1 40.533703 -3.432137 1.119 78.7 
141.49 90.0 1 primary 2 1 40.533768 -3.432647 7.008 78.6 
143.88 90.0 1 primary 2 1 40.533878 -3.434706 1.402 78.2 
145.59 90.0 1 primary 2 1 40.533886 -3.435223 1.099 77.5 
147.67 90.0 1 primary 2 1 40.533890 -3.435749 1.193 77.5 
161.27 90.0 1 primary 2 1 40.533882 -3.436255 12.788 81.2 
162.28 90.0 1 primary 2 1 40.533867 -3.439590 0.802 81.3 
164.05 90.0 1 primary 2 1 40.533875 -3.439853 1.564 83.6 
166.57 90.0 1 primary 2 1 40.533878 -3.440405 2.088 87.2 
168.22 90.0 1 primary 2 1 40.533871 -3.441246 0.742 87.5 
169.13 90.0 1 primary 2 1 40.533867 -3.441529 0.653 86.1 
170.46 90.0 1 primary 2 1 40.533867 -3.441815 0.983 85.8 
171.90 90.0 1 primary 2 1 40.533859 -3.442093 1.421 86.3 
184.87 90.0 1 primary 2 1 40.533855 -3.442682 12.386 87.9 
186.44 90.0 1 primary 2 1 40.533836 -3.446287 0.957 89.7 
187.36 90.0 1 primary 2 1 40.533840 -3.446562 0.881 90.6 
188.08 90.0 1 primary 2 1 40.533836 -3.446858 0.595 90.5 
189.51 90.0 1 primary 2 1 40.533833 -3.447159 1.031 89.1 
191.70 90.0 1 primary 2 1 40.533817 -3.447744 1.218 86.1 
194.02 90.0 1 primary 2 1 40.533821 -3.448319 1.536 86.8 
196.17 90.0 1 primary 2 1 40.533825 -3.448890 1.691 87.9 
197.52 90.0 1 primary 2 1 40.533825 -3.449461 1.037 87.4 
199.55 90.0 1 primary 2 1 40.533829 -3.450051 1.064 87.5 
202.41 90.0 1 primary 2 1 40.533817 -3.450639 1.932 90.0 
204.30 90.0 1 primary 2 1 40.533806 -3.451212 1.814 90.4 
206.31 90.0 1 primary 2 1 40.533810 -3.451805 1.824 89.6 
207.48 90.0 1 primary 2 1 40.533810 -3.452398 0.995 89.6 
212.80 90.0 1 primary 2 1 40.533810 -3.452695 5.319 85.3 
216.75 90.0 1 primary 2 1 40.533806 -3.454425 3.271 82.5 
218.67 90.0 1 primary 2 1 40.533794 -3.455535 1.189 81.0 
222.07 90.0 1 primary 2 1 40.533775 -3.456063 2.588 83.7 
224.45 90.0 1 primary 2 1 40.533787 -3.456862 1.967 84.5 
225.67 90.0 1 primary 2 1 40.533802 -3.457413 1.183 82.3 
227.40 90.0 1 primary 2 1 40.533783 -3.457946 0.917 81.1 
228.02 90.0 1 primary 2 1 40.533768 -3.458210 0.544 79.8 
229.35 90.0 1 primary 2 1 40.533764 -3.458470 0.865 78.4 
230.30 90.0 1 primary 2 1 40.533764 -3.458729 0.821 76.8 
230.98 90.0 1 primary 2 1 40.533760 -3.458985 0.504 75.9 
232.32 90.0 1 primary 2 1 40.533756 -3.459226 0.843 75.5 
233.39 90.0 1 primary 2 1 40.533756 -3.459475 0.909 75.4 
234.27 90.0 1 primary 2 1 40.533756 -3.459724 0.789 76.1 
235.90 90.0 1 primary 2 1 40.533756 -3.459977 1.421 78.7 
237.57 90.0 1 primary 2 1 40.533737 -3.460467 1.091 79.5 
239.19 90.0 1 primary 2 1 40.533745 -3.460986 0.710 80.2 
240.46 90.0 1 primary 2 1 40.533745 -3.461256 0.978 79.2 
241.94 90.0 1 primary 2 1 40.533745 -3.461520 1.461 78.5 
243.18 90.0 1 primary 2 1 40.533745 -3.462030 0.696 77.8 
244.30 90.0 1 primary 2 1 40.533752 -3.462286 0.816 78.9 
245.02 90.0 1 primary 2 1 40.533749 -3.462546 0.540 79.0 
246.35 90.0 1 primary 2 1 40.533737 -3.462806 0.864 77.5 
247.08 90.0 1 primary 2 1 40.533741 -3.463065 0.602 77.5 
248.40 90.0 1 primary 2 1 40.533737 -3.463308 0.922 77.8 
249.16 90.0 1 primary 2 1 40.533730 -3.463565 0.674 77.2 
250.14 90.0 1 primary 2 1 40.533737 -3.463823 0.655 75.7 
251.10 90.0 1 primary 2 1 40.533733 -3.464068 0.620 73.8 
252.51 90.0 1 primary 2 1 40.533730 -3.464314 1.029 71.7 
254.76 90.0 1 primary 2 1 40.533733 -3.464783 1.279 72.4 
257.61 90.0 1 primary 2 1 40.533749 -3.465266 2.128 72.9 
259.45 90.0 1 primary 2 1 40.533817 -3.465974 0.972 71.3 
260.27 90.0 1 primary 2 1 40.533852 -3.466187 0.792 69.8 
261.41 90.0 1 primary 2 1 40.533894 -3.466413 0.923 70.6 
262.32 90.0 1 primary 2 1 40.533943 -3.466640 0.837 70.1 
263.45 90.0 1 primary 2 1 40.533985 -3.466867 0.965 71.7 
264.64 90.0 1 primary 2 1 40.534046 -3.467085 1.164 74.6 
266.32 90.0 1 primary 2 1 40.534199 -3.467530 0.834 75.6 
267.95 90.0 1 primary 2 1 40.534290 -3.467737 1.469 75.1 
269.39 90.0 1 primary 2 1 40.534485 -3.468161 0.908 75.6 
270.51 90.0 1 primary 2 1 40.534592 -3.468371 1.032 73.4 
272.31 100.0 3 primary_link 1 1 40.534821 -3.468768 0.831 75.3 
273.82 100.0 3 primary_link 1 1 40.534939 -3.468958 1.338 76.5 
275.53 90.0 1 primary 2 1 40.535210 -3.469302 1.049 76.4 
277.17 90.0 1 primary 2 1 40.535503 -3.469622 0.688 74.6 
278.39 100.0 3 primary_link 1 1 40.535641 -3.469763 0.914 77.5 
279.43 100.0 3 primary_link 1 1 40.535793 -3.469894 0.944 78.3 
280.25 100.0 3 primary_link 1 1 40.535954 -3.470034 0.765 79.5 
281.37 100.0 3 primary_link 1 1 40.536129 -3.470161 0.887 80.3 
282.19 100.0 3 primary_link 1 1 40.536301 -3.470288 0.711 81.0 
283.65 100.0 3 primary_link 1 1 40.536484 -3.470397 1.170 79.6 
285.16 100.0 3 primary_link 1 1 40.536865 -3.470590 0.670 82.7 
286.18 90.0 1 primary 2 1 40.537060 -3.470677 0.697 83.9 
287.32 90.0 1 primary 2 1 40.537258 -3.470745 0.838 83.9 
288.34 90.0 1 primary 2 1 40.537460 -3.470824 0.853 82.6 
289.66 90.0 1 primary 2 1 40.537663 -3.470887 1.179 79.8 
291.61 90.0 1 primary 2 1 40.538052 -3.470990 1.130 81.7 
293.25 90.0 1 primary 2 1 40.538441 -3.471105 0.769 81.7 
294.58 90.0 1 primary 2 1 40.538639 -3.471169 1.101 83.8 
296.32 90.0 1 primary 2 1 40.539043 -3.471311 0.830 84.3 
298.36 90.0 1 primary 2 1 40.539246 -3.471378 1.883 85.8 
299.32 90.0 1 primary 2 1 40.539658 -3.471514 0.840 86.6 
300.13 90.0 1 primary 2 1 40.539871 -3.471587 0.651 86.4 
301.02 90.0 1 primary 2 1 40.540081 -3.471657 0.536 85.2 
302.71 90.0 1 primary 2 1 40.540287 -3.471727 1.226 84.2 
304.71 30.0 1 primary_link 1 1 40.540695 -3.471859 1.233 83.7 
306.80 30.0 1 primary_link 1 1 40.541100 -3.471992 1.322 84.2 
308.22 30.0 1 primary_link 1 1 40.541515 -3.472123 0.738 84.7 
309.24 30.0 1 primary_link 1 1 40.541718 -3.472185 0.755 83.8 
310.24 30.0 1 primary_link 1 1 40.541924 -3.472253 0.761 82.8 
311.30 30.0 1 primary_link 1 1 40.542133 -3.472322 0.813 80.5 
312.29 30.0 1 primary_link 1 1 40.542324 -3.472382 0.808 78.6 
313.53 30.0 1 primary_link 1 1 40.542519 -3.472445 1.046 77.3 
315.26 30.0 1 primary_link 1 1 40.542892 -3.472558 0.776 73.4 
316.40 30.0 1 primary_link 1 1 40.543072 -3.472620 0.922 72.3 
317.22 30.0 1 primary_link 1 1 40.543247 -3.472683 0.726 72.0 
318.04 30.0 1 primary_link 1 1 40.543423 -3.472752 0.556 74.9 
319.15 90.0 1 primary 2 1 40.543602 -3.472817 0.666 74.0 
320.71 90.0 1 primary 2 1 40.543781 -3.472870 1.225 75.1 
321.91 90.0 1 primary 2 1 40.544147 -3.473015 0.433 76.3 
323.04 90.0 1 primary 2 1 40.544327 -3.473082 0.560 76.6 
323.98 90.0 1 primary 2 1 40.544518 -3.473146 0.498 77.3 
325.09 90.0 1 primary 2 1 40.544704 -3.473211 0.610 77.8 
326.11 90.0 1 primary 2 1 40.544903 -3.473243 0.634 78.9 
327.37 90.0 1 primary 2 1 40.545097 -3.473314 0.885 79.5 
328.07 90.0 1 primary 2 1 40.545292 -3.473380 0.585 80.0 
329.08 90.0 1 primary 2 1 40.545486 -3.473452 0.600 80.7 
330.32 90.0 1 primary 2 1 40.545685 -3.473524 0.841 80.3 
331.33 90.0 1 primary 2 1 40.545876 -3.473595 0.852 80.0 
332.92 90.0 1 primary 2 1 40.546070 -3.473645 1.441 78.3 
334.72 90.0 1 primary 2 1 40.546455 -3.473807 1.243 76.8 
336.15 90.0 1 primary 2 1 40.546829 -3.473937 0.668 78.8 
337.49 90.0 1 primary 2 1 40.547012 -3.474021 1.007 79.1 
339.22 90.0 1 primary 2 1 40.547379 -3.474175 0.737 77.0 
340.04 90.0 1 primary 2 1 40.547554 -3.474248 0.558 75.7 
341.08 90.0 1 primary 2 1 40.547733 -3.474340 0.595 77.4 
342.30 90.0 1 primary 2 1 40.547909 -3.474427 0.816 77.9 
343.73 90.0 1 primary 2 1 40.548100 -3.474536 1.244 78.0 
345.52 90.0 1 primary 2 1 40.548458 -3.474737 1.036 77.9 
347.84 90.0 1 primary 2 1 40.548820 -3.474964 1.362 72.4 
349.36 90.0 1 primary 2 1 40.549168 -3.475200 0.869 71.9 
351.10 90.0 1 primary 2 1 40.549332 -3.475302 1.617 72.2 
352.23 90.0 1 primary 2 1 40.549652 -3.475531 0.754 73.0 
353.15 90.0 1 primary 2 1 40.549812 -3.475653 0.668 74.0 
354.58 90.0 1 primary 2 1 40.549969 -3.475782 1.100 75.7 
356.01 90.0 1 primary 2 1 40.550289 -3.476050 0.533 76.0 
357.25 90.0 1 primary 2 1 40.550446 -3.476184 0.765 76.5 
358.27 90.0 1 primary 2 1 40.550594 -3.476327 0.789 77.3 
359.09 90.0 1 primary 2 1 40.550758 -3.476469 0.607 77.0 
359.93 90.0 1 primary 2 1 40.550915 -3.476615 0.448 77.4 
361.70 90.0 1 primary 2 1 40.551071 -3.476762 1.215 80.0 
363.18 90.0 1 primary 2 1 40.551373 -3.477084 0.703 80.4 
364.47 90.0 1 primary 2 1 40.551540 -3.477262 0.993 81.1 
365.36 90.0 1 primary 2 1 40.551689 -3.477430 0.876 81.9 
366.27 90.0 1 primary 2 1 40.551842 -3.477612 0.791 82.7 
367.18 90.0 1 primary 2 1 40.551998 -3.477782 0.696 82.8 
368.51 90.0 1 primary 2 1 40.552147 -3.477969 1.024 83.4 
370.86 90.0 1 primary 2 1 40.552433 -3.478340 1.383 85.5 
372.50 90.0 2 primary 2 1 40.552738 -3.478739 1.020 86.8 
374.45 90.0 1 primary 2 1 40.553017 -3.479174 0.968 87.5 
375.51 90.0 2 primary 2 1 40.553158 -3.479396 1.025 87.8 
378.14 90.0 1 primary 2 1 40.553432 -3.479859 1.655 87.3 
382.55 90.0 1 primary 2 1 40.553688 -3.480324 4.071 91.3 
386.02 90.0 1 primary 2 1 40.554295 -3.481562 2.538 95.5 
388.32 90.0 1 primary 2 1 40.554646 -3.482386 1.838 96.2 
400.35 90.0 2 primary 2 1 40.554855 -3.482963 11.873 83.8 
401.29 90.0 1 primary 2 1 40.555725 -3.486375 0.810 84.4 
402.09 90.0 2 primary 2 1 40.555767 -3.486640 0.610 85.5 
403.63 90.0 1 primary 2 1 40.555805 -3.486915 1.149 88.0 
431.08 90.0 2 primary 2 1 40.555874 -3.487480 26.601 81.8 
433.64 100.0 3 primary_link 1 1 40.554615 -3.494603 2.154 80.7 
436.75 100.0 3 primary_link 1 1 40.554424 -3.495324 2.265 83.2 
444.00 100.0 3 primary_link 1 1 40.554295 -3.496130 6.518 79.3 
445.38 90.0 1 primary 2 1 40.554249 -3.497983 0.898 81.1 
446.49 90.0 1 primary 2 1 40.554264 -3.498240 1.009 83.8 
459.75 90.0 1 primary 2 1 40.554348 -3.498779 12.267 82.7 
462.82 90.0 1 primary 3 2 40.555416 -3.501958 2.341 90.0 
464.59 90.0 1 primary 3 2 40.555786 -3.502679 1.103 93.0 
467.57 90.0 1 primary 3 2 40.556019 -3.503206 2.086 92.1 
469.38 90.0 1 primary 3 2 40.556313 -3.504012 0.898 91.7 
470.54 90.0 1 primary 3 2 40.556393 -3.504300 1.055 91.1 
473.27 90.0 1 primary 3 2 40.556534 -3.504874 1.785 91.3 
474.50 90.0 1 primary 3 2 40.556652 -3.505445 1.021 91.8 
476.54 90.0 1 primary 3 2 40.556725 -3.506036 1.062 90.5 
478.94 90.0 1 primary 3 2 40.556767 -3.506645 1.457 82.8 
480.27 90.0 1 primary 3 2 40.556778 -3.507201 0.787 82.4 
481.58 90.0 1 primary 3 2 40.556782 -3.507477 1.093 82.1 
483.44 90.0 1 primary 3 2 40.556767 -3.508004 0.961 81.9 
484.97 90.0 1 primary 3 2 40.556770 -3.508279 1.490 82.0 
486.00 90.0 1 primary 3 2 40.556763 -3.508810 0.523 82.8 
487.20 90.0 1 primary 3 2 40.556767 -3.509080 0.718 80.7 
488.11 90.0 1 primary 3 2 40.556774 -3.509326 0.630 83.1 
489.47 90.0 1 primary 3 2 40.556793 -3.509579 0.992 83.3 
490.78 90.0 1 primary 3 2 40.556808 -3.509858 1.294 87.3 
492.13 90.0 1 primary 3 2 40.556862 -3.510415 0.653 90.8 
493.03 90.0 1 primary 3 2 40.556904 -3.510705 0.545 91.2 
493.96 90.0 1 primary 3 2 40.556957 -3.510988 0.476 90.5 
495.29 90.0 1 primary 3 2 40.557018 -3.511276 0.806 90.1 
496.04 90.0 1 primary 3 2 40.557087 -3.511561 0.557 89.8 
497.03 90.0 1 primary 3 2 40.557167 -3.511831 0.552 89.0 
498.07 90.0 1 primary 3 2 40.557247 -3.512105 0.587 89.0 
499.07 90.0 1 primary 3 2 40.557339 -3.512375 0.593 89.0 
500.21 90.0 1 primary 3 2 40.557434 -3.512644 0.733 90.7 
501.54 90.0 1 primary 3 2 40.557541 -3.512893 1.063 94.2 
503.78 90.0 1 primary 3 2 40.557793 -3.513413 1.298 94.6 
506.65 90.0 1 primary 3 2 40.558067 -3.513906 2.161 93.1 
509.31 90.0 1 primary 3 2 40.558548 -3.514602 1.828 92.0 
510.33 90.0 1 primary 3 2 40.558880 -3.515006 0.847 91.2 
512.76 100.0 3 primary_link 1 2 40.559052 -3.515193 2.281 89.5 
514.14 100.0 3 primary_link 1 2 40.559616 -3.515728 0.664 87.8 
515.46 100.0 3 primary_link 1 2 40.559811 -3.515873 0.978 86.7 
516.20 90.0 1 primary 3 2 40.560005 -3.516000 0.721 88.3 
517.09 90.0 1 primary 3 2 40.560207 -3.516126 0.611 88.4 
518.91 90.0 1 primary 3 2 40.560413 -3.516235 1.430 87.6 
520.62 90.0 1 primary 3 2 40.560825 -3.516428 1.136 87.4 
523.62 100.0 3 primary_link 1 2 40.561245 -3.516578 2.136 84.7 
526.16 100.0 3 primary_link 1 2 40.561886 -3.516704 1.680 85.0 
528.58 100.0 3 primary_link 1 2 40.562305 -3.516772 2.102 84.2 
543.92 90.0 1 primary 3 2 40.562939 -3.516835 14.441 100.1 
545.46 90.0 1 primary 3 2 40.566292 -3.517942 0.976 97.6 
546.10 90.0 1 primary 3 2 40.566517 -3.518070 0.623 95.3 
547.02 90.0 1 primary 3 2 40.566734 -3.518207 0.539 93.4 
548.27 90.0 1 primary 3 2 40.566948 -3.518346 0.790 90.9 
549.35 90.0 1 primary 3 2 40.567162 -3.518481 0.867 91.4 
550.17 90.0 1 primary 3 2 40.567364 -3.518616 0.688 91.2 
551.19 90.0 1 primary 2 2 40.567566 -3.518754 0.713 91.0 
552.13 90.0 1 primary 2 2 40.567764 -3.518896 0.651 89.5 
553.14 90.0 1 primary 2 2 40.567955 -3.519052 0.655 87.4 
554.07 90.0 1 primary 2 2 40.568138 -3.519204 0.588 85.8 
555.19 90.0 1 primary 2 2 40.568317 -3.519354 0.711 85.7 
556.41 90.0 1 primary 2 2 40.568493 -3.519513 0.930 87.7 
557.23 90.0 1 primary 2 2 40.568668 -3.519675 0.751 89.0 
558.05 90.0 1 primary 2 2 40.568840 -3.519853 0.571 88.6 
559.79 90.0 1 primary 2 2 40.569012 -3.520039 1.313 90.4 
562.15 90.0 1 primary 2 2 40.569359 -3.520427 1.667 94.9 
563.28 90.0 1 primary 2 2 40.569710 -3.520844 0.799 94.6 
564.30 90.0 1 primary 2 2 40.569878 -3.521058 0.817 94.4 
565.94 90.0 1 primary 2 2 40.570053 -3.521286 1.453 89.3 
567.88 90.0 1 primary 2 2 40.570370 -3.521742 1.400 84.8 
569.48 90.0 1 primary 2 2 40.570648 -3.522175 0.995 82.7 
570.78 90.0 1 primary 2 2 40.570782 -3.522389 1.298 78.8 
572.80 90.0 1 primary 2 2 40.571022 -3.522818 1.319 76.3 
574.44 90.0 1 primary 2 2 40.571251 -3.523229 0.955 77.1 
575.56 90.0 1 primary 2 2 40.571362 -3.523445 1.074 80.6 
577.75 90.0 1 primary 2 2 40.571571 -3.523887 1.269 83.3 
596.86 90.0 1 primary 2 2 40.571781 -3.524362 18.381 78.1 
599.22 90.0 1 primary 2 2 40.573303 -3.529015 1.740 78.0 
600.77 90.0 1 primary 2 2 40.573471 -3.529480 1.285 77.9 
602.92 90.0 1 primary 2 2 40.573647 -3.529949 1.436 78.6 
605.06 90.0 1 primary 2 2 40.573822 -3.530406 1.584 76.4 
606.31 90.0 1 primary 2 2 40.573997 -3.530845 0.827 77.6 
607.10 90.0 1 primary 2 2 40.574085 -3.531071 0.619 77.2 
609.37 90.0 1 primary 2 2 40.574177 -3.531291 1.888 77.7 
611.10 90.0 1 primary 2 2 40.574371 -3.531714 1.622 76.7 
612.84 90.0 1 primary 2 2 40.574574 -3.532149 1.358 76.5 
614.07 90.0 1 primary 2 2 40.574776 -3.532570 0.590 76.6 
615.74 90.0 1 primary 2 2 40.574886 -3.532782 1.257 79.3 
617.22 90.0 1 primary 2 2 40.575089 -3.533214 0.735 79.7 
618.38 90.0 1 primary 2 2 40.575203 -3.533429 0.894 79.3 
620.01 90.0 1 primary 2 2 40.575306 -3.533650 1.528 79.6 
621.44 90.0 1 primary 2 2 40.575508 -3.534094 0.957 79.6 
622.37 90.0 1 primary 2 2 40.575611 -3.534313 0.887 80.8 
623.51 90.0 1 primary 2 2 40.575714 -3.534548 1.020 81.3 
625.43 90.0 1 primary 2 2 40.575912 -3.535009 0.949 82.0 
626.35 90.0 1 primary 2 2 40.575993 -3.535222 0.873 81.3 
627.42 90.0 1 primary 2 2 40.576084 -3.535461 0.938 81.3 
628.68 90.0 1 primary 2 2 40.576084 -3.535461 1.199 81.3 
630.99 90.0 1 primary 2 2 40.576359 -3.536180 1.505 83.0 
631.99 90.0 1 primary 2 2 40.576534 -3.536676 0.504 82.8 
633.62 90.0 1 primary 2 2 40.576633 -3.536927 1.141 79.7 
634.98 90.0 1 primary 2 2 40.576797 -3.537418 0.499 79.6 
636.08 90.0 1 primary 2 2 40.576885 -3.537657 0.599 80.4 
637.13 90.0 1 primary 2 2 40.576965 -3.537901 0.647 81.3 
637.94 90.0 1 primary 2 2 40.577053 -3.538151 0.452 81.6 
639.06 90.0 1 primary 2 2 40.577137 -3.538396 0.582 82.8 
640.19 90.0 1 primary 2 2 40.577221 -3.538644 0.701 82.6 
641.16 90.0 1 primary 2 2 40.577316 -3.538888 0.670 82.9 
642.00 90.0 1 primary 2 2 40.577400 -3.539134 0.515 83.6 
643.00 90.0 1 primary 2 2 40.577492 -3.539382 0.513 83.9 
643.93 90.0 1 primary 2 2 40.577599 -3.539627 0.439 82.5 
644.89 90.0 1 primary 2 2 40.577690 -3.539867 0.399 83.5 
648.78 90.0 1 primary 2 2 40.577778 -3.540111 3.295 81.6 
650.76 90.0 1 primary 2 2 40.578178 -3.541041 1.279 78.7 
652.26 90.0 1 primary 2 2 40.578392 -3.541472 0.782 79.6 
653.18 90.0 1 primary 2 2 40.578495 -3.541693 0.700 82.1 
654.21 90.0 1 primary 2 2 40.578609 -3.541929 0.729 83.3 
655.54 90.0 1 primary 2 2 40.578716 -3.542152 1.057 83.3 
657.09 90.0 1 primary 2 2 40.578960 -3.542603 0.610 81.0 
658.31 90.0 1 primary 2 2 40.579082 -3.542818 0.827 79.6 
659.39 90.0 1 primary 2 2 40.579201 -3.543046 0.906 78.4 
660.17 90.0 1 primary 2 2 40.579319 -3.543253 0.679 76.8 
661.27 90.0 1 primary 2 2 40.579437 -3.543461 0.789 75.5 
662.20 90.0 1 primary 2 2 40.579559 -3.543656 0.712 74.5 
663.22 90.0 1 primary 2 2 40.579681 -3.543844 0.736 73.2 
664.26 90.0 1 primary 2 2 40.579792 -3.544031 0.780 71.9 
665.30 90.0 1 primary 2 2 40.579906 -3.544203 0.815 72.3 
666.43 90.0 1 primary 2 2 40.580017 -3.544383 0.951 73.9 
667.23 90.0 1 primary 2 2 40.580139 -3.544550 0.752 75.5 
668.75 90.0 1 primary 2 2 40.580261 -3.544727 1.264 78.2 
670.49 90.0 1 primary 2 1 40.580517 -3.545103 1.006 78.1 
672.13 90.0 1 primary 2 1 40.580776 -3.545484 0.645 79.0 
673.26 90.0 1 primary 2 1 40.580910 -3.545671 0.774 78.7 
674.25 90.0 1 primary 2 1 40.581047 -3.545853 0.766 77.5 
675.87 90.0 1 primary 2 1 40.581177 -3.546036 1.397 76.5 
677.52 90.0 1 primary 2 1 40.581440 -3.546392 1.041 75.4 
679.20 90.0 1 primary 2 1 40.581707 -3.546739 0.726 78.3 
680.50 90.0 1 primary 2 1 40.581844 -3.546920 1.024 79.8 
682.59 90.0 1 primary 2 1 40.582123 -3.547299 1.112 81.2 
684.72 90.0 1 primary 2 1 40.582397 -3.547694 1.240 81.3 
686.67 90.0 1 primary 2 1 40.582657 -3.548096 1.196 83.8 
688.51 90.0 1 primary 2 1 40.582912 -3.548526 1.032 82.7 
690.66 90.0 1 primary 2 1 40.583153 -3.548969 1.175 79.5 
692.81 90.0 1 primary 2 1 40.583363 -3.549410 1.332 79.9 
694.81 90.0 1 primary 2 1 40.583561 -3.549870 1.331 78.5 
697.05 90.0 1 primary 2 1 40.583736 -3.550333 1.572 76.7 
698.85 90.0 1 primary 2 1 40.583893 -3.550801 1.365 75.2 
700.56 90.0 1 primary 2 1 40.584034 -3.551271 1.083 74.8 
702.45 90.0 1 primary 2 1 40.584152 -3.551734 0.977 73.6 
703.35 90.0 1 primary 2 1 40.584209 -3.551963 0.878 74.2 
704.30 90.0 1 primary 2 1 40.584259 -3.552195 0.821 75.7 
705.82 90.0 1 primary 2 1 40.584305 -3.552439 1.342 74.2 
707.55 90.0 1 primary 2 1 40.584377 -3.552924 1.075 73.0 
709.92 90.0 1 primary 1 1 40.584435 -3.553391 1.443 69.2 
711.36 90.0 1 primary 1 1 40.584484 -3.553846 0.882 68.0 
712.68 90.0 1 primary 1 1 40.584507 -3.554066 1.200 65.7 
714.26 90.0 1 primary 1 1 40.584553 -3.554498 0.782 64.4 
715.09 90.0 1 primary 1 1 40.584576 -3.554707 0.615 63.2 
716.61 90.0 1 primary 1 1 40.584595 -3.554907 1.132 61.0 
718.27 90.0 1 primary 1 1 40.584644 -3.555317 0.791 60.1 
719.04 90.0 1 primary 1 1 40.584671 -3.555503 0.566 59.6 
720.04 90.0 1 primary 1 1 40.584698 -3.555693 0.567 59.4 
721.62 90.0 1 primary 1 1 40.584721 -3.555896 1.144 57.9 
723.63 70.0 1 primary 1 1 40.584763 -3.556275 1.157 55.0 
726.20 70.0 1 primary 1 1 40.584797 -3.556633 1.727 52.1 
728.77 70.0 1 primary 1 1 40.584843 -3.556977 2.289 49.5 
