20.50 0.0 40.517445 -3.409828 615.2 18 214 -1 -1 -9 -9 0 
21.50 0.0 40.518185 -3.409276 620.0 48 30 319.6 0 -9 -9 0 
22.53 82.3 40.518341 -3.409413 625.9 4 5 324.1 35.859 0 0 0 
23.53 84.2 40.518494 -3.409551 623.5 3 5 324.1 4.570 0 0 0 
24.50 84.3 40.518654 -3.409704 622.7 3 5 324.8 0.703 0 0 0 
25.50 84.3 40.518829 -3.409868 623.4 3 5 324.5 0.352 0 0 0 
26.50 84.5 40.519009 -3.410038 622.3 3 5 324.5 0.352 0 0 0 
27.56 83.8 40.519184 -3.410199 623.1 3 5 324.5 0 0 0 0 
28.48 82.5 40.519352 -3.410354 624.1 3 5 324.5 0 0 0 0 
29.50 80.5 40.519508 -3.410501 624.5 3 5 324.5 0 0 0 0 
30.50 84.7 40.519688 -3.410669 624.5 3 5 323.4 1.055 0 0 0 
31.50 82.4 40.519852 -3.410825 625.4 3 5 324.5 1.055 0 0 0 
32.49 82.8 40.520020 -3.410980 626.1 3 5 324.5 1.055 0 0 0 
33.50 83.7 40.520191 -3.411134 627.1 3 5 324.1 0.352 0 0 0 
34.49 84.6 40.520363 -3.411289 626.5 3 5 324.5 0.352 0 0 0 
35.51 85.3 40.520538 -3.411452 626.5 3 5 324.8 0.703 0 0 0 
36.50 86.2 40.520714 -3.411617 626.3 3 5 324.8 0.352 0 0 0 
37.51 86.8 40.520889 -3.411779 626.8 3 5 324.5 0.352 0 0 0 
38.53 87.5 40.521069 -3.411946 626.8 3 5 324.5 0.352 0 0 0 
39.49 87.4 40.521244 -3.412113 627.1 3 5 324.5 0 0 0 0 
40.51 87.7 40.521423 -3.412281 627.6 3 5 324.5 0 0 0 0 
41.48 88.2 40.521599 -3.412445 628.0 3 5 324.8 0.352 0 0 0 
42.48 88.5 40.521778 -3.412611 628.2 3 5 324.5 0.352 0 0 0 
43.54 88.7 40.521957 -3.412782 629.2 3 5 324.5 0.352 0 0 0 
44.51 89.0 40.522137 -3.412954 629.7 3 5 324.1 0.352 0 0 0 
45.51 90.1 40.522324 -3.413128 629.9 3 5 324.8 0.703 0 0 0 
46.50 88.1 40.522499 -3.413295 630.8 3 5 323.8 1.055 0 0 0 
47.50 87.7 40.522671 -3.413468 631.5 3 5 323.1 1.758 0 0 0 
48.49 89.9 40.522846 -3.413646 632.0 3 5 321.7 2.109 0 0 0 
49.53 89.8 40.523010 -3.413834 633.3 3 5 319.9 3.164 0 0 0 
50.50 89.6 40.523170 -3.414037 634.5 3 5 317.8 3.867 0 0 0 
51.57 89.6 40.523335 -3.414246 635.4 3 5 315.7 4.219 0 0 0 
52.49 89.6 40.523491 -3.414460 636.1 3 5 313.2 4.570 0 0 0 
53.48 89.7 40.523636 -3.414681 637.0 3 5 311.1 4.570 1 0 0 
54.51 89.9 40.523785 -3.414909 637.8 3 5 309.7 3.516 0 0 0 
55.55 90.3 40.523918 -3.415156 638.5 3 5 307.6 3.516 0 0 0 
56.59 91.9 40.524178 -3.415664 639.1 3 5 303.0 4.570 0 0 0 
57.50 91.9 40.524178 -3.415664 639.1 3 5 303.0 4.570 0 0 0 
58.49 92.1 40.524303 -3.415932 639.5 3 5 300.2 4.219 0 0 0 
59.57 93.0 40.524429 -3.416215 639.8 3 5 298.5 4.570 0 0 0 
60.48 93.4 40.524540 -3.416472 640.6 3 5 296.4 3.867 0 0 0 
61.50 95.5 40.524639 -3.416746 640.1 3 5 294.6 3.867 0 0 0 
62.52 93.5 40.524734 -3.417025 640.1 3 5 291.8 4.570 1 0 0 
63.49 93.1 40.524815 -3.417304 639.9 3 5 290.0 4.570 0 0 0 
64.50 94.3 40.524887 -3.417592 639.4 3 5 289.3 2.461 0 0 0 
65.49 97.1 40.524963 -3.417886 638.6 3 5 288.3 1.758 0 0 0 
66.49 96.3 40.525040 -3.418190 638.5 3 5 286.5 2.812 0 0 0 
67.49 96.5 40.525105 -3.418491 637.4 3 5 285.8 2.461 0 0 0 
68.50 97.6 40.525166 -3.418785 637.0 3 5 286.5 0.703 0 0 0 
69.50 96.5 40.525242 -3.419089 636.2 4 5 286.5 0.703 0 0 0 
70.54 94.7 40.525318 -3.419397 635.5 4 5 286.5 0 1 0 0 
71.50 93.0 40.525387 -3.419682 634.6 4 5 288.3 1.758 1 0 0 
72.50 93.6 40.525459 -3.419973 634.0 4 5 289.7 3.164 1 0 0 
73.51 90.8 40.525543 -3.420257 633.0 4 5 291.4 3.164 2 0 0 
74.56 89.1 40.525631 -3.420519 632.3 4 5 293.6 3.867 2 1 0 
75.49 87.6 40.525719 -3.420784 631.9 4 5 294.6 3.164 2 1 0 
76.49 88.0 40.525814 -3.421036 630.8 4 5 297.1 3.516 2 1 0 
77.52 86.1 40.525921 -3.421279 630.8 6 5 298.8 4.219 1 1 0 
78.50 86.3 40.526024 -3.421522 630.6 4 5 302.3 5.273 1 1 0 
79.58 86.0 40.526302 -3.421998 629.4 6 5 308.0 7.031 1 1 0 
80.48 86.0 40.526302 -3.421998 629.4 6 5 308.0 5.625 1 2 0 
81.58 85.6 40.526573 -3.422426 629.1 4 5 312.5 4.570 0 2 0 
82.51 85.6 40.526573 -3.422426 629.1 4 5 312.5 4.570 0 2 0 
83.50 85.8 40.526718 -3.422643 628.7 4 5 315.0 4.570 0 2 0 
84.50 86.2 40.526871 -3.422845 627.9 4 5 317.1 4.570 0 2 0 
85.50 87.3 40.527035 -3.423037 627.5 4 5 319.9 4.922 0 2 0 
86.51 86.9 40.527203 -3.423213 627.5 4 5 321.7 4.570 0 2 0 
87.50 87.3 40.527374 -3.423369 626.8 4 5 324.5 4.570 0 2 0 
88.50 87.6 40.527569 -3.423527 626.6 4 5 327.0 5.273 0 2 0 
89.50 87.7 40.527756 -3.423677 626.2 4 5 329.1 4.570 0 2 0 
90.50 88.2 40.527946 -3.423816 625.6 4 5 331.2 4.219 0 2 0 
91.50 87.6 40.528145 -3.423953 625.2 4 5 332.2 3.164 0 2 0 
92.50 89.9 40.528339 -3.424087 624.7 4 5 333.3 2.109 0 2 0 
93.52 90.0 40.528542 -3.424223 624.5 4 5 333.3 1.055 0 2 0 
94.55 91.5 40.528751 -3.424351 624.2 3 5 333.6 0.352 0 2 0 
95.50 92.8 40.528950 -3.424484 624.0 3 5 333.6 0.352 0 2 0 
96.51 92.9 40.529167 -3.424628 623.8 3 5 333.3 0.352 0 2 0 
97.51 91.4 40.529362 -3.424765 623.5 3 5 332.2 1.406 0 2 0 
98.49 89.5 40.529560 -3.424899 623.4 4 5 331.2 2.109 0 2 0 
99.49 91.2 40.529758 -3.425044 623.2 4 5 330.1 2.109 0 2 0 
100.49 86.7 40.529945 -3.425193 622.4 4 5 329.1 2.109 0 2 0 
101.51 85.9 40.530128 -3.425339 621.9 4 5 327.3 2.812 0 2 0 
102.52 86.5 40.530312 -3.425496 621.3 4 5 325.5 3.516 1 2 0 
103.53 86.2 40.530483 -3.425660 620.9 4 5 324.8 2.461 0 2 0 
104.49 87.3 40.530655 -3.425821 620.1 4 5 323.4 2.109 0 2 0 
105.54 86.8 40.530823 -3.425985 620.1 3 5 321.7 3.164 0 2 0 
106.52 85.3 40.530991 -3.426160 619.9 3 5 320.3 3.164 0 2 0 
107.60 84.0 40.531300 -3.426524 618.6 3 5 316.8 3.164 0 2 0 
108.59 85.6 40.531452 -3.426721 618.7 3 5 315.4 3.516 0 2 0 
109.52 85.6 40.531452 -3.426721 618.7 3 5 315.4 3.164 0 2 0 
110.50 85.5 40.531597 -3.426926 618.8 3 5 313.9 2.812 0 2 0 
111.48 86.2 40.531750 -3.427123 618.9 3 5 312.9 2.461 0 2 0 
112.48 84.7 40.531887 -3.427326 618.7 4 5 311.5 2.461 0 2 0 
113.48 85.0 40.532024 -3.427537 619.4 3 5 309.4 3.516 0 2 0 
114.48 84.9 40.532154 -3.427756 619.7 3 5 307.6 3.867 0 2 0 
115.48 84.4 40.532284 -3.427980 620.2 3 5 306.9 2.461 0 2 0 
116.51 85.3 40.532410 -3.428208 620.9 3 5 305.5 2.109 0 2 0 
117.51 84.8 40.532536 -3.428440 621.8 3 5 303.4 3.516 0 2 0 
118.50 83.9 40.532650 -3.428666 622.6 3 5 302.0 3.516 0 2 0 
119.57 83.4 40.532856 -3.429135 624.2 4 5 299.2 2.109 0 2 0 
120.50 83.4 40.532856 -3.429135 624.2 4 5 299.2 2.812 0 2 0 
121.52 84.0 40.532955 -3.429372 625.8 3 5 297.8 3.516 0 2 0 
122.52 82.8 40.533051 -3.429620 627.0 3 5 296.0 3.164 0 2 0 
123.53 83.0 40.533138 -3.429871 628.3 3 5 294.6 3.164 0 2 0 
124.49 82.3 40.533222 -3.430131 629.1 3 5 292.9 3.164 0 2 0 
125.49 81.6 40.533295 -3.430380 630.5 3 5 291.8 2.812 0 2 0 
126.48 81.0 40.533367 -3.430636 631.7 3 5 290.4 2.461 0 2 0 
127.49 80.4 40.533436 -3.430887 632.8 4 5 289.0 2.812 0 2 0 
128.48 80.1 40.533489 -3.431133 633.7 3 5 287.6 2.812 0 2 0 
129.50 80.1 40.533546 -3.431369 634.9 3 5 286.2 2.812 0 2 0 
130.50 80.2 40.533611 -3.431632 635.8 3 5 284.8 2.812 0 2 0 
131.51 78.5 40.533661 -3.431886 636.7 4 5 283.4 2.812 0 1 0 
132.49 80.1 40.533703 -3.432137 637.6 3 5 282.0 2.812 0 1 0 
133.50 79.1 40.533741 -3.432393 639.3 3 5 280.5 2.812 0 1 0 
134.50 78.7 40.533768 -3.432647 639.9 3 5 279.5 2.461 0 1 0 
135.53 79.5 40.533794 -3.432909 641.3 3 5 277.0 3.516 0 1 0 
136.49 79.2 40.533825 -3.433173 642.6 4 5 276.3 3.164 0 1 0 
137.50 78.8 40.533840 -3.433430 643.4 3 5 275.3 1.758 0 0 0 
138.50 78.6 40.533855 -3.433690 644.6 3 5 274.6 1.758 0 0 0 
139.50 78.6 40.533867 -3.433948 645.4 3 5 273.5 1.758 0 0 0 
140.50 76.9 40.533867 -3.434198 646.8 3 5 271.8 2.812 0 0 0 
141.50 78.6 40.533875 -3.434453 647.9 3 5 271.8 1.758 0 0 0 
142.55 78.5 40.533878 -3.434705 648.9 3 5 269.6 2.109 0 0 0 
143.49 78.6 40.533878 -3.434960 649.8 3 5 269.3 2.461 0 0 0 
144.53 78.2 40.533886 -3.435223 650.8 3 5 269.6 0.352 0 0 0 
145.58 77.5 40.533890 -3.435749 653.1 3 5 269.6 0.703 0 0 0 
146.50 77.5 40.533890 -3.435749 653.1 3 5 269.6 0.352 0 0 0 
147.56 78.0 40.533886 -3.435999 654.2 4 5 270.0 0.352 0 0 0 
148.58 77.5 40.533878 -3.436508 655.9 4 5 269.6 0.352 0 0 0 
149.51 77.5 40.533878 -3.436508 655.9 4 5 269.6 0.352 0 0 0 
150.50 75.9 40.533882 -3.436770 656.9 4 5 269.3 0.352 0 0 0 
151.50 77.8 40.533875 -3.437016 657.7 4 5 269.6 0.352 0 0 0 
152.50 78.3 40.533878 -3.437260 658.5 4 5 269.6 0.352 0 0 0 
153.50 78.0 40.533882 -3.437517 659.6 4 5 270.0 0.352 0 0 0 
154.52 78.8 40.533878 -3.437774 660.6 4 5 269.6 0.352 0 0 0 
155.51 78.5 40.533878 -3.438037 661.7 3 5 269.3 0.703 0 0 0 
156.52 78.4 40.533878 -3.438289 662.6 3 5 270.4 1.055 0 0 0 
157.53 77.6 40.533878 -3.438546 663.5 3 5 270.0 0.703 0 0 0 
158.49 78.0 40.533875 -3.438801 664.4 3 5 268.9 1.406 0 0 0 
159.50 79.3 40.533875 -3.439059 665.1 3 5 268.9 1.055 0 0 0 
160.56 81.2 40.533867 -3.439590 666.8 4 5 269.3 1.055 0 0 0 
161.51 81.2 40.533867 -3.439590 666.8 4 5 269.3 0.703 0 0 0 
162.51 81.3 40.533875 -3.439853 667.2 4 5 269.6 0.352 0 0 0 
163.56 82.1 40.533875 -3.440131 667.7 4 5 268.9 0.703 0 0 0 
164.51 83.6 40.533878 -3.440405 668.3 4 5 270.0 1.055 0 0 0 
165.58 85.0 40.533886 -3.440968 669.1 4 5 268.9 0.703 0 0 0 
166.55 85.0 40.533886 -3.440968 669.1 4 5 268.9 1.055 0 0 0 
167.50 87.2 40.533871 -3.441246 669.3 4 5 270.0 1.055 0 0 0 
168.50 87.5 40.533867 -3.441529 669.4 4 5 269.6 0.703 0 0 0 
169.52 86.1 40.533867 -3.441814 669.2 4 5 269.3 0.703 0 0 0 
170.50 85.8 40.533859 -3.442093 669.3 4 5 269.6 0.352 0 0 0 
171.54 85.6 40.533859 -3.442381 668.9 4 5 269.3 0.352 0 0 0 
172.52 86.3 40.533855 -3.442681 668.7 4 5 269.3 0.352 0 0 0 
173.54 84.9 40.533852 -3.442960 668.4 4 5 268.6 0.703 0 0 0 
174.48 84.7 40.533844 -3.443235 668.4 4 5 268.2 1.055 0 0 0 
175.49 82.7 40.533852 -3.443508 668.1 4 5 269.6 1.406 0 0 0 
176.49 83.0 40.533840 -3.443773 667.6 4 5 269.3 1.055 0 0 0 
177.49 83.7 40.533844 -3.444038 667.6 4 5 269.3 0.352 0 0 0 
178.51 83.6 40.533836 -3.444308 666.9 6 5 269.3 0 0 0 0 
179.49 83.8 40.533833 -3.444586 666.6 4 5 269.3 0 0 0 0 
180.52 85.3 40.533825 -3.444865 666.1 4 5 269.6 0.352 0 0 0 
181.49 84.7 40.533833 -3.445152 665.6 4 5 270.7 1.406 0 0 0 
182.56 85.9 40.533833 -3.445435 665.6 4 5 270.7 1.055 0 0 0 
183.51 85.9 40.533836 -3.445716 665.1 4 5 270.7 0 0 0 0 
184.51 86.1 40.533840 -3.446000 664.9 4 5 270.4 0.352 0 0 0 
185.51 87.9 40.533836 -3.446286 664.5 4 5 269.6 1.055 0 0 0 
186.49 89.7 40.533840 -3.446562 664.2 4 5 269.6 0.703 0 0 0 
187.50 90.6 40.533836 -3.446858 664.0 6 5 269.3 0.352 0 0 0 
188.50 90.5 40.533833 -3.447158 663.5 6 5 269.6 0.352 0 0 0 
189.60 87.8 40.533817 -3.447744 663.0 4 5 269.6 0.352 0 0 0 
190.49 87.8 40.533817 -3.447744 663.0 4 5 269.6 0 0 0 0 
191.57 87.3 40.533821 -3.448029 662.5 6 5 269.3 0.352 0 0 0 
192.50 86.1 40.533821 -3.448319 662.1 4 5 269.6 0.352 0 0 0 
193.58 86.8 40.533825 -3.448890 661.4 4 5 269.6 0.352 0 0 0 
194.50 86.8 40.533825 -3.448890 661.4 4 5 269.6 0 0 0 0 
195.50 88.4 40.533825 -3.449180 661.0 4 5 270.7 1.055 0 0 0 
196.49 87.9 40.533825 -3.449461 660.8 4 5 269.3 1.406 0 0 0 
197.50 87.4 40.533821 -3.449744 660.3 4 5 269.6 1.055 0 0 0 
198.50 88.4 40.533829 -3.450051 659.9 4 5 271.1 1.758 0 0 0 
199.50 87.5 40.533825 -3.450341 659.4 4 5 268.9 2.109 0 0 0 
200.50 87.6 40.533817 -3.450639 658.9 4 5 269.6 1.406 0 0 0 
201.50 88.5 40.533817 -3.450921 658.6 3 5 269.3 0.352 0 0 0 
202.52 90.0 40.533806 -3.451212 658.8 3 5 269.6 0.352 0 0 0 
203.51 89.1 40.533806 -3.451507 658.6 3 5 270.4 1.055 0 0 0 
204.50 90.4 40.533810 -3.451805 658.3 3 5 269.6 0.703 0 0 0 
205.54 89.9 40.533813 -3.452104 658.1 3 5 269.6 0.703 0 0 0 
206.50 89.6 40.533810 -3.452398 657.5 3 5 269.3 0.352 0 0 0 
207.49 89.6 40.533810 -3.452694 657.2 3 5 269.6 0.352 0 0 0 
208.51 89.5 40.533806 -3.452994 656.8 3 5 269.6 0.352 0 0 0 
209.54 89.4 40.533810 -3.453285 656.5 3 5 269.6 0 0 0 0 
210.54 89.0 40.533806 -3.453581 656.1 3 5 269.6 0 0 0 0 
211.58 87.7 40.533806 -3.453871 655.4 4 5 269.6 0 0 0 0 
212.49 86.9 40.533806 -3.454148 655.0 4 5 270.0 0.352 0 0 0 
213.48 85.3 40.533806 -3.454425 654.6 3 5 269.6 0.352 0 0 0 
214.50 84.3 40.533810 -3.454703 654.0 3 5 270.0 0.352 0 0 0 
215.49 83.7 40.533813 -3.454983 653.6 4 5 269.6 0.352 0 0 0 
216.48 84.1 40.533810 -3.455261 653.0 4 5 269.6 0.352 0 0 0 
217.51 82.5 40.533794 -3.455534 652.9 4 5 268.9 0.703 0 0 0 
218.50 82.1 40.533791 -3.455815 652.4 4 5 269.6 0.703 0 0 0 
219.51 81.0 40.533775 -3.456062 651.9 4 5 268.9 0.703 0 0 0 
220.49 81.3 40.533783 -3.456320 651.7 4 5 270.0 1.055 0 0 0 
221.51 82.2 40.533787 -3.456584 651.4 4 5 269.6 0.703 0 0 0 
222.52 83.7 40.533787 -3.456861 651.5 4 5 269.6 0.352 0 0 0 
223.51 84.5 40.533791 -3.457130 651.4 4 5 269.6 0 0 0 0 
224.51 84.5 40.533802 -3.457412 651.0 4 5 269.6 0 0 0 0 
225.51 83.3 40.533783 -3.457686 651.0 4 5 269.6 0 0 0 0 
226.48 82.3 40.533783 -3.457945 650.7 4 5 269.6 0 0 0 0 
227.52 81.1 40.533768 -3.458210 650.8 4 5 269.6 0 0 0 0 
228.48 79.8 40.533764 -3.458469 650.6 4 5 269.6 0 0 0 0 
229.48 78.4 40.533764 -3.458729 650.5 4 5 269.3 0.352 0 0 0 
230.48 76.8 40.533760 -3.458985 650.5 3 5 269.6 0.352 0 0 0 
231.49 75.9 40.533756 -3.459226 650.7 3 5 270.0 0.703 0 0 0 
232.49 75.5 40.533756 -3.459475 650.8 3 5 269.6 0.352 0 0 0 
233.59 76.1 40.533756 -3.459977 651.3 3 5 269.6 0 0 0 0 
234.52 76.1 40.533756 -3.459977 651.3 3 5 269.6 0 0 0 0 
235.49 76.9 40.533756 -3.460234 651.5 3 5 269.3 0.352 0 0 0 
236.49 78.7 40.533737 -3.460466 651.8 3 5 269.6 0.352 0 0 0 
237.48 79.5 40.533733 -3.460724 652.0 3 5 270.0 0.703 0 0 0 
238.49 80.1 40.533745 -3.460986 652.3 4 5 269.3 0.703 0 0 0 
239.50 80.2 40.533745 -3.461256 652.5 4 5 269.6 0.352 0 0 0 
240.49 79.2 40.533745 -3.461519 653.0 4 5 269.6 0.352 0 0 0 
241.53 77.8 40.533741 -3.461776 653.9 4 5 269.6 0 0 0 0 
242.51 78.5 40.533745 -3.462030 654.1 3 5 271.1 1.406 1 0 0 
243.50 77.8 40.533752 -3.462286 654.3 3 5 270.0 1.055 1 0 0 
244.50 78.9 40.533749 -3.462546 655.2 3 5 269.3 1.758 1 0 0 
245.50 79.0 40.533737 -3.462806 655.4 3 5 269.3 0.703 0 0 0 
246.59 77.5 40.533737 -3.463308 655.9 3 5 269.3 0.352 1 0 0 
247.49 77.5 40.533737 -3.463308 655.9 3 5 269.3 0.352 0 0 0 
248.49 77.8 40.533730 -3.463565 656.0 3 5 269.6 0.352 0 0 0 
249.55 77.2 40.533737 -3.463823 656.4 4 5 269.6 0.352 0 0 0 
250.49 75.7 40.533733 -3.464068 656.6 3 5 269.6 0 0 0 0 
251.49 73.8 40.533730 -3.464314 657.1 3 5 269.6 0 0 0 0 
252.49 71.7 40.533730 -3.464556 657.4 3 5 270.0 0.352 0 0 0 
253.49 72.1 40.533733 -3.464783 657.8 3 5 270.4 0.703 1 0 0 
254.49 72.0 40.533737 -3.465019 658.0 4 5 270.4 0.352 1 0 0 
255.50 72.4 40.533749 -3.465265 658.4 4 5 272.8 2.461 0 0 0 
256.49 73.4 40.533764 -3.465508 658.6 4 5 274.9 4.570 0 0 0 
257.51 73.4 40.533794 -3.465741 659.0 4 5 277.4 4.570 0 0 0 
258.50 72.9 40.533817 -3.465974 659.0 4 5 278.8 3.867 0 0 0 
259.54 71.3 40.533852 -3.466186 659.1 3 5 281.2 3.867 0 0 0 
260.50 69.8 40.533894 -3.466413 659.7 3 5 283.0 4.219 0 0 0 
261.60 70.1 40.533985 -3.466866 660.1 3 5 286.2 3.516 0 0 0 
262.59 71.7 40.534046 -3.467085 660.7 3 5 289.7 3.164 0 0 0 
263.52 71.7 40.534046 -3.467085 660.7 3 5 289.7 4.922 0 0 0 
264.49 73.2 40.534107 -3.467307 661.0 3 5 292.5 6.328 0 0 0 
265.54 74.6 40.534199 -3.467530 661.4 3 5 294.6 4.922 0 0 0 
266.51 75.6 40.534290 -3.467737 661.8 3 5 297.8 5.273 0 0 0 
267.50 75.5 40.534386 -3.467956 662.1 4 5 299.9 5.273 0 0 0 
268.50 75.1 40.534485 -3.468161 662.6 3 5 302.0 4.219 0 0 0 
269.53 75.6 40.534592 -3.468371 662.8 3 5 304.5 4.570 0 0 0 
270.58 74.7 40.534821 -3.468768 663.2 3 5 309.4 4.570 0 0 0 
271.51 74.7 40.534821 -3.468768 663.2 3 5 309.4 4.922 0 0 0 
272.48 75.3 40.534939 -3.468958 663.6 3 5 311.8 5.273 0 0 0 
273.53 76.1 40.535069 -3.469135 664.1 3 5 315.0 5.625 0 0 0 
274.53 76.5 40.535210 -3.469302 664.2 3 5 317.5 5.625 0 0 0 
275.52 76.4 40.535355 -3.469469 664.6 3 5 320.3 5.273 0 0 0 
276.51 75.9 40.535503 -3.469622 664.9 3 5 322.0 4.570 2 0 0 
277.51 74.6 40.535641 -3.469763 665.1 4 5 324.1 3.867 2 1 0 
278.58 78.3 40.535954 -3.470034 666.1 3 5 328.0 3.867 1 1 0 
279.61 79.5 40.536129 -3.470160 666.4 3 5 331.2 3.867 0 1 0 
280.49 79.5 40.536129 -3.470160 666.4 3 5 331.2 5.273 0 1 0 
281.58 81.0 40.536484 -3.470397 667.1 4 5 336.4 5.977 0 1 0 
282.58 80.5 40.536674 -3.470499 667.6 4 5 339.3 5.273 0 1 0 
283.48 80.5 40.536674 -3.470499 667.6 4 5 339.3 5.273 0 1 0 
284.61 82.7 40.537060 -3.470677 668.8 4 5 343.1 5.273 0 1 0 
285.52 82.7 40.537060 -3.470677 668.8 4 5 343.1 3.867 0 1 0 
286.52 83.9 40.537258 -3.470745 669.3 4 5 344.2 2.461 0 1 0 
287.50 83.9 40.537460 -3.470824 669.7 4 5 344.2 1.055 0 1 0 
288.51 82.6 40.537663 -3.470887 669.8 4 5 345.2 1.055 0 1 0 
289.48 79.6 40.537857 -3.470937 670.2 4 5 346.3 2.109 0 1 0 
290.49 79.8 40.538052 -3.470990 670.6 4 5 345.9 0.703 0 1 0 
291.51 80.6 40.538242 -3.471047 670.6 4 5 346.3 0.352 0 1 0 
292.50 81.7 40.538441 -3.471105 671.0 4 5 345.9 0.352 0 1 0 
293.48 81.7 40.538639 -3.471169 671.4 4 5 345.9 0.352 0 1 0 
294.50 82.6 40.538834 -3.471241 671.8 4 5 345.6 0.352 0 1 0 
295.50 83.8 40.539043 -3.471311 672.1 6 5 345.9 0.352 0 1 0 
296.49 84.3 40.539246 -3.471378 672.8 6 5 346.3 0.703 0 1 0 
297.57 85.8 40.539658 -3.471514 673.5 6 5 345.6 1.055 0 1 0 
298.49 85.8 40.539658 -3.471514 673.5 6 5 345.6 0.703 0 1 0 
299.49 86.6 40.539871 -3.471587 674.1 4 5 345.9 0.703 0 1 0 
300.52 86.4 40.540081 -3.471657 674.8 4 5 345.9 0.352 0 1 0 
301.60 86.1 40.540493 -3.471795 675.6 4 5 345.6 0.352 0 1 0 
302.49 86.1 40.540493 -3.471795 675.6 4 5 345.6 0.703 0 1 0 
303.50 84.2 40.540695 -3.471859 675.6 4 5 345.6 0.703 0 0 0 
304.50 83.3 40.540897 -3.471926 676.3 4 5 345.6 0 0 0 0 
305.49 83.7 40.541100 -3.471992 676.7 4 5 345.6 0 0 0 0 
306.49 85.4 40.541309 -3.472059 677.2 6 5 345.9 0.352 0 0 0 
307.52 84.2 40.541515 -3.472123 677.6 6 5 345.9 0.352 0 0 0 
308.49 84.7 40.541718 -3.472185 678.4 6 5 345.9 0 0 0 0 
309.53 83.8 40.541924 -3.472253 678.8 6 5 345.9 0 0 0 0 
310.52 82.8 40.542133 -3.472322 679.3 6 5 345.9 0 0 0 0 
311.49 80.5 40.542324 -3.472382 679.9 6 5 345.9 0 0 0 0 
312.49 78.6 40.542519 -3.472445 680.4 4 5 346.6 0.703 0 0 0 
313.54 77.3 40.542706 -3.472508 680.8 4 5 346.3 0.352 0 0 0 
314.50 74.9 40.542892 -3.472558 681.2 4 5 346.3 0.352 0 0 0 
315.51 73.4 40.543072 -3.472620 681.5 4 5 346.3 0 0 0 0 
316.61 72.0 40.543423 -3.472752 682.7 3 5 345.6 0.703 0 0 0 
317.50 72.0 40.543423 -3.472752 682.7 3 5 345.6 0.703 0 0 0 
318.50 74.9 40.543602 -3.472817 683.3 4 5 345.9 0.352 0 0 0 
319.50 74.0 40.543781 -3.472870 684.1 4 5 345.9 0.352 0 0 0 
320.56 74.7 40.543968 -3.472944 684.4 3 5 344.9 1.055 0 0 0 
321.51 75.1 40.544147 -3.473015 685.3 4 5 345.2 0.703 0 0 0 
322.49 76.3 40.544327 -3.473082 686.2 4 5 345.2 0.352 0 0 0 
323.49 76.6 40.544518 -3.473146 687.0 4 5 345.9 0.703 0 0 0 
324.49 77.3 40.544704 -3.473211 687.7 3 5 345.9 0.703 0 0 0 
325.51 77.8 40.544903 -3.473243 688.5 4 5 345.9 0 0 0 0 
326.48 78.9 40.545097 -3.473314 689.2 4 5 345.6 0.352 0 0 0 
327.50 79.5 40.545292 -3.473380 690.1 4 5 345.6 0.352 0 0 0 
328.52 80.0 40.545486 -3.473452 690.7 4 5 345.6 0 0 0 0 
329.53 80.7 40.545685 -3.473524 691.7 4 5 345.6 0 0 0 0 
330.50 80.3 40.545876 -3.473595 692.5 4 5 345.6 0 0 0 0 
331.50 80.0 40.546070 -3.473645 693.4 6 5 345.6 0 0 0 0 
332.50 78.4 40.546268 -3.473727 694.4 4 5 344.9 0.703 0 0 0 
333.50 78.3 40.546455 -3.473807 695.0 3 5 344.2 1.406 0 0 0 
334.50 77.9 40.546638 -3.473865 695.6 3 5 343.8 1.055 0 0 0 
335.51 76.8 40.546829 -3.473937 696.8 3 5 343.5 0.703 0 0 0 
336.56 78.8 40.547012 -3.474021 697.5 4 5 342.4 1.406 0 0 0 
337.48 79.1 40.547199 -3.474095 698.3 4 5 342.1 1.406 0 0 0 
338.51 77.4 40.547379 -3.474175 699.1 6 5 340.7 1.758 0 0 0 
339.49 77.0 40.547554 -3.474248 699.6 3 5 340.7 1.406 0 0 0 
340.51 75.7 40.547733 -3.474340 700.1 4 5 339.3 1.406 0 0 0 
341.52 77.4 40.547909 -3.474427 700.7 4 5 338.9 1.758 0 0 0 
342.62 78.9 40.548279 -3.474640 702.4 4 5 337.1 1.055 0 0 0 
343.51 78.9 40.548279 -3.474640 702.4 4 5 337.1 1.758 0 0 0 
344.51 78.0 40.548458 -3.474737 703.2 4 5 335.7 2.461 0 0 0 
345.51 77.9 40.548645 -3.474852 703.9 3 5 335.0 2.109 0 0 0 
346.50 76.0 40.548820 -3.474963 704.5 3 5 334.0 1.758 0 0 0 
347.48 75.7 40.548996 -3.475083 704.8 3 5 333.3 1.758 0 0 0 
348.51 72.4 40.549168 -3.475200 705.5 3 5 331.2 2.812 0 0 0 
349.51 71.9 40.549332 -3.475302 706.4 4 5 331.9 1.406 0 0 0 
350.53 71.3 40.549488 -3.475421 707.0 3 5 331.2 0.703 0 0 0 
351.49 72.2 40.549652 -3.475531 707.7 3 5 330.1 1.758 0 0 0 
352.49 73.0 40.549812 -3.475652 708.2 3 5 329.8 1.406 0 0 0 
353.52 74.0 40.549969 -3.475782 709.0 3 5 328.4 1.758 0 0 0 
354.53 74.1 40.550133 -3.475910 709.5 3 5 328.4 1.406 0 0 0 
355.48 75.7 40.550289 -3.476050 710.4 4 5 327.3 1.055 0 0 0 
356.49 76.0 40.550446 -3.476184 711.2 4 5 325.9 2.461 0 0 0 
357.52 76.5 40.550594 -3.476327 712.0 4 5 325.2 2.109 0 0 0 
358.59 77.0 40.550915 -3.476615 713.6 4 5 324.5 1.406 0 0 0 
359.59 77.0 40.550915 -3.476615 713.6 4 5 324.5 0.703 0 0 0 
360.50 77.4 40.551071 -3.476762 714.2 4 5 324.1 0.352 0 0 0 
361.52 79.4 40.551212 -3.476914 714.9 3 5 321.7 2.812 0 0 0 
362.49 80.0 40.551373 -3.477084 715.6 4 5 320.6 3.516 0 0 0 
363.50 80.4 40.551540 -3.477262 716.6 4 5 319.6 2.109 0 0 0 
364.49 81.1 40.551689 -3.477429 717.4 4 5 318.5 2.109 0 0 0 
365.58 82.7 40.551998 -3.477782 718.8 4 5 317.1 1.758 0 0 0 
366.58 82.8 40.552147 -3.477968 719.5 4 5 316.4 1.406 0 0 0 
367.50 82.8 40.552147 -3.477968 719.5 4 5 316.4 1.406 0 0 0 
368.57 83.8 40.552433 -3.478340 720.7 4 5 315.0 1.406 0 0 0 
369.49 83.8 40.552433 -3.478340 720.7 4 5 315.0 1.406 0 0 0 
370.50 85.4 40.552586 -3.478536 721.7 4 5 312.9 2.812 0 0 0 
371.49 85.5 40.552738 -3.478739 722.4 4 5 312.5 2.461 0 0 0 
372.53 86.8 40.552879 -3.478954 723.0 4 5 311.1 1.758 0 0 0 
373.57 87.5 40.553158 -3.479396 724.6 4 5 309.4 2.461 0 0 0 
374.50 87.5 40.553158 -3.479396 724.6 4 5 309.4 1.758 0 0 0 
375.51 87.8 40.553295 -3.479629 725.2 4 5 308.0 2.109 0 0 0 
376.50 87.6 40.553432 -3.479859 725.9 3 5 307.3 2.109 0 0 0 
377.50 86.9 40.553566 -3.480079 726.4 4 5 305.9 2.109 0 0 0 
378.50 87.3 40.553688 -3.480324 726.9 4 5 305.2 2.109 0 0 0 
379.50 88.5 40.553814 -3.480565 727.3 4 5 304.5 1.406 0 0 0 
380.51 89.4 40.553936 -3.480810 728.0 4 5 303.8 1.406 0 0 0 
381.50 89.9 40.554054 -3.481053 728.4 4 5 302.3 2.109 0 0 0 
382.56 91.3 40.554295 -3.481562 729.7 4 5 301.3 1.055 0 0 0 
383.49 91.3 40.554295 -3.481562 729.7 4 5 301.3 1.055 0 0 0 
384.52 93.0 40.554417 -3.481838 730.3 4 5 299.5 1.758 0 0 0 
385.50 93.9 40.554531 -3.482106 731.0 4 5 297.4 3.867 0 0 0 
386.50 95.5 40.554646 -3.482386 731.1 4 5 296.7 2.812 0 0 0 
387.51 97.3 40.554752 -3.482667 731.6 6 5 295.7 1.758 0 0 0 
388.50 96.2 40.554855 -3.482963 731.7 6 5 295.0 1.758 0 0 0 
389.50 94.8 40.554947 -3.483250 731.8 6 5 293.9 1.758 0 0 0 
390.51 92.4 40.555046 -3.483543 732.0 6 5 292.5 2.461 0 0 0 
391.50 91.6 40.555134 -3.483817 732.4 6 5 292.1 1.758 0 0 0 
392.50 91.5 40.555214 -3.484094 732.0 4 5 291.1 1.406 0 0 0 
393.50 93.0 40.555294 -3.484379 732.9 6 5 290.0 2.109 0 0 0 
394.60 93.1 40.555439 -3.484966 733.7 6 5 286.9 2.461 0 0 0 
395.49 93.1 40.555439 -3.484966 733.7 6 5 286.9 3.164 0 0 0 
396.52 91.6 40.555500 -3.485254 734.0 6 5 285.8 2.812 0 0 0 
397.51 89.6 40.555569 -3.485546 733.8 6 5 285.5 1.406 0 0 0 
398.53 86.6 40.555622 -3.485835 733.9 6 5 284.1 1.758 0 0 0 
399.58 83.8 40.555725 -3.486374 734.0 6 5 282.3 2.461 0 0 0 
400.61 84.4 40.555767 -3.486640 734.4 6 5 282.0 1.758 0 0 0 
401.56 85.5 40.555805 -3.486915 734.5 4 5 280.5 1.055 0 0 0 
402.59 87.1 40.555840 -3.487197 734.9 4 5 279.8 1.758 0 0 0 
403.49 87.1 40.555840 -3.487197 734.9 4 5 279.8 2.109 0 0 0 
404.60 88.6 40.555904 -3.487755 735.4 4 5 277.7 1.758 0 0 0 
405.49 88.6 40.555904 -3.487755 735.4 4 5 277.7 2.109 0 0 0 
406.58 88.7 40.555946 -3.488333 735.9 4 5 275.3 2.109 0 0 0 
407.48 88.7 40.555946 -3.488333 735.9 4 5 275.3 2.461 0 0 0 
408.48 88.4 40.555954 -3.488622 736.0 4 5 273.5 3.164 0 0 0 
409.49 87.7 40.555965 -3.488903 736.1 4 5 272.8 2.461 0 0 0 
410.53 86.3 40.555969 -3.489168 736.2 6 5 270.7 2.812 0 0 0 
411.48 86.6 40.555965 -3.489453 736.5 6 5 268.2 4.570 0 0 0 
412.48 85.6 40.555950 -3.489738 736.7 6 5 266.5 4.219 0 0 0 
413.52 85.2 40.555923 -3.490021 736.7 6 5 264.4 3.867 0 0 0 
414.48 86.0 40.555893 -3.490298 737.3 6 5 262.3 4.219 0 0 0 
415.49 87.0 40.555859 -3.490576 737.5 6 5 260.5 3.867 0 0 0 
416.51 85.6 40.555813 -3.490854 737.8 4 5 258.4 3.867 0 0 0 
417.49 84.7 40.555763 -3.491120 738.0 4 5 256.6 3.867 0 0 0 
418.49 84.5 40.555706 -3.491385 737.9 6 5 255.2 3.164 0 0 0 
419.51 85.6 40.555637 -3.491648 738.1 4 5 252.8 3.867 0 0 0 
420.49 84.3 40.555576 -3.491912 738.0 4 5 250.7 4.570 0 0 0 
421.50 84.1 40.555500 -3.492173 738.5 4 5 249.3 3.516 0 0 0 
422.50 83.8 40.555420 -3.492426 738.8 4 5 246.8 3.867 0 0 0 
423.49 83.9 40.555332 -3.492679 738.8 4 5 245.7 3.516 1 0 0 
424.52 81.2 40.555241 -3.492931 739.0 4 5 243.6 3.164 1 0 0 
425.49 79.4 40.555153 -3.493175 738.7 4 5 242.6 3.164 0 0 0 
426.49 78.4 40.555061 -3.493414 738.6 4 5 242.9 0.703 0 0 0 
427.50 79.1 40.554970 -3.493644 738.4 3 5 242.6 0.352 0 0 0 
428.49 80.4 40.554882 -3.493871 738.8 3 5 242.9 0.352 0 0 0 
429.57 82.7 40.554703 -3.494359 739.2 3 5 245.4 1.758 0 0 0 
430.53 82.7 40.554703 -3.494359 739.2 3 5 245.4 2.461 0 0 0 
431.49 81.8 40.554615 -3.494603 739.3 3 5 247.9 3.516 0 0 0 
432.50 80.7 40.554550 -3.494840 739.1 4 5 250.3 4.922 0 0 0 
433.50 79.4 40.554478 -3.495085 739.2 4 5 251.7 3.867 0 0 0 
434.59 82.2 40.554375 -3.495587 739.3 4 5 256.6 4.219 0 0 0 
435.53 82.2 40.554375 -3.495587 739.3 4 5 256.6 4.922 0 0 0 
436.57 83.2 40.554295 -3.496130 740.1 4 5 260.2 4.219 0 0 0 
437.50 83.2 40.554295 -3.496130 740.1 4 5 260.2 3.516 1 0 0 
438.50 83.6 40.554268 -3.496399 740.1 4 5 263.3 4.570 1 0 0 
439.51 82.1 40.554241 -3.496670 740.2 4 5 264.7 4.570 0 0 0 
440.50 79.5 40.554226 -3.496941 740.3 4 5 266.1 2.812 0 0 0 
441.59 77.3 40.554222 -3.497454 740.4 3 5 270.7 3.867 0 0 0 
442.52 77.3 40.554222 -3.497454 740.4 3 5 270.7 4.570 0 0 0 
443.51 78.2 40.554237 -3.497724 740.5 3 5 272.8 4.219 0 0 0 
444.52 79.3 40.554249 -3.497983 741.0 3 5 275.6 4.922 0 0 0 
445.54 81.1 40.554264 -3.498240 741.3 3 5 278.4 5.625 0 0 0 
446.50 83.8 40.554306 -3.498510 741.4 4 5 280.9 5.273 0 0 0 
447.50 83.3 40.554348 -3.498779 741.6 4 5 282.3 3.867 0 0 0 
448.56 83.7 40.554398 -3.499043 741.5 4 5 284.1 3.164 0 0 0 
449.50 84.2 40.554451 -3.499311 741.5 3 5 285.8 3.516 0 0 0 
450.55 83.4 40.554512 -3.499559 741.6 4 5 286.2 2.109 0 0 0 
451.50 84.1 40.554565 -3.499824 741.3 4 5 286.2 0.352 0 0 0 
452.51 83.1 40.554623 -3.500084 740.6 4 5 286.9 0.703 1 0 0 
453.51 80.8 40.554680 -3.500344 739.9 4 5 285.8 1.055 0 1 0 
454.60 82.0 40.554844 -3.500842 738.1 4 5 297.4 7.734 0 1 0 
455.52 82.0 40.554844 -3.500842 738.1 4 5 297.4 11.602 0 1 0 
456.57 81.6 40.554951 -3.501074 737.5 4 5 302.3 8.789 0 1 0 
457.48 81.5 40.555065 -3.501298 736.6 4 5 303.4 5.977 0 1 0 
458.51 80.6 40.555176 -3.501518 735.8 4 5 304.8 2.461 0 1 0 
459.49 80.9 40.555294 -3.501739 734.4 4 5 305.5 2.109 0 1 0 
460.58 85.7 40.555546 -3.502192 732.9 4 5 304.5 0.703 0 1 0 
461.61 88.7 40.555668 -3.502433 732.0 4 5 303.4 1.055 0 1 0 
462.51 88.7 40.555668 -3.502433 732.0 4 5 303.4 2.109 0 1 0 
463.51 90.0 40.555786 -3.502678 731.5 4 5 300.9 3.516 0 1 0 
464.51 93.0 40.555901 -3.502943 730.6 4 5 299.2 4.219 0 1 0 
465.65 93.0 40.556019 -3.503206 729.6 6 5 297.4 3.516 0 1 0 
466.51 92.6 40.556126 -3.503477 728.1 6 5 296.0 3.164 0 1 0 
467.60 92.1 40.556313 -3.504012 725.8 6 5 292.1 3.164 0 1 0 
468.60 91.7 40.556393 -3.504299 724.3 6 5 289.7 3.867 0 1 0 
469.49 91.7 40.556393 -3.504299 724.3 6 5 289.7 4.570 0 1 0 
470.48 91.1 40.556469 -3.504585 722.8 6 5 287.9 4.219 0 1 0 
471.57 91.3 40.556595 -3.505155 720.9 6 5 284.8 3.164 0 1 0 
472.50 91.3 40.556595 -3.505155 720.9 6 5 284.8 3.164 0 1 0 
473.50 91.3 40.556652 -3.505445 719.7 6 5 284.8 1.055 0 1 0 
474.51 91.8 40.556683 -3.505746 718.1 6 5 280.9 3.867 0 1 0 
475.50 91.0 40.556725 -3.506036 716.9 6 5 280.2 4.570 0 1 0 
476.49 90.5 40.556751 -3.506335 715.9 6 5 278.4 2.461 0 1 0 
477.49 85.6 40.556767 -3.506644 714.7 6 5 274.2 5.977 0 1 0 
478.56 82.8 40.556778 -3.507201 711.9 6 5 271.1 5.977 0 1 0 
479.57 82.4 40.556782 -3.507476 710.9 6 5 269.6 3.164 0 1 0 
480.50 82.4 40.556782 -3.507476 710.9 6 5 269.6 2.812 0 1 0 
481.48 82.4 40.556774 -3.507741 709.7 6 5 268.2 2.812 0 1 0 
482.60 81.9 40.556770 -3.508279 707.5 6 5 267.9 2.109 0 1 0 
483.51 81.9 40.556770 -3.508279 707.5 6 5 267.9 0.352 0 1 0 
484.49 82.3 40.556763 -3.508548 706.5 6 5 267.9 0.352 0 0 0 
485.50 82.0 40.556763 -3.508810 705.1 6 5 268.2 0.352 0 0 0 
486.49 82.8 40.556767 -3.509080 704.0 6 5 270.0 2.109 0 0 0 
487.49 80.7 40.556774 -3.509326 702.6 8 5 270.0 1.758 0 0 0 
488.49 83.1 40.556793 -3.509579 701.9 8 5 272.5 2.461 0 0 0 
489.56 83.3 40.556808 -3.509857 700.9 8 5 274.2 4.219 0 0 0 
490.50 85.9 40.556831 -3.510123 699.9 8 5 277.4 4.922 0 0 0 
491.51 87.3 40.556862 -3.510414 698.7 6 5 279.5 5.273 0 0 0 
492.49 90.8 40.556904 -3.510705 697.8 6 5 281.2 3.867 0 0 0 
493.49 91.2 40.556957 -3.510988 697.3 6 5 283.4 3.867 0 0 0 
494.50 90.5 40.557018 -3.511276 696.1 6 5 286.5 5.273 0 0 0 
495.50 90.1 40.557087 -3.511561 694.4 6 5 288.6 5.273 0 0 0 
496.53 89.8 40.557167 -3.511830 693.4 6 5 290.7 4.219 0 0 0 
497.49 89.0 40.557247 -3.512105 692.2 6 5 292.1 3.516 0 0 0 
498.57 89.0 40.557434 -3.512644 689.6 6 5 296.4 4.219 0 0 0 
499.50 89.0 40.557434 -3.512644 689.6 6 5 296.4 4.219 0 0 0 
500.50 90.7 40.557541 -3.512893 688.7 6 5 298.8 3.867 0 0 0 
501.49 94.2 40.557659 -3.513150 687.5 6 5 300.9 4.570 0 0 0 
502.50 94.8 40.557793 -3.513412 686.4 6 5 303.8 4.922 0 0 0 
503.49 95.2 40.557922 -3.513655 685.2 6 5 306.2 5.273 0 0 0 
504.50 94.6 40.558067 -3.513906 683.9 6 5 307.3 3.516 0 0 0 
505.55 94.2 40.558231 -3.514144 682.4 6 5 311.1 4.922 0 0 0 
506.50 93.8 40.558384 -3.514379 681.2 6 5 312.9 5.625 0 0 0 
507.49 93.1 40.558548 -3.514602 680.3 6 5 315.4 4.219 0 0 0 
508.48 92.1 40.558720 -3.514811 679.2 6 5 317.1 4.219 0 0 0 
509.61 91.2 40.559052 -3.515193 677.4 6 5 322.0 3.867 0 0 0 
510.50 91.2 40.559052 -3.515193 677.4 6 5 322.0 4.922 0 0 0 
511.52 90.6 40.559242 -3.515364 676.7 6 5 324.5 5.273 0 0 0 
512.61 89.5 40.559616 -3.515728 675.0 6 5 328.7 3.516 0 0 0 
513.49 89.5 40.559616 -3.515728 675.0 6 5 328.7 4.219 0 0 0 
514.53 87.8 40.559811 -3.515873 674.1 6 5 330.5 4.922 0 0 0 
515.53 86.7 40.560005 -3.516000 673.5 6 5 332.6 3.867 0 0 0 
516.50 88.3 40.560207 -3.516126 672.5 6 5 334.7 4.219 0 0 0 
517.51 88.4 40.560413 -3.516235 672.0 6 5 336.4 3.867 0 0 0 
518.50 88.7 40.560619 -3.516328 671.2 6 5 339.3 4.570 0 0 0 
519.51 87.6 40.560825 -3.516428 670.1 6 5 341.0 4.570 0 0 0 
520.51 87.4 40.561031 -3.516499 669.3 6 5 343.8 4.570 0 0 0 
521.51 86.4 40.561245 -3.516578 668.8 6 5 345.2 4.219 0 0 0 
522.61 85.1 40.561672 -3.516690 666.9 6 5 350.5 5.273 0 0 0 
523.49 85.1 40.561672 -3.516690 666.9 6 5 350.5 5.273 0 0 0 
524.51 84.7 40.561886 -3.516704 665.9 6 5 351.9 3.867 0 0 0 
525.58 85.0 40.562305 -3.516772 664.2 6 5 353.7 2.461 0 0 0 
526.50 85.0 40.562305 -3.516772 664.2 6 5 353.7 1.758 0 0 0 
527.56 84.5 40.562729 -3.516826 662.8 6 5 354.0 1.055 0 0 0 
528.48 84.5 40.562729 -3.516826 662.8 6 5 354.0 0.352 0 0 0 
529.52 84.2 40.562939 -3.516835 662.1 6 5 354.0 0 0 0 0 
530.49 83.4 40.563145 -3.516860 661.4 6 5 353.7 0.352 0 0 0 
531.48 82.4 40.563343 -3.516891 660.5 6 5 353.3 0.703 1 0 0 
532.48 83.8 40.563545 -3.516926 659.8 6 5 351.9 1.758 1 0 0 
533.48 86.9 40.563747 -3.516970 659.0 6 5 351.6 1.758 0 0 0 
534.49 89.0 40.563965 -3.517022 658.6 6 5 350.2 1.758 0 0 0 
535.59 94.0 40.564411 -3.517149 657.9 6 5 347.3 2.812 0 0 0 
536.49 94.0 40.564411 -3.517149 657.9 6 5 347.3 2.812 0 0 0 
537.55 95.6 40.564648 -3.517223 657.2 6 5 346.3 2.461 0 0 0 
538.49 96.1 40.564880 -3.517307 657.0 6 5 344.9 2.461 0 0 0 
539.49 96.4 40.565117 -3.517408 656.1 6 5 343.5 2.812 1 0 0 
540.49 97.7 40.565350 -3.517499 655.7 6 5 342.8 2.109 0 0 0 
541.49 98.6 40.565586 -3.517596 654.9 6 5 342.1 1.406 0 0 0 
542.50 100.0 40.565823 -3.517701 654.7 6 5 340.7 2.109 0 0 0 
543.51 101.4 40.566055 -3.517817 654.4 6 5 338.9 3.164 0 0 0 
544.49 100.1 40.566292 -3.517942 654.4 6 5 337.5 3.164 0 0 0 
545.50 97.6 40.566517 -3.518070 654.0 6 5 335.7 3.164 0 0 0 
546.52 95.3 40.566734 -3.518206 653.8 6 5 334.7 2.812 1 0 0 
547.52 93.4 40.566948 -3.518345 653.9 6 5 334.3 1.406 0 0 0 
548.49 90.9 40.567162 -3.518481 653.6 6 5 332.9 1.758 0 0 0 
549.49 91.4 40.567364 -3.518615 653.7 6 5 332.2 2.109 0 0 0 
550.56 91.2 40.567566 -3.518754 653.8 6 5 330.8 2.109 0 0 0 
551.51 91.0 40.567764 -3.518895 654.3 6 5 330.5 1.758 0 0 0 
552.50 89.5 40.567955 -3.519051 654.5 6 5 328.0 2.812 0 0 0 
553.49 87.4 40.568138 -3.519204 654.9 6 5 327.0 3.516 0 0 0 
554.50 85.8 40.568317 -3.519354 654.8 6 5 325.5 2.461 0 0 0 
555.49 85.7 40.568493 -3.519512 655.0 6 5 325.5 1.406 0 0 0 
556.53 87.7 40.568668 -3.519674 655.2 6 5 323.4 2.109 0 0 0 
557.50 89.0 40.568840 -3.519852 655.6 6 5 322.4 3.164 0 0 0 
558.52 88.6 40.569012 -3.520039 655.9 6 5 320.6 2.812 0 0 0 
559.48 91.0 40.569187 -3.520227 656.6 6 5 320.3 2.109 0 0 0 
560.61 93.2 40.569534 -3.520634 657.3 6 5 317.8 1.758 0 0 0 
561.48 93.2 40.569534 -3.520634 657.3 6 5 317.8 2.461 0 0 0 
562.50 94.9 40.569710 -3.520844 657.8 6 5 316.8 2.109 0 0 0 
563.57 94.4 40.570053 -3.521286 658.6 6 5 313.9 2.109 0 0 0 
564.50 94.4 40.570053 -3.521286 658.6 6 5 313.9 2.812 0 0 0 
565.50 91.8 40.570213 -3.521514 658.8 6 5 312.9 2.812 0 0 0 
566.50 89.3 40.570370 -3.521742 658.5 6 5 311.5 2.461 0 0 0 
567.50 87.0 40.570511 -3.521963 659.4 6 5 310.4 2.461 0 0 0 
568.56 84.8 40.570648 -3.522174 659.5 4 5 309.4 2.109 0 0 0 
569.59 80.6 40.570904 -3.522606 659.7 4 5 307.3 2.109 1 0 0 
570.49 80.6 40.570904 -3.522606 659.7 4 5 307.3 2.109 0 0 0 
571.59 77.4 40.571133 -3.523014 659.6 4 5 305.9 2.461 0 0 0 
572.51 77.4 40.571133 -3.523014 659.6 4 5 305.9 1.406 0 0 0 
573.50 76.3 40.571251 -3.523228 659.5 6 5 304.5 1.406 0 0 0 
574.51 77.1 40.571362 -3.523445 659.3 6 5 303.4 2.461 0 0 0 
575.48 78.9 40.571465 -3.523659 659.2 6 5 302.7 1.758 0 0 0 
576.50 80.6 40.571571 -3.523887 659.3 6 5 301.3 2.109 0 0 0 
577.61 83.3 40.571781 -3.524362 659.0 6 5 299.5 2.109 0 0 0 
578.49 83.3 40.571781 -3.524362 659.0 6 5 299.5 1.758 0 0 0 
579.51 85.6 40.571880 -3.524607 658.7 6 5 297.8 2.812 0 0 0 
580.51 87.9 40.571980 -3.524858 658.2 6 5 296.7 2.812 0 0 0 
581.51 88.9 40.572083 -3.525123 658.0 6 5 295.7 2.109 0 0 0 
582.49 88.9 40.572170 -3.525377 657.4 6 5 295.3 1.406 0 0 0 
583.58 90.4 40.572361 -3.525913 656.5 6 5 294.3 2.109 0 0 0 
584.49 90.4 40.572361 -3.525913 656.5 6 5 294.3 1.055 0 0 0 
585.51 84.9 40.572441 -3.526161 655.7 6 5 292.1 2.109 0 0 0 
586.48 84.2 40.572529 -3.526426 654.9 6 5 291.8 2.461 0 0 0 
587.49 83.3 40.572609 -3.526673 654.0 6 5 291.4 0.703 0 0 0 
588.49 82.0 40.572681 -3.526931 653.6 6 5 290.7 1.055 0 0 0 
589.56 79.7 40.572754 -3.527182 653.0 6 5 290.7 0.703 0 0 0 
590.48 76.7 40.572823 -3.527420 652.3 6 5 291.4 0.703 0 0 0 
591.50 74.7 40.572887 -3.527651 651.5 6 5 291.4 0.703 0 0 0 
592.48 75.6 40.572952 -3.527888 650.9 4 5 291.4 0 0 0 0 
593.51 72.7 40.573021 -3.528113 650.3 6 5 291.8 0.352 0 0 0 
594.49 72.4 40.573082 -3.528336 649.6 6 5 292.1 0.703 0 0 0 
595.48 75.2 40.573151 -3.528553 649.0 6 5 293.2 1.406 0 0 0 
596.49 76.5 40.573219 -3.528775 648.8 4 5 292.5 0.703 0 0 0 
597.49 78.1 40.573303 -3.529015 648.6 4 5 293.6 1.055 0 0 0 
598.59 78.0 40.573471 -3.529480 647.9 6 5 294.6 1.758 0 0 0 
599.50 78.0 40.573471 -3.529480 647.9 6 5 294.6 1.055 0 0 0 
600.61 77.9 40.573647 -3.529949 647.1 6 5 296.4 1.406 0 0 0 
601.49 77.9 40.573647 -3.529949 647.1 6 5 296.4 1.758 0 0 0 
602.51 77.4 40.573730 -3.530176 646.6 6 5 297.1 1.406 0 0 0 
603.51 78.6 40.573822 -3.530406 646.0 6 5 298.1 1.758 0 0 0 
604.49 76.9 40.573910 -3.530632 644.8 6 5 297.8 0.703 0 0 0 
605.50 76.4 40.573997 -3.530844 645.1 6 5 297.8 0.352 0 0 0 
606.50 77.6 40.574085 -3.531070 644.8 6 5 298.8 1.055 0 0 0 
607.57 77.1 40.574276 -3.531500 643.3 6 5 302.0 2.109 0 0 0 
608.49 77.1 40.574276 -3.531500 643.3 6 5 302.0 3.164 0 0 0 
609.58 77.7 40.574467 -3.531931 642.1 6 5 302.0 1.758 0 0 0 
610.49 77.7 40.574467 -3.531931 642.1 6 5 302.0 0.352 0 0 0 
611.56 76.7 40.574677 -3.532361 640.9 6 5 302.3 0.352 0 0 0 
612.49 76.7 40.574677 -3.532361 640.9 6 5 302.3 0.352 0 0 0 
613.50 76.5 40.574776 -3.532570 640.2 6 5 303.8 1.406 0 0 0 
614.50 76.6 40.574886 -3.532782 639.8 8 5 303.8 1.406 0 0 0 
615.51 77.6 40.574993 -3.532997 639.3 6 5 303.0 0.703 0 0 0 
616.50 79.3 40.575089 -3.533214 638.6 8 5 302.3 1.406 0 0 0 
617.50 79.7 40.575203 -3.533429 638.1 6 5 303.0 0.703 0 0 0 
618.50 79.3 40.575306 -3.533650 637.8 6 5 302.7 0.352 0 0 0 
619.49 79.3 40.575401 -3.533869 637.3 6 5 302.0 1.055 0 0 0 
620.55 79.6 40.575508 -3.534093 636.6 6 5 301.6 1.055 0 0 0 
621.50 79.6 40.575611 -3.534313 636.2 6 5 300.9 1.055 0 0 0 
622.50 80.8 40.575714 -3.534548 635.7 6 5 300.2 1.406 0 0 0 
623.54 81.3 40.575813 -3.534776 635.1 6 5 299.9 1.055 0 0 0 
624.60 82.0 40.575993 -3.535221 633.8 6 5 297.8 1.055 0 0 0 
625.50 82.0 40.575993 -3.535221 633.8 6 5 297.8 2.109 0 0 0 
626.56 81.3 40.576084 -3.535460 633.3 6 5 297.8 1.406 0 0 0 
627.52 81.3 40.576084 -3.535460 633.3 6 5 297.8 1.406 0 0 0 
628.59 81.3 40.576084 -3.535460 633.3 6 5 297.8 1.406 0 0 0 
629.59 83.1 40.576447 -3.536432 631.6 6 5 294.6 2.109 0 0 0 
630.59 83.0 40.576534 -3.536676 631.3 6 5 294.3 1.406 0 0 0 
631.53 83.0 40.576534 -3.536676 631.3 6 5 294.3 0.703 0 0 0 
632.52 82.8 40.576633 -3.536927 630.9 6 5 294.6 0.352 0 0 0 
633.49 82.0 40.576714 -3.537172 630.5 6 5 293.6 1.055 0 0 0 
634.50 79.7 40.576797 -3.537418 630.0 6 5 293.9 0.703 0 0 0 
635.62 79.6 40.576885 -3.537657 629.8 6 5 293.6 0.352 0 0 0 
636.48 80.4 40.576965 -3.537901 629.4 6 5 293.9 0.352 0 0 0 
637.51 81.3 40.577053 -3.538150 629.4 6 5 294.3 0.703 0 0 0 
638.49 81.6 40.577137 -3.538396 629.5 6 5 294.6 0.703 0 0 0 
639.51 82.8 40.577221 -3.538643 629.3 4 5 294.6 0.352 0 0 0 
640.60 82.9 40.577400 -3.539134 630.1 4 5 295.3 0.352 0 0 0 
641.50 82.9 40.577400 -3.539134 630.1 4 5 295.3 0.703 0 0 0 
642.58 83.9 40.577599 -3.539627 630.4 4 5 297.4 1.758 0 0 0 
643.51 83.9 40.577599 -3.539627 630.4 4 5 297.4 2.109 0 0 0 
644.51 82.5 40.577690 -3.539867 630.2 6 5 297.1 0.352 0 0 0 
645.58 81.9 40.577873 -3.540348 630.0 6 5 298.1 0.352 0 0 0 
646.48 81.9 40.577873 -3.540348 630.0 6 5 298.1 1.055 0 0 0 
647.48 82.5 40.577969 -3.540582 629.7 6 5 299.5 2.109 0 0 0 
648.52 82.0 40.578064 -3.540816 629.4 6 5 300.2 2.109 0 0 0 
649.49 81.6 40.578178 -3.541041 629.2 6 5 300.2 0.703 0 0 0 
650.50 79.3 40.578278 -3.541263 628.7 6 5 301.3 1.055 0 0 0 
651.51 78.7 40.578392 -3.541471 628.5 6 5 302.0 1.758 0 0 0 
652.50 79.6 40.578495 -3.541693 628.1 6 5 302.0 0.703 0 0 0 
653.49 82.1 40.578609 -3.541929 628.0 6 5 302.7 0.703 0 0 0 
654.49 83.3 40.578716 -3.542152 628.1 4 5 303.4 1.406 0 0 0 
655.49 83.3 40.578842 -3.542376 628.3 6 5 304.5 1.758 0 0 0 
656.50 82.1 40.578960 -3.542603 627.9 6 5 304.8 1.406 0 0 0 
657.50 81.0 40.579082 -3.542818 627.6 6 5 305.5 1.055 0 0 0 
658.50 79.6 40.579201 -3.543046 627.3 6 5 306.2 1.406 0 0 0 
659.57 76.8 40.579437 -3.543460 626.8 6 5 307.6 1.406 0 0 0 
660.48 76.8 40.579437 -3.543460 626.8 6 5 307.6 1.406 1 0 0 
661.50 75.5 40.579559 -3.543655 626.4 4 5 308.3 1.406 1 0 0 
662.49 74.5 40.579681 -3.543843 626.2 4 5 309.0 1.406 0 0 0 
663.49 73.2 40.579792 -3.544030 625.8 4 5 309.7 1.406 0 0 0 
664.49 71.9 40.579906 -3.544202 625.1 4 5 310.1 1.055 0 0 0 
665.49 72.3 40.580017 -3.544383 624.5 4 5 310.8 1.055 0 0 0 
666.50 73.9 40.580139 -3.544549 624.1 4 5 311.5 1.406 0 0 0 
667.52 75.5 40.580261 -3.544727 623.7 4 5 311.8 1.055 0 0 0 
668.49 76.5 40.580387 -3.544916 623.4 4 5 312.5 1.055 0 0 0 
669.50 78.2 40.580517 -3.545103 623.1 4 5 313.2 1.406 0 0 0 
670.55 78.1 40.580650 -3.545292 622.8 4 5 313.6 1.055 0 0 0 
671.57 79.0 40.580910 -3.545671 621.9 4 5 313.6 0.352 0 0 0 
672.50 79.0 40.580910 -3.545671 621.9 4 5 313.6 0 0 0 0 
673.50 78.7 40.581047 -3.545853 622.0 4 5 313.9 0.352 0 0 0 
674.50 77.5 40.581177 -3.546035 621.6 4 5 313.6 0.352 0 0 0 
675.50 77.1 40.581306 -3.546215 621.6 3 5 314.6 1.055 0 0 0 
676.50 76.5 40.581440 -3.546392 621.5 3 5 315.0 1.406 0 0 0 
677.48 75.4 40.581573 -3.546564 621.0 3 5 315.4 0.703 0 0 0 
678.50 76.5 40.581707 -3.546739 620.9 3 5 315.0 0.352 0 0 0 
679.50 78.3 40.581844 -3.546919 620.8 3 5 314.6 0.703 0 0 0 
680.51 79.8 40.581982 -3.547107 620.9 3 5 314.6 0.352 0 0 0 
681.50 80.2 40.582123 -3.547299 620.7 3 5 314.3 0.352 0 0 0 
682.62 81.2 40.582397 -3.547694 620.5 3 5 312.5 1.758 0 0 0 
683.59 80.5 40.582531 -3.547893 620.3 3 5 311.5 2.109 0 0 0 
684.50 80.5 40.582531 -3.547893 620.3 3 5 311.5 2.109 0 0 0 
685.50 81.3 40.582657 -3.548096 620.3 3 5 310.1 2.461 0 0 0 
686.50 82.8 40.582787 -3.548307 620.2 3 5 308.7 2.812 0 0 0 
687.48 83.8 40.582912 -3.548526 620.0 3 5 307.3 2.812 0 0 0 
688.50 82.7 40.583035 -3.548748 619.8 3 5 305.5 3.164 0 0 0 
689.63 79.8 40.583260 -3.549189 619.6 3 5 302.7 3.164 0 0 0 
690.49 79.8 40.583260 -3.549189 619.6 3 5 302.7 2.812 0 0 0 
691.50 79.5 40.583363 -3.549410 619.4 3 5 301.6 2.461 0 0 0 
692.48 79.7 40.583462 -3.549634 619.0 3 5 299.9 2.812 0 0 0 
693.49 79.9 40.583561 -3.549870 618.3 3 5 298.5 3.164 0 0 0 
694.48 79.6 40.583652 -3.550101 618.3 3 5 297.4 2.461 0 0 0 
695.50 78.5 40.583736 -3.550333 618.0 3 5 296.0 2.461 0 0 0 
696.50 78.0 40.583813 -3.550565 617.7 3 5 294.6 2.812 0 0 0 
697.50 76.7 40.583893 -3.550800 617.4 3 5 292.9 3.164 0 0 0 
698.60 75.2 40.584034 -3.551271 616.7 3 5 290.0 2.812 0 0 0 
699.49 75.2 40.584034 -3.551271 616.7 3 5 290.0 2.812 0 0 0 
700.58 74.2 40.584152 -3.551734 616.2 3 5 287.2 2.812 0 0 0 
701.51 74.2 40.584152 -3.551734 616.2 3 5 287.2 2.812 0 0 0 
702.64 74.2 40.584259 -3.552195 615.6 4 5 285.1 2.461 0 0 0 
703.51 74.2 40.584259 -3.552195 615.6 4 5 285.1 2.109 0 0 0 
704.50 75.7 40.584305 -3.552439 615.7 4 5 283.7 2.461 0 0 0 
705.50 75.7 40.584343 -3.552678 615.3 4 5 282.0 3.164 0 0 0 
706.48 74.2 40.584377 -3.552923 615.0 4 5 281.6 2.109 0 0 0 
707.61 71.1 40.584435 -3.553391 614.6 4 5 279.8 1.758 0 0 0 
708.51 71.1 40.584435 -3.553391 614.6 4 5 279.8 1.758 0 0 0 
709.48 70.7 40.584461 -3.553622 614.4 4 5 278.4 1.758 0 0 0 
710.48 69.2 40.584484 -3.553846 614.1 3 5 277.7 2.109 0 0 0 
711.50 68.0 40.584507 -3.554066 613.7 3 5 278.1 0.352 0 0 0 
712.51 67.6 40.584530 -3.554283 613.5 3 5 278.8 1.055 0 0 0 
713.48 65.7 40.584553 -3.554498 613.3 3 5 279.1 1.055 0 0 0 
714.49 64.4 40.584576 -3.554707 613.1 3 5 278.8 0.352 0 0 0 
715.48 63.2 40.584595 -3.554907 612.8 3 5 279.1 0.352 0 0 0 
716.48 62.2 40.584618 -3.555112 612.5 3 5 279.1 0.352 0 0 0 
717.58 60.1 40.584671 -3.555503 612.0 3 5 279.1 0.352 0 0 0 
718.53 60.1 40.584671 -3.555503 612.0 3 5 279.1 0.352 0 0 0 
719.51 59.6 40.584698 -3.555693 611.7 3 5 279.1 0.352 0 0 0 
720.48 59.4 40.584721 -3.555896 611.1 3 5 279.1 0 0 0 0 
721.50 58.8 40.584740 -3.556089 610.9 3 5 278.4 0.703 0 0 0 
722.50 57.9 40.584763 -3.556275 610.2 3 5 278.8 0.352 0 0 0 
723.49 56.2 40.584778 -3.556457 609.1 3 5 278.1 0.703 0 0 0 
724.49 55.0 40.584797 -3.556633 608.5 3 5 278.4 0.352 0 0 0 
725.52 53.6 40.584820 -3.556804 607.8 3 5 278.4 0.352 0 0 0 
726.57 52.1 40.584843 -3.556976 607.2 4 5 279.1 0.703 0 0 0 
727.50 51.0 40.584866 -3.557141 606.6 4 5 279.1 0.703 0 0 0 
728.49 50.5 40.584881 -3.557294 606.0 6 5 279.1 0 0 0 0 
729.49 49.5 40.584896 -3.557463 605.6 6 5 278.8 0 -9 -9 0 
730.50 48.6 40.584911 -3.557625 604.6 4 5 278.8 0 -9 -9 0 
731.49 47.2 40.584930 -3.557768 604.1 4 5 279.5 0 -9 -9 0 
732.49 46.5 40.584953 -3.557909 603.8 3 5 279.8 0 -9 -9 0 
733.49 45.4 40.584976 -3.558056 603.2 3 5 279.8 0 -9 -9 0 
734.49 42.5 40.584995 -3.558197 602.8 3 5 278.4 0 -9 -9 0 
