83.54 2 1 40.524887 -3.417731 20151221112557 
119.47 2 1 40.528584 -3.424243 20151221112633 
214.29 2 1 40.533794 -3.440341 20151221112808 
288.07 1 1 40.533741 -3.459356 20151221112922 
296.46 3 1 40.533718 -3.461422 20151221112930 
313.84 2 1 40.533756 -3.465702 20151221112948 
356.83 2 1 40.538937 -3.471321 20151221113031 
479.33 2 1 40.555874 -3.488125 20151221113233 
536.07 2 1 40.555878 -3.502874 20151221113330 
551.55 2 1 40.556778 -3.507030 20151221113345 
674.24 2 1 40.573433 -3.529412 20151221113548 
700.70 2 1 40.576405 -3.536281 20151221113615 
738.29 2 1 40.580383 -3.544872 20151221113652 
770.12 1 1 40.584175 -3.551951 20151221113724 
784.83 2 1 40.584621 -3.555311 20151221113739 
790.72 1 1 40.584751 -3.556355 20151221113745 
