17.41 68.2 40.516781 -3.407968 619.2 3 5 325.9 0.703 0 0 0 
18.42 68.3 40.516933 -3.408077 619.4 3 5 325.5 0.352 0 0 0 
19.37 68.5 40.517075 -3.408206 619.3 3 5 325.9 0.352 0 0 0 
20.36 68.0 40.517216 -3.408337 619.5 3 5 325.9 0.352 0 0 0 
21.37 68.4 40.517357 -3.408457 621.4 3 5 325.9 0 0 0 0 
22.36 68.2 40.517494 -3.408591 620.7 3 5 324.8 1.055 0 0 0 
23.36 67.8 40.517635 -3.408721 620.7 3 5 325.2 0.703 0 0 0 
24.39 67.9 40.517765 -3.408847 620.9 3 5 324.8 0.352 0 0 0 
25.44 66.1 40.517902 -3.408976 621.0 3 5 325.2 0.352 0 0 0 
26.37 68.2 40.518024 -3.409100 621.3 3 5 324.5 0.703 0 0 0 
27.41 69.0 40.518169 -3.409222 621.1 3 5 325.2 0.703 0 0 0 
28.39 68.8 40.518311 -3.409349 621.3 3 5 324.5 0.703 0 0 0 
29.41 69.4 40.518459 -3.409487 621.6 3 5 324.1 1.055 0 0 0 
30.36 69.5 40.518604 -3.409623 622.0 3 5 324.5 0.352 0 0 0 
31.36 69.1 40.518745 -3.409750 622.0 3 5 324.5 0.352 0 0 0 
32.36 69.5 40.518894 -3.409885 622.1 3 5 325.2 0.703 0 0 0 
33.36 68.2 40.519005 -3.410006 622.5 3 5 324.5 0.703 0 0 0 
34.36 70.9 40.519146 -3.410138 622.6 3 5 324.1 1.055 0 0 0 
35.36 69.9 40.519295 -3.410269 622.8 3 5 324.5 0.352 0 0 0 
36.36 70.6 40.519436 -3.410403 623.1 3 5 324.8 0.703 0 0 0 
37.39 70.6 40.519581 -3.410536 623.1 3 5 324.8 0.352 0 0 0 
38.40 73.6 40.519737 -3.410683 623.6 3 5 323.8 1.055 0 0 0 
39.37 70.3 40.519878 -3.410823 623.8 3 5 324.1 0.703 0 0 0 
40.38 69.8 40.520020 -3.410966 624.4 3 5 324.5 0.703 0 0 0 
41.38 70.4 40.520176 -3.411093 624.5 3 5 324.5 0.352 0 0 0 
42.36 70.7 40.520325 -3.411230 624.8 3 5 324.5 0 0 0 0 
43.38 69.9 40.520470 -3.411363 625.1 3 5 324.1 0.352 0 0 0 
44.37 69.8 40.520615 -3.411509 625.5 3 5 324.5 0.352 0 0 0 
45.38 70.5 40.520756 -3.411641 625.5 3 5 325.2 1.055 0 0 0 
46.37 70.4 40.520893 -3.411773 625.6 3 5 325.2 0.703 0 0 0 
47.37 70.5 40.521034 -3.411904 626.0 3 5 324.5 0.703 0 0 0 
48.37 69.9 40.521168 -3.412037 626.7 3 5 324.1 1.055 0 0 0 
49.37 69.4 40.521313 -3.412164 626.9 3 5 324.5 0.352 0 0 0 
50.39 69.6 40.521454 -3.412293 627.1 3 5 325.2 1.055 0 0 0 
51.37 69.8 40.521599 -3.412426 627.3 3 5 325.2 0.703 0 0 0 
52.37 69.3 40.521740 -3.412556 627.8 3 5 324.5 0.703 0 0 0 
53.39 69.4 40.521881 -3.412693 628.2 3 5 324.5 0.703 0 0 0 
54.41 69.1 40.522022 -3.412824 628.4 3 5 324.5 0 0 0 0 
55.37 69.3 40.522163 -3.412956 628.9 3 5 324.8 0.352 0 0 0 
56.37 69.3 40.522305 -3.413086 629.0 3 5 324.8 0.352 0 0 0 
57.43 69.0 40.522446 -3.413207 629.9 3 5 325.9 1.055 0 0 0 
58.41 69.0 40.522587 -3.413334 630.5 3 5 325.9 1.055 0 0 0 
59.42 68.1 40.522701 -3.413495 631.3 3 5 321.3 4.570 0 0 0 
60.42 66.9 40.522831 -3.413635 631.9 3 5 321.0 4.922 0 0 0 
61.37 66.3 40.522953 -3.413776 632.4 3 5 319.9 1.406 0 0 0 
62.37 65.8 40.523075 -3.413917 633.1 3 5 318.9 2.109 0 0 0 
63.39 65.2 40.523190 -3.414063 633.8 3 5 317.5 2.461 0 0 0 
64.37 64.9 40.523304 -3.414213 634.9 3 5 316.1 2.812 0 0 0 
65.36 64.6 40.523418 -3.414362 635.7 3 5 314.3 3.164 0 0 0 
66.39 64.4 40.523521 -3.414518 636.0 3 5 312.5 3.516 0 0 0 
67.38 64.1 40.523624 -3.414675 636.7 3 5 310.8 3.516 0 0 0 
68.41 63.8 40.523724 -3.414836 637.0 3 5 309.4 3.164 0 0 0 
69.37 63.7 40.523823 -3.415000 637.4 3 5 308.3 2.461 0 0 0 
70.37 63.8 40.523918 -3.415166 638.3 3 5 306.9 2.461 0 0 0 
71.37 65.1 40.524010 -3.415342 638.4 3 5 304.5 3.867 1 0 0 
72.37 64.4 40.524097 -3.415513 638.7 3 5 303.8 3.164 1 0 0 
73.38 64.9 40.524185 -3.415692 638.9 3 5 302.3 2.109 1 0 0 
74.39 65.5 40.524273 -3.415872 638.9 3 5 301.3 2.461 1 0 0 
75.38 66.1 40.524353 -3.416063 639.1 3 5 299.9 2.461 0 0 0 
76.37 66.8 40.524433 -3.416257 639.2 3 5 298.5 2.812 0 0 0 
77.38 67.5 40.524502 -3.416455 639.4 3 5 296.7 3.164 0 0 0 
78.38 68.1 40.524574 -3.416660 639.6 3 5 295.0 3.516 0 0 0 
79.39 68.8 40.524647 -3.416864 639.3 3 5 293.2 3.516 0 0 0 
80.35 69.5 40.524708 -3.417072 639.2 3 5 291.4 3.516 0 0 0 
81.35 70.4 40.524769 -3.417292 639.0 3 5 290.0 3.164 0 0 0 
82.38 71.4 40.524830 -3.417508 638.7 3 5 289.7 1.758 0 0 0 
83.38 72.5 40.524887 -3.417731 638.5 3 5 288.6 1.406 0 0 0 
84.38 73.3 40.524940 -3.417962 638.0 3 5 287.6 2.109 0 0 0 
85.35 73.4 40.524990 -3.418192 637.6 3 5 286.5 2.109 0 0 0 
86.38 73.0 40.525040 -3.418425 636.8 3 5 285.8 1.758 0 0 0 
87.38 72.7 40.525089 -3.418654 636.7 3 5 285.5 1.055 0 0 0 
88.35 72.8 40.525139 -3.418884 635.9 3 5 285.8 0.352 0 0 0 
89.35 71.6 40.525188 -3.419108 635.2 3 5 284.4 1.406 0 0 0 
90.36 71.7 40.525234 -3.419332 635.0 3 5 286.9 2.461 0 0 0 
91.36 70.8 40.525288 -3.419555 634.2 3 5 287.9 3.516 0 0 0 
92.36 71.1 40.525349 -3.419780 633.8 3 5 288.3 1.406 0 0 0 
93.35 71.2 40.525402 -3.419995 633.5 3 5 289.7 1.758 0 0 0 
94.40 71.1 40.525463 -3.420213 633.2 3 5 291.1 2.812 0 0 0 
95.35 70.5 40.525536 -3.420424 632.7 3 5 293.6 3.867 0 0 0 
96.35 70.7 40.525612 -3.420635 632.3 3 5 295.7 4.570 0 0 0 
97.36 73.1 40.525688 -3.420850 632.0 3 5 296.4 2.812 0 0 0 
98.36 71.4 40.525764 -3.421058 631.8 3 5 296.7 1.055 0 0 0 
99.41 71.3 40.525852 -3.421262 631.3 3 5 299.2 2.812 0 0 0 
100.35 71.7 40.525951 -3.421455 630.9 3 5 302.0 5.273 0 0 0 
101.35 72.0 40.526051 -3.421660 630.5 3 5 305.5 6.328 0 0 0 
102.36 72.1 40.526161 -3.421851 630.1 3 5 307.6 5.625 0 0 0 
103.36 72.3 40.526279 -3.422049 629.8 3 5 309.7 4.219 0 0 0 
104.36 71.6 40.526394 -3.422237 629.2 3 5 310.8 3.164 0 0 0 
105.42 71.5 40.526512 -3.422414 628.3 3 5 312.5 2.812 0 0 0 
106.36 71.4 40.526638 -3.422574 628.4 3 5 315.0 4.219 0 0 0 
107.41 71.6 40.526772 -3.422740 628.0 3 5 317.1 4.570 0 0 0 
108.43 71.7 40.526897 -3.422890 627.9 3 5 319.2 4.219 0 0 0 
109.38 71.3 40.527039 -3.423047 627.6 3 5 320.6 3.516 0 0 0 
110.39 72.8 40.527180 -3.423193 626.8 3 5 322.4 3.164 0 0 0 
111.37 71.8 40.527328 -3.423334 626.7 3 5 324.8 4.219 0 0 0 
112.37 72.0 40.527477 -3.423461 626.3 3 5 326.6 4.219 0 0 0 
113.37 72.1 40.527630 -3.423582 625.6 3 5 328.7 3.867 0 0 0 
114.42 71.7 40.527794 -3.423700 625.7 3 5 330.1 3.516 0 0 0 
115.37 71.0 40.527954 -3.423807 625.3 3 5 331.5 2.812 0 0 0 
116.35 71.2 40.528103 -3.423925 625.0 3 5 331.9 1.758 0 0 0 
117.37 71.9 40.528263 -3.424032 624.5 3 5 332.9 1.406 0 0 0 
118.39 71.5 40.528419 -3.424139 623.8 3 5 333.6 1.758 0 0 0 
119.37 71.3 40.528584 -3.424243 623.6 3 5 333.3 0.352 0 0 0 
120.37 71.4 40.528744 -3.424348 623.3 3 5 333.3 0.352 0 0 0 
121.35 70.8 40.528904 -3.424451 622.9 3 5 333.3 0 0 0 0 
122.43 70.8 40.529049 -3.424554 622.7 3 5 332.9 0.352 0 0 0 
123.36 71.3 40.529205 -3.424658 622.3 3 5 332.6 0.703 0 0 0 
124.37 71.3 40.529362 -3.424767 621.9 3 5 332.2 0.703 0 0 0 
125.37 71.5 40.529526 -3.424878 621.5 3 5 331.2 1.406 0 0 0 
126.37 71.5 40.529682 -3.424991 621.4 3 5 330.1 2.109 0 0 0 
127.37 71.7 40.529839 -3.425117 621.2 3 5 329.1 2.109 0 0 0 
128.38 72.0 40.529999 -3.425241 620.8 3 5 327.7 2.461 0 0 0 
129.37 72.1 40.530148 -3.425368 620.5 3 5 327.0 2.109 0 0 0 
130.37 72.3 40.530300 -3.425510 620.2 3 5 326.6 1.055 0 0 0 
131.37 71.4 40.530453 -3.425640 619.7 3 5 324.8 2.109 0 0 0 
132.36 72.8 40.530602 -3.425768 619.2 3 5 323.1 3.516 0 0 0 
133.37 72.3 40.530746 -3.425917 618.8 3 5 321.3 3.516 0 0 0 
134.41 72.1 40.530888 -3.426076 618.3 3 5 320.3 2.812 0 0 0 
135.39 72.1 40.531021 -3.426229 618.4 3 5 319.2 2.109 0 0 0 
136.38 70.9 40.531147 -3.426389 617.9 3 5 316.8 3.516 0 0 0 
137.38 72.4 40.531277 -3.426553 617.8 3 5 315.7 3.516 0 0 0 
138.36 72.3 40.531406 -3.426720 617.5 3 5 315.0 1.758 0 0 0 
139.36 72.1 40.531528 -3.426884 617.2 3 5 314.3 1.406 0 0 0 
140.42 71.7 40.531654 -3.427052 617.2 3 5 313.6 1.406 0 0 0 
141.38 71.3 40.531773 -3.427221 616.9 3 5 311.8 2.461 0 0 0 
142.41 71.4 40.531887 -3.427389 617.0 3 5 310.1 3.516 0 0 0 
143.36 70.7 40.532001 -3.427571 617.3 3 5 308.3 3.516 0 0 0 
144.36 70.2 40.532108 -3.427757 617.8 3 5 307.6 2.461 0 0 0 
145.38 69.2 40.532227 -3.427957 618.6 3 5 306.9 1.406 0 0 0 
146.36 68.3 40.532326 -3.428142 619.2 3 5 305.5 2.109 0 0 0 
147.36 67.5 40.532436 -3.428321 619.8 3 5 304.5 2.461 0 0 0 
148.35 66.6 40.532524 -3.428510 620.7 3 5 303.0 2.461 0 0 0 
149.35 65.4 40.532612 -3.428693 621.7 3 5 302.3 2.109 0 0 0 
150.35 64.9 40.532700 -3.428879 622.5 3 5 300.6 2.461 0 0 0 
151.37 63.7 40.532784 -3.429049 623.3 3 5 299.5 2.812 0 0 0 
152.40 64.3 40.532860 -3.429232 624.2 3 5 298.5 2.109 0 0 0 
153.35 62.3 40.532928 -3.429413 625.0 3 5 297.1 2.461 0 0 0 
154.36 61.8 40.533001 -3.429593 625.7 3 5 296.4 2.109 0 0 0 
155.37 60.6 40.533058 -3.429773 626.4 3 5 295.3 1.758 0 0 0 
156.35 60.0 40.533123 -3.429950 627.2 3 5 293.9 2.461 0 0 0 
157.36 58.8 40.533180 -3.430132 628.3 3 5 293.2 2.109 0 0 0 
158.36 58.6 40.533241 -3.430310 629.1 3 5 292.5 1.406 0 0 0 
159.39 57.7 40.533295 -3.430489 629.8 3 5 291.1 2.109 0 0 0 
160.36 57.3 40.533344 -3.430669 630.3 3 5 290.0 2.461 0 0 0 
161.36 56.6 40.533386 -3.430848 631.6 3 5 289.3 1.758 0 0 0 
162.38 56.1 40.533432 -3.431023 632.5 3 5 287.9 2.109 0 0 0 
163.36 55.7 40.533470 -3.431202 633.3 3 5 286.9 2.461 0 0 0 
164.36 55.6 40.533516 -3.431376 633.8 3 5 286.5 1.406 0 0 0 
165.36 55.6 40.533554 -3.431553 635.1 3 5 285.1 1.758 0 0 0 
166.36 55.4 40.533596 -3.431719 635.6 3 5 284.1 2.461 0 0 0 
167.36 55.2 40.533623 -3.431894 636.8 3 5 283.0 2.109 0 0 0 
168.36 54.2 40.533657 -3.432068 637.7 3 5 283.0 1.055 0 0 0 
169.40 54.3 40.533695 -3.432241 638.2 3 5 282.3 0.703 0 0 0 
170.40 52.7 40.533733 -3.432415 639.2 3 5 282.3 0.703 0 0 0 
171.37 53.2 40.533756 -3.432584 639.6 3 5 280.5 1.758 0 0 0 
172.38 53.6 40.533779 -3.432754 640.3 3 5 279.8 2.461 0 0 0 
173.37 54.1 40.533794 -3.432923 641.4 3 5 277.7 2.812 0 0 0 
174.36 54.5 40.533810 -3.433116 642.9 3 5 276.7 3.164 0 0 0 
175.41 54.0 40.533813 -3.433295 643.4 3 5 275.6 2.109 0 0 0 
176.36 54.3 40.533821 -3.433477 643.2 3 5 274.6 2.109 0 0 0 
177.37 54.0 40.533825 -3.433653 643.8 3 5 273.5 2.109 0 0 0 
178.37 54.2 40.533829 -3.433831 644.6 3 5 272.8 1.758 0 0 0 
179.37 53.6 40.533833 -3.434005 645.4 3 5 272.5 1.055 0 0 0 
180.37 52.5 40.533840 -3.434177 646.4 3 5 272.8 0.352 0 0 0 
181.36 53.4 40.533844 -3.434352 647.0 3 5 271.8 1.055 0 0 0 
182.38 54.0 40.533848 -3.434533 647.9 3 5 271.8 1.055 0 0 0 
183.38 53.7 40.533844 -3.434711 648.7 3 5 270.7 1.055 0 0 0 
184.37 54.2 40.533848 -3.434898 649.2 3 5 270.4 1.406 0 0 0 
185.37 53.7 40.533848 -3.435080 650.0 3 5 270.0 0.703 0 0 0 
186.37 53.8 40.533852 -3.435254 650.8 3 5 270.0 0.352 0 0 0 
187.42 54.3 40.533848 -3.435430 651.5 3 5 270.4 0.352 0 0 0 
188.37 54.1 40.533844 -3.435609 652.1 3 5 270.0 0.352 0 0 0 
189.38 54.1 40.533844 -3.435786 653.0 3 5 270.4 0.352 0 0 0 
190.37 53.6 40.533844 -3.435964 653.9 3 5 270.0 0.352 0 0 0 
191.39 53.1 40.533844 -3.436145 654.8 3 5 269.6 0.703 0 0 0 
192.37 53.7 40.533840 -3.436319 655.3 3 5 269.3 0.703 0 0 0 
193.38 53.6 40.533836 -3.436496 656.0 3 5 269.6 0.352 0 0 0 
194.38 54.2 40.533833 -3.436675 657.1 3 5 269.3 0.352 0 0 0 
195.42 53.9 40.533829 -3.436850 657.8 3 5 270.0 0.703 0 0 0 
196.36 53.5 40.533825 -3.437027 658.8 3 5 269.6 0.352 0 0 0 
197.39 54.6 40.533817 -3.437215 659.4 3 5 269.3 0.703 0 0 0 
198.39 54.6 40.533813 -3.437391 660.3 3 5 270.4 1.055 0 0 0 
199.36 54.6 40.533810 -3.437567 661.0 3 5 271.1 1.758 0 0 0 
200.35 53.6 40.533806 -3.437739 662.0 3 5 270.7 0.352 0 0 0 
201.35 54.1 40.533806 -3.437914 662.5 3 5 270.4 0.703 0 0 0 
202.39 53.9 40.533802 -3.438100 662.8 3 5 270.0 0.703 0 0 0 
203.41 54.1 40.533802 -3.438273 664.1 3 5 269.3 1.055 0 0 0 
204.39 54.9 40.533802 -3.438457 664.9 3 5 269.3 0.703 0 0 0 
205.35 54.9 40.533802 -3.438639 665.7 3 5 269.6 0.352 0 0 0 
206.40 56.1 40.533791 -3.438831 666.6 3 5 269.3 0.352 0 0 0 
207.38 56.3 40.533794 -3.439019 667.0 3 5 270.4 1.055 0 0 0 
208.36 57.4 40.533794 -3.439205 667.7 3 5 270.4 1.055 0 0 0 
209.39 57.2 40.533791 -3.439385 668.1 3 5 269.3 1.055 0 0 0 
210.37 58.2 40.533787 -3.439577 668.8 3 5 269.3 1.055 0 0 0 
211.37 58.5 40.533791 -3.439754 669.4 3 5 268.9 0.352 0 0 0 
212.35 59.6 40.533787 -3.439948 669.7 3 5 269.3 0.352 0 0 0 
213.36 60.2 40.533783 -3.440153 670.1 3 5 269.6 0.703 0 0 0 
214.37 60.9 40.533794 -3.440341 670.5 3 5 270.0 0.703 0 0 0 
215.42 61.4 40.533798 -3.440541 671.2 3 5 270.0 0.352 0 0 0 
216.35 62.0 40.533794 -3.440739 671.5 3 5 270.0 0 0 0 0 
217.36 62.7 40.533798 -3.440945 671.8 3 5 269.6 0.352 0 0 0 
218.36 63.8 40.533794 -3.441151 672.0 3 5 270.0 0.352 0 0 0 
219.38 63.1 40.533791 -3.441356 672.0 3 5 270.4 0.703 0 0 0 
220.36 64.4 40.533787 -3.441565 672.8 3 5 270.0 0.352 0 0 0 
221.36 64.9 40.533787 -3.441771 672.9 3 5 269.6 0.703 0 0 0 
222.36 65.8 40.533779 -3.441985 672.6 3 5 269.6 0.352 0 0 0 
223.35 66.5 40.533783 -3.442211 672.3 3 5 270.0 0.352 0 0 0 
224.36 66.7 40.533783 -3.442426 672.2 3 5 269.3 0.703 0 0 0 
225.41 67.8 40.533775 -3.442643 672.6 3 5 270.0 0.703 0 0 0 
226.36 68.4 40.533779 -3.442860 672.2 3 5 269.3 0.703 0 0 0 
227.36 69.4 40.533779 -3.443084 672.3 3 5 269.3 0.703 0 0 0 
228.38 70.5 40.533775 -3.443304 671.7 3 5 269.3 0 0 0 0 
229.36 70.7 40.533775 -3.443537 671.7 3 5 270.0 0.703 0 0 0 
230.38 71.4 40.533772 -3.443773 671.4 3 5 269.3 0.703 0 0 0 
231.36 72.1 40.533768 -3.444022 671.6 3 5 269.6 0.352 0 0 0 
232.37 72.8 40.533764 -3.444259 671.2 3 5 269.6 0.352 0 0 0 
233.37 74.3 40.533768 -3.444505 670.3 3 5 269.3 0.352 0 0 0 
234.36 74.5 40.533764 -3.444750 670.1 3 5 269.6 0.352 0 0 0 
235.36 74.6 40.533764 -3.444992 669.6 3 5 269.6 0.352 0 0 0 
236.37 73.8 40.533760 -3.445234 669.4 3 5 268.2 1.406 0 0 0 
237.40 73.9 40.533752 -3.445476 669.1 3 5 268.2 1.406 0 0 0 
238.37 77.0 40.533749 -3.445743 668.6 3 5 269.3 1.055 0 0 0 
239.37 76.9 40.533733 -3.445994 668.3 3 5 268.2 1.055 0 0 0 
240.36 77.7 40.533726 -3.446248 668.2 3 5 268.9 0.703 0 0 0 
241.43 78.6 40.533726 -3.446502 667.7 3 5 269.3 1.055 0 0 0 
242.37 78.8 40.533730 -3.446755 667.2 3 5 269.6 0.703 0 0 0 
243.37 80.0 40.533733 -3.447019 666.8 3 5 270.0 0.703 0 0 0 
244.37 80.4 40.533730 -3.447280 666.4 3 5 269.6 0.352 0 0 0 
245.37 82.7 40.533733 -3.447547 666.0 3 5 271.1 1.406 0 0 0 
246.37 82.4 40.533730 -3.447830 665.8 4 5 269.6 1.406 0 0 0 
247.35 84.1 40.533745 -3.448096 665.6 4 5 269.6 1.406 0 0 0 
248.37 83.3 40.533752 -3.448370 665.4 3 5 269.6 0 0 0 0 
249.37 83.5 40.533749 -3.448640 665.0 3 5 269.3 0.352 0 0 0 
250.37 83.7 40.533749 -3.448916 664.4 3 5 269.6 0.352 0 0 0 
251.38 83.8 40.533768 -3.449164 664.0 4 5 269.6 0.352 0 0 0 
252.35 83.3 40.533760 -3.449447 663.5 4 5 269.6 0 0 0 0 
253.35 83.2 40.533760 -3.449717 662.9 3 5 269.6 0 0 0 0 
254.37 83.2 40.533760 -3.449987 662.4 3 5 269.6 0 0 0 0 
255.35 83.4 40.533764 -3.450251 662.0 3 5 269.6 0 0 0 0 
256.44 83.0 40.533772 -3.450538 661.7 3 5 269.6 0 0 0 0 
257.38 83.4 40.533775 -3.450804 661.0 3 5 270.0 0.352 0 0 0 
258.38 82.1 40.533775 -3.451076 660.5 3 5 269.6 0.352 0 0 0 
259.36 82.3 40.533775 -3.451350 659.9 3 5 269.3 0.703 0 0 0 
260.40 82.6 40.533772 -3.451617 659.4 3 5 269.6 0.352 0 0 0 
261.41 82.5 40.533775 -3.451890 659.2 3 5 269.6 0.352 0 0 0 
262.38 83.0 40.533775 -3.452163 658.8 3 5 269.6 0 0 0 0 
263.41 82.7 40.533775 -3.452435 658.3 3 5 269.6 0 0 0 0 
264.36 83.0 40.533764 -3.452704 657.7 3 5 270.0 0.352 0 0 0 
265.38 82.7 40.533760 -3.452991 657.2 3 5 269.3 0.703 0 0 0 
266.38 84.1 40.533760 -3.453267 656.9 3 5 269.6 0.352 0 0 0 
267.38 84.6 40.533764 -3.453552 657.4 4 5 269.6 0.352 0 0 0 
268.35 84.9 40.533764 -3.453834 657.3 4 5 269.6 0 0 0 0 
269.36 84.6 40.533768 -3.454115 656.8 4 5 269.6 0 0 0 0 
270.35 85.1 40.533772 -3.454385 656.9 3 5 269.6 0 0 0 0 
271.37 85.1 40.533764 -3.454664 656.1 4 5 270.0 0.352 0 0 0 
272.36 84.5 40.533764 -3.454940 656.1 3 5 270.0 0.352 0 0 0 
273.36 84.1 40.533768 -3.455219 655.9 3 5 269.6 0.352 0 0 0 
274.39 84.0 40.533772 -3.455481 654.8 3 5 270.0 0.352 0 0 0 
275.35 84.1 40.533772 -3.455760 654.3 3 5 269.3 0.703 0 0 0 
276.36 84.3 40.533768 -3.456043 654.0 3 5 269.6 0.352 0 0 0 
277.38 84.4 40.533764 -3.456315 653.5 3 5 269.6 0.352 0 0 0 
278.41 85.0 40.533768 -3.456588 653.2 3 5 269.6 0 0 0 0 
279.36 84.9 40.533768 -3.456870 652.8 3 5 269.6 0 0 0 0 
280.38 84.9 40.533760 -3.457146 652.6 3 5 269.6 0 0 0 0 
281.36 84.0 40.533756 -3.457420 652.3 3 5 269.3 0.352 0 0 0 
282.36 84.5 40.533752 -3.457701 652.1 3 5 269.3 0.352 0 0 0 
283.39 84.4 40.533745 -3.457978 651.8 3 5 269.6 0.352 0 0 0 
284.42 84.3 40.533737 -3.458258 651.7 3 5 269.3 0.352 0 0 0 
285.38 84.6 40.533741 -3.458528 651.8 3 5 269.6 0.352 0 0 0 
286.36 84.3 40.533745 -3.458792 652.1 3 5 270.0 0.703 0 0 0 
287.36 85.0 40.533741 -3.459078 652.2 3 5 270.0 0.352 0 0 0 
288.39 82.9 40.533741 -3.459356 652.3 3 5 270.4 0.352 0 0 0 
289.38 79.7 40.533737 -3.459621 652.3 3 5 269.6 0.703 0 0 0 
290.36 79.7 40.533733 -3.459883 652.3 3 5 269.6 0.703 0 0 0 
291.39 79.5 40.533726 -3.460150 652.2 3 5 269.6 0 0 0 0 
292.36 78.6 40.533726 -3.460413 652.5 3 5 269.3 0.352 0 0 0 
293.36 78.2 40.533722 -3.460672 652.4 3 5 269.6 0.352 0 0 0 
294.44 77.0 40.533726 -3.460918 652.7 3 5 269.6 0.352 0 0 0 
295.36 76.8 40.533718 -3.461173 653.5 3 5 269.6 0 0 0 0 
296.39 76.3 40.533718 -3.461422 653.5 3 5 270.0 0.352 0 0 0 
297.37 75.8 40.533714 -3.461674 654.3 3 5 269.6 0.352 0 0 0 
298.37 75.2 40.533718 -3.461922 654.5 3 5 269.3 0.703 0 0 0 
299.39 74.5 40.533710 -3.462165 654.4 3 5 269.3 0.352 0 0 0 
300.38 74.1 40.533710 -3.462413 654.8 3 5 269.6 0.352 0 0 0 
301.36 73.6 40.533710 -3.462647 655.2 3 5 270.0 0.703 0 0 0 
302.37 73.4 40.533707 -3.462888 655.7 3 5 269.6 0.352 0 0 0 
303.37 72.5 40.533707 -3.463125 655.8 3 5 269.6 0.352 0 0 0 
304.39 72.7 40.533703 -3.463357 656.0 3 5 270.0 0.352 0 0 0 
305.36 72.3 40.533707 -3.463594 656.4 3 5 270.0 0.352 0 0 0 
306.39 72.1 40.533710 -3.463830 656.3 3 5 270.0 0 0 0 0 
307.37 71.5 40.533714 -3.464061 656.8 3 5 270.0 0 0 0 0 
308.37 71.7 40.533710 -3.464300 657.0 3 5 269.6 0.352 0 0 0 
309.38 71.0 40.533714 -3.464536 657.3 3 5 270.4 0.703 0 0 0 
310.36 71.0 40.533710 -3.464775 657.5 3 5 270.7 1.055 0 0 0 
311.36 71.1 40.533714 -3.465009 657.8 3 5 271.4 1.055 0 0 0 
312.41 70.1 40.533730 -3.465237 657.9 3 5 272.8 2.109 0 0 0 
313.40 70.0 40.533737 -3.465465 658.1 3 5 274.9 3.516 0 0 0 
314.37 70.0 40.533756 -3.465702 658.6 3 5 276.3 3.516 0 0 0 
315.36 69.7 40.533779 -3.465934 658.8 3 5 278.4 3.516 0 0 0 
316.36 69.4 40.533806 -3.466166 659.3 3 5 280.9 4.570 0 0 0 
317.37 69.0 40.533836 -3.466390 659.5 3 5 282.7 4.219 0 0 0 
318.36 68.8 40.533882 -3.466603 659.9 3 5 284.4 3.516 0 0 0 
319.39 68.8 40.533936 -3.466817 660.0 3 5 287.6 4.922 0 0 0 
320.38 69.3 40.533989 -3.467030 660.3 3 5 290.0 5.625 0 0 0 
321.43 68.4 40.534054 -3.467242 660.4 3 5 292.5 4.922 0 0 0 
322.35 68.3 40.534126 -3.467447 660.8 3 5 294.3 4.219 0 0 0 
323.39 68.5 40.534199 -3.467649 661.3 3 5 295.7 3.164 0 0 0 
324.40 67.8 40.534279 -3.467844 661.4 3 5 298.1 3.867 0 0 0 
325.38 67.9 40.534370 -3.468031 662.0 3 5 301.3 5.625 0 0 0 
326.35 68.4 40.534458 -3.468213 662.7 3 5 303.4 5.273 0 0 0 
327.38 68.0 40.534557 -3.468404 663.6 3 5 304.8 3.516 0 0 0 
328.35 67.2 40.534660 -3.468570 663.9 3 5 306.9 3.516 0 0 0 
329.35 67.1 40.534760 -3.468743 664.2 3 5 309.0 4.219 0 0 0 
330.35 67.1 40.534866 -3.468913 664.7 3 5 309.0 2.109 0 0 0 
331.35 66.9 40.534985 -3.469080 664.9 3 5 313.2 4.219 0 0 0 
332.35 67.1 40.535107 -3.469232 665.2 3 5 315.4 6.328 0 0 0 
333.41 67.0 40.535233 -3.469384 665.3 3 5 317.1 3.867 0 0 0 
334.36 67.2 40.535358 -3.469521 665.6 3 5 319.6 4.219 0 0 0 
335.37 67.8 40.535507 -3.469667 666.0 3 5 321.7 4.570 0 0 0 
336.35 67.2 40.535645 -3.469789 666.5 3 5 325.2 5.625 0 0 0 
337.38 67.4 40.535782 -3.469905 667.0 3 5 327.0 5.273 0 0 0 
338.36 67.5 40.535931 -3.470019 667.2 3 5 328.7 3.516 0 0 0 
339.36 67.3 40.536079 -3.470121 667.5 3 5 330.5 3.516 0 0 0 
340.37 67.5 40.536224 -3.470232 667.9 3 5 332.9 4.219 0 0 0 
341.38 67.4 40.536373 -3.470334 668.2 3 5 335.7 5.273 0 0 0 
342.38 67.8 40.536530 -3.470423 668.8 3 5 337.5 4.570 0 0 0 
343.38 66.8 40.536690 -3.470502 669.2 3 5 339.6 3.867 0 0 0 
344.37 66.8 40.536846 -3.470577 669.6 3 5 341.7 4.219 0 0 0 
345.37 68.0 40.537010 -3.470645 670.0 3 5 344.9 5.273 0 0 0 
346.36 67.1 40.537174 -3.470700 670.5 3 5 344.9 3.164 0 0 0 
347.36 67.2 40.537327 -3.470758 670.5 3 5 345.2 0.352 0 0 0 
348.38 67.1 40.537491 -3.470820 671.0 3 5 344.9 0.352 0 0 0 
349.38 66.7 40.537651 -3.470877 671.1 3 5 345.2 0.352 0 0 0 
350.36 67.0 40.537823 -3.470932 671.3 3 5 345.6 0.703 0 0 0 
351.38 66.8 40.537979 -3.470989 671.5 3 5 346.6 1.406 0 0 0 
352.37 66.6 40.538132 -3.471041 672.0 3 5 345.9 0.703 0 0 0 
353.36 66.7 40.538296 -3.471103 672.5 3 5 345.9 0.703 0 0 0 
354.35 67.6 40.538456 -3.471159 672.5 3 5 345.9 0 0 0 0 
355.40 67.6 40.538620 -3.471214 673.1 3 5 345.9 0 0 0 0 
356.40 66.5 40.538776 -3.471270 673.4 3 5 345.6 0.352 0 0 0 
357.36 68.6 40.538937 -3.471321 673.9 3 5 345.6 0.352 0 0 0 
358.41 69.3 40.539097 -3.471380 674.2 3 5 345.6 0 0 0 0 
359.37 69.3 40.539265 -3.471436 674.5 4 5 345.6 0 0 0 0 
360.38 68.7 40.539429 -3.471481 674.6 4 5 345.6 0 0 0 0 
361.37 70.5 40.539600 -3.471533 675.3 4 5 345.6 0 0 0 0 
362.41 71.0 40.539764 -3.471596 675.5 3 5 346.3 0.703 0 0 0 
363.35 71.4 40.539936 -3.471653 675.8 3 5 345.9 0.352 0 0 0 
364.37 72.5 40.540115 -3.471709 676.4 3 5 345.9 0.352 0 0 0 
365.36 72.4 40.540298 -3.471763 676.8 3 5 345.6 0.352 0 0 0 
366.43 72.3 40.540478 -3.471823 677.2 3 5 345.9 0.352 0 0 0 
367.41 72.5 40.540653 -3.471886 677.9 3 5 345.9 0.352 0 0 0 
368.37 72.1 40.540829 -3.471946 678.5 3 5 345.6 0.352 0 0 0 
369.39 70.4 40.541000 -3.471999 678.4 3 5 345.6 0.352 0 0 0 
370.39 72.5 40.541176 -3.472059 678.4 3 5 345.6 0 0 0 0 
371.36 72.4 40.541359 -3.472117 679.7 3 5 345.9 0.352 0 0 0 
372.35 72.0 40.541534 -3.472176 680.0 3 5 345.9 0.352 0 0 0 
373.38 71.6 40.541714 -3.472238 679.9 3 5 345.9 0 0 0 0 
374.35 71.0 40.541889 -3.472297 680.5 3 5 346.3 0.352 0 0 0 
375.38 71.0 40.542061 -3.472353 680.7 3 5 345.6 0.703 0 0 0 
376.38 71.1 40.542236 -3.472410 681.0 3 5 345.6 0.703 0 0 0 
377.36 71.3 40.542408 -3.472463 681.7 3 5 345.6 0 0 0 0 
378.35 71.5 40.542580 -3.472522 681.8 3 5 345.9 0.352 1 0 0 
379.36 71.4 40.542755 -3.472578 682.2 3 5 345.6 0.352 0 0 0 
380.36 71.7 40.542934 -3.472633 682.7 3 5 345.9 0.352 0 0 0 
381.38 72.9 40.543114 -3.472685 683.5 3 5 346.6 1.055 0 0 0 
382.40 72.6 40.543293 -3.472740 683.8 3 5 345.9 0.703 0 0 0 
383.36 73.2 40.543468 -3.472799 684.7 3 5 345.9 0.703 0 0 0 
384.40 73.3 40.543648 -3.472865 685.0 3 5 345.9 0 0 0 0 
385.37 72.0 40.543819 -3.472921 685.8 3 5 345.6 0.352 0 0 0 
386.36 72.0 40.543995 -3.472980 686.0 3 5 345.6 0.352 0 0 0 
387.40 72.1 40.544174 -3.473040 687.5 3 5 345.9 0.352 0 0 0 
388.36 73.2 40.544353 -3.473105 688.3 3 5 345.6 0.352 0 0 0 
389.40 73.5 40.544533 -3.473169 689.0 3 5 345.6 0.352 0 0 0 
390.36 73.8 40.544708 -3.473231 689.4 3 5 345.6 0 0 0 0 
391.40 73.6 40.544891 -3.473291 689.9 3 5 345.9 0.352 0 0 0 
392.38 73.0 40.545067 -3.473356 690.3 3 5 345.6 0.352 0 0 0 
393.36 72.7 40.545242 -3.473415 691.0 3 5 345.6 0.352 0 0 0 
394.40 72.6 40.545418 -3.473476 691.6 3 5 345.6 0 0 0 0 
395.35 72.6 40.545593 -3.473539 692.3 3 5 345.6 0 0 0 0 
396.36 72.8 40.545769 -3.473596 692.6 3 5 345.6 0 0 0 0 
397.36 73.1 40.545940 -3.473655 693.5 3 5 345.2 0.352 0 0 0 
398.39 73.3 40.546120 -3.473716 694.2 3 5 344.9 0.703 0 0 0 
399.35 73.4 40.546295 -3.473777 695.2 3 5 344.9 0.352 0 0 0 
400.36 73.7 40.546474 -3.473839 695.6 3 5 344.5 0.352 0 0 0 
401.36 73.8 40.546654 -3.473904 696.3 3 5 343.8 1.055 0 0 0 
402.37 73.7 40.546829 -3.473968 697.0 3 5 343.5 1.055 0 0 0 
403.42 74.0 40.547005 -3.474036 697.5 3 5 342.8 1.055 0 0 0 
404.37 74.2 40.547180 -3.474111 698.3 3 5 342.1 1.406 0 0 0 
405.36 74.4 40.547363 -3.474188 699.3 3 5 341.4 1.406 1 0 0 
406.42 74.7 40.547543 -3.474266 699.8 3 5 340.7 1.406 1 0 0 
407.40 75.2 40.547726 -3.474355 700.4 3 5 339.6 1.758 0 0 0 
408.36 75.2 40.547901 -3.474449 701.4 3 5 338.9 1.758 0 0 0 
409.41 75.0 40.548069 -3.474540 702.0 3 5 337.9 1.758 0 0 0 
410.38 74.2 40.548244 -3.474633 702.8 3 5 337.1 1.758 0 0 0 
411.36 74.4 40.548412 -3.474733 703.4 3 5 336.1 1.758 0 0 0 
412.36 74.5 40.548580 -3.474836 704.2 3 5 335.4 1.758 0 0 0 
413.38 73.6 40.548748 -3.474948 705.2 3 5 334.3 1.758 0 0 0 
414.37 74.2 40.548908 -3.475059 705.6 3 5 333.6 1.758 0 0 0 
415.36 74.4 40.549068 -3.475171 706.2 3 5 332.6 1.758 0 0 0 
416.40 74.7 40.549232 -3.475287 706.9 3 5 331.9 1.758 0 0 0 
417.37 74.7 40.549397 -3.475403 707.4 3 5 331.2 1.406 0 0 0 
418.37 74.4 40.549561 -3.475525 708.3 3 5 330.5 1.406 0 0 0 
419.37 75.6 40.549725 -3.475649 708.8 3 5 330.1 1.055 0 0 0 
420.37 74.4 40.549885 -3.475772 709.4 3 5 328.4 2.109 0 0 0 
421.42 74.7 40.550053 -3.475893 710.5 3 5 327.7 2.461 0 0 0 
422.37 75.5 40.550213 -3.476026 711.0 3 5 327.0 1.406 0 0 0 
423.36 75.8 40.550373 -3.476164 711.9 3 5 325.9 1.758 0 0 0 
424.37 75.9 40.550533 -3.476309 713.4 3 5 324.8 2.109 0 0 0 
425.42 74.7 40.550682 -3.476448 713.6 3 5 324.1 1.758 0 0 0 
426.39 74.4 40.550831 -3.476591 714.2 3 5 323.1 1.758 0 0 0 
427.35 75.3 40.550983 -3.476744 714.9 3 5 322.7 1.406 0 0 0 
428.36 75.5 40.551136 -3.476893 715.8 3 5 322.4 0.703 0 0 0 
429.39 76.1 40.551289 -3.477047 716.3 3 5 321.3 1.406 0 0 0 
430.36 75.9 40.551445 -3.477207 717.1 3 5 319.9 2.461 0 0 0 
431.38 74.8 40.551575 -3.477366 717.6 3 5 318.9 2.461 0 0 0 
432.38 74.5 40.551720 -3.477532 718.2 3 5 318.2 1.758 0 0 0 
433.38 75.5 40.551865 -3.477687 719.0 3 5 318.2 0.703 0 0 0 
434.36 76.1 40.552002 -3.477860 719.9 3 5 316.4 1.758 0 0 0 
435.43 76.0 40.552139 -3.478037 720.9 3 5 315.4 2.812 0 0 0 
436.35 76.2 40.552273 -3.478216 721.6 3 5 315.0 1.406 0 0 0 
437.39 76.4 40.552399 -3.478396 722.0 3 5 313.6 1.758 0 0 0 
438.38 76.5 40.552528 -3.478586 722.5 3 5 312.9 2.109 0 0 0 
439.43 76.0 40.552650 -3.478776 723.6 3 5 312.2 1.406 0 0 0 
440.37 76.7 40.552784 -3.478966 724.4 3 5 311.5 1.406 0 0 0 
441.38 76.8 40.552910 -3.479154 724.9 3 5 310.4 1.758 0 0 0 
442.44 77.3 40.553032 -3.479336 725.7 3 5 311.1 0.703 0 0 0 
443.39 77.1 40.553158 -3.479532 726.3 3 5 309.7 1.406 0 0 0 
444.35 77.1 40.553284 -3.479734 726.8 3 5 308.3 2.812 0 0 0 
445.37 78.2 40.553406 -3.479935 727.7 3 5 307.3 2.461 0 0 0 
446.37 77.8 40.553524 -3.480137 728.1 3 5 305.9 2.461 0 0 0 
447.38 78.0 40.553635 -3.480355 728.4 3 5 305.2 2.109 0 0 0 
448.35 78.6 40.553745 -3.480568 729.3 3 5 304.5 1.406 0 0 0 
449.36 78.6 40.553848 -3.480790 729.6 3 5 303.4 1.758 0 0 0 
450.37 78.7 40.553959 -3.480998 730.2 3 5 303.4 1.055 0 0 0 
451.36 78.4 40.554066 -3.481224 730.7 3 5 302.3 1.055 0 0 0 
452.40 79.0 40.554169 -3.481438 730.8 3 5 301.6 1.758 0 0 0 
453.35 78.5 40.554264 -3.481657 732.4 3 5 299.2 3.164 0 0 0 
454.36 79.5 40.554352 -3.481877 733.2 3 5 299.2 2.461 0 0 0 
455.37 79.6 40.554447 -3.482090 733.4 3 5 298.1 1.055 0 0 0 
456.35 79.5 40.554550 -3.482312 733.2 3 5 297.8 1.406 0 0 0 
457.35 80.0 40.554642 -3.482544 733.5 3 5 296.0 2.109 0 0 0 
458.36 80.5 40.554741 -3.482775 733.7 3 5 295.7 2.109 0 0 0 
459.37 79.8 40.554825 -3.483016 733.5 3 5 294.6 1.406 0 0 0 
460.42 80.5 40.554905 -3.483258 733.6 3 5 293.6 2.109 0 0 0 
461.36 79.5 40.554985 -3.483497 733.7 3 5 292.9 1.758 0 0 0 
462.38 79.5 40.555061 -3.483738 733.8 3 5 291.8 1.758 0 0 0 
463.36 79.8 40.555138 -3.483981 734.0 3 5 291.4 1.406 0 0 0 
464.38 80.7 40.555210 -3.484231 734.1 3 5 290.0 1.758 0 0 0 
465.35 80.8 40.555279 -3.484480 734.2 3 5 289.3 2.109 0 0 0 
466.39 80.9 40.555344 -3.484739 734.4 3 5 288.3 1.758 0 0 0 
467.39 80.9 40.555405 -3.484992 734.8 3 5 287.6 1.758 0 0 0 
468.36 81.3 40.555458 -3.485249 735.1 3 5 286.9 1.406 0 0 0 
469.39 81.5 40.555508 -3.485504 735.7 3 5 285.1 2.461 0 0 0 
470.38 80.2 40.555557 -3.485758 736.2 3 5 284.4 2.461 0 0 0 
471.37 81.6 40.555607 -3.486016 736.1 3 5 283.4 1.758 0 0 0 
472.37 81.4 40.555649 -3.486272 736.1 3 5 282.3 2.109 0 0 0 
473.35 81.4 40.555691 -3.486541 736.1 3 5 281.6 1.758 0 0 0 
474.39 81.8 40.555721 -3.486806 736.2 3 5 280.9 1.406 0 0 0 
475.36 81.5 40.555759 -3.487076 736.4 3 5 279.8 1.758 0 0 0 
476.39 81.5 40.555794 -3.487328 736.5 3 5 278.8 2.109 0 0 0 
477.37 81.7 40.555824 -3.487598 736.6 3 5 278.1 1.758 0 0 0 
478.40 81.6 40.555847 -3.487860 737.0 3 5 277.0 1.758 0 0 0 
479.37 81.8 40.555874 -3.488125 737.4 3 5 276.0 2.109 0 0 0 
480.37 81.7 40.555893 -3.488400 737.4 3 5 274.9 2.109 0 0 0 
481.38 82.1 40.555908 -3.488667 738.0 3 5 273.9 2.109 0 0 0 
482.36 81.8 40.555912 -3.488928 738.4 3 5 272.1 2.812 1 0 0 
483.37 80.5 40.555908 -3.489195 738.5 3 5 270.0 3.867 1 0 0 
484.37 81.6 40.555904 -3.489459 738.9 3 5 268.6 3.516 1 0 0 
485.40 81.4 40.555897 -3.489725 739.1 3 5 266.8 3.164 0 0 0 
486.37 81.9 40.555878 -3.489989 739.0 3 5 264.7 3.867 1 0 0 
487.37 82.3 40.555851 -3.490257 739.5 3 5 263.0 3.867 0 0 0 
488.36 82.1 40.555813 -3.490525 739.8 3 5 260.9 3.867 0 0 0 
489.35 81.8 40.555782 -3.490798 740.1 3 5 259.1 3.867 0 0 0 
490.39 82.3 40.555737 -3.491052 740.2 3 5 256.6 4.219 0 0 0 
491.36 82.6 40.555687 -3.491311 740.8 3 5 255.2 3.867 0 0 0 
492.38 82.1 40.555634 -3.491571 740.9 3 5 253.1 3.516 1 0 0 
493.41 82.5 40.555565 -3.491826 741.2 3 5 251.4 3.867 0 0 0 
494.40 82.9 40.555500 -3.492080 741.5 3 5 250.0 3.164 0 0 0 
495.38 83.2 40.555428 -3.492343 741.8 3 5 248.2 3.164 0 0 0 
496.39 83.0 40.555344 -3.492598 741.9 3 5 246.1 3.867 0 0 0 
497.37 83.3 40.555260 -3.492844 741.8 3 5 244.7 3.516 0 0 0 
498.35 82.4 40.555168 -3.493088 742.0 3 5 244.0 2.109 0 0 0 
499.35 83.0 40.555077 -3.493328 742.2 4 5 243.3 1.406 0 0 0 
500.45 83.8 40.554981 -3.493567 742.3 4 5 242.6 1.406 0 0 0 
501.36 82.7 40.554882 -3.493813 742.9 4 5 242.2 1.055 0 0 0 
502.38 84.1 40.554779 -3.494061 742.8 4 5 243.6 1.406 0 0 0 
503.38 84.0 40.554688 -3.494309 743.1 4 5 245.4 3.164 0 0 0 
504.38 84.1 40.554607 -3.494565 743.6 4 5 247.5 3.867 0 0 0 
505.36 84.6 40.554527 -3.494824 743.7 3 5 249.6 4.219 0 0 0 
506.35 84.1 40.554455 -3.495098 743.9 4 5 251.4 3.867 0 0 0 
507.38 84.3 40.554401 -3.495369 744.1 3 5 253.8 4.219 0 0 0 
508.44 83.8 40.554356 -3.495619 744.8 3 5 256.6 5.273 0 0 0 
509.41 84.3 40.554325 -3.495884 744.9 3 5 259.1 5.273 0 0 0 
510.39 84.5 40.554283 -3.496150 745.2 4 5 261.6 4.922 0 0 0 
511.38 83.6 40.554249 -3.496418 745.5 4 5 263.0 3.867 0 0 0 
512.37 84.7 40.554230 -3.496696 745.7 4 5 265.1 3.516 0 0 0 
513.43 83.6 40.554218 -3.496966 745.6 3 5 267.2 4.219 0 0 0 
514.35 83.6 40.554211 -3.497241 746.2 3 5 269.6 4.570 0 0 0 
515.37 84.0 40.554214 -3.497508 746.4 3 5 271.4 4.219 0 0 0 
516.43 83.9 40.554234 -3.497778 746.7 3 5 274.6 4.922 0 0 0 
517.40 84.1 40.554256 -3.498050 746.5 3 5 276.3 4.922 0 0 0 
518.42 84.4 40.554283 -3.498325 746.8 3 5 278.8 4.219 0 0 0 
519.40 85.0 40.554321 -3.498604 746.6 3 5 281.6 5.273 0 0 0 
520.37 85.0 40.554359 -3.498877 746.6 3 5 283.4 4.570 0 0 0 
521.36 85.5 40.554417 -3.499154 747.1 3 5 284.8 3.164 1 0 0 
522.36 86.2 40.554478 -3.499427 747.1 3 5 285.8 2.461 1 0 0 
523.40 87.2 40.554543 -3.499701 747.0 3 5 286.5 1.758 0 0 0 
524.35 88.2 40.554596 -3.499963 746.1 3 5 286.9 1.055 0 0 0 
525.36 87.8 40.554661 -3.500237 744.9 3 5 287.6 1.055 0 0 0 
526.36 84.7 40.554726 -3.500510 743.9 3 5 291.1 4.219 0 0 0 
527.36 81.8 40.554813 -3.500772 742.9 3 5 295.7 8.086 0 0 0 
528.36 82.3 40.554916 -3.501011 742.1 3 5 300.2 9.141 0 0 0 
529.38 82.6 40.555027 -3.501240 741.2 3 5 303.8 8.086 0 0 0 
530.37 83.5 40.555145 -3.501464 740.1 3 5 305.2 4.922 0 0 0 
531.40 84.4 40.555275 -3.501690 739.5 3 5 305.9 2.109 0 0 0 
532.40 85.8 40.555397 -3.501918 737.9 3 5 305.5 0.352 0 0 0 
533.37 86.9 40.555523 -3.502151 737.2 3 5 304.8 1.055 0 0 0 
534.37 87.7 40.555649 -3.502386 736.6 3 5 303.4 2.109 0 0 0 
535.37 89.0 40.555767 -3.502628 736.2 3 5 302.0 2.812 0 0 0 
536.38 88.5 40.555878 -3.502874 734.4 3 5 300.6 2.812 0 0 0 
537.35 88.1 40.555981 -3.503132 733.3 3 5 297.4 4.570 0 0 0 
538.38 85.5 40.556080 -3.503384 731.9 3 5 295.7 4.922 1 1 0 
539.40 87.0 40.556168 -3.503647 730.3 3 5 294.3 3.164 1 1 0 
540.37 86.5 40.556248 -3.503910 729.4 3 5 292.9 2.812 1 1 0 
541.36 87.1 40.556328 -3.504172 728.1 3 5 291.1 3.164 1 1 0 
542.37 88.8 40.556404 -3.504450 726.9 3 5 290.0 2.812 0 1 0 
543.39 88.5 40.556469 -3.504726 726.5 3 5 287.2 3.867 0 1 0 
544.37 88.4 40.556534 -3.505005 725.8 3 5 285.8 4.219 0 1 0 
545.36 88.9 40.556583 -3.505287 724.1 3 5 283.4 3.867 0 1 0 
546.37 90.1 40.556641 -3.505575 723.2 3 5 282.3 3.516 0 1 0 
547.43 89.1 40.556690 -3.505854 721.6 3 5 279.5 3.867 0 0 0 
548.42 89.6 40.556725 -3.506141 720.8 3 5 277.7 4.570 0 0 0 
549.36 90.1 40.556747 -3.506448 719.5 3 5 275.6 3.867 0 0 0 
550.40 90.1 40.556763 -3.506732 719.8 3 5 273.9 3.867 0 0 0 
551.36 89.9 40.556778 -3.507030 718.7 3 5 272.1 3.516 0 0 0 
552.37 89.9 40.556786 -3.507325 717.0 3 5 270.0 3.867 0 0 0 
553.36 90.5 40.556774 -3.507613 715.2 3 5 268.6 3.516 0 0 0 
554.39 89.5 40.556763 -3.507894 714.1 3 5 267.9 2.109 0 0 0 
555.40 89.2 40.556755 -3.508182 712.2 3 5 267.9 0.703 0 0 0 
556.38 88.9 40.556747 -3.508470 711.1 3 5 268.2 0.352 0 0 0 
557.38 90.5 40.556736 -3.508764 709.8 3 5 268.6 0.703 0 0 0 
558.38 90.8 40.556736 -3.509059 708.8 3 5 269.6 1.406 0 0 0 
559.38 90.0 40.556740 -3.509352 707.5 3 5 272.1 3.516 0 0 0 
560.39 89.8 40.556755 -3.509645 706.6 3 5 273.9 4.219 0 0 0 
561.36 89.9 40.556767 -3.509945 705.2 3 5 275.6 3.516 0 0 0 
562.38 89.9 40.556805 -3.510220 703.9 3 5 278.1 4.219 0 0 0 
563.40 89.7 40.556850 -3.510519 702.8 3 5 280.5 4.922 0 0 0 
564.38 89.3 40.556900 -3.510806 701.4 3 5 283.4 5.273 0 0 0 
565.36 89.1 40.556957 -3.511080 700.1 3 5 285.5 4.922 0 0 0 
566.37 88.7 40.557022 -3.511361 699.0 3 5 287.6 4.219 0 0 0 
567.37 88.3 40.557091 -3.511635 697.5 3 5 289.3 3.867 0 0 0 
568.34 88.2 40.557167 -3.511905 696.3 3 5 291.4 3.867 0 0 0 
569.35 88.2 40.557247 -3.512188 695.0 3 5 293.2 3.867 0 0 0 
570.33 89.2 40.557343 -3.512459 693.6 3 5 296.0 4.570 0 0 0 
571.32 87.5 40.557438 -3.512719 692.4 3 5 297.8 4.570 0 0 0 
572.33 88.3 40.557549 -3.512965 691.2 3 5 299.5 3.516 0 0 0 
573.33 88.3 40.557663 -3.513214 690.0 3 5 301.6 3.867 0 0 0 
574.33 88.4 40.557785 -3.513457 688.6 3 5 304.5 4.922 0 0 0 
575.33 88.2 40.557915 -3.513698 687.9 3 5 306.9 5.273 0 0 0 
576.33 87.6 40.558056 -3.513925 686.5 3 5 309.0 4.570 0 0 0 
577.34 88.4 40.558197 -3.514141 685.6 3 5 311.5 4.570 0 0 0 
578.33 88.1 40.558353 -3.514350 684.5 3 5 313.2 4.219 0 0 0 
579.33 87.3 40.558506 -3.514561 683.0 3 5 313.9 2.461 0 0 0 
580.40 87.7 40.558662 -3.514759 682.2 3 5 316.8 3.516 0 0 0 
581.33 87.8 40.558819 -3.514949 681.2 3 5 319.2 5.273 0 0 0 
582.33 86.9 40.558987 -3.515131 680.4 3 5 321.7 4.922 0 0 0 
583.33 84.8 40.559155 -3.515299 679.6 3 5 324.1 4.922 0 0 0 
584.37 87.1 40.559334 -3.515470 678.6 3 5 324.8 3.164 0 0 0 
585.33 84.6 40.559513 -3.515629 677.6 3 5 327.3 3.164 0 0 0 
586.33 85.7 40.559696 -3.515776 677.0 3 5 330.1 5.273 0 0 0 
587.33 85.4 40.559887 -3.515916 676.3 4 5 332.2 4.922 0 0 0 
588.33 85.6 40.560089 -3.516032 675.6 4 5 334.3 4.219 0 0 0 
589.32 84.8 40.560276 -3.516148 675.0 4 5 336.1 3.867 0 0 0 
590.33 84.9 40.560474 -3.516250 674.5 4 5 337.9 3.516 0 0 0 
591.33 83.8 40.560673 -3.516348 673.8 4 5 340.0 3.867 0 0 0 
592.33 82.5 40.560871 -3.516444 672.8 4 5 341.0 3.164 0 0 0 
593.33 83.7 40.561069 -3.516516 671.9 4 5 344.2 4.219 0 0 0 
594.34 83.1 40.561275 -3.516585 670.9 4 5 345.9 4.922 0 0 0 
595.34 84.2 40.561478 -3.516638 670.2 4 5 348.4 4.219 0 0 0 
596.34 83.7 40.561687 -3.516682 669.4 4 5 349.8 3.867 0 0 0 
597.38 83.3 40.561897 -3.516728 668.7 4 5 351.9 3.516 0 0 0 
598.35 84.6 40.562103 -3.516762 667.7 4 5 353.0 3.164 0 0 0 
599.40 85.0 40.562309 -3.516802 666.9 4 5 354.4 2.461 0 0 0 
600.34 85.7 40.562523 -3.516829 666.1 6 5 354.0 1.055 0 0 0 
601.33 86.4 40.562733 -3.516855 665.6 6 5 354.0 0.352 0 0 0 
602.34 86.5 40.562954 -3.516879 664.7 4 5 354.0 0 0 0 0 
603.34 87.7 40.563171 -3.516923 664.2 6 5 353.0 1.055 0 0 0 
604.35 87.0 40.563385 -3.516956 663.5 6 5 351.9 2.109 1 0 0 
605.33 86.7 40.563602 -3.516989 662.9 6 5 351.6 1.406 0 0 0 
606.33 87.3 40.563816 -3.517039 662.4 6 5 350.9 1.055 0 0 0 
607.34 87.5 40.564022 -3.517103 661.4 6 5 349.8 1.758 0 0 0 
608.34 88.8 40.564240 -3.517156 660.3 6 5 349.1 1.758 0 0 0 
609.40 87.6 40.564453 -3.517214 659.7 4 5 347.3 2.461 0 0 0 
610.36 87.9 40.564663 -3.517282 659.1 4 5 346.3 2.812 0 0 0 
611.36 88.3 40.564880 -3.517352 658.4 4 5 344.5 2.812 0 0 0 
612.40 87.2 40.565083 -3.517429 657.9 4 5 343.5 2.812 0 0 0 
613.33 87.9 40.565292 -3.517519 657.5 3 5 342.8 1.758 0 0 0 
614.34 87.3 40.565506 -3.517599 657.2 3 5 342.1 1.406 0 0 0 
615.33 88.3 40.565720 -3.517705 656.6 3 5 341.4 1.406 0 0 0 
616.37 88.2 40.565941 -3.517798 656.2 3 5 339.6 2.461 0 0 0 
617.33 87.8 40.566139 -3.517907 656.3 3 5 337.9 3.516 0 0 0 
618.36 87.2 40.566345 -3.518011 656.4 3 5 337.1 2.461 0 0 0 
619.32 86.8 40.566555 -3.518124 656.4 3 5 336.1 1.758 0 0 0 
620.35 86.8 40.566753 -3.518252 656.1 4 5 335.4 1.758 0 0 0 
621.35 86.1 40.566944 -3.518374 656.3 3 5 334.0 2.109 0 0 0 
622.34 86.7 40.567135 -3.518512 656.3 3 5 332.9 2.461 0 0 0 
623.35 84.9 40.567329 -3.518645 656.3 3 5 331.5 2.461 0 0 0 
624.32 84.2 40.567509 -3.518775 656.3 4 5 330.5 2.461 0 0 0 
625.40 84.1 40.567699 -3.518912 656.8 4 5 329.1 2.461 0 0 0 
626.39 83.8 40.567871 -3.519053 656.8 4 5 328.4 2.109 0 0 0 
627.33 83.8 40.568050 -3.519203 657.3 4 5 327.7 1.406 0 0 0 
628.32 83.6 40.568222 -3.519355 657.4 4 5 326.2 2.109 0 0 0 
629.33 83.2 40.568398 -3.519504 657.3 3 5 325.2 2.461 0 0 0 
630.32 82.1 40.568565 -3.519658 657.6 3 5 324.1 2.109 0 0 0 
631.36 81.3 40.568726 -3.519811 657.8 3 5 322.7 2.461 0 0 0 
632.37 81.3 40.568882 -3.519972 658.2 3 5 322.0 2.109 0 0 0 
633.39 80.5 40.569046 -3.520151 658.5 3 5 321.0 1.758 0 0 0 
634.33 80.6 40.569202 -3.520313 658.5 3 5 319.9 2.109 0 0 0 
635.36 81.5 40.569351 -3.520485 658.8 3 5 319.6 1.406 0 0 0 
636.33 80.8 40.569492 -3.520649 659.4 3 5 318.2 1.758 0 0 0 
637.33 80.5 40.569649 -3.520822 659.8 3 5 317.1 2.461 0 0 0 
638.33 81.0 40.569798 -3.521000 660.6 3 5 316.1 2.109 0 0 0 
639.33 80.2 40.569942 -3.521189 661.5 3 5 314.6 2.461 0 0 0 
640.34 80.4 40.570084 -3.521381 661.9 3 5 313.6 2.461 0 0 0 
641.38 80.2 40.570221 -3.521586 662.0 3 5 312.5 2.109 0 0 0 
642.37 79.5 40.570358 -3.521787 662.0 3 5 311.5 2.109 0 0 0 
643.36 79.1 40.570492 -3.521972 662.3 3 5 311.1 1.406 0 0 0 
644.36 78.9 40.570625 -3.522160 662.3 3 5 309.7 1.758 0 0 0 
645.39 78.7 40.570740 -3.522367 662.2 3 5 308.3 2.812 0 0 0 
646.33 79.3 40.570862 -3.522568 662.4 3 5 307.6 2.109 0 0 0 
647.32 78.4 40.570965 -3.522775 662.6 3 5 305.9 2.461 1 0 0 
648.33 79.0 40.571075 -3.522985 662.8 4 5 305.2 2.461 1 0 0 
649.33 79.0 40.571186 -3.523196 662.8 3 5 304.5 1.406 1 0 0 
650.33 79.7 40.571301 -3.523410 662.6 4 5 303.8 1.406 1 0 0 
651.40 79.4 40.571411 -3.523629 662.7 4 5 302.7 1.758 1 0 0 
652.34 80.1 40.571522 -3.523866 662.4 4 5 301.3 2.461 1 1 0 
653.38 80.1 40.571625 -3.524089 662.6 3 5 300.2 2.461 1 1 0 
654.39 80.6 40.571735 -3.524318 662.4 3 5 299.5 1.758 1 1 0 
655.40 80.9 40.571835 -3.524546 662.2 3 5 298.5 1.758 0 1 0 
656.36 81.1 40.571930 -3.524777 661.8 3 5 297.8 1.758 0 1 0 
657.35 82.0 40.572021 -3.525017 661.3 3 5 297.1 1.406 0 1 0 
658.39 82.7 40.572109 -3.525257 661.0 3 5 295.7 2.109 0 1 0 
659.34 83.3 40.572193 -3.525503 660.7 3 5 294.6 2.461 0 1 0 
660.39 84.3 40.572277 -3.525755 660.3 3 5 293.2 2.461 0 1 0 
661.37 84.3 40.572361 -3.526007 659.8 3 5 292.5 2.109 0 1 0 
662.37 84.9 40.572445 -3.526267 659.2 3 5 291.8 1.406 0 1 0 
663.36 86.0 40.572540 -3.526516 658.0 3 5 291.4 1.055 0 1 0 
664.37 85.6 40.572620 -3.526777 657.8 3 5 291.1 0.703 0 1 0 
665.35 85.8 40.572701 -3.527036 656.7 3 5 291.1 0.352 0 1 0 
666.34 86.6 40.572784 -3.527301 656.2 3 5 291.4 0.352 0 1 0 
667.36 85.9 40.572861 -3.527567 655.5 4 5 291.1 0.352 0 1 0 
668.35 86.9 40.572941 -3.527835 654.8 4 5 291.8 0.703 0 1 0 
669.35 88.3 40.573009 -3.528103 654.2 3 5 292.1 1.055 0 1 0 
670.33 87.4 40.573090 -3.528369 653.5 3 5 291.8 0.352 0 1 0 
671.34 87.8 40.573162 -3.528625 653.1 3 5 292.1 0.352 0 1 0 
672.35 88.1 40.573246 -3.528884 652.8 3 5 293.6 1.758 0 1 0 
673.39 88.7 40.573341 -3.529143 652.2 3 5 294.3 2.109 0 1 0 
674.33 89.0 40.573433 -3.529412 651.9 3 5 295.0 1.406 0 1 0 
675.32 89.7 40.573521 -3.529678 651.4 3 5 295.7 1.406 0 1 0 
676.35 88.8 40.573608 -3.529946 650.6 3 5 296.0 1.055 0 1 0 
677.33 88.5 40.573708 -3.530202 650.1 3 5 296.4 0.703 0 1 0 
678.32 89.1 40.573807 -3.530465 649.3 3 5 297.8 1.758 0 1 0 
679.35 89.2 40.573914 -3.530728 648.8 3 5 298.5 2.109 0 1 0 
680.37 89.2 40.574020 -3.530982 648.2 3 5 299.2 1.406 0 1 0 
681.32 88.9 40.574120 -3.531226 647.7 3 5 299.5 1.055 0 1 0 
682.37 89.6 40.574238 -3.531483 647.1 3 5 300.6 1.406 0 1 0 
683.36 89.6 40.574352 -3.531740 646.7 3 5 301.6 2.109 0 1 0 
684.33 89.3 40.574471 -3.531997 645.9 3 5 302.3 1.758 0 1 0 
685.38 89.1 40.574593 -3.532250 645.2 3 5 303.0 1.406 0 1 0 
686.36 88.8 40.574711 -3.532493 644.7 3 5 303.4 1.055 0 1 0 
687.32 88.9 40.574829 -3.532737 644.1 3 5 303.8 0.703 0 1 0 
688.33 88.8 40.574959 -3.532978 643.4 3 5 303.4 0.352 0 1 0 
689.34 88.7 40.575081 -3.533219 642.7 3 5 302.7 1.055 0 1 0 
690.32 89.0 40.575211 -3.533473 641.8 3 5 302.7 0.703 0 1 0 
691.37 89.5 40.575325 -3.533722 641.4 3 5 302.3 0.352 0 1 0 
692.39 90.1 40.575443 -3.533965 641.5 4 5 302.7 0.352 0 1 0 
693.39 90.0 40.575562 -3.534208 640.8 4 5 301.6 1.055 0 1 0 
694.33 89.5 40.575676 -3.534456 640.0 4 5 300.9 1.758 0 1 0 
695.33 89.8 40.575790 -3.534711 639.2 4 5 299.9 1.758 0 1 0 
696.33 90.5 40.575909 -3.534966 638.7 4 5 299.2 1.758 0 1 0 
697.33 90.4 40.576015 -3.535225 638.0 4 5 298.1 1.758 0 1 0 
698.36 90.6 40.576111 -3.535483 637.8 3 5 297.1 2.109 0 1 0 
699.34 90.6 40.576218 -3.535741 637.2 3 5 296.4 1.758 0 1 0 
700.33 90.6 40.576313 -3.536011 636.4 3 5 295.3 1.758 0 1 0 
701.34 90.3 40.576405 -3.536281 635.5 3 5 295.0 1.406 0 1 0 
702.41 88.6 40.576500 -3.536549 635.2 3 5 295.0 0.352 0 1 0 
703.35 86.7 40.576584 -3.536805 634.6 3 5 294.6 0.352 0 1 0 
704.33 86.3 40.576675 -3.537071 634.1 3 5 293.9 1.055 0 1 0 
705.33 85.9 40.576767 -3.537328 633.8 3 5 294.6 0.703 0 1 0 
706.33 86.1 40.576859 -3.537589 633.5 3 5 295.0 1.055 0 1 0 
707.33 85.2 40.576950 -3.537852 633.5 3 5 294.3 0.703 0 1 0 
708.32 85.8 40.577038 -3.538093 633.1 3 5 293.9 1.055 0 1 0 
709.34 85.1 40.577118 -3.538339 632.9 4 5 294.3 0.352 0 0 0 
710.34 83.8 40.577209 -3.538593 632.7 4 5 295.0 1.055 0 0 0 
711.33 84.1 40.577301 -3.538849 632.5 3 5 295.7 1.406 0 0 0 
712.34 83.4 40.577385 -3.539090 632.1 3 5 296.4 1.406 0 0 0 
713.33 83.4 40.577480 -3.539333 631.4 3 5 295.7 0.703 0 0 0 
714.34 83.1 40.577564 -3.539585 631.1 3 5 295.7 0.703 0 0 0 
715.33 83.0 40.577660 -3.539812 631.1 3 5 297.1 1.406 0 0 0 
716.36 82.3 40.577763 -3.540056 630.6 3 5 298.1 2.461 0 0 0 
717.41 82.5 40.577858 -3.540293 630.5 3 5 298.8 1.758 0 0 0 
718.34 82.3 40.577957 -3.540537 630.0 3 5 299.2 1.055 0 0 0 
719.38 82.0 40.578060 -3.540768 629.6 4 5 299.9 1.055 0 0 0 
720.34 81.7 40.578167 -3.540996 629.4 4 5 300.6 1.406 0 0 0 
721.41 81.5 40.578274 -3.541227 628.9 4 5 301.3 1.406 0 0 0 
722.41 81.6 40.578381 -3.541454 628.6 4 5 301.6 1.055 0 0 0 
723.34 81.8 40.578484 -3.541681 628.2 4 5 302.0 0.703 0 0 0 
724.35 82.4 40.578602 -3.541911 628.1 4 5 303.0 1.406 0 0 0 
725.34 82.5 40.578705 -3.542142 628.2 4 5 303.8 1.758 0 0 0 
726.34 82.7 40.578823 -3.542359 627.9 4 5 304.8 1.758 0 0 0 
727.34 82.7 40.578945 -3.542583 627.5 4 5 305.2 1.406 0 0 0 
728.36 83.0 40.579063 -3.542809 627.3 3 5 305.9 1.055 0 0 0 
729.34 83.0 40.579185 -3.543020 626.8 4 5 306.9 1.758 0 0 0 
730.33 82.5 40.579315 -3.543234 626.7 3 5 307.6 1.758 0 0 0 
731.32 83.1 40.579441 -3.543450 626.6 4 5 307.6 0.703 0 0 0 
732.37 82.4 40.579571 -3.543663 626.4 3 5 308.0 0.352 0 0 0 
733.36 83.1 40.579693 -3.543880 626.0 4 5 309.0 1.406 0 0 0 
734.33 83.2 40.579823 -3.544092 625.9 4 5 309.4 1.406 0 0 0 
735.36 82.6 40.579964 -3.544286 625.8 4 5 310.4 1.406 0 0 0 
736.34 83.8 40.580097 -3.544489 625.4 4 5 311.5 2.109 0 0 0 
737.34 82.4 40.580231 -3.544690 624.9 4 5 311.8 1.406 0 0 0 
738.35 82.5 40.580383 -3.544872 624.0 4 5 312.9 1.406 0 0 0 
739.35 82.6 40.580524 -3.545072 623.6 3 5 312.9 1.055 0 0 0 
740.33 83.3 40.580662 -3.545263 623.1 3 5 312.9 0 0 0 0 
741.35 83.7 40.580803 -3.545466 622.7 4 5 313.2 0.352 0 0 0 
742.33 84.0 40.580948 -3.545670 622.3 4 5 313.6 0.703 0 0 0 
743.34 83.7 40.581089 -3.545871 622.0 3 5 314.3 1.055 0 0 0 
744.32 83.4 40.581245 -3.546062 621.7 4 5 314.6 1.055 0 0 0 
745.32 83.3 40.581398 -3.546249 621.3 4 5 315.0 0.703 0 0 0 
746.37 83.0 40.581528 -3.546438 621.1 4 5 314.6 0.352 0 0 0 
747.40 82.9 40.581673 -3.546639 620.9 3 5 314.6 0.352 0 0 0 
748.33 83.3 40.581818 -3.546838 620.6 4 5 314.6 0 0 0 0 
749.39 83.6 40.581963 -3.547042 620.2 3 5 314.3 0.352 0 0 0 
750.32 83.6 40.582100 -3.547238 619.9 3 5 313.9 0.703 0 0 0 
751.36 83.2 40.582245 -3.547440 619.7 4 5 313.2 1.055 0 0 0 
752.39 83.7 40.582390 -3.547633 619.4 4 5 312.2 1.758 0 0 0 
753.33 83.6 40.582531 -3.547837 619.5 4 5 310.8 2.461 0 0 0 
754.36 83.2 40.582661 -3.548053 619.0 3 5 308.7 3.516 0 0 0 
755.33 83.2 40.582779 -3.548271 618.6 3 5 307.3 3.516 0 0 0 
756.36 83.7 40.582905 -3.548500 618.1 3 5 306.6 2.109 0 0 0 
757.38 83.1 40.583019 -3.548723 617.8 3 5 304.8 2.461 0 0 0 
758.33 83.3 40.583145 -3.548947 617.9 3 5 303.4 3.164 0 0 0 
759.39 83.8 40.583256 -3.549177 617.9 3 5 301.3 3.516 0 0 0 
760.39 83.1 40.583355 -3.549421 617.8 3 5 299.9 3.516 0 0 0 
761.36 83.4 40.583462 -3.549666 617.5 3 5 298.5 2.812 0 0 0 
762.36 83.1 40.583565 -3.549906 616.9 3 5 297.4 2.461 0 0 0 
763.39 84.9 40.583656 -3.550153 616.4 3 5 296.7 1.758 0 0 0 
764.33 83.1 40.583748 -3.550404 616.1 3 5 294.6 2.812 0 0 0 
765.37 83.2 40.583832 -3.550654 615.8 3 5 293.2 3.516 0 0 0 
766.33 83.5 40.583912 -3.550908 615.5 3 5 291.8 2.812 0 0 0 
767.34 83.8 40.583988 -3.551163 615.3 3 5 290.4 2.812 0 0 0 
768.37 84.0 40.584057 -3.551427 615.5 3 5 288.3 3.516 0 0 0 
769.35 84.1 40.584122 -3.551692 615.3 3 5 286.2 4.219 0 0 0 
770.33 83.9 40.584175 -3.551951 615.0 3 5 285.1 3.164 0 0 0 
771.35 80.5 40.584221 -3.552209 615.1 3 5 283.7 2.461 0 0 0 
772.33 76.7 40.584270 -3.552462 614.1 3 5 282.7 2.461 0 0 0 
773.35 74.5 40.584316 -3.552707 613.5 3 5 281.6 2.109 0 0 0 
774.35 72.5 40.584351 -3.552945 613.1 3 5 280.2 2.461 0 0 0 
775.34 71.9 40.584381 -3.553171 612.9 3 5 279.1 2.461 0 0 0 
776.33 72.9 40.584408 -3.553408 612.6 3 5 278.8 1.406 0 0 0 
777.34 72.3 40.584435 -3.553642 612.5 3 5 278.4 0.703 0 0 0 
778.37 71.7 40.584461 -3.553874 612.3 3 5 278.4 0.352 0 0 0 
779.34 71.6 40.584484 -3.554111 612.1 3 5 278.8 0.352 0 0 0 
780.34 68.7 40.584515 -3.554344 611.6 3 5 278.4 0.352 0 0 0 
781.36 65.0 40.584541 -3.554564 611.2 3 5 278.8 0.352 0 0 0 
782.34 61.7 40.584564 -3.554770 610.6 3 5 279.5 1.055 0 0 0 
783.36 58.4 40.584587 -3.554958 610.2 3 5 279.8 1.055 0 0 0 
784.38 55.1 40.584606 -3.555140 609.8 3 5 279.1 0.703 0 0 0 
785.33 53.3 40.584621 -3.555311 609.4 3 5 278.4 1.406 0 0 0 
786.37 53.4 40.584641 -3.555483 609.2 3 5 278.8 0.352 0 0 0 
787.33 53.0 40.584660 -3.555645 608.9 3 5 277.7 1.055 0 0 0 
788.36 53.4 40.584682 -3.555821 608.6 3 5 278.4 0.703 0 0 0 
789.36 54.3 40.584705 -3.555998 608.4 3 5 278.4 0.703 0 0 0 
790.35 55.4 40.584728 -3.556177 607.9 3 5 278.8 0.352 0 0 0 
791.35 55.4 40.584751 -3.556355 607.4 3 5 278.4 0.352 0 0 0 
792.35 53.9 40.584770 -3.556528 606.7 3 5 278.4 0.352 0 0 0 
793.35 51.4 40.584785 -3.556692 606.2 3 5 279.1 0.703 0 0 0 
794.35 48.8 40.584808 -3.556850 605.9 3 5 279.8 0 -9 -9 0 
795.35 47.5 40.584831 -3.557012 605.3 3 5 279.5 0 -9 -9 0 
796.35 45.7 40.584854 -3.557161 604.6 3 5 278.8 0 -9 -9 0 
797.32 43.7 40.584873 -3.557308 603.7 3 5 279.1 0 -9 -9 0 
798.36 41.7 40.584888 -3.557456 603.5 3 5 278.8 0 -9 -9 0 
799.36 39.9 40.584908 -3.557586 602.9 3 5 280.5 0 -9 -9 0 
800.32 38.8 40.584923 -3.557708 602.7 3 5 279.5 0 -9 -9 0 
801.32 37.2 40.584938 -3.557829 602.3 3 5 279.1 0 -9 -9 0 
