18.35 -1 40.505081 -3.365079 0.44 1.50
21.83 -1 40.504761 -3.365853 0.00 1.50
106.70 -2 40.493889 -3.386997 1.69 1.50
118.84 2 40.492069 -3.389664 1.53 1.50
193.90 -1 40.479095 -3.404578 0.60 1.50
197.56 -1 40.478374 -3.405432 0.64 1.50
211.13 1 40.476154 -3.408761 0.03 1.50
229.34 1 40.474068 -3.413763 1.03 1.50
378.76 -1 40.466820 -3.454297 1.33 1.50
412.37 1 40.467155 -3.464172 1.41 1.50
430.74 1 40.467209 -3.468988 1.17 1.50
511.84 1 40.465397 -3.487032 0.53 1.50
574.20 -2 40.465679 -3.478137 4.49 1.50
641.74 -1 40.466763 -3.460082 0.93 1.50
654.18 1 40.466602 -3.456270 1.10 1.50
714.46 -1 40.467808 -3.439854 1.11 1.50
725.92 2 40.468369 -3.436811 2.34 1.50
823.77 -1 40.475536 -3.409410 0.83 1.50
853.13 2 40.480167 -3.403147 1.97 1.50
938.44 -2 40.493576 -3.386970 2.64 1.50
1024.61 2 40.503830 -3.367008 1.79 1.50
1056.00 1 40.505634 -3.359157 0.73 1.50
1061.22 1 40.505558 -3.357762 0.93 1.50
