35.81 2 1 40.503048 -3.369362 20151217164805 
84.10 2 1 40.496807 -3.381854 20151217164854 
128.78 2 1 40.490498 -3.391846 20151217164938 
178.68 2 1 40.481777 -3.401970 20151217165028 
233.63 2 1 40.473755 -3.414917 20151217165123 
258.31 2 1 40.472019 -3.421699 20151217165148 
269.21 2 1 40.471153 -3.424744 20151217165159 
287.53 2 1 40.469807 -3.429632 20151217165217 
313.23 2 1 40.468555 -3.437143 20151217165243 
319.92 2 1 40.468235 -3.438860 20151217165250 
357.05 1 2 40.467079 -3.449196 20151217165327 
389.58 2 1 40.466835 -3.457354 20151217165359 
404.63 2 1 40.467056 -3.461783 20151217165414 
451.82 2 1 40.466724 -3.474285 20151217165501 
453.46 1 1 40.466637 -3.474856 20151217165503 
470.03 1 1 40.465885 -3.478833 20151217165520 
486.01 3 1 40.466316 -3.482311 20151217165536 
489.83 2 1 40.466576 -3.483059 20151217165539 
510.60 3 1 40.465496 -3.486873 20151217165600 
514.02 2 1 40.465073 -3.487505 20151217165604 
518.80 1 1 40.464561 -3.487888 20151217165608 
608.31 2 1 40.466965 -3.468853 20151217165738 
689.25 2 1 40.467022 -3.446741 20151217165859 
719.34 2 1 40.468109 -3.438432 20151217165929 
867.58 2 1 40.482574 -3.400716 20151217170157 
883.21 3 1 40.485394 -3.397939 20151217170213 
886.03 2 1 40.485882 -3.397405 20151217170216 
911.65 2 1 40.489582 -3.392547 20151217170241 
923.65 2 1 40.491348 -3.390164 20151217170253 
961.08 3 1 40.496521 -3.381870 20151217170331 
982.05 2 1 40.498787 -3.377372 20151217170352 
995.12 2 1 40.500504 -3.374035 20151217170405 
1008.88 2 1 40.501923 -3.370934 20151217170418 
1019.74 2 1 40.503216 -3.368226 20151217170429 
1044.75 2 1 40.505493 -3.362013 20151217170454 
1048.77 3 1 40.505592 -3.360944 20151217170458 
