18.46 120.0 1 motorway 3 -1 40.505970 -3.360048 9.769 88.8 
19.40 120.0 1 motorway 3 -1 40.505081 -3.365079 0.708 88.4 
20.68 120.0 1 motorway 3 -1 40.504978 -3.365335 0.993 88.5 
21.61 120.0 1 motorway 3 -1 40.504871 -3.365594 0.915 89.7 
22.54 120.0 1 motorway 3 1 40.504761 -3.365853 0.848 90.3 
23.86 120.0 1 motorway 3 1 40.504650 -3.366108 1.168 90.3 
29.51 120.0 1 motorway 3 1 40.504414 -3.366615 4.817 91.2 
30.44 120.0 1 motorway 3 1 40.503784 -3.367871 0.751 91.2 
37.91 120.0 1 motorway 3 1 40.503658 -3.368122 7.217 89.6 
41.50 120.0 1 motorway 3 1 40.502686 -3.370118 2.806 89.9 
44.03 120.0 1 motorway 3 1 40.502319 -3.370851 2.340 91.5 
45.98 120.0 1 motorway 3 1 40.501949 -3.371616 1.288 92.4 
63.30 120.0 1 motorway 3 1 40.501698 -3.372142 16.609 96.8 
75.36 120.0 1 motorway 3 1 40.499516 -3.376555 11.674 91.7 
85.40 120.0 1 motorway 3 1 40.497932 -3.379646 9.711 92.7 
87.35 120.0 1 motorway 3 1 40.496677 -3.382108 1.662 88.8 
94.68 120.0 1 motorway 3 1 40.496418 -3.382593 6.986 88.3 
99.13 120.0 1 motorway 3 1 40.495525 -3.384287 4.438 87.3 
101.68 120.0 1 motorway 3 1 40.494862 -3.385436 1.992 87.6 
103.93 120.0 1 motorway 3 1 40.494583 -3.385883 2.243 88.7 
105.29 120.0 1 motorway 3 1 40.494167 -3.386551 0.597 88.5 
106.55 120.0 1 motorway 3 1 40.494030 -3.386775 0.853 88.7 
109.69 120.0 1 motorway 3 2 40.493889 -3.386997 3.000 90.4 
113.19 120.0 1 motorway 3 2 40.493301 -3.387880 2.495 94.1 
115.00 120.0 1 motorway 3 2 40.492840 -3.388552 1.311 92.3 
116.75 120.0 1 motorway 3 2 40.492531 -3.389012 1.057 92.4 
119.96 120.0 1 motorway 3 1 40.492226 -3.389439 2.264 91.7 
123.49 120.0 1 motorway 3 1 40.491760 -3.390100 2.803 92.3 
126.59 120.0 1 motorway 3 1 40.491299 -3.390752 2.896 93.1 
154.83 120.0 1 motorway 3 1 40.490818 -3.391413 28.138 93.5 
157.77 120.0 1 motorway 3 1 40.486031 -3.397708 2.077 93.8 
160.87 120.0 1 motorway 3 1 40.485489 -3.398285 2.179 94.1 
162.89 120.0 1 motorway 3 1 40.484924 -3.398851 1.197 93.8 
166.06 120.0 1 motorway 3 1 40.484550 -3.399238 2.372 95.2 
167.63 120.0 1 motorway 3 1 40.483982 -3.399800 0.940 92.5 
168.92 120.0 1 motorway 3 1 40.483795 -3.399987 1.226 91.4 
170.86 120.0 1 motorway 3 1 40.483418 -3.400346 1.166 92.3 
180.25 120.0 1 motorway 3 1 40.483051 -3.400692 8.559 85.6 
183.02 120.0 1 motorway 3 1 40.481426 -3.402306 2.330 86.5 
185.35 120.0 1 motorway 3 1 40.480900 -3.402793 1.655 86.9 
188.13 120.0 1 motorway 3 1 40.480549 -3.403121 2.435 90.7 
193.43 120.0 1 motorway 3 1 40.479996 -3.403641 4.741 93.0 
195.48 120.0 1 motorway 3 2 40.479095 -3.404578 1.791 94.8 
198.28 120.0 1 motorway 3 3 40.478725 -3.405003 2.585 97.7 
200.16 120.0 1 motorway 3 3 40.478199 -3.405650 1.463 97.6 
203.44 120.0 1 motorway 3 3 40.477852 -3.406086 2.753 96.6 
212.04 120.0 1 motorway 3 2 40.477345 -3.406786 8.352 93.9 
214.53 120.0 1 motorway 3 2 40.476017 -3.409010 1.844 94.8 
215.55 120.0 1 motorway 3 2 40.475754 -3.409502 0.860 95.5 
225.11 120.0 1 motorway 3 2 40.475624 -3.409765 9.419 99.0 
234.52 120.0 1 motorway 3 1 40.474445 -3.412578 8.831 89.1 
246.38 120.0 1 motorway 3 1 40.473682 -3.415196 11.695 84.6 
257.67 120.0 1 motorway 3 1 40.472878 -3.418398 10.976 90.2 
266.68 120.0 1 motorway 3 1 40.472080 -3.421437 8.987 90.6 
276.31 120.0 1 motorway 3 1 40.471386 -3.423894 9.625 88.1 
284.89 120.0 1 motorway 3 1 40.470608 -3.426668 8.189 87.7 
286.52 120.0 1 motorway 3 1 40.469936 -3.429074 0.825 89.2 
295.53 120.0 1 motorway 3 1 40.469868 -3.429360 8.836 91.9 
305.03 120.0 1 motorway 3 1 40.469360 -3.431995 9.341 88.6 
309.15 120.0 2 motorway 3 1 40.468933 -3.434878 3.459 88.9 
311.72 120.0 1 motorway 3 1 40.468746 -3.436014 2.026 89.7 
315.80 120.0 2 motorway 3 1 40.468613 -3.436854 3.114 90.3 
320.55 120.0 1 motorway 3 1 40.468395 -3.438011 3.866 88.9 
324.42 120.0 1 motorway 3 1 40.468178 -3.439146 3.731 87.6 
330.29 120.0 1 motorway 3 1 40.467976 -3.440291 5.598 84.0 
331.26 120.0 1 motorway 3 1 40.467739 -3.441940 0.574 84.5 
347.55 -1.0 -1 - -1 -1 40.467720 -3.442225 15.858 83.9 
366.39 -1.0 -1 - -1 -1 40.467285 -3.446713 18.689 74.2 
377.86 120.0 2 motorway 3 1 40.466957 -3.451266 11.173 80.8 
379.80 120.0 1 motorway 3 2 40.466820 -3.454297 1.110 81.2 
382.87 120.0 1 motorway 3 2 40.466805 -3.454836 2.184 81.8 
386.48 120.0 1 motorway 3 2 40.466797 -3.455642 2.787 85.3 
393.85 120.0 1 motorway 3 2 40.466808 -3.456505 7.158 88.0 
396.61 120.0 1 motorway 3 2 40.466881 -3.458779 1.919 91.4 
399.18 120.0 1 motorway 3 2 40.466908 -3.459373 2.488 92.7 
405.12 120.0 1 motorway 3 2 40.466953 -3.460259 5.432 89.4 
407.05 120.0 1 motorway 3 2 40.467087 -3.462114 1.360 92.3 
409.02 120.0 1 motorway 3 2 40.467110 -3.462722 1.317 92.6 
413.49 120.0 1 motorway 3 1 40.467144 -3.463303 3.805 88.0 
416.26 120.0 1 motorway 3 1 40.467171 -3.464477 2.570 85.9 
419.50 120.0 1 motorway 3 1 40.467197 -3.465342 2.800 83.4 
421.10 120.0 1 motorway 3 1 40.467216 -3.466172 1.413 82.8 
436.02 120.0 1 motorway 3 1 40.467220 -3.466697 14.329 73.8 
437.67 120.0 1 motorway 3 1 40.467148 -3.470408 0.983 75.9 
457.73 120.0 1 motorway 3 1 40.467133 -3.470649 20.043 80.5 
460.40 80.0 1 primary_link 1 1 40.466415 -3.476153 1.713 77.3 
461.52 80.0 1 primary_link 1 1 40.466320 -3.476650 0.830 75.9 
462.25 80.0 1 primary_link 1 1 40.466274 -3.476885 0.557 75.9 
464.30 80.0 1 primary_link 1 1 40.466221 -3.477125 1.611 76.9 
465.93 80.0 1 primary_link 1 1 40.466118 -3.477582 1.238 76.9 
469.20 80.0 1 primary_link 1 1 40.466019 -3.478081 2.512 77.7 
471.66 80.0 1 primary_link 1 1 40.465885 -3.478834 1.969 72.5 
474.34 80.0 1 primary_link 1 1 40.465820 -3.479295 2.651 69.9 
476.48 70.0 1 primary_link 1 1 40.465748 -3.479990 1.791 67.2 
480.06 70.0 1 primary_link 1 1 40.465771 -3.480411 3.371 67.5 
483.02 70.0 1 primary_link 1 1 40.465969 -3.481263 2.331 68.9 
484.87 70.0 1 primary_link 1 1 40.466175 -3.481895 1.177 68.0 
487.12 70.0 1 primary_link 1 1 40.466316 -3.482311 1.429 60.6 
501.15 70.0 1 primary_link 1 1 40.466446 -3.482687 13.457 63.3 
505.14 70.0 1 primary_link 1 1 40.466373 -3.485499 3.442 62.5 
506.72 90.0 3 motorway_link 1 1 40.465988 -3.486098 1.027 62.4 
510.06 90.0 3 motorway_link 1 1 40.465794 -3.486397 2.373 61.7 
513.91 90.0 3 motorway_link 1 1 40.465496 -3.486874 3.223 63.8 
517.03 50.0 1 primary 1 1 40.465073 -3.487505 2.334 58.3 
578.09 -1.0 -1 - -1 -1 40.464703 -3.487830 60.398 80.4 
581.13 90.0 1 motorway_link 1 1 40.465912 -3.477133 2.425 84.0 
584.71 120.0 1 motorway 4 1 40.466084 -3.476357 3.013 82.5 
587.47 120.0 1 motorway 4 1 40.466282 -3.475308 1.775 81.1 
588.80 120.0 1 motorway 4 1 40.466377 -3.474762 1.112 81.9 
603.77 120.0 1 motorway 4 1 40.466457 -3.474262 14.080 88.8 
606.01 120.0 1 motorway 4 1 40.466927 -3.470024 1.310 89.5 
608.27 120.0 1 motorway 3 1 40.466949 -3.469428 1.578 89.2 
609.18 120.0 1 motorway 3 1 40.466965 -3.468853 0.489 88.5 
613.38 120.0 1 motorway 3 1 40.466969 -3.468567 3.690 84.7 
614.51 120.0 1 motorway 3 1 40.466980 -3.467408 0.816 85.0 
617.64 120.0 1 motorway 3 1 40.466976 -3.467119 2.943 82.6 
619.84 120.0 1 motorway 3 1 40.466976 -3.466290 2.150 81.0 
621.28 120.0 1 motorway 3 1 40.466957 -3.465492 0.586 80.2 
622.24 120.0 1 motorway 3 1 40.466953 -3.465219 0.546 78.4 
624.03 120.0 1 motorway 3 1 40.466942 -3.464971 1.340 79.1 
626.19 120.0 1 motorway 3 1 40.466927 -3.464468 1.500 79.7 
628.53 120.0 1 motorway 3 1 40.466900 -3.463958 1.843 79.5 
629.68 120.0 1 motorway 3 1 40.466881 -3.463435 0.988 79.3 
630.33 120.0 1 motorway 3 1 40.466881 -3.463177 0.635 78.2 
632.32 120.0 1 motorway 3 1 40.466866 -3.462923 1.634 77.3 
633.89 120.0 1 motorway 3 1 40.466843 -3.462416 1.196 79.6 
635.29 120.0 1 motorway 3 1 40.466820 -3.461915 0.594 78.9 
636.73 120.0 1 motorway 3 1 40.466820 -3.461663 1.036 79.7 
639.36 120.0 1 motorway 3 1 40.466793 -3.461153 1.669 80.2 
642.73 120.0 1 motorway 3 2 40.466766 -3.460614 3.040 84.9 
645.13 120.0 1 motorway 3 2 40.466740 -3.459523 1.435 88.4 
649.14 120.0 1 motorway 3 2 40.466721 -3.458950 3.450 90.3 
652.72 120.0 1 motorway 3 2 40.466652 -3.457770 3.033 92.1 
654.76 120.0 1 motorway 3 1 40.466610 -3.456553 1.068 91.0 
658.46 120.0 1 motorway 3 1 40.466602 -3.455999 2.770 82.6 
685.51 120.0 1 motorway 3 1 40.466576 -3.455146 26.816 84.7 
687.82 120.0 1 motorway 3 1 40.466938 -3.447864 2.134 86.5 
690.21 120.0 1 motorway 3 1 40.466999 -3.447030 1.522 87.9 
692.55 120.0 1 motorway 3 1 40.467056 -3.446461 1.858 88.0 
693.97 120.0 1 motorway 3 1 40.467110 -3.445896 1.277 87.8 
695.74 120.0 1 motorway 3 1 40.467163 -3.445325 1.045 87.6 
697.75 120.0 1 motorway 3 1 40.467213 -3.444748 1.057 86.9 
700.18 120.0 1 motorway 3 1 40.467247 -3.444179 1.484 83.7 
702.02 120.0 1 motorway 3 1 40.467293 -3.443627 1.325 81.3 
704.11 120.0 1 motorway 3 1 40.467339 -3.443087 1.412 79.7 
706.75 120.0 1 motorway 3 1 40.467388 -3.442559 2.052 80.9 
708.40 120.0 1 motorway 3 1 40.467495 -3.441758 0.694 82.0 
709.45 120.0 1 motorway 3 1 40.467529 -3.441512 0.763 82.9 
711.79 120.0 1 motorway 3 1 40.467567 -3.441246 2.098 85.2 
714.76 120.0 1 motorway 3 2 40.467705 -3.440422 2.066 87.3 
717.73 120.0 1 motorway 3 2 40.467857 -3.439582 2.036 88.9 
721.39 120.0 1 motorway 3 2 40.468060 -3.438743 2.697 86.6 
723.78 120.0 1 motorway 3 2 40.468201 -3.437881 2.088 83.2 
726.91 120.0 1 motorway 3 1 40.468319 -3.437074 2.220 81.3 
728.80 120.0 1 motorway 3 1 40.468445 -3.436301 1.107 77.8 
731.36 120.0 1 motorway 3 1 40.468513 -3.435804 1.666 78.4 
734.26 120.0 1 motorway 3 1 40.468590 -3.435300 2.571 80.1 
740.30 120.0 1 motorway 3 1 40.468716 -3.434543 5.606 84.4 
743.63 120.0 1 motorway 3 1 40.468960 -3.432949 2.944 84.3 
750.40 120.0 1 motorway 3 1 40.469093 -3.432144 6.715 88.2 
768.01 120.0 1 motorway 3 1 40.469429 -3.430208 17.315 93.8 
771.08 120.0 1 motorway 3 1 40.470787 -3.425111 2.387 93.0 
777.13 120.0 1 motorway 3 1 40.471050 -3.424263 5.435 94.5 
778.46 120.0 1 motorway 3 1 40.471535 -3.422529 0.769 94.8 
795.46 -1.0 -1 - -1 -1 40.471619 -3.422236 16.771 94.4 
797.43 120.0 1 motorway 3 1 40.472897 -3.417260 1.742 95.2 
806.51 120.0 1 motorway 3 1 40.473072 -3.416664 8.822 94.4 
807.12 120.0 1 motorway 3 1 40.473763 -3.413990 0.432 94.2 
810.47 120.0 1 motorway 3 1 40.473850 -3.413719 2.776 97.3 
815.65 120.0 1 motorway 3 1 40.474140 -3.412842 4.956 92.6 
817.37 120.0 1 motorway 3 1 40.474628 -3.411431 1.675 92.7 
818.71 120.0 1 motorway 3 1 40.474838 -3.410894 1.024 91.2 
820.74 120.0 1 motorway 3 1 40.475071 -3.410405 1.052 89.2 
822.81 120.0 1 motorway 3 1 40.475292 -3.409893 1.118 87.8 
824.72 120.0 1 motorway 3 2 40.475536 -3.409410 1.025 84.7 
827.53 120.0 1 motorway 3 2 40.475777 -3.408949 1.845 88.4 
829.86 120.0 1 motorway 3 2 40.476032 -3.408495 2.166 89.8 
836.22 120.0 1 motorway 3 2 40.476452 -3.407779 5.532 89.2 
838.87 120.0 1 motorway 3 2 40.477341 -3.406441 2.176 89.1 
845.01 120.0 1 motorway 3 2 40.477798 -3.405796 5.323 89.7 
852.08 120.0 1 motorway 3 2 40.478783 -3.404596 6.388 86.3 
853.43 120.0 1 motorway 3 1 40.479996 -3.403319 0.739 86.0 
864.26 120.0 1 motorway 3 1 40.480167 -3.403147 10.572 86.7 
867.48 120.0 1 motorway 3 1 40.482052 -3.401247 2.787 87.9 
868.30 120.0 1 motorway 3 1 40.482574 -3.400716 0.607 88.4 
870.21 120.0 1 motorway 3 1 40.482750 -3.400546 1.524 90.0 
872.14 120.0 1 motorway 3 1 40.483109 -3.400223 1.448 87.8 
873.18 120.0 1 motorway 3 1 40.483467 -3.399877 0.491 86.9 
878.66 120.0 1 motorway 3 1 40.483639 -3.399706 4.971 89.9 
880.34 120.0 1 motorway 3 1 40.484528 -3.398829 1.647 88.3 
881.49 120.0 1 motorway 3 1 40.484886 -3.398479 0.802 86.4 
884.09 120.0 1 motorway 3 1 40.485065 -3.398295 2.404 85.9 
887.71 120.0 1 motorway 3 1 40.485550 -3.397770 3.023 87.8 
889.79 120.0 1 motorway 3 1 40.486210 -3.397019 1.100 87.2 
893.37 120.0 1 motorway 3 1 40.486534 -3.396628 2.679 87.0 
896.19 120.0 1 motorway 3 1 40.487011 -3.396030 2.501 86.2 
900.63 120.0 1 motorway 3 1 40.487488 -3.395433 3.939 82.0 
903.17 120.0 1 motorway 3 1 40.488071 -3.394639 2.483 79.9 
905.94 120.0 1 motorway 3 1 40.488483 -3.394060 2.253 79.6 
919.97 120.0 1 motorway 3 1 40.488880 -3.393488 13.274 85.4 
921.61 120.0 1 motorway 3 1 40.490902 -3.390761 0.917 86.7 
927.52 120.0 1 motorway 3 1 40.491051 -3.390562 5.832 88.2 
933.38 120.0 1 motorway 3 1 40.491955 -3.389339 5.684 88.5 
936.56 120.0 1 motorway 3 1 40.492844 -3.388055 2.868 88.1 
938.20 120.0 1 motorway 3 1 40.493290 -3.387396 1.503 86.8 
944.07 120.0 1 motorway 3 2 40.493576 -3.386970 5.376 89.8 
951.52 120.0 1 motorway 3 2 40.494427 -3.385653 6.829 87.1 
954.12 120.0 1 motorway 3 2 40.495346 -3.384034 2.432 85.6 
957.60 120.0 1 motorway 3 2 40.495724 -3.383380 2.909 82.2 
958.39 120.0 1 motorway 3 2 40.496090 -3.382708 0.703 81.0 
961.98 120.0 1 motorway 3 2 40.496201 -3.382495 3.293 78.2 
964.58 120.0 1 motorway 3 2 40.496616 -3.381654 1.888 79.1 
967.49 120.0 1 motorway 3 2 40.496826 -3.381205 2.803 80.8 
979.07 120.0 1 motorway 3 2 40.497120 -3.380545 11.378 83.2 
980.54 120.0 1 motorway 3 2 40.498531 -3.377864 0.850 84.7 
981.44 120.0 1 motorway 3 2 40.498676 -3.377604 0.753 84.9 
987.36 120.0 1 motorway 3 2 40.498787 -3.377371 5.672 87.2 
988.37 120.0 1 motorway 3 2 40.499523 -3.375955 0.682 85.8 
989.12 120.0 1 motorway 3 2 40.499626 -3.375709 0.432 86.1 
991.48 120.0 1 motorway 3 2 40.499737 -3.375461 1.793 87.6 
992.28 120.0 1 motorway 3 2 40.500015 -3.374988 0.589 87.7 
993.20 120.0 1 motorway 3 2 40.500130 -3.374757 0.510 89.0 
994.52 120.0 1 motorway 3 2 40.500248 -3.374509 0.825 88.2 
995.57 120.0 1 motorway 3 2 40.500389 -3.374262 0.875 87.2 
996.40 120.0 1 motorway 3 2 40.500504 -3.374034 0.707 86.5 
997.28 120.0 1 motorway 3 2 40.500607 -3.373802 0.589 85.6 
998.93 120.0 1 motorway 3 2 40.500702 -3.373561 1.235 82.5 
1000.47 120.0 1 motorway 3 2 40.500908 -3.373100 0.780 85.0 
1001.49 120.0 1 motorway 3 2 40.501015 -3.372843 0.796 83.5 
1003.03 120.0 1 motorway 3 2 40.501129 -3.372622 1.339 86.0 
1005.27 120.0 1 motorway 3 2 40.501369 -3.372146 1.584 86.5 
1006.82 120.0 1 motorway 3 2 40.501598 -3.371666 1.119 86.5 
1008.55 120.0 1 motorway 3 2 40.501816 -3.371165 0.855 87.1 
1009.33 120.0 1 motorway 3 2 40.501923 -3.370934 0.639 87.8 
1010.79 120.0 1 motorway 3 2 40.502048 -3.370701 1.097 87.5 
1012.34 120.0 1 motorway 3 2 40.502274 -3.370220 0.645 89.9 
1014.92 120.0 1 motorway 4 3 40.502396 -3.369972 2.229 89.7 
1016.64 120.0 1 motorway 4 3 40.502750 -3.369228 0.947 91.0 
1019.19 120.0 1 motorway 4 3 40.502869 -3.368981 2.464 88.2 
1022.07 120.0 1 motorway 4 3 40.503216 -3.368225 2.380 87.7 
1023.63 120.0 1 motorway 4 3 40.503582 -3.367504 0.939 86.9 
1024.76 120.0 1 motorway 4 2 40.503700 -3.367259 1.069 87.3 
1028.34 120.0 1 motorway 4 2 40.503933 -3.366751 2.650 84.1 
1030.23 120.0 1 motorway 4 2 40.504246 -3.366013 1.535 83.9 
1032.83 120.0 1 motorway 4 2 40.504456 -3.365540 2.143 81.9 
1035.33 120.0 1 motorway 4 2 40.504757 -3.364831 1.642 79.5 
1037.64 120.0 1 motorway 4 2 40.504917 -3.364352 1.949 80.0 
1040.09 120.0 1 motorway 4 2 40.505070 -3.363868 2.399 82.9 
1041.37 120.0 1 motorway 4 2 40.505268 -3.363118 0.675 85.2 
1042.34 120.0 1 motorway 4 2 40.505325 -3.362844 0.652 84.6 
1043.47 120.0 1 motorway 3 2 40.505390 -3.362576 0.785 83.8 
1044.71 120.0 1 motorway 3 2 40.505440 -3.362309 1.017 85.8 
1047.38 120.0 1 motorway 3 2 40.505543 -3.361741 1.689 80.4 
1049.54 120.0 1 motorway 3 2 40.505585 -3.361206 1.850 78.4 
1051.45 90.0 3 motorway_link 1 2 40.505608 -3.360696 1.763 77.7 
1054.23 90.0 3 motorway_link 1 1 40.505615 -3.360176 2.536 81.0 
1056.39 90.0 1 motorway_link 2 1 40.505630 -3.359402 1.697 73.0 
1059.52 90.0 1 motorway_link 2 1 40.505627 -3.358909 2.827 68.8 
1061.90 90.0 1 motorway_link 2 1 40.505600 -3.358241 2.211 69.8 
1070.91 90.0 1 motorway_link 2 1 40.505535 -3.357550 8.217 62.4 
