8.22 -1.00 -1.00 0 79.3 
9.29 -1.00 -1.00 0 81.3 
9.51 -1.00 -1.00 1 81.3 
9.69 -1.00 -1.00 1 81.3 
9.92 -1.00 -1.00 1 81.3 
10.12 -1.00 -1.00 1 81.3 
10.28 -1.00 -1.00 1 82.9 
10.53 -1.00 -1.00 1 82.9 
10.71 -1.00 -1.00 1 82.9 
10.89 -1.00 -1.00 1 82.9 
11.10 -1.00 -1.00 1 82.9 
11.28 -1.00 -1.00 1 82.3 
11.45 -1.00 -1.00 1 82.3 
11.62 -1.00 -1.00 1 82.3 
11.81 -1.00 -1.00 1 82.3 
11.98 -1.00 -1.00 1 82.3 
12.16 -1.00 -1.00 1 82.3 
12.34 -1.00 -1.00 1 82.4 
12.47 -1.00 -1.00 1 82.4 
12.67 -1.00 -1.00 1 82.4 
12.80 -1.00 -1.00 1 82.4 
13.02 -1.00 -1.00 1 82.4 
13.17 -1.00 -1.00 1 83.2 
13.35 -1.00 -1.00 1 83.2 
13.50 -1.00 -1.00 1 83.2 
13.68 -1.00 -1.00 1 83.2 
13.84 -1.00 -1.00 1 83.2 
14.02 -1.00 -1.00 1 83.2 
14.20 -1.00 -1.00 1 84.3 
14.34 -1.00 -1.00 1 84.3 
14.52 -1.00 -1.00 1 84.3 
14.69 -1.00 -1.00 1 84.3 
14.86 -1.00 -1.00 1 84.3 
15.03 -1.00 -1.00 1 84.3 
15.22 -1.00 -1.00 1 85.1 
15.38 -1.00 -1.00 1 85.1 
15.56 -1.00 -1.00 1 85.1 
15.71 -1.00 -1.00 1 85.1 
15.87 -1.00 -1.00 1 85.1 
16.04 -1.00 -1.00 1 85.1 
16.23 -1.00 -1.00 1 86.5 
16.37 -1.00 -1.00 1 86.5 
16.55 -1.00 -1.00 1 86.5 
16.70 -1.00 -1.00 1 86.5 
16.87 -1.00 -1.00 1 86.5 
17.07 -1.00 -1.00 1 86.5 
17.22 -1.00 -1.00 1 87.4 
17.40 -1.00 -1.00 1 87.4 
17.53 -1.00 -1.00 1 87.4 
17.67 -1.00 -1.00 1 87.4 
18.05 -1.00 -1.00 1 87.4 
18.17 -1.00 -1.00 1 88.8 
18.34 -1.00 -1.00 1 88.8 
18.51 -1.00 -1.00 1 88.8 
18.64 -1.00 -1.00 1 88.8 
18.81 -1.00 -1.00 1 88.8 
19.00 -1.00 -1.00 1 88.8 
19.16 -1.00 -1.00 1 88.4 
19.33 -1.00 -1.00 1 88.4 
19.48 -1.00 -1.00 1 88.4 
19.65 -1.00 -1.00 1 88.4 
19.82 -1.00 -1.00 0 88.4 
20.03 -1.00 -1.00 0 88.4 
20.17 -1.00 -1.00 0 88.5 
20.34 -1.00 -1.00 0 88.5 
20.50 -1.00 -1.00 0 88.5 
20.69 -1.00 -1.00 0 88.5 
20.84 -1.00 -1.00 0 88.5 
21.00 -1.00 -1.00 0 88.5 
21.21 -1.00 -1.00 0 88.5 
21.38 -1.00 -1.00 0 89.7 
21.54 -1.00 -1.00 0 89.7 
21.68 -1.00 -1.00 0 89.7 
21.86 -1.00 -1.00 0 89.7 
22.06 -1.00 -1.00 0 89.7 
22.19 -1.00 -1.00 0 90.3 
22.31 -1.00 -1.00 0 90.3 
22.46 -1.00 -1.00 0 90.3 
22.61 -1.00 -1.00 0 90.3 
22.74 -1.00 -1.00 0 90.3 
22.87 -1.00 -1.00 0 90.3 
23.03 -1.00 -1.00 0 90.3 
23.17 -1.00 -1.00 0 90.3 
23.33 -1.00 -1.00 0 90.3 
23.47 -1.00 -1.00 0 90.3 
23.61 -1.00 -1.00 0 90.3 
23.73 -1.00 -1.00 0 90.3 
23.88 -1.00 -1.00 0 90.3 
24.08 -1.00 -1.00 0 90.3 
24.20 -1.00 -1.00 0 91.1 
24.34 -1.00 -1.00 0 91.1 
24.47 -1.00 -1.00 0 91.1 
24.64 -1.00 -1.00 0 91.1 
24.77 -1.00 -1.00 0 91.1 
25.02 -1.00 -1.00 0 91.1 
25.17 -1.00 -1.00 0 91.5 
25.33 -1.00 -1.00 0 91.5 
25.48 -1.00 -1.00 0 91.5 
25.64 -1.00 -1.00 0 91.5 
25.77 -1.00 -1.00 0 91.5 
25.95 -1.00 -1.00 0 91.5 
26.09 -1.00 -1.00 0 91.5 
26.26 -1.00 -1.00 0 90.9 
26.40 -1.00 -1.00 0 90.9 
26.57 -1.00 -1.00 0 90.9 
26.70 -1.00 -1.00 0 90.9 
26.86 -1.00 -1.00 0 90.9 
27.06 -1.00 -1.00 0 90.9 
27.21 -1.00 -1.00 0 91.6 
27.33 -1.00 -1.00 0 91.6 
27.51 -1.00 -1.00 0 91.6 
27.93 -1.00 -1.00 0 91.6 
28.15 -1.00 -1.00 0 91.6 
28.29 -1.00 -1.00 0 91.0 
28.48 -1.00 -1.00 0 91.0 
28.64 -1.00 -1.00 0 91.0 
28.85 -1.00 -1.00 0 91.0 
29.05 -1.00 -1.00 0 91.0 
29.20 -1.00 -1.00 0 91.2 
29.38 -1.00 -1.00 0 91.2 
29.51 -1.00 -1.00 0 91.2 
29.66 -1.00 -1.00 0 91.2 
29.81 -1.00 -1.00 0 91.2 
30.04 -1.00 -1.00 0 91.2 
30.18 -1.00 -1.00 0 91.2 
30.36 -1.00 -1.00 0 91.2 
30.55 -1.00 -1.00 0 91.2 
30.70 -1.00 -1.00 0 91.2 
30.82 -1.00 -1.00 0 91.2 
30.97 -1.00 -1.00 0 91.2 
31.18 -1.00 -1.00 0 91.2 
31.32 -1.00 -1.00 0 91.3 
31.50 -1.00 -1.00 0 91.3 
31.70 -1.00 -1.00 0 91.3 
31.87 -1.00 -1.00 0 91.3 
32.07 -1.00 -1.00 0 91.3 
32.29 -1.00 -1.00 0 91.9 
32.43 -1.00 -1.00 0 91.9 
32.61 -1.00 -1.00 0 91.9 
32.81 -1.00 -1.00 0 91.9 
33.04 -1.00 -1.00 0 91.9 
33.21 -1.00 -1.00 0 91.4 
33.39 -1.00 -1.00 0 91.4 
33.56 -1.00 -1.00 0 91.4 
33.70 -1.00 -1.00 0 91.4 
33.91 -1.00 -1.00 0 91.4 
34.07 -1.00 -1.00 0 91.4 
34.28 -1.00 -1.00 0 91.5 
34.42 -1.00 -1.00 0 91.5 
34.58 -1.00 -1.00 0 91.5 
34.71 -1.00 -1.00 0 91.5 
34.91 -1.00 -1.00 0 91.5 
35.13 -1.00 -1.00 0 91.5 
35.28 -1.00 -1.00 0 89.7 
35.45 -1.00 -1.00 0 89.7 
35.58 -1.00 -1.00 0 89.7 
35.75 -1.00 -1.00 0 89.7 
35.93 -1.00 -1.00 0 89.7 
36.10 -1.00 -1.00 0 89.7 
36.30 -1.00 -1.00 0 90.0 
36.49 -1.00 -1.00 0 90.0 
36.71 -1.00 -1.00 0 90.0 
36.89 -1.00 -1.00 0 90.0 
37.08 -1.00 -1.00 0 90.0 
37.28 -1.00 -1.00 0 89.6 
37.45 -1.00 -1.00 0 89.6 
37.62 -1.00 -1.00 0 89.6 
38.02 -1.00 -1.00 0 89.6 
38.15 -1.00 -1.00 0 87.4 
38.34 -1.00 -1.00 0 87.4 
38.51 -1.00 -1.00 0 87.4 
38.70 -1.00 -1.00 0 87.4 
38.86 -1.00 -1.00 0 87.4 
39.00 -1.00 -1.00 0 87.4 
39.18 -1.00 -1.00 0 88.2 
39.32 -1.00 -1.00 0 88.2 
39.45 -1.00 -1.00 0 88.2 
39.62 -1.00 -1.00 0 88.2 
39.79 -1.00 -1.00 0 88.2 
39.92 -1.00 -1.00 0 88.2 
40.15 -1.00 -1.00 0 88.2 
40.33 -1.00 -1.00 0 87.1 
40.50 -1.00 -1.00 0 87.1 
40.68 -1.00 -1.00 0 87.1 
40.83 -1.00 -1.00 0 87.1 
41.00 -1.00 -1.00 0 87.1 
41.15 -1.00 -1.00 0 87.1 
41.33 -1.00 -1.00 0 89.9 
41.50 -1.00 -1.00 0 89.9 
41.66 -1.00 -1.00 0 89.9 
41.85 -1.00 -1.00 1 89.9 
42.03 -1.00 -1.00 1 89.9 
42.19 -1.00 -1.00 2 90.4 
42.36 44.09 1.76 2 90.4 
42.55 -1.00 -1.00 2 90.4 
42.69 43.92 1.75 2 90.4 
42.89 44.27 1.76 2 90.4 
43.04 46.21 1.84 2 90.4 
43.18 48.07 1.90 2 91.0 
43.32 48.53 1.92 1 91.0 
43.50 49.57 1.96 1 91.0 
43.67 49.90 1.97 1 91.0 
43.84 -1.00 -1.00 0 91.0 
44.03 -1.00 -1.00 0 91.0 
44.19 -1.00 -1.00 1 91.5 
44.32 -1.00 -1.00 1 91.5 
44.51 -1.00 -1.00 1 91.5 
44.68 -1.00 -1.00 1 91.5 
44.82 -1.00 -1.00 1 91.5 
45.05 -1.00 -1.00 1 91.5 
45.20 -1.00 -1.00 1 92.4 
45.37 -1.00 -1.00 1 92.4 
45.55 -1.00 -1.00 1 92.4 
45.72 -1.00 -1.00 1 92.4 
45.89 -1.00 -1.00 1 92.4 
46.05 -1.00 -1.00 1 92.4 
46.19 -1.00 -1.00 1 93.2 
46.35 -1.00 -1.00 1 93.2 
46.52 -1.00 -1.00 1 93.2 
46.67 -1.00 -1.00 1 93.2 
46.85 -1.00 -1.00 1 93.2 
47.01 -1.00 -1.00 1 93.2 
47.17 -1.00 -1.00 1 94.0 
47.34 -1.00 -1.00 1 94.0 
47.51 -1.00 -1.00 1 94.0 
47.65 -1.00 -1.00 1 94.0 
48.02 -1.00 -1.00 1 94.0 
48.15 -1.00 -1.00 1 95.2 
48.33 -1.00 -1.00 1 95.2 
48.45 -1.00 -1.00 1 95.2 
48.65 -1.00 -1.00 1 95.2 
48.85 -1.00 -1.00 1 95.2 
49.01 -1.00 -1.00 1 95.2 
49.12 -1.00 -1.00 1 94.6 
49.29 -1.00 -1.00 1 94.6 
49.43 -1.00 -1.00 1 94.6 
49.61 -1.00 -1.00 1 94.6 
49.74 -1.00 -1.00 1 94.6 
49.86 -1.00 -1.00 1 94.6 
50.06 43.78 1.67 1 94.6 
50.21 -1.00 -1.00 1 94.1 
50.36 -1.00 -1.00 1 94.1 
50.48 -1.00 -1.00 1 94.1 
50.66 -1.00 -1.00 1 94.1 
50.79 47.39 1.81 1 94.1 
50.97 -1.00 -1.00 0 94.1 
51.14 -1.00 -1.00 0 94.1 
51.30 -1.00 -1.00 0 90.5 
51.42 -1.00 -1.00 0 90.5 
51.58 -1.00 -1.00 0 90.5 
51.72 -1.00 -1.00 0 90.5 
51.85 -1.00 -1.00 0 90.5 
52.00 -1.00 -1.00 0 90.5 
52.19 -1.00 -1.00 0 94.3 
52.31 -1.00 -1.00 0 94.3 
52.47 -1.00 -1.00 0 94.3 
52.62 -1.00 -1.00 0 94.3 
52.75 -1.00 -1.00 0 94.3 
52.88 -1.00 -1.00 0 94.3 
53.03 -1.00 -1.00 0 94.3 
53.18 -1.00 -1.00 0 94.0 
53.36 -1.00 -1.00 0 94.0 
53.48 -1.00 -1.00 0 94.0 
53.65 -1.00 -1.00 0 94.0 
53.78 -1.00 -1.00 0 94.0 
53.94 -1.00 -1.00 0 94.0 
54.13 -1.00 -1.00 0 94.0 
54.25 -1.00 -1.00 0 94.0 
54.43 -1.00 -1.00 1 94.0 
54.59 -1.00 -1.00 1 94.0 
54.72 -1.00 -1.00 1 94.0 
54.89 -1.00 -1.00 1 94.0 
55.08 -1.00 -1.00 1 94.0 
55.23 -1.00 -1.00 1 93.4 
55.37 -1.00 -1.00 1 93.4 
55.52 -1.00 -1.00 1 93.4 
55.65 -1.00 -1.00 1 93.4 
55.78 -1.00 -1.00 1 93.4 
55.96 -1.00 -1.00 1 93.4 
56.15 -1.00 -1.00 1 93.4 
56.28 -1.00 -1.00 1 93.4 
56.43 -1.00 -1.00 1 93.4 
56.56 -1.00 -1.00 1 93.4 
56.76 -1.00 -1.00 1 93.4 
56.91 -1.00 -1.00 1 93.4 
57.09 -1.00 -1.00 1 93.4 
57.31 -1.00 -1.00 1 93.5 
57.46 -1.00 -1.00 1 93.5 
57.61 -1.00 -1.00 1 93.5 
57.79 -1.00 -1.00 1 93.5 
57.92 -1.00 -1.00 2 93.5 
58.10 -1.00 -1.00 2 93.5 
58.24 -1.00 -1.00 2 94.0 
58.40 -1.00 -1.00 2 94.0 
58.56 -1.00 -1.00 2 94.0 
58.69 -1.00 -1.00 2 94.0 
58.81 -1.00 -1.00 2 94.0 
58.92 -1.00 -1.00 2 94.0 
59.10 -1.00 -1.00 2 94.0 
59.25 -1.00 -1.00 2 90.9 
59.38 -1.00 -1.00 2 90.9 
59.56 -1.00 -1.00 2 90.9 
59.69 -1.00 -1.00 2 90.9 
59.80 -1.00 -1.00 2 90.9 
59.96 -1.00 -1.00 2 90.9 
60.14 39.41 1.56 2 90.9 
60.33 -1.00 -1.00 2 96.9 
60.46 -1.00 -1.00 1 96.9 
60.63 -1.00 -1.00 1 96.9 
60.76 -1.00 -1.00 2 96.9 
60.96 -1.00 -1.00 2 96.9 
61.11 -1.00 -1.00 2 96.9 
61.29 -1.00 -1.00 2 95.7 
61.42 43.94 1.65 2 95.7 
61.58 44.34 1.67 2 95.7 
61.73 -1.00 -1.00 2 95.7 
61.89 -1.00 -1.00 2 95.7 
62.10 -1.00 -1.00 2 95.7 
62.22 -1.00 -1.00 2 96.5 
62.40 49.71 1.85 2 96.5 
62.56 -1.00 -1.00 2 96.5 
62.70 51.57 1.92 1 96.5 
62.85 -1.00 -1.00 1 96.5 
63.06 -1.00 -1.00 1 96.5 
63.19 -1.00 -1.00 1 96.8 
63.36 -1.00 -1.00 1 96.8 
63.49 -1.00 -1.00 1 96.8 
63.65 -1.00 -1.00 1 96.8 
63.80 -1.00 -1.00 1 96.8 
64.00 -1.00 -1.00 2 96.8 
64.15 -1.00 -1.00 2 96.9 
64.29 -1.00 -1.00 2 96.9 
64.45 66.59 2.47 2 96.9 
64.60 -1.00 -1.00 2 96.9 
64.75 -1.00 -1.00 2 96.9 
64.89 -1.00 -1.00 2 96.9 
65.09 -1.00 -1.00 2 96.9 
65.25 -1.00 -1.00 2 97.6 
65.42 -1.00 -1.00 2 97.6 
65.56 -1.00 -1.00 1 97.6 
65.72 -1.00 -1.00 1 97.6 
65.85 -1.00 -1.00 1 97.6 
65.97 -1.00 -1.00 1 97.6 
66.11 -1.00 -1.00 1 97.6 
66.27 -1.00 -1.00 1 96.6 
66.45 -1.00 -1.00 1 96.6 
66.60 -1.00 -1.00 1 96.6 
66.73 -1.00 -1.00 1 96.6 
66.88 -1.00 -1.00 1 96.6 
67.12 -1.00 -1.00 1 96.6 
67.27 -1.00 -1.00 1 96.7 
67.45 -1.00 -1.00 1 96.7 
67.61 -1.00 -1.00 1 96.7 
68.03 -1.00 -1.00 1 96.7 
68.16 -1.00 -1.00 1 95.9 
68.31 -1.00 -1.00 1 95.9 
68.49 35.41 1.33 1 95.9 
68.63 -1.00 -1.00 1 95.9 
68.78 -1.00 -1.00 1 95.9 
68.94 -1.00 -1.00 1 95.9 
69.11 -1.00 -1.00 1 95.9 
69.30 -1.00 -1.00 1 96.6 
69.47 -1.00 -1.00 1 96.6 
69.59 -1.00 -1.00 1 96.6 
69.73 -1.00 -1.00 1 96.6 
69.86 -1.00 -1.00 1 96.6 
70.04 -1.00 -1.00 1 96.6 
70.18 47.43 1.80 1 95.1 
70.32 -1.00 -1.00 1 95.1 
70.46 -1.00 -1.00 1 95.1 
70.60 -1.00 -1.00 1 95.1 
70.77 -1.00 -1.00 1 95.1 
70.89 -1.00 -1.00 1 95.1 
71.03 -1.00 -1.00 1 95.1 
71.17 -1.00 -1.00 1 94.5 
71.30 -1.00 -1.00 1 94.5 
71.45 -1.00 -1.00 0 94.5 
71.59 -1.00 -1.00 0 94.5 
71.76 -1.00 -1.00 0 94.5 
71.92 -1.00 -1.00 0 94.5 
72.14 -1.00 -1.00 0 94.5 
72.26 -1.00 -1.00 0 93.8 
72.40 -1.00 -1.00 0 93.8 
72.52 -1.00 -1.00 0 93.8 
72.68 -1.00 -1.00 0 93.8 
72.83 -1.00 -1.00 0 93.8 
72.95 -1.00 -1.00 0 93.8 
73.13 -1.00 -1.00 0 93.8 
73.26 -1.00 -1.00 0 93.3 
73.40 -1.00 -1.00 0 93.3 
73.53 -1.00 -1.00 0 93.3 
73.66 -1.00 -1.00 0 93.3 
73.80 -1.00 -1.00 0 93.3 
73.95 -1.00 -1.00 0 93.3 
74.14 -1.00 -1.00 0 93.3 
74.25 -1.00 -1.00 0 92.3 
74.40 -1.00 -1.00 0 92.3 
74.53 -1.00 -1.00 0 92.3 
74.68 -1.00 -1.00 0 92.3 
74.80 -1.00 -1.00 0 92.3 
75.00 -1.00 -1.00 0 92.3 
75.13 -1.00 -1.00 0 91.7 
75.29 -1.00 -1.00 0 91.7 
75.43 -1.00 -1.00 0 91.7 
75.59 -1.00 -1.00 0 91.7 
75.72 -1.00 -1.00 0 91.7 
75.88 -1.00 -1.00 0 91.7 
76.06 -1.00 -1.00 0 91.7 
76.21 -1.00 -1.00 0 91.2 
76.38 -1.00 -1.00 0 91.2 
76.54 -1.00 -1.00 0 91.2 
76.67 -1.00 -1.00 0 91.2 
76.81 -1.00 -1.00 0 91.2 
76.99 -1.00 -1.00 0 91.2 
77.20 -1.00 -1.00 0 90.2 
77.40 -1.00 -1.00 0 90.2 
77.56 -1.00 -1.00 0 90.2 
77.73 -1.00 -1.00 0 90.2 
77.91 -1.00 -1.00 0 90.2 
78.08 -1.00 -1.00 0 90.2 
78.24 -1.00 -1.00 0 90.4 
78.43 -1.00 -1.00 0 90.4 
78.59 -1.00 -1.00 0 90.4 
78.77 -1.00 -1.00 0 90.4 
78.95 -1.00 -1.00 0 90.4 
79.10 -1.00 -1.00 0 90.4 
79.27 -1.00 -1.00 0 90.0 
79.39 -1.00 -1.00 0 90.0 
79.53 -1.00 -1.00 0 90.0 
79.68 -1.00 -1.00 0 90.0 
79.82 -1.00 -1.00 0 90.0 
80.01 -1.00 -1.00 0 90.0 
80.17 -1.00 -1.00 0 89.9 
80.28 -1.00 -1.00 0 89.9 
80.44 -1.00 -1.00 0 89.9 
80.56 -1.00 -1.00 0 89.9 
80.68 -1.00 -1.00 0 89.9 
80.85 -1.00 -1.00 0 89.9 
81.05 -1.00 -1.00 0 89.9 
81.21 -1.00 -1.00 0 90.8 
81.33 -1.00 -1.00 0 90.8 
81.50 -1.00 -1.00 0 90.8 
81.67 -1.00 -1.00 0 90.8 
81.84 -1.00 -1.00 0 90.8 
81.97 -1.00 -1.00 0 90.8 
82.15 -1.00 -1.00 0 90.8 
82.32 -1.00 -1.00 0 91.4 
82.46 -1.00 -1.00 0 91.4 
82.59 -1.00 -1.00 0 91.4 
82.74 -1.00 -1.00 0 91.4 
82.87 -1.00 -1.00 0 91.4 
83.03 -1.00 -1.00 0 91.4 
83.18 -1.00 -1.00 0 92.3 
83.34 -1.00 -1.00 0 92.3 
83.47 -1.00 -1.00 0 92.3 
83.62 -1.00 -1.00 1 92.3 
83.77 -1.00 -1.00 1 92.3 
83.92 -1.00 -1.00 0 92.3 
84.06 -1.00 -1.00 0 92.3 
84.20 -1.00 -1.00 0 93.2 
84.36 -1.00 -1.00 1 93.2 
84.49 -1.00 -1.00 1 93.2 
84.63 -1.00 -1.00 1 93.2 
84.80 -1.00 -1.00 1 93.2 
84.93 -1.00 -1.00 1 93.2 
85.13 -1.00 -1.00 1 93.2 
85.30 -1.00 -1.00 1 92.7 
85.48 -1.00 -1.00 1 92.7 
85.60 -1.00 -1.00 1 92.7 
85.72 -1.00 -1.00 1 92.7 
85.86 -1.00 -1.00 1 92.7 
86.03 -1.00 -1.00 1 92.7 
86.16 -1.00 -1.00 1 91.2 
86.31 -1.00 -1.00 1 91.2 
86.43 -1.00 -1.00 1 91.2 
86.61 -1.00 -1.00 1 91.2 
86.73 -1.00 -1.00 1 91.2 
86.86 -1.00 -1.00 1 91.2 
87.02 -1.00 -1.00 1 91.2 
87.18 -1.00 -1.00 0 88.8 
87.30 -1.00 -1.00 0 88.8 
87.41 -1.00 -1.00 0 88.8 
87.54 -1.00 -1.00 0 88.8 
87.69 -1.00 -1.00 0 88.8 
87.96 -1.00 -1.00 0 88.8 
88.14 -1.00 -1.00 0 88.8 
88.27 -1.00 -1.00 0 89.7 
88.44 -1.00 -1.00 0 89.7 
88.56 -1.00 -1.00 0 89.7 
88.73 -1.00 -1.00 0 89.7 
88.89 -1.00 -1.00 0 89.7 
89.06 -1.00 -1.00 0 89.7 
89.21 -1.00 -1.00 0 89.6 
89.33 -1.00 -1.00 0 89.6 
89.47 -1.00 -1.00 0 89.6 
89.60 -1.00 -1.00 0 89.6 
89.74 -1.00 -1.00 0 89.6 
89.91 -1.00 -1.00 0 89.6 
90.11 -1.00 -1.00 0 89.6 
90.23 -1.00 -1.00 0 89.5 
90.36 -1.00 -1.00 0 89.5 
90.51 -1.00 -1.00 0 89.5 
90.64 -1.00 -1.00 0 89.5 
90.80 -1.00 -1.00 0 89.5 
90.94 -1.00 -1.00 0 89.5 
91.08 -1.00 -1.00 0 89.5 
91.22 -1.00 -1.00 0 89.6 
91.34 -1.00 -1.00 0 89.6 
91.47 -1.00 -1.00 0 89.6 
91.61 -1.00 -1.00 0 89.6 
91.75 -1.00 -1.00 0 89.6 
91.92 -1.00 -1.00 0 89.6 
92.12 -1.00 -1.00 0 89.6 
92.28 -1.00 -1.00 0 89.3 
92.41 -1.00 -1.00 0 89.3 
92.58 -1.00 -1.00 0 89.3 
92.73 -1.00 -1.00 0 89.3 
92.89 -1.00 -1.00 0 89.3 
93.08 -1.00 -1.00 0 89.3 
93.24 -1.00 -1.00 0 88.8 
93.45 -1.00 -1.00 1 88.8 
93.63 -1.00 -1.00 1 88.8 
93.84 -1.00 -1.00 2 88.8 
93.98 -1.00 -1.00 2 88.8 
94.19 -1.00 -1.00 1 88.8 
94.33 -1.00 -1.00 1 88.3 
94.48 -1.00 -1.00 1 88.3 
94.68 -1.00 -1.00 1 88.3 
94.89 -1.00 -1.00 1 88.3 
95.10 -1.00 -1.00 1 88.3 
95.30 -1.00 -1.00 1 88.3 
95.52 -1.00 -1.00 1 88.3 
95.73 -1.00 -1.00 2 88.3 
95.91 -1.00 -1.00 2 88.3 
96.16 -1.00 -1.00 1 88.3 
96.34 -1.00 -1.00 1 87.2 
96.56 -1.00 -1.00 1 87.2 
96.76 -1.00 -1.00 1 87.2 
96.93 -1.00 -1.00 1 87.2 
97.16 -1.00 -1.00 1 87.2 
97.35 -1.00 -1.00 1 87.3 
97.59 -1.00 -1.00 1 87.3 
98.01 -1.00 -1.00 1 87.3 
98.20 -1.00 -1.00 1 87.8 
98.36 29.80 1.22 1 87.8 
98.54 -1.00 -1.00 1 87.8 
98.69 32.72 1.34 1 87.8 
98.90 34.56 1.42 1 87.8 
99.14 36.65 1.50 1 87.8 
99.29 38.42 1.58 1 87.3 
99.45 39.95 1.65 1 87.3 
99.68 -1.00 -1.00 1 87.3 
99.87 -1.00 -1.00 1 87.3 
100.08 -1.00 -1.00 1 87.3 
100.23 -1.00 -1.00 1 87.0 
100.42 -1.00 -1.00 1 87.0 
100.60 49.30 2.04 1 87.0 
100.78 49.99 2.07 2 87.0 
101.05 -1.00 -1.00 2 87.0 
101.23 -1.00 -1.00 2 87.6 
101.39 -1.00 -1.00 2 87.6 
101.58 -1.00 -1.00 2 87.6 
101.75 -1.00 -1.00 1 87.6 
101.92 -1.00 -1.00 1 87.6 
102.14 -1.00 -1.00 0 87.6 
102.30 -1.00 -1.00 0 88.0 
102.48 -1.00 -1.00 0 88.0 
102.63 -1.00 -1.00 0 88.0 
102.82 -1.00 -1.00 0 88.0 
103.00 -1.00 -1.00 0 88.0 
103.18 -1.00 -1.00 1 88.7 
103.35 -1.00 -1.00 1 88.7 
103.50 -1.00 -1.00 1 88.7 
103.72 -1.00 -1.00 1 88.7 
103.87 -1.00 -1.00 1 88.7 
104.10 -1.00 -1.00 1 88.7 
104.30 -1.00 -1.00 1 88.3 
104.50 -1.00 -1.00 1 88.3 
104.70 -1.00 -1.00 1 88.3 
104.90 -1.00 -1.00 1 88.3 
105.13 -1.00 -1.00 1 88.3 
105.29 -1.00 -1.00 1 88.5 
105.44 -1.00 -1.00 1 88.5 
105.64 -1.00 -1.00 1 88.5 
105.86 -1.00 -1.00 1 88.5 
106.03 -1.00 -1.00 1 88.5 
106.22 -1.00 -1.00 1 88.7 
106.37 -1.00 -1.00 1 88.7 
106.55 -1.00 -1.00 1 88.7 
106.74 -1.00 -1.00 1 88.7 
106.94 -1.00 -1.00 1 88.7 
107.17 -1.00 -1.00 1 88.7 
107.32 -1.00 -1.00 1 88.3 
107.50 -1.00 -1.00 1 88.3 
107.68 -1.00 -1.00 1 88.3 
108.09 -1.00 -1.00 1 88.3 
108.23 -1.00 -1.00 1 89.0 
108.40 -1.00 -1.00 1 89.0 
108.58 -1.00 -1.00 1 89.0 
108.78 -1.00 -1.00 1 89.0 
109.00 -1.00 -1.00 1 89.0 
109.13 -1.00 -1.00 1 90.4 
109.29 -1.00 -1.00 1 90.4 
109.47 -1.00 -1.00 1 90.4 
109.60 -1.00 -1.00 1 90.4 
109.77 -1.00 -1.00 1 90.4 
109.94 43.05 1.71 1 90.4 
110.15 44.23 1.76 1 90.4 
110.30 45.24 1.78 1 91.5 
110.46 46.78 1.84 1 91.5 
110.65 47.43 1.87 1 91.5 
110.83 48.64 1.91 1 91.5 
111.03 49.67 1.95 2 91.5 
111.26 52.30 2.02 2 93.1 
111.43 26.91 1.04 2 93.1 
111.65 27.29 1.06 2 93.1 
111.82 28.71 1.11 2 93.1 
112.03 29.68 1.15 2 93.1 
112.24 56.22 2.16 2 93.9 
112.46 32.37 1.24 2 93.9 
112.64 34.11 1.31 1 93.9 
112.78 -1.00 -1.00 1 93.9 
113.03 42.43 1.63 1 93.9 
113.23 43.75 1.67 1 94.1 
113.37 46.39 1.77 1 94.1 
113.56 52.68 2.02 1 94.1 
113.71 51.88 1.98 1 94.1 
113.91 54.44 2.08 2 94.1 
114.13 54.97 2.10 2 94.1 
114.32 56.23 2.19 2 92.3 
114.47 58.32 2.27 2 92.3 
114.67 59.19 2.31 2 92.3 
114.83 62.19 2.43 2 92.3 
115.00 62.63 2.44 2 92.3 
115.21 65.22 2.54 2 92.3 
115.37 67.48 2.63 2 92.5 
115.54 68.27 2.66 2 92.5 
115.73 28.65 1.11 1 92.5 
115.87 30.24 1.18 2 92.5 
116.10 31.18 1.21 2 92.5 
116.30 32.78 1.28 2 92.4 
116.43 34.60 1.35 2 92.4 
116.56 35.66 1.39 2 92.4 
116.71 37.03 1.44 2 92.4 
116.92 40.17 1.56 2 92.4 
117.11 43.64 1.70 2 92.4 
117.32 44.97 1.76 2 91.8 
117.51 46.86 1.84 2 91.8 
118.04 48.61 1.91 2 91.8 
118.26 48.74 1.91 2 92.0 
118.42 25.90 1.01 2 92.0 
118.59 28.58 1.12 1 92.0 
118.76 29.91 1.17 1 92.0 
118.97 32.37 1.27 1 92.0 
119.17 -1.00 -1.00 1 92.0 
119.35 -1.00 -1.00 1 91.7 
119.55 -1.00 -1.00 1 91.7 
119.71 -1.00 -1.00 1 91.7 
119.87 -1.00 -1.00 1 91.7 
120.09 -1.00 -1.00 1 91.7 
120.29 -1.00 -1.00 1 91.3 
120.48 -1.00 -1.00 0 91.3 
120.65 -1.00 -1.00 0 91.3 
120.82 -1.00 -1.00 0 91.3 
121.02 -1.00 -1.00 0 91.3 
121.22 -1.00 -1.00 0 91.3 
121.42 -1.00 -1.00 0 91.0 
121.61 -1.00 -1.00 0 91.0 
121.78 -1.00 -1.00 0 91.0 
122.03 -1.00 -1.00 0 91.0 
122.22 -1.00 -1.00 0 92.1 
122.43 -1.00 -1.00 0 92.1 
122.63 -1.00 -1.00 0 92.1 
122.82 -1.00 -1.00 0 92.1 
123.08 -1.00 -1.00 0 92.1 
123.31 -1.00 -1.00 0 92.3 
123.53 -1.00 -1.00 0 92.3 
123.70 -1.00 -1.00 0 92.3 
123.94 -1.00 -1.00 0 92.3 
124.16 -1.00 -1.00 0 92.3 
124.42 -1.00 -1.00 0 91.7 
124.64 -1.00 -1.00 0 91.7 
124.87 -1.00 -1.00 0 91.7 
125.13 -1.00 -1.00 0 91.7 
125.35 -1.00 -1.00 0 92.6 
125.66 -1.00 -1.00 0 92.6 
125.93 -1.00 -1.00 0 92.6 
126.21 -1.00 -1.00 0 92.6 
126.38 -1.00 -1.00 0 93.1 
126.59 -1.00 -1.00 0 93.1 
126.78 -1.00 -1.00 0 93.1 
126.98 -1.00 -1.00 0 93.1 
127.23 -1.00 -1.00 0 93.1 
127.40 -1.00 -1.00 0 92.5 
127.59 -1.00 -1.00 0 92.5 
128.05 -1.00 -1.00 0 92.5 
128.28 -1.00 -1.00 0 93.1 
128.50 -1.00 -1.00 0 93.1 
128.63 -1.00 -1.00 0 93.1 
128.88 -1.00 -1.00 0 93.1 
129.17 -1.00 -1.00 0 93.1 
129.38 -1.00 -1.00 0 93.2 
129.60 -1.00 -1.00 0 93.2 
129.84 -1.00 -1.00 0 93.2 
130.03 -1.00 -1.00 0 93.2 
130.20 -1.00 -1.00 0 93.7 
130.41 -1.00 -1.00 0 93.7 
130.63 -1.00 -1.00 0 93.7 
130.81 -1.00 -1.00 0 93.7 
131.03 -1.00 -1.00 0 93.7 
131.30 -1.00 -1.00 0 93.0 
131.49 -1.00 -1.00 0 93.0 
131.71 -1.00 -1.00 0 93.0 
132.00 -1.00 -1.00 0 93.0 
132.18 -1.00 -1.00 0 93.1 
132.42 -1.00 -1.00 0 93.1 
132.58 -1.00 -1.00 0 93.1 
132.78 -1.00 -1.00 0 93.1 
132.92 -1.00 -1.00 0 93.1 
133.19 -1.00 -1.00 0 93.1 
133.35 -1.00 -1.00 0 93.9 
133.57 -1.00 -1.00 0 93.9 
133.75 -1.00 -1.00 0 93.9 
133.92 -1.00 -1.00 0 93.9 
134.14 -1.00 -1.00 0 93.9 
134.34 -1.00 -1.00 0 93.7 
134.51 -1.00 -1.00 0 93.7 
134.76 -1.00 -1.00 0 93.7 
134.92 -1.00 -1.00 0 93.7 
135.15 -1.00 -1.00 0 93.7 
135.29 -1.00 -1.00 0 92.8 
135.45 -1.00 -1.00 0 92.8 
135.66 -1.00 -1.00 0 92.8 
135.86 -1.00 -1.00 0 92.8 
136.04 -1.00 -1.00 0 92.8 
136.28 -1.00 -1.00 0 91.9 
136.47 -1.00 -1.00 0 91.9 
136.66 -1.00 -1.00 0 91.9 
136.86 -1.00 -1.00 0 91.9 
137.15 -1.00 -1.00 0 91.9 
137.34 -1.00 -1.00 0 93.1 
137.49 -1.00 -1.00 0 93.1 
137.95 -1.00 -1.00 0 93.1 
138.21 -1.00 -1.00 0 93.1 
138.40 -1.00 -1.00 0 93.0 
138.57 -1.00 -1.00 0 93.0 
138.76 -1.00 -1.00 0 93.0 
139.02 -1.00 -1.00 0 93.0 
139.27 -1.00 -1.00 0 93.0 
139.43 -1.00 -1.00 0 93.0 
139.66 -1.00 -1.00 0 93.0 
139.82 -1.00 -1.00 0 93.0 
140.10 -1.00 -1.00 0 93.0 
140.37 -1.00 -1.00 1 93.0 
140.54 -1.00 -1.00 1 93.0 
140.75 -1.00 -1.00 1 93.0 
140.94 -1.00 -1.00 1 93.0 
141.14 -1.00 -1.00 1 93.0 
141.35 -1.00 -1.00 1 93.8 
141.53 -1.00 -1.00 1 93.8 
141.73 -1.00 -1.00 1 93.8 
141.92 -1.00 -1.00 1 93.8 
142.10 -1.00 -1.00 0 93.8 
142.32 -1.00 -1.00 0 92.4 
142.54 -1.00 -1.00 0 92.4 
142.70 -1.00 -1.00 0 92.4 
142.92 -1.00 -1.00 0 92.4 
143.14 -1.00 -1.00 0 92.4 
143.38 -1.00 -1.00 0 93.3 
143.59 -1.00 -1.00 0 93.3 
143.80 -1.00 -1.00 0 93.3 
143.96 -1.00 -1.00 0 93.3 
144.18 -1.00 -1.00 0 93.3 
144.35 -1.00 -1.00 0 94.2 
144.57 -1.00 -1.00 0 94.2 
144.73 -1.00 -1.00 0 94.2 
144.89 -1.00 -1.00 0 94.2 
145.13 -1.00 -1.00 0 94.2 
145.31 -1.00 -1.00 0 94.9 
145.50 -1.00 -1.00 0 94.9 
145.68 -1.00 -1.00 0 94.9 
145.89 -1.00 -1.00 0 94.9 
146.06 -1.00 -1.00 0 94.9 
146.26 -1.00 -1.00 0 96.2 
146.46 -1.00 -1.00 0 96.2 
146.66 -1.00 -1.00 0 96.2 
146.85 -1.00 -1.00 0 96.2 
147.11 -1.00 -1.00 0 96.2 
147.28 -1.00 -1.00 0 94.7 
147.50 -1.00 -1.00 0 94.7 
147.68 -1.00 -1.00 0 94.7 
147.86 -1.00 -1.00 0 94.7 
148.11 -1.00 -1.00 0 94.7 
148.27 -1.00 -1.00 0 94.6 
148.48 -1.00 -1.00 1 94.6 
148.63 -1.00 -1.00 1 94.6 
148.84 -1.00 -1.00 1 94.6 
149.02 -1.00 -1.00 1 94.6 
149.20 -1.00 -1.00 1 94.6 
149.39 -1.00 -1.00 1 94.8 
149.59 -1.00 -1.00 1 94.8 
149.76 -1.00 -1.00 1 94.8 
150.03 -1.00 -1.00 1 94.8 
150.21 -1.00 -1.00 1 94.9 
150.36 -1.00 -1.00 1 94.9 
150.58 -1.00 -1.00 1 94.9 
150.76 -1.00 -1.00 1 94.9 
150.96 -1.00 -1.00 1 94.9 
151.21 -1.00 -1.00 1 94.9 
151.38 -1.00 -1.00 1 94.9 
151.60 -1.00 -1.00 1 94.9 
151.78 -1.00 -1.00 1 94.9 
152.05 -1.00 -1.00 1 94.9 
152.28 -1.00 -1.00 1 94.7 
152.53 -1.00 -1.00 1 94.7 
152.75 -1.00 -1.00 1 94.7 
152.97 -1.00 -1.00 1 94.7 
153.23 -1.00 -1.00 1 94.7 
153.43 -1.00 -1.00 1 92.6 
153.67 -1.00 -1.00 1 92.6 
154.03 -1.00 -1.00 1 92.6 
154.26 -1.00 -1.00 1 93.5 
154.51 -1.00 -1.00 1 93.5 
154.76 -1.00 -1.00 1 93.5 
155.05 -1.00 -1.00 1 93.5 
155.28 -1.00 -1.00 1 94.1 
155.54 -1.00 -1.00 1 94.1 
155.75 -1.00 -1.00 1 94.1 
156.06 -1.00 -1.00 1 94.1 
156.31 -1.00 -1.00 1 94.4 
156.50 -1.00 -1.00 1 94.4 
156.73 -1.00 -1.00 1 94.4 
157.03 -1.00 -1.00 1 94.4 
157.26 -1.00 -1.00 1 93.8 
157.49 -1.00 -1.00 1 93.8 
157.66 -1.00 -1.00 1 93.8 
157.94 -1.00 -1.00 1 93.8 
158.20 -1.00 -1.00 1 93.8 
158.47 -1.00 -1.00 1 93.6 
158.70 -1.00 -1.00 1 93.6 
158.91 -1.00 -1.00 1 93.6 
159.22 -1.00 -1.00 1 93.6 
159.39 -1.00 -1.00 1 94.4 
159.64 -1.00 -1.00 1 94.4 
159.85 -1.00 -1.00 1 94.4 
160.15 -1.00 -1.00 1 94.4 
160.34 -1.00 -1.00 2 94.1 
160.59 -1.00 -1.00 2 94.1 
160.77 -1.00 -1.00 2 94.1 
161.06 -1.00 -1.00 2 94.1 
161.26 -1.00 -1.00 2 94.7 
161.51 -1.00 -1.00 2 94.7 
161.75 -1.00 -1.00 2 94.7 
162.03 -1.00 -1.00 2 94.7 
162.27 -1.00 -1.00 2 93.8 
162.51 -1.00 -1.00 0 93.8 
162.77 -1.00 -1.00 0 93.8 
163.10 -1.00 -1.00 0 93.8 
163.36 -1.00 -1.00 0 95.2 
163.59 33.83 1.28 2 95.2 
163.92 33.93 1.28 2 95.2 
164.14 33.57 1.27 2 95.2 
164.43 33.40 1.27 2 94.8 
164.71 34.26 1.30 2 94.8 
165.05 33.58 1.27 2 94.8 
165.33 34.58 1.31 2 95.2 
165.53 34.22 1.29 2 95.2 
165.86 34.15 1.29 1 95.2 
166.20 33.58 1.27 1 95.2 
166.51 32.42 1.23 1 95.2 
166.86 31.39 1.19 1 95.2 
167.26 30.68 1.16 1 95.2 
167.63 30.08 1.17 1 92.5 
168.22 28.34 1.10 1 92.5 
168.60 27.65 1.09 1 91.4 
168.83 27.54 1.08 1 91.4 
169.25 27.73 1.09 1 91.4 
169.55 26.95 1.05 1 92.1 
169.85 26.46 1.03 1 92.1 
170.23 25.50 1.00 1 92.1 
170.55 25.28 0.99 1 92.3 
170.89 24.69 0.96 1 92.3 
171.23 24.20 0.94 1 92.3 
171.46 22.17 0.86 1 92.5 
171.72 22.63 0.88 1 92.5 
171.98 21.59 0.84 1 92.5 
172.30 20.74 0.81 1 92.5 
172.61 20.20 0.78 2 93.0 
172.86 19.77 0.77 2 93.0 
173.22 19.44 0.75 2 93.0 
173.52 19.04 0.73 2 93.7 
173.80 19.03 0.73 2 93.7 
174.11 19.77 0.76 1 93.7 
174.35 19.79 0.76 1 93.5 
174.64 18.58 0.72 1 93.5 
174.93 17.56 0.68 1 93.5 
175.23 16.85 0.65 1 93.5 
175.44 16.41 0.63 1 93.3 
175.75 15.97 0.62 1 93.3 
176.08 15.56 0.60 1 93.3 
176.35 14.54 0.56 1 93.3 
176.67 13.74 0.53 1 93.3 
176.92 13.22 0.51 1 93.3 
177.31 12.84 0.50 1 93.3 
177.59 12.57 0.51 1 89.1 
178.26 12.31 0.50 1 89.1 
178.65 12.28 0.50 1 88.1 
179.04 12.25 0.50 1 88.1 
179.38 12.32 0.51 1 86.6 
179.73 12.39 0.51 1 86.6 
180.20 14.01 0.58 1 86.6 
180.50 14.96 0.63 1 85.6 
180.75 18.52 0.78 1 85.6 
181.09 20.95 0.88 1 85.6 
181.38 20.80 0.87 1 85.7 
181.69 25.73 1.08 1 85.7 
182.06 29.27 1.23 1 85.7 
182.35 32.75 1.37 1 86.1 
182.65 35.04 1.46 1 86.1 
182.89 34.31 1.43 1 86.1 
183.18 37.07 1.55 1 86.1 
183.55 39.36 1.64 1 86.5 
183.87 41.30 1.72 1 86.5 
184.14 39.18 1.63 1 86.5 
184.51 36.66 1.55 2 85.3 
184.88 34.13 1.44 2 85.3 
185.23 31.83 1.34 2 85.3 
185.61 29.91 1.24 2 86.9 
185.88 28.43 1.18 2 86.9 
186.22 27.20 1.13 2 86.9 
186.50 26.17 1.06 2 88.7 
186.75 25.33 1.03 2 88.7 
187.11 24.83 1.01 2 88.7 
187.40 24.24 0.98 2 89.2 
187.67 23.74 0.96 2 89.2 
187.92 27.54 1.11 2 89.2 
188.30 30.24 1.22 2 89.2 
188.58 29.26 1.16 2 90.7 
188.88 28.61 1.14 2 90.7 
189.19 28.47 1.13 2 90.7 
189.44 28.35 1.13 2 90.7 
189.66 27.20 1.08 2 90.7 
190.04 27.03 1.07 2 90.7 
190.33 26.91 1.06 2 91.3 
190.65 26.79 1.06 2 91.3 
191.02 25.53 1.01 2 91.3 
191.29 -1.00 -1.00 1 91.7 
191.60 -1.00 -1.00 1 91.7 
191.92 -1.00 -1.00 1 91.7 
192.22 -1.00 -1.00 1 91.7 
192.55 -1.00 -1.00 1 92.0 
192.87 -1.00 -1.00 1 92.0 
193.21 17.43 0.68 3 92.0 
193.59 -1.00 -1.00 2 93.0 
193.96 -1.00 -1.00 2 93.0 
194.30 -1.00 -1.00 2 93.0 
194.62 -1.00 -1.00 2 94.4 
194.82 42.01 1.60 2 94.4 
195.17 42.85 1.63 2 94.4 
195.47 -1.00 -1.00 1 94.8 
195.75 -1.00 -1.00 1 94.8 
196.07 -1.00 -1.00 1 94.8 
196.33 -1.00 -1.00 1 95.5 
196.51 -1.00 -1.00 1 95.5 
196.77 -1.00 -1.00 1 95.5 
197.09 -1.00 -1.00 1 95.5 
197.37 -1.00 -1.00 1 96.8 
197.65 -1.00 -1.00 1 96.8 
197.93 19.09 0.71 1 96.8 
198.21 19.30 0.72 1 96.8 
198.46 20.12 0.74 2 97.7 
198.70 21.17 0.78 2 97.7 
199.05 22.00 0.81 2 97.7 
199.34 23.13 0.85 2 97.6 
199.63 24.28 0.90 2 97.6 
200.03 24.36 0.90 2 97.6 
200.31 25.28 0.93 2 97.6 
200.56 26.31 0.97 2 97.6 
200.90 26.89 0.99 2 97.6 
201.22 27.94 1.03 1 97.6 
201.53 30.38 1.12 1 97.7 
201.81 31.50 1.16 1 97.7 
202.14 32.83 1.21 1 97.7 
202.41 33.23 1.21 1 98.5 
202.65 34.32 1.25 1 98.5 
202.97 35.68 1.30 1 98.5 
203.25 36.83 1.35 1 98.5 
203.52 38.89 1.45 1 96.6 
203.79 40.06 1.49 1 96.6 
204.07 41.04 1.53 1 96.6 
204.40 41.89 1.57 1 96.1 
204.61 43.82 1.64 1 96.1 
204.93 44.29 1.66 1 96.1 
205.20 46.64 1.75 1 96.1 
205.45 48.63 1.84 1 95.0 
205.73 48.49 1.84 1 95.0 
205.98 48.88 1.85 1 95.0 
206.18 48.67 1.84 1 95.0 
206.51 48.49 1.87 2 93.3 
206.75 48.31 1.86 2 93.3 
206.93 48.68 1.88 2 93.3 
207.26 49.65 1.91 2 93.3 
207.51 51.25 1.95 2 94.8 
207.68 52.64 2.00 2 94.8 
207.91 53.80 2.04 2 94.8 
208.27 54.84 2.08 2 94.8 
208.54 55.74 2.11 2 95.0 
208.80 55.76 2.11 2 95.0 
209.19 56.50 2.14 2 95.0 
209.38 59.16 2.25 2 94.7 
209.68 61.46 2.34 2 94.7 
210.12 62.33 2.37 2 94.7 
210.36 64.17 2.45 2 94.2 
210.64 68.96 2.64 2 94.2 
210.95 73.03 2.79 2 94.2 
211.28 -1.00 -1.00 2 94.2 
211.45 74.21 2.82 2 94.6 
211.66 74.68 2.84 2 94.6 
211.87 75.09 2.86 2 94.6 
212.22 78.40 2.98 2 94.6 
212.46 81.33 3.12 2 93.9 
212.75 82.29 3.16 2 93.9 
212.98 -1.00 -1.00 1 93.9 
213.26 -1.00 -1.00 1 94.2 
213.49 -1.00 -1.00 1 94.2 
213.67 -1.00 -1.00 1 94.2 
213.93 -1.00 -1.00 1 94.2 
214.30 -1.00 -1.00 1 94.2 
214.53 -1.00 -1.00 1 94.8 
214.82 -1.00 -1.00 1 94.8 
215.07 -1.00 -1.00 1 94.8 
215.39 -1.00 -1.00 1 95.5 
215.76 -1.00 -1.00 1 95.5 
216.06 -1.00 -1.00 1 95.5 
216.29 -1.00 -1.00 1 95.7 
216.60 -1.00 -1.00 1 95.7 
216.84 -1.00 -1.00 1 95.7 
217.24 -1.00 -1.00 1 95.7 
217.50 -1.00 -1.00 1 96.3 
217.73 -1.00 -1.00 1 96.3 
218.05 -1.00 -1.00 1 96.3 
218.27 -1.00 -1.00 1 95.6 
218.58 -1.00 -1.00 0 95.6 
218.81 -1.00 -1.00 0 95.6 
219.05 -1.00 -1.00 0 95.6 
219.33 -1.00 -1.00 0 97.1 
219.50 -1.00 -1.00 0 97.1 
219.75 -1.00 -1.00 0 97.1 
220.03 -1.00 -1.00 0 97.1 
220.28 -1.00 -1.00 0 97.1 
220.55 -1.00 -1.00 0 98.7 
220.85 -1.00 -1.00 0 98.7 
221.19 -1.00 -1.00 0 98.7 
221.52 -1.00 -1.00 0 97.5 
221.81 -1.00 -1.00 0 97.5 
222.11 -1.00 -1.00 0 97.5 
222.45 -1.00 -1.00 0 99.1 
222.76 -1.00 -1.00 0 99.1 
223.04 -1.00 -1.00 0 99.1 
223.31 -1.00 -1.00 0 99.4 
223.61 -1.00 -1.00 0 99.4 
223.87 -1.00 -1.00 0 99.4 
224.16 -1.00 -1.00 0 99.4 
224.45 -1.00 -1.00 0 99.8 
224.64 -1.00 -1.00 0 99.8 
224.87 -1.00 -1.00 0 99.8 
225.22 -1.00 -1.00 0 99.8 
225.52 -1.00 -1.00 0 99.0 
225.88 -1.00 -1.00 1 99.0 
226.20 -1.00 -1.00 1 99.0 
226.43 -1.00 -1.00 1 98.7 
226.71 -1.00 -1.00 1 98.7 
227.10 -1.00 -1.00 1 98.7 
227.40 -1.00 -1.00 1 98.0 
227.70 -1.00 -1.00 1 98.0 
228.18 -1.00 -1.00 1 98.0 
228.46 27.79 1.03 1 96.7 
228.75 28.50 1.06 1 96.7 
228.97 31.12 1.16 1 96.7 
229.31 32.30 1.20 1 96.7 
229.52 34.21 1.30 1 94.9 
229.83 -1.00 -1.00 1 94.9 
230.13 -1.00 -1.00 1 94.9 
230.40 -1.00 -1.00 1 93.7 
230.62 -1.00 -1.00 1 93.7 
230.84 -1.00 -1.00 1 93.7 
231.16 -1.00 -1.00 1 93.7 
231.45 -1.00 -1.00 0 92.5 
231.72 -1.00 -1.00 0 92.5 
232.05 -1.00 -1.00 0 92.5 
232.33 -1.00 -1.00 0 91.2 
232.57 -1.00 -1.00 0 91.2 
232.84 -1.00 -1.00 0 91.2 
233.23 -1.00 -1.00 0 91.2 
233.47 -1.00 -1.00 0 90.0 
233.77 -1.00 -1.00 0 90.0 
234.14 -1.00 -1.00 0 90.0 
234.39 -1.00 -1.00 0 89.1 
234.61 -1.00 -1.00 0 89.1 
234.90 -1.00 -1.00 0 89.1 
235.22 -1.00 -1.00 0 89.1 
235.53 -1.00 -1.00 0 88.8 
235.72 -1.00 -1.00 0 88.8 
235.98 -1.00 -1.00 0 88.8 
236.30 -1.00 -1.00 0 89.5 
236.50 -1.00 -1.00 0 89.5 
236.77 -1.00 -1.00 0 89.5 
237.07 -1.00 -1.00 0 89.5 
237.35 -1.00 -1.00 0 88.9 
237.63 -1.00 -1.00 0 88.9 
238.25 -1.00 -1.00 0 88.9 
238.52 -1.00 -1.00 0 88.2 
238.79 -1.00 -1.00 0 88.2 
239.10 -1.00 -1.00 0 88.2 
239.38 -1.00 -1.00 0 86.8 
239.62 -1.00 -1.00 0 86.8 
239.88 -1.00 -1.00 0 86.8 
240.24 -1.00 -1.00 0 86.8 
240.48 -1.00 -1.00 0 87.3 
240.76 -1.00 -1.00 0 87.3 
241.14 -1.00 -1.00 0 87.3 
241.44 -1.00 -1.00 0 87.3 
241.80 -1.00 -1.00 0 87.3 
242.25 44.24 1.82 2 87.3 
242.58 44.03 1.85 2 85.5 
243.05 28.04 1.18 2 85.5 
243.44 28.89 1.22 2 85.5 
243.82 29.73 1.25 2 85.5 
244.10 40.93 1.72 2 85.5 
244.41 41.25 1.78 2 83.2 
244.87 41.27 1.79 2 83.2 
245.20 34.95 1.51 2 83.2 
245.60 35.45 1.53 2 83.3 
246.05 37.28 1.61 2 83.3 
246.38 38.30 1.63 2 84.6 
246.71 39.69 1.69 2 84.6 
247.07 41.50 1.77 2 84.6 
247.42 43.02 1.82 2 85.2 
248.24 44.95 1.90 2 85.2 
248.57 46.00 1.93 2 85.8 
248.89 28.75 1.21 2 85.8 
249.26 51.12 2.14 2 85.8 
249.52 51.38 2.13 3 86.8 
249.89 51.56 2.14 3 86.8 
250.36 51.14 2.12 3 86.8 
250.70 54.05 2.21 3 88.2 
251.15 53.91 2.20 3 88.2 
251.42 55.35 2.22 3 89.7 
251.76 56.59 2.27 3 89.7 
252.08 61.85 2.48 3 89.7 
252.43 62.31 2.48 2 90.3 
252.81 62.73 2.50 2 90.3 
253.16 69.49 2.77 2 90.3 
253.51 72.86 2.88 2 91.0 
253.86 75.86 3.00 2 91.0 
254.17 74.98 2.96 2 91.0 
254.39 75.07 2.96 3 91.4 
254.75 72.29 2.85 3 91.4 
254.95 70.80 2.79 3 91.4 
255.26 68.78 2.71 3 91.4 
255.49 65.48 2.59 3 91.2 
255.78 -1.00 -1.00 1 91.2 
256.12 -1.00 -1.00 1 91.2 
256.34 -1.00 -1.00 1 91.1 
256.63 -1.00 -1.00 1 91.1 
256.87 -1.00 -1.00 1 91.1 
257.21 -1.00 -1.00 1 91.1 
257.43 -1.00 -1.00 1 90.2 
257.69 -1.00 -1.00 1 90.2 
258.02 -1.00 -1.00 1 90.2 
258.24 -1.00 -1.00 0 89.4 
258.56 -1.00 -1.00 0 89.4 
258.83 -1.00 -1.00 0 89.4 
259.07 -1.00 -1.00 0 89.4 
259.35 -1.00 -1.00 1 88.0 
259.61 -1.00 -1.00 1 88.0 
259.92 -1.00 -1.00 1 88.0 
260.13 -1.00 -1.00 1 88.0 
260.41 -1.00 -1.00 1 88.2 
260.69 -1.00 -1.00 1 88.2 
261.07 -1.00 -1.00 1 88.2 
261.33 -1.00 -1.00 1 88.4 
261.60 -1.00 -1.00 1 88.4 
261.90 -1.00 -1.00 1 88.4 
262.25 -1.00 -1.00 1 88.4 
262.54 -1.00 -1.00 0 89.1 
262.82 -1.00 -1.00 0 89.1 
263.17 -1.00 -1.00 0 89.1 
263.37 -1.00 -1.00 0 91.0 
263.67 -1.00 -1.00 0 91.0 
263.94 -1.00 -1.00 0 91.0 
264.21 -1.00 -1.00 0 91.0 
264.49 -1.00 -1.00 0 90.6 
264.66 -1.00 -1.00 0 90.6 
264.94 -1.00 -1.00 0 90.6 
265.28 -1.00 -1.00 0 90.6 
265.54 -1.00 -1.00 0 90.5 
265.74 -1.00 -1.00 0 90.5 
266.00 -1.00 -1.00 0 90.5 
266.25 -1.00 -1.00 0 90.6 
266.55 -1.00 -1.00 0 90.6 
266.74 -1.00 -1.00 0 90.6 
266.96 -1.00 -1.00 0 90.6 
267.26 -1.00 -1.00 0 90.6 
267.55 -1.00 -1.00 0 91.6 
267.75 -1.00 -1.00 0 91.6 
268.01 -1.00 -1.00 0 91.6 
268.20 -1.00 -1.00 0 90.8 
268.40 -1.00 -1.00 0 90.8 
268.63 -1.00 -1.00 0 90.8 
268.86 -1.00 -1.00 0 90.8 
269.15 -1.00 -1.00 0 90.8 
269.40 -1.00 -1.00 0 90.5 
269.64 -1.00 -1.00 0 90.5 
269.85 -1.00 -1.00 0 90.5 
270.18 -1.00 -1.00 0 90.5 
270.36 -1.00 -1.00 0 91.3 
270.61 -1.00 -1.00 0 91.3 
270.79 -1.00 -1.00 0 91.3 
271.11 -1.00 -1.00 0 91.3 
271.33 -1.00 -1.00 0 89.7 
271.56 -1.00 -1.00 0 89.7 
271.74 -1.00 -1.00 0 89.7 
271.94 -1.00 -1.00 0 89.7 
272.25 -1.00 -1.00 0 89.7 
272.48 -1.00 -1.00 0 88.7 
272.75 -1.00 -1.00 0 88.7 
272.96 -1.00 -1.00 0 88.7 
273.25 -1.00 -1.00 0 88.7 
273.52 -1.00 -1.00 0 90.1 
273.75 -1.00 -1.00 0 90.1 
274.04 -1.00 -1.00 0 90.1 
274.33 -1.00 -1.00 0 89.1 
274.57 -1.00 -1.00 0 89.1 
274.77 -1.00 -1.00 0 89.1 
275.05 -1.00 -1.00 0 89.1 
275.32 -1.00 -1.00 0 89.1 
275.61 -1.00 -1.00 0 89.1 
275.92 -1.00 -1.00 0 89.1 
276.19 -1.00 -1.00 0 89.1 
276.49 -1.00 -1.00 0 88.1 
276.71 -1.00 -1.00 0 88.1 
276.92 -1.00 -1.00 1 88.1 
277.26 -1.00 -1.00 1 88.1 
277.55 -1.00 -1.00 1 86.2 
278.23 -1.00 -1.00 1 86.2 
278.52 -1.00 -1.00 1 86.5 
278.75 -1.00 -1.00 1 86.5 
279.14 -1.00 -1.00 1 86.5 
279.42 -1.00 -1.00 1 86.8 
279.62 -1.00 -1.00 1 86.8 
279.90 -1.00 -1.00 1 86.8 
280.18 33.06 1.37 1 86.8 
280.54 34.92 1.43 1 87.6 
280.88 36.53 1.50 1 87.6 
281.24 37.43 1.54 1 87.6 
281.52 39.25 1.63 1 86.9 
281.83 40.82 1.69 1 86.9 
282.15 42.19 1.75 1 86.9 
282.45 43.37 1.83 2 85.2 
282.75 44.39 1.87 2 85.2 
283.08 44.72 1.89 1 85.2 
283.33 -1.00 -1.00 0 85.2 
283.63 -1.00 -1.00 0 85.2 
283.93 -1.00 -1.00 0 85.2 
284.28 -1.00 -1.00 0 85.2 
284.54 -1.00 -1.00 0 87.7 
284.83 -1.00 -1.00 0 87.7 
285.17 -1.00 -1.00 0 87.7 
285.43 -1.00 -1.00 0 88.7 
285.75 -1.00 -1.00 0 88.7 
286.02 -1.00 -1.00 0 88.7 
286.30 -1.00 -1.00 0 89.2 
286.63 -1.00 -1.00 0 89.2 
286.85 -1.00 -1.00 0 89.2 
287.19 -1.00 -1.00 0 89.2 
287.50 -1.00 -1.00 0 90.3 
288.20 -1.00 -1.00 0 90.3 
288.51 -1.00 -1.00 0 90.9 
288.76 -1.00 -1.00 0 90.9 
289.15 -1.00 -1.00 0 90.9 
289.41 -1.00 -1.00 0 91.3 
289.68 -1.00 -1.00 0 91.3 
289.94 -1.00 -1.00 0 91.3 
290.23 -1.00 -1.00 0 91.3 
290.52 -1.00 -1.00 0 91.7 
290.80 47.93 1.88 1 91.7 
291.24 47.79 1.88 1 91.7 
291.48 48.01 1.86 1 93.0 
291.73 48.70 1.88 1 93.0 
292.25 48.12 1.86 1 93.0 
292.59 47.48 1.84 1 92.7 
292.91 48.53 1.88 1 92.7 
293.36 48.99 1.90 1 92.7 
293.70 47.51 1.83 1 93.6 
293.98 47.54 1.83 1 93.6 
294.29 48.15 1.85 1 93.6 
294.59 47.62 1.85 1 92.6 
294.88 46.72 1.82 1 92.6 
295.25 45.92 1.79 1 92.6 
295.65 46.76 1.83 1 91.9 
296.09 45.95 1.80 1 91.9 
296.46 45.18 1.78 1 91.6 
296.77 44.99 1.77 1 91.6 
297.19 45.42 1.79 1 91.6 
297.56 45.23 1.81 1 89.7 
297.87 44.14 1.77 1 89.7 
298.24 41.48 1.66 2 89.7 
298.58 42.48 1.67 2 91.4 
298.92 41.78 1.64 2 91.4 
299.32 42.70 1.68 2 91.4 
299.67 43.47 1.72 2 90.9 
299.91 -1.00 -1.00 1 90.9 
300.31 -1.00 -1.00 1 90.9 
300.64 -1.00 -1.00 1 90.4 
300.95 -1.00 -1.00 1 90.4 
301.26 -1.00 -1.00 1 90.4 
301.52 -1.00 -1.00 1 89.4 
301.85 -1.00 -1.00 1 89.4 
302.26 41.08 1.65 2 89.4 
302.57 41.05 1.65 2 89.5 
303.05 41.26 1.66 2 89.5 
303.41 44.48 1.80 1 88.8 
303.71 45.13 1.83 1 88.8 
304.11 44.48 1.80 2 88.8 
304.40 43.34 1.77 2 88.1 
304.71 43.09 1.76 2 88.1 
305.13 42.52 1.74 2 88.1 
305.40 42.76 1.74 2 88.6 
305.73 41.34 1.68 2 88.6 
306.09 40.88 1.66 2 88.6 
306.41 41.38 1.68 2 88.8 
306.77 39.98 1.62 2 88.8 
307.08 32.94 1.33 2 88.8 
307.47 34.52 1.36 2 91.3 
308.09 36.79 1.45 2 91.3 
308.28 38.47 1.56 2 88.7 
308.63 40.14 1.63 2 88.7 
308.86 39.79 1.62 2 88.7 
309.28 39.96 1.62 2 88.7 
309.51 41.28 1.67 2 88.9 
309.99 41.23 1.67 2 88.9 
310.36 41.70 1.69 2 88.9 
310.77 46.58 1.89 2 88.6 
311.18 48.34 1.96 2 88.6 
311.49 56.14 2.25 2 89.7 
311.80 56.47 2.27 1 89.7 
312.12 56.23 2.26 1 89.7 
312.42 55.38 2.19 1 91.0 
312.70 55.20 2.18 1 91.0 
312.89 55.78 2.21 1 91.0 
313.15 58.44 2.31 1 91.0 
313.42 57.92 2.27 1 91.8 
313.63 56.31 2.21 1 91.8 
313.93 55.33 2.17 1 91.8 
314.20 55.95 2.19 1 91.8 
314.38 58.67 2.31 1 91.5 
314.65 58.09 2.29 1 91.5 
314.90 56.82 2.24 1 91.5 
315.11 60.96 2.40 1 91.5 
315.39 60.81 2.43 1 90.3 
315.63 58.75 2.34 1 90.3 
315.84 58.81 2.35 1 90.3 
316.12 57.36 2.29 1 90.3 
316.37 57.55 2.30 1 90.0 
316.66 57.71 2.31 1 90.0 
317.11 56.39 2.26 1 90.0 
317.33 55.89 2.26 1 89.2 
317.68 55.44 2.24 1 89.2 
318.03 55.87 2.25 1 89.2 
318.33 -1.00 -1.00 0 89.8 
318.75 -1.00 -1.00 0 89.8 
319.04 -1.00 -1.00 0 89.8 
319.39 -1.00 -1.00 0 88.8 
319.75 -1.00 -1.00 0 88.8 
320.22 -1.00 -1.00 0 88.8 
320.56 -1.00 -1.00 1 88.9 
321.02 -1.00 -1.00 2 88.9 
321.38 -1.00 -1.00 1 89.3 
321.71 -1.00 -1.00 1 89.3 
322.03 52.28 2.11 2 89.3 
322.43 25.86 1.04 2 89.3 
322.79 53.45 2.15 3 89.3 
323.12 26.69 1.08 3 89.3 
323.46 27.55 1.10 3 90.3 
323.77 27.34 1.09 3 90.3 
324.06 27.34 1.09 3 90.3 
324.46 26.46 1.09 3 87.6 
324.76 25.70 1.06 3 87.6 
325.14 50.96 2.09 3 87.6 
325.50 54.74 2.26 3 87.2 
325.83 71.72 2.96 3 87.2 
326.25 70.52 2.91 3 87.2 
326.56 70.80 3.01 3 84.7 
326.93 71.04 3.02 3 84.7 
327.26 71.26 3.03 2 84.7 
327.61 67.92 2.84 1 86.2 
327.94 65.67 2.74 2 86.2 
328.28 63.60 2.66 2 86.2 
328.64 59.91 2.54 2 85.1 
329.09 60.42 2.56 2 85.1 
329.33 60.03 2.56 2 84.3 
329.72 58.97 2.52 2 84.3 
330.11 56.55 2.41 2 84.3 
330.47 53.97 2.31 2 84.0 
330.81 56.49 2.42 2 84.0 
331.21 54.29 2.33 2 84.0 
331.50 52.77 2.25 2 84.5 
331.88 51.43 2.19 2 84.5 
332.25 50.26 2.14 2 84.5 
332.63 49.82 2.11 2 84.9 
332.93 51.81 2.20 2 84.9 
333.34 71.96 3.05 2 84.9 
333.59 74.81 3.14 2 85.7 
333.91 44.74 1.88 2 85.7 
334.23 46.72 1.96 2 85.7 
334.53 70.02 2.98 2 84.6 
334.79 53.93 2.29 2 84.6 
335.20 66.88 2.85 1 84.6 
335.52 62.64 2.59 2 87.0 
335.82 67.33 2.79 2 87.0 
336.17 63.06 2.61 2 87.0 
336.53 70.34 2.88 2 87.8 
336.85 66.17 2.71 2 87.8 
337.22 -1.00 -1.00 2 87.8 
337.44 66.88 2.74 2 87.8 
337.82 64.45 2.64 2 87.8 
338.12 61.70 2.53 2 87.8 
338.35 60.34 2.49 2 87.1 
338.71 -1.00 -1.00 2 87.1 
339.10 -1.00 -1.00 2 87.1 
339.36 -1.00 -1.00 2 86.8 
339.67 52.28 2.17 2 86.8 
340.05 52.15 2.16 2 86.8 
340.35 51.97 2.16 2 86.5 
340.65 51.47 2.14 2 86.5 
340.85 50.70 2.11 2 86.5 
341.21 50.44 2.10 2 86.5 
341.50 49.22 2.08 2 85.2 
341.80 47.49 2.01 2 85.2 
342.29 47.06 1.99 2 85.2 
342.58 47.67 2.01 2 85.3 
343.05 48.24 2.04 2 85.3 
343.40 49.40 2.09 2 85.1 
343.72 43.22 1.83 2 85.1 
344.15 45.32 1.92 2 85.1 
344.51 44.23 1.87 2 85.2 
344.75 42.87 1.81 2 85.2 
345.06 41.66 1.76 1 85.2 
345.34 46.33 1.95 1 85.5 
345.71 48.84 2.06 1 85.5 
346.14 50.97 2.15 1 85.5 
346.42 50.16 2.13 2 84.8 
346.71 49.90 2.12 3 84.8 
347.11 46.47 1.97 3 84.8 
347.46 42.98 1.84 3 83.9 
347.90 39.67 1.70 3 83.9 
348.35 36.73 1.58 3 83.9 
348.72 33.74 1.47 3 82.7 
349.09 31.41 1.37 3 82.7 
349.44 28.82 1.30 3 80.0 
349.83 26.50 1.19 3 80.0 
350.17 24.42 1.10 3 80.0 
350.59 22.82 1.05 3 78.3 
350.91 21.22 0.98 3 78.3 
351.29 19.97 0.92 3 78.3 
351.71 19.38 0.92 2 76.0 
352.04 17.92 0.85 2 76.0 
352.44 16.53 0.81 2 73.5 
352.73 15.42 0.76 2 73.5 
353.11 14.60 0.72 2 73.5 
353.42 14.13 0.70 2 73.1 
353.79 13.95 0.69 2 73.1 
354.22 13.45 0.66 2 73.1 
354.63 12.84 0.62 2 74.1 
355.02 12.84 0.62 2 74.1 
355.41 12.78 0.61 2 75.1 
355.74 14.88 0.71 2 75.1 
356.11 16.02 0.77 2 75.1 
356.54 15.18 0.74 3 73.9 
356.84 14.38 0.70 3 73.9 
357.24 14.46 0.70 3 73.9 
357.59 13.92 0.71 3 70.8 
357.93 13.92 0.71 4 70.8 
358.39 13.20 0.67 4 70.8 
358.76 13.37 0.71 4 67.6 
359.15 13.55 0.72 4 67.6 
359.49 14.00 0.75 4 67.0 
359.88 14.22 0.76 4 67.0 
360.31 14.23 0.76 4 67.0 
360.64 14.70 0.76 4 69.4 
361.05 14.63 0.76 4 69.4 
361.35 15.54 0.79 4 70.5 
361.83 16.00 0.82 4 70.5 
362.35 -1.00 -1.00 2 70.5 
362.69 -1.00 -1.00 2 71.7 
363.12 17.97 0.90 3 71.7 
363.58 18.23 0.91 2 72.0 
363.86 18.62 0.93 2 72.0 
364.25 19.25 0.96 2 72.0 
364.58 19.16 0.95 2 72.6 
364.85 19.17 0.95 3 72.6 
365.27 19.57 0.97 3 72.6 
365.55 19.62 0.96 3 73.8 
365.92 20.11 0.98 3 73.8 
366.33 20.21 0.99 3 73.8 
366.62 20.39 0.99 3 74.2 
366.90 20.74 1.01 3 74.2 
367.22 21.07 1.02 3 74.2 
367.57 21.87 1.05 3 75.2 
367.87 22.14 1.06 3 75.2 
368.28 21.99 1.05 3 75.2 
368.59 22.37 1.06 3 75.7 
369.07 26.03 1.24 3 75.7 
369.49 28.71 1.36 3 76.2 
369.91 28.27 1.34 3 76.2 
370.45 27.84 1.32 3 76.2 
370.90 27.41 1.27 3 77.5 
371.37 27.47 1.28 2 77.5 
371.62 26.85 1.24 1 77.9 
371.97 27.08 1.25 1 77.9 
372.46 26.56 1.23 1 77.9 
372.88 25.65 1.17 1 78.9 
373.29 25.55 1.17 1 78.9 
373.63 25.28 1.15 1 79.3 
373.95 25.09 1.14 1 79.3 
374.28 24.93 1.13 1 79.3 
374.63 24.42 1.11 1 79.6 
374.96 23.94 1.08 1 79.6 
375.34 23.42 1.06 1 79.6 
375.65 22.07 1.00 1 79.5 
375.95 21.74 0.98 2 79.5 
376.39 21.00 0.95 2 79.5 
376.77 20.49 0.92 2 80.1 
377.17 19.84 0.89 2 80.1 
377.51 19.49 0.87 2 80.8 
377.79 19.18 0.85 2 80.8 
378.19 19.25 0.86 3 80.8 
378.50 18.97 0.85 3 80.7 
378.83 18.41 0.82 4 80.7 
379.14 -1.00 -1.00 3 80.7 
379.57 17.54 0.78 4 81.2 
379.94 17.15 0.76 4 81.2 
380.28 16.54 0.73 3 81.2 
380.52 -1.00 -1.00 3 81.3 
380.85 -1.00 -1.00 3 81.3 
381.20 -1.00 -1.00 3 81.3 
381.53 -1.00 -1.00 3 81.8 
381.92 34.56 1.52 2 81.8 
382.28 33.69 1.48 2 81.8 
382.68 34.47 1.52 2 81.8 
383.16 36.57 1.61 2 81.8 
383.64 37.49 1.63 3 82.8 
384.02 37.60 1.63 4 82.8 
384.48 38.50 1.65 5 83.9 
385.17 38.86 1.67 4 83.9 
385.59 39.20 1.67 4 84.4 
386.05 39.49 1.68 4 84.4 
386.51 39.35 1.66 4 85.3 
386.80 73.31 3.09 3 85.3 
387.23 77.44 3.27 3 85.3 
387.54 81.09 3.42 3 85.4 
387.95 84.35 3.55 3 85.4 
388.36 33.50 1.41 3 85.4 
388.82 36.99 1.53 3 87.2 
389.30 39.86 1.64 3 87.2 
389.67 43.13 1.78 3 87.2 
390.15 46.96 1.94 3 87.2 
390.52 49.22 2.04 3 87.0 
390.83 51.22 2.12 3 87.0 
391.20 100.86 4.17 2 87.0 
391.49 104.21 4.30 2 87.2 
391.85 116.51 4.81 2 87.2 
392.15 121.64 5.02 2 87.2 
392.42 120.88 4.97 2 87.5 
392.70 131.90 5.43 2 87.5 
393.04 135.53 5.58 2 87.5 
393.31 135.66 5.55 2 88.0 
393.71 138.83 5.68 2 88.0 
394.19 141.71 5.80 2 88.0 
394.56 144.24 5.86 2 88.6 
394.96 146.49 5.95 3 88.6 
395.36 148.56 6.04 3 88.6 
395.70 150.37 5.97 3 90.6 
396.16 158.17 6.28 3 90.6 
396.48 159.07 6.27 3 91.4 
396.74 164.98 6.50 3 91.4 
397.22 165.23 6.51 3 91.4 
397.58 165.31 6.51 3 91.4 
398.26 170.39 6.71 3 91.4 
398.64 166.75 6.52 3 92.1 
399.03 26.98 1.05 4 92.1 
399.47 29.29 1.14 3 92.7 
399.71 30.75 1.19 3 92.7 
400.08 32.41 1.26 3 92.7 
400.36 33.81 1.30 3 93.7 
400.70 35.49 1.36 3 93.7 
401.03 37.44 1.44 3 93.7 
401.35 39.73 1.56 3 91.8 
401.71 42.41 1.66 3 91.8 
402.06 43.97 1.73 3 91.8 
402.44 138.80 5.41 2 92.3 
402.75 136.43 5.32 2 92.3 
403.20 134.21 5.23 4 92.3 
403.60 132.18 5.23 4 91.0 
403.95 -1.00 -1.00 3 91.0 
404.30 -1.00 -1.00 3 91.0 
404.71 82.16 3.24 4 91.3 
405.13 82.14 3.24 3 91.3 
405.44 82.58 3.32 3 89.4 
405.74 87.20 3.51 3 89.4 
406.09 86.02 3.46 3 89.4 
406.39 92.60 3.62 2 92.1 
406.68 94.01 3.67 2 92.1 
407.12 100.55 3.93 2 92.1 
407.53 -1.00 -1.00 2 92.3 
408.34 -1.00 -1.00 3 92.3 
408.72 38.87 1.51 3 92.4 
409.20 -1.00 -1.00 2 92.4 
409.60 13.58 0.53 2 92.6 
409.94 14.99 0.58 1 92.6 
410.28 16.99 0.66 1 92.6 
410.69 18.74 0.74 1 91.6 
411.05 21.19 0.83 1 91.6 
411.44 24.21 0.96 1 91.0 
411.82 27.53 1.09 1 91.0 
412.22 30.20 1.19 1 91.0 
412.60 -1.00 -1.00 1 89.1 
412.90 -1.00 -1.00 1 89.1 
413.32 -1.00 -1.00 1 89.1 
413.59 -1.00 -1.00 1 88.0 
413.92 -1.00 -1.00 2 88.0 
414.28 -1.00 -1.00 2 88.0 
414.60 -1.00 -1.00 2 87.7 
414.89 -1.00 -1.00 2 87.7 
415.21 -1.00 -1.00 2 87.7 
415.44 -1.00 -1.00 2 87.0 
415.74 -1.00 -1.00 2 87.0 
416.11 -1.00 -1.00 2 87.0 
416.40 -1.00 -1.00 2 85.9 
416.66 -1.00 -1.00 2 85.9 
417.09 -1.00 -1.00 2 85.9 
417.36 -1.00 -1.00 2 84.9 
417.64 -1.00 -1.00 1 84.9 
418.01 -1.00 -1.00 1 84.9 
418.34 -1.00 -1.00 1 84.5 
418.70 -1.00 -1.00 0 84.5 
419.03 -1.00 -1.00 0 84.5 
419.39 -1.00 -1.00 0 83.4 
419.81 -1.00 -1.00 0 83.4 
420.18 -1.00 -1.00 0 83.4 
420.43 -1.00 -1.00 0 83.1 
420.65 -1.00 -1.00 0 83.1 
420.91 -1.00 -1.00 0 83.1 
421.25 -1.00 -1.00 0 83.1 
421.63 -1.00 -1.00 0 82.8 
422.02 -1.00 -1.00 0 82.8 
422.35 -1.00 -1.00 0 83.7 
422.69 -1.00 -1.00 1 83.7 
423.18 -1.00 -1.00 1 83.7 
423.57 -1.00 -1.00 1 83.1 
423.85 -1.00 -1.00 1 83.1 
424.25 -1.00 -1.00 2 83.1 
424.62 -1.00 -1.00 2 81.4 
424.95 -1.00 -1.00 2 81.4 
425.33 -1.00 -1.00 2 81.4 
425.71 45.05 2.09 1 77.7 
425.99 -1.00 -1.00 0 77.7 
426.22 -1.00 -1.00 1 74.3 
426.60 -1.00 -1.00 1 74.3 
426.89 -1.00 -1.00 1 74.3 
427.26 -1.00 -1.00 1 74.3 
427.56 -1.00 -1.00 1 73.0 
428.20 17.57 0.87 1 73.0 
428.51 18.45 0.91 1 72.6 
428.84 19.88 0.99 2 72.6 
429.21 22.31 1.11 1 72.6 
429.53 23.46 1.17 3 72.4 
429.92 23.60 1.17 3 72.4 
430.24 23.78 1.18 3 72.4 
430.59 25.83 1.26 3 73.7 
430.95 28.19 1.38 2 73.7 
431.24 18.14 0.89 2 73.7 
431.49 19.82 1.00 3 71.6 
431.82 22.71 1.14 3 71.6 
432.22 -1.00 -1.00 3 71.6 
432.52 -1.00 -1.00 2 69.9 
432.89 -1.00 -1.00 2 69.9 
433.16 -1.00 -1.00 1 69.9 
433.52 -1.00 -1.00 1 71.5 
433.79 -1.00 -1.00 1 71.5 
434.18 -1.00 -1.00 1 71.5 
434.42 -1.00 -1.00 2 72.7 
434.70 -1.00 -1.00 2 72.7 
434.94 -1.00 -1.00 2 72.7 
435.32 38.82 1.92 2 72.7 
435.65 40.49 1.98 2 73.4 
435.86 -1.00 -1.00 2 73.4 
436.12 -1.00 -1.00 2 73.4 
436.42 42.67 2.08 2 73.8 
436.72 44.48 2.17 2 73.8 
437.07 46.02 2.24 2 73.8 
437.42 -1.00 -1.00 3 75.9 
437.67 -1.00 -1.00 3 75.9 
438.19 47.63 2.26 3 75.9 
438.52 47.98 2.25 2 76.6 
438.87 48.25 2.27 2 76.6 
439.18 -1.00 -1.00 2 76.6 
439.54 -1.00 -1.00 2 77.4 
439.92 -1.00 -1.00 2 77.4 
440.25 -1.00 -1.00 2 77.4 
440.46 46.67 2.13 2 78.8 
440.85 -1.00 -1.00 2 78.8 
441.24 46.15 2.11 2 78.8 
441.53 45.90 2.08 2 79.3 
441.83 47.06 2.14 2 79.3 
442.21 -1.00 -1.00 1 79.3 
442.55 -1.00 -1.00 0 79.9 
442.85 -1.00 -1.00 0 79.9 
443.23 -1.00 -1.00 0 79.9 
443.49 -1.00 -1.00 0 80.2 
443.78 -1.00 -1.00 0 80.2 
444.10 -1.00 -1.00 0 80.2 
444.40 -1.00 -1.00 0 81.0 
444.70 -1.00 -1.00 0 81.0 
444.94 -1.00 -1.00 0 81.0 
445.15 -1.00 -1.00 0 81.0 
445.38 -1.00 -1.00 0 79.6 
445.58 -1.00 -1.00 0 79.6 
445.83 -1.00 -1.00 0 79.6 
446.11 -1.00 -1.00 0 79.6 
446.31 -1.00 -1.00 0 80.4 
446.49 -1.00 -1.00 0 80.4 
446.65 -1.00 -1.00 0 80.4 
446.86 -1.00 -1.00 0 80.4 
447.17 -1.00 -1.00 0 80.4 
447.38 -1.00 -1.00 0 81.9 
447.64 -1.00 -1.00 0 81.9 
448.19 -1.00 -1.00 0 81.9 
448.34 -1.00 -1.00 0 82.4 
448.60 -1.00 -1.00 0 82.4 
448.77 -1.00 -1.00 0 82.4 
449.05 -1.00 -1.00 0 82.4 
449.26 -1.00 -1.00 0 82.6 
449.48 -1.00 -1.00 0 82.6 
449.68 -1.00 -1.00 0 82.6 
449.94 -1.00 -1.00 0 82.6 
450.16 -1.00 -1.00 0 82.6 
450.41 -1.00 -1.00 0 84.9 
450.59 -1.00 -1.00 0 84.9 
450.79 -1.00 -1.00 0 84.9 
451.07 -1.00 -1.00 0 84.9 
451.26 -1.00 -1.00 0 84.8 
451.49 -1.00 -1.00 0 84.8 
451.72 -1.00 -1.00 0 84.8 
451.93 -1.00 -1.00 0 84.8 
452.19 -1.00 -1.00 0 84.8 
452.38 -1.00 -1.00 0 87.7 
452.62 -1.00 -1.00 0 87.7 
452.90 -1.00 -1.00 0 87.7 
453.18 -1.00 -1.00 0 87.7 
453.44 -1.00 -1.00 0 88.0 
453.64 -1.00 -1.00 0 88.0 
453.89 -1.00 -1.00 0 88.0 
454.25 -1.00 -1.00 0 88.0 
454.44 -1.00 -1.00 0 85.4 
454.74 -1.00 -1.00 0 85.4 
454.99 -1.00 -1.00 0 85.4 
455.27 -1.00 -1.00 0 85.4 
455.48 -1.00 -1.00 0 82.4 
455.75 -1.00 -1.00 0 82.4 
455.97 -1.00 -1.00 0 82.4 
456.17 -1.00 -1.00 0 82.4 
456.40 -1.00 -1.00 0 81.0 
456.72 -1.00 -1.00 0 81.0 
457.06 -1.00 -1.00 0 81.0 
457.31 -1.00 -1.00 0 80.5 
457.58 -1.00 -1.00 0 80.5 
458.08 -1.00 -1.00 0 80.5 
458.31 -1.00 -1.00 0 81.5 
458.61 -1.00 -1.00 0 81.5 
458.95 -1.00 -1.00 0 81.5 
459.28 -1.00 -1.00 0 81.5 
459.57 -1.00 -1.00 0 77.5 
459.80 -1.00 -1.00 0 77.5 
460.08 -1.00 -1.00 0 77.5 
460.41 -1.00 -1.00 0 77.3 
460.67 -1.00 -1.00 0 77.3 
460.92 -1.00 -1.00 0 77.3 
461.23 -1.00 -1.00 0 77.3 
461.67 -1.00 -1.00 0 75.9 
461.92 -1.00 -1.00 0 75.9 
462.27 -1.00 -1.00 0 75.9 
462.55 -1.00 -1.00 0 75.9 
462.78 -1.00 -1.00 0 75.9 
463.01 -1.00 -1.00 0 75.9 
463.28 -1.00 -1.00 0 76.4 
463.53 -1.00 -1.00 0 76.4 
463.73 -1.00 -1.00 0 76.4 
463.97 -1.00 -1.00 0 76.4 
464.30 -1.00 -1.00 0 76.4 
464.59 -1.00 -1.00 0 76.9 
464.83 -1.00 -1.00 0 76.9 
465.14 -1.00 -1.00 0 76.9 
465.42 -1.00 -1.00 0 76.9 
465.66 -1.00 -1.00 0 76.9 
465.91 -1.00 -1.00 0 76.9 
466.15 -1.00 -1.00 0 76.9 
466.41 -1.00 -1.00 0 77.3 
466.69 -1.00 -1.00 0 77.3 
466.91 -1.00 -1.00 0 77.3 
467.21 -1.00 -1.00 0 77.3 
467.48 -1.00 -1.00 0 78.4 
467.72 -1.00 -1.00 0 78.4 
467.96 -1.00 -1.00 0 78.4 
468.17 -1.00 -1.00 0 78.4 
468.40 -1.00 -1.00 0 80.3 
468.61 -1.00 -1.00 0 80.3 
468.80 -1.00 -1.00 0 80.3 
468.96 -1.00 -1.00 0 80.3 
469.28 -1.00 -1.00 0 80.3 
469.55 -1.00 -1.00 0 77.7 
469.81 -1.00 -1.00 0 77.7 
470.17 -1.00 -1.00 0 77.7 
470.37 -1.00 -1.00 0 76.7 
470.55 -1.00 -1.00 0 76.7 
470.76 -1.00 -1.00 0 76.7 
471.00 -1.00 -1.00 0 76.7 
471.31 -1.00 -1.00 0 76.7 
471.54 -1.00 -1.00 0 72.5 
471.74 -1.00 -1.00 0 72.5 
471.97 -1.00 -1.00 0 72.5 
472.34 -1.00 -1.00 0 72.5 
472.62 -1.00 -1.00 0 72.1 
472.92 -1.00 -1.00 0 72.1 
473.15 -1.00 -1.00 0 72.1 
473.48 -1.00 -1.00 0 71.4 
473.75 -1.00 -1.00 0 71.4 
474.01 -1.00 -1.00 0 71.4 
474.30 -1.00 -1.00 0 69.9 
474.51 -1.00 -1.00 0 69.9 
474.79 -1.00 -1.00 0 69.9 
475.05 -1.00 -1.00 0 69.9 
475.24 -1.00 -1.00 0 69.3 
475.39 -1.00 -1.00 0 69.3 
475.59 -1.00 -1.00 0 69.3 
475.80 -1.00 -1.00 0 69.3 
475.99 -1.00 -1.00 0 69.3 
476.29 -1.00 -1.00 0 69.3 
476.49 -1.00 -1.00 0 67.2 
476.67 -1.00 -1.00 0 67.2 
476.88 -1.00 -1.00 0 67.2 
477.15 -1.00 -1.00 0 67.2 
477.44 -1.00 -1.00 0 66.4 
478.20 -1.00 -1.00 0 66.4 
478.56 -1.00 -1.00 0 65.9 
478.87 -1.00 -1.00 0 65.9 
479.14 -1.00 -1.00 0 65.9 
479.49 -1.00 -1.00 0 66.5 
479.72 -1.00 -1.00 0 66.5 
480.16 -1.00 -1.00 0 66.5 
480.52 -1.00 -1.00 0 67.5 
480.79 -1.00 -1.00 0 67.5 
481.06 -1.00 -1.00 0 67.5 
481.37 -1.00 -1.00 0 68.1 
481.66 -1.00 -1.00 0 68.1 
481.95 -1.00 -1.00 0 68.1 
482.33 -1.00 -1.00 0 68.1 
482.58 -1.00 -1.00 0 68.9 
482.91 -1.00 -1.00 0 68.9 
483.27 -1.00 -1.00 0 68.9 
483.58 -1.00 -1.00 0 69.1 
483.85 -1.00 -1.00 0 69.1 
484.25 -1.00 -1.00 0 69.1 
484.55 -1.00 -1.00 0 68.0 
484.81 -1.00 -1.00 0 68.0 
485.17 -1.00 -1.00 0 68.0 
485.46 -1.00 -1.00 0 66.3 
485.76 -1.00 -1.00 0 66.3 
486.26 -1.00 -1.00 0 66.3 
486.51 -1.00 -1.00 0 61.1 
486.85 -1.00 -1.00 0 61.1 
487.16 -1.00 -1.00 0 61.1 
487.50 -1.00 -1.00 0 60.6 
488.21 -1.00 -1.00 0 60.6 
488.48 -1.00 -1.00 0 62.1 
488.78 -1.00 -1.00 0 62.1 
489.12 -1.00 -1.00 0 62.1 
489.49 -1.00 -1.00 0 62.9 
489.86 -1.00 -1.00 0 62.9 
490.20 -1.00 -1.00 0 62.9 
490.50 -1.00 -1.00 0 64.2 
490.78 -1.00 -1.00 0 64.2 
491.09 -1.00 -1.00 0 64.2 
491.43 -1.00 -1.00 0 63.5 
491.75 -1.00 -1.00 0 63.5 
492.13 -1.00 -1.00 0 63.5 
492.44 -1.00 -1.00 0 63.6 
492.77 -1.00 -1.00 0 63.6 
493.07 -1.00 -1.00 0 63.6 
493.36 -1.00 -1.00 0 64.5 
493.70 -1.00 -1.00 0 64.5 
493.90 -1.00 -1.00 0 64.5 
494.22 -1.00 -1.00 0 64.5 
494.56 -1.00 -1.00 0 65.5 
494.86 -1.00 -1.00 0 65.5 
495.16 -1.00 -1.00 0 65.5 
495.57 -1.00 -1.00 0 64.3 
495.86 -1.00 -1.00 0 64.3 
496.27 -1.00 -1.00 0 64.3 
496.61 -1.00 -1.00 0 64.4 
496.96 -1.00 -1.00 0 64.4 
497.35 -1.00 -1.00 0 64.4 
497.64 -1.00 -1.00 0 63.6 
497.94 -1.00 -1.00 0 63.6 
498.29 -1.00 -1.00 0 63.6 
498.62 -1.00 -1.00 0 64.9 
498.94 -1.00 -1.00 0 64.9 
499.31 -1.00 -1.00 0 64.9 
499.58 -1.00 -1.00 0 64.6 
499.83 -1.00 -1.00 0 64.6 
500.13 -1.00 -1.00 0 64.6 
500.43 -1.00 -1.00 0 63.1 
500.68 -1.00 -1.00 0 63.1 
500.90 -1.00 -1.00 0 63.1 
501.29 -1.00 -1.00 0 63.1 
501.52 -1.00 -1.00 0 63.3 
501.81 -1.00 -1.00 0 63.3 
502.05 -1.00 -1.00 0 63.3 
502.27 -1.00 -1.00 0 63.9 
502.60 -1.00 -1.00 0 63.9 
502.81 -1.00 -1.00 0 63.9 
503.02 -1.00 -1.00 0 63.9 
503.27 -1.00 -1.00 0 61.4 
503.58 -1.00 -1.00 0 61.4 
503.86 -1.00 -1.00 0 61.4 
504.19 -1.00 -1.00 0 61.4 
504.40 -1.00 -1.00 0 62.3 
504.67 -1.00 -1.00 0 62.3 
504.93 -1.00 -1.00 0 62.3 
505.26 -1.00 -1.00 0 62.3 
505.54 -1.00 -1.00 0 62.5 
505.76 -1.00 -1.00 0 62.5 
506.12 -1.00 -1.00 0 62.5 
506.44 -1.00 -1.00 0 62.4 
506.72 -1.00 -1.00 0 62.4 
507.05 -1.00 -1.00 0 62.4 
507.30 -1.00 -1.00 0 62.9 
507.57 -1.00 -1.00 0 62.9 
507.84 -1.00 -1.00 0 62.9 
508.11 -1.00 -1.00 0 62.9 
508.40 -1.00 -1.00 0 62.9 
508.77 -1.00 -1.00 1 62.5 
509.06 -1.00 -1.00 1 62.5 
509.37 28.50 1.64 2 62.4 
509.63 28.82 1.66 2 62.4 
510.08 -1.00 -1.00 1 62.4 
510.36 -1.00 -1.00 1 61.7 
510.65 -1.00 -1.00 1 61.7 
510.89 35.57 2.08 1 61.7 
511.21 35.54 2.07 1 61.7 
511.50 36.66 2.10 1 62.7 
511.74 37.20 2.13 1 62.7 
511.97 -1.00 -1.00 1 62.7 
512.29 50.57 2.90 1 62.7 
512.57 -1.00 -1.00 0 64.8 
512.85 -1.00 -1.00 0 64.8 
513.14 -1.00 -1.00 0 64.8 
513.38 -1.00 -1.00 0 63.8 
513.64 -1.00 -1.00 0 63.8 
513.92 -1.00 -1.00 0 63.8 
514.24 -1.00 -1.00 0 63.8 
514.59 -1.00 -1.00 0 62.0 
514.85 -1.00 -1.00 0 62.0 
515.13 -1.00 -1.00 0 62.0 
515.41 -1.00 -1.00 0 59.9 
515.80 -1.00 -1.00 0 59.9 
516.08 -1.00 -1.00 0 59.9 
516.31 -1.00 -1.00 0 59.3 
516.56 -1.00 -1.00 0 59.3 
516.80 -1.00 -1.00 0 59.3 
517.08 -1.00 -1.00 0 59.3 
517.32 -1.00 -1.00 0 58.3 
517.53 -1.00 -1.00 0 58.3 
517.77 -1.00 -1.00 0 58.3 
518.26 -1.00 -1.00 0 58.2 
518.51 -1.00 -1.00 0 58.2 
518.80 -1.00 -1.00 0 58.2 
519.04 -1.00 -1.00 0 58.2 
519.32 -1.00 -1.00 0 58.2 
519.67 -1.00 -1.00 0 58.2 
520.06 -1.00 -1.00 0 58.2 
520.32 -1.00 -1.00 0 54.3 
520.62 -1.00 -1.00 0 54.3 
520.95 -1.00 -1.00 0 54.3 
521.27 -1.00 -1.00 0 54.3 
521.65 -1.00 -1.00 0 53.1 
521.91 -1.00 -1.00 0 53.1 
522.27 -1.00 -1.00 0 53.1 
522.59 -1.00 -1.00 0 50.9 
522.97 -1.00 -1.00 0 50.9 
523.25 -1.00 -1.00 0 50.9 
523.48 -1.00 -1.00 0 52.5 
523.84 -1.00 -1.00 0 52.5 
524.20 -1.00 -1.00 0 52.5 
524.45 -1.00 -1.00 0 51.8 
524.78 -1.00 -1.00 0 51.8 
525.07 -1.00 -1.00 0 51.8 
526.31 -1.00 -1.00 0 50.0 
526.55 -1.00 -1.00 0 50.0 
526.86 -1.00 -1.00 0 50.0 
527.14 -1.00 -1.00 0 50.0 
539.23 -1.00 -1.00 0 50.4 
539.50 -1.00 -1.00 1 50.4 
539.75 -1.00 -1.00 1 50.4 
539.94 28.83 2.06 1 50.4 
540.23 29.10 2.08 1 50.4 
540.49 28.98 1.99 1 52.3 
540.73 30.15 2.07 1 52.3 
540.96 30.87 2.12 1 52.3 
541.19 32.25 2.22 1 52.3 
541.45 33.88 2.13 1 57.2 
541.66 35.81 2.26 1 57.2 
541.88 36.93 2.33 1 57.2 
542.12 37.48 2.36 1 57.2 
542.40 41.16 2.54 1 58.4 
542.62 42.04 2.59 1 58.4 
542.83 43.39 2.68 1 58.4 
543.13 44.55 2.75 1 58.4 
543.38 45.01 2.73 1 59.3 
543.62 45.99 2.79 1 59.3 
544.07 45.75 2.78 1 59.3 
544.38 46.62 2.82 1 59.6 
544.73 46.82 2.83 1 59.6 
545.14 44.78 2.70 1 59.6 
545.42 43.13 2.58 1 60.2 
545.75 41.65 2.49 1 60.2 
546.05 39.54 2.36 1 60.2 
546.26 37.88 2.22 1 61.5 
546.49 36.70 2.15 1 61.5 
546.82 35.13 2.06 1 61.5 
547.09 34.03 1.99 1 61.5 
547.40 33.12 1.97 1 60.5 
547.66 32.35 1.92 1 60.5 
547.93 32.02 1.90 1 60.5 
548.23 31.18 1.85 1 60.5 
548.42 31.05 1.85 1 60.5 
548.76 30.95 1.84 1 60.5 
548.99 31.22 1.86 1 60.5 
549.33 30.82 1.79 1 62.0 
549.54 31.48 1.83 1 62.0 
549.84 31.33 1.82 1 62.0 
550.14 31.92 1.85 1 62.0 
550.40 31.70 1.80 1 63.3 
550.69 31.51 1.79 1 63.3 
550.96 32.09 1.83 1 63.3 
551.19 33.48 1.90 1 63.3 
551.46 35.18 1.98 1 63.9 
551.63 35.59 2.01 1 63.9 
551.89 35.17 1.98 1 63.9 
552.19 36.06 2.03 1 63.9 
552.50 35.93 2.04 1 63.3 
552.74 35.81 2.04 1 63.3 
553.00 36.14 2.06 1 63.3 
553.32 38.06 2.08 1 66.0 
553.57 38.48 2.10 1 66.0 
553.85 38.84 2.12 1 66.0 
554.27 38.69 2.11 1 66.0 
554.54 38.56 2.06 1 67.3 
554.78 38.92 2.08 1 67.3 
555.18 39.76 2.13 1 67.3 
555.50 39.48 2.09 1 68.1 
555.79 39.69 2.10 1 68.1 
556.13 39.88 2.11 1 68.1 
556.44 41.17 2.21 1 67.0 
556.67 41.15 2.21 1 67.0 
557.10 40.67 2.19 1 67.0 
557.38 40.27 2.17 1 67.0 
557.99 42.75 2.30 1 67.0 
558.28 42.99 2.20 1 70.4 
558.55 43.18 2.21 1 70.4 
558.86 43.37 2.22 1 70.4 
559.16 44.11 2.26 1 70.4 
559.42 44.17 2.26 1 70.5 
559.69 43.69 2.23 1 70.5 
559.95 44.39 2.27 1 70.5 
560.21 44.37 2.27 1 70.5 
560.48 44.40 2.22 1 72.0 
560.78 44.37 2.22 1 72.0 
561.08 44.89 2.24 1 72.0 
561.36 44.28 2.17 1 73.5 
561.73 45.55 2.23 1 73.5 
561.96 46.61 2.28 1 73.5 
562.28 46.84 2.29 1 73.5 
562.59 48.52 2.35 1 74.2 
562.92 53.69 2.61 2 74.2 
563.24 53.07 2.58 3 74.2 
563.51 53.87 2.64 3 73.5 
563.73 52.21 2.56 3 73.5 
564.16 52.34 2.56 3 73.5 
564.57 54.15 2.68 3 72.6 
564.80 52.83 2.62 4 72.6 
565.20 52.18 2.59 4 72.6 
565.53 52.25 2.60 4 72.5 
565.89 51.68 2.57 4 72.5 
566.21 20.72 1.03 4 72.5 
566.46 21.19 1.06 4 71.7 
566.81 52.30 2.63 4 71.7 
567.06 53.12 2.67 4 71.7 
567.41 22.61 1.14 3 71.2 
568.05 23.59 1.19 3 71.2 
568.29 23.59 1.18 4 72.1 
568.66 23.77 1.19 3 72.1 
568.97 23.76 1.19 3 72.1 
569.31 23.93 1.19 2 72.1 
569.70 24.07 1.19 3 72.6 
570.14 24.19 1.20 3 72.6 
570.53 24.47 1.21 3 73.1 
570.83 25.18 1.24 2 73.1 
571.26 25.74 1.27 2 73.1 
571.56 27.91 1.36 2 74.0 
571.94 -1.00 -1.00 1 74.0 
572.30 -1.00 -1.00 1 74.0 
572.63 12.55 0.60 1 75.0 
572.95 13.26 0.64 1 75.0 
573.27 -1.00 -1.00 1 75.0 
573.62 14.56 0.69 3 76.5 
574.12 15.05 0.71 3 76.5 
574.51 15.92 0.75 3 76.5 
574.85 16.60 0.78 3 76.5 
575.22 17.14 0.81 3 76.5 
575.54 17.85 0.83 2 77.4 
575.84 18.94 0.88 2 77.4 
576.10 19.29 0.90 2 77.4 
576.37 19.58 0.89 2 79.3 
576.68 19.81 0.90 2 79.3 
576.93 34.00 1.54 2 79.3 
577.26 34.64 1.57 2 79.3 
577.52 35.20 1.58 2 80.4 
578.35 35.75 1.60 2 80.4 
578.68 36.63 1.61 2 81.8 
579.06 37.40 1.65 2 81.8 
579.38 38.04 1.65 2 82.8 
579.71 37.69 1.64 2 82.8 
580.15 37.80 1.64 2 82.8 
580.54 38.39 1.67 2 82.9 
580.91 39.46 1.71 2 82.9 
581.24 39.80 1.73 2 82.9 
581.62 40.62 1.74 2 84.0 
581.97 41.33 1.77 2 84.0 
582.29 41.94 1.80 2 84.0 
582.59 43.11 1.85 2 83.7 
582.93 44.10 1.90 2 83.7 
583.32 44.30 1.90 2 83.7 
583.55 43.88 1.94 2 81.4 
583.93 44.72 1.98 2 81.4 
584.21 46.22 2.04 2 81.4 
584.49 46.04 2.01 2 82.5 
584.78 46.52 2.03 2 82.5 
585.05 46.90 2.05 2 82.5 
585.35 46.55 2.04 2 82.3 
585.63 46.90 2.05 2 82.3 
585.96 47.19 2.06 2 82.3 
586.25 47.45 2.08 2 82.3 
586.58 46.96 2.07 3 81.8 
586.92 48.95 2.15 3 81.8 
587.21 48.93 2.15 3 81.8 
587.47 49.65 2.20 3 81.1 
588.21 49.99 2.22 3 81.1 
588.66 49.74 2.19 3 81.9 
589.06 50.30 2.21 3 81.9 
589.42 51.67 2.25 3 82.8 
589.78 51.93 2.26 4 82.8 
590.21 55.53 2.41 4 82.8 
590.63 56.14 2.42 4 83.3 
591.11 56.64 2.45 4 83.3 
591.46 57.03 2.46 4 83.4 
591.78 32.30 1.39 4 83.4 
592.21 34.22 1.48 4 83.4 
592.56 36.45 1.56 4 83.9 
592.92 57.90 2.49 3 83.9 
593.29 58.01 2.49 3 83.9 
593.80 57.21 2.44 2 84.3 
594.13 58.46 2.50 2 84.3 
594.57 57.61 2.42 3 85.6 
595.07 56.02 2.35 3 85.6 
595.38 55.44 2.35 3 85.0 
595.62 -1.00 -1.00 2 85.0 
596.06 -1.00 -1.00 3 85.0 
596.41 -1.00 -1.00 3 86.8 
596.69 53.04 2.20 3 86.8 
597.11 52.05 2.16 3 86.8 
597.50 51.46 2.12 3 87.2 
597.80 50.93 2.10 3 87.2 
598.27 49.63 2.05 3 87.2 
598.58 48.40 1.98 3 88.0 
598.99 47.71 1.95 2 88.0 
599.36 46.32 1.90 2 88.0 
599.65 44.72 1.85 2 87.2 
600.06 43.04 1.78 2 87.2 
600.42 41.25 1.71 2 87.1 
600.69 38.96 1.61 2 87.1 
601.11 -1.00 -1.00 2 87.1 
601.48 -1.00 -1.00 2 87.6 
601.95 -1.00 -1.00 2 87.6 
602.46 -1.00 -1.00 2 87.6 
602.91 -1.00 -1.00 2 89.2 
603.26 -1.00 -1.00 2 89.2 
603.66 -1.00 -1.00 2 88.8 
603.96 46.92 1.90 3 88.8 
604.39 46.78 1.90 3 88.8 
604.78 46.57 1.87 3 89.7 
605.14 46.14 1.85 3 89.7 
605.48 45.92 1.85 3 89.1 
605.88 45.15 1.82 3 89.1 
606.32 -1.00 -1.00 3 89.1 
606.74 50.43 2.03 2 89.5 
606.99 -1.00 -1.00 2 89.5 
607.40 50.14 2.02 2 89.3 
608.12 49.78 2.01 2 89.3 
608.51 48.95 1.98 2 89.2 
608.86 49.62 2.00 2 89.2 
609.26 49.47 2.00 2 89.2 
609.67 49.34 2.01 2 88.5 
609.98 49.19 2.00 3 88.5 
610.30 49.05 1.99 3 88.5 
610.63 48.91 2.00 4 88.2 
611.08 55.87 2.28 3 88.2 
611.46 56.35 2.29 2 88.4 
611.79 56.31 2.29 2 88.4 
612.19 56.28 2.29 3 88.4 
612.50 55.74 2.32 3 86.5 
612.84 54.78 2.28 3 86.5 
613.18 54.34 2.26 2 86.5 
613.42 53.98 2.29 2 84.7 
613.73 53.13 2.26 2 84.7 
614.15 51.89 2.21 2 84.7 
614.54 51.23 2.17 2 85.0 
614.97 49.83 2.11 2 85.0 
615.25 48.97 2.07 2 85.0 
615.63 48.16 2.07 3 83.6 
615.97 47.01 2.02 3 83.6 
616.29 46.00 1.98 3 83.6 
616.59 45.53 1.97 3 83.2 
617.02 43.92 1.90 2 83.2 
617.34 41.21 1.80 2 82.6 
618.04 38.39 1.67 2 82.6 
618.41 37.37 1.65 2 81.5 
618.86 36.53 1.61 2 81.5 
619.22 35.53 1.57 2 81.5 
619.64 33.66 1.50 2 81.0 
619.96 32.02 1.42 3 81.0 
620.36 31.35 1.39 3 81.0 
620.70 29.66 1.30 3 81.9 
621.03 28.41 1.25 3 81.9 
621.43 27.37 1.23 3 80.2 
621.73 27.24 1.22 2 80.2 
622.12 27.42 1.23 2 80.2 
622.48 27.29 1.25 2 78.4 
622.88 27.20 1.25 2 78.4 
623.21 26.64 1.22 2 78.4 
623.48 25.76 1.18 2 78.6 
623.83 25.46 1.17 3 78.6 
624.31 25.22 1.16 3 78.6 
624.61 24.41 1.11 2 79.1 
624.89 25.93 1.18 3 79.1 
625.31 25.04 1.14 3 79.1 
625.64 25.42 1.15 3 79.3 
625.93 25.22 1.14 3 79.3 
626.35 25.57 1.16 3 79.3 
626.74 24.91 1.13 3 79.7 
627.26 24.03 1.09 3 79.7 
628.16 22.03 0.99 2 79.7 
628.61 21.32 0.97 2 79.5 
628.96 20.78 0.94 2 79.5 
629.35 20.70 0.94 2 79.5 
629.76 20.64 0.94 2 79.3 
630.19 20.12 0.91 3 79.3 
630.57 20.61 0.95 3 78.2 
631.07 20.97 0.97 3 78.2 
631.41 21.27 0.99 4 77.7 
631.84 21.32 0.99 4 77.7 
632.18 21.56 1.00 4 77.7 
632.50 21.76 1.01 4 77.3 
632.90 21.92 1.02 3 77.3 
633.41 22.05 1.03 3 77.3 
633.89 22.14 1.00 3 79.6 
634.35 22.44 1.01 2 79.6 
634.74 22.48 1.02 2 79.1 
635.18 22.33 1.02 2 79.1 
635.59 21.17 0.97 2 78.9 
636.06 20.21 0.92 3 78.9 
636.51 19.11 0.86 3 79.7 
636.86 17.31 0.78 3 79.7 
637.25 15.81 0.71 2 79.7 
638.21 14.25 0.65 2 78.6 
638.55 13.58 0.62 2 79.0 
638.85 13.08 0.60 2 79.0 
639.37 12.64 0.58 2 79.0 
639.82 12.45 0.56 1 80.2 
640.19 12.08 0.54 1 80.2 
640.67 11.84 0.52 2 82.1 
641.13 11.51 0.50 2 82.1 
641.51 11.05 0.48 2 82.2 
641.96 9.69 0.42 2 82.2 
642.42 -1.00 -1.00 2 82.2 
642.75 -1.00 -1.00 2 84.9 
643.26 -1.00 -1.00 2 84.9 
643.61 30.55 1.27 2 86.5 
644.02 33.14 1.38 2 86.5 
644.42 34.84 1.42 2 88.2 
644.78 37.52 1.53 2 88.2 
645.24 39.21 1.60 1 88.2 
645.66 42.10 1.71 1 88.4 
646.11 43.22 1.76 1 88.4 
646.41 43.66 1.76 1 89.5 
646.68 44.57 1.79 1 89.5 
647.09 45.36 1.82 1 89.5 
647.47 46.03 1.84 1 89.9 
648.23 47.07 1.89 1 89.9 
648.60 47.48 1.91 1 89.5 
648.90 47.81 1.92 1 89.5 
649.31 -1.00 -1.00 0 89.5 
649.67 -1.00 -1.00 0 90.3 
649.96 -1.00 -1.00 0 90.3 
650.26 -1.00 -1.00 0 90.3 
650.57 -1.00 -1.00 0 92.0 
650.88 -1.00 -1.00 0 92.0 
651.14 -1.00 -1.00 0 92.0 
651.39 -1.00 -1.00 1 92.5 
651.70 -1.00 -1.00 1 92.5 
651.98 -1.00 -1.00 1 92.5 
652.25 -1.00 -1.00 1 92.5 
652.46 -1.00 -1.00 1 92.1 
652.80 -1.00 -1.00 1 92.1 
652.99 -1.00 -1.00 1 92.1 
653.34 -1.00 -1.00 1 92.1 
653.67 -1.00 -1.00 1 92.1 
653.96 -1.00 -1.00 1 92.1 
654.25 -1.00 -1.00 1 92.1 
654.52 -1.00 -1.00 0 91.0 
654.86 -1.00 -1.00 0 91.0 
655.11 -1.00 -1.00 0 91.0 
655.41 -1.00 -1.00 1 89.7 
655.76 -1.00 -1.00 1 89.7 
656.10 -1.00 -1.00 1 89.7 
656.39 -1.00 -1.00 1 89.7 
656.75 -1.00 -1.00 1 89.7 
657.19 -1.00 -1.00 1 89.7 
657.47 -1.00 -1.00 1 90.0 
658.18 -1.00 -1.00 1 90.0 
658.58 -1.00 -1.00 1 82.6 
658.87 -1.00 -1.00 1 82.6 
659.21 -1.00 -1.00 1 82.6 
659.57 -1.00 -1.00 1 82.4 
659.95 -1.00 -1.00 2 82.4 
660.33 -1.00 -1.00 2 82.4 
660.72 -1.00 -1.00 1 81.8 
661.11 -1.00 -1.00 1 81.8 
661.44 -1.00 -1.00 1 81.4 
661.70 -1.00 -1.00 1 81.4 
662.08 -1.00 -1.00 1 81.4 
662.39 -1.00 -1.00 1 81.4 
662.65 -1.00 -1.00 0 81.4 
662.90 -1.00 -1.00 0 81.4 
663.26 -1.00 -1.00 0 81.4 
663.47 -1.00 -1.00 0 81.0 
663.74 -1.00 -1.00 0 81.0 
664.06 -1.00 -1.00 0 81.0 
664.38 -1.00 -1.00 0 81.9 
664.70 -1.00 -1.00 0 81.9 
664.92 -1.00 -1.00 0 81.9 
665.31 -1.00 -1.00 0 81.9 
665.58 -1.00 -1.00 0 82.4 
665.89 -1.00 -1.00 1 82.4 
666.23 -1.00 -1.00 1 82.4 
666.48 -1.00 -1.00 1 82.6 
666.78 -1.00 -1.00 1 82.6 
667.09 -1.00 -1.00 1 82.6 
667.36 -1.00 -1.00 1 82.7 
667.70 -1.00 -1.00 1 82.7 
668.04 -1.00 -1.00 1 82.7 
668.40 -1.00 -1.00 1 82.9 
668.62 -1.00 -1.00 1 82.9 
669.00 -1.00 -1.00 1 82.9 
669.32 -1.00 -1.00 1 82.9 
669.63 -1.00 -1.00 0 82.8 
669.93 -1.00 -1.00 0 82.8 
670.35 -1.00 -1.00 1 82.8 
670.67 -1.00 -1.00 0 82.2 
670.89 -1.00 -1.00 1 82.2 
671.28 -1.00 -1.00 1 82.2 
671.56 -1.00 -1.00 1 82.1 
671.90 -1.00 -1.00 1 82.1 
672.28 -1.00 -1.00 1 82.1 
672.68 -1.00 -1.00 1 81.4 
672.97 -1.00 -1.00 1 81.4 
673.34 50.81 2.25 3 81.4 
673.81 -1.00 -1.00 3 81.2 
674.14 -1.00 -1.00 3 81.2 
674.55 60.58 2.69 3 81.0 
674.83 62.77 2.79 3 81.0 
675.11 -1.00 -1.00 2 81.0 
675.46 -1.00 -1.00 2 80.6 
675.78 -1.00 -1.00 2 80.6 
676.12 -1.00 -1.00 2 80.6 
676.47 -1.00 -1.00 2 81.0 
676.74 -1.00 -1.00 1 81.0 
677.18 -1.00 -1.00 2 81.0 
677.55 -1.00 -1.00 1 81.3 
678.25 -1.00 -1.00 1 81.3 
678.64 18.11 0.80 1 81.9 
679.05 -1.00 -1.00 1 81.9 
679.34 18.02 0.78 1 83.3 
679.69 18.61 0.80 1 83.3 
680.00 19.61 0.85 2 83.3 
680.44 19.88 0.86 2 83.3 
680.76 21.26 0.91 2 84.2 
681.17 22.36 0.96 2 84.2 
681.47 23.76 1.01 2 84.9 
681.74 24.90 1.06 2 84.9 
682.12 26.45 1.12 2 84.9 
682.46 28.07 1.19 2 84.7 
682.89 29.42 1.25 2 84.7 
683.25 31.38 1.33 2 84.7 
683.56 33.49 1.44 2 84.0 
683.79 34.76 1.49 2 84.0 
684.12 35.83 1.54 2 84.0 
684.46 36.77 1.56 2 84.6 
684.81 38.60 1.64 2 84.6 
685.08 39.63 1.69 2 84.6 
685.51 40.49 1.72 2 84.7 
685.81 41.22 1.75 2 84.7 
686.14 42.40 1.80 2 84.7 
686.50 44.80 1.88 2 85.6 
686.91 46.10 1.94 2 85.6 
687.27 47.96 2.02 2 85.6 
687.64 48.82 2.03 2 86.5 
688.25 53.59 2.23 2 86.5 
688.59 53.19 2.20 2 86.9 
688.87 53.40 2.21 2 86.9 
689.22 53.56 2.22 2 86.9 
689.60 53.68 2.21 2 87.4 
689.95 53.78 2.21 2 87.4 
690.43 55.47 2.28 2 87.4 
690.77 56.07 2.30 2 87.9 
691.03 57.47 2.35 2 87.9 
691.37 58.66 2.40 2 88.0 
691.66 60.80 2.49 2 88.0 
691.93 60.75 2.49 2 88.0 
692.25 60.68 2.48 2 88.0 
692.53 60.59 2.48 2 88.0 
692.89 62.44 2.56 2 88.0 
693.34 62.98 2.58 2 88.0 
693.68 63.44 2.60 2 87.8 
694.05 66.23 2.72 2 87.8 
694.46 67.32 2.76 2 87.9 
694.83 67.29 2.76 2 87.9 
695.12 67.27 2.75 2 87.9 
695.41 66.40 2.73 2 87.6 
695.68 70.64 2.90 2 87.6 
696.04 71.27 2.93 2 87.6 
696.49 71.76 2.96 2 87.4 
696.90 72.20 2.97 2 87.4 
697.40 72.56 2.99 2 87.4 
698.12 51.46 2.13 2 86.9 
698.42 50.70 2.12 2 86.0 
698.73 52.61 2.20 2 86.0 
699.07 75.32 3.15 2 86.0 
699.47 54.07 2.29 2 85.0 
699.83 74.58 3.16 2 85.0 
700.38 75.88 3.21 2 85.0 
700.77 78.78 3.39 2 83.7 
701.19 79.59 3.42 1 83.7 
701.58 -1.00 -1.00 0 82.6 
702.02 -1.00 -1.00 0 82.6 
702.34 -1.00 -1.00 0 81.3 
702.69 -1.00 -1.00 0 81.3 
703.09 -1.00 -1.00 0 81.3 
703.56 -1.00 -1.00 0 80.2 
703.94 -1.00 -1.00 0 80.2 
704.36 -1.00 -1.00 0 80.2 
704.76 -1.00 -1.00 0 79.7 
705.12 -1.00 -1.00 0 79.7 
705.49 -1.00 -1.00 0 80.1 
705.94 -1.00 -1.00 0 80.1 
706.41 -1.00 -1.00 0 80.1 
706.75 -1.00 -1.00 1 80.9 
707.19 -1.00 -1.00 1 80.9 
707.53 -1.00 -1.00 1 81.1 
707.84 -1.00 -1.00 1 81.1 
708.26 -1.00 -1.00 1 81.1 
708.59 -1.00 -1.00 1 82.0 
708.91 -1.00 -1.00 1 82.0 
709.29 -1.00 -1.00 1 82.0 
709.66 -1.00 -1.00 1 82.9 
710.13 -1.00 -1.00 1 82.9 
710.51 -1.00 -1.00 1 83.7 
710.92 -1.00 -1.00 1 83.7 
711.40 -1.00 -1.00 1 83.7 
711.79 -1.00 -1.00 1 85.2 
712.25 -1.00 -1.00 1 85.2 
712.54 -1.00 -1.00 1 85.6 
713.02 -1.00 -1.00 1 85.6 
713.37 -1.00 -1.00 1 87.3 
713.87 -1.00 -1.00 1 87.3 
714.24 -1.00 -1.00 1 87.3 
714.63 -1.00 -1.00 1 87.3 
714.93 -1.00 -1.00 1 87.3 
715.38 -1.00 -1.00 0 87.3 
715.76 -1.00 -1.00 0 87.3 
716.22 -1.00 -1.00 0 87.3 
716.59 -1.00 -1.00 0 87.3 
717.06 -1.00 -1.00 0 87.3 
717.46 -1.00 -1.00 0 88.9 
718.21 -1.00 -1.00 0 88.9 
718.68 -1.00 -1.00 0 89.8 
719.05 -1.00 -1.00 0 89.8 
719.40 -1.00 -1.00 0 89.3 
719.67 -1.00 -1.00 0 89.3 
719.89 -1.00 -1.00 0 89.3 
720.21 -1.00 -1.00 0 89.3 
720.55 -1.00 -1.00 0 88.1 
720.85 -1.00 -1.00 0 88.1 
721.21 -1.00 -1.00 0 88.1 
721.54 -1.00 -1.00 0 86.6 
721.85 -1.00 -1.00 0 86.6 
722.29 -1.00 -1.00 0 86.6 
722.67 -1.00 -1.00 0 85.6 
722.94 -1.00 -1.00 0 85.6 
723.26 -1.00 -1.00 0 85.6 
723.65 -1.00 -1.00 0 83.2 
724.04 -1.00 -1.00 0 83.2 
724.35 -1.00 -1.00 0 82.0 
724.65 -1.00 -1.00 0 82.0 
725.04 -1.00 -1.00 0 82.0 
725.41 -1.00 -1.00 0 80.4 
725.72 -1.00 -1.00 0 80.4 
726.08 -1.00 -1.00 0 80.4 
726.41 -1.00 -1.00 0 81.3 
726.74 -1.00 -1.00 0 81.3 
727.26 -1.00 -1.00 0 81.3 
727.57 -1.00 -1.00 0 78.4 
728.32 -1.00 -1.00 0 78.4 
728.69 -1.00 -1.00 0 77.8 
729.02 -1.00 -1.00 0 77.8 
729.36 -1.00 -1.00 0 78.6 
729.69 -1.00 -1.00 0 78.6 
730.10 -1.00 -1.00 0 78.6 
730.38 -1.00 -1.00 0 78.4 
730.72 -1.00 -1.00 1 78.4 
731.09 -1.00 -1.00 1 78.4 
731.50 -1.00 -1.00 1 78.4 
731.85 -1.00 -1.00 1 78.4 
732.26 -1.00 -1.00 1 78.4 
732.61 -1.00 -1.00 1 77.3 
733.01 -1.00 -1.00 1 77.3 
733.32 32.52 1.48 1 79.2 
733.68 34.10 1.55 1 79.2 
734.03 35.50 1.61 1 79.2 
734.36 37.88 1.70 1 80.1 
734.71 39.92 1.79 1 80.1 
735.08 41.69 1.87 1 80.1 
735.47 43.93 1.94 1 81.5 
735.82 45.16 1.99 1 81.5 
736.08 46.27 2.04 2 81.5 
736.43 47.25 2.06 2 82.7 
736.76 48.12 2.10 2 82.7 
737.09 48.88 2.13 2 82.7 
737.51 42.74 1.84 2 83.5 
738.35 44.05 1.90 2 83.5 
738.79 44.38 1.90 2 84.0 
739.27 44.68 1.92 2 84.0 
739.69 44.94 1.93 2 83.7 
740.11 45.20 1.94 2 83.7 
740.48 45.46 1.94 2 84.4 
740.75 46.27 1.97 2 84.4 
741.11 -1.00 -1.00 1 84.4 
741.34 -1.00 -1.00 1 84.5 
741.69 -1.00 -1.00 1 84.5 
742.00 -1.00 -1.00 1 84.5 
742.36 -1.00 -1.00 1 84.5 
742.69 -1.00 -1.00 1 84.5 
743.06 -1.00 -1.00 1 84.5 
743.40 -1.00 -1.00 1 84.3 
743.67 -1.00 -1.00 1 84.3 
743.87 -1.00 -1.00 1 84.3 
744.22 -1.00 -1.00 1 84.3 
744.55 -1.00 -1.00 1 85.3 
744.80 -1.00 -1.00 1 85.3 
745.22 -1.00 -1.00 1 85.3 
745.57 -1.00 -1.00 1 86.1 
745.92 -1.00 -1.00 1 86.1 
746.29 -1.00 -1.00 1 86.1 
746.72 -1.00 -1.00 1 87.0 
747.04 -1.00 -1.00 1 87.0 
747.37 -1.00 -1.00 1 87.3 
747.64 -1.00 -1.00 1 87.3 
747.94 -1.00 -1.00 1 87.3 
748.30 -1.00 -1.00 1 87.3 
748.60 -1.00 -1.00 1 87.9 
748.91 -1.00 -1.00 1 87.9 
749.26 170.58 6.98 1 87.9 
749.57 175.35 7.11 1 88.8 
749.98 175.00 7.10 1 88.8 
750.35 179.41 7.28 1 88.8 
750.71 182.45 7.45 1 88.2 
751.03 185.30 7.57 1 88.2 
751.39 187.92 7.67 1 88.2 
751.76 191.34 7.81 1 88.2 
752.19 193.44 7.90 1 88.2 
752.56 195.28 7.96 1 88.3 
752.91 196.94 8.03 1 88.3 
753.21 -1.00 -1.00 0 88.3 
753.56 -1.00 -1.00 0 89.8 
753.84 -1.00 -1.00 0 89.8 
754.25 -1.00 -1.00 0 89.8 
754.57 -1.00 -1.00 0 91.5 
754.89 -1.00 -1.00 1 91.5 
755.22 -1.00 -1.00 1 91.5 
755.54 -1.00 -1.00 1 91.0 
755.84 -1.00 -1.00 1 91.0 
756.31 -1.00 -1.00 1 91.0 
756.64 -1.00 -1.00 1 91.7 
757.06 -1.00 -1.00 1 91.7 
757.45 -1.00 -1.00 1 92.4 
757.68 -1.00 -1.00 1 92.4 
758.11 -1.00 -1.00 1 92.4 
758.39 -1.00 -1.00 1 91.5 
758.78 -1.00 -1.00 1 91.5 
759.15 -1.00 -1.00 1 91.5 
759.51 -1.00 -1.00 1 92.3 
759.83 -1.00 -1.00 1 92.3 
760.13 -1.00 -1.00 2 92.3 
760.52 -1.00 -1.00 2 91.6 
760.84 -1.00 -1.00 2 91.6 
761.13 -1.00 -1.00 1 91.6 
761.51 -1.00 -1.00 1 91.7 
761.84 -1.00 -1.00 1 91.7 
762.21 -1.00 -1.00 1 91.7 
762.52 -1.00 -1.00 1 92.3 
762.89 -1.00 -1.00 1 92.3 
763.23 -1.00 -1.00 1 92.3 
763.57 -1.00 -1.00 1 93.1 
763.82 25.03 0.97 1 93.1 
764.12 27.61 1.07 1 93.1 
764.45 29.68 1.15 1 93.0 
764.80 30.97 1.20 1 93.0 
765.18 32.94 1.28 1 93.0 
765.48 34.60 1.33 1 93.5 
765.80 35.53 1.37 1 93.5 
766.23 36.82 1.42 1 93.5 
766.55 37.91 1.46 1 93.7 
766.92 39.39 1.51 2 93.7 
767.26 41.29 1.59 2 93.7 
767.58 42.91 1.65 2 93.8 
768.35 45.50 1.75 2 93.8 
768.71 49.23 1.88 2 94.1 
769.09 51.30 1.96 2 94.1 
769.44 54.13 2.08 2 93.9 
769.75 55.57 2.13 2 93.9 
770.17 56.85 2.18 2 93.9 
770.54 57.96 2.26 2 92.5 
770.84 59.97 2.33 2 92.5 
771.25 63.01 2.45 2 92.5 
771.65 64.41 2.49 2 93.0 
772.07 65.67 2.54 2 93.0 
772.48 66.81 2.58 2 93.2 
772.78 67.82 2.62 2 93.2 
773.12 68.68 2.65 2 93.2 
773.42 69.44 2.66 2 93.9 
773.80 70.11 2.69 2 93.9 
774.20 69.72 2.67 2 93.9 
774.63 71.61 2.74 2 94.0 
775.06 62.86 2.41 2 94.0 
775.29 64.24 2.46 2 94.1 
775.62 65.49 2.50 2 94.1 
775.98 66.58 2.55 2 94.1 
776.34 67.52 2.58 2 94.1 
776.71 68.37 2.62 2 94.1 
777.11 69.14 2.65 2 94.1 
777.41 73.48 2.80 1 94.5 
778.20 79.08 3.01 1 94.5 
778.46 75.78 2.88 1 94.8 
778.76 78.58 2.98 1 94.8 
779.01 77.15 2.93 1 94.8 
779.25 79.76 3.01 1 95.4 
779.58 78.19 2.95 2 95.4 
779.94 77.71 2.93 2 95.4 
780.33 77.26 2.92 2 95.4 
780.61 79.85 3.02 2 95.3 
781.08 78.20 2.96 2 95.3 
781.34 77.68 2.92 2 95.8 
781.60 75.40 2.83 2 95.8 
781.84 -1.00 -1.00 2 95.8 
782.28 -1.00 -1.00 1 95.8 
782.62 -1.00 -1.00 1 95.3 
782.89 -1.00 -1.00 1 95.3 
783.25 -1.00 -1.00 1 95.3 
783.62 -1.00 -1.00 1 95.5 
783.92 -1.00 -1.00 1 95.5 
784.21 -1.00 -1.00 1 95.5 
784.54 -1.00 -1.00 1 96.0 
784.88 -1.00 -1.00 1 96.0 
785.14 -1.00 -1.00 1 96.0 
785.48 -1.00 -1.00 1 95.5 
785.75 -1.00 -1.00 1 95.5 
786.07 -1.00 -1.00 1 95.5 
786.27 -1.00 -1.00 1 94.6 
786.58 -1.00 -1.00 1 94.6 
786.89 -1.00 -1.00 1 94.6 
787.29 -1.00 -1.00 1 94.6 
787.52 -1.00 -1.00 1 93.1 
788.10 -1.00 -1.00 1 93.1 
788.39 -1.00 -1.00 1 91.7 
788.64 -1.00 -1.00 1 91.7 
788.88 -1.00 -1.00 1 91.7 
789.22 -1.00 -1.00 1 91.7 
789.40 -1.00 -1.00 1 91.4 
789.67 -1.00 -1.00 1 91.4 
789.91 -1.00 -1.00 1 91.4 
790.23 -1.00 -1.00 1 91.4 
790.46 -1.00 -1.00 0 91.9 
790.80 -1.00 -1.00 0 91.9 
791.13 -1.00 -1.00 0 91.9 
791.40 -1.00 -1.00 0 93.0 
791.69 -1.00 -1.00 0 93.0 
791.93 -1.00 -1.00 0 93.0 
792.30 -1.00 -1.00 0 93.0 
792.55 -1.00 -1.00 0 93.0 
792.87 -1.00 -1.00 1 93.0 
793.16 -1.00 -1.00 1 93.0 
793.46 -1.00 -1.00 1 93.0 
793.75 39.69 1.54 2 93.0 
794.15 -1.00 -1.00 2 93.0 
794.49 40.02 1.55 2 92.9 
794.76 -1.00 -1.00 1 92.9 
795.15 -1.00 -1.00 1 92.9 
795.45 -1.00 -1.00 1 94.4 
795.81 -1.00 -1.00 1 94.4 
796.09 -1.00 -1.00 1 94.4 
796.41 -1.00 -1.00 2 95.2 
796.77 -1.00 -1.00 2 95.2 
797.12 -1.00 -1.00 2 95.2 
797.43 -1.00 -1.00 1 95.2 
798.20 -1.00 -1.00 1 95.2 
798.62 -1.00 -1.00 1 95.5 
798.93 -1.00 -1.00 1 95.5 
799.27 -1.00 -1.00 1 95.5 
799.53 -1.00 -1.00 1 96.0 
799.90 -1.00 -1.00 1 96.0 
800.23 -1.00 -1.00 1 96.0 
800.57 -1.00 -1.00 1 96.8 
800.91 -1.00 -1.00 1 96.8 
801.29 -1.00 -1.00 1 96.8 
801.57 -1.00 -1.00 1 97.1 
801.86 -1.00 -1.00 1 97.1 
802.29 -1.00 -1.00 1 97.1 
802.59 -1.00 -1.00 1 96.2 
802.91 -1.00 -1.00 1 96.2 
803.32 -1.00 -1.00 1 96.2 
803.60 -1.00 -1.00 1 97.2 
803.94 -1.00 -1.00 1 97.2 
804.28 -1.00 -1.00 1 97.2 
804.57 -1.00 -1.00 1 96.6 
804.87 -1.00 -1.00 1 96.6 
805.17 -1.00 -1.00 1 96.6 
805.46 -1.00 -1.00 1 95.1 
805.69 -1.00 -1.00 1 95.1 
806.04 -1.00 -1.00 1 95.1 
806.31 -1.00 -1.00 1 94.4 
806.67 -1.00 -1.00 1 94.4 
806.97 -1.00 -1.00 1 94.4 
807.33 -1.00 -1.00 2 94.4 
808.18 -1.00 -1.00 2 94.2 
808.47 -1.00 -1.00 2 94.7 
808.80 -1.00 -1.00 2 94.7 
809.17 -1.00 -1.00 1 94.7 
809.48 -1.00 -1.00 1 96.1 
809.76 -1.00 -1.00 1 96.1 
810.27 -1.00 -1.00 1 96.1 
810.64 -1.00 -1.00 1 97.3 
811.01 -1.00 -1.00 1 97.3 
811.35 -1.00 -1.00 1 97.2 
811.64 -1.00 -1.00 1 97.2 
812.05 -1.00 -1.00 1 97.2 
812.43 -1.00 -1.00 1 96.8 
812.73 -1.00 -1.00 1 96.8 
813.16 -1.00 -1.00 1 96.8 
813.47 -1.00 -1.00 1 94.9 
813.85 -1.00 -1.00 1 94.9 
814.12 -1.00 -1.00 1 94.9 
814.42 -1.00 -1.00 1 93.9 
814.79 -1.00 -1.00 1 93.9 
815.17 -1.00 -1.00 1 93.9 
815.53 -1.00 -1.00 1 92.6 
815.83 -1.00 -1.00 1 92.6 
816.19 -1.00 -1.00 1 92.6 
816.54 57.78 2.24 1 92.7 
816.83 -1.00 -1.00 1 92.7 
817.17 61.77 2.40 1 92.7 
817.47 63.19 2.46 1 92.7 
817.78 63.50 2.47 1 92.7 
818.22 63.76 2.48 1 92.7 
818.56 64.95 2.56 1 91.2 
818.94 63.05 2.49 1 91.2 
819.30 -1.00 -1.00 1 91.2 
819.62 63.57 2.55 1 89.6 
819.94 -1.00 -1.00 0 89.6 
820.31 -1.00 -1.00 1 89.6 
820.71 25.59 1.03 2 89.2 
821.00 25.57 1.03 2 89.2 
821.43 25.36 1.04 2 87.4 
821.82 25.12 1.03 2 87.4 
822.29 25.15 1.04 2 87.4 
822.68 -1.00 -1.00 2 87.8 
823.19 -1.00 -1.00 2 87.8 
823.47 -1.00 -1.00 2 85.7 
823.88 -1.00 -1.00 2 85.7 
824.22 20.36 0.86 2 85.7 
824.57 19.21 0.82 2 84.7 
824.94 18.25 0.78 2 84.7 
825.26 17.46 0.74 2 84.7 
825.57 -1.00 -1.00 2 86.1 
825.88 -1.00 -1.00 2 86.1 
826.26 -1.00 -1.00 2 86.1 
826.53 32.21 1.35 2 85.9 
826.87 34.62 1.45 2 85.9 
827.24 36.09 1.51 2 85.9 
827.57 37.89 1.54 2 88.4 
827.88 39.42 1.61 2 88.4 
828.28 41.35 1.68 2 88.4 
828.66 43.03 1.74 2 89.2 
829.08 44.47 1.80 2 89.2 
829.35 45.71 1.83 2 89.8 
829.67 -1.00 -1.00 1 89.8 
830.11 -1.00 -1.00 1 89.8 
830.45 -1.00 -1.00 1 89.8 
830.74 -1.00 -1.00 1 89.8 
831.13 -1.00 -1.00 1 89.8 
831.49 -1.00 -1.00 0 90.1 
831.79 -1.00 -1.00 0 90.1 
832.08 -1.00 -1.00 0 90.1 
832.38 -1.00 -1.00 0 89.6 
832.73 -1.00 -1.00 0 89.6 
833.07 -1.00 -1.00 0 89.6 
833.37 -1.00 -1.00 0 90.1 
833.77 -1.00 -1.00 0 90.1 
834.14 -1.00 -1.00 0 90.1 
834.51 -1.00 -1.00 0 89.7 
834.79 -1.00 -1.00 0 89.7 
835.20 -1.00 -1.00 0 89.7 
835.53 -1.00 -1.00 0 89.2 
835.92 -1.00 -1.00 0 89.2 
836.28 -1.00 -1.00 0 89.2 
836.58 -1.00 -1.00 0 89.2 
836.95 -1.00 -1.00 0 89.2 
837.31 -1.00 -1.00 0 89.2 
837.62 -1.00 -1.00 0 89.1 
837.90 -1.00 -1.00 0 89.1 
838.22 -1.00 -1.00 0 89.1 
838.55 -1.00 -1.00 0 89.1 
838.90 -1.00 -1.00 0 89.1 
839.24 -1.00 -1.00 0 89.1 
839.46 -1.00 -1.00 0 89.2 
839.79 -1.00 -1.00 0 89.2 
840.07 -1.00 -1.00 0 89.2 
840.35 -1.00 -1.00 0 89.3 
840.62 -1.00 -1.00 0 89.3 
840.98 -1.00 -1.00 0 89.3 
841.24 -1.00 -1.00 0 89.3 
841.56 -1.00 -1.00 0 89.5 
841.83 -1.00 -1.00 0 89.5 
842.20 -1.00 -1.00 0 89.5 
842.53 -1.00 -1.00 0 89.6 
842.83 -1.00 -1.00 0 89.6 
843.14 -1.00 -1.00 0 89.6 
843.47 -1.00 -1.00 0 89.9 
843.82 -1.00 -1.00 0 89.9 
844.12 -1.00 -1.00 0 89.9 
844.44 -1.00 -1.00 0 90.0 
844.79 -1.00 -1.00 0 90.0 
845.11 -1.00 -1.00 0 90.0 
845.49 -1.00 -1.00 0 89.7 
845.74 -1.00 -1.00 0 89.7 
846.14 -1.00 -1.00 0 89.7 
846.44 -1.00 -1.00 0 89.3 
846.65 -1.00 -1.00 0 89.3 
847.01 -1.00 -1.00 0 89.3 
847.32 -1.00 -1.00 0 89.7 
847.64 -1.00 -1.00 0 89.7 
847.93 -1.00 -1.00 0 89.7 
848.29 -1.00 -1.00 0 89.7 
848.56 -1.00 -1.00 0 89.1 
848.89 -1.00 -1.00 0 89.1 
849.30 -1.00 -1.00 0 89.1 
849.55 -1.00 -1.00 0 88.6 
849.87 -1.00 -1.00 0 88.6 
850.24 -1.00 -1.00 0 88.6 
850.62 -1.00 -1.00 0 88.1 
850.95 -1.00 -1.00 0 88.1 
851.36 -1.00 -1.00 0 88.1 
851.67 -1.00 -1.00 0 87.0 
852.11 -1.00 -1.00 0 87.0 
852.47 -1.00 -1.00 0 86.3 
852.76 -1.00 -1.00 0 86.3 
853.12 -1.00 -1.00 0 86.3 
853.43 -1.00 -1.00 0 86.0 
853.76 -1.00 -1.00 0 86.0 
854.17 -1.00 -1.00 0 86.0 
854.52 -1.00 -1.00 0 85.1 
854.87 -1.00 -1.00 0 85.1 
855.22 -1.00 -1.00 0 85.1 
855.53 -1.00 -1.00 0 84.9 
855.89 -1.00 -1.00 0 84.9 
856.22 -1.00 -1.00 0 84.9 
856.54 -1.00 -1.00 0 85.8 
856.85 -1.00 -1.00 0 85.8 
857.25 -1.00 -1.00 0 85.8 
857.56 -1.00 -1.00 0 86.2 
857.87 -1.00 -1.00 0 86.2 
858.27 -1.00 -1.00 0 86.2 
858.60 -1.00 -1.00 0 86.5 
858.94 -1.00 -1.00 0 86.5 
859.23 -1.00 -1.00 0 86.5 
859.56 -1.00 -1.00 0 87.0 
859.89 -1.00 -1.00 0 87.0 
860.26 -1.00 -1.00 0 87.0 
860.51 -1.00 -1.00 0 87.4 
860.83 -1.00 -1.00 0 87.4 
861.26 -1.00 -1.00 0 87.4 
861.50 -1.00 -1.00 0 86.4 
861.85 -1.00 -1.00 0 86.4 
862.29 -1.00 -1.00 0 86.4 
862.62 -1.00 -1.00 0 86.6 
863.02 -1.00 -1.00 0 86.6 
863.38 -1.00 -1.00 0 87.6 
863.60 -1.00 -1.00 0 87.6 
863.93 -1.00 -1.00 0 87.6 
864.32 -1.00 -1.00 0 87.6 
864.56 -1.00 -1.00 0 86.7 
864.93 -1.00 -1.00 0 86.7 
865.37 -1.00 -1.00 1 86.7 
865.73 -1.00 -1.00 1 87.2 
866.12 -1.00 -1.00 1 87.2 
866.38 -1.00 -1.00 1 87.3 
866.72 -1.00 -1.00 1 87.3 
867.06 -1.00 -1.00 1 87.3 
867.39 -1.00 -1.00 1 87.9 
867.71 -1.00 -1.00 1 87.9 
867.98 -1.00 -1.00 1 87.9 
868.37 -1.00 -1.00 1 87.9 
868.67 -1.00 -1.00 1 88.4 
868.92 -1.00 -1.00 1 88.4 
869.27 -1.00 -1.00 1 88.4 
869.57 -1.00 -1.00 1 86.9 
869.82 -1.00 -1.00 1 86.9 
870.07 -1.00 -1.00 1 86.9 
870.44 -1.00 -1.00 1 90.0 
870.74 -1.00 -1.00 1 90.0 
871.08 -1.00 -1.00 1 90.0 
871.41 -1.00 -1.00 1 89.5 
871.65 42.96 1.73 1 89.5 
871.95 43.69 1.76 1 89.5 
872.30 43.82 1.76 1 89.5 
872.58 44.43 1.82 1 87.8 
872.91 44.44 1.82 1 87.8 
873.35 44.97 1.84 1 87.8 
873.62 46.05 1.91 1 86.9 
874.10 46.37 1.92 1 86.9 
874.44 46.62 1.93 1 86.9 
874.92 45.86 1.90 1 86.9 
875.30 48.51 2.01 1 86.9 
875.73 48.00 2.01 2 86.0 
876.14 48.08 2.01 2 86.0 
876.58 48.15 1.94 2 89.2 
876.88 48.21 1.95 2 89.2 
877.25 47.69 1.92 2 89.2 
877.65 47.78 1.92 2 89.6 
877.95 47.85 1.92 2 89.6 
878.30 47.90 1.92 2 89.6 
878.76 49.35 1.98 2 89.9 
879.06 49.17 1.97 2 89.9 
879.40 49.64 1.99 2 89.9 
879.83 48.43 1.94 1 89.9 
880.26 48.34 1.94 1 89.9 
880.55 48.30 1.97 1 88.3 
881.04 48.26 1.97 1 88.3 
881.38 48.23 2.01 1 86.4 
881.76 48.22 2.01 1 86.4 
882.14 -1.00 -1.00 0 86.4 
882.51 -1.00 -1.00 0 85.0 
882.82 -1.00 -1.00 0 85.0 
883.16 -1.00 -1.00 0 85.0 
883.52 -1.00 -1.00 0 85.2 
883.88 -1.00 -1.00 0 85.2 
884.31 -1.00 -1.00 0 85.2 
884.62 -1.00 -1.00 0 85.9 
884.95 -1.00 -1.00 0 85.9 
885.39 -1.00 -1.00 0 85.9 
885.81 -1.00 -1.00 0 87.7 
886.23 -1.00 -1.00 0 87.7 
886.51 -1.00 -1.00 1 87.6 
886.88 -1.00 -1.00 1 87.6 
887.38 -1.00 -1.00 0 87.6 
888.16 -1.00 -1.00 0 87.8 
888.52 -1.00 -1.00 0 87.0 
888.81 -1.00 -1.00 0 87.0 
889.21 -1.00 -1.00 0 87.0 
889.52 -1.00 -1.00 0 87.2 
889.90 -1.00 -1.00 0 87.2 
890.14 -1.00 -1.00 1 87.2 
890.47 -1.00 -1.00 1 86.9 
890.85 -1.00 -1.00 1 86.9 
891.16 -1.00 -1.00 1 86.9 
891.43 -1.00 -1.00 1 87.0 
891.78 -1.00 -1.00 2 87.0 
892.16 -1.00 -1.00 2 87.0 
892.50 -1.00 -1.00 1 87.1 
892.87 -1.00 -1.00 1 87.1 
893.25 -1.00 -1.00 1 87.1 
893.60 -1.00 -1.00 1 87.0 
893.86 -1.00 -1.00 1 87.0 
894.22 -1.00 -1.00 1 87.0 
894.54 -1.00 -1.00 1 87.4 
894.91 -1.00 -1.00 1 87.4 
895.29 -1.00 -1.00 1 87.4 
895.64 -1.00 -1.00 0 86.9 
895.94 -1.00 -1.00 0 86.9 
896.30 -1.00 -1.00 0 86.9 
896.60 -1.00 -1.00 0 86.2 
896.93 -1.00 -1.00 0 86.2 
897.26 -1.00 -1.00 0 86.2 
897.49 -1.00 -1.00 0 84.7 
897.75 -1.00 -1.00 0 84.7 
898.01 -1.00 -1.00 0 84.7 
898.26 -1.00 -1.00 0 83.4 
898.56 -1.00 -1.00 0 83.4 
898.90 -1.00 -1.00 0 83.4 
899.24 -1.00 -1.00 0 83.4 
899.56 -1.00 -1.00 0 83.0 
899.92 -1.00 -1.00 0 83.0 
900.18 -1.00 -1.00 0 83.0 
900.47 -1.00 -1.00 0 82.0 
900.82 -1.00 -1.00 0 82.0 
901.18 -1.00 -1.00 0 82.0 
901.52 -1.00 -1.00 0 81.9 
901.84 -1.00 -1.00 0 81.9 
902.27 -1.00 -1.00 0 81.9 
902.57 -1.00 -1.00 1 80.8 
902.83 -1.00 -1.00 1 80.8 
903.12 -1.00 -1.00 1 80.8 
903.45 -1.00 -1.00 1 79.9 
903.82 -1.00 -1.00 1 79.9 
904.18 -1.00 -1.00 1 79.9 
904.60 -1.00 -1.00 1 79.3 
904.85 -1.00 -1.00 1 79.3 
905.27 -1.00 -1.00 2 79.3 
905.67 -1.00 -1.00 2 79.6 
906.16 -1.00 -1.00 2 79.6 
906.45 -1.00 -1.00 1 79.1 
906.77 -1.00 -1.00 2 79.1 
907.06 22.57 1.03 2 79.1 
907.42 23.01 1.04 2 79.6 
907.73 23.65 1.07 2 79.6 
908.04 25.02 1.13 2 79.6 
908.40 25.96 1.17 2 80.1 
908.71 27.40 1.23 2 80.1 
909.02 28.33 1.27 2 80.1 
909.32 29.14 1.29 2 81.6 
909.72 30.18 1.33 2 81.6 
910.12 30.73 1.36 2 81.6 
910.34 31.21 1.39 2 81.0 
910.71 31.61 1.41 1 81.0 
911.03 31.96 1.42 1 81.0 
911.33 31.94 1.42 1 81.1 
911.67 32.57 1.45 1 81.1 
911.93 32.70 1.45 1 81.1 
912.30 32.84 1.46 1 81.1 
912.72 32.97 1.45 1 82.0 
913.12 33.52 1.47 1 82.0 
913.44 33.60 1.46 1 82.9 
913.70 33.65 1.46 1 82.9 
913.97 33.68 1.46 2 82.9 
914.34 33.69 1.46 2 82.9 
914.62 33.34 1.43 2 83.7 
914.96 33.38 1.44 2 83.7 
915.39 33.41 1.44 2 83.7 
915.69 33.45 1.42 2 84.5 
916.10 33.47 1.43 2 84.5 
916.39 33.48 1.43 2 84.5 
916.69 33.48 1.43 2 84.5 
917.12 33.47 1.43 2 84.5 
917.44 33.09 1.40 2 84.8 
917.81 28.27 1.20 2 84.8 
918.17 30.82 1.31 1 84.8 
918.53 35.84 1.51 1 85.3 
918.94 38.38 1.62 1 85.3 
919.35 -1.00 -1.00 1 85.3 
919.70 42.71 1.80 1 85.4 
920.07 43.70 1.84 1 85.4 
920.37 45.14 1.90 1 85.7 
920.73 46.32 1.95 1 85.7 
921.12 47.29 1.99 2 85.7 
921.43 48.13 2.00 2 86.7 
921.70 48.78 2.03 2 86.7 
922.06 49.29 2.05 2 86.7 
922.42 49.72 2.09 2 85.6 
922.70 49.39 2.08 2 85.6 
923.11 50.46 2.12 2 85.6 
923.39 50.50 2.10 2 86.4 
923.76 -1.00 -1.00 1 86.4 
924.13 21.47 0.89 1 86.4 
924.44 21.65 0.90 1 86.7 
924.79 21.81 0.91 1 86.7 
925.10 22.16 0.92 1 86.7 
925.41 22.11 0.91 1 87.5 
925.67 22.23 0.91 1 87.5 
926.10 22.34 0.92 1 87.5 
926.44 22.42 0.92 1 88.1 
926.72 22.49 0.92 1 88.1 
927.04 22.55 0.92 1 88.1 
927.35 22.78 0.93 2 88.2 
927.69 56.28 2.30 1 88.2 
927.94 56.54 2.31 1 88.2 
928.29 56.88 2.32 1 88.2 
928.61 56.83 2.33 1 88.0 
928.92 57.93 2.37 1 88.0 
929.31 58.33 2.39 1 88.0 
929.54 -1.00 -1.00 0 88.2 
929.93 -1.00 -1.00 0 88.2 
930.28 -1.00 -1.00 0 88.2 
930.56 -1.00 -1.00 0 88.5 
930.88 -1.00 -1.00 0 88.5 
931.27 -1.00 -1.00 0 88.5 
931.59 -1.00 -1.00 0 89.1 
931.92 -1.00 -1.00 0 89.1 
932.33 -1.00 -1.00 0 89.1 
932.65 -1.00 -1.00 0 86.6 
933.02 -1.00 -1.00 0 86.6 
933.44 -1.00 -1.00 0 88.5 
933.83 -1.00 -1.00 0 88.5 
934.15 -1.00 -1.00 0 88.5 
934.43 -1.00 -1.00 0 88.4 
934.72 -1.00 -1.00 0 88.4 
934.96 -1.00 -1.00 0 88.4 
935.34 -1.00 -1.00 0 88.4 
935.64 -1.00 -1.00 0 88.3 
935.96 -1.00 -1.00 0 88.3 
936.35 -1.00 -1.00 0 88.3 
936.56 -1.00 -1.00 0 88.1 
936.89 -1.00 -1.00 0 88.1 
937.26 -1.00 -1.00 0 88.1 
937.54 -1.00 -1.00 0 87.3 
937.86 -1.00 -1.00 0 87.3 
938.19 -1.00 -1.00 0 87.3 
938.42 -1.00 -1.00 0 86.8 
938.72 -1.00 -1.00 0 86.8 
939.02 -1.00 -1.00 0 86.8 
939.29 -1.00 -1.00 0 85.9 
939.57 -1.00 -1.00 0 85.9 
939.86 -1.00 -1.00 0 85.9 
940.25 -1.00 -1.00 0 85.9 
940.52 -1.00 -1.00 0 85.4 
940.83 -1.00 -1.00 1 85.4 
941.32 -1.00 -1.00 1 85.4 
941.69 -1.00 -1.00 1 86.6 
942.09 -1.00 -1.00 1 86.6 
942.44 -1.00 -1.00 0 87.8 
942.68 -1.00 -1.00 0 87.8 
942.97 -1.00 -1.00 0 87.8 
943.31 -1.00 -1.00 0 87.8 
943.55 -1.00 -1.00 0 88.8 
943.78 -1.00 -1.00 0 88.8 
944.16 -1.00 -1.00 0 88.8 
944.43 -1.00 -1.00 0 89.8 
944.76 -1.00 -1.00 0 89.8 
945.02 -1.00 -1.00 0 89.8 
945.31 -1.00 -1.00 0 90.1 
945.60 -1.00 -1.00 0 90.1 
945.86 -1.00 -1.00 0 90.1 
946.22 -1.00 -1.00 0 90.1 
946.43 -1.00 -1.00 0 89.9 
946.74 -1.00 -1.00 0 89.9 
947.10 -1.00 -1.00 0 89.9 
947.36 -1.00 -1.00 0 87.6 
947.69 -1.00 -1.00 0 87.6 
948.16 -1.00 -1.00 0 87.6 
948.44 -1.00 -1.00 0 88.3 
948.73 -1.00 -1.00 0 88.3 
949.04 -1.00 -1.00 0 88.3 
949.40 -1.00 -1.00 0 87.0 
949.68 -1.00 -1.00 0 87.0 
950.01 -1.00 -1.00 0 87.0 
950.40 -1.00 -1.00 0 87.0 
950.63 -1.00 -1.00 0 85.9 
951.00 -1.00 -1.00 0 85.9 
951.41 -1.00 -1.00 0 87.1 
951.69 -1.00 -1.00 0 87.1 
952.04 -1.00 -1.00 0 87.1 
952.42 -1.00 -1.00 0 85.6 
952.65 -1.00 -1.00 0 85.6 
953.07 -1.00 -1.00 0 85.6 
953.43 -1.00 -1.00 0 86.9 
953.77 -1.00 -1.00 0 86.9 
954.12 -1.00 -1.00 0 86.9 
954.45 -1.00 -1.00 0 85.6 
954.72 -1.00 -1.00 0 85.6 
955.03 -1.00 -1.00 0 85.6 
955.33 -1.00 -1.00 0 85.2 
955.63 -1.00 -1.00 0 85.2 
956.01 -1.00 -1.00 0 85.2 
956.36 -1.00 -1.00 0 86.3 
956.65 -1.00 -1.00 0 86.3 
956.91 -1.00 -1.00 0 86.3 
957.25 -1.00 -1.00 0 86.3 
957.52 -1.00 -1.00 0 82.2 
958.15 -1.00 -1.00 0 82.2 
958.47 -1.00 -1.00 0 81.0 
958.75 -1.00 -1.00 0 81.0 
959.08 -1.00 -1.00 0 81.0 
959.36 -1.00 -1.00 0 80.1 
959.65 -1.00 -1.00 0 80.1 
960.02 -1.00 -1.00 0 80.1 
960.32 -1.00 -1.00 0 80.0 
960.54 -1.00 -1.00 0 80.0 
960.88 -1.00 -1.00 0 80.0 
961.22 -1.00 -1.00 0 80.0 
961.47 -1.00 -1.00 0 78.2 
961.80 -1.00 -1.00 0 78.2 
962.11 -1.00 -1.00 0 78.2 
962.47 -1.00 -1.00 0 79.2 
962.68 -1.00 -1.00 0 79.2 
962.91 -1.00 -1.00 0 79.2 
963.20 -1.00 -1.00 0 79.2 
963.48 -1.00 -1.00 0 79.2 
963.84 -1.00 -1.00 0 79.2 
964.24 -1.00 -1.00 0 79.2 
964.45 -1.00 -1.00 0 79.1 
964.77 -1.00 -1.00 0 79.1 
965.06 -1.00 -1.00 0 79.1 
965.34 -1.00 -1.00 0 79.6 
965.63 -1.00 -1.00 0 79.6 
966.01 -1.00 -1.00 0 79.6 
966.34 -1.00 -1.00 0 78.6 
966.58 -1.00 -1.00 0 78.6 
966.94 -1.00 -1.00 0 78.6 
967.29 -1.00 -1.00 0 78.6 
967.67 -1.00 -1.00 0 80.8 
968.06 -1.00 -1.00 0 80.8 
968.42 -1.00 -1.00 0 80.9 
968.81 -1.00 -1.00 1 80.9 
969.03 -1.00 -1.00 1 80.9 
969.36 -1.00 -1.00 1 82.0 
969.66 -1.00 -1.00 1 82.0 
969.97 -1.00 -1.00 1 82.0 
970.28 -1.00 -1.00 1 82.0 
970.58 -1.00 -1.00 1 82.0 
970.91 -1.00 -1.00 1 82.0 
971.27 25.71 1.13 1 82.0 
971.49 27.24 1.20 1 81.9 
971.78 28.53 1.25 1 81.9 
972.09 29.62 1.30 1 81.9 
972.41 31.80 1.40 1 81.9 
972.60 34.16 1.50 1 81.9 
972.84 36.76 1.62 1 81.9 
973.20 38.92 1.71 1 81.9 
973.47 39.67 1.74 1 82.0 
973.70 41.46 1.82 1 82.0 
974.01 45.64 2.00 1 82.0 
974.32 47.25 2.10 1 81.0 
974.60 48.64 2.16 1 81.0 
974.88 49.85 2.22 1 81.0 
975.21 50.91 2.26 1 81.0 
975.47 51.85 2.33 2 80.2 
975.75 52.70 2.37 2 80.2 
976.16 53.45 2.40 2 80.2 
976.50 54.10 2.39 2 81.6 
976.80 54.68 2.41 2 81.6 
977.18 54.51 2.40 2 81.6 
977.51 -1.00 -1.00 1 82.3 
977.90 -1.00 -1.00 1 82.3 
978.30 -1.00 -1.00 1 82.3 
978.54 -1.00 -1.00 1 82.2 
978.92 -1.00 -1.00 1 82.2 
979.28 37.17 1.63 1 82.2 
979.60 38.45 1.66 1 83.2 
980.13 39.60 1.71 1 83.2 
980.55 40.60 1.73 1 84.7 
980.91 41.49 1.76 1 84.7 
981.27 42.27 1.80 1 84.7 
981.55 43.51 1.84 1 84.9 
981.93 44.01 1.87 1 84.9 
982.35 45.73 1.94 1 84.9 
982.68 -1.00 -1.00 0 85.0 
983.07 -1.00 -1.00 0 85.0 
983.41 -1.00 -1.00 0 86.7 
983.72 -1.00 -1.00 0 86.7 
983.96 -1.00 -1.00 0 86.7 
984.36 -1.00 -1.00 0 86.7 
984.63 -1.00 -1.00 0 86.5 
984.99 -1.00 -1.00 0 86.5 
985.33 -1.00 -1.00 0 86.5 
985.71 -1.00 -1.00 0 86.0 
985.94 -1.00 -1.00 0 86.0 
986.36 -1.00 -1.00 0 86.0 
986.73 -1.00 -1.00 0 88.1 
987.02 -1.00 -1.00 0 88.1 
987.40 -1.00 -1.00 0 87.2 
988.16 -1.00 -1.00 0 87.2 
988.44 -1.00 -1.00 0 85.8 
988.80 -1.00 -1.00 0 85.8 
989.19 -1.00 -1.00 0 85.8 
989.49 -1.00 -1.00 0 86.1 
989.86 -1.00 -1.00 0 86.1 
990.18 -1.00 -1.00 0 86.1 
990.41 -1.00 -1.00 0 88.4 
990.72 -1.00 -1.00 0 88.4 
990.99 -1.00 -1.00 0 88.4 
991.27 -1.00 -1.00 0 88.4 
991.48 -1.00 -1.00 0 87.6 
991.82 -1.00 -1.00 0 87.6 
992.15 -1.00 -1.00 0 87.6 
992.53 -1.00 -1.00 0 87.7 
992.83 -1.00 -1.00 0 87.7 
993.13 -1.00 -1.00 0 87.7 
993.44 -1.00 -1.00 0 89.0 
993.69 -1.00 -1.00 0 89.0 
994.05 -1.00 -1.00 0 89.0 
994.37 -1.00 -1.00 0 88.2 
994.63 -1.00 -1.00 0 88.2 
995.03 -1.00 -1.00 0 88.2 
995.38 -1.00 -1.00 0 88.2 
995.61 -1.00 -1.00 0 87.2 
995.94 -1.00 -1.00 0 87.2 
996.23 -1.00 -1.00 0 87.2 
996.56 -1.00 -1.00 1 86.5 
996.91 -1.00 -1.00 1 86.5 
997.24 -1.00 -1.00 1 86.5 
997.56 -1.00 -1.00 1 85.6 
997.88 -1.00 -1.00 1 85.6 
998.32 -1.00 -1.00 1 85.6 
998.59 -1.00 -1.00 1 82.5 
998.88 -1.00 -1.00 1 82.5 
999.23 -1.00 -1.00 1 82.5 
999.53 -1.00 -1.00 1 83.4 
999.85 -1.00 -1.00 1 83.4 
1000.13 -1.00 -1.00 1 83.4 
1000.52 -1.00 -1.00 0 85.0 
1000.88 -1.00 -1.00 0 85.0 
1001.24 -1.00 -1.00 0 85.0 
1001.59 -1.00 -1.00 1 83.5 
1001.85 -1.00 -1.00 1 83.5 
1002.20 -1.00 -1.00 1 83.5 
1002.43 -1.00 -1.00 1 84.8 
1002.79 -1.00 -1.00 1 84.8 
1003.15 -1.00 -1.00 1 84.8 
1003.45 -1.00 -1.00 1 86.0 
1003.78 -1.00 -1.00 1 86.0 
1004.09 -1.00 -1.00 1 86.0 
1004.39 -1.00 -1.00 1 86.4 
1004.69 16.83 0.70 1 86.4 
1005.05 16.99 0.71 1 86.4 
1005.39 17.00 0.71 1 86.5 
1005.78 17.13 0.71 1 86.5 
1006.21 17.11 0.71 1 86.5 
1006.48 17.10 0.71 1 86.5 
1006.82 17.33 0.72 1 86.5 
1007.18 -1.00 -1.00 0 86.5 
1007.52 -1.00 -1.00 0 87.0 
1008.18 -1.00 -1.00 0 87.0 
1008.49 -1.00 -1.00 1 87.1 
1008.79 -1.00 -1.00 1 87.1 
1009.18 -1.00 -1.00 1 87.1 
1009.52 -1.00 -1.00 1 87.8 
1009.86 -1.00 -1.00 1 87.8 
1010.14 -1.00 -1.00 1 87.8 
1010.54 -1.00 -1.00 1 87.5 
1010.96 -1.00 -1.00 1 87.5 
1011.35 -1.00 -1.00 1 87.5 
1011.75 -1.00 -1.00 1 87.7 
1012.14 -1.00 -1.00 1 87.7 
1012.48 -1.00 -1.00 1 89.9 
1012.84 -1.00 -1.00 1 89.9 
1013.24 -1.00 -1.00 1 89.9 
1013.59 -1.00 -1.00 1 88.5 
1013.94 36.42 1.48 1 88.5 
1014.24 41.63 1.69 1 88.5 
1014.54 43.16 1.73 1 89.7 
1014.92 43.93 1.76 1 89.7 
1015.25 49.27 1.98 1 89.7 
1015.60 53.64 2.14 1 90.1 
1015.93 57.37 2.29 1 90.1 
1016.27 60.63 2.42 1 90.1 
1016.59 63.49 2.51 1 91.0 
1016.97 66.07 2.61 1 91.0 
1017.35 68.38 2.70 1 91.0 
1018.16 72.59 2.90 1 90.0 
1018.47 72.07 2.91 1 89.3 
1018.80 73.73 2.97 1 89.3 
1019.20 74.01 2.98 1 89.3 
1019.58 74.23 3.03 1 88.2 
1020.06 77.26 3.15 1 88.2 
1020.43 78.30 3.13 1 90.1 
1020.80 79.27 3.17 1 90.1 
1021.26 80.16 3.20 1 90.1 
1021.51 80.98 3.31 1 88.0 
1021.92 81.66 3.34 1 88.0 
1022.28 83.91 3.43 1 88.0 
1022.63 -1.00 -1.00 1 87.7 
1023.02 -1.00 -1.00 1 87.7 
1023.36 -1.00 -1.00 1 86.9 
1023.81 -1.00 -1.00 1 86.9 
1024.30 -1.00 -1.00 1 86.9 
1024.61 -1.00 -1.00 1 87.3 
1024.98 -1.00 -1.00 1 87.3 
1025.38 -1.00 -1.00 1 87.3 
1025.70 -1.00 -1.00 1 88.5 
1026.14 -1.00 -1.00 1 88.5 
1026.41 -1.00 -1.00 1 84.1 
1026.78 -1.00 -1.00 1 84.1 
1027.06 -1.00 -1.00 1 84.1 
1027.35 -1.00 -1.00 1 83.5 
1028.15 -1.00 -1.00 1 83.5 
1028.54 -1.00 -1.00 1 84.1 
1028.83 -1.00 -1.00 1 84.1 
1029.18 -1.00 -1.00 1 84.1 
1029.47 -1.00 -1.00 1 83.7 
1029.80 -1.00 -1.00 1 83.7 
1030.06 -1.00 -1.00 1 83.7 
1030.43 -1.00 -1.00 2 83.9 
1030.82 -1.00 -1.00 2 83.9 
1031.19 -1.00 -1.00 1 83.9 
1031.51 -1.00 -1.00 1 83.4 
1031.86 -1.00 -1.00 1 83.4 
1032.24 -1.00 -1.00 1 83.4 
1032.58 20.76 0.91 1 81.9 
1032.95 -1.00 -1.00 1 81.9 
1033.31 -1.00 -1.00 1 81.9 
1033.63 -1.00 -1.00 1 80.7 
1033.92 -1.00 -1.00 0 80.7 
1034.30 -1.00 -1.00 0 80.7 
1034.63 -1.00 -1.00 0 81.5 
1034.89 -1.00 -1.00 0 81.5 
1035.18 -1.00 -1.00 0 81.5 
1035.53 -1.00 -1.00 0 79.5 
1035.80 -1.00 -1.00 0 79.5 
1036.09 -1.00 -1.00 0 79.5 
1036.35 -1.00 -1.00 0 79.2 
1036.67 -1.00 -1.00 0 79.2 
1037.04 -1.00 -1.00 0 79.2 
1037.30 -1.00 -1.00 0 80.0 
1038.12 -1.00 -1.00 0 80.0 
1038.48 -1.00 -1.00 0 80.9 
1038.80 -1.00 -1.00 0 80.9 
1039.09 -1.00 -1.00 0 80.9 
1039.39 -1.00 -1.00 0 82.1 
1039.75 -1.00 -1.00 0 82.1 
1040.12 -1.00 -1.00 0 82.1 
1040.31 -1.00 -1.00 0 82.9 
1040.59 -1.00 -1.00 0 82.9 
1040.89 -1.00 -1.00 0 82.9 
1041.27 -1.00 -1.00 0 82.9 
1041.51 -1.00 -1.00 0 85.2 
1041.73 -1.00 -1.00 0 85.2 
1042.07 -1.00 -1.00 0 85.2 
1042.42 -1.00 -1.00 0 84.6 
1042.72 -1.00 -1.00 0 84.6 
1043.02 -1.00 -1.00 0 84.6 
1043.42 -1.00 -1.00 0 83.8 
1043.76 -1.00 -1.00 0 83.8 
1044.11 -1.00 -1.00 0 83.8 
1044.43 -1.00 -1.00 0 85.8 
1044.65 -1.00 -1.00 0 85.8 
1045.08 -1.00 -1.00 0 85.8 
1045.41 -1.00 -1.00 0 85.8 
1045.62 -1.00 -1.00 0 85.8 
1045.89 -1.00 -1.00 0 85.8 
1046.25 -1.00 -1.00 0 85.8 
1046.59 -1.00 -1.00 0 83.9 
1046.87 -1.00 -1.00 0 83.9 
1047.32 -1.00 -1.00 0 83.9 
1047.65 -1.00 -1.00 0 80.4 
1047.86 -1.00 -1.00 0 80.4 
1048.20 -1.00 -1.00 0 80.4 
1048.49 -1.00 -1.00 0 78.5 
1048.75 -1.00 -1.00 0 78.5 
1049.13 -1.00 -1.00 0 78.5 
1049.39 -1.00 -1.00 0 78.4 
1049.73 -1.00 -1.00 0 78.4 
1050.08 -1.00 -1.00 0 78.4 
1050.41 -1.00 -1.00 0 78.5 
1050.61 -1.00 -1.00 0 78.5 
1050.95 -1.00 -1.00 0 78.5 
1051.31 -1.00 -1.00 1 78.5 
1051.63 -1.00 -1.00 1 77.7 
1051.94 -1.00 -1.00 1 77.7 
1052.32 -1.00 -1.00 1 77.7 
1052.63 -1.00 -1.00 1 80.2 
1052.93 -1.00 -1.00 1 80.2 
1053.26 -1.00 -1.00 1 80.2 
1053.48 -1.00 -1.00 1 81.0 
1053.86 -1.00 -1.00 1 81.0 
1054.22 -1.00 -1.00 1 81.0 
1054.51 -1.00 -1.00 1 81.0 
1054.86 -1.00 -1.00 1 81.0 
1055.19 -1.00 -1.00 1 81.0 
1055.55 -1.00 -1.00 1 77.2 
1055.96 -1.00 -1.00 1 77.2 
1056.41 -1.00 -1.00 1 77.2 
1056.80 92.15 4.54 1 73.0 
1057.18 94.26 4.65 1 73.0 
1057.51 90.91 4.61 1 70.9 
1058.32 -1.00 -1.00 1 70.9 
1058.71 -1.00 -1.00 1 68.4 
1059.13 -1.00 -1.00 1 68.4 
1059.54 -1.00 -1.00 1 68.8 
1059.90 -1.00 -1.00 1 68.8 
1060.37 -1.00 -1.00 1 68.8 
1060.79 -1.00 -1.00 1 70.0 
1061.20 -1.00 -1.00 1 70.0 
1061.49 -1.00 -1.00 1 69.8 
1061.78 24.54 1.27 1 69.8 
1062.12 24.65 1.27 2 69.8 
1062.49 25.10 1.33 2 67.8 
1062.82 -1.00 -1.00 2 67.8 
1063.20 -1.00 -1.00 2 67.8 
1063.50 29.44 1.51 2 70.2 
1063.83 30.30 1.55 2 70.2 
1064.20 32.25 1.65 2 70.2 
1064.57 33.45 1.74 2 69.2 
1064.92 16.56 0.86 2 69.2 
1065.20 17.74 0.92 2 69.2 
1065.57 18.86 0.99 1 68.4 
1065.83 20.16 1.06 1 68.4 
1066.22 21.43 1.13 1 68.4 
1066.58 22.70 1.20 1 68.3 
1066.92 24.62 1.30 1 68.3 
1067.27 26.53 1.40 1 68.3 
1067.70 28.97 1.56 1 66.9 
1068.00 30.92 1.66 1 66.9 
1068.39 33.06 1.78 1 66.9 
1068.72 35.42 1.99 1 64.0 
1069.00 37.40 2.10 1 64.0 
1069.34 37.70 2.12 1 64.0 
1069.75 38.85 2.21 1 63.4 
1070.19 40.39 2.30 1 63.4 
1070.57 41.69 2.41 1 62.4 
1070.86 45.17 2.61 1 62.4 
1071.30 50.63 2.92 1 62.4 
1071.63 55.11 3.27 1 60.7 
1072.08 57.70 3.42 1 60.7 
1072.49 59.97 3.74 1 57.7 
1072.94 58.98 3.68 1 57.7 
1073.35 58.62 3.66 1 57.7 
1073.65 59.81 3.84 1 56.1 
1074.08 60.85 3.91 1 56.1 
1074.44 61.79 4.06 1 54.8 
1074.78 62.59 4.12 1 54.8 
1075.32 64.32 4.23 1 54.8 
1075.65 -1.00 -1.00 1 53.4 
1075.87 -1.00 -1.00 1 53.4 
1076.21 -1.00 -1.00 1 53.4 
1076.50 -1.00 -1.00 1 50.1 
1076.72 -1.00 -1.00 1 50.1 
1077.07 -1.00 -1.00 1 50.1 
1077.44 -1.00 -1.00 1 51.1 
1068.00 30.92 1.66 1 66.9 
1068.39 33.06 1.78 1 66.9 
1068.72 35.42 1.99 1 64.0 
1069.00 37.40 2.10 1 64.0 
1069.34 37.70 2.12 1 64.0 
1069.75 38.85 2.21 1 63.4 
1070.19 40.39 2.30 1 63.4 
1070.57 41.69 2.41 1 62.4 
1070.86 45.17 2.61 1 62.4 
1071.30 50.63 2.92 1 62.4 
1071.63 55.11 3.27 1 60.7 
1072.08 57.70 3.42 1 60.7 
1072.49 59.97 3.74 1 57.7 
1072.94 58.98 3.68 1 57.7 
1073.35 58.62 3.66 1 57.7 
1073.65 59.81 3.84 1 56.1 
1074.08 60.85 3.91 1 56.1 
1074.44 61.79 4.06 1 54.8 
1074.78 62.59 4.12 1 54.8 
1075.32 64.32 4.23 1 54.8 
1075.65 -1.00 -1.00 1 53.4 
1075.87 -1.00 -1.00 1 53.4 
1076.21 -1.00 -1.00 1 53.4 
1076.50 -1.00 -1.00 1 50.1 
1076.72 -1.00 -1.00 1 50.1 
1077.07 -1.00 -1.00 1 50.1 
1077.44 -1.00 -1.00 1 51.1 
