8.72 0.0 40.505970 -3.360048 601.8 11 67 -1 -1 0 0 0 
9.69 81.3 40.505756 -3.362612 590.8 12 10 257.0 103.008 0 0 0 
10.72 82.9 40.505692 -3.362982 596.3 8 5 255.9 104.062 0 0 0 
11.71 82.3 40.505630 -3.363254 602.4 6 5 254.9 2.109 0 0 0 
12.81 82.4 40.505573 -3.363524 602.3 6 5 253.5 2.461 0 0 0 
13.69 83.2 40.505508 -3.363781 601.2 4 5 251.7 3.164 0 0 0 
14.72 84.3 40.505432 -3.364037 601.0 4 5 250.3 3.164 0 0 0 
15.72 85.1 40.505352 -3.364275 601.8 6 5 249.3 2.461 0 0 0 
16.71 86.5 40.505272 -3.364545 602.1 4 5 247.5 2.812 0 0 0 
17.70 87.4 40.505180 -3.364813 602.6 4 5 245.7 3.516 2 0 0 
18.72 88.8 40.505081 -3.365079 603.2 4 5 244.3 3.164 0 0 0 
19.72 88.4 40.504978 -3.365335 603.3 4 5 243.3 2.461 0 0 0 
20.70 88.5 40.504871 -3.365593 603.6 4 5 242.2 2.109 0 0 0 
21.71 89.7 40.504761 -3.365853 603.6 4 5 241.5 1.758 0 0 0 
22.72 90.3 40.504650 -3.366107 603.8 4 5 240.1 2.109 0 0 0 
23.73 90.3 40.504532 -3.366361 604.1 4 5 239.1 2.461 0 0 0 
24.77 91.1 40.504414 -3.366614 603.8 4 5 238.0 2.109 0 0 0 
25.77 91.5 40.504292 -3.366869 604.0 3 5 237.7 1.406 0 0 0 
26.71 90.9 40.504169 -3.367118 603.5 3 5 237.3 0.703 0 0 0 
27.69 91.6 40.504040 -3.367370 602.8 3 5 237.3 0.352 0 0 0 
28.69 91.0 40.503918 -3.367625 602.7 3 5 237.0 0.352 0 0 0 
29.75 91.2 40.503784 -3.367871 602.1 3 5 237.0 0.352 0 0 0 
30.71 91.2 40.503658 -3.368122 602.1 4 5 237.0 0 1 0 0 
31.70 91.3 40.503544 -3.368366 601.4 6 5 237.3 0.352 0 0 0 
32.70 91.9 40.503422 -3.368617 601.7 4 5 237.7 0.703 0 0 0 
33.70 91.4 40.503304 -3.368873 601.0 4 5 237.7 0.352 0 0 0 
34.71 91.5 40.503174 -3.369116 601.1 4 5 236.2 1.406 0 0 0 
35.70 89.7 40.503048 -3.369362 600.9 4 5 236.2 1.406 0 0 0 
36.72 90.0 40.502922 -3.369617 600.6 4 5 236.6 0.352 0 0 0 
37.70 89.6 40.502808 -3.369866 600.9 4 5 237.3 1.055 0 0 0 
38.70 87.4 40.502686 -3.370118 600.4 6 5 237.7 1.055 0 0 0 
39.70 88.2 40.502567 -3.370368 600.9 6 5 238.7 1.406 1 0 0 
40.70 87.1 40.502441 -3.370601 599.7 6 5 237.3 1.406 2 0 0 
41.71 89.9 40.502319 -3.370851 600.6 6 5 237.7 1.055 2 1 0 
42.70 90.4 40.502197 -3.371103 600.2 6 5 237.0 0.703 1 1 0 
43.72 91.0 40.502075 -3.371348 599.6 6 5 237.0 0.703 2 1 0 
44.71 91.5 40.501949 -3.371616 599.9 6 5 238.0 1.055 2 1 0 
45.71 92.4 40.501827 -3.371873 599.8 6 5 237.3 0.703 1 1 0 
46.71 93.2 40.501698 -3.372141 599.6 6 5 236.2 1.758 0 2 0 
47.71 94.0 40.501568 -3.372407 599.6 6 5 236.6 0.703 0 1 0 
48.70 95.2 40.501438 -3.372663 599.8 4 5 236.6 0.352 0 1 0 
49.73 94.6 40.501308 -3.372926 599.6 4 5 237.0 0.352 0 1 0 
50.79 94.1 40.501175 -3.373184 599.3 4 5 238.4 1.758 0 1 0 
51.72 90.5 40.501060 -3.373429 600.7 6 5 237.0 1.406 1 1 0 
52.75 94.3 40.500938 -3.373684 599.1 6 5 238.0 1.055 2 2 0 
53.78 94.0 40.500813 -3.373949 599.1 6 5 237.0 1.055 0 2 0 
54.72 94.0 40.500687 -3.374212 598.9 6 5 235.9 2.109 0 2 0 
55.78 93.4 40.500553 -3.374466 598.8 4 5 235.9 1.055 0 2 0 
56.72 93.4 40.500423 -3.374719 598.2 4 5 235.9 0 1 2 0 
57.71 93.5 40.500298 -3.374975 598.1 4 5 236.6 0.703 2 2 0 
58.70 94.0 40.500164 -3.375235 598.1 4 5 237.3 1.406 1 2 0 
59.69 90.9 40.500042 -3.375489 598.3 4 5 236.2 1.055 0 2 0 
60.71 96.9 40.499912 -3.375760 597.8 4 5 238.4 2.109 0 2 0 
61.71 95.7 40.499790 -3.376021 597.6 4 5 236.6 1.758 0 2 0 
62.71 96.5 40.499653 -3.376287 598.6 4 5 235.9 2.461 0 2 0 
63.72 96.8 40.499516 -3.376555 597.9 4 5 235.2 1.406 1 2 0 
64.72 96.9 40.499371 -3.376814 597.0 4 5 235.9 0.703 1 2 0 
65.71 97.6 40.499233 -3.377081 597.0 4 5 236.2 1.055 1 2 0 
66.73 96.6 40.499096 -3.377344 597.0 4 5 235.9 0.352 1 2 0 
67.72 96.7 40.498970 -3.377607 597.4 4 5 237.3 1.406 1 2 0 
68.73 95.9 40.498852 -3.377865 596.6 4 5 237.3 1.406 0 2 0 
69.74 96.6 40.498730 -3.378117 596.7 4 5 236.2 1.055 0 2 0 
70.72 95.1 40.498600 -3.378374 596.6 6 5 237.0 0.703 0 2 0 
71.70 94.5 40.498459 -3.378641 596.3 6 5 235.5 1.406 0 2 0 
72.72 93.8 40.498322 -3.378896 596.3 6 5 235.2 1.758 0 2 0 
73.72 93.3 40.498192 -3.379150 596.3 4 5 235.9 0.703 1 3 0 
74.69 92.3 40.498062 -3.379403 596.1 4 5 235.9 0.703 1 3 0 
75.71 91.7 40.497932 -3.379646 596.2 4 5 236.6 0.703 2 3 0 
76.77 91.2 40.497803 -3.379896 595.8 4 5 235.9 0.703 2 3 0 
77.74 90.2 40.497673 -3.380141 595.5 4 5 236.2 0.352 1 3 0 
78.69 90.4 40.497551 -3.380389 595.2 4 5 237.3 1.406 0 3 0 
79.74 90.0 40.497425 -3.380639 595.0 4 5 237.3 1.055 0 3 0 
80.69 89.9 40.497307 -3.380889 594.8 4 5 237.3 0 1 3 0 
81.70 90.8 40.497185 -3.381137 595.1 4 5 236.2 1.055 0 3 0 
82.69 91.4 40.497063 -3.381379 594.5 4 5 235.5 1.758 0 3 0 
83.71 92.3 40.496933 -3.381613 594.9 4 5 234.8 1.406 0 3 0 
84.69 93.2 40.496807 -3.381854 594.9 4 5 236.2 1.406 0 3 0 
85.72 92.7 40.496677 -3.382107 595.0 4 5 236.2 1.406 0 3 0 
86.74 91.2 40.496548 -3.382350 594.5 4 5 235.5 0.703 0 3 0 
87.70 88.8 40.496418 -3.382592 594.6 4 5 234.5 1.758 1 3 0 
88.70 89.7 40.496288 -3.382836 594.7 4 5 234.5 1.055 1 4 0 
89.69 89.6 40.496159 -3.383081 594.5 4 5 235.5 1.055 0 4 0 
90.70 89.5 40.496040 -3.383330 594.7 4 5 236.2 1.758 0 4 0 
91.69 89.6 40.495914 -3.383575 594.5 4 5 235.5 0.703 0 4 0 
92.74 89.3 40.495792 -3.383824 594.9 4 5 234.5 1.758 0 4 0 
93.70 88.8 40.495659 -3.384058 594.1 4 5 233.4 2.109 0 4 0 
94.70 88.3 40.495525 -3.384287 595.6 4 5 233.1 1.406 0 4 0 
95.71 88.3 40.495392 -3.384518 594.6 4 5 233.1 0.352 0 4 0 
96.70 87.2 40.495262 -3.384750 594.2 4 5 233.1 0 0 4 0 
97.73 87.3 40.495132 -3.384986 594.6 3 5 233.8 0.703 1 4 0 
98.71 87.8 40.494999 -3.385210 594.6 3 5 231.3 2.461 1 4 0 
99.70 87.3 40.494862 -3.385436 594.6 3 5 231.3 2.461 0 4 0 
100.71 87.0 40.494724 -3.385662 594.1 4 5 231.3 0 0 4 0 
101.73 87.6 40.494583 -3.385882 595.8 3 5 231.0 0.352 0 3 0 
102.70 88.0 40.494446 -3.386109 595.0 3 5 231.0 0.352 1 3 0 
103.70 88.7 40.494305 -3.386332 594.1 3 5 230.6 0.352 2 3 0 
104.71 88.3 40.494167 -3.386551 594.9 3 5 230.6 0.352 2 3 0 
105.71 88.5 40.494030 -3.386775 594.1 3 5 230.3 0.352 2 3 0 
106.70 88.7 40.493889 -3.386997 594.3 3 5 229.6 1.055 2 3 0 
107.71 88.3 40.493748 -3.387217 596.6 3 5 228.9 1.406 0 3 0 
108.70 89.0 40.493603 -3.387434 594.1 3 5 228.5 1.055 0 3 0 
109.77 90.4 40.493454 -3.387654 594.3 3 5 228.5 0.352 0 3 0 
110.71 91.5 40.493301 -3.387880 594.4 3 5 228.9 0.352 1 4 0 
111.74 93.1 40.493149 -3.388102 595.7 3 5 228.9 0.352 0 3 0 
112.70 93.9 40.492992 -3.388332 594.8 3 5 228.5 0.352 0 3 0 
113.71 94.1 40.492840 -3.388552 594.3 4 5 228.2 0.703 0 3 0 
114.71 92.3 40.492687 -3.388785 593.7 4 5 228.2 0.352 1 3 0 
115.71 92.5 40.492531 -3.389012 594.3 4 5 228.5 0.352 1 3 0 
116.71 92.4 40.492382 -3.389221 593.2 4 5 227.8 0.703 2 3 0 
117.72 91.8 40.492226 -3.389439 594.4 4 5 227.5 1.055 2 3 0 
118.77 92.0 40.492069 -3.389664 593.3 4 5 227.5 0.352 2 3 0 
119.72 91.7 40.491913 -3.389891 592.9 4 5 227.1 0.352 0 3 0 
120.82 91.3 40.491760 -3.390100 592.9 4 5 227.1 0.352 0 3 0 
121.79 91.0 40.491604 -3.390322 592.2 4 5 227.1 0 0 3 0 
122.72 92.1 40.491455 -3.390543 593.4 4 5 227.1 0 0 3 0 
123.71 92.3 40.491299 -3.390752 592.8 4 5 226.8 0.352 0 3 0 
124.69 91.7 40.491135 -3.390971 592.1 4 5 226.1 1.055 0 3 0 
125.78 92.6 40.490974 -3.391191 592.0 4 5 226.1 0.703 0 3 0 
126.72 93.1 40.490818 -3.391413 591.9 4 5 226.8 0.703 0 3 0 
127.72 92.5 40.490658 -3.391631 591.6 4 5 227.1 1.055 1 3 0 
128.73 93.1 40.490498 -3.391846 591.4 4 5 226.8 0.352 2 3 0 
129.72 93.2 40.490334 -3.392068 590.9 4 5 225.7 1.406 0 3 0 
130.72 93.7 40.490170 -3.392284 591.0 4 5 224.6 2.109 0 3 0 
131.72 93.0 40.490002 -3.392505 590.7 4 5 225.4 0.703 0 3 0 
132.71 93.1 40.489845 -3.392726 590.5 4 5 225.7 1.055 0 3 0 
133.75 93.9 40.489685 -3.392946 590.1 4 5 226.8 1.406 0 3 0 
134.69 93.7 40.489525 -3.393175 590.7 4 5 227.5 1.758 1 3 0 
135.69 92.8 40.489365 -3.393388 590.4 4 5 226.8 0.703 1 3 0 
136.69 91.9 40.489204 -3.393609 590.1 4 5 225.7 1.758 0 3 0 
137.69 93.1 40.489044 -3.393820 589.9 4 5 225.4 1.406 0 3 0 
138.76 93.0 40.488880 -3.394039 590.6 4 5 226.4 1.055 0 3 0 
139.69 93.0 40.488720 -3.394258 591.1 4 5 225.7 0.703 0 3 0 
140.76 93.0 40.488556 -3.394476 589.4 4 5 225.7 0.703 1 3 0 
141.73 93.8 40.488388 -3.394691 588.8 4 5 225.7 0 1 3 0 
142.71 92.4 40.488228 -3.394909 588.8 4 5 225.7 0 1 3 0 
143.69 93.3 40.488064 -3.395136 588.9 4 5 226.8 1.055 0 3 0 
144.73 94.2 40.487904 -3.395370 589.1 4 5 226.8 1.055 0 3 0 
145.69 94.9 40.487751 -3.395603 588.9 4 5 226.8 0 0 3 0 
146.70 96.2 40.487579 -3.395819 589.0 4 5 225.4 1.406 0 3 0 
147.69 94.7 40.487411 -3.396044 588.9 4 5 225.4 1.406 1 3 0 
148.72 94.6 40.487240 -3.396256 588.7 4 5 224.3 1.055 1 3 0 
149.76 94.8 40.487068 -3.396479 589.0 4 5 223.6 1.758 1 3 0 
150.71 94.9 40.486908 -3.396691 589.0 4 5 223.6 0.703 1 3 0 
151.70 94.9 40.486740 -3.396894 588.7 4 5 222.5 1.055 0 3 0 
152.70 94.7 40.486561 -3.397111 588.7 4 5 221.8 1.758 0 3 0 
153.70 92.6 40.486385 -3.397312 588.4 6 5 221.5 1.055 0 3 0 
154.71 93.5 40.486206 -3.397508 588.0 4 5 220.4 1.406 0 3 0 
155.76 94.1 40.486031 -3.397707 587.5 4 5 221.5 1.055 0 3 0 
156.74 94.4 40.485851 -3.397911 589.6 4 5 220.8 0.703 0 3 0 
157.70 93.8 40.485668 -3.398098 588.2 4 5 219.4 2.109 0 3 0 
158.70 93.6 40.485489 -3.398285 588.2 4 5 218.0 2.812 0 3 0 
159.70 94.4 40.485302 -3.398471 588.1 4 5 218.0 1.406 1 3 0 
160.75 94.1 40.485111 -3.398662 588.1 4 5 217.6 0.352 2 3 0 
161.71 94.7 40.484924 -3.398851 587.7 4 5 217.3 0.703 1 3 0 
162.70 93.8 40.484737 -3.399044 587.6 4 5 218.0 0.703 0 3 0 
163.72 95.2 40.484550 -3.399238 587.7 4 5 217.6 0.352 0 3 0 
164.72 94.8 40.484360 -3.399427 587.2 4 5 216.6 1.406 0 3 0 
165.70 95.2 40.484173 -3.399614 586.8 4 5 216.6 1.055 1 3 0 
166.71 95.2 40.483982 -3.399799 585.9 4 5 216.6 0 0 3 0 
167.77 92.5 40.483795 -3.399987 587.2 4 5 216.6 0 0 3 0 
168.70 91.4 40.483604 -3.400165 585.4 4 5 216.9 0.352 0 3 0 
169.71 92.1 40.483418 -3.400346 585.2 4 5 216.9 0.352 1 3 0 
170.71 92.3 40.483231 -3.400528 585.0 4 5 216.6 0.352 0 3 0 
171.71 92.5 40.483051 -3.400692 584.6 4 5 215.9 1.055 0 3 0 
172.73 93.0 40.482864 -3.400865 584.2 4 5 215.5 1.055 0 3 0 
173.77 93.7 40.482685 -3.401055 583.7 4 5 216.6 1.055 0 3 0 
174.75 93.5 40.482502 -3.401237 583.2 4 5 217.3 1.758 0 3 0 
175.71 93.3 40.482319 -3.401423 582.1 4 5 216.9 0.352 1 3 0 
176.85 93.3 40.482132 -3.401609 581.7 4 5 218.0 1.055 1 3 0 
177.82 89.1 40.481949 -3.401793 581.1 4 5 216.9 1.055 2 3 0 
178.75 88.1 40.481777 -3.401970 581.0 4 5 217.3 0.703 2 3 0 
179.72 86.6 40.481602 -3.402138 580.7 4 5 215.9 1.406 0 3 0 
180.71 85.6 40.481426 -3.402306 580.3 4 5 214.8 2.461 0 3 0 
181.72 85.7 40.481255 -3.402465 580.2 4 5 215.5 0.703 0 3 0 
182.83 86.1 40.481079 -3.402625 581.1 4 5 217.3 2.461 0 3 0 
183.71 86.5 40.480900 -3.402793 580.1 4 5 216.9 1.406 0 3 0 
184.71 85.3 40.480724 -3.402965 579.5 4 5 216.2 1.055 0 3 0 
185.78 86.9 40.480549 -3.403121 579.7 4 5 216.2 0.703 0 3 0 
186.72 88.7 40.480370 -3.403296 579.5 4 5 216.2 0 0 3 0 
187.77 89.2 40.480186 -3.403459 579.0 4 5 216.9 0.703 0 3 0 
188.72 90.7 40.479996 -3.403641 579.3 4 5 217.1 0.850 0 3 0 
189.69 90.7 40.479820 -3.403819 578.9 4 5 217.1 0.147 0 3 0 
190.72 91.3 40.479641 -3.404003 579.3 4 5 217.1 0 0 2 0 
191.69 91.7 40.479465 -3.404190 577.9 4 5 219.4 2.360 1 2 0 
192.72 92.0 40.479282 -3.404383 577.5 4 5 220.2 3.145 1 3 0 
193.74 93.0 40.479095 -3.404578 577.5 4 5 221.4 2.020 2 3 0 
194.82 94.4 40.478912 -3.404787 577.1 4 5 221.4 1.236 0 3 0 
195.69 94.8 40.478725 -3.405002 577.3 4 5 221.4 0 0 3 0 
196.70 95.5 40.478550 -3.405212 576.6 4 5 223.2 1.751 2 3 0 
197.69 96.8 40.478374 -3.405432 576.4 4 5 222.2 1.005 0 3 0 
198.71 97.7 40.478199 -3.405650 576.8 4 5 223.9 1.758 0 3 0 
199.71 97.6 40.478024 -3.405866 576.4 4 5 225.0 2.812 0 3 0 
200.69 97.6 40.477852 -3.406086 576.3 4 5 225.7 1.758 0 3 0 
201.71 97.7 40.477684 -3.406318 575.8 4 5 226.8 1.758 0 2 0 
202.70 98.5 40.477516 -3.406558 575.7 4 5 227.5 1.758 1 2 0 
203.72 96.6 40.477345 -3.406785 576.1 6 5 227.5 0.703 1 3 0 
204.72 96.1 40.477188 -3.407025 577.2 6 5 228.9 1.406 1 3 0 
205.70 95.0 40.477032 -3.407266 577.1 4 5 229.6 2.109 1 3 0 
206.71 93.3 40.476875 -3.407498 576.6 4 5 230.3 1.406 1 3 0 
207.77 94.8 40.476727 -3.407741 576.9 4 5 231.7 2.109 0 3 0 
208.71 95.0 40.476585 -3.407995 576.3 4 5 232.4 2.109 0 3 0 
209.72 94.7 40.476440 -3.408248 575.0 4 5 233.1 1.406 0 3 0 
210.75 94.2 40.476299 -3.408501 574.4 4 5 233.8 1.406 2 3 0 
211.71 94.6 40.476154 -3.408761 573.4 4 5 234.1 1.055 1 3 0 
212.70 93.9 40.476017 -3.409010 573.3 4 5 235.2 1.406 1 3 0 
213.71 94.2 40.475883 -3.409263 573.7 4 5 235.2 1.055 1 3 0 
214.72 94.8 40.475754 -3.409501 573.8 4 5 235.9 0.703 1 3 0 
215.71 95.5 40.475624 -3.409765 574.4 4 5 237.3 2.109 1 3 0 
216.73 95.7 40.475502 -3.410032 574.1 4 5 237.7 1.758 0 3 0 
217.73 96.3 40.475372 -3.410299 574.7 4 5 238.0 0.703 0 3 0 
218.76 95.6 40.475243 -3.410558 574.5 4 5 236.6 1.406 0 3 0 
219.76 97.1 40.475109 -3.410832 577.0 4 5 239.8 3.164 0 3 0 
220.70 98.7 40.474998 -3.411121 576.4 4 5 241.2 4.570 0 3 0 
221.70 97.5 40.474880 -3.411404 575.5 4 5 242.6 2.812 0 3 0 
222.71 99.1 40.474762 -3.411691 575.9 4 5 242.9 1.758 0 3 0 
223.71 99.4 40.474648 -3.411993 576.4 4 5 243.6 1.055 0 3 0 
224.75 99.8 40.474537 -3.412282 576.7 4 5 244.0 1.055 0 3 0 
225.71 99.0 40.474445 -3.412578 576.1 4 5 245.0 1.406 0 3 0 
226.71 98.7 40.474342 -3.412874 575.8 4 5 246.1 2.109 0 3 0 
227.71 98.0 40.474247 -3.413177 576.3 4 5 247.5 2.461 1 3 0 
228.71 96.7 40.474152 -3.413476 576.3 4 5 247.9 1.758 2 3 0 
229.73 94.9 40.474068 -3.413763 576.5 4 5 248.2 0.703 0 3 0 
230.83 93.7 40.473972 -3.414052 576.4 4 5 248.9 1.055 0 3 0 
231.72 92.5 40.473892 -3.414336 576.8 4 5 250.7 2.461 0 3 0 
232.70 91.2 40.473827 -3.414623 577.2 4 5 252.1 3.164 0 3 0 
233.70 90.0 40.473755 -3.414917 577.5 4 5 252.1 1.406 0 3 0 
234.71 89.1 40.473682 -3.415196 577.9 4 5 252.8 0.703 0 3 0 
235.73 88.8 40.473610 -3.415472 578.8 4 5 252.1 0.703 0 3 0 
236.69 89.5 40.473541 -3.415756 578.3 4 5 252.1 0.703 0 3 0 
237.74 88.9 40.473473 -3.416027 578.2 4 5 252.8 0.703 0 3 0 
238.71 88.2 40.473404 -3.416308 578.9 4 5 251.7 1.055 0 2 0 
239.69 86.8 40.473331 -3.416576 581.3 3 5 251.7 1.055 1 2 0 
240.70 87.3 40.473263 -3.416842 582.1 4 5 252.1 0.352 1 2 0 
241.72 87.3 40.473202 -3.417110 579.8 4 5 252.8 1.055 1 3 0 
242.69 85.5 40.473137 -3.417371 578.4 4 5 251.7 1.055 1 3 0 
243.74 85.5 40.473068 -3.417637 578.5 4 5 251.7 1.055 1 3 0 
244.74 83.2 40.473000 -3.417877 578.7 4 5 251.0 0.703 1 3 0 
245.69 83.3 40.472950 -3.418123 578.5 4 5 252.1 1.055 1 3 0 
246.70 84.6 40.472878 -3.418398 578.3 4 5 252.1 1.055 1 3 0 
247.73 85.2 40.472813 -3.418671 578.7 4 5 251.7 0.352 1 3 0 
248.82 85.8 40.472740 -3.418934 578.8 4 5 251.0 1.055 0 4 0 
249.72 86.8 40.472668 -3.419198 578.0 4 5 250.7 1.055 0 4 0 
250.71 88.2 40.472591 -3.419465 577.9 4 5 251.4 0.703 0 4 0 
251.70 89.7 40.472523 -3.419744 577.6 4 5 251.4 0.703 0 4 0 
252.71 90.3 40.472446 -3.420027 577.9 4 5 251.4 0 0 3 0 
253.70 91.0 40.472378 -3.420312 577.9 4 5 251.0 0.352 1 3 0 
254.69 91.4 40.472305 -3.420594 576.4 3 5 250.7 0.703 0 3 0 
255.69 91.2 40.472229 -3.420876 576.3 3 5 250.7 0.352 0 3 0 
256.71 91.1 40.472153 -3.421161 575.8 3 5 251.4 0.703 0 3 0 
257.71 90.2 40.472080 -3.421437 575.7 3 5 251.7 1.055 0 3 0 
258.70 89.4 40.472019 -3.421699 575.5 4 5 251.7 0.352 0 3 0 
259.70 88.0 40.471939 -3.421967 575.4 4 5 250.3 1.406 0 3 0 
260.70 88.2 40.471870 -3.422247 575.6 4 5 249.6 2.109 0 3 0 
261.69 88.4 40.471786 -3.422507 575.7 4 5 248.6 1.758 1 3 0 
262.70 89.1 40.471714 -3.422781 575.5 4 5 249.6 1.055 1 3 0 
263.70 91.0 40.471634 -3.423055 575.2 4 5 249.6 1.055 1 3 0 
264.73 90.6 40.471546 -3.423332 576.1 4 5 249.3 0.352 1 3 0 
265.72 90.5 40.471466 -3.423611 575.4 4 5 249.3 0.352 1 3 0 
266.74 90.6 40.471386 -3.423893 575.1 4 5 249.6 0.352 1 3 0 
267.75 91.6 40.471306 -3.424176 575.1 4 5 249.3 0.352 1 3 0 
268.72 90.8 40.471233 -3.424467 575.1 4 5 248.9 0.703 1 3 0 
269.74 90.5 40.471153 -3.424744 575.5 4 5 248.9 0.352 1 4 0 
270.79 91.3 40.471069 -3.425024 574.7 4 5 249.6 0.703 0 4 0 
271.73 89.7 40.471004 -3.425294 574.5 4 5 250.7 1.758 0 4 0 
272.70 88.7 40.470928 -3.425567 574.3 4 5 249.6 1.055 0 3 0 
273.75 90.1 40.470852 -3.425846 575.6 4 5 248.6 2.109 0 3 0 
274.75 89.1 40.470764 -3.426124 574.6 4 5 248.9 0.703 0 3 0 
275.71 89.1 40.470680 -3.426398 574.3 4 5 249.3 0.703 1 3 0 
276.72 88.1 40.470608 -3.426668 574.5 4 5 249.6 0.703 2 3 0 
277.80 86.2 40.470528 -3.426941 574.8 4 5 250.0 0.703 2 3 0 
278.70 86.5 40.470448 -3.427200 574.4 4 5 249.3 0.703 0 3 0 
279.72 86.8 40.470371 -3.427469 575.4 4 5 249.6 0.352 0 3 0 
280.71 87.6 40.470295 -3.427742 575.8 4 5 250.3 1.055 2 3 0 
281.71 86.9 40.470226 -3.428016 576.8 4 5 251.0 1.406 2 4 0 
282.70 85.2 40.470158 -3.428275 576.7 4 5 251.4 1.055 2 4 0 
283.71 85.2 40.470089 -3.428538 577.1 4 5 250.7 0.703 1 4 0 
284.71 87.7 40.470016 -3.428796 577.7 4 5 250.3 1.055 0 4 0 
285.71 88.7 40.469936 -3.429074 578.5 4 5 250.7 0.352 0 4 0 
286.83 89.2 40.469868 -3.429360 579.3 4 5 250.7 0.352 1 4 0 
287.70 90.3 40.469807 -3.429632 579.7 4 5 251.4 0.703 2 4 0 
288.74 90.9 40.469738 -3.429913 580.4 4 5 253.1 2.461 1 4 0 
289.72 91.3 40.469677 -3.430213 580.6 4 5 254.5 3.164 1 4 0 
290.81 91.7 40.469624 -3.430502 580.7 4 5 254.5 1.406 1 4 0 
291.74 93.0 40.469566 -3.430794 581.3 4 5 256.3 1.758 1 5 1 
292.74 92.7 40.469505 -3.431092 581.8 4 5 255.9 1.406 0 5 1 
293.72 93.6 40.469452 -3.431393 583.0 4 5 257.0 1.055 0 5 1 
294.70 92.6 40.469402 -3.431701 582.5 4 5 258.0 2.109 0 5 1 
295.72 91.9 40.469360 -3.431995 582.8 3 5 258.0 1.055 0 5 1 
296.75 91.6 40.469318 -3.432285 582.9 3 5 257.7 0.352 1 5 1 
297.71 89.7 40.469269 -3.432582 583.5 3 5 258.4 0.703 2 5 1 
298.72 91.4 40.469223 -3.432878 584.1 4 5 259.1 1.406 1 5 1 
299.88 90.9 40.469181 -3.433150 584.3 3 5 259.8 1.406 0 5 1 
300.74 90.4 40.469139 -3.433452 583.7 3 5 260.2 1.055 0 5 1 
301.77 89.4 40.469101 -3.433733 584.0 3 5 260.2 0.352 1 5 1 
302.73 89.5 40.469070 -3.434011 585.4 4 5 259.8 0.352 2 5 1 
303.72 88.8 40.469028 -3.434304 585.2 4 5 259.8 0.352 2 5 1 
304.72 88.1 40.468987 -3.434588 585.6 4 5 258.0 1.758 1 5 1 
305.72 88.6 40.468933 -3.434878 585.7 4 5 258.0 1.758 1 5 1 
306.70 88.8 40.468887 -3.435165 586.3 4 5 258.8 0.703 2 5 1 
307.74 91.3 40.468842 -3.435463 586.3 4 5 258.0 0.703 1 5 1 
308.84 88.7 40.468796 -3.435727 586.1 4 5 257.3 1.406 1 5 1 
309.70 88.9 40.468746 -3.436013 586.5 6 5 257.3 0.703 1 5 1 
310.69 88.6 40.468719 -3.436289 586.4 6 5 258.0 0.703 1 5 1 
311.70 89.7 40.468666 -3.436581 586.3 6 5 257.3 0.703 1 6 1 
312.70 91.0 40.468613 -3.436854 585.8 6 5 256.3 1.758 0 6 1 
313.70 91.8 40.468555 -3.437143 585.1 6 5 255.6 1.758 0 6 1 
314.73 91.5 40.468494 -3.437436 583.8 6 5 256.6 1.055 0 5 1 
315.70 90.3 40.468449 -3.437716 587.8 6 5 257.7 2.109 1 6 1 
316.74 90.0 40.468395 -3.438011 587.0 6 5 257.0 0.703 1 6 1 
317.71 89.2 40.468346 -3.438284 583.7 6 5 256.3 1.406 0 6 1 
318.69 89.8 40.468292 -3.438572 583.5 6 5 257.0 0.703 0 6 1 
319.76 88.8 40.468235 -3.438860 583.3 6 5 256.3 0.703 0 6 1 
320.71 88.9 40.468178 -3.439146 583.1 6 5 257.3 1.055 0 6 1 
321.70 89.3 40.468128 -3.439436 583.1 6 5 257.7 1.406 1 6 1 
322.72 89.3 40.468082 -3.439723 582.7 6 5 257.7 0.352 2 6 1 
323.75 90.3 40.468025 -3.440019 582.1 6 5 257.0 0.703 2 6 1 
324.71 87.6 40.467976 -3.440291 583.0 6 5 257.3 0.352 2 6 1 
325.69 87.2 40.467934 -3.440554 580.5 6 5 257.3 0.352 1 6 1 
326.70 84.7 40.467888 -3.440829 580.5 6 5 259.1 1.758 2 6 1 
327.70 86.2 40.467865 -3.441097 580.4 6 5 260.2 2.812 2 6 1 
328.70 85.1 40.467827 -3.441376 580.0 6 5 259.8 0.703 2 6 1 
329.70 84.3 40.467781 -3.441659 580.0 6 5 260.5 0.703 2 6 1 
330.70 84.0 40.467739 -3.441940 580.2 6 5 260.9 1.055 2 6 1 
331.72 84.5 40.467720 -3.442225 580.2 6 5 261.6 1.055 2 6 1 
332.74 84.9 40.467682 -3.442504 581.1 6 5 261.9 1.055 2 6 1 
333.71 85.7 40.467659 -3.442787 580.1 6 5 263.0 1.406 2 7 1 
334.77 84.6 40.467628 -3.443063 579.9 6 5 263.3 1.406 2 7 1 
335.80 87.0 40.467598 -3.443346 579.8 6 5 263.3 0.352 1 7 1 
336.69 87.8 40.467571 -3.443633 579.8 4 5 262.6 0.703 0 7 1 
337.70 87.8 40.467537 -3.443919 580.5 4 5 262.6 0.703 0 6 1 
338.71 87.1 40.467514 -3.444183 581.6 4 5 263.7 1.055 0 6 1 
339.78 86.8 40.467491 -3.444469 581.6 4 5 263.7 1.055 0 6 1 
340.85 86.5 40.467468 -3.444750 579.8 4 5 264.4 0.703 0 6 1 
341.78 85.2 40.467445 -3.445035 579.0 4 5 264.7 1.055 1 6 1 
342.71 85.3 40.467419 -3.445320 578.7 4 5 263.7 1.055 1 6 1 
343.72 85.1 40.467392 -3.445599 579.3 4 5 263.3 1.406 0 6 1 
344.72 85.2 40.467365 -3.445882 579.1 4 5 262.6 1.055 0 6 1 
345.70 85.5 40.467339 -3.446153 579.1 4 5 262.3 1.055 0 6 1 
346.69 84.8 40.467308 -3.446435 579.1 4 5 262.6 0.352 1 6 1 
347.72 83.9 40.467285 -3.446713 579.1 4 5 263.3 1.055 1 6 1 
348.71 82.7 40.467266 -3.446980 579.1 4 5 264.0 1.406 0 6 1 
349.71 80.0 40.467243 -3.447245 579.3 4 5 264.4 1.055 0 6 1 
350.80 78.3 40.467228 -3.447494 578.6 4 5 264.7 0.703 0 6 1 
351.71 76.0 40.467209 -3.447746 578.4 3 5 264.4 0.352 0 5 1 
352.73 73.5 40.467190 -3.447981 579.0 3 5 263.0 1.758 0 5 1 
353.71 73.1 40.467167 -3.448222 579.0 3 5 263.0 1.406 0 5 1 
354.74 74.1 40.467144 -3.448472 578.5 3 5 263.7 0.703 0 5 1 
355.70 75.1 40.467121 -3.448716 578.9 3 5 264.0 1.055 0 5 1 
356.84 73.9 40.467102 -3.448954 579.0 3 5 264.4 0.703 0 5 1 
357.70 70.8 40.467079 -3.449196 578.9 3 5 264.4 0.352 0 5 1 
358.69 67.6 40.467064 -3.449425 578.9 3 5 264.4 0 0 5 1 
359.70 67.0 40.467045 -3.449649 578.5 3 5 263.3 1.055 0 5 1 
360.69 69.4 40.467030 -3.449865 579.4 3 5 264.4 1.055 0 5 1 
361.72 70.5 40.467022 -3.450079 579.2 3 5 264.4 1.055 0 5 1 
362.70 71.7 40.467007 -3.450316 579.8 3 5 264.4 0 0 4 0 
363.72 72.0 40.466999 -3.450552 579.5 3 5 264.7 0.352 0 4 0 
364.79 72.6 40.466984 -3.450786 579.4 3 5 264.7 0.352 0 4 0 
365.72 73.8 40.466972 -3.451025 582.8 3 5 265.8 1.055 0 4 0 
366.75 74.2 40.466957 -3.451266 582.8 3 5 265.4 0.703 0 4 0 
367.72 75.2 40.466942 -3.451506 582.9 3 5 266.1 0.703 0 4 0 
368.72 75.7 40.466930 -3.451751 583.3 3 5 266.1 0.703 0 4 0 
369.72 76.2 40.466923 -3.451993 583.6 3 5 266.5 0.352 0 3 0 
370.70 77.5 40.466911 -3.452244 582.6 3 5 266.5 0.352 0 3 0 
371.70 77.9 40.466900 -3.452482 581.3 3 5 266.5 0 0 3 0 
372.70 78.9 40.466885 -3.452736 581.5 3 5 266.1 0.352 1 3 0 
373.79 79.3 40.466873 -3.452984 582.0 3 5 267.2 1.055 2 3 0 
374.79 79.6 40.466866 -3.453249 582.5 4 5 268.2 2.109 0 3 0 
375.80 79.5 40.466858 -3.453505 582.2 4 5 268.9 1.758 1 3 0 
376.70 80.1 40.466846 -3.453769 582.7 6 5 267.5 1.406 1 3 0 
377.79 80.8 40.466831 -3.454030 582.8 6 5 267.5 1.406 2 3 0 
378.70 80.7 40.466820 -3.454297 582.3 6 5 268.2 0.703 2 4 0 
379.71 81.2 40.466816 -3.454565 582.5 6 5 269.0 1.486 0 4 0 
380.69 81.3 40.466805 -3.454836 582.5 4 5 269.7 1.444 0 4 0 
381.70 81.8 40.466797 -3.455123 584.4 4 5 269.7 0.661 0 3 0 
382.69 81.8 40.466797 -3.455384 584.4 4 5 269.7 0 1 3 0 
383.79 82.8 40.466797 -3.455642 583.4 4 5 270.7 1.000 0 3 0 
384.70 83.9 40.466797 -3.455941 583.7 4 5 271.6 1.913 0 3 0 
385.70 84.4 40.466805 -3.456214 584.1 6 5 271.6 0.913 0 3 0 
386.78 85.3 40.466808 -3.456505 584.6 6 5 272.5 0.927 0 3 0 
387.70 85.4 40.466816 -3.456776 585.3 6 5 272.5 0.927 0 3 0 
388.71 87.2 40.466827 -3.457052 585.8 6 5 272.5 0 0 3 0 
389.70 87.2 40.466835 -3.457354 585.8 6 5 272.5 0 0 2 0 
390.81 87.0 40.466850 -3.457636 586.5 6 5 273.5 0.931 0 2 0 
391.70 87.2 40.466854 -3.457924 586.5 6 5 272.9 0.533 0 2 0 
392.71 87.5 40.466862 -3.458219 586.3 6 5 272.9 0.533 0 2 0 
393.71 88.0 40.466869 -3.458486 584.8 6 5 273.6 0.721 0 2 0 
394.70 88.6 40.466881 -3.458779 584.8 6 5 273.2 0.484 0 1 0 
395.70 90.6 40.466896 -3.459076 585.6 6 5 273.6 0.449 0 1 0 
396.73 91.4 40.466908 -3.459373 586.9 6 5 273.6 0.449 1 1 0 
397.71 91.4 40.466927 -3.459671 586.9 6 5 273.6 0 2 2 0 
398.71 92.1 40.466938 -3.459976 586.2 6 5 273.6 0 2 2 0 
399.70 92.7 40.466953 -3.460259 586.2 6 5 273.6 0 2 2 0 
400.71 93.7 40.466961 -3.460569 586.6 6 5 273.6 0 1 2 0 
401.71 91.8 40.466991 -3.460883 586.6 6 5 273.6 0.046 0 2 0 
402.75 92.3 40.467018 -3.461168 587.4 6 5 274.0 0.429 0 2 0 
403.71 91.0 40.467033 -3.461476 586.1 6 5 274.0 0.429 0 2 0 
404.70 91.3 40.467056 -3.461783 586.8 6 5 274.0 0 0 2 0 
405.72 89.4 40.467087 -3.462114 588.0 6 5 273.3 0.732 0 2 0 
406.71 92.1 40.467098 -3.462410 590.8 6 5 273.3 0.732 0 2 0 
407.72 92.3 40.467110 -3.462722 589.1 6 5 273.3 0 0 1 0 
408.72 92.4 40.467129 -3.463004 585.3 6 5 273.8 0.503 0 1 0 
409.71 92.6 40.467144 -3.463303 585.7 6 5 273.8 0.503 0 1 0 
410.71 91.6 40.467148 -3.463593 585.8 6 5 272.9 0.908 2 2 0 
411.71 91.0 40.467155 -3.463876 585.5 6 5 272.9 0.908 2 2 0 
412.77 89.1 40.467155 -3.464172 587.1 8 5 272.9 0 0 2 0 
413.71 88.0 40.467171 -3.464476 585.7 6 5 272.9 0 0 2 0 
414.71 87.7 40.467182 -3.464775 585.3 6 5 271.9 0.936 0 2 0 
415.71 87.0 40.467194 -3.465050 585.2 6 5 271.4 1.411 0 2 0 
416.71 85.9 40.467197 -3.465342 585.5 6 5 270.6 1.351 0 2 0 
417.71 84.9 40.467205 -3.465613 585.5 6 5 270.6 0.875 0 2 0 
418.71 84.5 40.467209 -3.465902 585.5 6 5 270.6 0 0 2 0 
419.78 83.4 40.467216 -3.466171 585.2 6 5 270.6 0 0 2 0 
420.77 83.1 40.467220 -3.466437 585.2 6 5 271.0 0.422 0 2 0 
421.70 82.8 40.467220 -3.466697 585.5 6 5 270.3 0.699 0 2 0 
422.70 83.7 40.467228 -3.466979 584.9 6 5 270.1 0.867 0 2 0 
423.84 83.1 40.467216 -3.467255 585.2 6 5 270.1 0.168 1 2 0 
424.73 81.4 40.467216 -3.467522 584.9 6 5 270.1 0 0 2 0 
425.71 77.7 40.467213 -3.467784 584.7 6 5 269.5 0.590 0 2 0 
426.72 74.3 40.467213 -3.468044 584.4 4 5 269.5 0.629 0 2 0 
427.72 73.0 40.467213 -3.468258 585.1 4 5 268.5 1.036 0 2 0 
428.72 72.6 40.467209 -3.468502 585.7 4 5 268.5 0.997 2 2 0 
429.70 72.4 40.467209 -3.468744 583.7 4 5 267.8 0.662 2 2 0 
430.71 73.7 40.467209 -3.468988 584.0 4 5 267.8 0.662 2 2 0 
431.69 71.6 40.467201 -3.469224 584.0 4 5 267.4 0.438 0 2 0 
432.69 69.9 40.467201 -3.469454 583.4 4 5 266.7 1.088 2 2 0 
433.75 71.5 40.467190 -3.469681 583.8 4 5 266.7 0.649 1 2 0 
434.69 72.7 40.467178 -3.469928 583.7 4 5 265.7 1.016 0 2 0 
435.84 73.4 40.467163 -3.470172 584.7 4 5 265.2 1.548 0 2 0 
436.70 73.8 40.467148 -3.470408 586.4 4 5 265.2 0.532 0 2 0 
437.70 75.9 40.467133 -3.470649 587.5 4 5 265.2 0 0 2 0 
438.75 76.6 40.467110 -3.470904 586.5 3 5 265.2 0 0 2 0 
439.70 77.4 40.467094 -3.471159 585.4 4 5 264.0 1.191 0 2 0 
440.69 78.8 40.467064 -3.471417 585.1 3 5 263.0 2.176 0 2 0 
441.72 79.3 40.467037 -3.471672 585.1 3 5 263.0 0.986 0 2 0 
442.70 79.9 40.467022 -3.471931 585.4 4 5 262.4 0.628 0 2 0 
443.70 80.2 40.466995 -3.472186 585.6 4 5 262.4 0.628 0 2 0 
444.70 81.0 40.466965 -3.472443 585.6 4 5 262.1 0.313 0 2 0 
445.70 79.6 40.466938 -3.472716 585.3 4 5 261.0 1.368 0 2 0 
446.70 80.4 40.466908 -3.472962 585.4 4 5 260.0 2.058 0 2 0 
447.74 81.9 40.466873 -3.473245 585.0 4 5 261.2 1.205 0 2 0 
448.78 82.4 40.466839 -3.473509 584.8 4 5 261.2 1.205 0 2 0 
449.71 82.6 40.466797 -3.473760 584.7 4 5 259.9 1.291 0 2 0 
450.70 84.9 40.466763 -3.474017 584.5 4 5 259.3 1.910 0 2 0 
451.71 84.8 40.466724 -3.474285 584.8 6 5 258.7 1.281 0 2 0 
452.71 87.7 40.466679 -3.474575 584.9 6 5 258.7 0.662 0 2 0 
453.71 88.0 40.466637 -3.474856 585.1 6 5 257.7 0.969 0 2 0 
454.70 85.4 40.466595 -3.475114 585.4 6 5 257.0 1.686 0 2 0 
455.70 82.4 40.466549 -3.475372 585.3 6 5 257.0 0.717 0 2 0 
456.71 81.0 40.466511 -3.475628 586.6 6 5 256.4 0.607 0 2 0 
457.69 80.5 40.466461 -3.475889 587.6 6 5 256.4 0.607 0 1 0 
458.71 81.5 40.466415 -3.476153 587.8 6 5 256.4 0 0 1 0 
459.74 77.5 40.466370 -3.476400 586.6 6 5 256.4 0 0 1 0 
460.71 77.3 40.466320 -3.476650 586.5 4 5 255.5 0.864 0 1 0 
461.77 75.9 40.466274 -3.476885 586.1 4 5 255.5 0.864 0 1 0 
462.70 75.9 40.466221 -3.477125 585.3 4 5 255.5 0 0 1 0 
463.74 76.4 40.466175 -3.477332 583.8 4 5 255.5 0 0 1 0 
464.71 76.9 40.466118 -3.477581 583.7 4 5 255.5 0 0 1 0 
465.70 76.9 40.466072 -3.477840 584.0 4 5 255.5 0 0 1 0 
466.70 77.3 40.466019 -3.478081 584.3 4 5 262.2 6.749 0 1 0 
467.73 78.4 40.465973 -3.478342 585.0 4 5 260.2 4.713 0 1 0 
468.70 80.3 40.465923 -3.478597 585.1 4 5 260.2 2.037 0 1 0 
469.71 77.7 40.465885 -3.478833 585.4 6 5 257.0 3.221 0 1 0 
470.77 76.7 40.465839 -3.479080 585.2 4 5 257.7 2.518 0 1 0 
471.76 72.5 40.465820 -3.479295 585.5 4 5 259.1 2.109 0 1 0 
472.72 72.1 40.465786 -3.479528 585.4 4 5 260.2 2.461 0 0 0 
473.69 71.4 40.465759 -3.479773 585.3 4 5 263.0 3.867 0 0 0 
474.71 69.9 40.465748 -3.479990 585.7 4 5 267.2 7.031 0 0 0 
475.70 69.3 40.465752 -3.480196 585.3 4 5 265.1 2.115 0 0 0 
476.72 67.2 40.465771 -3.480410 585.5 4 5 279.7 14.587 0 0 0 
477.71 66.4 40.465801 -3.480622 585.5 4 5 289.4 24.319 0 0 0 
478.72 65.9 40.465851 -3.480837 585.5 4 5 289.4 9.732 0 0 0 
479.72 66.5 40.465908 -3.481046 585.7 4 5 290.3 0.878 0 0 0 
480.79 67.5 40.465969 -3.481263 585.8 4 5 293.3 3.938 0 0 0 
481.87 68.1 40.466038 -3.481475 586.1 4 5 293.3 3.060 0 0 0 
482.71 68.9 40.466103 -3.481679 586.3 3 5 294.0 0.651 0 0 0 
483.72 69.1 40.466175 -3.481895 586.6 3 5 294.0 0.651 0 0 0 
484.81 68.0 40.466244 -3.482103 586.7 3 5 293.9 0.075 0 0 0 
485.77 66.3 40.466316 -3.482311 586.5 3 5 294.3 0.352 0 0 0 
486.77 61.1 40.466377 -3.482507 586.3 3 5 293.6 0.703 0 0 0 
487.72 60.6 40.466446 -3.482687 586.3 3 5 294.6 1.055 0 0 0 
488.78 62.1 40.466511 -3.482873 586.2 3 5 295.0 1.406 0 0 0 
489.69 62.9 40.466576 -3.483059 586.2 3 5 293.6 1.406 0 0 0 
490.70 64.2 40.466629 -3.483251 586.6 3 5 289.3 5.625 0 0 0 
491.72 63.5 40.466671 -3.483457 586.8 3 5 284.8 8.789 0 0 0 
492.72 63.6 40.466698 -3.483663 587.1 3 5 279.1 10.195 0 0 0 
493.69 64.5 40.466717 -3.483874 587.9 3 5 275.6 9.141 0 0 0 
494.69 65.5 40.466721 -3.484081 588.0 3 5 271.1 8.086 0 0 0 
495.69 64.3 40.466713 -3.484294 588.1 3 5 266.1 9.492 0 0 0 
496.72 64.4 40.466698 -3.484505 588.3 3 5 262.6 8.438 0 0 0 
497.73 63.6 40.466656 -3.484718 588.2 3 5 258.0 8.086 0 0 0 
498.69 64.9 40.466602 -3.484932 588.3 3 5 251.7 10.898 0 0 0 
499.74 64.6 40.466541 -3.485133 588.3 3 5 246.8 11.250 1 0 0 
500.75 63.1 40.466457 -3.485324 588.0 3 5 238.7 13.008 0 0 0 
501.73 63.3 40.466373 -3.485498 588.2 3 5 233.8 13.008 0 0 0 
502.70 63.9 40.466278 -3.485659 588.1 3 5 231.0 7.734 0 0 0 
503.70 61.4 40.466187 -3.485787 588.0 3 5 230.3 3.516 0 0 0 
504.77 62.3 40.466087 -3.485938 588.0 3 5 230.3 0.703 0 0 0 
505.76 62.5 40.465988 -3.486097 587.9 3 5 230.6 0.352 0 0 0 
506.74 62.4 40.465885 -3.486258 588.0 3 5 230.3 0.352 0 0 0 
507.70 62.9 40.465794 -3.486396 588.3 3 5 230.3 0.352 0 0 0 
508.70 62.5 40.465691 -3.486554 588.3 3 5 230.3 0 0 0 0 
509.71 62.4 40.465591 -3.486720 588.0 3 5 230.6 0.352 0 0 0 
510.76 61.7 40.465496 -3.486873 588.1 3 5 231.3 1.055 1 0 0 
511.74 62.7 40.465397 -3.487032 588.1 3 5 229.9 1.406 2 0 0 
512.71 64.8 40.465294 -3.487192 588.0 3 5 229.2 2.109 1 0 0 
513.69 63.8 40.465187 -3.487356 588.1 3 5 228.5 1.406 0 0 0 
514.71 62.0 40.465073 -3.487505 588.1 3 5 226.8 2.461 0 0 0 
515.71 59.9 40.464962 -3.487630 588.2 3 5 220.8 7.734 0 0 0 
516.71 59.3 40.464836 -3.487746 588.7 3 5 211.6 15.117 0 0 0 
517.77 58.3 40.464703 -3.487830 589.6 3 5 201.8 18.984 0 0 0 
518.70 58.2 40.464561 -3.487888 590.7 3 5 193.4 18.281 0 0 0 
519.76 58.2 40.464420 -3.487921 591.9 3 5 185.3 16.523 0 0 0 
520.74 54.3 40.464283 -3.487897 592.8 3 5 173.7 19.688 0 0 0 
521.75 53.1 40.464146 -3.487857 593.8 3 5 162.1 23.203 0 0 0 
522.70 50.9 40.464027 -3.487794 594.2 3 5 156.1 17.578 0 0 0 
523.71 52.5 40.463913 -3.487713 594.6 3 5 145.5 16.523 0 0 0 
524.72 51.8 40.463814 -3.487609 594.7 3 5 136.1 20.039 0 0 0 
525.70 48.3 40.463734 -3.487483 594.9 3 5 126.6 0 -9 -9 0 
526.70 50.0 40.463669 -3.487342 594.8 3 5 117.1 18.984 0 0 0 
527.70 49.1 40.463619 -3.487195 594.5 3 5 109.0 0 -9 -9 0 
528.70 47.2 40.463585 -3.487046 594.3 3 5 100.5 0 -9 -9 0 
529.70 45.1 40.463573 -3.486881 594.3 3 5 94.6 0 -9 -9 0 
530.71 42.5 40.463577 -3.486730 594.2 3 5 87.2 0 -9 -9 0 
531.71 40.5 40.463596 -3.486600 594.3 3 5 80.5 0 -9 -9 0 
532.71 39.7 40.463619 -3.486465 594.5 3 5 71.7 0 -9 -9 0 
533.71 40.5 40.463650 -3.486332 594.2 3 5 67.9 0 -9 -9 0 
534.71 41.3 40.463699 -3.486211 594.0 3 5 64.0 0 -9 -9 0 
535.71 42.0 40.463749 -3.486089 593.9 3 5 61.9 0 -9 -9 0 
536.71 44.4 40.463802 -3.485952 593.9 3 5 62.2 0 -9 -9 0 
537.71 46.8 40.463848 -3.485826 593.7 3 5 65.0 0 -9 -9 0 
538.71 49.9 40.463894 -3.485684 593.0 3 5 67.1 0 -9 -9 0 
539.70 50.4 40.463940 -3.485530 592.3 3 5 67.5 2.461 0 0 0 
540.74 52.3 40.463989 -3.485389 591.5 3 5 68.9 1.758 0 0 0 
541.70 57.2 40.464027 -3.485206 591.2 4 5 72.1 4.570 0 0 0 
542.69 58.4 40.464069 -3.485027 589.9 4 5 73.5 4.570 0 0 0 
543.72 59.3 40.464108 -3.484834 589.1 4 5 73.5 1.406 0 0 0 
544.73 59.6 40.464153 -3.484644 588.2 4 5 72.1 1.406 0 0 0 
545.70 60.2 40.464203 -3.484457 587.6 4 5 72.1 1.406 0 0 0 
546.72 61.5 40.464252 -3.484275 587.4 4 5 73.1 1.055 0 0 0 
547.69 60.5 40.464291 -3.484084 587.1 4 5 73.5 1.406 0 0 0 
548.73 60.5 40.464340 -3.483898 587.0 4 5 72.4 1.055 0 0 0 
549.69 62.0 40.464386 -3.483703 587.1 4 5 73.1 0.703 0 0 0 
550.70 63.3 40.464436 -3.483506 587.3 4 5 72.4 0.703 0 0 0 
551.69 63.9 40.464489 -3.483301 587.2 4 5 72.1 1.055 0 0 0 
552.74 63.3 40.464535 -3.483100 587.2 4 5 71.7 0.703 0 0 0 
553.71 66.0 40.464581 -3.482888 587.4 4 5 71.7 0.352 0 0 0 
554.71 67.3 40.464630 -3.482690 587.3 4 5 73.1 1.406 0 0 0 
555.71 68.1 40.464684 -3.482468 587.4 3 5 71.4 1.758 0 0 0 
556.69 67.0 40.464729 -3.482263 587.4 3 5 71.4 1.758 0 0 0 
557.70 67.0 40.464779 -3.482054 587.4 4 5 72.1 0.703 0 0 0 
558.70 70.4 40.464836 -3.481816 587.6 4 5 71.7 0.352 0 0 0 
559.70 70.5 40.464890 -3.481596 587.4 4 5 72.1 0.352 0 0 0 
560.79 72.0 40.464951 -3.481370 587.6 4 5 72.1 0.352 0 0 0 
561.71 73.5 40.465000 -3.481128 587.7 4 5 72.1 0 0 0 0 
562.70 74.2 40.465031 -3.480892 587.6 4 5 70.7 1.406 0 0 0 
563.72 73.5 40.465092 -3.480669 587.4 4 5 70.3 1.758 0 0 0 
564.79 72.6 40.465153 -3.480447 587.4 4 5 70.3 0.352 0 0 0 
565.72 72.5 40.465214 -3.480227 587.0 4 5 70.7 0.352 0 0 0 
566.69 71.7 40.465267 -3.480008 586.9 4 5 70.7 0.352 0 0 0 
567.73 71.2 40.465317 -3.479789 587.0 3 5 72.1 1.406 0 0 0 
568.77 72.1 40.465370 -3.479566 587.1 3 5 72.4 1.758 0 0 0 
569.70 72.6 40.465427 -3.479339 586.5 3 5 72.4 0.352 1 0 0 
570.73 73.1 40.465488 -3.479104 586.5 3 5 74.1 1.718 2 0 0 
571.70 74.0 40.465538 -3.478847 586.8 3 5 74.1 1.718 2 0 0 
572.70 75.0 40.465588 -3.478622 586.4 3 5 74.1 0 2 0 0 
573.70 76.5 40.465633 -3.478389 586.3 3 5 74.1 0 2 0 0 
574.74 76.5 40.465679 -3.478137 586.3 3 5 74.1 0 0 0 0 
575.76 77.4 40.465725 -3.477904 586.5 3 5 76.0 1.824 0 0 0 
576.70 79.3 40.465786 -3.477646 586.5 3 5 75.1 0.978 2 0 0 
577.71 80.4 40.465843 -3.477406 587.0 4 5 75.1 0.846 1 0 0 
578.73 81.8 40.465912 -3.477133 586.9 4 5 75.1 0 1 1 0 
579.70 82.8 40.465981 -3.476883 587.4 6 5 75.1 0 0 1 0 
580.70 82.9 40.466030 -3.476622 587.6 6 5 75.5 0.427 0 1 0 
581.72 84.0 40.466084 -3.476358 587.6 4 5 76.0 0.846 0 1 0 
582.72 83.7 40.466141 -3.476094 587.4 4 5 76.0 0.419 0 1 0 
583.71 81.4 40.466194 -3.475840 588.0 6 5 76.5 0.580 0 1 0 
584.78 82.5 40.466240 -3.475581 587.4 6 5 76.5 0.580 0 1 0 
585.72 82.3 40.466282 -3.475309 587.5 6 5 76.5 0 0 1 0 
586.74 81.8 40.466335 -3.475031 587.7 4 5 77.4 0.837 0 1 0 
587.70 81.1 40.466377 -3.474762 587.9 4 5 78.3 1.791 0 1 0 
588.77 81.9 40.466419 -3.474509 587.8 4 5 78.3 0.954 0 1 0 
589.71 82.8 40.466457 -3.474262 587.5 4 5 78.3 0 1 1 0 
590.73 83.3 40.466499 -3.473984 587.6 4 5 78.3 0 2 1 0 
591.77 83.4 40.466534 -3.473718 587.9 4 5 79.4 1.053 2 1 0 
592.71 83.9 40.466568 -3.473449 587.9 3 5 79.4 1.053 2 1 0 
593.70 84.3 40.466606 -3.473167 587.7 3 5 80.1 0.676 0 1 0 
594.72 85.6 40.466652 -3.472897 588.0 3 5 80.7 1.336 0 1 0 
595.72 85.0 40.466686 -3.472609 589.0 3 5 80.7 0.661 0 1 0 
596.70 86.8 40.466724 -3.472329 588.3 3 5 81.4 0.707 0 1 0 
597.70 87.2 40.466759 -3.472037 588.5 3 5 83.5 2.762 0 1 0 
598.74 88.0 40.466793 -3.471750 588.7 3 5 83.5 2.055 1 2 0 
599.70 87.2 40.466824 -3.471464 588.6 3 5 83.0 0.524 1 2 0 
600.69 87.1 40.466854 -3.471178 588.8 3 5 83.5 0.539 2 2 0 
601.72 87.6 40.466877 -3.470896 588.8 4 5 84.5 1.540 1 2 0 
602.72 89.2 40.466896 -3.470607 589.4 3 5 84.5 1.001 1 2 0 
603.89 88.8 40.466911 -3.470320 589.3 4 5 85.0 0.548 1 2 0 
604.72 89.7 40.466927 -3.470025 589.2 4 5 86.0 1.507 1 3 0 
605.75 89.1 40.466938 -3.469728 589.7 4 5 86.5 1.470 0 3 0 
606.71 89.5 40.466949 -3.469429 589.5 4 5 86.5 0.511 0 3 0 
607.70 89.3 40.466953 -3.469138 589.5 3 5 86.5 0 0 3 0 
608.76 89.2 40.466965 -3.468853 589.7 3 5 86.5 0 0 3 0 
609.70 88.5 40.466969 -3.468567 589.3 4 5 88.1 1.592 0 3 0 
610.73 88.2 40.466969 -3.468296 589.4 4 5 88.7 2.213 0 3 0 
611.69 88.4 40.466969 -3.467990 588.5 4 5 89.3 1.185 0 3 0 
612.73 86.5 40.466972 -3.467687 590.0 4 5 89.3 0.564 0 3 0 
613.72 84.7 40.466980 -3.467408 588.9 4 5 88.9 0.352 0 3 0 
614.70 85.0 40.466976 -3.467119 588.6 4 5 89.3 0.352 0 3 0 
615.72 83.6 40.466976 -3.466831 588.5 4 5 90.4 1.406 0 3 0 
616.72 83.2 40.466980 -3.466563 588.6 4 5 91.4 2.109 0 3 0 
617.69 82.6 40.466976 -3.466291 588.5 4 5 91.4 1.055 0 3 0 
618.72 81.5 40.466972 -3.466024 588.9 4 5 91.1 0.352 0 3 0 
619.83 81.0 40.466972 -3.465761 589.4 4 5 92.1 1.055 0 3 0 
620.70 81.9 40.466957 -3.465492 588.1 4 5 92.5 1.406 1 3 0 
621.73 80.2 40.466953 -3.465219 588.4 4 5 92.8 0.703 1 3 0 
622.70 78.4 40.466942 -3.464971 588.3 4 5 93.5 1.055 1 3 0 
623.73 78.6 40.466934 -3.464729 588.7 3 5 92.1 1.406 1 3 0 
624.73 79.1 40.466927 -3.464468 588.9 3 5 92.8 0.703 1 4 0 
625.88 79.3 40.466915 -3.464217 588.5 3 5 92.5 0.352 2 4 0 
626.71 79.7 40.466900 -3.463958 588.5 3 5 93.5 1.055 2 4 0 
627.70 79.7 40.466892 -3.463701 588.5 3 5 93.2 0.703 2 4 0 
628.71 79.5 40.466881 -3.463435 588.9 3 5 92.8 0.703 1 4 0 
629.70 79.3 40.466881 -3.463178 589.6 3 5 93.3 0.440 1 4 0 
630.70 78.2 40.466866 -3.462924 588.8 3 5 93.3 0.440 1 4 0 
631.70 77.7 40.466850 -3.462674 589.0 3 5 93.5 0.213 2 4 0 
632.80 77.3 40.466843 -3.462416 588.7 3 5 93.5 0.213 2 4 0 
633.71 79.6 40.466824 -3.462160 589.5 3 5 93.5 0 2 4 0 
634.72 79.1 40.466820 -3.461915 589.3 3 5 93.5 0 1 4 0 
635.74 78.9 40.466820 -3.461663 589.4 3 5 93.5 0 1 5 1 
636.74 79.7 40.466808 -3.461404 589.6 3 5 93.5 0 1 5 1 
637.71 78.6 40.466793 -3.461153 589.5 3 5 93.5 0 2 5 1 
638.81 79.0 40.466774 -3.460884 589.2 3 5 93.5 0 1 5 1 
639.70 80.2 40.466766 -3.460614 589.9 3 5 93.3 0.174 0 5 1 
640.71 82.1 40.466766 -3.460354 589.7 3 5 93.7 0.447 2 5 1 
641.71 82.2 40.466763 -3.460082 589.9 3 5 93.7 0.447 2 5 1 
642.74 84.9 40.466751 -3.459808 589.9 3 5 93.7 0 0 5 1 
643.75 86.5 40.466740 -3.459523 590.2 3 5 93.7 0 0 5 1 
644.70 88.2 40.466728 -3.459250 590.4 4 5 93.7 0 0 5 1 
645.71 88.4 40.466721 -3.458950 590.5 3 5 93.7 0 0 5 1 
646.72 89.5 40.466705 -3.458665 590.1 3 5 93.5 0.220 0 5 1 
647.73 89.9 40.466686 -3.458375 590.6 3 5 93.5 0.220 0 5 1 
648.70 89.5 40.466671 -3.458074 591.4 4 5 93.5 0 0 5 1 
649.71 90.3 40.466652 -3.457771 593.0 3 5 92.5 1.042 0 5 1 
650.71 92.0 40.466640 -3.457469 593.6 3 5 92.5 1.042 0 5 1 
651.72 92.5 40.466629 -3.457163 590.9 3 5 92.5 0 0 4 0 
652.71 92.1 40.466618 -3.456857 589.5 3 5 92.5 0 1 4 0 
653.83 92.1 40.466610 -3.456553 589.2 3 5 91.7 0.738 2 4 0 
654.72 91.0 40.466602 -3.456270 589.9 4 5 91.7 0.738 0 5 1 
655.71 89.7 40.466602 -3.456000 589.6 4 5 90.8 0.989 0 5 1 
656.71 89.7 40.466595 -3.455698 589.6 4 5 91.4 0.682 0 5 1 
657.72 90.0 40.466591 -3.455408 588.9 4 5 91.0 0.440 0 4 0 
658.72 82.6 40.466576 -3.455146 589.1 4 5 90.5 0.982 0 4 0 
659.72 82.4 40.466576 -3.454870 588.2 4 5 90.5 0.542 0 4 0 
660.72 81.8 40.466572 -3.454608 588.6 4 5 91.0 0.576 0 4 0 
661.71 81.4 40.466568 -3.454341 589.8 4 5 91.0 0.576 0 4 0 
662.69 81.4 40.466564 -3.454067 590.7 4 5 88.6 2.441 0 4 0 
663.72 81.0 40.466579 -3.453817 589.4 4 5 87.9 3.148 0 3 0 
664.72 81.9 40.466583 -3.453547 588.0 4 5 87.9 0.707 0 3 0 
665.72 82.4 40.466595 -3.453280 587.2 4 5 87.1 0.810 1 3 0 
666.69 82.6 40.466606 -3.453007 587.7 3 5 87.1 0.810 0 3 0 
667.71 82.7 40.466621 -3.452744 587.9 3 5 87.1 0 0 3 0 
668.69 82.9 40.466629 -3.452467 587.3 3 5 87.1 0 0 3 0 
669.75 82.8 40.466637 -3.452195 587.3 3 5 87.1 0 1 4 0 
670.70 82.2 40.466644 -3.451922 587.7 3 5 87.1 0 2 4 0 
671.72 82.1 40.466652 -3.451650 587.7 3 5 86.0 1.049 2 4 0 
672.69 81.4 40.466663 -3.451372 586.9 3 5 85.5 1.564 2 4 0 
673.69 81.2 40.466682 -3.451126 586.7 4 5 85.0 0.998 2 4 0 
674.70 81.0 40.466702 -3.450852 586.5 4 5 85.0 0.483 2 4 0 
675.69 80.6 40.466713 -3.450587 586.9 3 5 85.0 0 2 4 0 
676.75 81.0 40.466724 -3.450314 586.2 3 5 85.0 0.065 2 5 1 
677.72 81.3 40.466747 -3.450047 586.3 3 5 85.0 0.065 2 5 1 
678.71 81.9 40.466766 -3.449762 586.3 3 5 85.0 0 1 5 1 
679.69 83.3 40.466793 -3.449515 586.1 3 5 84.3 0.668 0 5 1 
680.76 84.2 40.466820 -3.449237 585.6 3 5 83.9 1.021 0 5 1 
681.75 84.9 40.466839 -3.448960 585.4 3 5 83.9 0.353 0 5 1 
682.70 84.7 40.466858 -3.448682 585.1 3 5 84.8 0.823 1 5 1 
683.74 84.0 40.466888 -3.448414 584.9 3 5 84.8 0.823 1 5 1 
684.69 84.6 40.466919 -3.448124 585.1 3 5 84.1 0.670 1 5 1 
685.80 84.7 40.466938 -3.447864 585.1 3 5 84.1 0.670 1 5 1 
686.70 85.6 40.466953 -3.447584 585.4 3 5 82.6 1.538 1 5 1 
687.76 86.5 40.466976 -3.447301 584.9 3 5 82.6 1.538 1 5 1 
688.71 86.9 40.466999 -3.447030 584.9 3 5 83.2 0.634 1 5 1 
689.73 87.4 40.467022 -3.446741 584.9 3 5 83.2 0.634 1 5 1 
690.73 87.9 40.467056 -3.446462 584.9 3 5 84.0 0.788 2 5 1 
691.78 88.0 40.467087 -3.446173 585.1 3 5 84.0 0.788 2 5 1 
692.72 88.0 40.467110 -3.445896 584.9 3 5 84.0 0 1 5 1 
693.72 87.8 40.467136 -3.445597 584.8 3 5 84.3 0.304 1 5 1 
694.73 87.9 40.467163 -3.445325 584.9 3 5 84.3 0.304 2 5 1 
695.70 87.6 40.467190 -3.445029 584.9 3 5 83.6 0.694 1 5 1 
696.71 87.4 40.467213 -3.444748 584.5 3 5 83.6 0.694 0 5 1 
697.70 86.9 40.467232 -3.444459 584.7 3 5 83.6 0 0 4 0 
698.74 86.0 40.467247 -3.444179 584.8 3 5 83.6 0 0 4 0 
699.70 85.0 40.467270 -3.443898 584.3 3 5 84.0 0.440 0 4 0 
700.71 83.7 40.467293 -3.443628 584.6 3 5 82.8 1.184 0 4 0 
701.71 82.6 40.467316 -3.443346 584.1 3 5 82.4 1.660 1 4 0 
702.71 81.3 40.467339 -3.443087 584.1 3 5 82.4 0.475 1 4 0 
703.72 80.2 40.467365 -3.442829 584.2 3 5 82.4 0 2 4 0 
704.78 79.7 40.467388 -3.442559 583.9 3 5 81.9 0.433 1 5 1 
705.71 80.1 40.467419 -3.442293 584.6 3 5 81.9 0.433 0 5 1 
706.74 80.9 40.467453 -3.442036 583.9 3 5 80.5 1.394 0 5 1 
707.84 81.1 40.467495 -3.441759 584.2 3 5 80.5 1.394 1 5 1 
708.79 82.0 40.467529 -3.441513 584.3 3 5 79.8 0.760 1 5 1 
709.70 82.9 40.467567 -3.441247 584.6 3 5 79.8 0.760 1 5 1 
710.72 83.7 40.467613 -3.440970 585.1 3 5 78.7 1.127 2 5 1 
711.70 85.2 40.467659 -3.440699 585.1 3 5 78.7 1.127 2 5 1 
712.70 85.6 40.467705 -3.440422 585.3 3 5 78.7 0 2 5 1 
713.71 87.3 40.467754 -3.440140 585.4 3 5 77.4 1.282 2 5 1 
714.87 87.3 40.467808 -3.439854 585.8 3 5 77.4 1.282 0 6 1 
715.74 87.3 40.467857 -3.439583 585.9 3 5 74.7 2.624 0 6 1 
716.69 87.3 40.467930 -3.439321 586.0 4 5 75.9 1.431 0 5 1 
717.69 88.9 40.467995 -3.439036 586.6 4 5 75.2 0.703 1 6 1 
718.79 89.8 40.468060 -3.438743 586.8 4 5 76.6 1.406 0 6 1 
719.89 89.3 40.468109 -3.438432 587.4 4 5 76.6 1.406 0 6 1 
720.71 88.1 40.468155 -3.438160 587.1 4 5 76.6 0 0 6 1 
721.71 86.6 40.468201 -3.437881 587.5 4 5 77.0 0.352 0 6 1 
722.78 85.6 40.468239 -3.437608 587.6 4 5 78.0 1.406 1 6 1 
723.70 83.2 40.468277 -3.437340 587.7 4 5 78.0 1.055 2 6 1 
724.72 82.0 40.468319 -3.437074 587.8 4 5 77.3 0.703 2 6 1 
725.70 80.4 40.468369 -3.436811 588.4 4 5 77.0 1.055 2 6 1 
726.72 81.3 40.468407 -3.436553 588.3 4 5 77.3 0.352 0 6 1 
727.71 78.4 40.468445 -3.436301 588.1 4 5 78.8 1.758 0 6 1 
728.72 77.8 40.468483 -3.436053 588.0 4 5 79.5 2.109 0 6 1 
729.72 78.6 40.468513 -3.435805 589.2 3 5 79.8 1.055 0 6 1 
730.72 78.4 40.468548 -3.435556 588.2 3 5 78.8 1.055 0 6 1 
731.75 78.4 40.468590 -3.435300 588.4 3 5 78.0 1.758 0 6 1 
732.70 77.3 40.468632 -3.435054 588.2 3 5 77.3 1.406 0 5 1 
733.72 79.2 40.468670 -3.434802 589.5 3 5 79.1 1.758 1 5 1 
734.72 80.1 40.468716 -3.434543 589.9 3 5 78.8 1.406 1 5 1 
735.72 81.5 40.468750 -3.434288 588.4 3 5 78.8 0.352 1 5 1 
736.71 82.7 40.468796 -3.434030 587.6 3 5 78.0 0.703 1 5 1 
737.81 83.5 40.468838 -3.433759 587.8 3 5 79.1 1.055 1 5 1 
738.70 84.0 40.468876 -3.433487 586.9 3 5 79.1 1.055 1 5 1 
739.69 83.7 40.468914 -3.433214 586.2 3 5 78.4 0.703 0 5 1 
740.73 84.4 40.468960 -3.432949 585.9 4 5 77.3 1.758 0 5 1 
741.70 84.5 40.469002 -3.432682 585.9 4 5 78.0 0.703 0 5 1 
742.70 84.5 40.469048 -3.432410 585.2 4 5 77.7 0.352 1 5 1 
743.88 84.3 40.469093 -3.432144 584.7 4 5 78.0 0.352 1 5 1 
744.74 85.3 40.469139 -3.431874 584.4 4 5 78.0 0.352 2 5 1 
745.71 86.1 40.469181 -3.431596 583.9 4 5 77.7 0.352 1 5 1 
746.69 87.0 40.469223 -3.431319 583.8 4 5 77.7 0.352 0 5 1 
747.70 87.3 40.469273 -3.431045 583.0 4 5 76.6 1.055 0 5 1 
748.69 87.9 40.469322 -3.430764 582.9 4 5 75.9 1.758 0 5 1 
749.71 88.8 40.469372 -3.430483 582.6 4 5 75.6 1.055 0 5 1 
750.71 88.2 40.469429 -3.430209 581.9 4 5 74.9 1.055 0 5 1 
751.77 88.2 40.469486 -3.429929 582.2 4 5 74.5 1.055 2 5 0 
752.72 88.3 40.469543 -3.429647 582.5 4 5 73.5 1.406 2 5 1 
753.69 89.8 40.469608 -3.429370 581.1 4 5 72.1 2.461 2 5 0 
754.74 91.5 40.469681 -3.429085 581.2 4 5 72.4 1.055 1 5 1 
755.74 91.0 40.469761 -3.428798 580.7 4 5 71.4 1.055 1 5 1 
756.77 91.7 40.469830 -3.428515 580.0 4 5 71.4 1.055 2 5 1 
757.69 92.4 40.469902 -3.428229 580.9 4 5 71.7 0.352 2 5 1 
758.76 91.5 40.469982 -3.427947 580.1 4 5 70.3 1.406 2 5 1 
759.71 92.3 40.470062 -3.427670 579.2 4 5 70.0 1.758 1 5 1 
760.76 91.6 40.470135 -3.427392 578.4 4 5 68.9 1.406 0 5 1 
761.71 91.7 40.470211 -3.427114 578.5 4 5 68.9 1.055 0 5 1 
762.71 92.3 40.470287 -3.426827 577.5 4 5 69.3 0.352 0 5 1 
763.71 93.1 40.470364 -3.426545 577.4 4 5 70.0 1.055 0 5 1 
764.71 93.0 40.470451 -3.426258 577.8 4 5 69.6 0.352 1 5 1 
765.72 93.5 40.470531 -3.425965 577.8 4 5 69.3 0.703 1 5 1 
766.71 93.7 40.470615 -3.425686 577.1 4 5 68.2 1.406 1 5 1 
767.71 93.8 40.470703 -3.425398 576.6 4 5 68.2 1.055 1 5 1 
768.70 94.1 40.470787 -3.425111 576.9 3 5 68.6 0.352 0 5 1 
769.71 93.9 40.470882 -3.424837 577.3 4 5 68.9 0.703 0 5 1 
770.75 92.5 40.470970 -3.424549 577.4 4 5 68.6 0.352 0 5 1 
771.74 93.0 40.471050 -3.424263 577.6 3 5 68.9 0.352 0 4 0 
772.79 93.2 40.471130 -3.423982 577.1 3 5 69.3 0.703 0 4 0 
773.73 93.9 40.471210 -3.423695 577.9 3 5 70.3 1.406 2 4 0 
774.72 94.0 40.471291 -3.423403 577.9 3 5 70.0 0.703 2 4 0 
775.72 94.1 40.471371 -3.423109 578.0 3 5 70.0 0.352 2 4 0 
776.72 94.1 40.471451 -3.422822 578.8 3 5 69.3 0.703 1 5 1 
777.71 94.5 40.471535 -3.422529 579.3 3 5 69.3 0.703 0 5 1 
778.72 94.8 40.471619 -3.422236 578.7 3 5 69.3 0 0 5 1 
779.71 95.4 40.471699 -3.421937 579.0 3 5 70.0 0.703 0 5 1 
780.72 95.3 40.471783 -3.421638 579.5 3 5 69.6 0.352 1 5 1 
781.72 95.8 40.471863 -3.421343 579.2 3 5 69.3 0.703 1 5 1 
782.73 95.3 40.471951 -3.421057 579.4 3 5 70.7 1.406 2 5 1 
783.75 95.5 40.472031 -3.420767 579.5 3 5 71.0 1.758 1 5 1 
784.72 96.0 40.472107 -3.420469 579.9 3 5 71.7 1.055 1 5 1 
785.74 95.5 40.472179 -3.420166 580.0 3 5 71.7 0.703 0 5 1 
786.70 94.6 40.472252 -3.419865 580.2 3 5 72.1 0.352 0 5 1 
787.77 93.1 40.472324 -3.419571 580.7 3 5 72.1 0.352 0 5 1 
788.72 91.7 40.472393 -3.419285 580.6 3 5 71.4 0.703 0 5 1 
789.69 91.4 40.472466 -3.419000 582.2 3 5 71.0 1.055 0 5 1 
790.71 91.9 40.472538 -3.418718 581.8 3 5 71.4 0.352 1 5 1 
791.69 93.0 40.472618 -3.418427 582.0 3 5 72.1 1.055 1 5 1 
792.75 93.0 40.472687 -3.418133 582.4 3 5 73.1 1.758 0 5 1 
793.72 93.0 40.472755 -3.417841 582.4 3 5 73.1 1.055 0 5 1 
794.69 92.9 40.472820 -3.417560 582.6 3 5 73.1 0 0 5 1 
795.70 94.4 40.472897 -3.417260 583.4 3 5 71.0 2.109 0 5 1 
796.70 95.2 40.472977 -3.416960 582.9 3 5 71.0 2.109 0 5 1 
797.71 95.2 40.473072 -3.416664 583.1 3 5 70.0 1.055 1 5 1 
798.73 95.5 40.473145 -3.416370 582.9 3 5 71.7 1.758 2 5 1 
799.69 96.0 40.473217 -3.416064 583.7 3 5 71.4 1.406 2 5 1 
800.69 96.8 40.473289 -3.415765 583.1 3 5 72.1 0.703 1 5 1 
801.70 97.1 40.473370 -3.415458 583.1 3 5 73.1 1.758 0 5 1 
802.69 96.2 40.473446 -3.415159 583.2 3 5 71.7 1.406 0 5 1 
803.72 97.2 40.473511 -3.414852 582.8 3 5 72.4 0.703 0 5 1 
804.70 96.6 40.473591 -3.414580 582.1 4 5 71.4 1.055 0 4 0 
805.71 95.1 40.473675 -3.414274 582.0 4 5 70.3 2.109 0 4 0 
806.70 94.4 40.473763 -3.413990 582.1 4 5 68.2 3.164 0 4 0 
807.70 94.2 40.473850 -3.413719 581.4 4 5 67.9 2.461 0 4 0 
808.69 94.7 40.473942 -3.413434 580.5 4 5 67.5 0.703 0 4 0 
809.71 96.1 40.474037 -3.413138 580.3 4 5 66.8 1.055 0 4 0 
810.70 97.3 40.474140 -3.412842 580.1 4 5 66.1 1.406 0 4 0 
811.78 97.2 40.474236 -3.412560 580.1 4 5 65.0 1.758 0 4 0 
812.74 96.8 40.474323 -3.412268 579.7 4 5 64.3 1.758 0 4 0 
813.77 94.9 40.474430 -3.411989 579.3 4 5 64.0 1.055 0 4 0 
814.70 93.9 40.474525 -3.411712 579.1 4 5 63.6 0.703 0 4 0 
815.70 92.6 40.474628 -3.411431 579.1 4 5 62.9 1.055 0 3 0 
816.70 92.7 40.474735 -3.411164 578.8 4 5 62.6 1.055 0 3 0 
817.71 92.7 40.474838 -3.410894 578.8 6 5 61.9 1.055 0 3 0 
818.71 91.2 40.474953 -3.410652 579.6 6 5 60.1 2.461 0 3 0 
819.75 89.6 40.475071 -3.410406 578.7 6 5 58.7 3.164 0 3 0 
820.71 89.2 40.475189 -3.410156 578.2 6 5 58.7 1.406 1 3 0 
821.70 87.4 40.475292 -3.409893 578.0 6 5 57.7 1.055 2 3 0 
822.71 87.8 40.475418 -3.409650 578.1 6 5 57.0 1.758 1 3 0 
823.74 85.7 40.475536 -3.409410 578.0 6 5 56.2 1.406 2 3 0 
824.71 84.7 40.475655 -3.409177 578.2 4 5 55.9 1.055 0 3 0 
825.73 86.1 40.475777 -3.408949 577.5 4 5 54.5 1.758 0 3 0 
826.71 85.9 40.475903 -3.408728 577.3 4 5 53.8 2.109 0 3 0 
827.70 88.4 40.476032 -3.408495 578.1 4 5 52.4 2.109 0 3 0 
828.78 89.2 40.476166 -3.408257 577.8 4 5 53.1 0.703 0 3 0 
829.72 89.8 40.476303 -3.408022 578.1 4 5 52.7 0.352 0 3 0 
830.73 89.8 40.476452 -3.407779 578.1 4 5 51.7 1.406 0 3 0 
831.71 90.1 40.476597 -3.407537 578.0 4 5 50.6 2.109 0 3 0 
832.71 89.6 40.476753 -3.407328 577.6 4 5 50.6 1.055 2 3 0 
833.70 90.1 40.476898 -3.407107 578.4 4 5 49.6 1.055 2 3 0 
834.80 89.7 40.477039 -3.406876 579.1 4 5 48.2 2.461 2 3 0 
835.72 89.2 40.477188 -3.406650 579.4 4 5 48.2 1.406 1 3 0 
836.71 89.2 40.477341 -3.406441 579.9 4 5 48.5 0.352 0 3 0 
837.69 89.1 40.477486 -3.406228 579.7 4 5 47.5 1.055 0 3 0 
838.71 89.1 40.477638 -3.406009 580.0 4 5 46.4 2.109 0 3 0 
839.78 89.2 40.477798 -3.405796 580.9 4 5 45.4 2.109 0 3 0 
840.72 89.3 40.477955 -3.405598 582.3 3 5 43.9 2.461 0 3 0 
841.69 89.5 40.478119 -3.405397 582.6 3 5 43.6 1.758 0 2 0 
842.71 89.6 40.478283 -3.405195 580.8 3 5 43.6 0.352 0 2 0 
843.70 89.9 40.478455 -3.404993 579.5 3 5 43.2 0.352 0 2 0 
844.72 90.0 40.478622 -3.404796 579.4 3 5 42.5 1.055 0 2 0 
845.72 89.7 40.478783 -3.404597 580.1 4 5 41.1 2.109 0 2 0 
846.71 89.3 40.478954 -3.404402 580.9 4 5 40.4 2.109 0 2 0 
847.69 89.7 40.479122 -3.404207 581.2 4 5 40.1 1.055 0 2 0 
848.69 89.1 40.479290 -3.404020 581.2 4 5 39.7 0.703 1 2 0 
849.69 88.6 40.479473 -3.403843 581.8 4 5 38.7 1.406 2 2 0 
850.74 88.1 40.479645 -3.403671 582.0 4 5 38.0 1.758 2 2 0 
851.69 87.0 40.479820 -3.403503 582.2 4 5 37.3 1.406 2 2 0 
852.70 86.3 40.479996 -3.403319 582.4 4 5 37.3 0.703 2 2 0 
853.72 86.0 40.480167 -3.403147 582.5 4 5 37.6 0.352 0 2 0 
854.70 85.1 40.480331 -3.402977 582.6 3 5 38.0 0.703 0 2 0 
855.70 84.9 40.480499 -3.402798 582.8 3 5 38.3 0.703 0 2 0 
856.71 85.8 40.480675 -3.402622 582.1 3 5 38.0 0.352 0 2 0 
857.69 86.2 40.480846 -3.402450 583.8 3 5 37.3 1.055 0 2 0 
858.71 86.5 40.481018 -3.402278 583.4 3 5 36.9 1.055 0 2 0 
859.70 87.0 40.481186 -3.402107 583.6 4 5 36.9 0.352 0 2 0 
860.69 87.4 40.481354 -3.401932 583.6 3 5 36.6 0.352 0 2 0 
861.70 86.4 40.481525 -3.401760 583.8 3 5 36.6 0.352 0 2 0 
862.70 86.6 40.481697 -3.401588 583.9 3 5 36.6 0 0 2 0 
863.70 87.6 40.481876 -3.401418 583.7 3 5 36.2 0.352 0 2 0 
864.70 86.7 40.482052 -3.401247 586.2 3 5 36.2 0.352 0 2 0 
865.70 87.2 40.482224 -3.401073 585.0 3 5 36.6 0.352 0 2 0 
866.70 87.3 40.482391 -3.400892 585.5 3 5 36.6 0.352 0 2 0 
867.72 87.9 40.482574 -3.400716 586.6 3 5 36.6 0 1 2 0 
868.71 88.4 40.482750 -3.400546 587.2 3 5 36.2 0.352 1 2 0 
869.77 86.9 40.482929 -3.400382 587.4 3 5 36.6 0.352 1 2 0 
870.74 90.0 40.483109 -3.400223 588.0 3 5 37.3 1.055 0 2 0 
871.71 89.5 40.483284 -3.400045 588.4 3 5 38.3 1.758 1 2 0 
872.71 87.8 40.483467 -3.399877 589.5 3 5 36.6 1.691 2 2 0 
873.72 86.9 40.483639 -3.399706 589.1 3 5 36.6 1.691 2 2 0 
874.71 86.9 40.483814 -3.399541 589.1 4 5 35.7 0.953 1 3 0 
875.70 86.0 40.483990 -3.399379 590.0 3 5 36.8 1.138 0 3 0 
876.77 89.2 40.484177 -3.399206 590.2 3 5 36.8 1.138 0 3 0 
877.71 89.6 40.484348 -3.399024 590.4 4 5 36.8 0 1 3 0 
878.69 89.9 40.484528 -3.398829 590.9 4 5 37.3 0.438 2 3 0 
879.69 89.9 40.484703 -3.398643 590.4 4 5 37.8 1.025 2 3 0 
880.71 88.3 40.484886 -3.398479 590.6 4 5 37.8 0.587 1 3 0 
881.71 86.4 40.485065 -3.398295 590.4 4 5 37.8 0 0 3 0 
882.71 85.0 40.485229 -3.398116 589.9 4 5 37.8 0 0 3 0 
883.72 85.2 40.485394 -3.397939 589.8 4 5 39.9 2.097 0 3 0 
884.75 85.9 40.485550 -3.397771 590.2 4 5 40.3 2.429 0 3 0 
885.71 87.7 40.485729 -3.397582 590.2 4 5 40.3 0.332 0 3 0 
886.75 87.6 40.485882 -3.397405 590.1 4 5 41.6 1.292 0 3 0 
887.71 87.8 40.486046 -3.397212 590.2 4 5 41.6 1.292 0 3 0 
888.71 87.0 40.486210 -3.397020 591.5 4 5 43.2 1.643 1 3 0 
889.71 87.2 40.486374 -3.396821 590.2 4 5 43.2 1.643 1 3 0 
890.71 86.9 40.486534 -3.396628 590.8 4 5 44.1 0.851 0 3 0 
891.69 87.0 40.486687 -3.396432 590.6 4 5 44.1 0.851 0 3 0 
892.71 87.1 40.486847 -3.396237 590.4 4 5 44.1 0 0 3 0 
893.72 87.0 40.487011 -3.396030 590.6 4 5 44.1 0 0 3 0 
894.69 87.4 40.487171 -3.395829 591.0 4 5 45.2 1.162 0 3 0 
895.71 86.9 40.487328 -3.395640 591.0 4 5 45.2 1.162 0 3 0 
896.74 86.2 40.487488 -3.395433 590.9 4 5 45.7 0.486 0 2 0 
897.76 84.7 40.487637 -3.395229 590.7 4 5 46.4 1.189 0 2 0 
898.72 83.4 40.487785 -3.395035 590.5 3 5 45.4 1.055 0 2 0 
899.71 83.0 40.487923 -3.394834 590.6 3 5 46.4 1.055 0 2 0 
900.73 82.0 40.488071 -3.394640 590.7 3 5 45.0 1.406 0 2 0 
901.75 81.9 40.488209 -3.394444 590.6 3 5 45.7 0.703 0 2 0 
902.76 80.8 40.488342 -3.394253 590.5 3 5 46.4 1.406 1 2 0 
903.72 79.9 40.488483 -3.394061 590.7 3 5 46.8 1.055 1 3 0 
904.84 79.3 40.488617 -3.393870 590.9 3 5 46.4 0.352 1 3 0 
905.71 79.6 40.488747 -3.393679 590.2 3 5 46.1 0.703 2 3 0 
906.72 79.1 40.488880 -3.393488 590.6 4 5 46.1 0.352 2 3 0 
907.73 79.6 40.489017 -3.393298 590.7 3 5 46.1 0 2 3 0 
908.72 80.1 40.489159 -3.393118 591.3 4 5 46.4 0.352 2 3 0 
909.73 81.6 40.489300 -3.392924 590.9 4 5 46.4 0.352 2 3 0 
910.71 81.0 40.489441 -3.392740 591.1 4 5 46.4 0 2 3 0 
911.69 81.1 40.489582 -3.392547 591.0 4 5 46.4 0 2 3 0 
912.70 82.0 40.489723 -3.392362 591.3 4 5 45.0 1.406 0 3 0 
913.69 82.9 40.489872 -3.392170 592.5 4 5 45.4 1.055 0 3 0 
914.75 83.7 40.490017 -3.391968 591.6 4 5 46.4 1.406 1 3 0 
915.69 84.5 40.490166 -3.391775 591.9 4 5 46.1 0.703 1 3 0 
916.69 84.5 40.490303 -3.391572 592.1 3 5 46.1 0.352 1 3 0 
917.69 84.8 40.490456 -3.391360 591.7 3 5 46.1 0 1 4 0 
918.69 85.3 40.490604 -3.391165 592.2 4 5 45.4 0.703 0 4 0 
919.71 85.4 40.490753 -3.390966 594.1 3 5 46.1 0.703 2 4 0 
920.72 85.7 40.490902 -3.390762 592.7 3 5 46.8 1.406 2 4 0 
921.70 86.7 40.491051 -3.390562 592.6 3 5 45.4 1.406 2 4 0 
922.71 85.6 40.491196 -3.390363 593.6 3 5 45.4 1.406 1 4 0 
923.69 86.4 40.491348 -3.390164 593.4 3 5 45.0 0.352 0 4 0 
924.70 86.7 40.491505 -3.389963 593.2 3 5 45.4 0.352 0 4 0 
925.71 87.5 40.491653 -3.389763 593.2 3 5 46.4 1.406 0 4 0 
926.70 88.1 40.491802 -3.389552 593.4 3 5 46.8 1.406 1 4 0 
927.71 88.2 40.491955 -3.389339 593.2 3 5 47.5 1.055 2 5 1 
928.71 88.0 40.492104 -3.389124 594.2 3 5 47.1 0.352 2 5 1 
929.70 88.2 40.492249 -3.388912 594.3 3 5 47.8 0.703 2 5 1 
930.70 88.5 40.492397 -3.388692 593.8 3 5 47.5 0.352 0 5 1 
931.74 89.1 40.492550 -3.388483 593.9 3 5 46.8 1.055 0 5 1 
932.70 86.6 40.492695 -3.388271 593.7 3 5 49.2 2.461 0 5 1 
933.70 88.5 40.492844 -3.388055 593.9 3 5 47.8 1.406 1 4 0 
934.73 88.4 40.492989 -3.387826 594.3 3 5 48.2 1.055 1 4 0 
935.77 88.3 40.493149 -3.387615 594.1 3 5 48.9 1.055 2 5 0 
936.72 88.1 40.493290 -3.387396 594.0 3 5 48.9 0.703 2 5 1 
937.70 87.3 40.493431 -3.387186 594.0 3 5 49.6 0.703 2 5 1 
938.71 86.8 40.493576 -3.386970 594.1 3 5 49.6 0.703 0 5 1 
939.70 85.9 40.493717 -3.386757 594.4 3 5 48.9 0.703 0 5 1 
940.69 85.4 40.493855 -3.386546 594.5 3 5 48.9 0.703 0 4 0 
941.71 86.6 40.493996 -3.386335 594.7 3 5 49.6 0.703 0 4 0 
942.70 87.8 40.494137 -3.386114 594.7 3 5 50.6 1.758 0 4 0 
943.79 88.8 40.494286 -3.385885 595.0 3 5 51.0 1.406 0 4 0 
944.71 89.8 40.494427 -3.385653 595.6 3 5 51.7 1.055 0 4 0 
945.72 90.1 40.494564 -3.385418 595.4 3 5 51.7 0.703 0 4 0 
946.70 89.9 40.494698 -3.385187 595.4 3 5 52.0 0.352 0 4 0 
947.71 87.6 40.494823 -3.384943 595.1 4 5 52.7 1.055 0 4 0 
948.73 88.3 40.494961 -3.384724 595.0 3 5 53.4 1.406 0 4 0 
949.70 87.0 40.495087 -3.384499 594.7 3 5 53.1 0.352 0 4 0 
950.71 85.9 40.495220 -3.384266 594.9 3 5 53.4 0.352 0 4 0 
951.70 87.1 40.495346 -3.384035 594.9 3 5 53.4 0.352 0 4 0 
952.71 85.6 40.495480 -3.383814 595.0 3 5 53.1 0.352 0 4 0 
953.72 86.9 40.495605 -3.383598 594.9 3 5 54.5 1.406 0 4 0 
954.70 85.6 40.495724 -3.383380 594.6 3 5 53.8 0.751 1 4 0 
955.71 85.2 40.495850 -3.383133 594.5 3 5 56.7 2.821 2 4 0 
956.71 86.3 40.495968 -3.382923 594.2 3 5 56.7 2.821 2 4 0 
957.71 82.2 40.496090 -3.382708 594.4 3 5 56.7 0 2 4 0 
958.71 81.0 40.496201 -3.382495 594.3 3 5 56.7 0 0 5 1 
959.77 80.1 40.496304 -3.382273 593.6 4 5 55.9 0.772 0 5 1 
960.71 80.0 40.496414 -3.382053 593.6 4 5 55.9 0.772 0 5 1 
961.71 78.2 40.496521 -3.381870 593.6 4 5 55.9 0 0 5 1 
962.70 79.2 40.496616 -3.381654 593.4 3 5 57.0 1.152 0 5 1 
963.69 79.2 40.496723 -3.381424 593.6 3 5 56.5 0.661 0 4 0 
964.70 79.1 40.496826 -3.381206 593.8 3 5 56.5 0.490 0 4 0 
965.70 79.6 40.496937 -3.380984 594.0 3 5 55.9 0.640 0 4 0 
966.73 78.6 40.497025 -3.380771 594.2 3 5 55.9 0.640 0 4 0 
967.73 80.8 40.497120 -3.380545 595.0 3 5 56.5 0.573 0 4 0 
968.72 80.9 40.497242 -3.380317 594.1 3 5 56.5 0.573 1 4 0 
969.70 82.0 40.497379 -3.380090 594.3 4 5 56.5 0 1 4 0 
970.72 82.0 40.497505 -3.379871 594.7 4 5 56.5 0 2 4 0 
971.78 81.9 40.497612 -3.379662 594.6 3 5 56.5 0 1 4 0 
972.71 81.9 40.497734 -3.379426 594.7 4 5 56.3 0.210 1 4 0 
973.70 82.0 40.497837 -3.379214 594.5 4 5 56.3 0.210 2 4 0 
974.69 81.0 40.497948 -3.378993 595.4 4 5 55.9 0.332 1 4 0 
975.76 80.2 40.498066 -3.378772 595.2 3 5 55.9 0.332 1 4 0 
976.76 81.6 40.498173 -3.378544 595.3 3 5 55.9 0 0 4 0 
977.69 82.3 40.498287 -3.378317 595.3 3 5 55.9 0 0 4 0 
978.69 82.2 40.498402 -3.378093 595.3 3 5 55.9 0 0 4 0 
979.72 83.2 40.498531 -3.377865 595.8 3 5 55.6 0.365 1 3 0 
980.73 84.7 40.498676 -3.377605 596.4 3 5 56.2 0.622 1 3 0 
981.72 84.9 40.498787 -3.377372 596.7 4 5 56.2 0.622 0 3 0 
982.72 85.0 40.498905 -3.377135 596.6 4 5 56.2 0 0 3 0 
983.69 86.7 40.499035 -3.376908 596.3 4 5 56.2 0 0 3 0 
984.70 86.5 40.499153 -3.376668 596.7 4 5 56.2 0 1 3 0 
985.71 86.0 40.499271 -3.376423 596.4 4 5 57.0 0.762 1 3 0 
986.71 88.1 40.499413 -3.376184 596.6 4 5 57.0 0.762 0 3 0 
987.70 87.2 40.499523 -3.375956 596.6 4 5 57.0 0 0 3 0 
988.70 85.8 40.499626 -3.375709 597.2 4 5 57.0 0 0 3 0 
989.71 86.1 40.499737 -3.375461 596.7 4 5 56.7 0.286 1 3 0 
990.69 88.4 40.499886 -3.375209 597.5 4 5 56.7 0.286 2 3 0 
991.75 87.6 40.500015 -3.374988 597.5 4 5 55.9 0.767 1 3 0 
992.73 87.7 40.500130 -3.374758 597.8 4 5 55.9 0.767 0 3 0 
993.70 89.0 40.500248 -3.374510 597.9 4 5 55.9 0 0 3 0 
994.71 88.2 40.500389 -3.374263 597.6 6 5 57.9 2.006 0 3 0 
995.73 87.2 40.500504 -3.374035 598.5 6 5 57.9 2.006 0 3 0 
996.73 86.5 40.500607 -3.373802 597.9 4 5 57.9 0 0 3 0 
997.71 85.6 40.500702 -3.373562 598.0 4 5 57.7 0.237 0 3 0 
998.71 82.5 40.500813 -3.373336 598.5 6 5 57.7 0.237 0 3 0 
999.69 83.4 40.500908 -3.373100 598.0 4 5 57.7 0 0 3 0 
1000.71 85.0 40.501015 -3.372843 599.1 4 5 57.7 0 0 3 0 
1001.80 83.5 40.501129 -3.372622 598.4 4 5 57.9 0.185 1 3 0 
1002.74 84.8 40.501259 -3.372385 598.9 4 5 57.7 0.131 1 3 0 
1003.70 86.0 40.501369 -3.372146 599.3 4 5 57.7 0.131 1 3 0 
1004.70 86.4 40.501484 -3.371895 599.5 4 5 57.4 0.311 2 3 0 
1005.71 86.5 40.501598 -3.371666 599.3 4 5 57.4 0.311 1 3 0 
1006.71 86.5 40.501690 -3.371428 601.2 4 5 57.4 0 0 3 0 
1007.73 87.0 40.501816 -3.371165 599.9 6 5 57.4 0 0 3 0 
1008.72 87.1 40.501923 -3.370934 599.8 4 5 57.4 0 0 3 0 
1009.72 87.8 40.502048 -3.370701 600.6 4 5 57.4 0 1 3 0 
1010.70 87.5 40.502167 -3.370451 600.4 4 5 54.2 3.222 1 4 0 
1011.71 87.7 40.502274 -3.370220 600.8 4 5 55.2 2.215 0 4 0 
1012.71 89.9 40.502396 -3.369972 601.4 4 5 57.8 3.579 0 4 0 
1013.73 88.5 40.502506 -3.369717 601.8 4 5 58.4 3.244 0 4 0 
1014.71 89.7 40.502625 -3.369470 601.5 4 5 57.5 0.980 1 4 0 
1015.76 90.1 40.502750 -3.369228 602.0 4 5 57.5 0.980 1 4 0 
1016.75 91.0 40.502869 -3.368981 602.3 4 5 57.9 0.472 1 4 0 
1017.71 90.0 40.502979 -3.368719 602.5 4 5 57.9 0.472 1 4 0 
1018.71 89.3 40.503098 -3.368470 602.6 4 5 57.9 0 2 4 0 
1019.72 88.2 40.503216 -3.368226 602.4 4 5 57.9 0 2 4 0 
1020.69 90.1 40.503353 -3.367978 603.1 6 5 58.6 0.636 1 4 0 
1021.70 88.0 40.503479 -3.367741 603.5 6 5 57.9 0.677 1 4 0 
1022.72 87.7 40.503582 -3.367504 602.7 6 5 57.9 0.677 2 5 1 
1023.71 86.9 40.503700 -3.367260 602.9 6 5 58.3 0.444 2 5 1 
1024.70 87.3 40.503830 -3.367008 603.2 4 5 58.3 0.444 0 5 1 
1025.72 88.5 40.503933 -3.366752 603.7 4 5 57.8 0.512 0 5 1 
1026.69 84.1 40.504044 -3.366504 603.7 4 5 58.3 0.475 0 5 1 
1027.72 83.5 40.504143 -3.366253 603.0 4 5 58.3 0.475 0 5 1 
1028.74 84.1 40.504246 -3.366013 603.1 4 5 58.3 0 0 5 1 
1029.72 83.7 40.504353 -3.365788 603.1 4 5 60.1 1.800 0 5 1 
1030.70 83.9 40.504456 -3.365541 603.0 4 5 60.9 2.556 0 5 1 
1031.73 83.4 40.504555 -3.365301 602.7 4 5 61.9 1.827 0 4 0 
1032.69 81.9 40.504654 -3.365076 602.6 4 5 63.4 2.578 0 4 0 
1033.70 80.7 40.504757 -3.364831 602.8 4 5 64.4 2.448 0 4 0 
1034.77 81.5 40.504837 -3.364599 604.4 3 5 64.4 0.941 0 4 0 
1035.73 79.5 40.504917 -3.364352 606.6 3 5 65.9 1.485 0 4 0 
1036.70 79.2 40.504993 -3.364122 606.5 3 5 67.6 3.220 0 4 0 
1037.70 80.0 40.505070 -3.363868 606.2 3 5 69.0 3.101 0 4 0 
1038.72 80.9 40.505138 -3.363625 605.8 4 5 70.8 3.211 0 4 0 
1039.70 82.1 40.505203 -3.363374 604.6 4 5 71.8 2.838 0 4 0 
1040.70 82.9 40.505268 -3.363118 603.4 4 5 72.5 1.709 0 3 0 
1041.73 85.2 40.505325 -3.362844 602.7 4 5 72.5 0.716 0 3 0 
1042.71 84.6 40.505390 -3.362576 602.8 4 5 75.3 2.766 0 3 0 
1043.71 83.8 40.505440 -3.362309 602.9 4 5 75.2 2.718 0 3 0 
1044.70 85.8 40.505493 -3.362013 602.8 4 5 77.3 2.109 0 3 0 
1045.70 85.8 40.505543 -3.361741 602.6 4 5 78.4 3.164 0 3 0 
1046.71 83.9 40.505566 -3.361468 602.0 4 5 81.2 3.867 0 3 0 
1047.87 80.4 40.505585 -3.361206 601.4 4 5 83.3 4.922 0 3 0 
1048.76 78.5 40.505592 -3.360944 601.1 4 5 87.9 6.680 0 3 0 
1049.71 78.4 40.505608 -3.360696 601.0 3 5 89.6 6.328 0 3 0 
1050.73 78.5 40.505611 -3.360437 601.0 3 5 89.3 1.406 0 3 0 
1051.70 77.7 40.505615 -3.360177 600.6 3 5 88.2 1.406 1 3 0 
1052.70 80.2 40.505623 -3.359928 600.5 3 5 88.6 0.703 1 3 0 
1053.70 81.0 40.505627 -3.359668 600.5 3 5 88.9 0.703 1 3 0 
1054.70 81.0 40.505630 -3.359402 600.3 3 5 88.6 0.352 1 3 0 
1055.71 77.2 40.505634 -3.359157 599.8 3 5 90.0 1.406 2 3 0 
1056.71 73.0 40.505627 -3.358909 599.3 3 5 91.4 2.812 0 3 0 
1057.70 70.9 40.505627 -3.358682 599.4 3 5 92.1 2.109 0 3 0 
1058.71 68.4 40.505615 -3.358470 598.8 3 5 93.9 2.461 0 3 0 
1059.75 68.8 40.505600 -3.358242 598.5 3 5 93.9 1.758 1 3 0 
1060.71 70.0 40.505581 -3.357990 598.8 3 5 94.9 1.055 2 3 0 
1061.71 69.8 40.505558 -3.357762 599.9 3 5 96.7 2.812 0 3 0 
1062.72 67.8 40.505535 -3.357550 599.2 3 5 98.1 3.164 0 3 0 
1063.71 70.2 40.505505 -3.357328 599.5 3 5 98.8 2.109 0 3 0 
1064.72 69.2 40.505489 -3.357102 599.6 3 5 96.7 2.109 0 3 0 
1065.71 68.4 40.505463 -3.356868 599.6 3 5 97.4 1.406 0 3 0 
1066.72 68.3 40.505444 -3.356640 599.8 3 5 97.4 0.703 0 3 0 
1067.71 66.9 40.505421 -3.356427 600.0 3 5 97.0 0.352 0 3 0 
1068.72 64.0 40.505402 -3.356219 600.2 3 5 96.7 0.703 0 3 0 
1069.71 63.4 40.505383 -3.356012 600.0 3 5 96.7 0.352 0 3 0 
1070.74 62.4 40.505360 -3.355802 600.3 3 5 97.0 0.352 0 2 0 
1071.71 60.7 40.505337 -3.355602 600.5 3 5 96.7 0.352 0 2 0 
1072.71 57.7 40.505314 -3.355406 600.4 3 5 97.4 0.703 0 2 0 
1073.70 56.1 40.505299 -3.355210 601.1 3 5 98.1 1.406 0 2 0 
1074.71 54.8 40.505276 -3.355036 600.6 3 5 99.8 2.461 0 2 0 
1075.87 53.4 40.505249 -3.354865 600.9 3 5 101.6 3.516 1 2 0 
1076.72 50.1 40.505226 -3.354703 600.7 3 5 102.3 2.461 1 2 0 
1068.72 64.0 40.505402 -3.356219 600.2 3 5 96.7 0.703 0 3 0 
1069.71 63.4 40.505383 -3.356012 600.0 3 5 96.7 0.352 0 3 0 
1070.74 62.4 40.505360 -3.355802 600.3 3 5 97.0 0.352 0 2 0 
1071.71 60.7 40.505337 -3.355602 600.5 3 5 96.7 0.352 0 2 0 
1072.71 57.7 40.505314 -3.355406 600.4 3 5 97.4 0.703 0 2 0 
1073.70 56.1 40.505299 -3.355210 601.1 3 5 98.1 1.406 0 2 0 
1074.71 54.8 40.505276 -3.355036 600.6 3 5 99.8 2.461 0 2 0 
1075.87 53.4 40.505249 -3.354865 600.9 3 5 101.6 3.516 1 2 0 
1076.72 50.1 40.505226 -3.354703 600.7 3 5 102.3 2.461 1 2 0 
1077.74 51.1 40.505199 -3.354545 601.0 3 5 103.0 1.406 1 2 0 
