17.66 100.0 1 primary 2 1 40.517979 -3.409060 1.925 77.5 
19.09 100.0 1 primary 3 2 40.518303 -3.409357 1.355 78.9 
20.94 100.0 1 primary 3 1 40.518623 -3.409667 1.211 80.2 
22.87 100.0 1 primary 3 1 40.518951 -3.409955 1.140 81.6 
25.44 100.0 1 primary 3 1 40.519283 -3.410268 1.709 80.9 
27.17 100.0 1 primary 3 1 40.519627 -3.410588 1.439 80.2 
28.81 100.0 1 primary 3 1 40.519947 -3.410879 1.079 81.4 
30.34 100.0 1 primary 2 1 40.520279 -3.411189 0.610 85.0 
35.04 100.0 1 primary 2 1 40.520443 -3.411345 4.314 88.6 
36.27 100.0 1 primary 2 1 40.521317 -3.412170 0.544 88.0 
38.32 100.0 1 primary 2 1 40.521496 -3.412338 1.592 89.1 
40.27 100.0 1 primary 2 1 40.521858 -3.412675 1.537 89.7 
41.43 100.0 1 primary 2 1 40.522213 -3.413014 0.701 91.7 
43.85 100.0 1 primary 2 1 40.522408 -3.413188 2.121 93.2 
45.69 100.0 1 primary 2 1 40.522934 -3.413749 0.963 94.0 
46.62 100.0 1 primary 2 1 40.523109 -3.413952 0.885 95.2 
47.95 100.0 1 primary 2 1 40.523281 -3.414165 1.218 96.7 
49.69 90.0 3 tertiary_link 1 1 40.523621 -3.414628 0.958 92.5 
50.55 90.0 3 tertiary_link 1 1 40.523766 -3.414858 0.817 89.1 
51.59 90.0 3 tertiary_link 1 1 40.523907 -3.415095 0.864 87.2 
52.55 90.0 3 tertiary_link 1 1 40.524036 -3.415329 0.824 86.1 
53.69 90.0 3 tertiary_link 1 1 40.524155 -3.415562 0.962 84.1 
55.76 90.0 3 tertiary_link 1 1 40.524269 -3.415811 2.032 82.1 
57.47 100.0 1 primary 2 1 40.524574 -3.416522 0.742 83.6 
59.62 100.0 1 primary 2 1 40.524654 -3.416768 1.894 84.5 
61.36 100.0 1 primary 2 1 40.524796 -3.417296 1.630 89.6 
64.74 80.0 1 primary 1 1 40.524925 -3.417831 3.011 94.6 
66.48 80.0 1 primary 1 1 40.525181 -3.418991 0.752 93.5 
67.50 80.0 1 primary 1 1 40.525249 -3.419288 0.774 93.3 
68.73 80.0 1 primary 1 1 40.525322 -3.419580 1.004 94.1 
72.04 80.0 1 primary 1 1 40.525471 -3.420149 2.310 92.0 
73.45 100.0 3 primary_link 1 1 40.525757 -3.420995 0.716 91.8 
75.40 100.0 1 primary 2 1 40.525860 -3.421252 1.668 94.1 
77.76 90.0 1 primary 2 1 40.526108 -3.421748 2.029 94.6 
80.31 90.0 1 primary 2 1 40.526573 -3.422450 1.576 94.5 
82.66 90.0 1 primary 2 1 40.526917 -3.422881 1.930 93.7 
92.60 90.0 1 primary 2 1 40.527290 -3.423255 9.873 95.7 
94.56 90.0 1 primary 2 1 40.529465 -3.424800 1.832 97.5 
96.69 90.0 1 primary 2 1 40.529884 -3.425112 1.959 100.3 
97.62 90.0 1 primary 2 1 40.530285 -3.425452 0.887 101.3 
105.29 90.0 1 primary 2 1 40.530502 -3.425645 7.558 100.7 
111.35 90.0 1 primary 2 1 40.531910 -3.427379 5.617 100.3 
114.16 90.0 1 primary 2 1 40.532772 -3.428985 2.430 100.1 
116.86 90.0 1 primary 2 1 40.533104 -3.429861 2.134 93.6 
120.07 90.0 1 primary 2 1 40.533360 -3.430723 2.336 91.4 
122.08 90.0 1 primary 2 1 40.533562 -3.431558 1.354 89.8 
123.63 90.0 1 primary 2 1 40.533669 -3.432127 0.894 89.2 
124.76 90.0 1 primary 2 1 40.533710 -3.432422 1.028 88.0 
132.33 90.0 1 primary 2 1 40.533775 -3.432975 6.596 87.5 
134.07 90.0 1 primary 2 1 40.533848 -3.435011 1.335 88.8 
135.81 90.0 1 primary 2 1 40.533859 -3.435597 1.079 87.3 
138.60 90.0 1 primary 2 1 40.533863 -3.436187 1.869 86.8 
161.61 90.0 1 primary 2 1 40.533855 -3.436773 22.881 99.9 
164.08 90.0 1 primary 2 1 40.533813 -3.443823 2.350 100.6 
166.22 90.0 1 primary 2 1 40.533810 -3.444813 1.488 99.3 
167.28 90.0 1 primary 2 1 40.533798 -3.445466 0.553 100.0 
168.99 90.0 1 primary 2 1 40.533794 -3.445800 1.255 101.5 
170.33 90.0 1 primary 2 1 40.533794 -3.446469 0.601 103.1 
171.90 90.0 1 primary 2 1 40.533798 -3.446814 1.167 103.4 
173.52 90.0 1 primary 2 1 40.533794 -3.447490 0.793 102.8 
174.42 90.0 1 primary 2 1 40.533794 -3.447827 0.696 101.3 
175.68 90.0 1 primary 2 1 40.533791 -3.448158 0.953 100.0 
176.26 90.0 1 primary 2 1 40.533787 -3.448479 0.532 98.8 
177.56 90.0 1 primary 2 1 40.533787 -3.448797 0.832 97.7 
179.63 90.0 1 primary 2 1 40.533783 -3.449114 1.904 98.1 
180.96 90.0 1 primary 2 1 40.533775 -3.449756 1.230 98.8 
182.74 90.0 1 primary 2 1 40.533775 -3.450401 1.007 97.0 
185.00 90.0 1 primary 2 1 40.533772 -3.451026 1.269 94.8 
186.90 90.0 1 primary 2 1 40.533772 -3.451639 1.174 93.5 
189.32 90.0 1 primary 2 1 40.533764 -3.452258 1.594 92.3 
192.82 90.0 1 primary 2 1 40.533760 -3.452863 3.093 91.8 
196.37 90.0 1 primary 2 1 40.533756 -3.454063 2.636 91.5 
208.00 90.0 1 primary 2 1 40.533737 -3.454962 11.269 90.7 
216.44 90.0 1 primary 2 1 40.533726 -3.458514 7.714 89.0 
217.13 90.0 1 primary 2 1 40.533718 -3.460832 0.398 89.0 
218.25 90.0 1 primary 2 1 40.533718 -3.461131 0.522 91.7 
270.81 90.0 1 primary 2 1 40.533718 -3.461434 52.080 91.0 
273.33 90.0 1 primary 2 1 40.540451 -3.471781 1.602 94.1 
274.77 30.0 1 primary_link 1 1 40.540897 -3.471926 1.036 93.0 
276.81 30.0 1 primary_link 1 1 40.541348 -3.472081 1.082 92.8 
278.36 30.0 1 primary_link 1 1 40.541786 -3.472230 0.629 90.0 
279.89 30.0 1 primary_link 1 1 40.542004 -3.472304 1.160 91.2 
281.73 30.0 1 primary_link 1 1 40.542454 -3.472445 0.990 90.1 
282.78 30.0 1 primary_link 1 1 40.542671 -3.472514 1.040 90.1 
285.32 30.0 1 primary_link 1 1 40.543118 -3.472655 1.595 89.1 
286.64 90.0 1 primary 2 1 40.543552 -3.472802 0.914 90.0 
288.28 90.0 1 primary 2 1 40.543770 -3.472876 1.552 90.5 
289.71 90.0 1 primary 2 1 40.544209 -3.473024 0.984 91.2 
290.89 90.0 1 primary 2 1 40.544422 -3.473101 1.164 89.9 
292.48 90.0 1 primary 2 1 40.544857 -3.473243 0.752 89.7 
293.91 90.0 1 primary 2 1 40.545071 -3.473312 1.185 89.3 
295.45 90.0 1 primary 2 1 40.545509 -3.473453 0.720 90.2 
296.46 90.0 1 primary 2 1 40.545723 -3.473527 0.725 91.3 
298.42 90.0 1 primary 2 1 40.545944 -3.473608 1.689 93.0 
299.44 90.0 1 primary 2 1 40.546425 -3.473759 0.711 96.0 
301.08 90.0 1 primary 2 1 40.546650 -3.473843 1.350 93.3 
302.95 90.0 1 primary 2 1 40.547104 -3.474017 1.220 93.0 
304.37 90.0 1 primary 2 1 40.547543 -3.474214 0.638 94.4 
305.90 90.0 1 primary 2 1 40.547768 -3.474315 1.172 94.1 
307.97 90.0 1 primary 2 1 40.548203 -3.474547 1.238 92.7 
310.73 90.0 1 primary 2 1 40.548622 -3.474790 2.002 91.7 
312.80 90.0 1 primary 2 1 40.549248 -3.475210 1.067 93.0 
314.93 90.0 1 primary 2 1 40.549660 -3.475510 1.199 92.1 
316.89 90.0 1 primary 2 1 40.550045 -3.475801 1.158 91.5 
318.70 90.0 1 primary 2 1 40.550426 -3.476128 0.961 93.2 
319.62 90.0 1 primary 2 1 40.550621 -3.476303 0.886 93.2 
322.01 90.0 1 primary 2 1 40.550819 -3.476488 2.277 94.9 
323.66 90.0 1 primary 2 1 40.551384 -3.477075 0.928 95.1 
326.24 90.0 1 primary 2 1 40.551563 -3.477273 2.513 97.1 
328.94 90.0 1 primary 2 1 40.552101 -3.477907 2.208 97.4 
330.85 90.0 1 primary 2 1 40.552608 -3.478589 1.116 96.4 
334.37 90.0 1 primary 2 1 40.552933 -3.479037 2.639 94.7 
337.54 90.0 2 primary 2 1 40.553387 -3.479768 2.806 94.1 
392.63 90.0 1 primary 2 1 40.553799 -3.480556 54.898 90.8 
393.97 90.0 3 tertiary_link 1 1 40.554222 -3.496593 1.241 92.3 
396.32 90.0 3 tertiary_link 1 1 40.554203 -3.497196 1.585 91.2 
397.54 90.0 3 tertiary_link 1 1 40.554226 -3.497807 0.811 91.2 
398.26 90.0 1 primary 2 1 40.554249 -3.498104 0.529 91.9 
399.38 90.0 1 primary 2 1 40.554295 -3.498403 0.655 94.1 
400.78 90.0 1 primary 2 1 40.554340 -3.498704 1.049 92.5 
403.37 90.0 1 primary 2 1 40.554447 -3.499291 1.640 91.7 
404.81 90.0 1 primary 2 1 40.554562 -3.499871 1.079 91.2 
406.60 90.0 1 primary 3 2 40.554707 -3.500441 0.874 91.0 
407.78 90.0 1 primary 3 2 40.554794 -3.500712 1.053 90.3 
410.56 90.0 1 primary 3 2 40.555019 -3.501212 1.833 90.1 
412.19 90.0 1 primary 3 2 40.555279 -3.501694 1.459 90.0 
413.92 90.0 1 primary 3 2 40.555542 -3.502165 1.197 90.1 
415.78 90.0 1 primary 3 2 40.555786 -3.502656 1.056 90.3 
417.53 90.0 1 primary 3 2 40.556007 -3.503167 0.799 92.4 
419.87 90.0 1 primary 3 2 40.556114 -3.503436 2.145 94.5 
421.53 90.0 1 primary 3 2 40.556385 -3.504299 0.804 96.6 
423.24 90.0 1 primary 3 2 40.556461 -3.504597 1.517 96.2 
424.88 90.0 1 primary 3 2 40.556580 -3.505212 1.152 95.8 
426.62 90.0 1 primary 3 2 40.556679 -3.505821 0.896 95.8 
427.66 90.0 1 primary 3 2 40.556721 -3.506131 0.936 96.2 
430.51 90.0 1 primary 3 2 40.556744 -3.506443 2.787 95.5 
435.26 90.0 1 primary 3 2 40.556767 -3.507389 4.536 95.3 
437.79 90.0 1 primary 3 2 40.556732 -3.508959 2.058 95.4 
440.46 90.0 1 primary 3 2 40.556759 -3.509883 1.735 95.9 
445.06 90.0 1 primary 3 2 40.556831 -3.510489 4.330 97.6 
446.91 90.0 1 primary 3 2 40.557182 -3.511984 1.182 94.3 
449.07 90.0 1 primary 3 2 40.557377 -3.512539 1.341 95.9 
450.70 90.0 1 primary 3 2 40.557610 -3.513075 0.969 96.0 
453.77 90.0 1 primary 3 2 40.557739 -3.513336 3.044 95.1 
457.57 90.0 1 primary 3 2 40.558308 -3.514284 2.845 91.3 
458.58 90.0 1 primary 3 2 40.558796 -3.514947 0.857 92.0 
459.50 100.0 3 primary_link 1 2 40.558987 -3.515142 0.773 91.2 
460.85 100.0 3 primary_link 1 2 40.559174 -3.515306 1.119 90.4 
462.88 100.0 3 primary_link 1 2 40.559540 -3.515626 1.150 90.0 
465.18 90.0 1 primary 3 2 40.559944 -3.515928 1.451 90.4 
467.61 90.0 1 primary 3 2 40.560352 -3.516174 1.880 91.8 
470.34 100.0 3 primary_link 1 2 40.560787 -3.516380 2.617 94.0 
471.69 100.0 3 primary_link 1 2 40.561485 -3.516612 0.959 92.2 
474.03 100.0 3 primary_link 1 2 40.561714 -3.516661 2.306 93.4 
500.30 100.0 3 primary_link 1 2 40.562408 -3.516774 25.572 94.2 
501.81 90.0 1 primary 2 2 40.568218 -3.519319 1.081 93.2 
503.47 90.0 1 primary 2 2 40.568604 -3.519680 0.741 93.4 
504.65 90.0 1 primary 2 2 40.568790 -3.519866 0.924 93.8 
506.49 90.0 1 primary 2 2 40.568970 -3.520058 1.766 93.5 
508.47 90.0 1 primary 2 2 40.569324 -3.520447 1.741 92.7 
509.91 90.0 1 primary 2 2 40.569672 -3.520873 1.180 91.9 
512.05 90.0 1 primary 2 2 40.569992 -3.521294 1.322 91.5 
515.14 90.0 1 primary 2 2 40.570293 -3.521726 2.417 90.9 
517.48 90.0 1 primary 2 2 40.570736 -3.522391 1.750 91.6 
519.30 90.0 1 primary 2 2 40.571022 -3.522872 1.578 93.3 
520.85 90.0 1 primary 2 2 40.571262 -3.523364 1.119 94.3 
522.86 90.0 1 primary 2 2 40.571499 -3.523893 1.135 95.2 
572.03 90.0 1 primary 2 2 40.571735 -3.524431 48.308 93.5 
573.87 90.0 1 primary 2 2 40.577042 -3.538155 1.148 93.7 
576.07 90.0 1 primary 2 2 40.577244 -3.538711 1.347 93.5 
577.56 90.0 1 primary 2 2 40.577438 -3.539266 0.833 91.8 
582.38 90.0 1 primary 2 2 40.577545 -3.539527 4.650 91.1 
588.44 90.0 1 primary 2 2 40.578068 -3.540845 5.718 90.9 
589.45 90.0 1 primary 2 2 40.578796 -3.542351 0.721 92.4 
591.18 90.0 1 primary 2 2 40.578930 -3.542606 1.454 91.5 
593.08 90.0 1 primary 2 2 40.579201 -3.543097 1.350 90.9 
595.39 90.0 1 primary 2 2 40.579475 -3.543569 1.661 91.4 
596.82 90.0 1 primary 2 2 40.579769 -3.544035 1.089 90.5 
599.07 90.0 1 primary 2 1 40.580067 -3.544490 1.340 92.2 
600.91 90.0 1 primary 2 1 40.580379 -3.544936 1.181 93.0 
603.29 90.0 1 primary 2 1 40.580700 -3.545391 1.562 94.4 
605.51 90.0 1 primary 2 1 40.581024 -3.545828 1.788 93.3 
606.45 90.0 1 primary 2 1 40.581348 -3.546259 0.723 93.1 
607.67 90.0 1 primary 2 1 40.581509 -3.546475 0.936 93.6 
608.89 90.0 1 primary 2 1 40.581673 -3.546693 1.168 95.4 
611.46 90.0 1 primary 2 1 40.582005 -3.547144 1.729 94.5 
612.58 90.0 1 primary 2 1 40.582336 -3.547608 0.852 94.5 
613.74 90.0 1 primary 2 1 40.582497 -3.547837 1.012 93.8 
616.72 90.0 1 primary 2 1 40.582794 -3.548310 1.990 92.0 
618.01 90.0 1 primary 2 1 40.583054 -3.548775 1.282 92.0 
629.59 90.0 1 primary 2 1 40.583302 -3.549286 10.860 88.4 
631.74 90.0 1 primary 2 1 40.584244 -3.552330 2.011 87.3 
633.99 90.0 1 primary 1 1 40.584362 -3.553169 1.263 85.4 
635.94 90.0 1 primary 1 1 40.584431 -3.553737 1.213 83.7 
638.54 90.0 1 primary 1 1 40.584488 -3.554267 1.811 78.4 
639.33 90.0 1 primary 1 1 40.584541 -3.554783 0.608 75.0 
640.43 90.0 1 primary 1 1 40.584579 -3.555030 0.708 70.9 
642.38 90.0 1 primary 1 1 40.584610 -3.555266 1.657 67.0 
643.82 90.0 1 primary 1 1 40.584656 -3.555704 1.090 65.3 
645.92 70.0 1 primary 1 1 40.584709 -3.556126 1.193 64.4 
648.01 70.0 1 primary 1 1 40.584763 -3.556544 1.287 61.4 
650.67 70.0 1 primary 1 1 40.584805 -3.556939 1.945 59.3 
652.62 70.0 1 primary 1 1 40.584850 -3.557318 1.893 55.1 
654.36 70.0 1 primary 1 1 40.584900 -3.557660 1.633 46.9 
