15.83 75.7 40.517979 -3.409060 620.3 3 5 324.8 0.352 0 0 0 
16.75 75.8 40.518135 -3.409204 620.4 3 5 324.5 0.703 0 0 0 
17.75 77.5 40.518303 -3.409357 620.8 3 5 323.4 1.406 0 0 0 
18.78 78.9 40.518459 -3.409520 621.0 3 5 324.5 1.055 0 0 0 
19.73 79.3 40.518623 -3.409667 621.3 3 5 325.2 1.758 2 0 0 
20.76 80.2 40.518787 -3.409810 621.6 3 5 325.2 0.703 0 0 0 
21.74 80.8 40.518951 -3.409955 622.0 3 5 324.5 0.703 0 0 0 
22.79 81.6 40.519115 -3.410109 622.7 3 5 324.5 0.703 0 0 0 
23.79 81.5 40.519283 -3.410268 622.7 3 5 324.5 0 0 0 0 
24.74 82.5 40.519451 -3.410447 622.9 4 5 323.1 1.406 0 0 0 
25.76 80.9 40.519627 -3.410588 623.2 4 5 324.8 1.758 0 0 0 
26.73 81.8 40.519787 -3.410732 623.3 4 5 324.5 1.406 0 0 0 
27.75 80.2 40.519947 -3.410879 623.7 4 5 324.1 0.703 1 1 0 
28.73 81.4 40.520103 -3.411028 624.1 4 5 324.5 0.352 1 0 0 
29.74 85.1 40.520279 -3.411188 624.6 4 5 325.2 1.055 0 2 0 
30.74 85.0 40.520443 -3.411345 625.1 4 5 324.5 0.703 0 2 0 
31.73 87.1 40.520611 -3.411510 625.5 4 5 324.5 0.703 0 2 0 
32.75 86.9 40.520786 -3.411673 626.0 4 5 324.5 0 0 2 0 
33.73 86.9 40.520966 -3.411840 626.4 3 5 324.5 0 0 2 0 
34.74 88.6 40.521141 -3.412009 626.4 3 5 324.5 0 0 2 0 
35.74 88.1 40.521317 -3.412170 627.3 3 5 325.2 0.703 0 2 0 
36.73 88.0 40.521496 -3.412338 628.0 3 5 324.5 0.703 1 2 0 
37.73 87.6 40.521671 -3.412512 628.4 3 5 324.5 0.703 1 2 0 
38.75 89.1 40.521858 -3.412675 629.0 3 5 324.8 0.352 1 2 0 
39.75 88.0 40.522034 -3.412841 629.9 3 5 325.5 1.055 0 2 0 
40.75 89.7 40.522213 -3.413014 630.2 4 5 324.1 1.406 0 2 0 
41.74 91.7 40.522408 -3.413188 631.1 4 5 325.2 1.055 1 2 0 
42.73 91.4 40.522591 -3.413359 632.4 4 5 325.2 1.055 2 3 0 
43.77 93.2 40.522747 -3.413555 633.4 4 5 320.6 4.570 2 3 0 
44.74 93.4 40.522934 -3.413749 634.5 4 5 319.9 5.273 0 3 0 
45.74 94.0 40.523109 -3.413952 635.2 3 5 317.8 2.812 0 3 0 
46.75 95.2 40.523281 -3.414165 636.6 3 5 316.8 3.164 0 3 0 
47.74 96.7 40.523464 -3.414392 637.3 3 5 314.6 3.164 0 3 0 
48.80 94.0 40.523621 -3.414627 638.7 3 5 310.8 5.977 1 3 0 
49.74 92.5 40.523766 -3.414858 639.3 3 5 309.0 5.625 1 3 0 
50.75 89.1 40.523907 -3.415094 639.6 3 5 306.9 3.867 2 3 0 
51.75 87.2 40.524036 -3.415329 639.8 3 5 305.2 3.867 2 3 0 
52.74 86.1 40.524155 -3.415562 640.2 3 5 303.0 3.867 2 3 0 
53.74 84.1 40.524269 -3.415810 639.9 3 5 300.9 4.219 2 4 0 
54.79 82.6 40.524376 -3.416050 639.9 3 5 299.2 3.867 2 4 0 
55.77 82.1 40.524475 -3.416282 639.9 3 5 298.1 2.812 1 4 0 
56.73 81.6 40.524574 -3.416522 640.1 3 5 296.7 2.461 0 4 0 
57.76 83.6 40.524654 -3.416768 639.9 3 5 293.9 4.219 0 4 0 
58.74 83.3 40.524731 -3.417026 639.9 3 5 290.7 5.977 1 4 0 
59.75 84.5 40.524796 -3.417296 639.6 3 5 289.3 4.570 0 4 0 
60.75 86.9 40.524853 -3.417555 639.4 3 5 288.6 2.109 0 3 0 
61.74 89.6 40.524925 -3.417831 639.0 3 5 287.6 1.758 0 3 0 
62.75 92.5 40.524979 -3.418113 639.0 3 5 286.5 2.109 0 3 0 
63.75 93.2 40.525047 -3.418401 638.8 3 5 285.8 1.758 0 3 0 
64.73 94.6 40.525116 -3.418695 638.2 3 5 285.1 1.406 0 3 0 
65.75 95.8 40.525181 -3.418991 637.1 3 5 285.8 0.703 0 3 0 
66.75 93.5 40.525249 -3.419288 636.6 3 5 286.5 1.406 0 3 0 
67.76 93.3 40.525322 -3.419580 635.8 3 5 287.6 1.758 0 3 0 
68.74 94.1 40.525391 -3.419860 635.4 3 5 289.3 2.812 1 3 0 
69.81 93.8 40.525471 -3.420149 634.8 3 5 291.1 3.516 1 3 0 
70.73 93.5 40.525555 -3.420452 634.1 4 5 293.2 3.867 1 3 0 
71.74 92.0 40.525654 -3.420718 633.5 4 5 294.6 3.516 0 3 0 
72.74 91.3 40.525757 -3.420994 633.2 4 5 296.7 3.516 0 3 0 
73.75 91.8 40.525860 -3.421252 632.8 4 5 299.5 4.922 0 3 0 
74.76 92.9 40.525982 -3.421513 632.1 4 5 302.7 5.977 0 3 0 
75.76 94.1 40.526108 -3.421748 631.8 4 5 305.9 6.328 0 3 0 
76.74 93.4 40.526249 -3.421986 631.1 4 5 309.4 6.680 1 3 0 
77.76 94.6 40.526398 -3.422222 630.4 4 5 310.8 4.922 1 3 0 
78.79 96.0 40.526573 -3.422450 629.7 4 5 313.9 4.570 1 3 0 
79.79 95.8 40.526741 -3.422674 629.1 4 5 316.4 5.625 1 3 0 
80.78 94.5 40.526917 -3.422881 628.5 4 5 318.9 4.922 1 3 0 
81.74 93.3 40.527096 -3.423076 627.4 4 5 321.3 4.922 1 4 0 
82.73 93.7 40.527290 -3.423254 627.3 4 5 324.1 5.273 1 4 0 
83.76 95.3 40.527489 -3.423434 626.4 4 5 327.0 5.625 1 4 0 
84.77 96.9 40.527702 -3.423600 626.3 4 5 329.4 5.273 1 4 0 
85.73 98.3 40.527920 -3.423758 626.1 4 5 331.5 4.570 2 4 0 
86.76 98.8 40.528141 -3.423922 625.4 4 5 332.2 2.812 1 4 0 
87.75 98.9 40.528366 -3.424085 625.3 4 5 332.9 1.406 0 4 0 
88.76 99.5 40.528591 -3.424230 625.0 4 5 333.6 1.406 1 4 0 
89.74 98.4 40.528820 -3.424365 624.5 4 5 334.3 1.406 1 4 0 
90.77 96.9 40.529037 -3.424505 623.7 4 5 332.6 1.758 1 4 0 
91.73 95.5 40.529251 -3.424652 622.7 4 5 331.9 2.461 0 4 0 
92.73 95.7 40.529465 -3.424799 622.1 4 5 331.2 1.406 0 4 0 
93.78 96.0 40.529675 -3.424950 622.0 4 5 330.1 1.758 0 4 0 
94.73 97.5 40.529884 -3.425112 621.4 4 5 329.1 2.109 0 4 0 
95.74 98.6 40.530083 -3.425273 620.6 4 5 327.7 2.461 0 4 0 
96.73 100.3 40.530285 -3.425451 620.5 4 5 327.0 2.109 0 4 0 
97.75 101.3 40.530502 -3.425645 619.6 4 5 324.8 2.812 0 4 0 
98.73 97.2 40.530693 -3.425833 619.3 4 5 322.0 4.922 0 4 0 
99.73 95.5 40.530884 -3.426030 618.5 4 5 320.3 4.570 1 4 0 
100.74 94.7 40.531055 -3.426232 617.7 3 5 318.9 3.164 1 4 0 
101.77 92.6 40.531231 -3.426431 617.2 4 5 317.5 2.812 0 4 0 
102.73 97.5 40.531406 -3.426656 617.3 4 5 316.1 2.812 0 4 0 
103.74 98.0 40.531567 -3.426887 617.6 4 5 314.3 3.164 0 4 0 
104.78 99.2 40.531742 -3.427126 617.9 3 5 312.5 3.516 0 4 0 
105.77 100.7 40.531910 -3.427379 618.0 3 5 310.8 3.516 1 4 0 
106.74 99.6 40.532047 -3.427625 618.2 4 5 308.3 4.219 1 4 0 
107.74 99.6 40.532200 -3.427883 619.0 4 5 306.6 4.219 1 4 0 
108.75 100.1 40.532349 -3.428152 619.7 4 5 305.5 2.812 0 4 0 
109.74 99.3 40.532497 -3.428417 620.5 4 5 305.2 1.406 0 4 0 
110.77 101.8 40.532639 -3.428717 621.7 4 5 302.3 3.164 0 3 0 
111.74 100.3 40.532772 -3.428985 623.5 4 5 299.9 5.273 0 3 0 
112.73 100.2 40.532890 -3.429277 624.5 3 5 298.1 4.219 0 3 0 
113.77 100.1 40.532997 -3.429566 625.7 4 5 296.0 3.867 0 3 0 
114.75 100.1 40.533104 -3.429861 626.6 4 5 296.0 2.109 0 3 0 
115.75 97.3 40.533199 -3.430159 627.7 3 5 292.9 3.164 0 3 0 
116.79 93.6 40.533287 -3.430444 628.4 3 5 291.1 4.922 0 3 0 
117.74 90.4 40.533360 -3.430723 629.6 3 5 289.7 3.164 0 3 0 
118.75 91.3 40.533432 -3.431005 630.9 3 5 288.3 2.812 0 3 0 
119.78 91.4 40.533493 -3.431288 632.0 4 5 286.5 3.164 0 3 0 
120.75 89.7 40.533562 -3.431557 633.0 4 5 285.1 3.164 0 3 0 
121.79 89.8 40.533615 -3.431849 634.3 4 5 283.4 3.164 0 3 0 
122.78 90.2 40.533669 -3.432127 635.8 4 5 281.6 3.516 0 3 0 
123.76 89.2 40.533710 -3.432421 636.8 4 5 280.2 3.164 0 3 0 
124.78 88.0 40.533749 -3.432684 638.0 4 5 278.8 2.812 0 3 0 
125.75 89.6 40.533775 -3.432975 639.3 4 5 277.0 3.164 0 3 0 
126.75 89.4 40.533798 -3.433267 640.2 4 5 275.6 3.164 0 3 0 
127.77 89.2 40.533813 -3.433556 641.4 4 5 273.9 3.164 0 3 0 
128.80 89.8 40.533825 -3.433855 642.9 4 5 272.5 3.164 0 3 0 
129.73 88.5 40.533836 -3.434132 643.5 4 5 272.1 1.758 0 3 0 
130.75 88.1 40.533840 -3.434426 644.6 4 5 271.8 0.703 0 2 0 
131.75 87.4 40.533844 -3.434718 645.8 4 5 270.7 1.406 0 2 0 
132.80 87.5 40.533848 -3.435011 647.2 4 5 270.4 1.406 0 2 0 
133.75 88.8 40.533855 -3.435306 648.4 4 5 270.0 0.703 0 2 0 
134.74 88.6 40.533859 -3.435597 649.4 4 5 270.0 0.352 0 2 0 
135.77 87.3 40.533859 -3.435889 650.7 4 5 270.0 0 0 2 0 
136.75 88.1 40.533863 -3.436186 651.6 4 5 270.0 0 0 2 0 
137.77 88.0 40.533863 -3.436475 653.1 4 5 270.0 0 0 2 0 
138.75 86.8 40.533855 -3.436772 654.1 4 5 269.6 0.352 0 2 0 
139.76 86.8 40.533863 -3.437068 655.5 4 5 270.0 0.352 0 2 0 
140.73 87.3 40.533863 -3.437343 656.1 4 5 270.0 0.352 0 2 0 
141.74 86.9 40.533863 -3.437619 658.1 4 5 269.6 0.352 0 2 0 
142.76 86.9 40.533867 -3.437909 658.6 4 5 269.6 0.352 0 1 0 
143.77 86.4 40.533863 -3.438192 659.2 4 5 268.9 0.703 0 1 0 
144.77 86.7 40.533863 -3.438479 661.3 4 5 269.6 0.703 0 1 0 
145.76 87.3 40.533859 -3.438761 661.9 4 5 269.6 0.703 0 1 0 
146.75 89.5 40.533852 -3.439054 663.4 4 5 269.3 0.352 0 1 0 
147.78 91.0 40.533844 -3.439353 663.8 4 5 269.6 0.352 0 1 0 
148.75 91.5 40.533840 -3.439659 664.4 4 5 269.3 0.352 0 1 0 
149.75 91.5 40.533840 -3.439959 664.5 4 5 269.3 0.352 0 1 0 
150.74 90.7 40.533825 -3.440265 665.3 4 5 268.9 0.352 0 0 0 
151.78 92.7 40.533821 -3.440577 665.8 4 5 269.3 0.352 0 0 0 
152.73 94.9 40.533821 -3.440882 666.2 4 5 270.0 1.055 0 0 0 
153.75 97.5 40.533825 -3.441204 666.4 4 5 270.0 0.703 0 0 0 
154.73 98.0 40.533825 -3.441525 666.7 4 5 269.6 0.352 0 0 0 
155.73 97.5 40.533825 -3.441844 666.7 4 5 269.6 0.352 0 0 0 
156.73 98.3 40.533821 -3.442174 666.3 4 5 269.6 0 0 0 0 
157.75 98.5 40.533817 -3.442504 666.1 4 5 269.6 0 0 0 0 
158.73 98.5 40.533821 -3.442834 665.6 3 5 270.0 0.352 0 0 0 
159.74 99.0 40.533821 -3.443165 665.7 3 5 269.6 0.352 0 0 0 
160.75 99.9 40.533817 -3.443496 665.6 3 5 269.6 0.352 0 0 0 
161.74 99.9 40.533813 -3.443822 665.1 3 5 269.6 0 0 0 0 
162.74 100.0 40.533810 -3.444155 664.1 3 5 270.0 0.352 0 0 0 
163.74 100.6 40.533810 -3.444489 663.7 3 5 269.6 0.352 0 0 0 
164.74 100.3 40.533810 -3.444812 663.2 3 5 269.6 0.352 0 0 0 
165.74 101.0 40.533802 -3.445142 662.9 3 5 269.3 0.352 0 0 0 
166.75 99.3 40.533798 -3.445466 661.8 3 5 270.0 0.703 0 0 0 
167.74 100.0 40.533794 -3.445799 661.5 3 5 269.6 0.352 0 0 0 
168.78 101.5 40.533794 -3.446135 661.4 3 5 270.0 0.352 0 0 0 
169.75 101.8 40.533794 -3.446468 661.2 3 5 269.6 0.352 0 0 0 
170.76 103.1 40.533798 -3.446814 660.8 3 5 270.0 0.352 0 0 0 
171.73 103.4 40.533794 -3.447151 660.2 3 5 269.6 0.352 0 0 0 
172.74 103.2 40.533794 -3.447490 659.7 3 5 269.6 0.352 0 0 0 
173.77 102.8 40.533794 -3.447827 659.3 3 5 270.0 0.352 0 0 0 
174.74 101.3 40.533791 -3.448158 658.8 3 5 269.6 0.352 0 0 0 
175.77 100.0 40.533787 -3.448479 657.8 3 5 269.6 0.352 0 0 0 
176.83 98.8 40.533787 -3.448796 657.1 3 5 269.6 0 0 0 0 
177.74 97.7 40.533783 -3.449114 656.4 3 5 269.6 0 0 0 0 
178.77 97.6 40.533779 -3.449431 655.6 3 5 269.6 0 0 0 0 
179.79 98.1 40.533775 -3.449755 655.4 3 5 269.6 0 0 0 0 
180.75 98.8 40.533779 -3.450078 655.0 3 5 270.0 0.352 0 0 0 
181.79 98.1 40.533775 -3.450401 654.4 3 5 269.6 0.352 0 0 0 
182.75 97.0 40.533775 -3.450714 653.7 3 5 269.6 0.352 0 0 0 
183.75 95.8 40.533772 -3.451026 653.5 3 5 269.6 0 0 0 0 
184.75 94.8 40.533775 -3.451338 652.9 3 5 269.6 0 0 0 0 
185.75 93.3 40.533772 -3.451639 652.2 3 5 269.6 0 0 0 0 
186.77 93.5 40.533768 -3.451947 652.1 3 5 269.3 0.352 0 0 0 
187.75 93.9 40.533764 -3.452257 652.3 3 5 269.6 0.352 0 0 0 
188.73 93.0 40.533764 -3.452563 651.3 3 5 269.6 0.352 0 0 0 
189.76 92.3 40.533760 -3.452862 651.6 3 5 269.6 0 0 0 0 
190.75 92.6 40.533760 -3.453161 650.8 3 5 269.6 0 0 0 0 
191.75 93.1 40.533760 -3.453468 650.7 3 5 269.6 0 0 0 0 
192.75 91.8 40.533760 -3.453765 650.0 3 5 269.6 0 0 0 0 
193.75 91.4 40.533756 -3.454062 649.8 3 5 269.6 0 0 0 0 
194.76 91.4 40.533749 -3.454363 649.5 3 5 269.3 0.352 0 0 0 
195.73 91.6 40.533741 -3.454664 648.9 3 5 269.3 0.352 0 0 0 
196.76 91.5 40.533737 -3.454962 648.7 3 5 269.3 0 0 0 0 
197.79 90.6 40.533737 -3.455253 647.9 3 5 269.3 0 1 0 0 
198.76 90.0 40.533737 -3.455546 647.6 3 5 269.3 0 1 0 0 
199.82 90.6 40.533737 -3.455849 647.4 3 5 269.6 0.352 0 0 0 
200.76 91.5 40.533737 -3.456149 647.1 3 5 270.0 0.703 0 0 0 
201.77 91.2 40.533737 -3.456447 647.0 3 5 270.0 0.352 0 0 0 
202.77 90.5 40.533733 -3.456744 646.9 3 5 269.6 0.352 0 0 0 
203.73 89.8 40.533733 -3.457044 646.4 3 5 269.6 0.352 0 0 0 
204.79 89.0 40.533730 -3.457336 646.3 3 5 269.6 0 0 0 0 
205.73 89.1 40.533726 -3.457629 646.5 3 5 269.6 0 0 0 0 
206.74 90.1 40.533726 -3.457925 646.6 3 5 270.0 0.352 0 0 0 
207.80 90.7 40.533726 -3.458218 646.9 3 5 270.0 0.352 0 0 0 
208.75 90.3 40.533726 -3.458514 647.1 3 5 270.0 0 0 0 0 
209.73 90.1 40.533722 -3.458810 647.4 3 5 269.6 0.352 0 0 0 
210.73 90.1 40.533722 -3.459105 647.5 3 5 269.6 0.352 0 0 0 
211.80 89.8 40.533722 -3.459397 647.6 3 5 269.6 0 0 0 0 
212.74 89.3 40.533718 -3.459691 647.8 3 5 269.6 0 0 0 0 
213.73 88.7 40.533718 -3.459978 648.2 3 5 269.6 0 0 0 0 
214.74 87.6 40.533718 -3.460255 648.5 3 5 269.6 0 0 0 0 
215.74 87.4 40.533718 -3.460540 648.6 3 5 269.6 0 0 0 0 
216.79 89.0 40.533718 -3.460832 649.5 3 5 270.0 0.352 0 0 0 
217.81 90.6 40.533718 -3.461130 650.2 3 5 270.4 0.703 0 0 0 
218.74 91.7 40.533718 -3.461433 650.8 3 5 270.0 0.352 0 0 0 
219.75 93.2 40.533718 -3.461742 650.9 4 5 269.3 1.055 0 0 0 
220.73 89.5 40.533722 -3.462045 651.5 4 5 268.9 1.055 0 0 0 
221.78 89.8 40.533722 -3.462323 651.9 4 5 269.3 0.352 0 0 0 
222.74 89.2 40.533714 -3.462615 652.3 4 5 269.6 0.703 0 0 0 
223.74 89.9 40.533710 -3.462903 653.1 3 5 269.6 0.352 0 0 0 
224.79 90.3 40.533710 -3.463204 653.7 4 5 269.6 0 0 0 0 
225.74 90.3 40.533703 -3.463504 653.8 4 5 269.6 0 0 0 0 
226.74 89.5 40.533703 -3.463795 654.3 4 5 269.6 0 0 0 0 
227.81 88.9 40.533703 -3.464092 654.2 4 5 269.6 0 0 0 0 
228.75 88.5 40.533699 -3.464383 654.3 4 5 270.0 0.352 0 0 0 
229.76 87.4 40.533699 -3.464685 654.7 4 5 270.4 0.703 0 0 0 
230.80 86.0 40.533703 -3.464966 654.9 4 5 271.4 1.406 0 0 0 
231.74 86.8 40.533722 -3.465252 655.6 4 5 273.2 2.812 0 0 0 
232.75 86.9 40.533737 -3.465533 655.5 3 5 275.6 4.219 0 0 0 
233.74 87.2 40.533772 -3.465817 656.1 4 5 278.1 4.922 0 0 0 
234.74 88.7 40.533810 -3.466100 656.6 4 5 280.2 4.570 0 0 0 
235.75 89.9 40.533859 -3.466392 657.5 4 5 283.4 5.273 0 0 0 
236.74 90.4 40.533920 -3.466672 657.9 4 5 286.9 6.680 0 0 0 
237.80 91.3 40.533997 -3.466955 658.5 4 5 289.7 6.328 0 0 0 
238.73 91.2 40.534073 -3.467229 658.5 4 5 292.5 5.625 0 0 0 
239.76 91.2 40.534164 -3.467504 659.6 4 5 295.0 5.273 0 0 0 
240.75 89.1 40.534264 -3.467767 659.9 4 5 296.4 3.867 0 0 0 
241.74 90.2 40.534367 -3.468025 660.1 4 5 300.9 5.977 0 0 0 
242.75 89.9 40.534492 -3.468278 660.5 4 5 304.1 7.734 0 0 0 
243.78 88.7 40.534618 -3.468498 661.4 4 5 307.3 6.328 0 0 0 
244.74 88.6 40.534760 -3.468728 661.8 4 5 309.7 5.625 0 0 0 
245.77 89.1 40.534897 -3.468953 662.3 4 5 311.8 4.570 0 0 0 
246.75 89.4 40.535053 -3.469167 663.2 4 5 315.4 5.625 0 0 0 
247.75 90.8 40.535213 -3.469377 663.2 4 5 318.2 6.328 0 0 0 
248.75 91.5 40.535393 -3.469565 663.7 4 5 321.7 6.328 0 0 0 
249.77 92.4 40.535583 -3.469741 664.2 4 5 324.8 6.680 0 0 0 
250.75 94.2 40.535786 -3.469915 664.5 4 5 327.7 5.977 0 0 0 
251.76 93.0 40.535984 -3.470075 665.0 4 5 329.8 4.922 0 0 0 
252.76 90.9 40.536190 -3.470215 665.5 4 5 332.9 5.273 0 0 0 
253.75 90.1 40.536396 -3.470347 665.8 3 5 335.0 5.273 0 0 0 
254.73 92.1 40.536613 -3.470456 666.7 3 5 338.9 5.977 0 0 0 
255.76 90.7 40.536827 -3.470567 667.2 3 5 340.3 5.273 0 0 0 
256.81 95.1 40.537052 -3.470660 668.4 3 5 343.8 4.922 0 0 0 
257.76 96.7 40.537292 -3.470746 668.4 3 5 345.2 4.922 0 0 0 
258.79 96.6 40.537525 -3.470822 669.1 3 5 345.2 1.406 0 0 0 
259.75 97.3 40.537769 -3.470904 669.4 3 5 345.6 0.352 0 0 0 
260.80 94.2 40.537991 -3.470982 670.0 3 5 345.6 0.352 0 0 0 
261.77 92.9 40.538216 -3.471054 670.3 3 5 345.9 0.352 0 0 0 
262.77 89.2 40.538437 -3.471128 670.9 3 5 345.9 0.352 0 0 0 
263.80 90.4 40.538654 -3.471195 671.1 3 5 345.6 0.352 0 0 0 
264.76 90.3 40.538876 -3.471274 671.8 3 5 345.2 0.703 0 0 0 
265.76 90.4 40.539093 -3.471347 672.2 3 5 345.6 0.352 0 0 0 
266.76 90.6 40.539318 -3.471416 672.8 3 5 345.9 0.703 0 0 0 
267.76 90.9 40.539555 -3.471490 673.1 3 5 346.3 0.703 0 0 0 
268.73 88.6 40.539776 -3.471566 673.7 3 5 345.2 1.055 0 0 0 
269.77 91.2 40.540001 -3.471632 674.5 3 5 345.9 0.703 0 0 0 
270.77 91.0 40.540222 -3.471703 674.5 3 5 345.9 0.703 0 0 0 
271.80 91.2 40.540451 -3.471781 674.9 3 5 345.9 0 0 0 0 
272.75 91.9 40.540668 -3.471853 675.3 3 5 345.2 0.703 0 0 0 
273.73 94.1 40.540897 -3.471926 675.7 3 5 346.3 1.055 0 0 0 
274.76 93.0 40.541130 -3.472004 676.1 3 5 345.6 0.703 0 0 0 
275.77 92.1 40.541348 -3.472081 676.5 3 5 345.6 0.703 0 0 0 
276.77 92.8 40.541569 -3.472155 676.6 3 5 345.9 0.352 0 0 0 
277.75 91.7 40.541786 -3.472230 678.1 3 5 345.9 0.352 0 0 0 
278.74 90.0 40.542004 -3.472304 678.1 3 5 345.2 0.703 0 0 0 
279.73 91.2 40.542225 -3.472379 678.5 4 5 345.6 0.352 0 0 0 
280.81 90.6 40.542454 -3.472445 679.5 4 5 345.6 0.352 0 0 0 
281.74 90.1 40.542671 -3.472514 680.4 4 5 345.6 0 1 0 0 
282.74 90.1 40.542889 -3.472588 681.3 4 5 345.6 0 1 0 0 
283.74 89.0 40.543118 -3.472655 681.7 4 5 345.2 0.352 0 0 0 
284.73 89.2 40.543335 -3.472729 683.0 4 5 345.6 0.352 0 0 0 
285.74 89.1 40.543552 -3.472802 683.0 4 5 345.6 0.352 0 0 0 
286.74 90.0 40.543770 -3.472876 684.2 4 5 345.2 0.352 0 0 0 
287.73 90.9 40.543980 -3.472954 684.7 4 5 345.6 0.352 0 0 0 
288.74 90.5 40.544209 -3.473024 685.5 3 5 345.6 0.352 0 0 0 
289.73 91.2 40.544422 -3.473101 686.4 3 5 346.3 0.703 0 0 0 
290.81 89.9 40.544640 -3.473174 687.2 3 5 346.3 0.703 0 0 0 
291.75 89.4 40.544857 -3.473243 688.3 3 5 345.9 0.352 0 0 0 
292.74 89.7 40.545071 -3.473312 689.4 3 5 345.9 0.352 0 0 0 
293.75 89.3 40.545288 -3.473383 689.8 3 5 345.6 0.352 0 0 0 
294.74 89.5 40.545509 -3.473453 690.8 3 5 345.6 0.352 0 0 0 
295.83 90.2 40.545723 -3.473527 691.6 3 5 345.2 0.352 0 0 0 
296.76 91.3 40.545944 -3.473608 692.5 3 5 344.9 0.703 0 0 0 
297.76 92.6 40.546181 -3.473683 693.4 3 5 344.9 0.352 0 0 0 
298.75 93.0 40.546425 -3.473759 694.5 3 5 344.2 0.703 0 0 0 
299.83 96.0 40.546650 -3.473843 695.2 3 5 344.5 0.352 0 0 0 
300.79 93.3 40.546883 -3.473927 696.0 3 5 343.1 1.406 0 0 0 
301.75 92.5 40.547104 -3.474017 696.9 3 5 342.4 2.109 0 0 0 
302.79 93.0 40.547325 -3.474112 698.3 3 5 341.7 1.406 0 0 0 
303.75 93.3 40.547543 -3.474214 698.8 3 5 341.7 0.703 0 0 0 
304.73 94.4 40.547768 -3.474315 699.8 3 5 339.6 2.109 0 0 0 
305.76 94.1 40.547985 -3.474430 700.8 3 5 338.2 3.516 0 0 0 
306.77 93.9 40.548203 -3.474547 701.8 3 5 337.5 2.109 0 0 0 
307.76 92.7 40.548420 -3.474667 702.6 3 5 336.1 2.109 0 0 0 
308.75 92.6 40.548622 -3.474790 703.1 3 5 335.4 2.109 0 0 0 
309.75 92.0 40.548836 -3.474921 704.2 3 5 334.0 2.109 0 0 0 
310.75 91.7 40.549038 -3.475068 705.1 3 5 332.9 2.461 0 0 0 
311.75 93.0 40.549248 -3.475209 706.1 3 5 332.2 1.758 0 0 0 
312.73 93.0 40.549450 -3.475355 707.3 3 5 330.8 2.109 0 0 0 
313.75 92.8 40.549660 -3.475510 707.6 3 5 329.8 2.461 0 0 0 
314.76 92.1 40.549854 -3.475655 708.7 3 5 329.1 1.758 0 0 0 
315.83 90.4 40.550045 -3.475801 709.4 3 5 328.0 1.758 0 0 0 
316.76 91.5 40.550236 -3.475965 709.7 3 5 327.7 1.406 0 0 0 
317.75 92.0 40.550426 -3.476128 711.1 3 5 325.9 2.109 0 0 0 
318.75 93.2 40.550621 -3.476302 711.6 3 5 325.2 2.461 0 0 0 
319.75 93.2 40.550819 -3.476488 712.4 3 5 323.8 2.109 0 0 0 
320.76 94.3 40.551006 -3.476676 713.4 3 5 322.4 2.812 0 0 0 
321.76 94.9 40.551193 -3.476878 714.4 3 5 321.7 2.109 0 0 0 
322.77 94.5 40.551384 -3.477075 715.5 4 5 321.0 1.406 0 0 0 
323.74 95.1 40.551563 -3.477272 716.6 4 5 319.9 1.758 0 0 0 
324.76 95.7 40.551754 -3.477479 717.3 4 5 318.2 2.812 0 0 0 
325.75 95.9 40.551929 -3.477691 718.4 4 5 317.1 2.812 0 0 0 
326.73 97.1 40.552101 -3.477907 719.4 4 5 316.1 2.109 0 0 0 
327.76 97.2 40.552273 -3.478128 719.8 4 5 315.0 2.109 0 0 0 
328.73 97.4 40.552444 -3.478354 720.6 4 5 315.7 0.703 0 0 0 
329.80 97.6 40.552608 -3.478589 721.8 4 5 313.6 2.109 0 0 0 
330.77 96.4 40.552776 -3.478797 722.6 6 5 313.2 2.461 0 0 0 
331.79 96.7 40.552933 -3.479037 723.3 4 5 310.8 2.812 0 0 0 
332.75 95.7 40.553074 -3.479279 724.4 4 5 309.7 3.516 0 0 0 
333.76 94.7 40.553215 -3.479521 724.7 4 5 309.0 1.758 0 0 0 
334.75 94.7 40.553387 -3.479768 726.4 6 5 309.0 0.703 0 0 0 
335.74 93.7 40.553528 -3.480012 726.7 6 5 307.6 1.406 0 0 0 
336.73 94.3 40.553673 -3.480269 727.4 6 5 305.9 3.164 0 0 0 
337.75 94.1 40.553799 -3.480556 728.0 6 5 303.8 3.867 0 0 0 
338.80 93.2 40.553932 -3.480827 728.6 4 5 303.4 2.461 0 0 0 
339.74 93.2 40.554039 -3.481074 729.0 4 5 302.0 1.758 0 0 0 
340.74 95.8 40.554153 -3.481336 729.0 4 5 300.6 2.812 0 0 0 
341.77 93.7 40.554260 -3.481598 729.5 4 5 300.2 1.758 0 0 0 
342.74 94.0 40.554375 -3.481868 730.5 4 5 298.5 2.109 0 0 0 
343.75 94.3 40.554482 -3.482141 730.6 4 5 297.8 2.461 0 0 0 
344.74 93.6 40.554585 -3.482416 730.8 4 5 296.4 2.109 0 0 0 
345.82 94.3 40.554684 -3.482700 731.0 4 5 295.7 2.109 1 0 0 
346.75 93.8 40.554787 -3.482968 731.5 4 5 295.0 1.406 0 0 0 
347.74 94.2 40.554882 -3.483231 731.9 4 5 293.9 1.758 0 0 0 
348.74 94.7 40.554974 -3.483513 732.0 4 5 292.9 2.109 0 0 0 
349.74 94.4 40.555061 -3.483808 731.9 4 5 291.1 2.812 0 0 0 
350.74 93.8 40.555145 -3.484098 731.7 6 5 290.7 2.109 0 0 0 
351.75 93.1 40.555225 -3.484379 732.0 6 5 289.3 1.758 0 0 0 
352.77 92.0 40.555302 -3.484664 732.2 4 5 289.7 1.055 0 0 0 
353.75 92.8 40.555374 -3.484957 732.7 4 5 287.2 2.461 0 0 0 
354.80 95.2 40.555447 -3.485257 733.1 4 5 286.5 3.164 0 0 0 
355.77 95.6 40.555508 -3.485554 733.1 4 5 284.8 2.461 0 0 0 
356.74 95.5 40.555561 -3.485857 733.7 6 5 283.7 2.812 0 0 0 
357.75 94.7 40.555614 -3.486149 733.9 6 5 283.0 1.758 0 0 0 
358.77 95.0 40.555664 -3.486445 734.2 4 5 282.0 1.758 0 0 0 
359.76 94.5 40.555717 -3.486757 734.0 4 5 280.9 2.109 0 0 0 
360.82 95.3 40.555752 -3.487073 734.4 4 5 279.1 2.812 1 0 0 
361.73 94.6 40.555794 -3.487385 734.7 4 5 278.8 2.109 1 0 0 
362.74 95.2 40.555820 -3.487695 734.8 4 5 277.7 1.406 1 0 0 
363.75 95.4 40.555851 -3.488014 735.1 4 5 276.7 2.109 0 0 0 
364.75 92.6 40.555874 -3.488314 734.9 4 5 275.6 2.109 0 0 0 
365.75 95.1 40.555893 -3.488625 735.6 4 5 272.8 3.867 0 0 0 
366.77 94.9 40.555897 -3.488933 736.5 4 5 271.4 4.219 1 0 0 
367.75 94.7 40.555893 -3.489246 736.7 4 5 269.6 3.164 0 0 0 
368.75 95.5 40.555889 -3.489559 736.9 4 5 267.9 3.516 0 0 0 
369.76 94.7 40.555870 -3.489878 737.0 4 5 265.8 3.867 0 0 0 
370.78 94.7 40.555847 -3.490175 737.4 4 5 263.7 4.219 0 0 0 
371.80 95.9 40.555817 -3.490491 737.7 4 5 261.2 4.570 0 0 0 
372.75 98.7 40.555775 -3.490806 738.2 4 5 260.2 3.516 0 0 0 
373.77 96.7 40.555721 -3.491115 738.6 4 5 256.3 4.922 0 0 0 
374.76 95.5 40.555664 -3.491419 738.8 4 5 253.8 6.328 0 0 0 
375.79 94.9 40.555595 -3.491717 739.1 4 5 251.7 4.570 0 0 0 
376.73 95.1 40.555511 -3.492012 739.0 4 5 250.3 3.516 0 0 0 
377.78 95.4 40.555428 -3.492303 739.0 4 5 248.6 3.164 0 0 0 
378.76 95.0 40.555336 -3.492596 739.3 4 5 246.1 4.219 0 0 0 
379.76 94.7 40.555229 -3.492869 739.6 4 5 244.0 4.570 0 0 0 
380.76 95.3 40.555111 -3.493142 740.2 4 5 242.2 3.867 0 0 0 
381.77 94.3 40.555000 -3.493415 740.4 4 5 242.6 1.406 0 0 0 
382.74 93.7 40.554890 -3.493686 740.4 4 5 242.6 0.352 0 0 0 
383.79 94.0 40.554787 -3.493969 740.1 4 5 243.6 1.055 0 0 0 
384.76 94.6 40.554684 -3.494244 740.4 4 5 245.0 2.461 0 0 0 
385.73 94.2 40.554596 -3.494530 740.6 4 5 247.5 3.867 0 0 0 
386.83 95.3 40.554504 -3.494819 740.8 6 5 249.6 4.570 0 0 0 
387.76 94.3 40.554428 -3.495125 741.4 6 5 252.4 4.922 0 0 0 
388.84 93.3 40.554363 -3.495418 742.0 4 5 254.9 5.273 0 0 0 
389.73 91.8 40.554310 -3.495715 741.9 4 5 257.7 5.273 0 0 0 
390.81 90.4 40.554276 -3.496005 742.2 4 5 259.8 4.922 0 0 0 
391.73 90.3 40.554249 -3.496289 742.6 4 5 262.3 4.570 0 0 0 
392.73 90.8 40.554222 -3.496593 742.9 4 5 264.7 4.922 0 0 0 
393.74 92.3 40.554207 -3.496889 743.2 4 5 266.8 4.570 0 0 0 
394.73 93.0 40.554203 -3.497195 743.3 4 5 269.3 4.570 0 0 0 
395.81 92.9 40.554211 -3.497507 743.9 4 5 271.4 4.570 0 0 0 
396.73 91.2 40.554226 -3.497807 743.8 4 5 274.2 4.922 0 0 0 
397.74 91.2 40.554249 -3.498104 744.2 4 5 277.0 5.625 0 0 0 
398.74 91.9 40.554295 -3.498403 744.4 4 5 280.5 6.328 0 0 0 
399.74 94.1 40.554340 -3.498703 744.5 4 5 282.0 4.922 0 0 0 
400.77 92.5 40.554390 -3.498999 744.3 4 5 284.4 3.867 0 0 0 
401.76 91.1 40.554447 -3.499291 744.2 4 5 285.5 3.516 0 0 0 
402.77 91.1 40.554501 -3.499583 744.3 4 5 285.1 0.703 0 0 0 
403.74 91.7 40.554562 -3.499871 744.0 4 5 285.8 0.703 0 0 0 
404.74 91.2 40.554630 -3.500159 742.9 4 5 287.2 2.109 0 0 0 
405.74 90.3 40.554707 -3.500441 742.2 3 5 290.7 4.922 0 0 0 
406.77 91.0 40.554794 -3.500712 741.5 3 5 293.6 6.328 0 0 0 
407.74 90.3 40.554901 -3.500971 740.3 3 5 297.1 6.328 0 0 0 
408.74 90.1 40.555019 -3.501212 739.8 3 5 302.0 8.438 0 0 0 
409.79 90.1 40.555149 -3.501453 738.9 3 5 303.8 6.680 0 0 0 
410.77 90.1 40.555279 -3.501694 738.0 3 5 304.8 2.812 0 0 0 
411.76 90.0 40.555408 -3.501930 736.9 3 5 305.2 1.406 0 0 0 
412.73 90.0 40.555542 -3.502165 735.4 3 5 305.2 0.352 0 0 0 
413.74 90.1 40.555664 -3.502409 734.5 3 5 303.8 1.406 0 0 0 
414.80 90.1 40.555786 -3.502655 733.5 3 5 302.7 2.461 0 0 0 
415.74 90.3 40.555901 -3.502905 732.1 3 5 300.9 2.812 0 0 0 
416.79 91.5 40.556007 -3.503167 731.2 3 5 298.5 4.219 0 0 0 
417.81 92.4 40.556114 -3.503436 730.3 3 5 296.4 4.570 0 0 0 
418.78 93.4 40.556206 -3.503717 729.4 3 5 294.3 4.219 1 0 0 
419.74 94.5 40.556297 -3.504006 728.1 3 5 292.9 3.516 0 0 0 
420.74 94.9 40.556385 -3.504299 726.6 3 5 291.1 3.164 0 0 0 
421.74 96.6 40.556461 -3.504597 725.6 3 5 288.6 4.219 0 0 0 
422.74 95.8 40.556522 -3.504900 724.2 3 5 286.2 4.922 0 0 0 
423.76 96.2 40.556580 -3.505212 722.9 3 5 284.1 4.570 1 0 0 
424.75 95.8 40.556637 -3.505517 721.8 3 5 282.3 3.867 0 0 0 
425.75 95.3 40.556679 -3.505821 721.0 3 5 280.9 3.164 0 0 0 
426.82 95.8 40.556721 -3.506131 719.3 3 5 278.8 3.516 0 0 0 
427.73 96.2 40.556744 -3.506442 717.8 3 5 276.7 4.219 0 0 0 
428.75 95.6 40.556759 -3.506758 716.5 3 5 274.2 4.570 0 0 0 
429.73 95.5 40.556767 -3.507074 715.4 3 5 272.1 4.570 0 0 0 
430.75 95.5 40.556767 -3.507389 714.4 3 5 270.0 4.219 0 0 0 
431.73 95.8 40.556763 -3.507707 713.1 3 5 268.9 3.164 0 0 0 
432.75 95.4 40.556755 -3.508015 711.8 3 5 267.9 2.109 0 0 0 
433.75 95.3 40.556747 -3.508327 710.6 3 5 267.5 1.406 0 0 0 
434.78 95.4 40.556736 -3.508645 709.2 3 5 267.9 0.352 0 0 0 
435.76 95.3 40.556732 -3.508958 708.5 3 5 268.9 1.406 0 0 0 
436.79 95.2 40.556736 -3.509271 707.1 3 5 270.7 2.812 0 0 0 
437.75 95.4 40.556740 -3.509584 705.6 3 5 271.4 2.461 0 0 0 
438.75 94.9 40.556759 -3.509882 704.3 3 5 274.9 4.219 0 0 0 
439.75 94.6 40.556789 -3.510181 703.2 3 5 278.4 7.031 0 0 0 
440.76 95.9 40.556831 -3.510489 701.5 3 5 280.2 5.273 0 0 0 
441.77 94.8 40.556889 -3.510790 700.5 3 5 283.4 4.922 0 0 0 
442.73 94.2 40.556953 -3.511092 699.2 3 5 285.5 5.273 0 0 0 
443.74 94.6 40.557022 -3.511394 698.2 3 5 287.2 3.867 0 0 0 
444.76 97.6 40.557095 -3.511695 697.3 3 5 288.6 3.164 0 0 0 
445.76 94.1 40.557182 -3.511984 696.1 3 5 292.1 4.922 0 0 0 
446.74 94.3 40.557270 -3.512267 694.6 3 5 294.3 5.625 0 0 0 
447.76 94.3 40.557377 -3.512539 693.8 3 5 297.1 4.922 0 0 0 
448.76 95.9 40.557487 -3.512816 692.3 3 5 298.1 3.867 0 0 0 
449.77 94.5 40.557610 -3.513075 691.2 3 5 301.3 4.219 0 0 0 
450.76 96.0 40.557739 -3.513335 690.1 3 5 302.7 4.570 0 0 0 
451.73 97.7 40.557869 -3.513605 688.8 3 5 303.4 2.109 0 0 0 
452.73 94.1 40.558010 -3.513828 687.4 3 5 308.0 5.273 0 0 0 
453.73 95.1 40.558151 -3.514067 686.4 3 5 309.0 5.625 0 0 0 
454.73 93.4 40.558308 -3.514284 685.7 3 5 312.5 4.570 0 0 0 
455.73 93.5 40.558468 -3.514509 684.7 3 5 314.6 5.625 0 0 0 
456.78 93.2 40.558628 -3.514727 684.0 4 5 316.8 4.219 0 0 0 
457.74 91.3 40.558796 -3.514947 682.8 3 5 319.6 4.922 0 0 0 
458.76 92.0 40.558987 -3.515142 681.8 3 5 321.7 4.922 0 0 0 
459.74 91.2 40.559174 -3.515306 681.0 3 5 324.1 4.570 0 0 0 
460.74 90.4 40.559345 -3.515476 680.0 4 5 325.2 3.516 0 0 0 
461.73 90.5 40.559540 -3.515625 679.3 4 5 328.4 4.219 0 0 0 
462.73 90.0 40.559738 -3.515784 679.1 4 5 330.1 4.922 0 0 0 
463.73 89.8 40.559944 -3.515928 678.5 3 5 332.9 4.570 0 0 0 
464.73 90.6 40.560146 -3.516060 677.6 4 5 335.0 4.922 0 0 0 
465.74 90.4 40.560352 -3.516174 676.7 3 5 337.1 4.219 0 0 0 
466.75 90.6 40.560566 -3.516277 676.0 3 5 339.3 4.219 0 0 0 
467.74 91.8 40.560787 -3.516380 675.2 3 5 341.4 4.219 0 0 0 
468.73 92.4 40.561008 -3.516464 674.3 3 5 343.5 4.219 0 0 0 
469.81 93.9 40.561245 -3.516542 673.8 3 5 346.3 4.922 0 0 0 
470.74 94.0 40.561485 -3.516612 673.1 3 5 348.8 5.273 0 0 0 
471.74 92.2 40.561714 -3.516661 672.3 3 5 350.9 4.570 0 0 0 
472.74 93.0 40.561947 -3.516707 671.5 3 5 352.3 3.516 0 0 0 
473.74 93.4 40.562180 -3.516739 670.7 3 5 353.7 2.812 0 0 0 
474.81 94.2 40.562408 -3.516774 670.2 3 5 354.4 2.109 1 0 0 
475.77 94.5 40.562645 -3.516804 669.4 3 5 354.0 0.352 1 0 0 
476.73 95.6 40.562881 -3.516830 668.7 3 5 354.4 0.352 0 0 0 
477.80 96.1 40.563118 -3.516865 668.1 3 5 353.7 0.703 0 0 0 
478.81 96.6 40.563362 -3.516907 667.4 3 5 353.0 1.406 1 0 0 
479.78 96.7 40.563610 -3.516948 666.5 3 5 352.6 1.055 0 0 0 
480.74 93.5 40.563839 -3.517003 665.7 3 5 350.2 2.812 0 0 0 
481.74 94.1 40.564072 -3.517061 664.5 3 5 349.5 3.164 0 0 0 
482.75 94.1 40.564308 -3.517126 663.7 3 5 348.4 1.758 0 0 0 
483.75 94.5 40.564537 -3.517185 663.2 3 5 347.3 2.109 0 0 0 
484.75 94.1 40.564762 -3.517271 662.2 3 5 345.6 2.812 0 0 0 
485.75 95.1 40.564991 -3.517355 662.0 3 5 344.2 3.164 1 0 0 
486.75 93.5 40.565208 -3.517442 661.4 3 5 343.5 2.109 1 0 0 
487.75 95.8 40.565434 -3.517550 661.3 3 5 342.1 2.109 0 0 0 
488.75 96.4 40.565670 -3.517663 661.0 3 5 341.0 2.461 0 0 0 
489.81 95.5 40.565891 -3.517768 660.3 3 5 339.6 2.461 0 0 0 
490.73 94.4 40.566113 -3.517880 660.0 3 5 337.9 3.164 0 0 0 
491.76 94.0 40.566330 -3.517996 659.6 3 5 336.8 2.812 0 0 0 
492.74 95.7 40.566547 -3.518115 659.7 3 5 336.1 1.758 0 0 0 
493.75 96.2 40.566776 -3.518238 659.6 3 5 334.7 2.109 0 0 0 
494.76 97.3 40.566990 -3.518376 659.7 3 5 333.6 2.461 0 0 0 
495.78 96.8 40.567207 -3.518519 659.9 3 5 332.2 2.461 0 0 0 
496.74 94.0 40.567413 -3.518668 660.0 3 5 330.8 2.812 0 0 0 
497.73 95.7 40.567616 -3.518826 659.9 3 5 329.8 2.461 0 0 0 
498.75 95.0 40.567818 -3.518984 660.3 3 5 328.7 2.109 0 0 0 
499.73 94.6 40.568016 -3.519143 660.8 3 5 327.7 2.109 0 0 0 
500.74 94.2 40.568218 -3.519319 660.9 3 5 325.9 2.812 0 0 0 
501.75 93.2 40.568413 -3.519500 660.9 3 5 324.8 2.812 0 0 0 
502.76 93.3 40.568604 -3.519680 661.3 3 5 323.4 2.461 0 0 0 
503.76 93.4 40.568790 -3.519866 661.2 3 5 322.4 2.461 0 0 0 
504.77 93.8 40.568970 -3.520058 661.6 3 5 321.3 2.109 0 0 0 
505.74 93.7 40.569149 -3.520253 661.6 3 5 319.9 2.461 0 0 0 
506.73 93.5 40.569324 -3.520447 662.0 3 5 319.2 2.109 0 0 0 
507.73 93.1 40.569500 -3.520659 662.7 3 5 317.8 2.109 0 0 0 
508.77 92.7 40.569672 -3.520873 662.9 3 5 317.5 1.758 0 0 0 
509.77 91.9 40.569832 -3.521080 663.1 3 5 316.1 1.758 0 0 0 
510.73 91.7 40.569992 -3.521294 663.6 3 5 314.6 2.812 0 0 0 
511.74 91.5 40.570148 -3.521506 663.9 3 5 313.9 2.109 0 0 0 
512.73 92.3 40.570293 -3.521726 664.3 3 5 312.2 2.461 0 0 0 
513.73 92.2 40.570431 -3.521952 664.8 3 5 310.8 3.164 0 0 0 
514.73 92.2 40.570583 -3.522182 664.9 4 5 310.8 1.406 0 0 0 
515.73 90.9 40.570736 -3.522391 664.9 3 5 311.8 1.055 1 0 0 
516.73 90.4 40.570889 -3.522615 664.8 3 5 307.6 4.219 0 0 0 
517.77 91.6 40.571022 -3.522871 664.8 3 5 306.2 5.625 0 0 0 
518.73 91.1 40.571148 -3.523114 665.0 4 5 305.5 2.109 1 0 0 
519.74 93.3 40.571262 -3.523364 665.4 4 5 303.0 3.164 2 1 0 
520.74 94.3 40.571392 -3.523637 665.2 4 5 301.3 4.219 1 1 0 
521.74 94.5 40.571499 -3.523892 665.0 4 5 301.6 1.406 1 1 0 
522.74 95.2 40.571629 -3.524163 664.7 4 5 299.9 1.758 0 1 0 
523.80 95.5 40.571735 -3.524430 664.2 4 5 298.5 3.164 1 1 0 
524.73 95.9 40.571850 -3.524702 663.5 4 5 297.4 2.461 1 1 0 
525.74 95.9 40.571968 -3.524978 662.7 4 5 296.4 2.109 1 1 0 
526.73 95.4 40.572075 -3.525258 662.2 4 5 295.3 2.109 0 1 0 
527.74 94.6 40.572186 -3.525534 661.4 4 5 295.7 0.703 0 1 0 
528.74 95.2 40.572281 -3.525822 660.6 4 5 292.9 2.812 0 2 0 
529.78 94.9 40.572361 -3.526111 659.8 4 5 292.1 3.516 0 2 0 
530.76 93.9 40.572449 -3.526400 659.2 4 5 291.8 1.055 0 2 0 
531.75 94.3 40.572540 -3.526689 658.5 4 5 291.4 0.703 0 2 0 
532.73 93.9 40.572639 -3.526988 657.2 4 5 290.7 1.055 0 2 0 
533.79 93.9 40.572723 -3.527270 656.8 4 5 290.7 0.703 0 2 0 
534.74 93.3 40.572807 -3.527554 656.0 4 5 291.1 0.352 0 1 0 
535.74 92.1 40.572895 -3.527838 655.3 4 5 291.4 0.703 0 1 0 
536.74 92.8 40.572983 -3.528114 654.7 4 5 291.8 0.703 0 1 0 
537.74 92.7 40.573067 -3.528399 653.7 4 5 291.8 0.352 0 1 0 
538.74 93.1 40.573147 -3.528681 653.1 4 5 292.5 0.703 0 1 0 
539.76 93.9 40.573238 -3.528965 653.2 4 5 293.2 1.406 0 1 0 
540.74 93.8 40.573341 -3.529252 652.4 4 5 294.3 1.758 0 1 0 
541.76 94.4 40.573441 -3.529532 651.7 4 5 295.0 1.758 0 1 0 
542.75 93.0 40.573544 -3.529802 650.7 3 5 296.4 2.109 0 1 0 
543.74 93.9 40.573643 -3.530082 650.4 4 5 297.1 2.109 0 1 0 
544.76 94.8 40.573750 -3.530367 649.8 4 5 297.4 1.055 0 1 0 
545.75 95.9 40.573864 -3.530639 649.2 3 5 298.1 1.055 0 1 0 
546.75 97.0 40.573971 -3.530913 648.7 3 5 299.2 1.758 0 1 0 
547.75 96.4 40.574089 -3.531191 648.0 4 5 299.9 1.758 0 1 0 
548.79 96.3 40.574211 -3.531469 646.8 3 5 300.2 1.055 0 1 0 
549.74 95.7 40.574341 -3.531743 646.3 3 5 301.6 1.758 0 1 0 
550.74 96.0 40.574474 -3.532001 645.6 3 5 302.3 2.109 0 1 0 
551.74 96.4 40.574600 -3.532269 644.8 3 5 303.4 1.758 0 1 0 
552.75 97.3 40.574738 -3.532537 644.2 3 5 303.8 1.406 0 1 0 
553.75 97.1 40.574871 -3.532805 643.2 3 5 303.4 0.352 0 1 0 
554.75 96.2 40.575005 -3.533070 642.4 3 5 303.0 0.703 0 1 0 
555.78 96.9 40.575146 -3.533333 641.7 3 5 302.7 0.703 0 1 0 
556.75 100.0 40.575279 -3.533607 641.3 3 5 302.3 0.703 0 1 0 
557.76 98.0 40.575417 -3.533889 640.4 3 5 302.0 0.703 0 1 0 
558.76 97.4 40.575558 -3.534169 639.8 4 5 301.3 1.055 1 1 0 
559.82 98.0 40.575680 -3.534441 639.1 4 5 300.9 1.055 0 1 0 
560.76 99.9 40.575802 -3.534713 638.8 3 5 300.2 1.055 0 1 0 
561.77 101.8 40.575928 -3.535000 638.2 3 5 298.8 2.109 0 1 0 
562.79 100.7 40.576038 -3.535291 637.1 3 5 297.8 2.461 0 1 0 
563.74 99.9 40.576157 -3.535587 636.4 3 5 296.4 2.461 0 1 0 
564.77 98.9 40.576271 -3.535880 635.7 3 5 295.7 2.109 0 1 0 
565.76 97.8 40.576370 -3.536170 634.9 3 5 295.3 1.055 0 1 0 
566.73 97.1 40.576473 -3.536461 634.3 3 5 295.0 0.703 0 1 0 
567.75 95.5 40.576569 -3.536752 633.8 3 5 294.3 1.055 0 1 0 
568.73 94.8 40.576672 -3.537043 633.4 3 5 293.6 1.406 0 1 0 
569.78 93.0 40.576763 -3.537320 632.8 3 5 293.6 0.703 1 1 0 
570.73 93.1 40.576851 -3.537599 632.6 3 5 293.9 0.352 1 1 0 
571.73 93.5 40.576946 -3.537875 632.1 3 5 294.3 0.703 1 2 0 
572.74 93.8 40.577042 -3.538155 632.1 3 5 294.6 0.703 1 2 0 
573.73 93.7 40.577141 -3.538436 631.8 4 5 294.6 0.352 1 2 0 
574.74 95.0 40.577244 -3.538711 631.4 4 5 295.0 0.352 1 2 0 
575.76 93.5 40.577347 -3.538990 631.3 4 5 295.3 0.703 1 2 0 
576.73 92.4 40.577438 -3.539266 630.9 4 5 296.0 1.055 1 2 0 
577.75 91.8 40.577545 -3.539527 630.3 4 5 296.7 1.406 1 2 0 
578.73 92.2 40.577644 -3.539794 630.5 4 5 297.4 1.406 0 2 0 
579.73 91.8 40.577744 -3.540063 630.2 4 5 298.1 1.406 0 2 0 
580.75 91.8 40.577854 -3.540323 629.7 4 5 298.5 1.055 0 2 0 
581.76 91.4 40.577965 -3.540585 629.3 4 5 299.5 1.406 0 2 0 
582.76 91.1 40.578068 -3.540845 629.0 4 5 300.6 2.109 0 2 0 
583.74 90.9 40.578186 -3.541101 628.8 4 5 301.3 1.758 0 2 0 
584.74 89.6 40.578304 -3.541352 628.3 4 5 302.0 1.406 0 2 0 
585.74 89.1 40.578426 -3.541602 627.9 4 5 302.0 0.703 0 1 0 
586.73 89.1 40.578545 -3.541851 627.6 4 5 302.7 0.703 0 1 0 
587.74 89.6 40.578663 -3.542100 627.6 4 5 303.4 1.406 0 1 0 
588.74 90.9 40.578796 -3.542350 627.4 4 5 303.8 1.055 0 1 0 
589.73 92.4 40.578930 -3.542605 627.1 4 5 305.2 1.758 0 1 0 
590.75 92.8 40.579067 -3.542850 627.2 4 5 306.2 2.461 0 1 0 
591.74 91.5 40.579201 -3.543097 626.7 4 5 306.9 1.758 0 1 0 
592.76 90.9 40.579338 -3.543339 626.3 4 5 307.3 1.055 0 1 0 
593.79 88.9 40.579475 -3.543569 626.2 4 5 308.0 1.055 0 1 0 
594.81 91.4 40.579620 -3.543800 626.1 4 5 308.7 1.406 0 1 0 
595.74 91.4 40.579769 -3.544035 625.8 4 5 308.7 0.703 0 1 0 
596.73 90.5 40.579910 -3.544256 625.1 4 5 309.4 0.703 0 1 0 
597.73 92.2 40.580067 -3.544490 624.7 4 5 310.1 1.406 0 1 0 
598.74 92.2 40.580231 -3.544705 624.4 4 5 311.5 1.406 0 1 0 
599.79 91.9 40.580379 -3.544936 623.8 4 5 312.5 1.055 0 1 0 
600.77 93.0 40.580532 -3.545167 623.8 4 5 312.9 1.406 0 1 0 
601.75 94.2 40.580700 -3.545391 623.6 4 5 314.3 1.758 0 1 0 
602.75 94.0 40.580860 -3.545611 623.1 4 5 313.9 1.055 0 1 0 
603.74 94.4 40.581024 -3.545828 622.6 4 5 313.9 0.352 0 1 0 
604.76 94.7 40.581184 -3.546045 622.5 4 5 313.9 0 0 1 0 
605.75 93.3 40.581348 -3.546259 622.2 4 5 314.3 0.352 0 1 0 
606.88 93.1 40.581509 -3.546475 621.9 3 5 314.6 0.703 0 1 0 
607.74 93.6 40.581673 -3.546693 621.7 4 5 315.0 0.703 0 1 0 
608.75 95.4 40.581844 -3.546918 621.3 3 5 315.0 0.352 0 1 0 
609.79 96.3 40.582005 -3.547144 621.5 4 5 313.9 1.055 0 1 0 
610.75 95.7 40.582169 -3.547375 621.2 4 5 313.2 1.758 0 1 0 
611.75 94.5 40.582336 -3.547608 620.6 4 5 312.5 1.406 0 1 0 
612.74 94.5 40.582497 -3.547836 620.2 4 5 312.5 0.703 0 1 0 
613.73 93.8 40.582642 -3.548075 619.9 4 5 309.4 3.164 0 1 0 
614.73 92.9 40.582794 -3.548310 619.2 4 5 309.0 3.516 0 1 0 
615.80 93.4 40.582932 -3.548559 619.2 4 5 306.2 3.164 0 1 0 
616.77 92.0 40.583054 -3.548774 619.1 4 5 303.4 5.625 0 1 0 
617.73 92.0 40.583183 -3.549034 618.9 4 5 302.3 3.867 1 1 0 
618.75 91.5 40.583302 -3.549286 618.5 4 5 301.3 2.109 0 1 0 
619.74 91.7 40.583416 -3.549548 618.1 4 5 300.2 2.109 0 1 0 
620.78 92.2 40.583527 -3.549824 617.8 4 5 298.1 3.164 0 1 0 
621.74 92.6 40.583633 -3.550095 617.6 4 5 296.4 3.867 0 1 0 
622.82 94.1 40.583736 -3.550368 617.5 3 5 295.0 3.164 0 1 0 
623.73 93.1 40.583824 -3.550649 617.7 3 5 292.5 3.867 0 1 0 
624.73 92.6 40.583904 -3.550930 617.3 3 5 291.1 3.867 0 1 0 
625.75 92.1 40.583984 -3.551214 617.6 4 5 289.3 3.164 0 1 0 
626.73 89.6 40.584053 -3.551491 616.9 4 5 286.9 4.219 0 1 0 
627.73 89.9 40.584129 -3.551753 616.8 4 5 286.5 2.812 0 1 0 
628.79 88.7 40.584190 -3.552042 616.5 4 5 284.1 2.812 0 1 0 
629.73 88.4 40.584244 -3.552330 615.7 4 5 283.0 3.516 0 1 0 
630.73 87.5 40.584293 -3.552609 614.9 4 5 281.6 2.461 0 1 0 
631.73 87.3 40.584335 -3.552902 614.2 4 5 280.5 2.461 0 1 0 
632.74 85.7 40.584362 -3.553169 613.9 4 5 279.1 2.461 0 1 0 
633.76 85.4 40.584393 -3.553450 613.7 4 5 278.8 1.758 0 1 0 
634.74 84.2 40.584431 -3.553737 613.5 4 5 278.8 0.352 0 0 0 
635.80 83.7 40.584461 -3.553996 613.1 4 5 278.8 0 0 0 0 
636.73 82.9 40.584488 -3.554267 612.8 4 5 278.4 0.352 1 0 0 
637.75 81.3 40.584511 -3.554530 612.6 4 5 278.1 0.703 1 0 0 
638.74 78.4 40.584541 -3.554783 612.5 3 5 278.8 0.703 1 0 0 
639.73 75.0 40.584579 -3.555030 612.5 3 5 279.1 1.055 0 0 0 
640.74 70.9 40.584610 -3.555265 612.1 3 5 279.1 0.352 0 0 0 
641.75 68.5 40.584641 -3.555494 611.5 3 5 279.1 0 0 0 0 
642.76 67.0 40.584656 -3.555704 610.7 3 5 278.4 0.703 1 0 0 
643.78 65.3 40.584682 -3.555922 609.8 3 5 278.4 0.703 1 0 0 
644.75 63.9 40.584709 -3.556125 609.0 3 5 278.8 0.352 1 1 0 
645.78 64.4 40.584736 -3.556333 608.3 3 5 278.4 0.352 1 1 0 
646.74 63.0 40.584763 -3.556544 607.4 3 5 278.8 0.352 1 1 0 
647.73 61.4 40.584782 -3.556742 606.5 3 5 278.8 0.352 1 1 0 
648.78 61.1 40.584805 -3.556939 606.0 3 5 279.1 0.352 1 1 0 
649.76 60.9 40.584827 -3.557139 605.0 3 5 278.8 0.352 1 1 0 
650.74 59.3 40.584850 -3.557318 604.5 3 5 278.8 0.352 1 2 0 
651.74 57.0 40.584877 -3.557493 603.9 3 5 278.8 0 1 2 0 
652.80 55.1 40.584900 -3.557660 603.4 3 5 278.8 0 1 2 0 
653.73 52.0 40.584915 -3.557821 602.7 3 5 278.8 0 1 2 0 
654.74 46.9 40.584938 -3.557987 601.9 3 5 279.1 0 -9 -9 0 
