47.40 2 1 40.533783 -3.464776 20151211165653 
60.60 1 3 40.537254 -3.470723 20151211165713 
209.90 1 1 40.554337 -3.495790 20151211165935 
223.82 3 1 40.554607 -3.499874 20151211165949 
224.96 2 2 40.554668 -3.500155 20151211165951 
242.77 1 2 40.556591 -3.505066 20151211170008 
245.60 1 1 40.556740 -3.505982 20151211170011 
317.61 3 1 40.567547 -3.518782 20151211170123 
337.12 3 1 40.570908 -3.522577 20151211170143 
351.53 2 1 40.572472 -3.526326 20151211170157 
368.43 1 2 40.574711 -3.532341 20151211170214 
369.99 3 1 40.574886 -3.532676 20151211170216 
