15.73 90.0 1 primary 2 1 40.533833 -3.450816 0.876 126.3 
17.01 90.0 1 primary 2 1 40.533829 -3.451236 1.157 126.1 
18.59 90.0 1 primary 2 1 40.533829 -3.452071 0.736 124.7 
20.04 90.0 1 primary 2 1 40.533821 -3.452486 1.192 125.4 
21.76 90.0 1 primary 2 1 40.533806 -3.453309 0.909 126.2 
22.89 90.0 1 primary 2 1 40.533810 -3.453727 1.032 126.1 
24.70 90.0 1 primary 2 1 40.533806 -3.454570 0.845 130.2 
26.47 90.0 1 primary 2 1 40.533802 -3.454997 1.620 131.4 
27.71 90.0 1 primary 2 1 40.533791 -3.455867 0.856 131.9 
29.04 90.0 1 primary 2 1 40.533794 -3.456296 1.184 132.7 
30.89 90.0 1 primary 2 1 40.533794 -3.457166 1.040 131.9 
33.26 90.0 1 primary 2 1 40.533787 -3.458036 1.413 132.0 
34.87 90.0 1 primary 2 1 40.533775 -3.458919 1.017 131.5 
36.64 90.0 1 primary 2 1 40.533783 -3.459788 0.791 130.0 
37.43 90.0 1 primary 2 1 40.533787 -3.460208 0.581 129.3 
38.55 90.0 1 primary 2 1 40.533783 -3.460630 0.701 128.2 
41.86 90.0 1 primary 2 1 40.533783 -3.461059 3.006 126.2 
43.88 90.0 1 primary 2 1 40.533791 -3.462692 1.027 126.3 
45.64 90.0 1 primary 2 1 40.533787 -3.463537 0.791 126.6 
46.81 90.0 1 primary 2 1 40.533783 -3.463950 0.956 125.6 
48.21 90.0 1 primary 2 1 40.533779 -3.464360 1.361 127.7 
49.73 90.0 1 primary 2 1 40.533791 -3.465198 0.879 128.8 
51.49 90.0 1 primary 2 1 40.533813 -3.465624 1.638 130.4 
52.75 90.0 1 primary 2 1 40.533916 -3.466446 0.901 132.2 
53.71 90.0 1 primary 2 1 40.534008 -3.466861 0.858 133.0 
54.98 90.0 1 primary 2 1 40.534122 -3.467271 1.118 136.0 
56.47 90.0 1 primary 2 1 40.534428 -3.468056 0.622 135.7 
57.81 90.0 1 primary 2 1 40.534615 -3.468427 0.959 136.8 
59.71 100.0 3 primary_link 1 1 40.534824 -3.468771 1.859 133.7 
61.21 90.0 1 primary 2 1 40.535297 -3.469406 1.359 123.9 
63.13 100.0 3 primary_link 1 1 40.535820 -3.469920 1.280 105.5 
65.79 100.0 3 primary_link 1 1 40.536301 -3.470268 1.940 100.8 
66.76 100.0 3 primary_link 1 1 40.536777 -3.470528 0.906 100.0 
67.94 100.0 3 primary_link 1 1 40.537018 -3.470632 1.091 100.6 
69.79 90.0 1 primary 2 1 40.537502 -3.470801 0.935 98.6 
70.53 90.0 1 primary 2 1 40.537739 -3.470886 0.676 97.9 
72.36 90.0 1 primary 2 1 40.537987 -3.470969 1.504 94.5 
73.49 90.0 1 primary 2 1 40.538448 -3.471115 0.635 94.5 
74.72 90.0 1 primary 2 1 40.538677 -3.471193 0.868 92.7 
77.26 90.0 1 primary 2 1 40.538891 -3.471255 2.409 90.4 
79.95 90.0 1 primary 2 1 40.539543 -3.471441 2.100 91.1 
82.10 90.0 1 primary 2 1 40.540215 -3.471653 1.244 96.6 
84.24 30.0 1 primary_link 1 1 40.540672 -3.471800 1.386 99.2 
91.53 30.0 1 primary_link 1 1 40.541149 -3.471953 6.673 92.7 
93.14 90.0 1 primary 2 1 40.542786 -3.472517 1.284 93.3 
95.08 30.0 1 primary_link 1 1 40.543224 -3.472666 1.227 89.1 
96.73 90.0 1 primary 2 1 40.543690 -3.472806 0.882 87.2 
97.57 90.0 1 primary 2 1 40.543896 -3.472874 0.714 85.9 
99.28 90.0 1 primary 2 1 40.544094 -3.472950 1.427 85.3 
100.71 90.0 1 primary 2 1 40.544495 -3.473082 0.859 86.3 
102.57 90.0 1 primary 2 1 40.544704 -3.473154 1.716 86.8 
104.34 90.0 1 primary 2 1 40.545128 -3.473288 1.485 87.1 
105.95 90.0 1 primary 2 1 40.545536 -3.473440 1.094 87.3 
107.78 90.0 1 primary 2 1 40.545956 -3.473596 0.932 86.7 
115.04 90.0 1 primary 2 1 40.546173 -3.473670 7.193 85.3 
116.48 90.0 1 primary 2 1 40.547836 -3.474323 0.627 85.6 
117.85 90.0 1 primary 2 1 40.548038 -3.474429 1.002 85.5 
119.86 90.0 1 primary 2 1 40.548439 -3.474647 1.009 84.5 
122.34 90.0 1 primary 2 1 40.548824 -3.474889 1.488 82.7 
123.59 90.0 1 primary 2 1 40.549194 -3.475149 0.743 82.9 
125.06 90.0 1 primary 2 1 40.549370 -3.475286 1.204 82.4 
126.95 90.0 1 primary 2 1 40.549732 -3.475555 1.098 83.3 
129.89 90.0 1 primary 2 1 40.550091 -3.475846 2.042 82.6 
132.15 90.0 1 primary 2 1 40.550617 -3.476302 1.295 82.2 
133.38 90.0 1 primary 2 1 40.550968 -3.476623 0.524 82.0 
134.71 90.0 1 primary 2 1 40.551140 -3.476783 0.853 81.4 
136.55 90.0 1 primary 2 1 40.551311 -3.476952 1.699 79.5 
138.00 90.0 1 primary 2 1 40.551617 -3.477291 1.145 79.9 
139.93 90.0 1 primary 2 1 40.551914 -3.477634 1.079 80.0 
141.90 90.0 1 primary 2 1 40.552193 -3.477995 1.048 79.1 
144.58 90.0 2 primary 2 1 40.552464 -3.478349 1.718 76.1 
146.07 90.0 1 primary 2 1 40.552727 -3.478715 1.222 75.3 
148.22 90.0 1 primary 2 1 40.552975 -3.479110 1.373 72.2 
175.00 90.0 1 primary 2 1 40.553207 -3.479492 26.148 86.4 
177.00 90.0 1 primary 2 1 40.555588 -3.485834 1.149 89.4 
178.84 90.0 1 primary 2 1 40.555683 -3.486418 0.988 91.3 
179.56 90.0 1 primary 2 1 40.555737 -3.486720 0.707 90.9 
217.24 90.0 1 primary 2 1 40.555767 -3.487010 37.390 89.0 
218.27 90.0 1 primary 2 1 40.554283 -3.498143 0.423 90.3 
219.49 90.0 1 primary 2 1 40.554317 -3.498432 0.642 91.2 
220.42 90.0 1 primary 2 1 40.554359 -3.498726 0.568 90.7 
222.40 90.0 1 primary 2 1 40.554413 -3.499020 1.545 88.7 
223.71 90.0 1 primary 2 1 40.554539 -3.499595 0.855 88.2 
224.75 90.0 1 primary 2 1 40.554607 -3.499874 0.898 89.5 
225.48 90.0 1 primary 2 1 40.554668 -3.500155 0.626 89.3 
226.61 90.0 1 primary 3 2 40.554741 -3.500434 0.761 89.5 
227.38 90.0 1 primary 3 2 40.554832 -3.500701 0.528 91.3 
228.43 90.0 1 primary 3 2 40.554939 -3.500964 0.583 90.7 
229.51 90.0 1 primary 3 2 40.555054 -3.501216 0.657 90.4 
230.37 90.0 1 primary 3 2 40.555180 -3.501458 0.517 92.0 
231.58 90.0 1 primary 3 2 40.555317 -3.501709 0.727 93.7 
232.85 90.0 1 primary 3 2 40.555454 -3.501960 0.997 95.5 
234.50 90.0 1 primary 3 2 40.555592 -3.502221 1.652 97.1 
235.70 90.0 1 primary 3 2 40.555855 -3.502748 0.853 96.7 
237.21 90.0 1 primary 3 2 40.555962 -3.503023 1.358 96.5 
240.08 90.0 1 primary 3 2 40.556175 -3.503580 2.224 96.3 
243.25 90.0 1 primary 3 2 40.556446 -3.504445 2.400 94.9 
300.19 90.0 1 primary 3 2 40.556648 -3.505372 56.326 95.1 
301.93 90.0 1 primary 3 2 40.563774 -3.517040 1.078 97.0 
303.87 90.0 1 primary 3 2 40.564247 -3.517144 1.022 97.4 
307.05 90.0 1 primary 3 2 40.564720 -3.517269 2.196 96.3 
309.20 90.0 1 primary 3 2 40.565411 -3.517529 1.349 97.5 
311.17 90.0 1 primary 3 2 40.565865 -3.517741 1.319 95.1 
313.72 90.0 1 primary 3 2 40.566311 -3.517975 1.867 91.5 
315.39 90.0 1 primary 3 2 40.566738 -3.518233 1.538 93.0 
317.73 90.0 1 primary 3 2 40.567158 -3.518501 1.878 89.2 
321.45 90.0 1 primary 2 2 40.567547 -3.518782 3.604 87.5 
322.93 90.0 1 primary 2 2 40.568310 -3.519376 1.075 85.9 
324.98 90.0 1 primary 2 2 40.568668 -3.519706 1.123 86.4 
330.71 90.0 1 primary 2 2 40.569008 -3.520048 4.862 89.6 
332.24 90.0 1 primary 2 2 40.569847 -3.521021 1.387 92.3 
333.64 90.0 1 primary 2 2 40.570164 -3.521444 0.786 91.6 
338.47 90.0 1 primary 2 2 40.570328 -3.521669 4.620 89.4 
341.01 90.0 1 primary 2 2 40.571033 -3.522810 2.154 91.3 
342.71 90.0 1 primary 2 2 40.571419 -3.523558 0.848 91.9 
344.83 90.0 1 primary 2 2 40.571548 -3.523813 1.976 93.8 
348.05 90.0 1 primary 2 2 40.571781 -3.524356 3.194 94.4 
350.89 90.0 1 primary 2 2 40.572193 -3.525455 2.034 95.2 
354.56 90.0 1 primary 2 2 40.572472 -3.526327 2.703 106.2 
356.27 90.0 1 primary 2 2 40.572723 -3.527286 1.412 110.7 
358.07 90.0 1 primary 2 2 40.572910 -3.527964 1.205 117.5 
370.09 90.0 1 primary 2 1 40.573154 -3.528665 11.240 121.4 
372.50 90.0 2 primary 2 1 40.575054 -3.533010 1.650 121.8 
374.33 90.0 1 primary 2 1 40.575378 -3.533682 1.478 124.2 
375.64 90.0 2 primary 2 1 40.575695 -3.534383 0.787 126.7 
376.99 90.0 1 primary 2 1 40.575855 -3.534738 1.135 128.8 
380.18 90.0 2 primary 2 1 40.576160 -3.535484 2.325 133.5 
385.80 90.0 1 primary 2 1 40.576580 -3.536663 4.942 132.3 
387.80 90.0 1 primary 2 1 40.577251 -3.538628 1.947 133.9 
388.66 90.0 1 primary 2 1 40.577541 -3.539414 0.809 135.0 
389.69 90.0 1 primary 2 1 40.577690 -3.539816 0.834 135.8 
399.31 90.0 1 primary 2 1 40.577847 -3.540210 9.461 141.9 
400.44 90.0 1 primary 2 1 40.579857 -3.544066 0.588 140.0 
405.82 90.0 1 primary 2 1 40.580086 -3.544424 4.973 130.2 
406.51 90.0 1 primary 2 1 40.581223 -3.546046 0.659 129.6 
409.55 90.0 1 primary 2 1 40.581451 -3.546349 2.702 126.9 
412.74 90.0 1 primary 2 1 40.582134 -3.547240 2.886 121.2 
414.52 90.0 1 primary 2 1 40.582760 -3.548156 1.658 120.0 
416.53 90.0 1 primary 2 1 40.583126 -3.548809 1.675 120.6 
418.46 90.0 1 primary 2 1 40.583427 -3.549474 1.608 120.0 
420.62 90.0 1 primary 2 1 40.583702 -3.550181 1.765 117.2 
423.17 90.0 1 primary 2 1 40.583935 -3.550894 2.314 112.4 
426.59 90.0 1 primary 2 1 40.584217 -3.551959 2.737 103.1 
428.32 90.0 1 primary 2 1 40.584381 -3.552967 1.460 97.8 
430.26 90.0 1 primary 1 1 40.584461 -3.553627 1.399 92.5 
434.95 90.0 1 primary 1 1 40.584538 -3.554242 4.091 77.8 
437.21 90.0 1 primary 1 1 40.584702 -3.555588 1.356 65.8 
439.45 70.0 1 primary 1 1 40.584747 -3.556037 1.595 56.7 
