14.15 -1.00 -1.00 0 125.3 
14.34 -1.00 -1.00 0 127.2 
14.52 -1.00 -1.00 0 127.2 
14.67 -1.00 -1.00 0 127.2 
14.88 -1.00 -1.00 0 127.2 
15.10 -1.00 -1.00 0 127.2 
15.26 -1.00 -1.00 0 126.3 
15.47 -1.00 -1.00 0 126.3 
15.66 -1.00 -1.00 0 126.3 
15.84 -1.00 -1.00 0 126.3 
16.10 -1.00 -1.00 0 126.3 
16.26 -1.00 -1.00 0 126.1 
16.47 -1.00 -1.00 0 126.1 
16.66 -1.00 -1.00 0 126.1 
16.83 -1.00 -1.00 0 126.1 
17.03 -1.00 -1.00 0 126.1 
17.23 -1.00 -1.00 0 125.7 
17.37 -1.00 -1.00 0 125.7 
17.54 -1.00 -1.00 0 125.7 
17.76 -1.00 -1.00 0 125.7 
17.96 -1.00 -1.00 0 125.7 
18.12 -1.00 -1.00 0 125.7 
18.27 -1.00 -1.00 0 124.7 
18.45 -1.00 -1.00 0 124.7 
18.61 -1.00 -1.00 0 124.7 
18.80 -1.00 -1.00 0 124.7 
19.03 -1.00 -1.00 0 124.7 
19.19 -1.00 -1.00 0 125.4 
19.38 -1.00 -1.00 0 125.4 
19.51 -1.00 -1.00 0 125.4 
19.67 -1.00 -1.00 0 125.4 
19.83 -1.00 -1.00 0 125.4 
19.98 -1.00 -1.00 0 125.4 
20.17 -1.00 -1.00 0 125.4 
20.36 -1.00 -1.00 0 125.9 
20.51 -1.00 -1.00 0 125.9 
20.71 -1.00 -1.00 0 125.9 
20.85 -1.00 -1.00 0 125.9 
21.03 -1.00 -1.00 0 125.9 
21.22 -1.00 -1.00 0 126.2 
21.40 -1.00 -1.00 0 126.2 
21.56 -1.00 -1.00 0 126.2 
21.72 -1.00 -1.00 1 126.2 
21.96 -1.00 -1.00 0 126.2 
22.20 -1.00 -1.00 0 126.2 
22.38 -1.00 -1.00 0 126.1 
22.58 -1.00 -1.00 0 126.1 
22.74 -1.00 -1.00 0 126.1 
22.89 -1.00 -1.00 1 126.1 
23.13 -1.00 -1.00 0 126.1 
23.29 -1.00 -1.00 0 129.4 
23.44 -1.00 -1.00 0 129.4 
23.60 -1.00 -1.00 0 129.4 
23.77 -1.00 -1.00 0 129.4 
23.98 -1.00 -1.00 0 129.4 
24.17 -1.00 -1.00 1 129.4 
24.35 -1.00 -1.00 0 130.2 
24.49 -1.00 -1.00 0 130.2 
24.62 -1.00 -1.00 0 130.2 
24.80 -1.00 -1.00 0 130.2 
24.97 -1.00 -1.00 0 130.2 
25.19 -1.00 -1.00 0 130.2 
25.34 -1.00 -1.00 0 130.6 
25.53 -1.00 -1.00 0 130.6 
25.69 -1.00 -1.00 0 130.6 
25.87 -1.00 -1.00 0 130.6 
26.03 -1.00 -1.00 0 130.6 
26.21 -1.00 -1.00 0 131.4 
26.34 -1.00 -1.00 0 131.4 
26.53 -1.00 -1.00 0 131.4 
26.72 -1.00 -1.00 0 131.4 
26.90 -1.00 -1.00 0 131.4 
27.12 -1.00 -1.00 0 131.4 
27.28 -1.00 -1.00 0 131.9 
27.44 -1.00 -1.00 0 131.9 
27.60 -1.00 -1.00 0 131.9 
27.79 -1.00 -1.00 0 131.9 
27.95 -1.00 -1.00 0 131.9 
28.17 -1.00 -1.00 0 131.9 
28.33 -1.00 -1.00 0 132.2 
28.50 -1.00 -1.00 0 132.2 
28.68 -1.00 -1.00 0 132.2 
28.81 -1.00 -1.00 0 132.2 
28.98 -1.00 -1.00 0 132.2 
29.19 -1.00 -1.00 0 132.2 
29.37 -1.00 -1.00 0 132.7 
29.56 -1.00 -1.00 0 132.7 
29.72 -1.00 -1.00 0 132.7 
29.89 -1.00 -1.00 0 132.7 
30.09 -1.00 -1.00 0 132.7 
30.28 -1.00 -1.00 0 131.9 
30.46 -1.00 -1.00 0 131.9 
30.60 -1.00 -1.00 0 131.9 
30.76 -1.00 -1.00 0 131.9 
30.93 -1.00 -1.00 0 131.9 
31.14 -1.00 -1.00 0 131.9 
31.30 -1.00 -1.00 0 132.4 
31.50 -1.00 -1.00 0 132.4 
31.65 -1.00 -1.00 0 132.4 
31.81 -1.00 -1.00 0 132.4 
32.03 -1.00 -1.00 0 132.4 
32.22 -1.00 -1.00 0 131.8 
32.40 -1.00 -1.00 0 131.8 
32.60 -1.00 -1.00 0 131.8 
32.83 -1.00 -1.00 0 131.8 
32.99 -1.00 -1.00 0 131.8 
33.21 -1.00 -1.00 0 131.8 
33.39 -1.00 -1.00 0 132.0 
33.60 -1.00 -1.00 0 132.0 
33.77 -1.00 -1.00 0 132.0 
34.13 -1.00 -1.00 0 132.0 
34.36 -1.00 -1.00 0 131.5 
34.61 -1.00 -1.00 0 131.5 
34.82 -1.00 -1.00 0 131.5 
35.12 -1.00 -1.00 0 131.5 
35.30 -1.00 -1.00 0 130.8 
35.51 -1.00 -1.00 0 130.8 
35.71 -1.00 -1.00 0 130.8 
35.92 -1.00 -1.00 0 130.8 
36.17 -1.00 -1.00 0 130.8 
36.33 -1.00 -1.00 0 130.0 
36.49 -1.00 -1.00 0 130.0 
36.69 -1.00 -1.00 0 130.0 
36.84 -1.00 -1.00 0 130.0 
37.06 -1.00 -1.00 0 130.0 
37.22 -1.00 -1.00 0 129.3 
37.37 -1.00 -1.00 0 129.3 
37.59 -1.00 -1.00 0 129.3 
37.77 -1.00 -1.00 0 129.3 
37.92 -1.00 -1.00 0 129.3 
38.09 -1.00 -1.00 0 129.3 
38.28 -1.00 -1.00 0 128.2 
38.47 -1.00 -1.00 0 128.2 
38.64 -1.00 -1.00 0 128.2 
38.84 -1.00 -1.00 0 128.2 
39.07 -1.00 -1.00 0 128.2 
39.27 -1.00 -1.00 0 128.1 
39.42 -1.00 -1.00 0 128.1 
39.59 -1.00 -1.00 0 128.1 
39.74 -1.00 -1.00 0 128.1 
39.93 -1.00 -1.00 0 128.1 
40.16 -1.00 -1.00 0 128.1 
40.32 -1.00 -1.00 0 127.2 
40.50 -1.00 -1.00 0 127.2 
40.65 -1.00 -1.00 0 127.2 
40.81 -1.00 -1.00 0 127.2 
41.02 -1.00 -1.00 0 127.2 
41.19 -1.00 -1.00 0 126.2 
41.34 -1.00 -1.00 0 126.2 
41.52 -1.00 -1.00 0 126.2 
41.69 -1.00 -1.00 0 126.2 
41.88 -1.00 -1.00 0 126.2 
42.04 -1.00 -1.00 0 126.2 
42.21 -1.00 -1.00 0 125.2 
42.36 -1.00 -1.00 0 125.2 
42.55 -1.00 -1.00 0 125.2 
42.69 -1.00 -1.00 0 125.2 
42.82 -1.00 -1.00 0 125.2 
43.05 -1.00 -1.00 0 125.2 
43.21 -1.00 -1.00 0 126.3 
43.40 -1.00 -1.00 0 126.3 
43.57 -1.00 -1.00 0 126.3 
43.73 -1.00 -1.00 0 126.3 
44.15 -1.00 -1.00 0 126.3 
44.31 -1.00 -1.00 0 127.8 
44.45 -1.00 -1.00 0 127.8 
44.62 -1.00 -1.00 0 127.8 
44.76 -1.00 -1.00 0 127.8 
44.94 -1.00 -1.00 0 127.8 
45.11 -1.00 -1.00 0 127.8 
45.25 -1.00 -1.00 0 126.6 
45.40 -1.00 -1.00 0 126.6 
45.57 -1.00 -1.00 0 126.6 
45.76 -1.00 -1.00 0 126.6 
45.94 -1.00 -1.00 0 126.6 
46.14 -1.00 -1.00 0 126.6 
46.31 -1.00 -1.00 0 125.6 
46.49 -1.00 -1.00 0 125.6 
46.64 -1.00 -1.00 0 125.6 
46.84 -1.00 -1.00 0 125.6 
47.00 -1.00 -1.00 0 125.6 
47.19 -1.00 -1.00 0 125.6 
47.33 -1.00 -1.00 0 126.7 
47.48 -1.00 -1.00 0 126.7 
47.62 -1.00 -1.00 0 126.7 
47.78 -1.00 -1.00 0 126.7 
47.91 -1.00 -1.00 0 126.7 
48.12 -1.00 -1.00 0 126.7 
48.28 -1.00 -1.00 0 127.7 
48.44 -1.00 -1.00 0 127.7 
48.59 -1.00 -1.00 0 127.7 
48.76 -1.00 -1.00 0 127.7 
48.90 -1.00 -1.00 0 127.7 
49.07 -1.00 -1.00 0 127.7 
49.22 -1.00 -1.00 0 128.8 
49.39 -1.00 -1.00 0 128.8 
49.51 -1.00 -1.00 0 128.8 
49.73 -1.00 -1.00 0 128.8 
49.88 -1.00 -1.00 0 128.8 
50.06 -1.00 -1.00 0 128.8 
50.24 -1.00 -1.00 0 129.9 
50.41 -1.00 -1.00 0 129.9 
50.56 -1.00 -1.00 0 129.9 
50.75 -1.00 -1.00 0 129.9 
50.90 -1.00 -1.00 0 129.9 
51.08 -1.00 -1.00 0 129.9 
51.26 -1.00 -1.00 0 130.4 
51.38 -1.00 -1.00 0 130.4 
51.54 -1.00 -1.00 0 130.4 
51.68 -1.00 -1.00 0 130.4 
51.85 -1.00 -1.00 0 130.4 
52.07 -1.00 -1.00 0 130.4 
52.21 -1.00 -1.00 0 132.2 
52.37 -1.00 -1.00 0 132.2 
52.53 -1.00 -1.00 0 132.2 
52.67 -1.00 -1.00 0 132.2 
52.84 -1.00 -1.00 0 132.2 
53.04 -1.00 -1.00 0 132.2 
53.22 -1.00 -1.00 0 133.0 
53.36 -1.00 -1.00 0 133.0 
53.53 -1.00 -1.00 0 133.0 
53.70 -1.00 -1.00 0 133.0 
53.85 -1.00 -1.00 0 133.0 
54.18 -1.00 -1.00 0 136.0 
54.34 -1.00 -1.00 0 136.0 
54.50 -1.00 -1.00 0 136.0 
54.64 -1.00 -1.00 0 136.0 
54.79 -1.00 -1.00 0 136.0 
54.91 -1.00 -1.00 0 136.0 
55.13 -1.00 -1.00 0 136.0 
55.29 -1.00 -1.00 0 134.9 
55.45 -1.00 -1.00 0 134.9 
55.60 -1.00 -1.00 0 134.9 
55.74 -1.00 -1.00 0 134.9 
55.86 -1.00 -1.00 0 134.9 
56.06 -1.00 -1.00 0 134.9 
56.22 -1.00 -1.00 0 135.7 
56.38 -1.00 -1.00 0 135.7 
56.53 -1.00 -1.00 0 135.7 
56.67 -1.00 -1.00 0 135.7 
56.81 -1.00 -1.00 0 135.7 
56.98 -1.00 -1.00 0 135.7 
57.16 -1.00 -1.00 0 135.7 
57.32 -1.00 -1.00 0 136.8 
57.45 -1.00 -1.00 0 136.8 
57.59 -1.00 -1.00 0 136.8 
57.71 -1.00 -1.00 0 136.8 
57.87 -1.00 -1.00 1 136.8 
58.10 -1.00 -1.00 1 136.8 
58.30 -1.00 -1.00 0 137.1 
58.43 -1.00 -1.00 0 137.1 
58.59 -1.00 -1.00 0 137.1 
58.75 -1.00 -1.00 0 137.1 
58.88 -1.00 -1.00 0 137.1 
59.01 -1.00 -1.00 0 137.1 
59.15 -1.00 -1.00 0 137.1 
59.33 -1.00 -1.00 0 133.7 
59.49 -1.00 -1.00 0 133.7 
59.62 -1.00 -1.00 0 133.7 
59.81 -1.00 -1.00 0 133.7 
60.01 -1.00 -1.00 0 133.7 
60.15 -1.00 -1.00 0 131.3 
60.31 -1.00 -1.00 0 131.3 
60.46 -1.00 -1.00 0 131.3 
60.63 -1.00 -1.00 0 131.3 
60.80 -1.00 -1.00 0 131.3 
60.98 -1.00 -1.00 0 131.3 
61.21 -1.00 -1.00 0 131.3 
61.40 -1.00 -1.00 0 123.9 
61.52 -1.00 -1.00 0 123.9 
61.65 -1.00 -1.00 0 123.9 
61.77 -1.00 -1.00 0 123.9 
61.93 -1.00 -1.00 0 123.9 
62.14 -1.00 -1.00 0 123.9 
62.31 -1.00 -1.00 0 109.3 
62.48 -1.00 -1.00 0 109.3 
62.62 -1.00 -1.00 0 109.3 
62.77 -1.00 -1.00 0 109.3 
62.94 -1.00 -1.00 0 109.3 
63.12 -1.00 -1.00 0 109.3 
63.33 -1.00 -1.00 0 105.5 
63.45 -1.00 -1.00 0 105.5 
63.59 -1.00 -1.00 0 105.5 
63.71 -1.00 -1.00 0 105.5 
63.86 -1.00 -1.00 0 105.5 
64.18 -1.00 -1.00 0 102.9 
64.32 -1.00 -1.00 0 102.9 
64.47 -1.00 -1.00 0 102.9 
64.62 -1.00 -1.00 0 102.9 
64.75 -1.00 -1.00 0 102.9 
64.89 -1.00 -1.00 0 102.9 
65.02 -1.00 -1.00 0 102.9 
65.18 -1.00 -1.00 0 102.9 
65.33 -1.00 -1.00 0 100.8 
65.51 -1.00 -1.00 0 100.8 
65.65 -1.00 -1.00 0 100.8 
65.79 -1.00 -1.00 0 100.8 
65.93 -1.00 -1.00 0 100.8 
66.13 -1.00 -1.00 0 100.8 
66.24 -1.00 -1.00 0 100.0 
66.40 -1.00 -1.00 0 100.0 
66.55 -1.00 -1.00 0 100.0 
66.68 -1.00 -1.00 0 100.0 
66.86 -1.00 -1.00 0 100.0 
67.05 -1.00 -1.00 0 100.0 
67.19 -1.00 -1.00 0 100.6 
67.34 -1.00 -1.00 0 100.6 
67.50 -1.00 -1.00 0 100.6 
67.66 -1.00 -1.00 0 100.6 
67.79 -1.00 -1.00 0 100.6 
67.98 -1.00 -1.00 0 100.6 
68.15 -1.00 -1.00 0 100.6 
68.29 -1.00 -1.00 0 99.4 
68.45 -1.00 -1.00 0 99.4 
68.62 -1.00 -1.00 0 99.4 
68.76 -1.00 -1.00 0 99.4 
68.92 -1.00 -1.00 0 99.4 
69.11 -1.00 -1.00 0 99.4 
69.26 -1.00 -1.00 0 98.6 
69.39 -1.00 -1.00 0 98.6 
69.56 -1.00 -1.00 0 98.6 
69.71 -1.00 -1.00 0 98.6 
69.88 -1.00 -1.00 0 98.6 
70.05 -1.00 -1.00 0 98.6 
70.23 -1.00 -1.00 0 97.9 
70.36 -1.00 -1.00 0 97.9 
70.53 -1.00 -1.00 0 97.9 
70.71 -1.00 -1.00 0 97.9 
70.90 -1.00 -1.00 0 97.9 
71.08 -1.00 -1.00 0 97.9 
71.25 57.51 2.17 1 95.2 
71.40 57.32 2.17 1 95.2 
71.59 57.10 2.16 1 95.2 
71.73 57.11 2.16 1 95.2 
71.90 56.76 2.15 1 95.2 
72.12 55.75 2.11 1 95.2 
72.28 54.75 2.08 1 94.5 
72.49 53.67 2.04 1 94.5 
72.70 52.31 1.99 1 94.5 
72.86 51.00 1.94 1 94.5 
73.09 49.77 1.90 1 94.5 
73.26 48.64 1.85 1 94.5 
73.40 47.61 1.81 1 94.5 
73.56 47.13 1.79 1 94.5 
73.74 46.23 1.76 1 94.5 
74.22 46.59 1.77 1 94.5 
74.40 45.73 1.78 1 92.7 
74.54 45.00 1.75 1 92.7 
74.72 43.57 1.69 1 92.7 
74.87 43.09 1.67 1 92.7 
75.06 43.14 1.68 1 92.7 
75.25 42.73 1.66 1 92.4 
75.44 42.38 1.65 1 92.4 
75.62 41.25 1.61 1 92.4 
75.79 41.09 1.60 1 92.4 
76.05 41.46 1.62 1 92.4 
76.20 39.54 1.54 1 92.4 
76.41 38.12 1.48 1 92.4 
76.56 38.46 1.50 1 92.4 
76.74 39.27 1.53 1 92.4 
76.89 38.22 1.49 1 92.4 
77.13 37.66 1.47 1 92.4 
77.27 38.61 1.54 1 90.4 
77.44 38.01 1.51 1 90.4 
77.57 41.18 1.64 1 90.4 
77.70 40.27 1.60 1 90.4 
77.89 39.84 1.59 1 90.4 
78.11 38.74 1.54 1 90.4 
78.26 38.55 1.52 1 91.4 
78.39 37.97 1.49 1 91.4 
78.56 37.48 1.48 1 91.4 
78.73 37.96 1.49 1 91.4 
78.86 36.79 1.45 2 91.4 
79.10 36.90 1.45 1 91.4 
79.25 36.58 1.45 1 91.1 
79.41 36.31 1.44 1 91.1 
79.56 36.50 1.44 1 91.1 
79.73 36.26 1.43 1 91.1 
79.86 36.06 1.43 1 91.1 
80.04 35.88 1.42 1 91.1 
80.18 35.74 1.37 1 93.7 
80.34 35.62 1.37 1 93.7 
80.49 34.84 1.34 1 93.7 
80.64 34.50 1.32 1 93.7 
80.80 34.58 1.33 1 93.7 
80.93 35.12 1.35 1 93.7 
81.16 35.14 1.35 1 93.7 
81.33 35.59 1.36 1 94.4 
81.47 35.53 1.35 1 94.4 
81.66 35.47 1.35 1 94.4 
81.81 34.76 1.33 1 94.4 
81.99 34.85 1.33 1 94.4 
82.20 34.21 1.30 1 94.4 
82.37 34.39 1.28 1 96.6 
82.54 34.55 1.29 1 96.6 
82.67 35.12 1.31 1 96.6 
82.85 35.18 1.31 1 96.6 
83.06 34.84 1.30 1 96.6 
83.21 33.64 1.24 1 97.9 
83.39 32.63 1.20 1 97.9 
83.55 32.01 1.18 1 97.9 
83.73 31.85 1.17 1 97.9 
84.11 30.72 1.13 1 97.9 
84.33 30.16 1.09 1 99.2 
84.50 29.43 1.07 1 99.2 
84.68 28.58 1.04 1 99.2 
84.86 27.87 1.01 1 99.2 
85.04 27.30 0.99 1 99.2 
85.23 26.82 0.96 1 100.9 
85.41 26.22 0.94 1 100.9 
85.63 25.72 0.92 1 100.9 
85.79 25.56 0.91 1 100.9 
85.94 25.69 0.92 1 100.9 
86.17 25.55 0.91 1 100.9 
86.31 25.22 0.91 1 99.4 
86.49 24.74 0.90 1 99.4 
86.64 24.14 0.87 1 99.4 
86.84 23.86 0.86 1 99.4 
86.99 23.25 0.84 1 99.4 
87.21 22.74 0.82 2 99.4 
87.36 22.36 0.83 1 97.4 
87.54 21.70 0.80 1 97.4 
87.68 21.35 0.79 1 97.4 
87.85 21.26 0.79 1 97.4 
88.07 21.62 0.80 1 97.4 
88.21 21.48 0.84 1 92.3 
88.37 21.04 0.82 1 92.3 
88.55 20.54 0.80 1 92.3 
88.68 20.47 0.80 1 92.3 
88.86 20.26 0.79 1 92.3 
89.02 19.77 0.77 1 92.3 
89.20 19.54 0.76 1 92.9 
89.34 19.08 0.74 1 92.9 
89.53 18.72 0.73 1 92.9 
89.69 18.19 0.70 1 92.9 
89.87 17.64 0.68 1 92.9 
90.01 17.47 0.68 1 92.9 
90.17 17.48 0.68 1 92.9 
90.34 17.24 0.66 1 93.7 
90.47 17.17 0.66 1 93.7 
90.63 16.78 0.64 1 93.7 
90.77 16.47 0.63 1 93.7 
90.91 16.35 0.63 1 93.7 
91.11 16.81 0.65 1 93.7 
91.27 17.04 0.66 1 92.7 
91.41 17.05 0.66 1 92.7 
91.60 16.84 0.65 1 92.7 
91.74 16.56 0.64 1 92.7 
91.91 16.36 0.64 1 92.7 
92.09 16.19 0.63 1 92.7 
92.29 16.31 0.65 2 90.9 
92.46 16.29 0.65 1 90.9 
92.59 16.27 0.64 1 90.9 
92.77 16.04 0.64 1 90.9 
92.90 16.22 0.64 1 90.9 
93.04 16.36 0.65 1 90.9 
93.22 16.47 0.64 1 93.3 
93.38 16.45 0.63 1 93.3 
93.55 16.54 0.64 1 93.3 
93.68 16.29 0.63 1 93.3 
93.84 16.19 0.62 1 93.3 
94.17 16.51 0.65 1 92.0 
94.32 16.74 0.66 1 92.0 
94.52 16.68 0.65 1 92.0 
94.64 16.90 0.66 1 92.0 
94.81 16.94 0.66 1 92.0 
94.94 16.85 0.66 1 92.0 
95.14 16.66 0.65 1 92.0 
95.27 16.63 0.67 1 89.1 
95.44 16.62 0.67 1 89.1 
95.61 16.86 0.68 1 89.1 
95.74 17.19 0.69 1 89.1 
95.94 17.30 0.70 1 89.1 
96.16 17.41 0.70 1 89.1 
96.30 17.35 0.72 1 87.2 
96.43 17.59 0.73 1 87.2 
96.59 17.52 0.72 1 87.2 
96.76 17.45 0.72 1 87.2 
96.92 17.41 0.72 1 87.2 
97.11 17.62 0.73 1 87.2 
97.29 17.44 0.73 1 85.9 
97.46 17.39 0.73 1 85.9 
97.66 17.25 0.72 1 85.9 
97.87 17.65 0.74 1 85.9 
98.11 17.48 0.73 1 85.9 
98.25 17.68 0.74 1 85.8 
98.41 17.73 0.74 1 85.8 
98.62 18.02 0.76 1 85.8 
98.79 18.15 0.76 1 85.8 
98.98 18.37 0.77 1 85.8 
99.20 18.55 0.78 1 85.8 
99.36 18.69 0.79 1 85.3 
99.53 18.96 0.80 1 85.3 
99.70 19.17 0.81 1 85.3 
99.87 19.49 0.82 1 85.3 
100.10 19.91 0.84 1 85.3 
100.28 19.94 0.83 1 86.3 
100.45 19.95 0.83 1 86.3 
100.58 20.11 0.84 1 86.3 
100.75 19.81 0.83 1 86.3 
100.89 19.85 0.83 1 86.3 
101.10 20.20 0.84 1 86.3 
101.24 20.47 0.84 1 87.8 
101.42 20.38 0.84 1 87.8 
101.58 20.29 0.83 1 87.8 
101.71 20.23 0.83 1 87.8 
101.85 20.16 0.83 1 87.8 
101.97 20.13 0.82 1 87.8 
102.17 20.25 0.83 1 87.8 
102.35 20.19 0.84 1 86.8 
102.50 20.47 0.85 1 86.8 
102.70 20.68 0.86 1 86.8 
102.85 20.54 0.85 1 86.8 
103.05 20.57 0.85 1 86.8 
103.21 20.93 0.86 1 87.2 
103.39 20.90 0.86 1 87.2 
103.55 21.03 0.87 1 87.2 
103.72 20.97 0.87 1 87.2 
104.17 20.43 0.84 1 87.2 
104.38 20.47 0.85 1 87.1 
104.58 20.51 0.85 1 87.1 
104.76 20.39 0.84 1 87.1 
104.90 20.44 0.84 1 87.1 
105.14 20.32 0.84 1 87.1 
105.30 20.39 0.84 1 87.3 
105.46 20.43 0.84 1 87.3 
105.63 20.64 0.85 1 87.3 
105.81 20.49 0.84 1 87.3 
105.96 20.20 0.83 1 87.3 
106.15 20.14 0.83 1 87.3 
106.31 20.07 0.83 1 87.5 
106.51 20.35 0.84 1 87.5 
106.67 19.97 0.82 1 87.5 
106.88 19.79 0.81 1 87.5 
107.06 19.79 0.81 1 87.5 
107.26 19.65 0.82 1 86.7 
107.40 19.68 0.82 1 86.7 
107.58 19.56 0.81 1 86.7 
107.72 19.48 0.81 1 86.7 
107.86 19.53 0.81 1 86.7 
108.10 19.75 0.82 1 86.7 
108.27 19.77 0.83 1 85.3 
108.45 19.78 0.83 2 85.3 
108.64 20.12 0.85 2 85.3 
108.85 20.22 0.85 1 85.3 
109.01 20.30 0.86 1 85.3 
109.23 20.21 0.85 2 85.3 
109.44 19.73 0.84 1 84.9 
109.65 19.60 0.83 1 84.9 
109.84 19.34 0.82 1 84.9 
110.06 19.31 0.82 1 84.9 
110.23 19.26 0.81 1 85.1 
110.41 19.23 0.81 1 85.1 
110.56 19.06 0.81 2 85.1 
110.73 19.05 0.81 2 85.1 
110.94 18.93 0.80 1 85.1 
111.12 18.83 0.80 1 85.1 
111.30 18.74 0.79 2 85.7 
111.51 18.54 0.78 2 85.7 
111.67 18.51 0.78 2 85.7 
111.85 18.37 0.77 2 85.7 
112.09 18.24 0.77 1 85.7 
112.27 18.27 0.76 1 86.4 
112.43 18.06 0.75 1 86.4 
112.60 17.87 0.74 1 86.4 
112.74 17.85 0.74 1 86.4 
112.89 17.71 0.74 1 86.4 
113.11 17.72 0.74 1 86.4 
113.31 17.52 0.73 1 86.7 
113.46 17.45 0.72 1 86.7 
113.62 17.52 0.73 1 86.7 
113.81 17.46 0.73 1 86.7 
114.24 16.97 0.71 1 86.1 
114.41 16.92 0.71 1 86.1 
114.57 16.99 0.71 1 86.1 
114.74 16.92 0.71 1 86.1 
114.91 16.88 0.71 1 86.1 
115.13 17.09 0.71 1 86.1 
115.32 16.90 0.71 1 85.3 
115.48 16.53 0.70 1 85.3 
115.63 16.46 0.69 1 85.3 
115.78 16.40 0.69 1 85.3 
116.02 16.47 0.69 1 85.3 
116.17 16.31 0.69 1 85.6 
116.36 16.07 0.68 1 85.6 
116.53 15.79 0.66 1 85.6 
116.70 15.57 0.65 2 85.6 
116.90 15.40 0.65 1 85.6 
117.11 15.37 0.65 1 85.6 
117.27 15.35 0.65 2 85.5 
117.49 15.34 0.65 1 85.5 
117.65 15.14 0.64 1 85.5 
117.84 15.06 0.63 1 85.5 
118.10 14.92 0.63 1 85.5 
118.28 15.02 0.63 1 85.6 
118.46 14.98 0.63 1 85.6 
118.66 15.17 0.64 1 85.6 
118.84 15.31 0.64 1 85.6 
119.10 15.14 0.64 1 85.6 
119.28 15.09 0.64 1 84.5 
119.44 14.61 0.62 1 84.5 
119.65 14.40 0.61 1 84.5 
119.83 14.33 0.61 1 84.5 
120.11 14.47 0.62 1 84.5 
120.33 14.14 0.62 1 82.6 
120.53 13.95 0.61 1 82.6 
120.68 13.66 0.60 1 82.6 
120.84 13.68 0.60 1 82.6 
121.09 13.63 0.59 1 82.6 
121.23 13.85 0.60 1 82.7 
121.42 14.13 0.61 1 82.7 
121.58 14.13 0.62 1 82.7 
121.76 13.98 0.61 1 82.7 
121.95 13.85 0.60 1 82.7 
122.19 13.94 0.61 1 82.7 
122.34 13.82 0.60 1 82.7 
122.52 14.11 0.61 1 82.7 
122.71 14.06 0.61 1 82.7 
122.90 14.19 0.62 1 82.7 
123.12 14.04 0.61 1 82.7 
123.30 14.00 0.61 1 82.9 
123.53 13.80 0.60 1 82.9 
123.68 13.72 0.60 1 82.9 
124.15 13.58 0.59 1 82.9 
124.31 13.56 0.59 1 82.9 
124.51 13.63 0.59 1 82.9 
124.68 13.71 0.60 1 82.9 
124.87 13.66 0.59 1 82.9 
125.11 13.80 0.60 1 82.9 
125.31 13.68 0.60 1 82.4 
125.50 13.92 0.61 1 82.4 
125.70 13.54 0.59 1 82.4 
125.87 13.38 0.58 1 82.4 
126.05 13.27 0.58 1 82.4 
126.27 12.89 0.56 1 83.3 
126.49 12.89 0.56 1 83.3 
126.68 13.23 0.57 1 83.3 
126.85 13.09 0.57 1 83.3 
127.09 13.06 0.56 1 83.3 
127.32 12.81 0.56 1 82.3 
127.48 12.69 0.56 1 82.3 
127.71 12.67 0.55 1 82.3 
127.89 12.53 0.55 1 82.3 
128.17 12.55 0.55 1 82.3 
128.31 12.34 0.54 1 82.7 
128.52 12.51 0.54 1 82.7 
128.66 12.71 0.55 1 82.7 
128.89 12.36 0.54 1 82.7 
129.09 12.23 0.53 1 82.7 
129.25 12.12 0.53 1 82.6 
129.43 12.10 0.53 1 82.6 
129.59 12.02 0.52 1 82.6 
129.83 11.73 0.51 1 82.6 
130.06 11.39 0.50 1 82.6 
130.29 11.29 0.51 1 80.0 
130.50 11.17 0.50 1 80.0 
130.67 11.34 0.51 1 80.0 
130.85 11.11 0.50 1 80.0 
131.08 10.86 0.49 1 80.0 
131.26 10.54 0.46 1 82.7 
131.43 10.30 0.45 1 82.7 
131.61 10.33 0.45 1 82.7 
131.81 10.15 0.44 1 82.7 
132.08 9.93 0.43 1 82.7 
132.28 9.76 0.43 1 82.2 
132.53 9.82 0.43 1 82.2 
132.72 9.97 0.44 2 82.2 
133.01 9.86 0.43 2 82.2 
133.26 10.03 0.44 1 82.0 
133.43 10.38 0.46 1 82.0 
133.62 10.03 0.44 1 82.0 
134.21 9.30 0.41 1 82.0 
134.43 9.75 0.43 1 81.4 
134.62 9.75 0.43 1 81.4 
134.83 9.65 0.43 1 81.4 
135.12 9.56 0.42 1 81.4 
135.31 9.45 0.42 1 80.7 
135.54 9.43 0.42 1 80.7 
135.80 8.55 0.38 1 80.7 
136.13 -1.00 -1.00 1 80.7 
136.36 22.27 1.01 1 79.5 
136.62 21.55 0.98 1 79.5 
136.84 21.51 0.97 1 79.5 
137.09 22.40 1.01 1 79.5 
137.31 8.46 0.38 1 79.9 
137.49 8.56 0.39 1 79.9 
137.66 8.65 0.39 1 79.9 
137.85 8.67 0.39 1 79.9 
138.09 8.83 0.40 1 79.9 
138.26 8.99 0.41 1 79.9 
138.42 8.99 0.40 1 79.9 
138.66 8.82 0.40 1 79.9 
138.86 8.65 0.39 1 79.9 
139.12 8.52 0.38 1 79.9 
139.35 8.43 0.38 1 80.0 
139.50 8.43 0.38 1 80.0 
139.72 8.48 0.38 1 80.0 
139.94 9.05 0.41 1 80.0 
140.17 8.86 0.40 1 80.0 
140.36 8.62 0.39 1 79.3 
140.57 8.15 0.37 1 79.3 
140.77 8.38 0.38 1 79.3 
140.94 8.54 0.39 1 79.3 
141.25 8.45 0.38 1 79.3 
141.45 8.38 0.38 1 79.1 
141.71 8.33 0.38 1 79.1 
141.85 8.23 0.37 1 79.1 
142.14 8.16 0.37 1 79.1 
142.30 8.16 0.37 1 79.1 
142.51 7.98 0.36 1 79.1 
142.68 8.11 0.37 1 79.1 
142.92 8.15 0.37 1 79.1 
143.10 8.09 0.37 1 79.1 
143.31 8.12 0.38 1 76.9 
143.45 8.00 0.37 1 76.9 
143.65 8.23 0.39 1 76.9 
143.83 8.43 0.39 1 76.9 
144.10 8.53 0.40 1 76.9 
144.30 8.42 0.40 1 76.1 
144.50 8.37 0.40 1 76.1 
144.67 8.25 0.39 1 76.1 
144.90 8.10 0.38 1 76.1 
145.15 8.06 0.38 1 76.1 
145.36 7.89 0.37 1 77.6 
145.53 7.80 0.36 1 77.6 
145.78 7.78 0.36 1 77.6 
145.96 7.63 0.35 1 77.6 
146.28 7.54 0.35 1 77.6 
146.52 7.52 0.36 1 75.3 
146.76 7.65 0.37 1 75.3 
146.97 7.74 0.37 1 75.3 
147.17 7.74 0.37 1 75.3 
147.37 -1.00 -1.00 1 73.8 
147.61 23.00 1.12 2 73.8 
147.84 7.83 0.38 2 73.8 
148.06 8.18 0.40 2 73.8 
148.26 8.52 0.42 2 72.2 
148.47 8.67 0.43 2 72.2 
148.66 8.86 0.44 2 72.2 
148.85 9.00 0.45 2 72.2 
149.09 9.10 0.45 2 72.2 
149.30 9.30 0.46 2 73.2 
149.47 9.62 0.47 2 73.2 
149.66 9.82 0.48 2 73.2 
149.86 10.21 0.50 2 73.2 
150.12 10.32 0.51 2 73.2 
150.30 10.69 0.52 2 74.4 
150.50 10.83 0.52 2 74.4 
150.67 10.83 0.52 2 74.4 
150.85 10.84 0.52 2 74.4 
151.12 10.95 0.53 2 74.4 
151.31 10.91 0.52 2 75.7 
151.49 11.24 0.53 2 75.7 
151.71 11.43 0.54 2 75.7 
151.87 11.63 0.55 2 75.7 
152.14 11.84 0.56 2 75.7 
152.29 11.85 0.55 2 77.5 
152.53 11.78 0.55 2 77.5 
152.70 11.82 0.55 2 77.5 
152.92 11.86 0.55 2 77.5 
153.10 11.69 0.54 2 77.5 
153.36 11.52 0.52 2 79.3 
153.61 11.38 0.52 2 79.3 
153.77 11.64 0.53 2 79.3 
154.03 11.54 0.52 2 79.3 
154.28 11.33 0.52 2 79.1 
154.45 11.24 0.51 2 79.1 
154.67 11.40 0.52 2 79.1 
154.87 11.73 0.53 2 79.1 
155.14 11.55 0.53 2 79.1 
155.32 11.33 0.52 2 78.4 
155.49 10.97 0.50 2 78.4 
155.65 10.80 0.50 2 78.4 
155.87 10.89 0.50 2 78.4 
156.21 10.50 0.48 2 78.4 
156.44 10.74 0.50 2 77.0 
156.62 10.83 0.51 2 77.0 
156.87 26.58 1.24 2 77.0 
157.08 10.99 0.51 2 77.0 
157.31 10.82 0.51 2 76.7 
157.53 10.83 0.51 2 76.7 
157.72 10.71 0.50 2 76.7 
157.89 10.80 0.51 2 76.7 
158.16 10.95 0.51 2 76.7 
158.38 11.00 0.51 2 77.7 
158.56 11.03 0.51 2 77.7 
158.80 11.11 0.51 2 77.7 
158.97 11.22 0.52 2 77.7 
159.23 11.20 0.52 2 77.7 
159.48 11.19 0.51 2 78.2 
159.66 11.17 0.51 2 78.2 
159.85 11.20 0.52 2 78.2 
160.17 33.29 1.53 2 78.2 
160.34 11.17 0.51 2 79.2 
160.56 11.09 0.50 3 79.2 
160.79 11.16 0.51 3 79.2 
161.08 11.14 0.51 3 79.2 
161.33 11.13 0.50 3 80.4 
161.55 11.13 0.50 3 80.4 
161.78 11.23 0.50 3 80.4 
162.10 11.16 0.50 3 80.4 
162.34 10.93 0.49 3 80.9 
162.59 10.86 0.48 2 80.9 
162.82 10.90 0.48 2 80.9 
163.03 10.86 0.48 2 80.9 
163.25 10.80 0.48 2 81.6 
163.49 10.77 0.47 2 81.6 
163.73 10.91 0.48 2 81.6 
164.16 11.08 0.49 2 81.6 
164.44 11.32 0.50 2 81.4 
164.63 27.57 1.22 2 81.4 
164.84 11.19 0.49 2 81.4 
165.12 26.73 1.18 2 81.4 
165.30 10.86 0.48 2 82.2 
165.51 10.80 0.47 2 82.2 
165.71 10.85 0.48 2 82.2 
165.92 25.47 1.12 2 82.2 
166.20 10.96 0.48 2 82.2 
166.41 10.90 0.47 2 82.7 
166.60 25.15 1.09 2 82.7 
166.83 25.27 1.10 2 82.7 
167.10 10.87 0.47 2 82.7 
167.28 10.95 0.48 2 82.4 
167.50 10.99 0.48 2 82.4 
167.75 10.79 0.47 2 82.4 
167.91 11.05 0.48 2 82.4 
168.15 11.18 0.49 2 82.4 
168.34 11.33 0.49 2 82.4 
168.55 11.40 0.50 2 82.4 
168.71 26.41 1.15 2 82.4 
168.94 11.56 0.50 2 82.4 
169.15 26.98 1.18 2 82.4 
169.37 26.57 1.15 2 82.9 
169.59 26.21 1.14 2 82.9 
169.77 26.17 1.14 2 82.9 
169.99 26.71 1.16 2 82.9 
170.18 26.57 1.15 2 82.9 
170.38 12.00 0.51 2 84.3 
170.62 11.95 0.51 2 84.3 
170.77 12.27 0.52 2 84.3 
170.99 27.45 1.17 2 84.3 
171.29 12.42 0.53 2 84.3 
171.44 12.54 0.53 2 84.7 
171.67 12.49 0.53 2 84.7 
171.90 12.53 0.53 2 84.7 
172.16 12.56 0.53 2 84.7 
172.36 12.58 0.53 2 84.8 
172.56 12.57 0.53 2 84.8 
172.74 12.45 0.53 2 84.8 
172.93 12.49 0.53 2 84.8 
173.19 12.38 0.53 2 84.8 
173.44 12.43 0.52 2 86.0 
173.70 12.40 0.52 2 86.0 
174.14 12.46 0.52 1 86.0 
174.38 12.66 0.53 1 86.4 
174.60 12.71 0.53 2 86.4 
174.77 12.77 0.53 2 86.4 
174.94 12.71 0.53 2 86.4 
175.23 13.08 0.54 2 86.4 
175.39 13.10 0.54 2 87.0 
175.64 13.12 0.54 2 87.0 
175.89 13.13 0.54 2 87.0 
176.19 13.13 0.54 2 87.0 
176.43 13.14 0.53 2 89.4 
176.61 13.23 0.53 2 89.4 
176.87 13.23 0.53 2 89.4 
177.12 13.22 0.53 2 89.4 
177.28 13.55 0.53 2 91.4 
177.53 13.77 0.54 2 91.4 
177.70 13.89 0.55 2 91.4 
177.92 13.88 0.55 2 91.4 
178.11 13.96 0.55 2 91.4 
178.38 14.01 0.55 2 91.3 
178.64 13.89 0.55 2 91.3 
178.81 13.96 0.55 2 91.3 
179.07 13.93 0.55 2 91.3 
179.25 13.89 0.55 2 90.9 
179.48 13.72 0.54 3 90.9 
179.71 13.65 0.54 3 90.9 
179.91 13.52 0.54 2 90.9 
180.17 13.67 0.54 2 90.9 
180.37 13.78 0.54 2 91.8 
180.55 13.77 0.54 3 91.8 
180.78 13.49 0.53 3 91.8 
181.00 13.57 0.53 2 91.8 
181.24 13.77 0.54 2 91.8 
181.42 13.80 0.54 2 92.6 
181.61 13.72 0.53 2 92.6 
181.79 13.66 0.53 2 92.6 
181.98 13.53 0.53 2 92.6 
182.22 13.35 0.52 2 92.6 
182.40 13.54 0.53 2 92.4 
182.56 13.85 0.54 2 92.4 
182.78 13.68 0.53 2 92.4 
183.01 13.55 0.53 2 92.4 
183.19 13.59 0.53 2 92.4 
183.40 13.47 0.52 2 93.2 
183.56 13.24 0.51 2 93.2 
183.76 13.13 0.51 2 93.2 
184.25 13.44 0.52 2 93.2 
184.47 13.20 0.51 2 92.8 
184.68 13.11 0.51 2 92.8 
184.85 12.81 0.50 2 92.8 
185.12 12.52 0.49 2 92.8 
185.35 12.51 0.48 2 94.2 
185.56 12.43 0.48 2 94.2 
185.76 12.30 0.47 2 94.2 
186.07 12.08 0.46 2 94.2 
186.29 11.96 0.45 2 96.3 
186.47 11.82 0.44 2 96.3 
186.74 11.91 0.44 2 96.3 
186.90 11.78 0.44 2 96.3 
187.23 11.56 0.43 2 96.3 
187.43 11.63 0.44 2 95.6 
187.62 11.32 0.43 2 95.6 
187.87 11.16 0.42 2 95.6 
188.14 11.15 0.42 2 95.6 
188.34 11.42 0.43 2 95.5 
188.60 11.31 0.43 2 95.5 
188.78 25.59 0.96 2 95.5 
189.06 25.14 0.95 2 95.5 
189.30 16.26 0.62 2 94.9 
189.51 20.78 0.79 2 94.9 
189.76 24.01 0.91 3 94.9 
189.97 11.52 0.44 3 94.9 
190.24 11.51 0.44 2 94.9 
190.41 23.15 0.91 2 91.7 
190.59 22.78 0.89 2 91.7 
190.80 22.31 0.88 2 91.7 
191.09 22.11 0.87 2 91.7 
191.28 21.63 0.85 2 92.1 
191.54 20.79 0.81 2 92.1 
191.77 20.89 0.82 2 92.1 
191.98 20.62 0.81 2 92.1 
192.26 20.60 0.81 2 92.1 
192.45 20.25 0.77 2 94.2 
192.62 19.58 0.75 2 94.2 
192.81 19.30 0.74 2 94.2 
193.05 19.09 0.73 2 94.2 
193.30 19.07 0.72 2 94.9 
193.46 19.41 0.74 2 94.9 
193.66 19.50 0.74 2 94.9 
194.19 19.51 0.74 2 94.9 
194.39 19.59 0.74 2 95.0 
194.60 19.36 0.73 2 95.0 
194.83 19.17 0.73 2 95.0 
195.05 18.77 0.71 1 95.0 
195.24 18.57 0.71 1 94.7 
195.41 18.57 0.71 1 94.7 
195.63 18.41 0.70 1 94.7 
195.79 18.18 0.69 1 94.7 
196.07 18.11 0.69 1 94.7 
196.26 17.71 0.66 1 96.5 
196.43 16.88 0.63 1 96.5 
196.65 16.30 0.61 1 96.5 
196.89 15.85 0.59 1 96.5 
197.07 15.72 0.59 1 96.5 
197.31 15.85 0.59 1 96.5 
197.52 15.72 0.59 1 95.9 
197.72 15.23 0.57 1 95.9 
197.97 14.86 0.56 1 95.9 
198.16 14.40 0.54 1 95.9 
198.40 14.89 0.56 1 94.9 
198.59 14.45 0.55 1 94.9 
198.81 14.26 0.54 1 94.9 
198.96 14.14 0.54 1 94.9 
199.27 14.05 0.53 1 94.9 
199.43 13.99 0.54 1 93.8 
199.68 14.13 0.54 1 93.8 
199.87 14.05 0.54 1 93.8 
200.13 13.99 0.54 1 93.8 
200.38 13.77 0.53 1 93.2 
200.53 13.45 0.52 1 93.2 
200.74 13.74 0.53 1 93.2 
200.91 13.60 0.53 1 93.2 
201.10 13.66 0.53 1 93.2 
201.29 13.55 0.53 1 92.5 
201.46 13.15 0.51 1 92.5 
201.72 13.15 0.51 1 92.5 
201.95 12.86 0.50 1 92.5 
202.22 12.79 0.50 1 92.5 
202.46 12.74 0.50 1 92.0 
202.64 12.87 0.50 1 92.0 
202.85 12.82 0.50 1 92.0 
203.07 12.77 0.50 1 92.0 
203.27 12.81 0.50 1 91.4 
203.43 12.95 0.51 1 91.4 
203.68 13.04 0.51 1 91.4 
203.88 13.10 0.52 1 91.4 
204.13 13.15 0.52 1 91.4 
204.32 13.28 0.53 1 90.7 
204.54 13.67 0.54 1 90.7 
204.73 13.97 0.55 1 90.7 
204.92 14.19 0.56 1 90.7 
205.18 14.28 0.57 1 90.7 
205.40 14.09 0.56 1 91.0 
205.63 13.64 0.54 1 91.0 
205.80 13.98 0.55 1 91.0 
205.99 14.92 0.59 1 91.0 
206.22 14.76 0.58 1 91.0 
206.46 14.05 0.56 1 91.0 
206.73 13.62 0.54 1 91.0 
207.04 13.40 0.53 1 91.0 
207.33 13.44 0.52 1 92.9 
207.60 13.14 0.51 1 92.9 
207.82 13.15 0.51 1 92.9 
208.07 13.16 0.51 1 92.9 
208.33 13.00 0.49 1 94.6 
208.62 12.98 0.49 1 94.6 
208.86 12.80 0.49 1 94.6 
209.12 12.66 0.48 1 94.6 
209.35 12.42 0.46 1 96.4 
209.60 12.38 0.46 1 96.4 
209.79 12.08 0.45 1 96.4 
210.08 4.36 0.16 2 96.4 
210.36 12.14 0.46 1 94.9 
210.57 12.04 0.46 1 94.9 
210.83 11.71 0.44 1 94.9 
211.17 11.77 0.45 1 94.9 
211.36 11.65 0.45 1 93.8 
211.59 11.31 0.43 1 93.8 
211.87 11.17 0.43 1 93.8 
212.13 11.20 0.43 1 93.8 
212.40 11.22 0.44 1 92.0 
212.59 11.51 0.45 1 92.0 
212.81 11.45 0.45 1 92.0 
213.11 11.29 0.44 1 92.0 
213.37 11.28 0.45 1 90.1 
213.57 11.39 0.46 1 90.1 
213.81 11.52 0.46 1 90.1 
214.28 11.79 0.48 1 88.9 
214.51 11.95 0.48 1 88.9 
214.75 11.68 0.47 1 88.9 
214.92 11.72 0.47 1 88.9 
215.14 11.50 0.47 1 88.9 
215.34 11.59 0.47 1 88.8 
215.61 11.66 0.47 1 88.8 
215.82 11.92 0.48 1 88.8 
216.15 12.13 0.49 1 88.8 
216.33 12.36 0.50 1 88.4 
216.64 12.68 0.52 1 88.4 
216.85 12.76 0.52 1 88.4 
217.09 12.84 0.52 1 88.4 
217.27 13.04 0.53 1 89.0 
217.50 13.28 0.54 1 89.0 
217.71 13.22 0.53 1 89.0 
218.08 13.11 0.53 1 89.0 
218.34 13.83 0.55 1 90.3 
218.50 14.38 0.57 1 90.3 
218.71 14.79 0.59 1 90.3 
218.95 14.65 0.58 1 90.3 
219.17 14.62 0.58 1 90.3 
219.37 14.86 0.59 1 91.2 
219.65 14.80 0.58 1 91.2 
219.89 14.57 0.57 1 91.2 
220.13 14.56 0.57 1 91.2 
220.36 14.73 0.58 1 90.7 
220.58 14.69 0.58 1 90.7 
220.83 14.33 0.57 1 90.7 
221.07 14.20 0.56 1 90.7 
221.31 13.94 0.56 1 89.4 
221.49 13.88 0.56 1 89.4 
221.78 13.54 0.55 1 89.4 
222.05 13.76 0.55 1 89.4 
222.24 14.43 0.59 1 88.7 
222.43 15.05 0.61 1 88.7 
222.68 15.29 0.62 1 88.7 
222.93 15.51 0.63 1 88.7 
223.21 15.53 0.63 1 88.7 
223.39 15.48 0.63 1 88.2 
223.62 15.63 0.64 1 88.2 
224.22 16.28 0.66 1 88.2 
224.43 -1.00 -1.00 1 89.5 
224.66 -1.00 -1.00 1 89.5 
224.88 -1.00 -1.00 1 89.5 
225.19 -1.00 -1.00 1 89.5 
225.35 17.18 0.69 1 89.3 
225.63 -1.00 -1.00 1 89.3 
225.81 -1.00 -1.00 1 89.3 
226.09 17.97 0.72 1 89.3 
226.27 18.18 0.73 1 89.5 
226.51 17.99 0.72 1 89.5 
226.72 17.63 0.71 1 89.5 
226.97 17.77 0.71 1 89.5 
227.17 17.88 0.72 1 89.5 
227.43 18.09 0.71 1 91.3 
227.65 18.01 0.71 1 91.3 
227.87 18.18 0.72 1 91.3 
228.14 18.95 0.75 1 91.3 
228.37 19.07 0.76 1 90.7 
228.56 19.62 0.78 1 90.7 
228.79 19.62 0.78 1 90.7 
229.07 19.62 0.78 1 90.7 
229.28 19.91 0.79 1 90.4 
229.47 19.88 0.79 1 90.4 
229.65 19.80 0.79 1 90.4 
229.88 20.06 0.80 1 90.4 
230.13 19.96 0.79 1 90.4 
230.36 20.01 0.78 1 92.0 
230.58 20.20 0.79 1 92.0 
230.83 19.86 0.78 1 92.0 
231.16 19.97 0.78 1 92.0 
231.39 19.92 0.77 1 93.7 
231.59 19.82 0.76 1 93.7 
231.77 20.05 0.77 1 93.7 
232.08 20.39 0.78 1 93.7 
232.26 20.50 0.77 1 95.5 
232.48 20.31 0.77 1 95.5 
232.72 19.89 0.75 1 95.5 
232.96 19.91 0.75 1 95.5 
233.21 19.83 0.75 1 95.5 
233.45 20.22 0.76 1 96.2 
233.68 20.06 0.75 1 96.2 
234.13 19.46 0.73 1 96.2 
234.38 19.17 0.71 1 97.1 
234.59 19.05 0.71 1 97.1 
234.83 18.86 0.70 1 97.1 
235.02 18.43 0.68 1 97.1 
235.27 18.34 0.68 1 96.7 
235.46 18.67 0.69 1 96.7 
235.70 18.53 0.69 1 96.7 
235.93 17.97 0.67 1 96.7 
236.19 17.30 0.64 1 96.7 
236.39 16.76 0.62 1 96.7 
236.66 16.54 0.62 1 96.7 
236.83 16.85 0.63 1 96.7 
237.13 17.38 0.65 1 96.7 
237.32 17.07 0.64 1 96.5 
237.60 16.60 0.62 1 96.5 
237.82 16.04 0.60 1 96.5 
238.09 15.43 0.58 1 96.5 
238.33 14.95 0.56 1 95.8 
238.60 14.41 0.54 1 95.8 
238.85 4.11 0.15 2 95.8 
239.20 13.74 0.52 1 95.8 
239.41 13.64 0.51 1 96.1 
239.64 13.14 0.49 1 96.1 
239.90 12.88 0.48 1 96.1 
240.24 4.17 0.16 2 96.1 
240.46 4.19 0.16 2 96.3 
240.72 12.68 0.47 1 96.3 
240.92 12.55 0.47 1 96.3 
241.18 12.45 0.47 1 96.3 
241.42 12.23 0.45 1 96.9 
241.60 11.95 0.44 1 96.9 
241.86 11.74 0.44 1 96.9 
242.18 11.71 0.44 1 96.9 
242.37 11.35 0.42 1 96.9 
242.62 11.06 0.41 1 96.9 
242.87 11.09 0.41 1 96.9 
243.26 10.86 0.40 1 96.9 
243.52 10.94 0.41 1 94.9 
243.73 11.02 0.42 1 94.9 
244.08 10.93 0.41 1 94.9 
244.34 10.90 0.42 1 93.1 
244.60 10.98 0.42 1 93.1 
244.82 11.05 0.43 1 93.1 
245.09 11.04 0.43 1 93.1 
245.39 11.23 0.44 1 92.8 
245.64 11.66 0.45 1 92.8 
245.82 11.69 0.45 1 92.8 
246.14 11.71 0.45 1 92.8 
246.39 12.02 0.49 1 88.2 
246.63 12.24 0.50 1 88.2 
246.88 12.42 0.51 1 88.2 
247.18 12.72 0.52 1 88.2 
247.44 13.31 0.55 1 87.7 
247.65 13.58 0.56 1 87.7 
247.94 14.08 0.58 1 87.7 
248.26 14.24 0.58 1 87.7 
248.54 14.56 0.59 1 88.3 
248.77 14.55 0.59 1 88.3 
249.10 14.71 0.60 1 88.3 
249.28 15.28 0.62 1 88.4 
249.51 15.58 0.63 1 88.4 
249.78 15.74 0.64 1 88.4 
250.06 16.30 0.66 1 88.4 
250.29 16.60 0.67 1 88.7 
250.54 16.74 0.68 1 88.7 
250.77 16.84 0.68 1 88.7 
251.11 16.69 0.68 1 88.7 
251.32 17.17 0.69 1 89.3 
251.55 16.82 0.68 1 89.3 
251.75 16.68 0.67 1 89.3 
252.06 16.56 0.67 1 89.3 
252.24 16.68 0.66 1 91.2 
252.47 16.79 0.66 1 91.2 
252.68 16.66 0.66 1 91.2 
252.91 16.55 0.65 1 91.2 
253.21 16.91 0.67 1 91.2 
253.43 16.96 0.65 1 93.4 
253.69 16.86 0.65 1 93.4 
254.28 16.83 0.65 1 93.3 
254.50 16.68 0.64 1 93.3 
254.68 16.54 0.64 1 93.3 
254.92 16.44 0.63 1 93.3 
255.26 16.16 0.62 1 93.3 
255.45 16.15 0.62 1 93.7 
255.72 16.24 0.62 1 93.7 
256.09 16.21 0.62 1 93.7 
256.33 16.38 0.64 1 91.8 
256.61 16.78 0.66 1 91.8 
256.83 16.45 0.64 1 91.8 
257.14 16.84 0.66 1 91.8 
257.40 16.53 0.65 1 90.9 
257.65 16.76 0.66 1 90.9 
257.87 17.10 0.68 1 90.9 
258.19 17.08 0.68 1 90.9 
258.48 17.32 0.68 1 91.2 
258.70 17.07 0.67 1 91.2 
258.94 16.84 0.66 1 91.2 
259.23 16.68 0.66 1 91.2 
259.47 16.52 0.65 1 91.8 
259.80 16.75 0.66 1 91.8 
260.13 16.82 0.66 1 91.8 
260.39 17.11 0.68 1 91.1 
260.66 17.21 0.68 1 91.1 
260.86 16.80 0.66 1 91.1 
261.18 17.09 0.68 1 91.1 
261.43 17.07 0.68 1 90.9 
261.65 17.06 0.68 1 90.9 
261.94 17.41 0.69 1 90.9 
262.20 17.62 0.70 1 90.9 
262.50 17.60 0.69 1 91.3 
262.79 17.31 0.68 1 91.3 
263.14 17.48 0.69 1 91.3 
263.41 18.19 0.71 1 91.6 
263.65 18.08 0.71 1 91.6 
263.87 17.88 0.70 1 91.6 
264.17 17.92 0.70 1 91.6 
264.46 18.00 0.71 1 91.8 
264.75 18.02 0.71 1 91.8 
264.97 18.32 0.72 1 91.8 
265.24 18.69 0.73 1 91.8 
265.50 18.39 0.71 1 92.9 
265.70 18.60 0.72 1 92.9 
265.95 18.76 0.73 1 92.9 
266.24 18.93 0.73 1 92.9 
266.55 18.77 0.71 1 94.5 
266.75 18.89 0.72 1 94.5 
267.03 19.13 0.73 1 94.5 
267.30 19.49 0.74 1 94.5 
267.60 19.95 0.76 1 94.6 
267.80 20.29 0.77 1 94.6 
268.13 20.58 0.78 1 94.6 
268.44 20.24 0.76 1 95.3 
268.64 20.53 0.78 1 95.3 
268.96 20.76 0.78 1 95.3 
269.34 20.79 0.79 1 95.3 
269.52 20.03 0.76 1 95.5 
269.84 20.20 0.76 1 95.5 
270.09 20.33 0.77 1 95.5 
270.38 20.27 0.76 1 96.3 
270.64 19.86 0.74 1 96.3 
270.95 19.60 0.73 1 96.3 
271.18 19.41 0.73 1 96.3 
271.47 19.14 0.71 1 96.9 
271.81 18.90 0.70 1 96.9 
272.06 18.46 0.69 1 96.9 
272.31 18.36 0.69 1 95.8 
272.59 18.14 0.68 1 95.8 
272.85 17.98 0.68 1 95.8 
273.14 17.75 0.67 1 95.8 
273.43 17.54 0.65 1 96.7 
273.72 17.38 0.65 1 96.7 
274.32 17.09 0.64 1 96.2 
274.58 17.27 0.65 1 96.2 
274.82 16.77 0.63 1 96.2 
275.15 16.57 0.62 1 96.2 
275.54 16.87 0.63 1 95.8 
275.77 16.65 0.63 1 95.8 
276.16 16.92 0.64 1 95.8 
276.40 16.41 0.62 1 95.7 
276.71 16.76 0.63 1 95.7 
277.12 16.68 0.63 1 95.7 
277.35 15.98 0.60 1 95.5 
277.68 15.93 0.60 1 95.5 
277.89 15.51 0.58 1 95.5 
278.27 14.86 0.56 1 95.5 
278.52 14.36 0.55 1 94.7 
278.80 14.36 0.55 1 94.7 
279.07 14.32 0.54 1 94.7 
279.34 14.46 0.55 1 95.1 
279.57 14.04 0.53 1 95.1 
279.85 13.73 0.52 1 95.1 
280.21 13.20 0.50 1 95.1 
280.46 13.44 0.51 1 94.6 
280.74 4.49 0.17 2 94.6 
281.16 13.68 0.52 1 94.6 
281.51 13.46 0.52 1 94.0 
281.78 13.29 0.51 1 94.0 
282.16 13.33 0.51 1 94.0 
282.43 13.21 0.51 1 93.1 
282.67 13.63 0.53 1 93.1 
282.92 13.86 0.54 1 93.1 
283.24 13.65 0.53 1 93.1 
283.46 13.98 0.54 1 92.7 
283.75 13.87 0.54 1 92.7 
284.11 13.79 0.54 1 92.7 
284.39 14.08 0.55 1 92.1 
284.74 13.94 0.55 1 92.1 
284.95 14.07 0.55 1 92.1 
285.34 13.98 0.55 1 92.1 
285.61 14.25 0.56 1 91.4 
285.94 14.09 0.56 1 91.4 
286.23 14.13 0.56 1 91.4 
286.54 14.00 0.55 1 91.0 
286.79 14.07 0.56 1 91.0 
287.14 13.94 0.55 1 91.0 
287.35 14.02 0.55 1 91.5 
287.58 14.08 0.55 1 91.5 
287.92 14.12 0.56 1 91.5 
288.23 14.24 0.56 1 91.5 
288.53 14.27 0.56 1 91.5 
288.88 14.45 0.57 1 91.5 
289.14 14.49 0.57 1 91.5 
289.38 14.66 0.58 1 90.6 
289.63 14.76 0.59 1 90.6 
289.93 14.84 0.59 1 90.6 
290.25 15.13 0.60 1 90.6 
290.46 14.78 0.59 1 90.0 
290.83 14.50 0.58 1 90.0 
291.16 14.48 0.58 1 90.0 
291.41 14.62 0.58 1 90.2 
291.68 14.46 0.58 1 90.2 
292.03 14.42 0.58 1 90.2 
292.29 14.40 0.57 1 90.2 
292.49 14.57 0.58 1 90.4 
292.90 14.36 0.57 1 90.4 
293.21 14.34 0.57 1 90.4 
293.49 14.17 0.56 1 91.4 
293.80 14.49 0.57 1 91.4 
294.35 14.78 0.58 1 91.3 
294.62 14.54 0.57 1 91.3 
294.92 14.50 0.57 1 91.3 
295.20 14.64 0.58 1 91.3 
295.51 14.87 0.59 1 91.4 
295.74 4.29 0.17 2 91.4 
296.10 14.68 0.58 1 91.4 
296.46 14.59 0.58 1 90.6 
296.72 14.72 0.58 1 90.6 
297.13 14.64 0.58 1 90.6 
297.44 14.56 0.58 1 90.7 
297.70 14.51 0.58 1 90.7 
298.09 14.31 0.57 1 90.7 
298.38 14.32 0.58 1 89.1 
298.71 14.33 0.58 1 89.1 
299.02 14.17 0.57 1 89.1 
299.30 14.20 0.55 1 93.6 
299.55 14.25 0.55 1 93.6 
299.81 14.10 0.54 1 93.6 
300.18 13.99 0.54 1 93.6 
300.54 13.89 0.53 1 95.1 
300.87 13.81 0.52 1 95.1 
301.10 13.77 0.52 1 95.1 
301.34 13.58 0.50 1 97.0 
301.67 13.48 0.50 1 97.0 
301.98 13.24 0.49 1 97.0 
302.27 13.03 0.48 1 97.0 
302.50 13.00 0.48 1 97.5 
302.77 12.99 0.48 1 97.5 
303.19 12.82 0.47 1 97.5 
303.45 12.58 0.47 1 97.4 
303.82 12.40 0.46 1 97.4 
304.44 12.13 0.45 1 96.5 
304.79 12.04 0.45 1 96.5 
305.15 12.12 0.45 1 96.5 
305.44 11.91 0.44 1 96.7 
305.69 11.88 0.44 1 96.7 
306.17 11.86 0.44 1 96.7 
306.49 11.49 0.43 1 96.4 
306.81 11.01 0.41 1 96.4 
307.17 11.22 0.42 1 96.4 
307.55 11.45 0.43 1 96.3 
307.86 11.19 0.42 1 96.3 
308.18 10.99 0.41 1 96.3 
308.53 10.64 0.40 1 96.3 
308.87 10.37 0.39 1 96.3 
309.20 10.64 0.40 1 96.3 
309.55 10.21 0.38 1 97.5 
309.96 9.72 0.36 1 97.5 
310.25 9.70 0.36 1 97.5 
310.55 9.35 0.35 1 96.1 
310.95 9.30 0.35 1 96.1 
311.34 9.08 0.34 1 96.1 
311.71 9.31 0.35 1 95.1 
312.04 9.07 0.34 1 95.1 
312.41 9.60 0.37 1 94.3 
312.79 9.63 0.37 1 94.3 
313.17 9.17 0.35 1 94.3 
313.50 8.61 0.34 1 91.5 
314.33 7.40 0.29 1 91.5 
314.64 7.76 0.30 1 94.0 
315.00 -1.00 -1.00 1 94.0 
315.30 8.65 0.33 1 94.0 
315.65 8.61 0.33 1 93.0 
315.89 -1.00 -1.00 1 93.0 
316.34 8.01 0.31 1 93.0 
316.59 7.79 0.31 1 90.5 
317.09 8.02 0.32 1 90.5 
317.50 9.72 0.39 1 89.2 
317.92 9.77 0.39 1 89.2 
318.28 9.07 0.37 1 89.2 
318.62 8.77 0.35 1 89.2 
318.96 8.26 0.33 1 89.2 
319.38 7.71 0.31 1 89.2 
319.82 7.31 0.29 1 90.9 
320.14 7.47 0.30 1 90.9 
320.50 7.44 0.31 1 87.5 
320.82 7.05 0.29 1 87.5 
321.31 7.22 0.30 1 87.5 
321.72 7.06 0.29 1 87.5 
322.16 7.17 0.30 1 87.5 
322.54 7.53 0.32 1 85.9 
322.81 7.93 0.33 1 85.9 
323.17 8.30 0.35 1 85.9 
323.44 8.48 0.36 1 85.6 
323.72 8.88 0.37 1 85.6 
324.17 8.89 0.37 1 85.6 
324.43 9.18 0.38 1 86.4 
324.84 10.66 0.44 1 86.4 
325.33 10.51 0.44 1 86.4 
325.67 10.47 0.44 1 86.0 
326.09 10.33 0.43 1 86.0 
326.48 10.44 0.42 1 89.0 
326.87 10.62 0.43 1 89.0 
327.27 10.65 0.43 1 89.0 
327.60 10.37 0.42 1 89.8 
327.93 10.47 0.42 1 89.8 
328.28 10.77 0.43 1 89.8 
328.69 10.56 0.42 1 90.6 
329.07 10.39 0.41 1 90.6 
329.36 10.72 0.42 1 91.0 
329.67 10.42 0.41 1 91.0 
329.97 10.39 0.41 1 91.0 
330.33 10.37 0.41 1 91.0 
330.60 10.35 0.42 1 89.6 
331.07 10.34 0.42 1 89.6 
331.42 10.33 0.41 1 90.7 
331.76 10.23 0.41 1 90.7 
332.16 10.25 0.41 1 90.7 
332.59 10.26 0.40 1 92.3 
333.06 10.16 0.40 1 92.3 
333.49 10.20 0.40 1 91.6 
333.85 10.44 0.41 1 91.6 
334.21 10.40 0.41 1 91.6 
334.59 10.28 0.40 1 91.5 
334.88 10.18 0.40 1 91.5 
335.26 10.21 0.40 1 91.5 
335.56 10.44 0.41 1 91.3 
335.90 10.63 0.42 1 91.3 
336.26 10.44 0.41 1 91.3 
336.66 10.50 0.42 1 90.1 
337.05 10.72 0.43 1 90.1 
337.44 10.73 0.43 1 89.9 
337.86 10.95 0.44 1 89.9 
338.30 11.12 0.45 1 89.9 
338.58 11.18 0.45 1 89.4 
338.92 4.36 0.18 2 89.4 
339.42 4.28 0.17 2 89.4 
339.81 11.51 0.45 1 91.3 
340.14 11.81 0.47 1 91.3 
340.48 11.76 0.46 1 91.3 
340.85 4.29 0.17 2 91.3 
341.27 4.28 0.17 2 91.3 
341.73 4.15 0.17 2 90.5 
342.18 4.23 0.17 2 90.5 
342.57 12.36 0.48 1 91.9 
342.96 12.58 0.49 1 91.9 
343.30 12.92 0.51 1 91.9 
343.58 13.16 0.51 1 93.1 
344.26 12.95 0.50 1 93.1 
344.58 12.88 0.49 1 93.8 
344.96 12.97 0.50 1 93.8 
345.29 12.89 0.49 1 93.8 
345.61 12.99 0.49 1 94.7 
345.94 13.05 0.50 1 94.7 
346.25 12.95 0.49 1 94.7 
346.49 13.03 0.49 1 95.1 
346.80 12.94 0.49 1 95.1 
347.15 12.92 0.49 1 95.1 
347.49 12.86 0.49 1 94.4 
347.89 13.50 0.51 1 94.4 
348.18 13.47 0.51 1 94.4 
348.42 13.28 0.52 1 92.8 
348.86 13.12 0.51 1 92.8 
349.19 12.86 0.50 1 92.8 
349.46 12.95 0.49 1 94.7 
349.81 12.86 0.49 1 94.7 
350.16 12.79 0.49 1 94.7 
350.51 12.60 0.48 1 95.2 
350.79 12.33 0.47 1 95.2 
351.17 12.39 0.47 1 95.2 
351.56 12.06 0.45 1 96.6 
351.95 11.78 0.44 1 96.6 
352.29 11.53 0.43 1 96.6 
352.70 11.22 0.40 1 100.5 
353.13 -1.00 -1.00 1 100.5 
353.43 -1.00 -1.00 1 102.6 
353.78 -1.00 -1.00 1 102.6 
354.21 -1.00 -1.00 1 102.6 
354.56 -1.00 -1.00 0 106.2 
354.77 -1.00 -1.00 0 106.2 
355.13 -1.00 -1.00 0 106.2 
355.43 -1.00 -1.00 0 105.9 
355.65 -1.00 -1.00 0 105.9 
355.97 -1.00 -1.00 0 105.9 
356.29 -1.00 -1.00 0 105.9 
356.51 -1.00 -1.00 0 110.7 
356.82 -1.00 -1.00 1 110.7 
357.35 -1.00 -1.00 0 110.7 
357.68 -1.00 -1.00 0 113.9 
357.93 -1.00 -1.00 0 113.9 
358.26 -1.00 -1.00 0 113.9 
358.54 -1.00 -1.00 0 117.5 
358.89 -1.00 -1.00 0 117.5 
359.16 -1.00 -1.00 0 117.5 
359.46 -1.00 -1.00 0 121.1 
359.67 -1.00 -1.00 0 121.1 
359.93 -1.00 -1.00 0 121.1 
360.18 -1.00 -1.00 0 121.1 
360.51 -1.00 -1.00 0 123.7 
360.82 -1.00 -1.00 0 123.7 
361.12 -1.00 -1.00 0 123.7 
361.36 -1.00 -1.00 0 126.3 
361.65 -1.00 -1.00 0 126.3 
361.90 -1.00 -1.00 0 126.3 
362.26 -1.00 -1.00 0 126.3 
362.52 -1.00 -1.00 0 128.9 
362.81 -1.00 -1.00 0 128.9 
363.15 -1.00 -1.00 0 128.9 
363.40 -1.00 -1.00 0 130.9 
363.62 -1.00 -1.00 0 130.9 
363.87 -1.00 -1.00 0 130.9 
364.14 -1.00 -1.00 0 130.9 
364.36 -1.00 -1.00 0 132.3 
364.66 -1.00 -1.00 0 132.3 
364.95 -1.00 -1.00 0 132.3 
365.36 -1.00 -1.00 0 132.3 
365.57 -1.00 -1.00 0 133.7 
365.91 -1.00 -1.00 0 133.7 
366.24 -1.00 -1.00 0 133.7 
366.56 -1.00 -1.00 0 135.3 
366.95 -1.00 -1.00 0 135.3 
367.35 -1.00 -1.00 0 135.3 
367.62 -1.00 -1.00 0 136.5 
367.96 -1.00 -1.00 0 136.5 
368.33 -1.00 -1.00 0 136.5 
368.64 -1.00 -1.00 0 129.0 
368.95 -1.00 -1.00 0 129.0 
369.36 -1.00 -1.00 0 129.0 
369.63 -1.00 -1.00 0 122.3 
369.94 -1.00 -1.00 0 122.3 
370.30 -1.00 -1.00 0 122.3 
370.67 -1.00 -1.00 0 121.4 
371.02 -1.00 -1.00 0 121.4 
371.39 -1.00 -1.00 0 120.5 
371.72 -1.00 -1.00 0 120.5 
372.07 -1.00 -1.00 0 120.5 
372.41 -1.00 -1.00 0 121.8 
372.79 -1.00 -1.00 0 121.8 
373.10 -1.00 -1.00 0 121.8 
373.46 -1.00 -1.00 0 121.9 
373.74 -1.00 -1.00 0 121.9 
374.12 -1.00 -1.00 0 121.9 
374.43 -1.00 -1.00 1 124.2 
374.77 -1.00 -1.00 0 124.2 
375.17 -1.00 -1.00 0 124.2 
375.48 -1.00 -1.00 0 126.7 
375.74 -1.00 -1.00 0 126.7 
376.16 -1.00 -1.00 0 126.7 
376.38 -1.00 -1.00 0 128.8 
376.73 -1.00 -1.00 0 128.8 
377.06 -1.00 -1.00 0 128.8 
377.38 -1.00 -1.00 0 130.9 
377.65 -1.00 -1.00 0 130.9 
378.06 -1.00 -1.00 0 130.9 
378.35 -1.00 -1.00 0 133.9 
378.61 -1.00 -1.00 0 133.9 
378.97 -1.00 -1.00 0 133.9 
379.29 -1.00 -1.00 0 133.9 
379.55 -1.00 -1.00 0 132.7 
379.83 -1.00 -1.00 0 132.7 
380.20 -1.00 -1.00 0 132.7 
380.51 -1.00 -1.00 0 133.5 
380.80 -1.00 -1.00 0 133.5 
381.19 -1.00 -1.00 0 133.5 
381.53 -1.00 -1.00 0 132.7 
381.89 -1.00 -1.00 0 132.7 
382.16 -1.00 -1.00 0 132.7 
382.52 -1.00 -1.00 0 131.7 
382.91 -1.00 -1.00 0 131.7 
383.29 -1.00 -1.00 0 131.7 
383.65 -1.00 -1.00 0 131.2 
384.25 -1.00 -1.00 0 131.2 
384.48 -1.00 -1.00 0 131.5 
384.79 -1.00 -1.00 0 131.5 
385.24 -1.00 -1.00 0 131.5 
385.49 -1.00 -1.00 0 132.3 
385.86 -1.00 -1.00 0 132.3 
386.19 -1.00 -1.00 0 132.3 
386.48 -1.00 -1.00 0 132.8 
386.81 -1.00 -1.00 0 132.8 
387.13 -1.00 -1.00 0 132.8 
387.40 -1.00 -1.00 0 133.9 
387.66 -1.00 -1.00 0 133.9 
388.11 -1.00 -1.00 0 133.9 
388.44 -1.00 -1.00 0 135.0 
388.69 -1.00 -1.00 0 135.0 
388.93 -1.00 -1.00 0 135.0 
389.33 -1.00 -1.00 0 135.0 
389.59 -1.00 -1.00 0 135.8 
389.95 -1.00 -1.00 0 135.8 
390.30 -1.00 -1.00 0 135.8 
390.65 -1.00 -1.00 0 137.8 
390.93 -1.00 -1.00 0 137.8 
391.22 -1.00 -1.00 0 137.8 
391.60 -1.00 -1.00 0 139.0 
391.95 -1.00 -1.00 0 139.0 
392.31 -1.00 -1.00 0 139.0 
392.67 -1.00 -1.00 0 140.8 
393.06 -1.00 -1.00 0 140.8 
393.27 -1.00 -1.00 0 142.6 
393.55 -1.00 -1.00 0 142.6 
394.28 -1.00 -1.00 0 142.6 
394.60 -1.00 -1.00 0 144.5 
394.99 -1.00 -1.00 0 144.5 
395.30 -1.00 -1.00 0 144.5 
395.61 -1.00 -1.00 0 145.8 
395.90 -1.00 -1.00 0 145.8 
396.23 -1.00 -1.00 0 145.8 
396.56 -1.00 -1.00 0 147.3 
396.94 -1.00 -1.00 0 147.3 
397.23 -1.00 -1.00 0 147.3 
397.57 -1.00 -1.00 0 146.4 
397.87 -1.00 -1.00 0 146.4 
398.21 -1.00 -1.00 0 146.4 
398.52 -1.00 -1.00 0 144.8 
398.88 -1.00 -1.00 0 144.8 
399.19 -1.00 -1.00 0 144.8 
399.53 -1.00 -1.00 0 141.9 
399.85 -1.00 -1.00 0 141.9 
400.07 -1.00 -1.00 0 141.9 
400.48 -1.00 -1.00 0 141.9 
400.84 -1.00 -1.00 0 140.0 
401.16 -1.00 -1.00 0 140.0 
401.49 -1.00 -1.00 0 137.8 
401.76 -1.00 -1.00 0 137.8 
402.07 -1.00 -1.00 0 137.8 
402.32 -1.00 -1.00 0 135.5 
402.60 -1.00 -1.00 0 135.5 
402.84 -1.00 -1.00 0 135.5 
403.24 -1.00 -1.00 0 135.5 
403.52 -1.00 -1.00 0 133.3 
403.79 -1.00 -1.00 0 133.3 
404.07 -1.00 -1.00 0 133.3 
404.39 -1.00 -1.00 0 131.1 
404.69 -1.00 -1.00 0 131.1 
405.06 -1.00 -1.00 0 131.1 
405.38 -1.00 -1.00 0 130.2 
405.60 -1.00 -1.00 0 130.2 
405.91 -1.00 -1.00 0 130.2 
406.26 -1.00 -1.00 0 130.2 
406.60 -1.00 -1.00 0 129.6 
406.90 -1.00 -1.00 0 129.6 
407.28 -1.00 -1.00 0 129.6 
407.56 -1.00 -1.00 0 128.9 
407.87 -1.00 -1.00 0 128.9 
408.23 -1.00 -1.00 0 128.9 
408.51 -1.00 -1.00 0 128.4 
408.74 -1.00 -1.00 0 128.4 
409.00 -1.00 -1.00 0 128.4 
409.25 -1.00 -1.00 0 128.4 
409.44 -1.00 -1.00 0 126.9 
409.74 -1.00 -1.00 0 126.9 
409.99 -1.00 -1.00 0 126.9 
410.25 -1.00 -1.00 0 126.9 
410.49 -1.00 -1.00 0 125.1 
410.73 -1.00 -1.00 0 125.1 
411.00 -1.00 -1.00 0 125.1 
411.36 -1.00 -1.00 0 125.1 
411.67 -1.00 -1.00 0 123.4 
411.93 -1.00 -1.00 0 123.4 
412.30 -1.00 -1.00 0 123.4 
412.55 -1.00 -1.00 0 121.2 
412.74 -1.00 -1.00 0 121.2 
413.09 -1.00 -1.00 0 121.2 
413.36 -1.00 -1.00 0 120.1 
413.68 -1.00 -1.00 0 120.1 
414.23 -1.00 -1.00 0 120.1 
414.53 -1.00 -1.00 0 120.0 
414.84 -1.00 -1.00 0 120.0 
415.20 -1.00 -1.00 0 120.0 
415.47 -1.00 -1.00 0 120.6 
415.70 -1.00 -1.00 0 120.6 
415.93 -1.00 -1.00 0 120.6 
416.25 -1.00 -1.00 0 120.6 
416.53 -1.00 -1.00 0 120.6 
416.77 -1.00 -1.00 0 120.6 
417.08 -1.00 -1.00 0 120.6 
417.33 -1.00 -1.00 0 120.0 
417.58 -1.00 -1.00 0 120.0 
417.86 -1.00 -1.00 0 120.0 
418.17 -1.00 -1.00 0 120.0 
418.46 -1.00 -1.00 0 120.0 
418.70 -1.00 -1.00 0 120.0 
419.02 -1.00 -1.00 0 120.0 
419.28 -1.00 -1.00 0 120.0 
419.54 -1.00 -1.00 0 118.9 
419.81 -1.00 -1.00 0 118.9 
420.18 -1.00 -1.00 0 118.9 
420.42 -1.00 -1.00 0 117.2 
420.72 -1.00 -1.00 0 117.2 
420.98 -1.00 -1.00 0 117.2 
421.31 -1.00 -1.00 0 117.2 
421.54 -1.00 -1.00 0 114.9 
421.81 -1.00 -1.00 0 114.9 
422.13 -1.00 -1.00 0 114.9 
422.40 -1.00 -1.00 0 113.8 
422.57 -1.00 -1.00 0 113.8 
422.86 -1.00 -1.00 0 113.8 
423.12 -1.00 -1.00 0 113.8 
423.36 -1.00 -1.00 0 112.4 
423.58 -1.00 -1.00 0 112.4 
424.22 -1.00 -1.00 0 112.4 
424.51 -1.00 -1.00 0 109.0 
424.76 -1.00 -1.00 0 109.0 
425.09 -1.00 -1.00 0 109.0 
425.37 -1.00 -1.00 0 106.1 
425.65 -1.00 -1.00 0 106.1 
425.85 -1.00 -1.00 0 106.1 
426.24 -1.00 -1.00 0 106.1 
426.51 -1.00 -1.00 0 103.1 
426.87 -1.00 -1.00 0 103.1 
427.11 -1.00 -1.00 0 103.1 
427.44 -1.00 -1.00 0 100.5 
427.72 -1.00 -1.00 0 100.5 
428.22 -1.00 -1.00 0 100.5 
428.57 -1.00 -1.00 0 97.8 
428.89 -1.00 -1.00 0 97.8 
429.20 -1.00 -1.00 0 97.8 
429.50 -1.00 -1.00 0 95.1 
429.68 -1.00 -1.00 0 95.1 
430.04 -1.00 -1.00 0 95.1 
430.35 -1.00 -1.00 0 92.5 
430.59 -1.00 -1.00 0 92.5 
430.91 -1.00 -1.00 0 92.5 
431.24 -1.00 -1.00 0 92.5 
431.51 -1.00 -1.00 0 88.6 
431.80 -1.00 -1.00 0 88.6 
432.09 -1.00 -1.00 0 88.6 
432.35 -1.00 -1.00 0 85.1 
432.64 -1.00 -1.00 0 85.1 
432.84 -1.00 -1.00 0 85.1 
433.13 -1.00 -1.00 0 85.1 
433.33 -1.00 -1.00 0 81.1 
433.58 -1.00 -1.00 0 81.1 
433.77 -1.00 -1.00 0 81.1 
434.27 -1.00 -1.00 0 77.8 
434.50 -1.00 -1.00 0 77.8 
434.78 -1.00 -1.00 0 77.8 
435.06 -1.00 -1.00 0 77.8 
435.35 -1.00 -1.00 0 74.3 
435.62 -1.00 -1.00 0 74.3 
435.92 -1.00 -1.00 0 74.3 
436.29 -1.00 -1.00 0 74.3 
436.48 -1.00 -1.00 0 69.9 
436.69 -1.00 -1.00 0 69.9 
436.96 -1.00 -1.00 0 69.9 
437.21 -1.00 -1.00 0 69.9 
437.44 -1.00 -1.00 0 65.8 
437.64 -1.00 -1.00 0 65.8 
437.86 -1.00 -1.00 0 65.8 
438.06 -1.00 -1.00 0 65.8 
438.31 -1.00 -1.00 0 61.8 
438.56 -1.00 -1.00 0 61.8 
438.76 -1.00 -1.00 0 61.8 
439.01 -1.00 -1.00 0 61.8 
439.31 -1.00 -1.00 0 61.8 
439.55 -1.00 -1.00 0 56.7 
439.74 -1.00 -1.00 0 56.7 
440.00 -1.00 -1.00 0 56.7 
440.29 -1.00 -1.00 0 56.7 
440.57 -1.00 -1.00 0 51.7 
440.75 -1.00 -1.00 0 51.7 
441.10 -1.00 -1.00 0 51.7 
