14.9 40.533833 -3.450816 100.0 100.0 100.0 100.0 100.0 100.0 100.0 100.0 1.000 0.000 0.000 0.000 100.0 100.0 100.0 100.0 100.0 100.0 100.0 100.0 1.000 0.000 0.000 0.000 
15.9 40.533829 -3.451236 100.0 100.0 100.0 100.0 100.0 100.0 100.0 100.0 1.000 0.000 0.000 0.000 100.0 100.0 100.0 100.0 100.0 100.0 100.0 100.0 1.000 0.000 0.000 0.000 
16.9 40.533829 -3.451651 85.7 100.0 100.0 100.0 100.0 100.0 0.0 100.0 0.400 0.000 0.600 0.000 85.7 100.0 100.0 100.0 100.0 100.0 0.0 100.0 0.400 0.000 0.600 0.000 
17.9 40.533829 -3.452071 85.7 100.0 100.0 100.0 100.0 100.0 0.0 100.0 0.400 0.000 0.600 0.000 85.7 100.0 100.0 100.0 100.0 100.0 0.0 100.0 0.400 0.000 0.600 0.000 
18.9 40.533821 -3.452485 85.7 100.0 100.0 100.0 100.0 100.0 0.0 100.0 0.400 0.000 0.600 0.000 85.7 100.0 100.0 100.0 100.0 100.0 0.0 100.0 0.400 0.000 0.600 0.000 
19.9 40.533813 -3.452895 85.7 100.0 100.0 100.0 100.0 100.0 0.0 100.0 0.400 0.000 0.600 0.000 85.7 100.0 100.0 100.0 100.0 100.0 0.0 100.0 0.400 0.000 0.600 0.000 
20.9 40.533806 -3.453308 85.7 100.0 100.0 100.0 100.0 100.0 0.0 100.0 0.400 0.000 0.600 0.000 85.7 100.0 100.0 100.0 100.0 100.0 0.0 100.0 0.400 0.000 0.600 0.000 
21.9 40.533810 -3.453727 85.7 100.0 100.0 100.0 100.0 100.0 0.0 100.0 0.400 0.000 0.600 0.000 85.7 100.0 100.0 100.0 100.0 100.0 0.0 100.0 0.400 0.000 0.600 0.000 
22.9 40.533813 -3.454148 85.7 100.0 100.0 100.0 100.0 100.0 0.0 100.0 0.400 0.000 0.600 0.000 85.7 100.0 100.0 100.0 100.0 100.0 0.0 100.0 0.400 0.000 0.600 0.000 
23.9 40.533806 -3.454569 85.7 100.0 100.0 100.0 100.0 100.0 0.0 100.0 0.400 0.000 0.600 0.000 85.7 100.0 100.0 100.0 100.0 100.0 0.0 100.0 0.400 0.000 0.600 0.000 
24.9 40.533802 -3.454997 85.7 100.0 100.0 100.0 100.0 100.0 0.0 100.0 0.400 0.000 0.600 0.000 85.7 100.0 100.0 100.0 100.0 100.0 0.0 100.0 0.400 0.000 0.600 0.000 
25.8 40.533798 -3.455438 85.7 100.0 100.0 100.0 100.0 100.0 0.0 100.0 0.400 0.000 0.600 0.000 85.7 100.0 100.0 100.0 100.0 100.0 0.0 100.0 0.400 0.000 0.600 0.000 
26.9 40.533791 -3.455867 85.7 100.0 100.0 100.0 100.0 100.0 0.0 100.0 0.400 0.000 0.600 0.000 85.7 100.0 100.0 100.0 100.0 100.0 0.0 100.0 0.400 0.000 0.600 0.000 
27.9 40.533794 -3.456295 85.7 100.0 100.0 100.0 100.0 100.0 0.0 100.0 0.400 0.000 0.600 0.000 85.7 100.0 100.0 100.0 100.0 100.0 0.0 100.0 0.400 0.000 0.600 0.000 
28.9 40.533794 -3.456728 85.7 100.0 100.0 100.0 100.0 100.0 0.0 100.0 0.400 0.000 0.600 0.000 85.7 100.0 100.0 100.0 100.0 100.0 0.0 100.0 0.400 0.000 0.600 0.000 
29.9 40.533794 -3.457166 85.7 100.0 100.0 100.0 100.0 100.0 0.0 100.0 0.400 0.000 0.600 0.000 85.7 100.0 100.0 100.0 100.0 100.0 0.0 100.0 0.400 0.000 0.600 0.000 
30.9 40.533794 -3.457602 85.7 100.0 100.0 100.0 100.0 100.0 0.0 100.0 0.400 0.000 0.600 0.000 85.7 100.0 100.0 100.0 100.0 100.0 0.0 100.0 0.400 0.000 0.600 0.000 
31.9 40.533787 -3.458035 85.7 100.0 100.0 100.0 100.0 100.0 0.0 100.0 0.400 0.000 0.600 0.000 85.7 100.0 100.0 100.0 100.0 100.0 0.0 100.0 0.400 0.000 0.600 0.000 
32.9 40.533779 -3.458479 85.7 100.0 100.0 100.0 100.0 100.0 0.0 100.0 0.400 0.000 0.600 0.000 85.7 100.0 100.0 100.0 100.0 100.0 0.0 100.0 0.400 0.000 0.600 0.000 
33.9 40.533775 -3.458918 85.7 100.0 100.0 100.0 100.0 100.0 0.0 100.0 0.400 0.000 0.600 0.000 85.7 100.0 100.0 100.0 100.0 100.0 0.0 100.0 0.400 0.000 0.600 0.000 
34.8 40.533783 -3.459353 85.7 100.0 100.0 100.0 100.0 100.0 0.0 100.0 0.400 0.000 0.600 0.000 85.7 100.0 100.0 100.0 100.0 100.0 0.0 100.0 0.400 0.000 0.600 0.000 
35.9 40.533783 -3.459788 85.7 100.0 100.0 100.0 100.0 100.0 0.0 100.0 0.400 0.000 0.600 0.000 85.7 100.0 100.0 100.0 100.0 100.0 0.0 100.0 0.400 0.000 0.600 0.000 
36.9 40.533787 -3.460207 85.7 100.0 100.0 100.0 100.0 100.0 0.0 100.0 0.400 0.000 0.600 0.000 85.7 100.0 100.0 100.0 100.0 100.0 0.0 100.0 0.400 0.000 0.600 0.000 
37.9 40.533783 -3.460629 85.7 100.0 100.0 100.0 100.0 100.0 0.0 100.0 0.400 0.000 0.600 0.000 85.7 100.0 100.0 100.0 100.0 100.0 0.0 100.0 0.400 0.000 0.600 0.000 
38.9 40.533783 -3.461059 85.7 100.0 100.0 100.0 100.0 100.0 0.0 100.0 0.400 0.000 0.600 0.000 85.7 100.0 100.0 100.0 100.0 100.0 0.0 100.0 0.400 0.000 0.600 0.000 
39.8 40.533783 -3.461466 85.7 100.0 100.0 100.0 100.0 100.0 0.0 100.0 0.400 0.000 0.600 0.000 85.7 100.0 100.0 100.0 100.0 100.0 0.0 100.0 0.400 0.000 0.600 0.000 
40.9 40.533779 -3.461873 85.7 100.0 100.0 100.0 100.0 100.0 0.0 100.0 0.400 0.000 0.600 0.000 85.7 100.0 100.0 100.0 100.0 100.0 0.0 100.0 0.400 0.000 0.600 0.000 
41.9 40.533791 -3.462297 85.7 100.0 100.0 100.0 100.0 100.0 0.0 100.0 0.400 0.000 0.600 0.000 85.7 100.0 100.0 100.0 100.0 100.0 0.0 100.0 0.400 0.000 0.600 0.000 
42.9 40.533791 -3.462692 85.7 100.0 100.0 100.0 100.0 100.0 0.0 100.0 0.400 0.000 0.600 0.000 85.7 100.0 100.0 100.0 100.0 100.0 0.0 100.0 0.400 0.000 0.600 0.000 
43.8 40.533787 -3.463108 85.7 100.0 100.0 100.0 100.0 100.0 0.0 100.0 0.400 0.000 0.600 0.000 85.7 100.0 100.0 100.0 100.0 100.0 0.0 100.0 0.400 0.000 0.600 0.000 
44.9 40.533787 -3.463537 85.7 100.0 100.0 100.0 100.0 100.0 0.0 100.0 0.400 0.000 0.600 0.000 85.7 100.0 100.0 100.0 100.0 100.0 0.0 100.0 0.400 0.000 0.600 0.000 
45.9 40.533783 -3.463950 85.7 100.0 100.0 100.0 100.0 100.0 0.0 100.0 0.400 0.000 0.600 0.000 85.7 100.0 100.0 100.0 100.0 100.0 0.0 100.0 0.400 0.000 0.600 0.000 
46.9 40.533779 -3.464360 85.7 100.0 100.0 100.0 100.0 100.0 0.0 100.0 0.400 0.000 0.600 0.000 85.7 100.0 100.0 100.0 100.0 100.0 0.0 100.0 0.400 0.000 0.600 0.000 
47.9 40.533783 -3.464776 77.1 100.0 100.0 39.6 100.0 100.0 0.0 100.0 0.399 0.000 0.601 0.000 77.1 100.0 100.0 39.6 100.0 100.0 0.0 100.0 0.399 0.000 0.601 0.000 
48.9 40.533791 -3.465198 77.3 100.0 100.0 41.3 100.0 100.0 0.0 100.0 0.399 0.000 0.601 0.000 77.3 100.0 100.0 41.3 100.0 100.0 0.0 100.0 0.399 0.000 0.601 0.000 
49.9 40.533813 -3.465623 77.5 100.0 100.0 42.9 100.0 99.8 0.0 100.0 0.398 0.001 0.601 0.000 77.4 100.0 100.0 42.9 100.0 99.0 0.0 100.0 0.393 0.006 0.601 0.000 
50.9 40.533855 -3.466043 77.7 100.0 100.0 44.5 100.0 99.4 0.0 100.0 0.396 0.004 0.601 0.000 77.2 100.0 100.0 44.5 100.0 96.1 0.0 100.0 0.376 0.023 0.601 0.000 
51.9 40.533916 -3.466446 77.8 100.0 100.0 45.9 100.0 98.6 0.0 100.0 0.391 0.008 0.601 0.000 77.1 100.0 100.0 45.9 100.0 93.5 0.0 100.0 0.361 0.039 0.601 0.000 
52.9 40.534008 -3.466861 77.9 100.0 100.0 47.3 100.0 97.9 0.0 100.0 0.387 0.013 0.601 0.000 76.9 100.0 100.0 47.3 100.0 91.0 0.0 100.0 0.345 0.054 0.601 0.000 
53.9 40.534122 -3.467270 77.9 100.0 100.0 48.6 100.0 96.9 0.0 100.0 0.381 0.019 0.601 0.000 76.7 100.0 100.0 48.6 100.0 88.5 0.0 100.0 0.331 0.069 0.601 0.000 
54.9 40.534260 -3.467676 78.0 100.0 100.0 50.0 100.0 95.9 0.0 100.0 0.375 0.024 0.601 0.000 76.6 100.0 100.0 50.0 100.0 86.6 0.0 100.0 0.319 0.081 0.601 0.000 
55.9 40.534428 -3.468055 78.0 100.0 100.0 51.2 100.0 94.9 0.0 100.0 0.369 0.030 0.600 0.000 76.5 100.0 100.0 51.2 100.0 84.4 0.0 100.0 0.306 0.094 0.600 0.000 
56.9 40.534615 -3.468427 78.0 100.0 100.0 52.4 100.0 93.9 0.0 100.0 0.363 0.037 0.600 0.000 76.4 100.0 100.0 52.4 100.0 82.6 0.0 100.0 0.295 0.104 0.600 0.000 
57.9 40.534824 -3.468770 78.1 100.0 100.0 53.5 100.0 93.0 0.0 100.0 0.358 0.042 0.600 0.000 76.6 100.0 100.0 53.5 100.0 82.4 0.0 100.0 0.294 0.106 0.600 0.000 
58.9 40.535053 -3.469104 78.1 100.0 100.0 54.6 100.0 92.3 0.0 100.0 0.353 0.046 0.600 0.000 76.8 100.0 100.0 54.6 100.0 82.9 0.0 100.0 0.297 0.103 0.600 0.000 
59.9 40.535297 -3.469406 78.2 100.0 100.0 55.6 100.0 91.6 0.0 100.0 0.349 0.050 0.600 0.000 77.0 100.0 100.0 55.6 100.0 83.2 0.0 100.0 0.299 0.101 0.600 0.000 
60.9 40.535557 -3.469678 63.9 100.0 0.0 56.6 100.0 91.1 0.0 100.0 0.341 0.058 0.600 1.000 62.9 100.0 0.0 56.6 100.0 83.6 0.0 100.0 0.296 0.103 0.600 1.000 
61.9 40.535820 -3.469919 64.0 100.0 0.0 57.5 100.0 90.6 0.0 100.0 0.338 0.061 0.600 1.000 63.1 100.0 0.0 57.5 100.0 83.9 0.0 100.0 0.298 0.101 0.600 1.000 
62.9 40.536060 -3.470109 64.1 100.0 0.0 58.2 100.0 90.2 0.0 100.0 0.336 0.064 0.600 1.000 63.2 100.0 0.0 58.2 100.0 84.3 0.0 100.0 0.301 0.099 0.600 1.000 
63.9 40.536301 -3.470268 64.1 100.0 0.0 58.9 100.0 89.8 0.0 100.0 0.334 0.066 0.600 1.000 63.3 100.0 0.0 58.9 100.0 84.5 0.0 100.0 0.302 0.097 0.600 1.000 
64.9 40.536537 -3.470414 64.1 100.0 0.0 59.5 100.0 89.4 0.0 100.0 0.332 0.068 0.600 0.000 63.5 100.0 0.0 59.5 100.0 84.8 0.0 100.0 0.304 0.096 0.600 0.000 
65.9 40.536777 -3.470527 64.2 100.0 0.0 60.2 100.0 89.1 0.0 100.0 0.330 0.070 0.600 1.000 63.6 100.0 0.0 60.2 100.0 85.1 0.0 100.0 0.306 0.094 0.600 1.000 
66.9 40.537018 -3.470632 64.2 100.0 0.0 60.8 100.0 88.9 0.0 100.0 0.329 0.071 0.600 1.000 63.7 100.0 0.0 60.8 100.0 85.4 0.0 100.0 0.308 0.092 0.600 1.000 
67.9 40.537254 -3.470723 64.3 100.0 0.0 61.3 100.0 88.6 0.0 100.0 0.327 0.073 0.600 1.000 63.9 100.0 0.0 61.3 100.0 85.7 0.0 100.0 0.310 0.090 0.600 1.000 
68.9 40.537502 -3.470801 64.3 100.0 0.0 61.9 100.0 88.4 0.0 100.0 0.326 0.074 0.600 1.000 64.0 100.0 0.0 61.9 100.0 86.0 0.0 100.0 0.311 0.088 0.600 1.000 
69.9 40.537739 -3.470886 64.4 100.0 0.0 62.4 100.0 88.2 0.0 100.0 0.325 0.075 0.600 1.000 64.1 100.0 0.0 62.4 100.0 86.2 0.0 100.0 0.313 0.087 0.600 1.000 
70.9 40.537987 -3.470969 64.4 100.0 0.0 63.0 100.0 88.0 0.0 100.0 0.324 0.076 0.600 0.000 64.2 100.0 0.0 63.0 100.0 86.5 0.0 100.0 0.314 0.085 0.600 0.000 
71.9 40.538216 -3.471039 64.5 100.0 0.0 63.4 100.0 87.9 0.0 100.0 0.323 0.077 0.600 1.000 64.3 100.0 0.0 63.4 100.0 86.7 0.0 100.0 0.316 0.084 0.600 1.000 
72.9 40.538448 -3.471115 64.5 100.0 0.0 63.9 100.0 87.7 0.0 100.0 0.322 0.078 0.600 1.000 64.4 100.0 0.0 63.9 100.0 86.9 0.0 100.0 0.317 0.082 0.600 1.000 
73.9 40.538677 -3.471193 64.6 100.0 0.0 64.4 100.0 87.6 0.0 100.0 0.321 0.078 0.600 1.000 64.5 100.0 0.0 64.4 100.0 87.1 0.0 100.0 0.318 0.081 0.600 1.000 
74.9 40.538891 -3.471255 64.6 100.0 0.0 64.8 100.0 87.5 0.0 100.0 0.321 0.079 0.600 1.000 64.6 100.0 0.0 64.8 100.0 87.1 0.0 100.0 0.318 0.081 0.600 1.000 
75.9 40.539112 -3.471323 64.7 100.0 0.0 65.2 100.0 87.4 0.0 100.0 0.320 0.080 0.600 1.000 64.5 100.0 0.0 64.6 100.0 87.1 0.0 100.0 0.318 0.081 0.600 1.000 
76.9 40.539337 -3.471394 64.7 100.0 0.0 65.6 100.0 87.3 0.0 100.0 0.319 0.080 0.600 1.000 64.5 100.0 0.0 64.4 100.0 87.1 0.0 100.0 0.318 0.082 0.600 1.000 
77.9 40.539543 -3.471441 64.7 100.0 0.0 66.0 100.0 87.2 0.0 100.0 0.319 0.081 0.600 1.000 64.5 100.0 0.0 64.2 100.0 87.1 0.0 100.0 0.318 0.081 0.600 1.000 
78.9 40.539761 -3.471500 64.8 100.0 0.0 66.4 100.0 87.1 0.0 100.0 0.318 0.081 0.600 1.000 64.4 100.0 0.0 64.0 100.0 87.1 0.0 100.0 0.318 0.081 0.600 1.000 
79.8 40.539978 -3.471579 64.8 100.0 0.0 66.7 100.0 87.0 0.0 100.0 0.318 0.082 0.600 1.000 64.3 100.0 0.0 63.2 100.0 87.1 0.0 100.0 0.318 0.081 0.600 1.000 
80.9 40.540215 -3.471653 64.9 100.0 0.0 67.1 100.0 86.9 0.0 100.0 0.317 0.082 0.600 1.000 64.4 100.0 0.0 63.7 100.0 87.2 0.0 100.0 0.319 0.081 0.600 1.000 
81.9 40.540436 -3.471728 64.9 100.0 0.0 67.5 100.0 86.8 0.0 100.0 0.317 0.083 0.600 1.000 64.4 100.0 0.0 63.6 100.0 87.2 0.0 100.0 0.319 0.081 0.600 1.000 
82.9 40.540672 -3.471800 64.9 100.0 0.0 67.9 100.0 86.7 0.0 100.0 0.316 0.083 0.600 1.000 64.4 100.0 0.0 63.4 100.0 87.2 0.0 100.0 0.319 0.081 0.600 1.000 
83.9 40.540913 -3.471876 65.0 100.0 0.0 68.3 100.0 86.6 0.0 100.0 0.316 0.084 0.600 0.000 64.3 100.0 0.0 62.6 100.0 87.2 0.0 100.0 0.319 0.081 0.600 0.000 
84.9 40.541149 -3.471953 65.0 100.0 0.0 68.6 100.0 86.6 0.0 100.0 0.316 0.084 0.600 0.000 64.3 100.0 0.0 63.1 100.0 87.3 0.0 100.0 0.319 0.080 0.600 0.000 
85.9 40.541389 -3.472035 65.1 100.0 0.0 69.0 100.0 86.5 0.0 100.0 0.315 0.084 0.600 1.000 64.2 100.0 0.0 62.2 100.0 87.3 0.0 100.0 0.319 0.080 0.600 1.000 
86.9 40.541630 -3.472122 65.1 100.0 0.0 69.3 100.0 86.4 0.0 100.0 0.315 0.085 0.600 1.000 64.3 100.0 0.0 62.7 100.0 87.3 0.0 100.0 0.320 0.080 0.600 1.000 
87.8 40.541862 -3.472208 65.1 100.0 0.0 69.7 100.0 86.4 0.0 100.0 0.315 0.085 0.600 1.000 64.2 100.0 0.0 61.9 100.0 87.3 0.0 100.0 0.319 0.080 0.600 1.000 
88.9 40.542091 -3.472286 65.2 100.0 0.0 70.0 100.0 86.3 0.0 100.0 0.314 0.085 0.600 1.000 64.1 100.0 0.0 61.7 100.0 87.3 0.0 100.0 0.319 0.080 0.600 1.000 
89.9 40.542320 -3.472357 65.2 100.0 0.0 70.3 100.0 86.2 0.0 100.0 0.314 0.086 0.600 0.000 64.1 100.0 0.0 61.4 100.0 87.3 0.0 100.0 0.319 0.080 0.600 0.000 
90.9 40.542553 -3.472438 65.3 100.0 0.0 70.6 100.0 86.2 0.0 100.0 0.314 0.086 0.600 1.000 64.1 100.0 0.0 61.2 100.0 87.3 0.0 100.0 0.319 0.080 0.600 1.000 
91.9 40.542786 -3.472517 65.3 100.0 0.0 70.9 100.0 86.1 0.0 100.0 0.313 0.086 0.600 1.000 64.2 100.0 0.0 61.8 100.0 87.3 0.0 100.0 0.319 0.080 0.600 1.000 
92.8 40.543003 -3.472597 65.3 100.0 0.0 71.2 100.0 86.1 0.0 100.0 0.313 0.087 0.600 0.000 64.1 100.0 0.0 61.5 100.0 87.3 0.0 100.0 0.319 0.080 0.600 0.000 
93.9 40.543224 -3.472666 65.4 100.0 0.0 71.5 100.0 86.0 0.0 100.0 0.313 0.087 0.600 1.000 64.0 100.0 0.0 60.5 100.0 87.3 0.0 100.0 0.319 0.080 0.600 1.000 
94.9 40.543449 -3.472743 65.4 100.0 0.0 71.8 100.0 86.0 0.0 100.0 0.313 0.087 0.600 1.000 63.9 100.0 0.0 60.3 100.0 87.3 0.0 100.0 0.319 0.081 0.600 1.000 
95.9 40.543690 -3.472806 65.4 100.0 0.0 72.1 100.0 85.9 0.0 100.0 0.312 0.087 0.600 1.000 63.9 100.0 0.0 60.1 100.0 87.2 0.0 100.0 0.319 0.081 0.600 1.000 
96.9 40.543896 -3.472874 65.5 100.0 0.0 72.3 100.0 85.9 0.0 100.0 0.312 0.088 0.600 1.000 63.9 100.0 0.0 60.6 100.0 86.6 0.0 100.0 0.315 0.084 0.600 1.000 
97.9 40.544094 -3.472950 65.5 100.0 0.0 72.6 100.0 85.8 0.0 100.0 0.311 0.088 0.600 0.000 63.6 100.0 0.0 60.3 100.0 84.8 0.0 100.0 0.304 0.096 0.600 0.000 
98.9 40.544300 -3.473019 65.5 100.0 0.0 72.8 100.0 85.6 0.0 100.0 0.310 0.089 0.600 0.000 63.2 100.0 0.0 59.3 100.0 83.0 0.0 100.0 0.293 0.107 0.600 0.000 
99.9 40.544495 -3.473082 65.5 100.0 0.0 73.0 100.0 85.4 0.0 100.0 0.309 0.090 0.600 0.000 63.0 100.0 0.0 59.7 100.0 81.3 0.0 100.0 0.283 0.116 0.600 0.000 
100.9 40.544704 -3.473154 65.5 100.0 0.0 73.2 100.0 85.2 0.0 100.0 0.308 0.092 0.600 0.000 62.8 100.0 0.0 59.5 100.0 80.2 0.0 100.0 0.276 0.123 0.600 0.000 
101.9 40.544922 -3.473215 65.5 100.0 0.0 73.5 100.0 85.0 0.0 100.0 0.307 0.093 0.600 1.000 62.6 100.0 0.0 58.5 100.0 79.7 0.0 100.0 0.273 0.127 0.600 1.000 
102.9 40.545128 -3.473288 65.5 100.0 0.0 73.7 100.0 84.8 0.0 100.0 0.305 0.094 0.600 1.000 62.5 100.0 0.0 58.2 100.0 79.1 0.0 100.0 0.269 0.130 0.600 1.000 
103.9 40.545330 -3.473362 65.5 100.0 0.0 73.9 100.0 84.5 0.0 100.0 0.304 0.096 0.600 1.000 62.6 100.0 0.0 58.8 100.0 79.1 0.0 100.0 0.270 0.130 0.600 1.000 
104.9 40.545536 -3.473440 65.5 100.0 0.0 74.1 100.0 84.3 0.0 100.0 0.303 0.097 0.600 0.000 62.4 100.0 0.0 57.7 100.0 79.1 0.0 100.0 0.270 0.130 0.600 0.000 
105.9 40.545750 -3.473509 65.5 100.0 0.0 74.4 100.0 84.1 0.0 100.0 0.302 0.098 0.600 1.000 62.5 100.0 0.0 58.2 100.0 79.1 0.0 100.0 0.270 0.130 0.600 1.000 
106.9 40.545956 -3.473596 65.5 100.0 0.0 74.6 100.0 83.9 0.0 100.0 0.301 0.099 0.600 1.000 62.4 100.0 0.0 58.0 100.0 78.6 0.0 100.0 0.266 0.133 0.600 1.000 
107.9 40.546173 -3.473670 65.5 100.0 0.0 74.8 100.0 83.7 0.0 100.0 0.299 0.101 0.600 1.000 68.3 100.0 0.0 100.0 100.0 78.1 0.0 100.0 0.264 0.136 0.600 1.000 
108.8 40.546375 -3.473740 65.5 100.0 0.0 75.0 100.0 83.5 0.0 100.0 0.298 0.102 0.600 1.000 68.3 100.0 0.0 100.0 100.0 78.1 0.0 100.0 0.264 0.136 0.600 1.000 
109.9 40.546581 -3.473810 65.5 100.0 0.0 75.2 100.0 83.3 0.0 100.0 0.297 0.103 0.600 1.000 68.4 100.0 0.0 100.0 100.0 78.8 0.0 100.0 0.268 0.132 0.600 1.000 
110.9 40.546799 -3.473889 65.5 100.0 0.0 75.4 100.0 83.2 0.0 100.0 0.296 0.104 0.600 1.000 68.6 100.0 0.0 100.0 100.0 80.5 0.0 100.0 0.278 0.122 0.600 1.000 
111.9 40.547005 -3.473977 65.5 100.0 0.0 75.6 100.0 83.1 0.0 100.0 0.296 0.104 0.600 1.000 68.9 100.0 0.0 100.0 100.0 82.1 0.0 100.0 0.288 0.112 0.600 1.000 
112.9 40.547215 -3.474041 65.5 100.0 0.0 75.8 100.0 83.0 0.0 100.0 0.295 0.105 0.600 1.000 69.1 100.0 0.0 100.0 100.0 83.8 0.0 100.0 0.298 0.102 0.600 1.000 
113.9 40.547432 -3.474125 65.6 100.0 0.0 76.0 100.0 83.0 0.0 100.0 0.295 0.105 0.600 1.000 69.4 100.0 0.0 100.0 100.0 85.6 0.0 100.0 0.309 0.091 0.600 1.000 
114.9 40.547634 -3.474225 65.6 100.0 0.0 76.2 100.0 83.0 0.0 100.0 0.295 0.105 0.600 1.000 69.6 100.0 0.0 100.0 100.0 87.1 0.0 100.0 0.317 0.083 0.600 1.000 
115.9 40.547836 -3.474323 65.6 100.0 0.0 76.3 100.0 83.0 0.0 100.0 0.295 0.105 0.600 1.000 69.8 100.0 0.0 100.0 100.0 88.8 0.0 100.0 0.328 0.072 0.600 1.000 
116.9 40.548038 -3.474429 65.7 100.0 0.0 76.5 100.0 83.0 0.0 100.0 0.295 0.104 0.600 1.000 73.6 100.0 0.0 100.0 100.0 90.3 25.0 100.0 0.487 0.063 0.450 1.000 
117.8 40.548237 -3.474525 65.7 100.0 0.0 76.7 100.0 83.1 0.0 100.0 0.296 0.104 0.600 1.000 73.9 100.0 0.0 100.0 100.0 90.7 26.4 100.0 0.498 0.061 0.442 1.000 
118.9 40.548439 -3.474647 65.7 100.0 0.0 76.9 100.0 83.1 0.0 100.0 0.296 0.104 0.600 1.000 80.3 100.0 0.0 100.0 100.0 90.7 71.2 100.0 0.766 0.061 0.173 1.000 
119.9 40.548634 -3.474763 65.7 100.0 0.0 77.0 100.0 83.1 0.0 100.0 0.296 0.104 0.600 1.000 80.3 100.0 0.0 100.0 100.0 90.7 71.7 100.0 0.769 0.061 0.170 1.000 
120.9 40.548824 -3.474888 65.8 100.0 0.0 77.2 100.0 83.2 0.0 100.0 0.296 0.103 0.600 0.000 96.8 100.0 100.0 100.0 100.0 90.7 86.8 100.0 0.865 0.056 0.079 0.000 
121.8 40.549011 -3.475016 65.8 100.0 0.0 77.4 100.0 83.2 0.0 100.0 0.297 0.103 0.600 0.000 96.8 100.0 100.0 100.0 100.0 90.7 87.0 100.0 0.867 0.056 0.078 0.000 
122.9 40.549194 -3.475149 65.8 100.0 0.0 77.5 100.0 83.3 0.0 100.0 0.297 0.103 0.600 0.000 97.3 100.0 100.0 100.0 100.0 90.7 90.7 100.0 0.889 0.056 0.056 0.000 
123.9 40.549370 -3.475286 65.9 100.0 0.0 77.7 100.0 83.3 0.0 100.0 0.297 0.103 0.600 0.000 97.5 100.0 100.0 100.0 100.0 89.7 92.6 100.0 0.894 0.062 0.044 0.000 
124.9 40.549549 -3.475419 65.9 100.0 0.0 77.8 100.0 83.3 0.0 100.0 0.297 0.103 0.600 0.000 97.3 100.0 100.0 100.0 100.0 88.4 92.7 100.0 0.887 0.070 0.044 0.000 
125.9 40.549732 -3.475555 65.9 100.0 0.0 78.0 100.0 83.3 0.0 100.0 0.297 0.103 0.600 0.000 97.1 100.0 100.0 100.0 100.0 86.8 92.9 100.0 0.878 0.079 0.043 0.000 
126.9 40.549911 -3.475699 65.9 100.0 0.0 78.1 100.0 83.3 0.0 100.0 0.297 0.103 0.600 0.000 96.9 100.0 100.0 100.0 100.0 85.3 93.0 100.0 0.870 0.088 0.042 0.000 
127.9 40.550091 -3.475845 65.9 100.0 0.0 78.3 100.0 83.2 0.0 100.0 0.297 0.103 0.600 0.000 96.7 100.0 100.0 100.0 100.0 83.7 93.1 100.0 0.861 0.098 0.041 0.000 
128.8 40.550270 -3.475996 65.9 100.0 0.0 78.4 100.0 83.1 0.0 100.0 0.296 0.104 0.600 0.000 96.5 100.0 100.0 100.0 100.0 82.0 93.2 100.0 0.851 0.108 0.041 0.000 
129.9 40.550438 -3.476142 65.9 100.0 0.0 78.6 100.0 83.0 0.0 100.0 0.296 0.104 0.600 0.000 96.3 100.0 100.0 100.0 100.0 80.5 93.3 100.0 0.843 0.117 0.040 0.000 
130.9 40.550617 -3.476302 65.9 100.0 0.0 78.7 100.0 82.9 0.0 99.7 0.294 0.105 0.601 0.000 95.9 100.0 100.0 100.0 100.0 78.9 93.7 98.8 0.832 0.126 0.042 0.000 
131.9 40.550797 -3.476461 65.6 100.0 0.0 78.9 100.0 82.7 0.0 97.9 0.288 0.106 0.606 0.000 95.3 100.0 100.0 100.0 100.0 77.4 94.0 95.8 0.816 0.135 0.049 0.000 
132.9 40.550968 -3.476623 65.5 100.0 0.0 79.0 100.0 82.5 0.0 96.7 0.283 0.107 0.610 0.000 94.8 100.0 100.0 100.0 100.0 75.8 94.1 93.4 0.798 0.145 0.057 0.000 
133.9 40.551140 -3.476782 65.3 100.0 0.0 79.2 100.0 82.3 0.0 95.6 0.278 0.109 0.613 0.000 94.2 100.0 100.0 100.0 100.0 74.2 94.4 91.0 0.774 0.155 0.071 0.000 
134.9 40.551311 -3.476952 65.1 100.0 0.0 79.3 100.0 82.0 0.0 94.2 0.272 0.110 0.618 0.000 93.7 100.0 100.0 100.0 100.0 72.8 95.0 88.0 0.749 0.163 0.087 0.000 
135.9 40.551468 -3.477120 64.8 100.0 0.0 79.4 100.0 81.7 0.0 92.7 0.266 0.112 0.622 0.000 93.1 100.0 100.0 100.0 100.0 71.4 95.3 84.8 0.724 0.171 0.105 0.000 
136.9 40.551617 -3.477291 64.8 100.0 0.0 79.5 100.0 81.4 0.0 92.8 0.265 0.114 0.622 0.000 93.1 100.0 100.0 100.0 100.0 71.5 95.7 84.8 0.725 0.171 0.104 0.000 
137.9 40.551769 -3.477464 64.5 100.0 0.0 79.7 100.0 81.2 0.0 90.5 0.256 0.115 0.628 0.000 92.5 100.0 100.0 100.0 100.0 71.4 96.0 79.9 0.696 0.171 0.133 0.000 
138.9 40.551914 -3.477634 64.2 100.0 0.0 79.8 100.0 80.9 0.0 88.9 0.250 0.117 0.633 0.000 91.9 100.0 100.0 100.0 100.0 70.6 96.3 76.1 0.670 0.176 0.154 0.000 
139.9 40.552055 -3.477815 63.8 100.0 0.0 79.9 100.0 80.5 0.0 86.1 0.239 0.119 0.642 0.000 90.7 100.0 100.0 100.0 100.0 68.9 96.4 69.9 0.622 0.187 0.191 0.000 
140.9 40.552193 -3.477994 63.4 100.0 0.0 80.0 100.0 80.2 0.0 83.7 0.230 0.121 0.649 0.000 89.8 100.0 100.0 100.0 100.0 67.7 96.7 64.2 0.582 0.194 0.225 0.000 
141.8 40.552334 -3.478173 63.1 100.0 0.0 80.1 100.0 79.9 0.0 81.6 0.222 0.123 0.655 0.000 89.1 100.0 100.0 100.0 100.0 67.7 97.3 59.0 0.552 0.194 0.254 0.000 
142.9 40.552464 -3.478348 62.7 100.0 0.0 80.3 100.0 79.5 0.0 78.9 0.212 0.125 0.663 0.000 88.3 100.0 100.0 100.0 100.0 67.6 97.7 52.6 0.515 0.194 0.291 0.000 
143.9 40.552597 -3.478531 62.2 100.0 0.0 80.4 100.0 79.2 0.0 75.8 0.201 0.127 0.673 0.000 87.2 100.0 100.0 100.0 100.0 67.3 98.0 45.2 0.469 0.196 0.335 0.000 
144.9 40.552727 -3.478714 61.9 100.0 0.0 80.5 100.0 78.9 0.0 73.7 0.192 0.129 0.679 0.000 86.7 100.0 100.0 100.0 100.0 67.0 99.7 40.2 0.442 0.198 0.360 0.000 
145.9 40.552856 -3.478909 61.5 100.0 0.0 80.6 100.0 78.6 0.0 71.2 0.183 0.131 0.686 0.000 85.5 100.0 100.0 100.0 100.0 65.2 99.7 33.7 0.393 0.209 0.399 0.000 
146.9 40.552975 -3.479110 61.2 100.0 0.0 80.7 100.0 78.2 0.0 69.2 0.174 0.133 0.692 0.000 84.5 100.0 100.0 100.0 100.0 63.4 99.7 28.3 0.349 0.220 0.431 0.000 
147.9 40.553093 -3.479300 60.9 100.0 0.0 80.8 100.0 77.8 0.0 67.8 0.168 0.136 0.697 0.000 83.7 100.0 100.0 100.0 100.0 61.7 99.7 24.3 0.315 0.230 0.455 0.000 
148.9 40.553207 -3.479492 60.7 100.0 0.0 80.9 100.0 77.3 0.0 66.4 0.161 0.138 0.701 0.000 82.9 100.0 100.0 100.0 100.0 60.3 99.7 20.3 0.282 0.238 0.479 0.000 
149.9 40.553322 -3.479680 60.5 100.0 0.0 81.0 100.0 76.9 0.0 65.5 0.156 0.141 0.704 0.000 82.4 100.0 100.0 100.0 100.0 59.4 99.7 17.5 0.260 0.244 0.496 0.000 
150.9 40.553432 -3.479876 60.5 100.0 0.0 81.1 100.0 76.4 0.0 65.8 0.154 0.143 0.703 0.000 82.3 100.0 100.0 100.0 100.0 59.4 99.7 16.9 0.257 0.244 0.499 0.000 
151.9 40.553543 -3.480073 60.5 100.0 0.0 81.2 100.0 76.0 0.0 66.0 0.152 0.146 0.702 0.000 82.2 100.0 100.0 100.0 100.0 59.2 99.7 16.7 0.254 0.245 0.501 0.000 
152.9 40.553654 -3.480275 60.4 100.0 0.0 81.3 100.0 75.6 0.0 66.2 0.150 0.148 0.701 0.000 82.2 100.0 100.0 100.0 100.0 59.2 99.7 16.4 0.252 0.245 0.503 0.000 
153.9 40.553764 -3.480490 60.4 100.0 0.0 81.4 100.0 75.2 0.0 66.4 0.149 0.151 0.701 0.000 82.1 100.0 100.0 100.0 100.0 59.2 99.7 15.9 0.249 0.245 0.506 0.000 
154.9 40.553883 -3.480706 60.4 100.0 0.0 81.5 100.0 74.9 0.0 66.6 0.147 0.153 0.700 0.000 82.0 100.0 100.0 100.0 100.0 59.2 99.7 15.3 0.246 0.245 0.509 0.000 
155.9 40.553997 -3.480927 60.4 100.0 0.0 81.6 100.0 74.5 0.0 66.5 0.144 0.155 0.700 0.000 81.9 100.0 100.0 100.0 100.0 58.7 100.0 14.4 0.238 0.248 0.514 0.000 
156.9 40.554096 -3.481144 60.3 100.0 0.0 81.7 100.0 74.1 0.0 66.2 0.141 0.157 0.701 0.000 81.6 100.0 100.0 100.0 100.0 58.8 100.0 12.5 0.228 0.247 0.525 0.000 
157.9 40.554199 -3.481367 60.3 100.0 0.0 81.8 100.0 73.8 0.0 66.4 0.140 0.159 0.701 0.000 81.8 100.0 100.0 100.0 100.0 60.6 100.0 12.2 0.237 0.237 0.527 0.000 
158.9 40.554298 -3.481587 60.3 100.0 0.0 81.9 100.0 73.5 0.0 66.6 0.139 0.161 0.700 0.000 82.1 100.0 100.0 100.0 100.0 62.5 100.0 11.9 0.247 0.225 0.528 0.000 
159.9 40.554394 -3.481799 60.3 100.0 0.0 82.0 100.0 73.3 0.0 66.8 0.138 0.162 0.700 0.000 82.3 100.0 100.0 100.0 100.0 64.2 100.0 11.9 0.257 0.215 0.528 0.000 
160.9 40.554482 -3.482023 60.3 100.0 0.0 82.1 100.0 73.1 0.0 67.0 0.137 0.164 0.699 0.000 82.4 100.0 100.0 100.0 100.0 65.4 100.0 11.3 0.260 0.208 0.532 0.000 
161.8 40.554577 -3.482258 60.2 100.0 0.0 82.2 100.0 72.9 0.0 66.7 0.135 0.165 0.700 0.000 82.2 100.0 100.0 100.0 100.0 65.9 100.0 9.4 0.252 0.205 0.544 0.000 
162.8 40.554657 -3.482489 60.2 100.0 0.0 82.3 100.0 72.7 0.0 66.1 0.133 0.166 0.702 0.000 81.9 100.0 100.0 100.0 100.0 66.5 100.0 6.8 0.240 0.201 0.559 0.000 
163.9 40.554749 -3.482736 60.0 100.0 0.0 82.4 100.0 72.5 0.0 65.3 0.129 0.167 0.704 0.000 81.3 100.0 100.0 100.0 100.0 65.7 100.0 3.4 0.215 0.206 0.580 0.000 
164.9 40.554832 -3.482974 59.9 100.0 0.0 82.5 100.0 72.3 0.0 64.8 0.126 0.168 0.706 0.000 80.8 100.0 100.0 100.0 100.0 64.5 100.0 1.4 0.195 0.213 0.592 0.000 
165.9 40.554913 -3.483223 59.8 100.0 0.0 82.6 100.0 72.1 0.0 64.2 0.123 0.169 0.707 0.000 80.4 100.0 100.0 100.0 100.0 63.0 100.0 0.0 0.178 0.222 0.600 0.000 
166.9 40.554996 -3.483469 59.8 100.0 0.0 82.6 100.0 71.8 0.0 63.9 0.121 0.171 0.708 0.000 80.3 100.0 100.0 100.0 100.0 61.9 100.0 0.0 0.171 0.229 0.600 0.000 
167.9 40.555073 -3.483725 59.6 100.0 0.0 82.7 100.0 71.6 0.0 63.2 0.117 0.172 0.711 0.000 80.1 100.0 100.0 100.0 100.0 60.5 100.0 0.0 0.163 0.237 0.600 0.000 
168.9 40.555141 -3.483974 59.5 100.0 0.0 82.8 100.0 71.3 0.0 62.4 0.113 0.174 0.713 0.000 79.8 100.0 100.0 100.0 100.0 58.7 100.0 0.0 0.152 0.248 0.600 0.000 
169.8 40.555210 -3.484228 59.5 100.0 0.0 82.9 100.0 71.0 0.0 62.6 0.112 0.176 0.712 0.000 79.6 100.0 100.0 100.0 100.0 57.3 100.0 0.0 0.144 0.256 0.600 0.000 
170.9 40.555279 -3.484487 59.5 100.0 0.0 83.0 100.0 70.7 0.0 62.9 0.111 0.178 0.711 0.000 79.6 100.0 100.0 100.0 100.0 57.3 100.0 0.0 0.144 0.256 0.600 0.000 
171.9 40.555344 -3.484746 59.5 100.0 0.0 83.1 100.0 70.4 0.0 63.0 0.110 0.179 0.711 0.000 79.6 100.0 100.0 100.0 100.0 57.5 100.0 0.0 0.145 0.255 0.600 0.000 
172.9 40.555408 -3.485020 59.5 100.0 0.0 83.2 100.0 70.1 0.0 63.3 0.109 0.181 0.710 0.000 79.6 100.0 100.0 100.0 100.0 57.1 100.0 0.0 0.142 0.258 0.600 0.000 
173.8 40.555473 -3.485291 59.5 100.0 0.0 83.3 100.0 69.8 0.0 63.4 0.107 0.183 0.710 0.000 79.3 100.0 100.0 100.0 100.0 55.3 100.0 0.0 0.132 0.268 0.600 0.000 
174.9 40.555531 -3.485558 59.5 100.0 0.0 83.4 100.0 69.5 0.0 63.6 0.106 0.185 0.709 0.000 79.1 100.0 100.0 100.0 100.0 53.8 100.0 0.0 0.123 0.277 0.600 0.000 
175.9 40.555588 -3.485834 59.5 100.0 0.0 83.5 100.0 69.1 0.0 63.8 0.104 0.187 0.709 0.000 78.9 100.0 100.0 100.0 100.0 52.3 100.0 0.0 0.114 0.286 0.600 0.000 
176.9 40.555637 -3.486119 59.5 100.0 0.0 83.6 100.0 68.7 0.0 64.0 0.102 0.189 0.708 0.000 78.7 100.0 100.0 100.0 100.0 50.6 100.0 0.0 0.104 0.296 0.600 0.000 
177.9 40.555683 -3.486418 59.4 100.0 0.0 83.6 100.0 68.3 0.0 64.2 0.101 0.192 0.708 0.000 78.4 100.0 100.0 100.0 100.0 49.1 99.7 0.0 0.094 0.305 0.601 0.000 
178.9 40.555737 -3.486719 59.4 100.0 0.0 83.7 100.0 67.9 0.0 64.4 0.099 0.194 0.707 0.000 78.2 100.0 100.0 100.0 100.0 48.0 99.3 0.0 0.086 0.312 0.602 0.000 
179.9 40.555767 -3.487010 59.4 100.0 0.0 83.8 100.0 67.5 0.0 64.5 0.097 0.197 0.706 0.000 78.0 100.0 100.0 100.0 100.0 46.9 99.0 0.0 0.078 0.319 0.603 0.000 
180.9 40.555805 -3.487306 59.4 100.0 0.0 83.9 100.0 67.0 0.0 64.7 0.094 0.200 0.706 0.000 77.7 100.0 100.0 100.0 100.0 45.0 98.6 0.0 0.066 0.330 0.604 0.000 
181.8 40.555843 -3.487608 59.4 100.0 0.0 84.0 100.0 66.5 0.0 64.9 0.092 0.203 0.705 0.000 77.4 100.0 100.0 100.0 100.0 43.4 98.3 0.0 0.055 0.340 0.605 0.000 
182.9 40.555878 -3.487896 59.3 100.0 0.0 84.1 100.0 66.0 0.0 65.1 0.090 0.205 0.705 0.000 77.2 100.0 100.0 100.0 100.0 42.7 97.9 0.0 0.050 0.344 0.606 0.000 
183.9 40.555912 -3.488202 59.3 100.0 0.0 84.2 100.0 65.6 0.0 65.3 0.088 0.208 0.704 0.000 77.3 100.0 100.0 100.0 100.0 43.4 97.6 0.0 0.053 0.340 0.607 0.000 
184.9 40.555931 -3.488505 59.2 100.0 0.0 84.3 100.0 65.2 0.0 65.3 0.085 0.211 0.704 0.000 77.2 100.0 100.0 100.0 100.0 43.3 97.2 0.0 0.052 0.340 0.608 0.000 
185.8 40.555939 -3.488806 59.1 100.0 0.0 84.3 100.0 64.7 0.0 64.6 0.080 0.213 0.706 0.000 77.2 100.0 100.0 100.0 100.0 43.3 96.9 0.0 0.051 0.340 0.609 0.000 
186.9 40.555946 -3.489112 58.9 100.0 0.0 84.4 100.0 64.3 0.0 63.9 0.076 0.216 0.708 0.000 77.1 100.0 100.0 100.0 100.0 43.2 96.6 0.0 0.049 0.341 0.610 0.000 
187.9 40.555954 -3.489429 58.8 100.0 0.0 84.5 100.0 63.9 0.0 63.1 0.071 0.218 0.711 0.000 77.0 100.0 100.0 100.0 100.0 43.1 96.2 0.0 0.047 0.341 0.611 0.000 
188.9 40.555950 -3.489743 58.7 100.0 0.0 84.6 100.0 63.5 0.0 62.5 0.067 0.221 0.713 0.000 77.1 100.0 100.0 100.0 100.0 43.4 95.9 0.0 0.048 0.339 0.612 0.000 
189.9 40.555939 -3.490058 58.6 100.0 0.0 84.7 100.0 63.1 0.0 62.6 0.065 0.223 0.712 0.000 77.0 100.0 100.0 100.0 100.0 43.3 95.6 0.0 0.047 0.340 0.613 0.000 
190.9 40.555904 -3.490344 58.6 100.0 0.0 84.8 100.0 62.8 0.0 62.4 0.062 0.225 0.713 0.000 77.1 100.0 100.0 100.0 100.0 44.6 95.2 0.0 0.053 0.332 0.614 0.000 
191.9 40.555862 -3.490623 58.6 100.0 0.0 84.8 100.0 62.4 0.0 62.6 0.061 0.227 0.712 0.000 77.3 100.0 100.0 100.0 100.0 46.4 94.9 0.0 0.063 0.322 0.615 0.000 
192.9 40.555809 -3.490925 58.6 100.0 0.0 84.9 100.0 62.2 0.0 62.8 0.060 0.229 0.712 0.000 77.5 100.0 100.0 100.0 100.0 48.1 94.5 0.0 0.072 0.311 0.617 0.000 
193.9 40.555756 -3.491230 58.5 100.0 0.0 85.0 100.0 61.9 0.0 62.9 0.058 0.230 0.711 0.000 77.5 100.0 100.0 100.0 100.0 48.1 94.1 0.0 0.071 0.311 0.618 0.000 
194.9 40.555695 -3.491527 58.5 100.0 0.0 85.1 100.0 61.6 0.0 63.1 0.057 0.232 0.711 0.000 77.4 100.0 100.0 100.0 100.0 47.9 93.8 0.0 0.069 0.313 0.619 0.000 
195.9 40.555618 -3.491827 58.5 100.0 0.0 85.2 100.0 61.3 0.0 63.3 0.056 0.234 0.710 0.000 77.3 100.0 100.0 100.0 100.0 47.7 93.6 0.0 0.067 0.314 0.619 0.000 
196.9 40.555538 -3.492124 58.5 100.0 0.0 85.2 100.0 61.0 0.0 63.5 0.055 0.236 0.710 0.000 77.0 100.0 100.0 100.0 100.0 45.6 93.2 0.0 0.053 0.326 0.620 0.000 
197.9 40.555443 -3.492414 58.5 100.0 0.0 85.3 100.0 60.7 0.0 63.7 0.053 0.237 0.709 0.000 76.7 100.0 100.0 100.0 100.0 44.0 92.8 0.0 0.042 0.336 0.622 0.000 
198.9 40.555347 -3.492705 58.5 100.0 0.0 85.4 100.0 60.4 0.0 63.8 0.052 0.239 0.709 0.000 76.6 100.0 100.0 100.0 100.0 43.1 92.4 0.4 0.038 0.342 0.621 0.000 
199.9 40.555241 -3.492994 58.5 100.0 0.0 85.5 100.0 60.0 0.0 64.0 0.051 0.241 0.708 0.000 77.3 100.0 100.0 100.0 100.0 43.1 92.1 6.1 0.071 0.342 0.587 0.000 
200.9 40.555126 -3.493276 58.5 100.0 0.3 85.5 100.0 59.7 0.0 64.2 0.049 0.243 0.708 0.000 78.1 100.0 100.0 100.0 100.0 42.5 91.7 12.6 0.106 0.345 0.549 0.000 
201.9 40.555019 -3.493542 58.6 100.0 0.7 85.6 100.0 59.4 0.0 64.4 0.048 0.245 0.707 0.000 78.9 100.0 100.0 100.0 100.0 40.9 91.5 19.9 0.139 0.355 0.506 0.000 
202.8 40.554905 -3.493812 58.6 100.0 1.1 85.7 100.0 59.0 0.0 64.1 0.045 0.247 0.708 0.000 79.4 100.0 100.0 100.0 100.0 40.4 91.2 24.2 0.161 0.357 0.481 0.000 
203.9 40.554802 -3.494082 58.6 100.0 1.5 85.8 100.0 58.7 0.0 64.1 0.043 0.249 0.708 0.000 80.5 100.0 100.0 100.0 100.0 40.6 90.8 31.9 0.208 0.356 0.436 0.000 
204.8 40.554703 -3.494351 58.6 100.0 1.8 85.8 100.0 58.4 0.0 64.3 0.041 0.251 0.707 0.000 81.5 100.0 100.0 100.0 100.0 40.7 90.5 39.1 0.250 0.356 0.394 0.000 
205.9 40.554611 -3.494631 58.7 100.0 2.2 85.9 100.0 58.1 0.0 64.4 0.040 0.253 0.707 0.000 82.7 100.0 100.0 100.0 100.0 42.4 90.2 46.4 0.303 0.345 0.351 0.000 
206.9 40.554531 -3.494910 58.7 100.0 2.5 86.0 100.0 57.8 0.0 64.6 0.039 0.255 0.706 0.000 83.6 100.0 100.0 100.0 100.0 44.2 90.0 50.9 0.341 0.335 0.325 0.000 
207.9 40.554459 -3.495197 58.7 100.0 2.9 86.0 100.0 57.6 0.0 64.7 0.038 0.256 0.706 0.000 84.4 100.0 100.0 100.0 100.0 46.1 89.8 55.1 0.376 0.323 0.300 0.000 
208.9 40.554390 -3.495491 58.7 100.0 3.3 86.1 100.0 57.4 0.0 64.4 0.036 0.257 0.707 0.000 85.0 100.0 100.0 100.0 100.0 47.7 89.3 57.8 0.401 0.314 0.285 0.000 
209.9 40.554337 -3.495790 58.7 100.0 3.6 86.2 100.0 57.2 0.0 63.6 0.032 0.259 0.709 0.000 85.1 100.0 100.0 100.0 100.0 48.4 89.0 58.4 0.408 0.310 0.283 0.000 
210.9 40.554298 -3.496084 57.9 100.0 0.0 86.2 100.0 57.0 0.0 62.0 0.026 0.260 0.714 0.000 80.4 100.0 73.9 100.0 100.0 48.6 88.9 51.6 0.368 0.309 0.324 0.000 
211.8 40.554279 -3.496376 57.8 100.0 0.0 86.3 100.0 56.8 0.0 61.5 0.024 0.261 0.715 0.000 79.9 100.0 73.5 100.0 100.0 48.1 88.3 49.3 0.349 0.311 0.340 0.000 
212.9 40.554260 -3.496668 57.7 100.0 0.0 86.4 100.0 56.6 0.0 60.8 0.020 0.262 0.718 0.000 79.1 100.0 73.6 100.0 100.0 46.5 88.0 45.4 0.315 0.321 0.364 0.000 
213.9 40.554245 -3.496964 57.6 100.0 0.0 86.4 100.0 56.3 0.0 60.2 0.017 0.263 0.720 0.000 78.4 100.0 73.6 100.0 100.0 45.6 87.7 42.2 0.290 0.327 0.384 0.000 
214.9 40.554241 -3.497259 57.4 100.0 0.0 86.5 100.0 56.1 0.0 59.5 0.014 0.265 0.721 0.000 78.0 100.0 73.7 100.0 100.0 45.5 87.7 39.3 0.271 0.327 0.402 0.000 
215.9 40.554245 -3.497551 57.3 100.0 0.0 86.5 100.0 55.9 0.0 58.8 0.010 0.266 0.724 0.000 77.7 100.0 74.2 100.0 100.0 45.8 87.9 36.3 0.256 0.325 0.419 0.000 
216.9 40.554268 -3.497849 57.3 100.0 0.0 86.6 100.0 55.7 0.0 58.8 0.009 0.267 0.724 0.000 77.7 100.0 74.3 100.0 100.0 44.5 87.9 37.0 0.253 0.333 0.414 0.000 
217.9 40.554283 -3.498143 57.3 100.0 0.0 86.7 100.0 55.5 0.0 58.9 0.008 0.269 0.723 0.000 77.6 100.0 74.4 100.0 100.0 43.8 87.9 37.0 0.249 0.337 0.414 0.000 
218.9 40.554317 -3.498432 57.3 100.0 0.0 86.7 100.0 55.2 0.0 59.1 0.007 0.270 0.723 0.000 77.5 100.0 74.4 100.0 100.0 43.7 87.5 36.8 0.245 0.338 0.417 0.000 
219.9 40.554359 -3.498726 57.3 100.0 0.0 86.8 100.0 55.0 0.0 59.2 0.006 0.271 0.722 0.000 77.4 100.0 74.5 100.0 100.0 43.6 87.2 36.8 0.244 0.338 0.418 0.000 
220.9 40.554413 -3.499020 57.3 100.0 0.0 86.8 100.0 54.8 0.0 59.4 0.005 0.273 0.722 0.000 77.4 100.0 74.6 100.0 100.0 43.6 86.9 36.6 0.241 0.339 0.420 0.000 
221.9 40.554470 -3.499309 57.3 100.0 0.0 86.9 100.0 54.6 0.0 59.6 0.005 0.274 0.721 0.000 77.5 100.0 74.2 100.0 100.0 43.5 86.7 38.1 0.249 0.339 0.412 0.000 
222.9 40.554539 -3.499594 57.3 100.0 0.0 87.0 100.0 54.3 0.0 59.7 0.004 0.275 0.721 0.000 77.7 100.0 74.3 100.0 100.0 43.5 86.7 39.8 0.259 0.339 0.402 0.000 
223.9 40.554607 -3.499874 57.0 98.2 0.0 87.0 100.0 54.1 0.0 59.9 0.003 0.277 0.721 0.000 74.6 74.3 74.3 100.0 100.0 44.2 86.7 42.8 0.282 0.335 0.384 0.000 
224.9 40.554668 -3.500155 57.0 98.2 0.0 87.1 100.0 54.0 0.0 60.0 0.002 0.278 0.720 0.000 75.1 74.4 74.4 100.0 100.0 45.4 86.7 44.8 0.301 0.328 0.372 0.000 
225.9 40.554741 -3.500434 49.6 98.2 0.1 35.0 100.0 53.8 0.0 60.2 0.001 0.279 0.720 1.000 61.4 74.9 74.9 0.0 100.0 45.5 86.9 47.8 0.317 0.329 0.353 1.000 
226.9 40.554832 -3.500701 49.7 98.3 0.4 35.3 100.0 53.6 0.0 60.3 0.000 0.280 0.719 0.000 61.5 74.5 74.5 0.0 100.0 45.4 86.7 49.3 0.325 0.330 0.345 0.000 
227.9 40.554939 -3.500963 49.8 98.3 0.8 35.6 100.0 53.4 0.0 60.5 0.000 0.281 0.719 1.000 61.8 74.5 74.5 0.0 100.0 45.9 86.3 51.5 0.340 0.327 0.332 1.000 
228.9 40.555054 -3.501216 49.9 98.4 1.1 35.8 100.0 53.3 0.0 60.6 0.000 0.282 0.718 0.000 62.6 74.6 74.6 0.0 100.0 47.8 86.0 55.1 0.372 0.316 0.312 0.000 
229.9 40.555180 -3.501457 50.0 98.4 1.4 36.1 100.0 53.1 0.0 60.8 0.000 0.283 0.718 0.000 62.9 75.1 75.1 0.0 100.0 49.1 85.9 55.1 0.380 0.308 0.312 0.000 
230.9 40.555317 -3.501709 50.1 98.4 1.7 36.4 100.0 53.0 0.0 61.0 0.000 0.284 0.717 1.000 62.7 74.7 74.7 0.0 100.0 49.2 85.3 54.9 0.378 0.307 0.315 1.000 
231.9 40.555454 -3.501960 50.2 98.5 2.1 36.7 100.0 52.9 0.0 61.1 0.000 0.285 0.717 0.000 62.6 74.7 74.7 0.0 100.0 49.2 85.0 54.9 0.376 0.308 0.316 0.000 
232.9 40.555592 -3.502221 50.3 98.5 2.4 36.9 100.0 52.8 0.0 61.2 0.000 0.285 0.716 0.000 62.9 75.3 75.3 0.0 100.0 49.7 84.9 54.9 0.379 0.305 0.316 0.000 
233.9 40.555725 -3.502479 50.4 98.5 2.7 37.2 100.0 52.7 0.0 61.4 0.000 0.286 0.716 0.000 62.9 74.8 74.8 0.0 100.0 51.4 84.3 54.9 0.388 0.294 0.318 0.000 
234.9 40.555855 -3.502747 50.5 98.6 3.1 37.5 100.0 52.6 0.0 61.6 0.000 0.287 0.715 0.000 63.1 74.9 74.9 0.0 100.0 52.9 84.0 54.7 0.395 0.285 0.320 0.000 
235.9 40.555962 -3.503023 50.6 98.6 3.4 37.8 100.0 52.5 0.0 61.7 0.000 0.287 0.715 0.000 63.4 75.4 75.4 0.0 100.0 54.2 83.9 54.7 0.402 0.277 0.320 0.000 
236.9 40.556072 -3.503295 50.7 98.6 3.7 38.0 100.0 52.4 0.0 61.9 0.000 0.287 0.715 0.000 63.4 75.5 75.5 0.0 100.0 54.3 83.6 54.9 0.403 0.277 0.320 0.000 
237.9 40.556175 -3.503580 50.8 98.7 4.0 38.3 100.0 52.3 0.0 62.0 0.000 0.288 0.714 1.000 63.1 75.0 75.0 0.0 100.0 54.0 83.3 54.7 0.399 0.279 0.322 1.000 
238.9 40.556271 -3.503869 50.7 98.7 4.4 38.6 100.0 52.3 0.0 61.1 0.000 0.288 0.717 1.000 62.4 75.0 75.0 0.0 100.0 53.3 83.3 50.0 0.367 0.283 0.350 1.000 
239.9 40.556355 -3.504168 50.8 98.8 4.7 38.8 100.0 52.2 0.0 61.0 0.000 0.289 0.717 1.000 62.2 75.0 75.0 0.0 100.0 52.5 83.3 49.2 0.357 0.288 0.355 1.000 
240.9 40.556446 -3.504445 50.5 98.8 5.0 39.1 100.0 52.1 0.0 58.7 0.000 0.289 0.724 1.000 60.6 75.0 75.0 0.0 100.0 52.7 83.3 38.4 0.294 0.287 0.420 1.000 
241.8 40.556526 -3.504757 50.5 98.8 5.3 39.3 100.0 52.0 0.0 58.2 0.000 0.290 0.726 0.000 60.4 75.6 75.6 0.0 100.0 52.6 83.3 35.4 0.275 0.287 0.438 0.000 
242.9 40.556591 -3.505066 49.7 98.9 0.0 39.6 100.0 51.9 0.0 57.6 0.000 0.291 0.727 0.000 48.9 75.6 0.0 0.0 100.0 51.6 83.3 31.8 0.245 0.296 0.460 0.000 
243.9 40.556648 -3.505372 49.7 98.9 0.0 39.9 100.0 51.8 0.0 57.1 0.000 0.292 0.729 0.000 48.2 75.7 0.0 0.0 100.0 50.3 83.3 28.5 0.217 0.303 0.480 0.000 
244.9 40.556694 -3.505671 49.6 98.9 0.0 40.1 100.0 51.7 0.0 56.6 0.000 0.292 0.730 0.000 48.0 75.7 0.0 0.0 100.0 51.9 83.3 25.1 0.206 0.294 0.500 0.000 
245.9 40.556740 -3.505982 49.6 99.0 0.0 40.4 100.0 51.7 0.0 56.0 0.000 0.293 0.732 1.000 48.2 75.7 0.0 0.0 100.0 53.2 83.3 25.6 0.217 0.286 0.497 1.000 
246.9 40.556763 -3.506270 49.5 99.0 0.0 40.6 100.0 51.6 0.0 55.6 0.000 0.293 0.733 0.000 48.2 75.1 0.0 0.0 100.0 53.2 83.7 25.6 0.218 0.286 0.496 0.000 
247.9 40.556786 -3.506563 49.6 99.0 0.0 40.8 100.0 51.5 0.0 55.8 0.000 0.293 0.733 1.000 48.9 75.6 0.0 0.0 100.0 53.2 83.9 29.2 0.241 0.286 0.474 1.000 
248.9 40.556805 -3.506849 49.6 99.0 0.0 41.0 100.0 51.4 0.0 55.9 0.000 0.294 0.732 1.000 49.2 75.1 0.0 0.0 100.0 53.0 84.3 32.3 0.259 0.287 0.454 1.000 
249.9 40.556808 -3.507142 49.7 99.1 0.0 41.3 100.0 51.4 0.0 56.1 0.000 0.294 0.732 0.000 49.2 75.0 0.0 0.0 100.0 53.0 84.7 32.0 0.258 0.287 0.454 0.000 
250.9 40.556812 -3.507435 49.7 99.1 0.0 41.5 100.0 51.3 0.0 56.2 0.000 0.295 0.731 1.000 49.4 75.5 0.0 0.0 100.0 51.5 84.9 33.6 0.260 0.296 0.444 1.000 
251.9 40.556805 -3.507737 49.8 99.1 0.0 41.7 100.0 51.2 0.0 56.4 0.000 0.295 0.731 1.000 49.2 75.5 0.0 0.0 100.0 49.7 85.2 33.6 0.250 0.307 0.443 1.000 
252.9 40.556793 -3.508037 49.8 99.2 0.0 41.9 100.0 51.1 0.0 56.5 0.000 0.296 0.731 0.000 48.9 75.6 0.0 0.0 100.0 48.0 85.2 33.3 0.238 0.317 0.445 0.000 
253.9 40.556782 -3.508333 49.9 99.2 0.0 42.2 100.0 51.0 0.0 56.7 0.000 0.297 0.730 1.000 48.8 75.5 0.0 0.0 100.0 47.9 85.2 33.1 0.236 0.318 0.446 1.000 
254.8 40.556770 -3.508628 49.9 99.2 0.0 42.4 100.0 50.9 0.0 56.8 0.000 0.297 0.730 1.000 48.9 75.5 0.0 0.0 100.0 48.3 85.2 33.1 0.238 0.315 0.446 1.000 
255.9 40.556767 -3.508951 49.9 99.3 0.0 42.6 100.0 50.8 0.0 56.9 0.000 0.298 0.729 1.000 48.8 75.5 0.0 0.0 100.0 48.1 85.2 32.8 0.235 0.317 0.448 1.000 
256.9 40.556778 -3.509256 50.0 99.3 0.0 42.8 100.0 50.7 0.0 57.1 0.000 0.298 0.729 0.000 49.0 75.5 0.0 0.0 100.0 49.6 85.2 32.5 0.243 0.307 0.450 0.000 
257.9 40.556786 -3.509555 50.0 99.3 0.0 43.1 100.0 50.6 0.0 57.2 0.000 0.299 0.729 1.000 49.2 75.5 0.0 0.0 100.0 51.3 85.2 32.3 0.251 0.297 0.451 1.000 
258.9 40.556801 -3.509847 50.1 99.3 0.0 43.3 100.0 50.5 0.0 57.3 0.000 0.299 0.728 1.000 49.3 74.9 0.0 0.0 100.0 53.0 85.3 32.0 0.260 0.287 0.452 1.000 
259.9 40.556824 -3.510146 50.1 99.4 0.0 43.5 100.0 50.5 0.0 57.5 0.000 0.300 0.728 1.000 49.6 75.4 0.0 0.0 100.0 54.7 85.2 31.7 0.269 0.277 0.454 1.000 
260.8 40.556866 -3.510455 50.2 99.4 0.0 43.7 100.0 50.4 0.0 57.6 0.000 0.300 0.727 0.000 49.8 75.4 0.0 0.0 100.0 56.4 85.2 31.5 0.277 0.267 0.456 0.000 
261.9 40.556911 -3.510748 50.2 99.4 0.0 43.9 100.0 50.4 0.0 57.7 0.000 0.300 0.727 1.000 49.9 74.9 0.0 0.0 100.0 58.0 85.3 31.2 0.285 0.257 0.457 1.000 
262.9 40.556969 -3.511034 50.3 99.5 0.0 44.1 100.0 50.4 0.0 57.8 0.000 0.300 0.727 0.000 50.2 75.4 0.0 0.0 100.0 58.4 85.2 32.5 0.296 0.254 0.450 0.000 
263.9 40.557030 -3.511317 50.3 99.5 0.0 44.3 100.0 50.4 0.0 57.9 0.000 0.300 0.726 1.000 50.3 74.8 0.0 0.0 100.0 58.5 85.3 33.1 0.300 0.254 0.446 1.000 
264.9 40.557102 -3.511602 50.4 99.5 0.0 44.5 100.0 50.3 0.0 58.1 0.000 0.300 0.726 1.000 50.3 75.4 0.0 0.0 100.0 58.8 85.2 32.5 0.298 0.252 0.450 1.000 
265.8 40.557182 -3.511890 50.4 99.5 0.0 44.7 100.0 50.3 0.0 58.2 0.000 0.300 0.726 0.000 50.3 75.4 0.0 0.0 100.0 58.7 85.2 32.5 0.297 0.253 0.450 0.000 
266.9 40.557274 -3.512175 50.5 99.6 0.0 44.9 100.0 50.3 0.0 58.3 0.000 0.301 0.725 1.000 50.2 75.4 0.0 0.0 100.0 58.7 85.2 32.2 0.296 0.253 0.451 1.000 
267.9 40.557373 -3.512459 50.5 99.6 0.0 45.1 100.0 50.3 0.0 58.5 0.000 0.301 0.725 0.000 50.2 74.9 0.0 0.0 100.0 58.7 85.3 32.5 0.297 0.253 0.449 0.000 
268.9 40.557484 -3.512738 50.5 99.6 0.0 45.4 100.0 50.3 0.0 58.6 0.000 0.301 0.724 0.000 50.4 74.9 0.0 0.0 100.0 58.7 85.3 33.9 0.306 0.253 0.441 0.000 
269.9 40.557594 -3.513012 50.6 99.7 0.0 45.6 100.0 50.2 0.0 58.7 0.000 0.301 0.724 1.000 51.0 75.4 0.0 0.0 100.0 58.9 85.2 37.8 0.330 0.252 0.418 1.000 
270.9 40.557713 -3.513267 50.6 99.7 0.0 45.8 100.0 50.2 0.0 58.8 0.000 0.301 0.724 1.000 52.0 75.4 0.0 0.0 100.0 58.9 85.2 44.4 0.370 0.252 0.378 1.000 
271.8 40.557850 -3.513536 50.7 99.7 0.0 46.0 100.0 50.2 0.0 58.9 0.000 0.301 0.723 1.000 52.5 74.9 0.0 0.0 100.0 59.3 85.3 47.7 0.393 0.249 0.358 1.000 
272.9 40.557991 -3.513786 50.7 99.7 0.0 46.2 100.0 50.2 0.0 59.0 0.000 0.301 0.723 1.000 53.1 75.5 0.0 0.0 100.0 60.8 85.2 50.2 0.417 0.240 0.343 1.000 
273.9 40.558144 -3.514036 50.8 99.8 0.0 46.4 100.0 50.2 0.0 59.2 0.000 0.301 0.723 1.000 53.8 75.5 0.0 0.0 100.0 61.8 85.2 54.2 0.446 0.234 0.320 1.000 
274.8 40.558296 -3.514273 50.8 99.8 0.0 46.6 100.0 50.2 0.0 59.3 0.000 0.301 0.722 0.000 54.3 75.0 0.0 0.0 100.0 62.0 85.0 58.2 0.470 0.233 0.296 0.000 
275.9 40.558472 -3.514496 50.9 99.8 0.0 46.8 100.0 50.2 0.0 59.4 0.000 0.301 0.722 1.000 54.8 75.6 0.0 0.0 100.0 61.6 84.9 61.3 0.487 0.236 0.277 1.000 
276.9 40.558643 -3.514711 50.9 99.8 0.0 47.0 100.0 50.2 0.0 59.5 0.000 0.301 0.722 1.000 54.8 75.1 0.0 0.0 100.0 61.3 84.3 62.9 0.493 0.237 0.270 1.000 
277.9 40.558826 -3.514920 51.0 99.9 0.0 47.2 100.0 50.2 0.0 59.6 0.000 0.301 0.721 0.000 54.6 75.2 0.0 0.0 100.0 60.3 84.0 62.7 0.485 0.243 0.272 0.000 
278.9 40.559006 -3.515120 51.0 99.9 0.0 47.3 100.0 50.2 0.0 59.7 0.000 0.301 0.721 0.000 54.4 75.2 0.0 0.0 100.0 58.7 84.0 62.6 0.474 0.253 0.273 0.000 
279.9 40.559193 -3.515306 51.1 99.9 0.0 47.5 100.0 50.2 0.0 59.8 0.000 0.301 0.721 1.000 54.3 75.2 0.0 0.0 100.0 58.6 84.0 62.6 0.473 0.254 0.273 1.000 
280.9 40.559387 -3.515495 50.9 99.9 0.0 47.7 100.0 50.1 0.0 58.8 0.000 0.301 0.724 1.000 53.5 75.2 0.0 0.0 100.0 58.5 84.0 56.4 0.436 0.254 0.310 1.000 
281.9 40.559586 -3.515670 51.0 99.9 0.0 47.9 100.0 50.1 0.0 58.9 0.000 0.301 0.723 1.000 53.4 75.2 0.0 0.0 100.0 58.8 83.7 56.0 0.434 0.252 0.313 1.000 
282.9 40.559792 -3.515826 51.0 99.9 0.0 48.1 100.0 50.1 0.0 59.0 0.000 0.302 0.723 1.000 53.3 75.3 0.0 0.0 100.0 58.8 83.3 56.0 0.434 0.252 0.314 1.000 
283.9 40.559994 -3.515964 51.1 99.9 0.0 48.3 100.0 50.1 0.0 59.1 0.000 0.302 0.723 1.000 56.8 100.0 0.0 0.0 100.0 58.7 83.3 55.8 0.432 0.253 0.315 1.000 
284.9 40.560207 -3.516097 51.1 99.9 0.0 48.5 100.0 50.1 0.0 59.2 0.000 0.302 0.722 1.000 56.8 100.0 0.0 0.0 100.0 58.7 83.0 55.7 0.430 0.253 0.317 1.000 
285.9 40.560421 -3.516219 51.1 99.9 0.0 48.6 100.0 50.1 0.0 59.3 0.000 0.302 0.722 0.000 71.2 100.0 0.0 100.0 100.0 60.3 82.3 55.7 0.440 0.241 0.319 0.000 
286.9 40.560635 -3.516328 51.2 99.9 0.0 48.8 100.0 50.1 0.0 59.5 0.000 0.302 0.722 0.000 71.4 100.0 0.0 100.0 100.0 61.9 82.3 55.3 0.447 0.231 0.322 0.000 
287.9 40.560848 -3.516431 51.2 99.9 0.0 49.0 100.0 50.1 0.0 59.5 0.000 0.302 0.721 1.000 71.5 100.0 0.0 100.0 100.0 63.2 82.0 55.3 0.454 0.223 0.323 1.000 
288.9 40.561066 -3.516525 51.3 99.9 0.0 49.2 100.0 50.1 0.0 59.6 0.000 0.302 0.721 1.000 71.5 100.0 0.0 100.0 100.0 63.2 82.0 55.1 0.453 0.223 0.324 1.000 
289.9 40.561295 -3.516600 51.3 99.9 0.0 49.3 100.0 50.1 0.0 59.8 0.000 0.302 0.721 0.000 71.4 100.0 0.0 100.0 100.0 63.0 82.0 54.9 0.450 0.225 0.325 0.000 
290.9 40.561516 -3.516667 51.3 99.9 0.0 49.5 100.0 50.1 0.0 59.9 0.000 0.301 0.720 0.000 71.3 100.0 0.0 100.0 100.0 62.9 82.0 54.5 0.447 0.225 0.327 0.000 
291.9 40.561737 -3.516716 51.4 99.9 0.0 49.7 100.0 50.1 0.0 60.0 0.000 0.301 0.720 1.000 71.3 100.0 0.0 100.0 100.0 62.7 82.0 54.5 0.446 0.226 0.327 1.000 
292.9 40.561958 -3.516762 51.4 99.9 0.0 49.8 100.0 50.1 0.0 60.1 0.000 0.301 0.720 1.000 71.3 100.0 0.0 100.0 100.0 62.6 82.0 54.3 0.445 0.227 0.329 1.000 
293.9 40.562180 -3.516798 51.5 99.9 0.0 50.0 100.0 50.1 0.0 60.2 0.000 0.301 0.720 1.000 71.2 100.0 0.0 100.0 100.0 62.7 82.0 54.1 0.443 0.227 0.330 1.000 
294.9 40.562405 -3.516833 51.5 99.9 0.0 50.2 100.0 50.1 0.0 60.3 0.000 0.301 0.719 0.000 71.2 100.0 0.0 100.0 100.0 62.5 82.0 53.8 0.441 0.227 0.331 0.000 
295.9 40.562634 -3.516863 51.4 99.9 0.0 50.3 100.0 50.1 0.0 59.5 0.000 0.301 0.722 1.000 70.4 100.0 0.0 100.0 100.0 62.7 82.0 48.2 0.409 0.226 0.365 1.000 
296.9 40.562855 -3.516899 51.4 99.9 0.0 50.5 100.0 50.1 0.0 59.6 0.000 0.301 0.721 1.000 70.4 100.0 0.0 100.0 100.0 62.9 82.0 47.9 0.408 0.225 0.366 1.000 
297.9 40.563084 -3.516925 51.5 99.9 0.0 50.6 100.0 50.2 0.0 59.7 0.000 0.301 0.721 1.000 70.4 100.0 0.0 100.0 100.0 62.9 82.0 47.7 0.407 0.225 0.368 1.000 
298.8 40.563305 -3.516963 51.5 99.9 0.0 50.8 100.0 50.2 0.0 59.8 0.000 0.301 0.721 1.000 70.4 100.0 0.0 100.0 100.0 62.7 82.3 47.5 0.405 0.226 0.368 1.000 
299.9 40.563534 -3.516993 51.6 99.9 0.0 51.0 100.0 50.2 0.0 59.9 0.000 0.301 0.720 1.000 71.3 100.0 0.0 100.0 100.0 62.9 82.3 53.9 0.445 0.225 0.330 1.000 
300.9 40.563774 -3.517040 51.6 99.9 0.0 51.1 100.0 50.2 0.0 59.9 0.000 0.301 0.720 0.000 73.0 100.0 0.0 100.0 100.0 63.0 82.3 65.7 0.517 0.224 0.259 0.000 
301.9 40.564014 -3.517092 51.6 99.9 0.0 51.3 100.0 50.2 0.0 60.1 0.000 0.301 0.720 1.000 73.9 100.0 0.0 100.0 100.0 64.4 82.3 70.2 0.552 0.216 0.232 1.000 
302.9 40.564247 -3.517144 51.6 99.9 0.0 51.5 100.0 50.2 0.0 59.6 0.000 0.301 0.721 0.000 84.8 100.0 75.1 100.0 100.0 66.1 82.3 70.2 0.565 0.203 0.232 0.000 
303.9 40.564487 -3.517200 51.6 99.9 0.0 51.6 100.0 50.2 0.0 59.2 0.000 0.301 0.722 0.000 85.2 100.0 75.1 100.0 100.0 67.8 82.3 71.0 0.580 0.193 0.227 0.000 
304.9 40.564720 -3.517269 51.5 99.9 0.0 51.8 100.0 50.3 0.0 58.9 0.000 0.300 0.723 0.000 85.2 100.0 75.6 100.0 100.0 67.8 82.3 71.0 0.580 0.193 0.227 0.000 
305.9 40.564960 -3.517355 51.5 99.9 0.0 51.9 100.0 50.3 0.0 58.6 0.000 0.300 0.724 0.000 88.9 100.0 100.0 100.0 100.0 68.1 82.3 71.8 0.587 0.191 0.222 0.000 
306.9 40.565186 -3.517441 51.5 99.9 0.0 52.1 100.0 50.3 0.0 58.2 0.000 0.300 0.725 0.000 89.2 100.0 100.0 100.0 100.0 69.1 82.3 72.6 0.598 0.185 0.217 0.000 
307.9 40.565411 -3.517529 51.5 99.9 0.0 52.3 100.0 50.4 0.0 58.0 0.000 0.300 0.726 0.000 88.8 100.0 100.0 100.0 100.0 69.3 81.7 70.6 0.585 0.184 0.231 0.000 
308.8 40.565636 -3.517626 51.5 99.9 0.0 52.4 100.0 50.4 0.0 57.5 0.000 0.300 0.728 0.000 88.3 100.0 100.0 100.0 100.0 69.5 81.6 66.8 0.563 0.183 0.254 0.000 
309.9 40.565865 -3.517740 51.4 99.9 0.0 52.6 100.0 50.4 0.0 56.7 0.000 0.299 0.730 0.000 87.6 100.0 100.0 100.0 100.0 71.1 81.0 60.8 0.534 0.173 0.292 0.000 
310.9 40.566093 -3.517852 51.3 99.9 0.0 52.7 100.0 50.5 0.0 56.0 0.000 0.299 0.732 0.000 86.9 100.0 100.0 100.0 100.0 72.8 80.7 54.8 0.508 0.163 0.329 0.000 
311.9 40.566311 -3.517975 51.2 99.9 0.0 52.9 100.0 50.5 0.0 55.2 0.000 0.299 0.734 0.000 86.3 100.0 100.0 100.0 100.0 74.5 80.7 48.8 0.481 0.153 0.365 0.000 
312.9 40.566528 -3.518101 51.1 99.9 0.0 53.0 100.0 50.6 0.0 54.5 0.000 0.299 0.737 0.000 85.4 100.0 100.0 100.0 100.0 74.9 80.3 42.4 0.445 0.150 0.404 0.000 
313.9 40.566738 -3.518232 51.1 99.9 0.0 53.2 100.0 50.6 0.0 53.7 0.000 0.298 0.739 0.000 84.5 100.0 100.0 100.0 100.0 75.1 80.3 36.3 0.410 0.149 0.441 0.000 
314.9 40.566952 -3.518366 51.0 99.9 0.0 53.3 100.0 50.7 0.0 52.9 0.000 0.298 0.741 1.000 83.6 100.0 100.0 100.0 100.0 75.1 80.3 30.0 0.372 0.149 0.479 1.000 
315.9 40.567158 -3.518500 50.9 99.9 0.0 53.5 100.0 50.7 0.0 52.5 0.000 0.298 0.743 0.000 83.3 100.0 100.0 100.0 100.0 76.9 80.3 25.7 0.357 0.139 0.505 0.000 
316.9 40.567352 -3.518636 50.9 99.9 0.0 53.6 100.0 50.8 0.0 52.0 0.000 0.297 0.744 0.000 82.8 100.0 100.0 100.0 100.0 77.2 80.3 21.8 0.335 0.137 0.528 0.000 
317.9 40.567547 -3.518782 50.1 94.6 0.0 53.7 100.0 50.8 0.0 51.5 0.000 0.297 0.746 0.000 78.6 75.3 100.0 100.0 100.0 77.1 80.7 17.0 0.306 0.137 0.556 0.000 
318.9 40.567741 -3.518926 50.0 94.7 0.0 53.9 100.0 50.9 0.0 50.8 0.000 0.297 0.748 0.000 77.7 75.3 100.0 100.0 100.0 76.9 81.0 10.6 0.267 0.139 0.594 0.000 
319.9 40.567940 -3.519073 49.9 94.7 0.0 54.0 100.0 50.9 0.0 49.9 0.000 0.296 0.750 1.000 76.5 75.3 100.0 100.0 100.0 76.9 81.0 2.5 0.220 0.138 0.642 1.000 
320.9 40.568127 -3.519213 49.8 94.7 0.0 54.2 100.0 51.0 0.0 48.9 0.000 0.296 0.753 1.000 76.2 75.3 100.0 100.0 100.0 76.8 81.3 0.0 0.205 0.139 0.656 1.000 
321.9 40.568310 -3.519376 49.7 94.8 0.0 54.3 100.0 51.0 0.0 48.1 0.000 0.296 0.756 1.000 76.3 75.7 100.0 100.0 100.0 76.4 81.6 0.0 0.203 0.141 0.655 1.000 
322.9 40.568493 -3.519540 49.6 94.8 0.0 54.4 100.0 51.1 0.0 47.3 0.000 0.296 0.758 0.000 76.0 75.2 100.0 100.0 100.0 74.8 82.0 0.0 0.194 0.151 0.654 0.000 
323.9 40.568668 -3.519706 49.6 94.8 0.0 54.5 100.0 51.1 0.0 46.5 0.000 0.295 0.761 0.000 75.9 75.7 100.0 100.0 100.0 73.5 82.3 0.0 0.187 0.159 0.653 0.000 
324.9 40.568844 -3.519875 49.5 94.9 0.0 54.7 100.0 51.1 0.0 45.9 0.000 0.295 0.762 0.000 75.7 75.2 100.0 100.0 100.0 72.0 82.7 0.0 0.180 0.168 0.652 0.000 
325.9 40.569008 -3.520048 49.5 94.9 0.0 54.8 100.0 51.2 0.0 45.7 0.000 0.295 0.763 0.000 75.5 75.1 100.0 100.0 100.0 70.1 83.0 0.0 0.170 0.179 0.651 0.000 
326.9 40.569176 -3.520216 49.5 94.9 0.0 54.9 100.0 51.2 0.0 45.5 0.000 0.295 0.763 0.000 75.3 75.6 100.0 100.0 100.0 68.3 83.3 0.0 0.160 0.190 0.650 0.000 
327.9 40.569351 -3.520409 49.5 95.0 0.0 55.1 100.0 51.2 0.0 45.2 0.000 0.295 0.764 0.000 75.2 75.6 100.0 100.0 100.0 66.9 83.6 0.0 0.152 0.199 0.649 0.000 
328.9 40.569511 -3.520611 49.5 95.0 0.0 55.2 100.0 51.2 0.0 44.9 0.000 0.295 0.765 0.000 75.0 75.0 100.0 100.0 100.0 66.1 83.7 0.0 0.147 0.204 0.649 0.000 
329.9 40.569679 -3.520815 49.5 95.0 0.0 55.3 100.0 51.2 0.0 44.6 0.000 0.294 0.766 0.000 74.7 75.0 100.0 100.0 100.0 64.5 83.7 0.0 0.138 0.213 0.649 0.000 
330.9 40.569847 -3.521021 49.4 95.1 0.0 55.4 100.0 51.2 0.0 44.3 0.000 0.294 0.767 0.000 74.6 75.0 100.0 100.0 100.0 63.0 84.0 0.0 0.130 0.222 0.648 0.000 
331.9 40.570007 -3.521228 49.4 95.1 0.0 55.6 100.0 51.3 0.0 44.0 0.000 0.294 0.768 0.000 74.5 75.0 100.0 100.0 100.0 62.6 84.0 0.0 0.127 0.225 0.648 0.000 
332.9 40.570164 -3.521443 49.4 95.1 0.0 55.7 100.0 51.3 0.0 43.7 0.000 0.294 0.769 0.000 74.6 75.5 100.0 100.0 100.0 62.6 83.9 0.0 0.127 0.224 0.648 0.000 
333.9 40.570328 -3.521668 49.4 95.2 0.0 55.8 100.0 51.3 0.0 43.3 0.000 0.294 0.770 0.000 74.6 75.5 100.0 100.0 100.0 62.6 83.9 0.0 0.127 0.225 0.648 0.000 
334.9 40.570480 -3.521883 49.4 95.2 0.0 56.0 100.0 51.3 0.0 43.1 0.000 0.294 0.771 0.000 74.5 74.9 100.0 100.0 100.0 62.4 84.0 0.0 0.126 0.226 0.648 0.000 
335.9 40.570629 -3.522109 49.3 95.2 0.0 56.1 100.0 51.3 0.0 42.8 0.000 0.294 0.772 0.000 74.6 75.4 100.0 100.0 100.0 63.0 83.9 0.0 0.130 0.222 0.648 0.000 
336.9 40.570774 -3.522343 49.3 95.3 0.0 56.2 100.0 51.3 0.0 42.5 0.000 0.294 0.773 0.000 74.9 75.4 100.0 100.0 100.0 65.1 83.9 0.0 0.142 0.209 0.648 0.000 
337.9 40.570908 -3.522577 48.5 89.5 0.0 56.3 100.0 51.3 0.0 42.3 0.000 0.294 0.773 0.000 70.3 42.7 100.0 100.0 100.0 65.2 84.3 0.0 0.144 0.209 0.647 0.000 
338.9 40.571033 -3.522810 48.5 89.6 0.0 56.5 100.0 51.3 0.0 42.0 0.000 0.294 0.774 0.000 70.3 42.6 100.0 100.0 100.0 65.2 84.7 0.0 0.145 0.209 0.646 0.000 
339.9 40.571167 -3.523056 48.3 89.6 0.0 56.6 100.0 51.3 0.0 40.4 0.000 0.294 0.779 0.000 70.1 42.6 100.0 100.0 100.0 63.6 84.7 0.0 0.135 0.219 0.646 0.000 
340.9 40.571293 -3.523308 48.3 89.7 0.0 56.7 100.0 51.3 0.0 40.2 0.000 0.294 0.780 1.000 70.0 43.7 100.0 100.0 100.0 62.0 84.6 0.0 0.126 0.228 0.647 1.000 
341.9 40.571419 -3.523558 48.0 89.7 0.0 56.8 100.0 51.3 0.0 37.9 0.000 0.294 0.786 1.000 69.6 42.5 100.0 100.0 100.0 60.2 84.7 0.0 0.115 0.239 0.646 1.000 
342.9 40.571548 -3.523813 47.9 89.8 0.0 57.0 100.0 51.3 0.0 37.0 0.000 0.294 0.789 0.000 69.5 43.6 100.0 100.0 100.0 58.4 84.6 0.0 0.104 0.250 0.647 0.000 
343.9 40.571667 -3.524079 47.9 89.8 0.0 57.1 100.0 51.3 0.0 37.0 0.000 0.294 0.789 0.000 69.3 43.6 100.0 100.0 100.0 56.9 84.6 0.0 0.095 0.259 0.647 0.000 
344.9 40.571781 -3.524355 47.9 89.9 0.0 57.2 100.0 51.2 0.0 37.0 0.000 0.294 0.789 0.000 68.9 42.5 100.0 100.0 100.0 55.4 84.7 0.0 0.086 0.268 0.646 0.000 
345.9 40.571892 -3.524624 47.9 89.9 0.0 57.3 100.0 51.2 0.0 36.8 0.000 0.295 0.790 0.000 68.7 42.5 100.0 100.0 100.0 53.6 84.7 0.0 0.075 0.279 0.646 0.000 
346.9 40.571995 -3.524897 47.9 90.0 0.0 57.4 100.0 51.2 0.0 36.4 0.000 0.295 0.791 0.000 68.5 42.5 100.0 100.0 100.0 52.1 84.7 0.0 0.066 0.288 0.646 0.000 
347.9 40.572102 -3.525181 47.8 90.0 0.0 57.6 100.0 51.1 0.0 36.2 0.000 0.295 0.791 0.000 68.3 42.6 100.0 100.0 100.0 50.5 84.7 0.0 0.057 0.297 0.646 0.000 
348.9 40.572193 -3.525455 47.9 90.1 0.0 57.7 100.0 51.0 0.0 36.3 0.000 0.296 0.791 0.000 68.0 42.6 100.0 100.0 100.0 48.8 84.7 0.0 0.046 0.307 0.646 0.000 
349.9 40.572292 -3.525742 47.9 90.1 0.0 57.8 100.0 51.0 0.0 36.1 0.000 0.296 0.792 0.000 67.8 42.6 100.0 100.0 100.0 47.3 84.7 0.0 0.038 0.316 0.646 0.000 
350.9 40.572380 -3.526035 47.8 90.2 0.0 57.9 100.0 50.9 0.0 35.8 0.000 0.297 0.793 0.000 67.7 43.7 100.0 100.0 100.0 45.7 84.6 0.0 0.027 0.326 0.647 0.000 
351.9 40.572472 -3.526326 46.6 90.2 0.0 49.8 100.0 50.8 0.0 35.7 0.000 0.297 0.793 0.000 60.7 43.8 100.0 52.7 100.0 44.0 84.6 0.0 0.018 0.336 0.647 0.000 
352.9 40.572563 -3.526634 46.6 90.3 0.0 49.9 100.0 50.7 0.0 35.4 0.000 0.298 0.827 0.000 60.4 43.9 100.0 52.8 100.0 42.8 83.3 0.0 0.000 0.343 0.667 0.000 
353.8 40.572639 -3.526958 46.6 90.3 0.0 50.1 100.0 50.6 0.0 35.5 0.000 0.298 0.827 0.000 60.0 43.1 100.0 52.2 100.0 43.0 82.0 0.0 0.000 0.342 0.671 0.000 
354.9 40.572723 -3.527286 46.7 90.4 0.1 50.3 100.0 50.5 0.0 35.6 0.000 0.299 0.827 0.000 59.9 43.2 100.0 52.3 100.0 43.2 80.7 0.0 0.000 0.341 0.675 0.000 
355.8 40.572807 -3.527622 46.8 90.4 0.4 50.4 100.0 50.4 0.0 35.8 0.000 0.300 0.826 0.000 59.8 43.4 100.0 52.5 100.0 43.4 79.3 0.0 0.000 0.339 0.679 0.000 
356.9 40.572910 -3.527964 46.8 90.5 0.6 50.6 100.0 50.3 0.0 35.9 0.000 0.300 0.826 0.000 59.6 43.7 100.0 52.6 100.0 44.8 76.3 0.0 0.000 0.331 0.688 0.000 
357.9 40.573036 -3.528311 46.9 90.5 0.9 50.7 100.0 50.2 0.0 36.0 0.000 0.300 0.825 0.000 59.6 43.9 100.0 52.9 100.0 46.7 73.3 0.0 0.000 0.320 0.696 0.000 
358.9 40.573154 -3.528664 47.0 90.6 1.2 50.9 100.0 50.1 0.0 36.2 0.000 0.301 0.825 0.000 59.2 45.2 100.0 53.8 100.0 47.9 67.2 0.0 0.000 0.313 0.714 0.000 
359.9 40.573273 -3.529031 47.1 90.7 1.4 51.1 100.0 50.1 0.0 36.3 0.000 0.301 0.825 0.000 58.2 44.6 100.0 53.3 100.0 49.2 60.3 0.0 0.000 0.305 0.735 0.000 
360.9 40.573406 -3.529384 47.2 90.7 1.7 51.3 100.0 50.0 0.0 36.5 0.000 0.302 0.824 0.000 57.5 44.8 100.0 53.5 100.0 49.8 54.0 0.0 0.000 0.301 0.754 0.000 
361.9 40.573547 -3.529760 47.3 90.8 2.0 51.4 100.0 50.0 0.0 36.6 0.000 0.302 0.824 0.000 55.9 46.2 100.0 54.5 100.0 48.9 41.6 0.0 0.000 0.306 0.806 0.000 
362.9 40.573700 -3.530128 47.3 90.8 2.3 51.6 100.0 49.9 0.0 36.8 0.000 0.302 0.823 0.000 54.2 46.5 100.0 54.8 100.0 49.1 28.9 0.0 0.000 0.305 0.845 0.000 
363.9 40.573853 -3.530489 47.4 90.9 2.5 51.8 100.0 49.9 0.0 36.9 0.000 0.303 0.823 0.000 52.4 46.8 100.0 55.0 100.0 48.8 16.1 0.0 0.000 0.307 0.883 0.000 
364.9 40.574013 -3.530857 47.5 91.0 2.8 52.0 100.0 49.8 0.0 37.1 0.000 0.303 0.822 0.000 50.6 47.1 100.0 55.3 100.0 48.8 3.3 0.0 0.000 0.307 0.921 0.000 
365.9 40.574184 -3.531217 47.6 91.0 3.1 52.2 100.0 49.7 0.0 37.2 0.000 0.303 0.822 0.000 50.0 46.5 100.0 54.8 100.0 49.0 0.0 0.0 0.000 0.306 0.931 0.000 
366.9 40.574352 -3.531599 47.7 91.1 3.4 52.3 100.0 49.7 0.0 37.3 0.000 0.304 0.822 0.000 50.2 46.9 100.0 55.1 100.0 49.7 0.0 0.0 0.000 0.302 0.931 0.000 
367.9 40.574535 -3.531971 47.8 91.1 3.7 52.5 100.0 49.6 0.0 37.4 0.000 0.304 0.821 0.000 50.4 47.3 100.0 55.4 100.0 50.2 0.0 0.0 0.000 0.299 0.931 0.000 
368.9 40.574711 -3.532341 47.3 91.2 0.0 52.7 100.0 49.6 0.0 37.5 0.000 0.305 0.821 0.000 36.2 47.7 0.0 55.7 100.0 50.1 0.0 0.0 0.000 0.302 0.931 0.000 
369.9 40.574886 -3.532676 47.3 91.3 0.0 52.9 100.0 49.5 0.0 37.7 0.000 0.305 0.821 1.000 36.1 47.9 0.0 55.9 100.0 48.6 0.0 0.0 0.000 0.311 0.930 1.000 
370.9 40.575054 -3.533009 46.6 86.1 0.0 53.0 100.0 49.5 0.0 37.8 0.000 0.305 0.820 0.000 31.7 18.8 0.0 56.0 100.0 46.8 0.0 0.0 0.000 0.322 0.930 0.000 
371.9 40.575214 -3.533343 46.7 86.2 0.0 53.2 100.0 49.4 0.0 37.9 0.000 0.306 0.820 1.000 31.5 19.2 0.0 56.2 100.0 45.3 0.0 0.0 0.000 0.331 0.930 1.000 
372.9 40.575378 -3.533682 46.7 86.3 0.0 53.3 100.0 49.3 0.0 38.0 0.000 0.306 0.819 1.000 31.8 19.6 0.0 56.4 100.0 46.7 0.0 0.0 0.000 0.322 0.930 1.000 
373.9 40.575535 -3.534025 46.7 86.3 0.0 53.5 100.0 49.3 0.0 38.1 0.000 0.306 0.819 0.000 32.4 21.3 0.0 57.3 100.0 48.6 0.0 0.0 0.000 0.311 0.930 0.000 
374.9 40.575695 -3.534382 46.8 86.4 0.0 53.7 100.0 49.2 0.0 38.2 0.000 0.307 0.819 1.000 32.8 21.7 0.0 57.5 100.0 50.0 0.0 0.0 0.000 0.302 0.929 1.000 
375.9 40.575855 -3.534737 46.8 86.5 0.0 53.8 100.0 49.2 0.0 38.4 0.000 0.307 0.818 1.000 32.6 20.9 0.0 57.1 100.0 50.3 0.0 0.0 0.000 0.301 0.930 1.000 
376.9 40.576008 -3.535107 46.9 86.5 0.0 54.0 100.0 49.1 0.0 38.5 0.000 0.307 0.818 0.000 32.7 21.5 0.0 57.4 100.0 50.3 0.0 0.0 0.000 0.301 0.930 0.000 
377.9 40.576160 -3.535484 46.9 86.6 0.0 54.2 100.0 49.1 0.0 38.6 0.000 0.307 0.818 0.000 36.9 50.3 0.0 57.6 100.0 50.3 0.0 0.0 0.000 0.300 0.929 0.000 
378.9 40.576302 -3.535872 47.0 86.7 0.0 54.3 100.0 49.1 0.0 38.7 0.000 0.308 0.817 1.000 37.2 51.5 0.0 58.5 100.0 50.6 0.0 0.0 0.000 0.299 0.929 1.000 
379.8 40.576439 -3.536268 47.0 86.8 0.0 54.5 100.0 49.0 0.0 38.9 0.000 0.308 0.817 1.000 37.3 51.8 0.0 58.8 100.0 50.2 0.0 0.0 0.000 0.301 0.928 1.000 
380.9 40.576580 -3.536663 47.1 86.8 0.0 54.6 100.0 49.0 0.0 39.0 0.000 0.308 0.817 0.000 37.1 51.4 0.0 58.5 100.0 50.0 0.0 0.0 0.000 0.302 0.929 0.000 
381.9 40.576710 -3.537061 47.1 86.9 0.0 54.8 100.0 48.9 0.0 39.0 0.000 0.308 0.816 0.000 37.3 52.6 0.0 59.3 100.0 49.2 0.0 0.0 0.000 0.307 0.928 0.000 
382.9 40.576836 -3.537452 47.1 87.0 0.0 55.0 100.0 48.9 0.0 39.2 0.000 0.309 0.816 0.000 37.2 52.2 0.0 59.0 100.0 49.1 0.0 0.0 0.000 0.308 0.928 0.000 
383.9 40.576973 -3.537844 47.2 87.1 0.0 55.1 100.0 48.8 0.0 39.3 0.000 0.309 0.816 1.000 37.2 52.5 0.0 59.3 100.0 48.7 0.0 0.0 0.000 0.310 0.928 1.000 
384.9 40.577106 -3.538234 47.2 87.1 0.0 55.3 100.0 48.8 0.0 39.4 0.000 0.309 0.815 0.000 37.6 53.6 0.0 60.1 100.0 49.6 0.0 0.0 0.000 0.304 0.927 0.000 
385.9 40.577251 -3.538627 47.3 87.2 0.0 55.4 100.0 48.8 0.0 39.5 0.000 0.309 0.815 1.000 37.8 53.3 0.0 59.9 100.0 51.6 0.0 0.0 0.000 0.292 0.928 1.000 
386.9 40.577393 -3.539019 47.3 87.3 0.0 55.6 100.0 48.7 0.0 39.6 0.000 0.310 0.815 1.000 38.2 53.7 0.0 60.2 100.0 53.5 0.0 0.0 0.000 0.281 0.927 1.000 
387.9 40.577541 -3.539414 47.4 87.3 0.0 55.7 100.0 48.7 0.0 39.8 0.000 0.310 0.814 1.000 38.9 54.7 2.0 60.9 100.0 54.8 0.0 0.0 0.000 0.274 0.927 1.000 
388.9 40.577690 -3.539816 47.4 87.4 0.0 55.9 100.0 48.7 0.0 39.9 0.000 0.310 0.814 1.000 39.2 55.1 2.7 61.2 100.0 55.7 0.0 0.0 0.000 0.268 0.927 1.000 
389.9 40.577847 -3.540210 47.5 87.5 0.0 56.1 100.0 48.7 0.0 40.0 0.000 0.310 0.814 1.000 39.9 55.4 3.4 61.5 100.0 57.2 0.0 1.7 0.000 0.259 0.922 1.000 
390.9 40.578007 -3.540602 47.5 87.5 0.0 56.2 100.0 48.7 0.0 40.1 0.000 0.310 0.813 0.000 40.4 55.1 2.6 61.2 100.0 58.6 0.0 5.6 0.000 0.250 0.910 0.000 
391.9 40.578175 -3.541002 47.6 87.6 0.0 56.4 100.0 48.7 0.0 40.2 0.000 0.310 0.813 0.000 41.1 55.4 3.4 61.5 100.0 59.0 0.0 8.3 0.000 0.248 0.902 0.000 
392.9 40.578365 -3.541393 47.6 87.7 0.0 56.5 100.0 48.7 0.0 40.3 0.000 0.310 0.813 1.000 41.9 55.8 4.1 61.8 100.0 59.1 0.0 12.7 0.000 0.247 0.888 1.000 
393.9 40.578552 -3.541781 47.6 87.7 0.0 56.7 100.0 48.7 0.0 40.4 0.000 0.310 0.812 1.000 43.0 56.8 6.1 62.5 100.0 59.0 0.0 16.5 0.000 0.248 0.876 1.000 
394.9 40.578751 -3.542169 47.7 87.8 0.0 56.9 100.0 48.7 0.0 40.5 0.000 0.310 0.812 0.000 43.7 57.1 6.8 62.8 100.0 59.3 0.0 19.8 0.000 0.246 0.866 0.000 
395.8 40.578957 -3.542565 47.7 87.9 0.0 57.0 100.0 48.7 0.0 40.6 0.000 0.310 0.812 1.000 44.4 57.5 7.6 63.0 100.0 59.3 0.0 23.1 0.000 0.246 0.856 1.000 
396.9 40.579178 -3.542952 47.8 88.0 0.0 57.2 100.0 48.7 0.0 40.7 0.000 0.310 0.811 1.000 45.0 57.9 8.4 63.3 100.0 59.4 0.0 25.7 0.000 0.246 0.848 1.000 
397.9 40.579407 -3.543334 47.8 88.0 0.0 57.3 100.0 48.7 0.0 40.8 0.000 0.310 0.811 0.000 49.1 82.3 7.9 63.2 100.0 61.1 0.0 29.0 0.000 0.236 0.838 0.000 
398.9 40.579632 -3.543704 47.9 88.1 0.0 57.5 100.0 48.7 0.0 41.0 0.000 0.310 0.811 1.000 50.1 82.8 9.8 63.9 100.0 62.8 0.0 31.5 0.000 0.225 0.830 1.000 
399.9 40.579857 -3.544066 47.9 88.2 0.0 57.6 100.0 48.7 0.0 41.1 0.000 0.310 0.810 0.000 52.7 82.9 10.6 64.2 100.0 64.5 0.0 46.7 0.001 0.215 0.784 0.000 
400.9 40.580086 -3.544423 48.0 88.2 0.0 57.8 100.0 48.7 0.0 41.2 0.000 0.309 0.810 1.000 53.1 82.8 10.0 64.0 100.0 66.1 0.0 49.2 0.017 0.205 0.777 1.000 
401.9 40.580315 -3.544759 48.0 88.3 0.0 57.9 100.0 48.8 0.0 41.3 0.000 0.309 0.810 1.000 56.6 83.2 11.8 64.6 100.0 67.7 0.0 68.6 0.086 0.196 0.718 1.000 
402.9 40.580540 -3.545091 48.1 88.4 0.0 58.1 100.0 48.8 0.0 41.4 0.000 0.309 0.809 1.000 57.8 83.1 11.1 64.4 100.0 69.3 0.0 76.5 0.117 0.186 0.697 1.000 
403.9 40.580765 -3.545421 48.1 88.4 0.0 58.2 100.0 48.8 0.0 41.5 0.000 0.309 0.809 1.000 58.3 83.2 11.7 64.6 100.0 70.9 0.0 77.5 0.128 0.177 0.695 1.000 
404.9 40.580994 -3.545738 48.2 88.5 0.0 58.4 100.0 48.9 0.0 41.7 0.000 0.309 0.809 1.000 59.0 83.6 13.3 65.2 100.0 72.2 0.0 78.6 0.139 0.168 0.693 1.000 
405.9 40.581223 -3.546046 48.2 88.5 0.0 58.5 100.0 48.9 0.0 41.8 0.000 0.308 0.808 1.000 59.7 83.7 13.7 65.4 100.0 74.0 0.0 80.9 0.152 0.158 0.690 1.000 
406.9 40.581451 -3.546349 48.3 88.6 0.0 58.6 100.0 48.9 0.0 41.9 0.000 0.308 0.808 1.000 60.6 83.8 14.2 65.5 100.0 75.4 0.0 85.0 0.165 0.150 0.686 1.000 
407.9 40.581680 -3.546650 48.3 88.7 0.0 58.8 100.0 49.0 0.0 42.0 0.000 0.308 0.808 1.000 61.3 83.9 14.6 65.7 100.0 76.8 0.0 88.2 0.177 0.141 0.682 1.000 
408.9 40.581913 -3.546942 48.4 88.7 0.0 58.9 100.0 49.0 0.0 42.1 0.000 0.308 0.807 0.000 61.6 84.0 15.0 65.8 100.0 78.2 0.0 88.3 0.186 0.132 0.682 0.000 
409.9 40.582134 -3.547240 48.4 88.8 0.0 59.0 100.0 49.1 0.0 42.2 0.000 0.307 0.807 1.000 62.0 83.9 14.3 65.6 100.0 79.7 0.0 90.5 0.196 0.124 0.680 1.000 
410.9 40.582348 -3.547542 48.5 88.8 0.0 59.1 100.0 49.1 0.0 42.4 0.000 0.307 0.806 0.000 62.7 84.0 14.6 65.7 100.0 81.0 0.0 93.7 0.208 0.116 0.677 0.000 
411.9 40.582561 -3.547852 48.5 88.9 0.0 59.3 100.0 49.2 0.0 42.5 0.000 0.307 0.806 0.000 68.4 84.0 15.0 100.0 100.0 82.7 0.0 96.8 0.221 0.106 0.673 0.000 
412.9 40.582760 -3.548156 48.6 88.9 0.0 59.4 100.0 49.2 0.0 42.6 0.000 0.307 0.806 0.000 69.2 84.4 16.4 100.0 100.0 83.9 0.0 100.0 0.267 0.099 0.635 0.000 
413.9 40.582947 -3.548476 48.6 89.0 0.0 59.5 100.0 49.2 0.0 42.7 0.000 0.306 0.805 1.000 69.1 84.2 15.5 100.0 100.0 83.8 0.0 100.0 0.266 0.099 0.635 1.000 
414.9 40.583126 -3.548809 48.7 89.1 0.0 59.6 100.0 49.3 0.0 42.8 0.000 0.306 0.805 0.000 69.3 84.5 16.9 100.0 100.0 83.9 0.0 100.0 0.267 0.098 0.634 0.000 
415.9 40.583294 -3.549143 48.7 89.1 0.0 59.7 100.0 49.3 0.0 42.9 0.000 0.306 0.805 0.000 69.4 84.6 17.1 100.0 100.0 83.9 0.0 100.0 0.267 0.098 0.634 0.000 
416.9 40.583427 -3.549474 48.8 89.2 0.0 59.9 100.0 49.4 0.0 43.1 0.000 0.305 0.804 0.000 69.4 84.6 17.1 100.0 100.0 83.9 0.0 100.0 0.268 0.098 0.634 0.000 
417.8 40.583576 -3.549826 48.8 89.2 0.0 60.0 100.0 49.4 0.0 43.2 0.000 0.305 0.804 1.000 69.2 84.3 15.9 100.0 100.0 84.0 0.0 100.0 0.267 0.098 0.635 1.000 
418.9 40.583702 -3.550181 48.9 89.3 0.0 60.1 100.0 49.5 0.0 43.3 0.000 0.305 0.804 0.000 69.5 84.6 17.3 100.0 100.0 84.7 0.0 100.0 0.272 0.094 0.634 0.000 
419.9 40.583824 -3.550538 48.9 89.3 0.0 60.2 100.0 49.5 0.0 43.4 0.000 0.305 0.803 0.000 69.2 84.3 15.9 100.0 100.0 84.1 0.0 100.0 0.268 0.097 0.635 0.000 
420.9 40.583935 -3.550893 49.0 89.4 0.0 60.3 100.0 49.6 0.0 43.5 0.000 0.304 0.803 1.000 69.2 84.3 15.9 100.0 100.0 84.0 0.0 100.0 0.268 0.098 0.635 1.000 
421.9 40.584042 -3.551247 49.0 89.4 0.0 60.4 100.0 49.6 0.0 43.7 0.000 0.304 0.802 1.000 69.3 84.2 15.8 100.0 100.0 84.9 0.0 100.0 0.307 0.092 0.600 1.000 
422.9 40.584137 -3.551595 49.1 89.4 0.0 60.5 100.0 49.6 0.0 43.8 0.000 0.304 0.802 1.000 69.2 84.2 15.6 100.0 100.0 84.9 0.0 100.0 0.307 0.093 0.600 1.000 
423.9 40.584217 -3.551958 49.1 89.5 0.0 60.6 100.0 49.7 0.0 43.9 0.000 0.304 0.802 1.000 69.5 84.5 16.9 100.0 100.0 84.9 0.0 100.0 0.307 0.092 0.600 1.000 
424.9 40.584286 -3.552303 49.1 89.5 0.0 60.7 100.0 49.7 0.0 44.0 0.000 0.303 0.801 1.000 69.2 84.1 15.2 100.0 100.0 84.9 0.0 100.0 0.307 0.092 0.600 1.000 
425.9 40.584339 -3.552639 49.2 89.6 0.0 60.8 100.0 49.8 0.0 44.1 0.000 0.303 0.801 1.000 69.1 84.0 14.9 100.0 100.0 84.8 0.0 100.0 0.307 0.093 0.600 1.000 
426.9 40.584381 -3.552967 49.2 89.6 0.0 60.9 100.0 49.8 0.0 44.2 0.000 0.303 0.801 1.000 69.0 83.9 14.5 100.0 100.0 84.8 0.0 100.0 0.307 0.093 0.600 1.000 
427.9 40.584427 -3.553304 49.3 89.7 0.0 61.0 100.0 49.9 0.0 44.3 0.000 0.303 0.800 1.000 69.4 84.2 15.8 100.0 100.0 85.9 0.0 100.0 0.313 0.086 0.600 1.000 
428.9 40.584461 -3.553627 49.3 89.7 0.0 61.1 100.0 49.9 0.0 44.4 0.000 0.302 0.800 0.000 81.6 83.7 100.0 100.0 100.0 87.6 0.0 100.0 0.325 0.075 0.600 0.000 
429.9 40.584499 -3.553942 49.3 89.7 0.0 61.2 100.0 49.9 0.0 44.5 0.000 0.302 0.800 0.000 81.9 84.0 100.0 100.0 100.0 89.0 0.0 100.0 0.334 0.066 0.600 0.000 
430.9 40.584538 -3.554241 49.4 89.8 0.0 61.3 100.0 50.0 0.0 44.6 0.000 0.302 0.800 0.000 84.4 100.0 100.0 100.0 100.0 90.8 0.0 100.0 0.345 0.055 0.600 0.000 
431.9 40.584576 -3.554536 49.4 89.8 0.0 61.3 100.0 50.0 0.0 44.7 0.000 0.302 0.799 0.000 84.6 100.0 100.0 100.0 100.0 92.3 0.0 100.0 0.354 0.046 0.600 0.000 
432.9 40.584610 -3.554817 49.5 89.8 0.0 61.4 100.0 50.1 0.0 44.9 0.000 0.301 0.799 0.000 84.6 100.0 100.0 100.0 100.0 92.3 0.0 100.0 0.354 0.046 0.600 0.000 
433.8 40.584641 -3.555084 49.5 89.9 0.0 61.5 100.0 50.1 0.0 45.0 0.000 0.301 0.798 0.000 84.6 100.0 100.0 100.0 100.0 92.3 0.0 100.0 0.354 0.046 0.600 0.000 
434.9 40.584675 -3.555341 49.6 89.9 0.2 61.6 100.0 50.1 0.0 45.1 0.000 0.301 0.798 0.000 84.6 100.0 100.0 100.0 100.0 92.3 0.0 100.0 0.354 0.046 0.600 0.000 
435.9 40.584702 -3.555588 49.6 89.9 0.3 61.6 100.0 50.2 0.0 45.2 0.000 0.301 0.798 0.000 84.6 100.0 100.0 100.0 100.0 92.3 0.0 100.0 0.354 0.046 0.600 0.000 
436.9 40.584721 -3.555817 49.7 90.0 0.4 61.7 100.0 50.2 0.0 45.3 0.000 0.300 0.797 0.000 84.6 100.0 100.0 100.0 100.0 92.3 0.0 100.0 0.354 0.046 0.600 0.000 
437.9 40.584747 -3.556037 49.7 90.0 0.6 61.7 100.0 50.3 0.0 45.4 0.000 0.300 0.797 0.000 84.4 100.0 100.0 100.0 100.0 90.7 0.0 100.0 0.344 0.056 0.600 0.000 
438.9 40.584774 -3.556246 49.8 90.0 0.7 61.8 100.0 50.3 0.0 45.6 0.000 0.300 0.797 0.000 84.1 100.0 100.0 100.0 100.0 89.0 0.0 100.0 0.334 0.066 0.600 0.000 
439.9 40.584793 -3.556434 49.8 90.0 0.8 61.9 100.0 50.3 0.0 45.7 0.000 0.300 0.796 0.000 84.0 100.0 100.0 100.0 100.0 87.7 0.0 100.0 0.326 0.074 0.600 0.000 
440.9 40.584812 -3.556605 49.9 90.1 0.9 61.9 100.0 50.4 0.0 45.8 0.000 0.299 0.796 0.000 83.8 100.0 100.0 100.0 100.0 86.4 0.0 100.0 0.318 0.082 0.600 0.000 
