12.69 120.0 1 motorway 3 1 40.505222 -3.353082 1.874 71.5
13.74 90.0 1 motorway_link 1 1 40.505779 -3.355772 0.923 74.9
15.18 90.0 1 motorway_link 2 1 40.505787 -3.356040 1.364 78.5
17.41 120.0 1 motorway 4 1 40.505791 -3.356580 1.599 85.2
21.12 120.0 1 motorway 4 1 40.505821 -3.357153 3.304 94.2
23.25 120.0 1 motorway 3 1 40.505901 -3.358378 1.438 96.6
26.56 120.0 1 motorway 3 1 40.505943 -3.359025 2.743 101.8
27.67 120.0 1 motorway 3 1 40.505970 -3.360020 0.855 100.7
29.76 120.0 1 motorway 3 1 40.505966 -3.360353 1.943 99.8
31.04 120.0 1 motorway 3 1 40.505939 -3.361017 1.229 99.7
34.23 120.0 1 motorway 3 1 40.505882 -3.361667 2.418 99.9
36.37 120.0 1 motorway 3 1 40.505749 -3.362633 1.561 100.8
44.28 120.0 1 motorway 3 2 40.505604 -3.363269 7.464 105.7
46.29 120.0 1 motorway 3 2 40.504765 -3.365789 1.474 106.4
49.29 120.0 1 motorway 3 2 40.504482 -3.366389 2.481 107.0
53.80 120.0 1 motorway 3 2 40.504051 -3.367290 3.981 107.1
56.24 120.0 1 motorway 3 2 40.503468 -3.368455 2.421 107.4
70.05 120.0 1 motorway 3 2 40.503033 -3.369350 13.232 109.5
76.33 120.0 1 motorway 3 2 40.500977 -3.373546 5.516 111.1
93.82 -1.0 -1 - -1 -1 40.500084 -3.375379 17.006 108.1
104.26 120.0 1 motorway 3 1 40.497383 -3.380752 9.448 107.8
106.00 120.0 1 motorway 3 1 40.495865 -3.383682 1.190 107.6
108.01 120.0 1 motorway 3 1 40.495552 -3.384234 1.196 107.4
109.78 120.0 1 motorway 3 1 40.495243 -3.384806 0.962 103.9
110.63 120.0 1 motorway 3 1 40.495079 -3.385094 0.812 107.6
111.73 120.0 1 motorway 3 1 40.494915 -3.385375 0.916 108.3
113.68 120.0 1 motorway 3 1 40.494747 -3.385665 1.868 108.1
119.20 120.0 1 motorway 3 1 40.494411 -3.386221 5.382 109.3
121.14 120.0 1 motorway 3 1 40.493374 -3.387829 1.330 109.6
123.25 120.0 1 motorway 3 1 40.493015 -3.388359 1.439 109.7
124.85 120.0 1 motorway 3 1 40.492645 -3.388876 1.040 110.3
127.08 120.0 1 motorway 3 1 40.492268 -3.389394 1.268 111.6
128.87 120.0 1 motorway 3 1 40.491882 -3.389929 1.060 111.8
131.51 120.0 1 motorway 3 1 40.491497 -3.390453 1.694 112.1
133.77 120.0 1 motorway 3 1 40.491108 -3.390978 1.959 110.0
135.12 120.0 1 motorway 3 1 40.490723 -3.391492 1.306 107.7
147.69 120.0 1 motorway 3 2 40.490345 -3.391983 11.880 101.3
150.80 120.0 1 motorway 3 2 40.488152 -3.394877 2.976 99.4
152.28 120.0 1 motorway 3 1 40.487629 -3.395575 1.467 100.4
155.76 120.0 1 motorway 3 1 40.487282 -3.396070 2.943 101.2
166.16 120.0 1 motorway 3 1 40.486759 -3.396769 10.343 98.4
168.04 120.0 1 motorway 3 1 40.484642 -3.399157 1.230 97.1
169.54 120.0 1 motorway 3 1 40.484245 -3.399547 0.728 95.3
171.29 120.0 1 motorway 3 1 40.484043 -3.399742 1.479 94.9
188.45 -1.0 -1 - -1 -1 40.483665 -3.400124 16.637 93.7
194.36 120.0 1 motorway 3 1 40.480373 -3.403349 5.548 95.4
196.24 120.0 1 motorway 3 2 40.479233 -3.404526 1.425 95.1
199.53 120.0 1 motorway 3 2 40.478851 -3.404922 2.716 97.8
200.71 120.0 1 motorway 3 2 40.478302 -3.405552 0.894 98.5
209.73 120.0 1 motorway 3 2 40.478123 -3.405776 8.914 99.1
211.19 120.0 1 motorway 3 2 40.476631 -3.407944 1.374 98.2
216.89 120.0 1 motorway 3 2 40.476315 -3.408463 5.079 98.4
218.73 120.0 1 motorway 3 2 40.475487 -3.410046 0.921 98.6
219.99 120.0 1 motorway 3 2 40.475361 -3.410304 1.179 99.2
222.11 120.0 1 motorway 3 1 40.475121 -3.410864 1.298 98.2
223.66 120.0 1 motorway 3 1 40.474880 -3.411410 0.849 99.5
224.36 120.0 1 motorway 3 1 40.474773 -3.411696 0.549 99.9
226.00 120.0 1 motorway 3 1 40.474670 -3.412000 1.189 100.4
228.36 120.0 1 motorway 3 1 40.474457 -3.412588 1.551 100.6
235.73 120.0 1 motorway 3 1 40.474247 -3.413167 6.918 97.9
237.57 120.0 1 motorway 3 1 40.473625 -3.415242 1.758 98.0
239.31 120.0 1 motorway 3 1 40.473476 -3.415862 1.501 97.6
241.26 120.0 1 motorway 3 1 40.473331 -3.416484 1.446 96.5
243.82 120.0 1 motorway 3 1 40.473190 -3.417103 2.006 96.0
251.98 120.0 1 motorway 3 1 40.472973 -3.418010 7.158 97.8
258.25 120.0 1 motorway 3 1 40.472378 -3.420468 5.439 97.2
261.95 120.0 1 motorway 3 1 40.471905 -3.422289 3.136 94.0
265.49 120.0 1 motorway 3 1 40.471546 -3.423445 2.673 92.7
266.49 120.0 1 motorway 3 1 40.471317 -3.424302 0.676 92.3
273.87 120.0 1 motorway 3 1 40.471233 -3.424580 7.052 91.4
276.00 120.0 1 motorway 3 1 40.470558 -3.426772 1.185 91.3
278.23 120.0 1 motorway 3 1 40.470402 -3.427330 1.403 91.6
280.48 120.0 1 motorway 3 1 40.470242 -3.427908 1.666 94.1
282.34 120.0 1 motorway 3 1 40.470081 -3.428477 1.529 96.4
283.65 120.0 1 motorway 3 1 40.469925 -3.429080 0.839 97.7
284.47 120.0 1 motorway 3 1 40.469841 -3.429393 0.659 99.0
291.57 120.0 1 motorway 3 1 40.469761 -3.429703 6.760 100.3
300.05 120.0 1 motorway 3 1 40.469315 -3.431938 8.238 93.8
302.10 120.0 1 motorway 3 1 40.468876 -3.434780 1.291 93.3
303.93 120.0 1 motorway 3 1 40.468784 -3.435383 1.114 93.5
306.23 120.0 1 motorway 3 1 40.468678 -3.436001 1.413 92.4
308.35 120.0 1 motorway 3 1 40.468594 -3.436578 1.532 93.2
309.87 120.0 1 motorway 3 1 40.468494 -3.437166 1.056 93.1
312.02 120.0 1 motorway 3 1 40.468391 -3.437755 1.198 94.3
313.97 120.0 1 motorway 3 1 40.468285 -3.438356 1.151 96.0
316.22 120.0 1 motorway 3 1 40.468182 -3.438964 1.403 97.3
318.67 120.0 1 motorway 3 1 40.468075 -3.439578 1.860 94.4
321.24 120.0 1 motorway 3 1 40.467972 -3.440170 2.425 94.2
326.97 120.0 1 motorway 3 1 40.467819 -3.441066 5.159 95.0
329.43 120.0 1 motorway 3 1 40.467590 -3.442870 1.610 94.2
338.58 120.0 1 motorway 3 2 40.467525 -3.443487 8.761 96.0
341.20 120.0 1 motorway 3 2 40.467297 -3.446236 2.387 100.0
343.76 120.0 1 motorway 3 2 40.467209 -3.447214 1.950 103.0
352.37 120.0 1 motorway 3 2 40.467155 -3.447897 8.558 105.3
353.70 120.0 1 motorway 3 2 40.466888 -3.451008 0.887 105.3
356.07 120.0 1 motorway 3 2 40.466866 -3.451348 2.255 104.3
357.38 120.0 1 motorway 3 2 40.466789 -3.452384 0.570 102.8
358.78 120.0 1 motorway 3 2 40.466774 -3.452723 0.968 103.6
361.15 120.0 1 motorway 3 2 40.466770 -3.453047 2.332 99.4
362.61 120.0 1 motorway 3 2 40.466751 -3.454013 0.791 99.0
363.34 120.0 1 motorway 3 2 40.466747 -3.454355 0.525 100.5
364.65 120.0 1 motorway 3 2 40.466751 -3.454679 0.837 97.7
366.91 120.0 1 motorway 3 2 40.466751 -3.455009 2.093 95.9
368.65 120.0 1 motorway 3 2 40.466759 -3.455941 0.835 95.5
369.90 120.0 1 motorway 3 2 40.466778 -3.456263 1.089 94.3
372.03 120.0 1 motorway 3 2 40.466805 -3.456899 1.216 92.6
373.91 120.0 1 motorway 3 2 40.466824 -3.457499 1.100 91.7
376.03 120.0 1 motorway 3 2 40.466858 -3.458082 1.219 91.0
378.01 120.0 1 motorway 3 2 40.466885 -3.458671 1.196 92.1
380.73 120.0 1 motorway 3 2 40.466915 -3.459263 1.915 91.3
381.55 120.0 1 motorway 3 2 40.466957 -3.459844 0.735 92.0
382.90 120.0 1 motorway 3 2 40.466972 -3.460142 1.081 94.0
386.06 120.0 1 motorway 3 2 40.467018 -3.460744 2.239 98.8
388.92 120.0 1 motorway 3 2 40.467056 -3.461694 2.108 105.5
391.79 120.0 1 motorway 3 2 40.467102 -3.462711 1.974 108.4
393.53 120.0 1 motorway 3 2 40.467140 -3.463431 1.717 111.1
395.07 120.0 1 motorway 3 1 40.467182 -3.464150 1.252 111.9
396.82 120.0 1 motorway 3 1 40.467216 -3.464883 1.009 112.2
400.00 120.0 1 motorway 3 1 40.467228 -3.465629 2.187 112.4
407.57 120.0 1 motorway 3 1 40.467239 -3.466752 6.760 113.0
408.69 120.0 1 motorway 3 1 40.467201 -3.469362 0.871 112.3
411.45 120.0 1 motorway 3 1 40.467190 -3.469717 2.637 108.3
414.32 120.0 1 motorway 3 1 40.467125 -3.470768 2.506 103.8
416.26 120.0 1 motorway 3 1 40.467030 -3.471795 1.450 102.1
420.26 120.0 1 motorway 3 1 40.466957 -3.472464 3.444 101.3
422.30 -1.0 0 track 1 1 40.466812 -3.473743 1.491 100.2
424.15 120.0 1 motorway 3 1 40.466698 -3.474391 1.333 98.7
425.80 120.0 1 motorway 3 1 40.466606 -3.475001 0.983 96.9
431.79 120.0 1 motorway 3 1 40.466553 -3.475306 5.974 92.7
444.36 80.0 1 primary_link 1 1 40.466228 -3.477108 12.542 81.0
446.18 70.0 1 primary_link 1 1 40.465782 -3.480697 1.362 82.5
448.53 70.0 1 primary_link 1 1 40.465912 -3.481191 1.712 84.0
456.34 70.0 1 primary_link 1 1 40.466068 -3.481674 7.529 79.1
458.31 70.0 1 primary_link 1 1 40.466667 -3.483602 1.498 76.5
459.99 70.0 1 primary_link 1 1 40.466717 -3.484096 1.172 72.9
461.32 70.0 1 primary_link 1 1 40.466675 -3.484565 0.503 71.8
462.38 70.0 1 primary_link 1 1 40.466644 -3.484768 0.565 66.2
468.35 70.0 1 primary_link 1 1 40.466602 -3.484967 5.537 74.6
470.04 90.0 3 motorway_link 1 1 40.465973 -3.486097 1.225 78.4
472.69 90.0 3 motorway_link 1 1 40.465725 -3.486488 1.871 83.2
475.28 90.0 3 motorway_link 1 1 40.465450 -3.486926 2.464 84.0
477.51 50.0 1 primary 1 1 40.465042 -3.487552 1.695 73.1
478.73 50.0 1 primary 1 1 40.464733 -3.487851 0.916 68.2
480.01 50.0 1 primary 1 1 40.464569 -3.487935 1.195 63.0
483.30 50.0 1 primary 1 1 40.464249 -3.487961 2.490 56.2
485.84 50.0 1 primary 1 1 40.463856 -3.487720 2.025 57.7
488.97 50.0 1 primary 1 1 40.463585 -3.487276 2.153 59.1
491.65 50.0 1 primary 1 1 40.463539 -3.486688 1.835 61.2
493.23 100.0 3 primary 1 1 40.463627 -3.486327 1.416 64.1
495.32 90.0 1 motorway_link 1 1 40.463783 -3.485917 1.504 73.8
497.09 90.0 1 motorway_link 1 1 40.463917 -3.485445 1.274 81.6
499.53 90.0 1 motorway_link 1 1 40.464062 -3.484916 1.712 88.0
501.38 90.0 1 motorway_link 1 1 40.464203 -3.484383 1.566 91.7
503.29 90.0 1 motorway_link 1 1 40.464314 -3.483811 1.481 93.3
505.39 90.0 1 motorway_link 1 1 40.464451 -3.483230 1.578 92.3
512.53 90.0 1 motorway_link 1 1 40.464581 -3.482658 6.713 90.8
514.39 90.0 1 motorway_link 1 1 40.465073 -3.480736 1.579 90.9
516.21 90.0 1 motorway_link 1 1 40.465233 -3.480195 1.397 89.5
521.84 90.0 1 motorway_link 1 1 40.465389 -3.479666 5.024 93.1
524.09 90.0 1 motorway_link 1 1 40.465771 -3.477937 1.277 95.4
525.42 90.0 1 motorway_link 1 1 40.465897 -3.477310 0.608 96.9
527.69 90.0 1 motorway_link 1 1 40.465961 -3.477007 1.872 97.2
528.85 120.0 1 motorway 4 1 40.466080 -3.476385 1.040 95.6
531.05 120.0 1 motorway 4 1 40.466206 -3.475768 1.240 97.1
533.00 120.0 1 motorway 4 1 40.466331 -3.475158 1.185 99.0
535.26 120.0 1 motorway 4 1 40.466446 -3.474524 1.441 100.3
536.80 120.0 1 motorway 4 1 40.466560 -3.473889 0.987 99.3
537.81 120.0 1 motorway 4 1 40.466610 -3.473562 0.996 101.3
539.51 120.0 1 motorway 4 1 40.466656 -3.473231 1.696 103.0
541.71 120.0 1 motorway 4 1 40.466743 -3.472538 1.895 103.9
542.85 120.0 1 motorway 4 1 40.466812 -3.471860 1.032 105.3
544.84 120.0 1 motorway 4 1 40.466869 -3.471149 1.029 106.6
546.83 120.0 1 motorway 4 1 40.466919 -3.470425 1.011 109.3
549.49 120.0 1 motorway 3 1 40.466957 -3.469705 1.672 107.4
550.71 120.0 1 motorway 3 1 40.466988 -3.469004 0.901 107.0
551.64 120.0 1 motorway 3 1 40.467010 -3.468646 0.822 107.0
553.81 120.0 1 motorway 3 1 40.467022 -3.468309 1.993 106.0
556.56 120.0 1 motorway 3 1 40.467030 -3.467626 2.748 107.6
558.67 120.0 1 motorway 3 1 40.467014 -3.466573 1.846 107.6
559.62 120.0 1 motorway 3 1 40.466991 -3.465869 0.810 107.3
560.85 120.0 1 motorway 3 1 40.466976 -3.465511 1.039 107.5
563.48 120.0 1 motorway 3 1 40.466946 -3.464804 1.668 107.0
564.88 120.0 1 motorway 3 1 40.466923 -3.464103 1.065 106.2
567.02 120.0 1 motorway 3 1 40.466896 -3.463419 1.207 105.7
569.28 120.0 1 motorway 3 1 40.466869 -3.462718 1.468 107.1
571.09 120.0 1 motorway 3 1 40.466835 -3.462002 1.274 107.5
573.04 120.0 1 motorway 3 1 40.466820 -3.461307 1.225 107.8
575.10 120.0 1 motorway 3 1 40.466793 -3.460610 1.287 108.1
577.38 120.0 1 motorway 3 1 40.466743 -3.459908 1.563 108.4
578.53 120.0 1 motorway 3 1 40.466717 -3.459189 0.713 107.4
579.93 120.0 1 motorway 3 1 40.466698 -3.458846 1.114 108.0
583.69 120.0 1 motorway 3 1 40.466663 -3.458148 2.878 105.5
591.90 120.0 1 motorway 3 1 40.466625 -3.457134 8.088 103.1
594.37 120.0 1 motorway 3 1 40.466583 -3.454083 1.556 102.5
595.60 120.0 1 motorway 3 1 40.466602 -3.453404 0.788 102.3
598.72 120.0 1 motorway 3 1 40.466614 -3.453074 2.911 102.6
601.40 120.0 1 motorway 3 1 40.466656 -3.452051 2.590 103.0
607.14 120.0 1 motorway 3 1 40.466702 -3.451033 5.328 102.3
608.77 120.0 1 motorway 3 1 40.466820 -3.449000 0.964 102.1
616.87 120.0 1 motorway 3 1 40.466839 -3.448665 8.059 101.9
619.45 120.0 1 motorway 3 1 40.467094 -3.445652 1.641 102.9
622.24 120.0 1 motorway 3 1 40.467148 -3.444996 2.432 101.1
623.62 120.0 1 motorway 3 1 40.467220 -3.443988 0.810 100.9
624.95 120.0 1 motorway 3 1 40.467251 -3.443648 1.140 100.3
627.31 120.0 1 motorway 3 1 40.467300 -3.442988 1.504 100.0
629.05 120.0 1 motorway 3 1 40.467373 -3.442343 1.243 99.3
631.84 120.0 1 motorway 3 1 40.467445 -3.441729 2.026 99.9
634.19 120.0 1 motorway 3 1 40.467575 -3.440758 1.377 100.2
636.63 120.0 1 motorway 3 1 40.467674 -3.440139 1.815 101.7
639.18 120.0 1 motorway 3 1 40.467796 -3.439496 2.376 100.1
642.99 120.0 1 motorway 3 1 40.467979 -3.438535 3.176 99.5
645.33 120.0 1 motorway 3 1 40.468220 -3.437283 1.518 96.6
647.32 120.0 1 motorway 3 1 40.468338 -3.436682 1.515 96.6
650.24 120.0 1 motorway 3 1 40.468456 -3.436100 2.433 94.1
652.60 120.0 1 motorway 3 1 40.468601 -3.435228 1.791 94.8
654.44 120.0 1 motorway 3 1 40.468697 -3.434636 1.632 94.2
656.18 120.0 1 motorway 3 1 40.468773 -3.434030 1.374 93.2
657.62 120.0 1 motorway 3 1 40.468857 -3.433429 0.807 93.8
659.07 120.0 1 motorway 3 1 40.468910 -3.433141 1.257 94.6
661.81 120.0 1 motorway 3 1 40.468967 -3.432529 2.005 96.6
664.23 120.0 1 motorway 3 1 40.469128 -3.431596 1.425 96.1
666.12 120.0 1 motorway 3 1 40.469246 -3.430986 1.307 93.6
668.79 120.0 1 motorway 3 1 40.469353 -3.430396 1.978 89.9
670.60 120.0 1 motorway 3 1 40.469482 -3.429813 1.793 88.8
672.67 120.0 1 motorway 3 1 40.469631 -3.429245 1.864 90.0
685.88 120.0 1 motorway 3 1 40.469776 -3.428668 13.069 91.5
688.05 120.0 1 motorway 3 1 40.470879 -3.424667 1.241 92.8
689.84 120.0 1 motorway 3 1 40.471020 -3.424094 1.026 93.8
696.12 90.0 3 motorway_link 1 1 40.471184 -3.423514 5.313 92.6
703.90 90.0 3 motorway_link 1 1 40.471680 -3.421783 7.091 92.4
705.77 120.0 1 motorway 3 1 40.472324 -3.419497 0.958 92.2
707.12 120.0 1 motorway 3 1 40.472397 -3.419208 1.310 91.7
709.36 120.0 1 motorway 3 1 40.472557 -3.418660 1.554 89.2
711.73 120.0 1 motorway 3 1 40.472710 -3.418108 1.924 89.0
713.63 120.0 1 motorway 3 1 40.472839 -3.417554 1.820 83.6
715.27 120.0 1 motorway 3 1 40.472961 -3.417038 1.461 77.9
718.27 120.0 1 motorway 3 1 40.473091 -3.416572 2.462 75.5
721.22 120.0 1 motorway 3 1 40.473274 -3.415857 2.410 77.6
730.11 120.0 1 motorway 3 1 40.473457 -3.415143 8.305 86.5
732.27 120.0 1 motorway 3 1 40.474121 -3.412851 1.456 88.9
733.93 120.0 1 motorway 3 1 40.474316 -3.412337 1.120 92.1
736.06 120.0 1 motorway 3 1 40.474518 -3.411798 1.249 91.8
738.84 120.0 1 motorway 3 1 40.474720 -3.411257 2.034 89.8
741.31 120.0 1 motorway 3 1 40.475044 -3.410481 1.504 87.6
743.43 120.0 1 motorway 3 1 40.475273 -3.409966 1.620 86.8
745.38 120.0 1 motorway 3 1 40.475491 -3.409491 1.569 87.9
746.91 120.0 1 motorway 3 1 40.475742 -3.409019 1.090 89.3
750.08 120.0 1 motorway 3 2 40.475998 -3.408555 2.273 93.0
757.56 120.0 1 motorway 3 2 40.476433 -3.407844 6.750 105.1
758.85 120.0 1 motorway 3 2 40.477608 -3.406119 1.039 103.1
762.00 120.0 1 motorway 3 2 40.477951 -3.405632 2.191 98.9
766.11 120.0 1 motorway 3 2 40.478523 -3.404980 3.299 99.2
773.54 120.0 1 motorway 3 2 40.479267 -3.404136 6.725 105.7
774.76 120.0 1 motorway 3 2 40.480728 -3.402702 0.948 105.2
775.91 120.0 1 motorway 3 2 40.480946 -3.402481 1.098 105.0
778.47 120.0 1 motorway 3 1 40.481342 -3.402051 1.662 104.6
787.70 120.0 1 motorway 3 1 40.481739 -3.401617 8.888 80.2
793.32 120.0 1 motorway 3 1 40.483421 -3.399942 5.507 71.7
801.80 120.0 1 motorway 3 1 40.484318 -3.399064 7.987 84.7
802.78 120.0 1 motorway 3 1 40.485573 -3.397756 0.969 87.5
808.59 120.0 1 motorway 3 1 40.485744 -3.397564 5.779 101.2
812.15 120.0 1 motorway 3 1 40.486839 -3.396248 3.337 101.4
814.09 120.0 1 motorway 3 1 40.487541 -3.395329 1.277 100.4
815.62 120.0 1 motorway 3 1 40.487877 -3.394849 0.809 99.9
816.49 120.0 1 motorway 3 1 40.488041 -3.394613 0.681 101.4
819.00 120.0 1 motorway 3 1 40.488213 -3.394370 2.190 97.3
821.19 120.0 1 motorway 3 1 40.488731 -3.393665 1.376 97.2
822.48 120.0 1 motorway 3 1 40.489059 -3.393205 0.671 98.0
823.61 120.0 1 motorway 3 1 40.489231 -3.392967 0.797 98.1
825.25 120.0 1 motorway 3 1 40.489399 -3.392740 1.438 97.8
826.68 120.0 1 motorway 3 1 40.489735 -3.392273 0.869 97.8
828.01 120.0 1 motorway 3 1 40.489902 -3.392046 1.203 97.8
829.98 120.0 1 motorway 3 1 40.490231 -3.391597 1.175 97.5
832.22 120.0 1 motorway 3 1 40.490578 -3.391132 1.413 97.8
833.54 120.0 1 motorway 3 1 40.490921 -3.390673 0.729 96.9
835.00 120.0 1 motorway 3 1 40.491093 -3.390439 1.191 96.3
836.82 120.0 1 motorway 3 1 40.491421 -3.389993 1.006 96.4
839.10 120.0 1 motorway 3 1 40.491756 -3.389524 1.293 95.8
840.82 120.0 1 motorway 3 1 40.492100 -3.389067 1.010 95.8
843.23 120.0 1 motorway 3 1 40.492432 -3.388612 1.419 95.9
845.10 120.0 1 motorway 3 1 40.492748 -3.388146 1.291 97.5
846.65 120.0 1 motorway 3 1 40.493080 -3.387682 0.837 98.6
847.91 120.0 1 motorway 3 2 40.493244 -3.387455 1.096 98.9
850.14 120.0 1 motorway 3 2 40.493591 -3.387000 1.325 100.0
852.18 120.0 1 motorway 3 2 40.493916 -3.386527 1.370 98.0
854.07 120.0 1 motorway 3 2 40.494221 -3.386033 1.260 99.8
855.88 120.0 1 motorway 3 2 40.494530 -3.385534 1.067 102.0
858.05 120.0 1 motorway 3 1 40.494835 -3.384996 1.243 102.6
859.86 120.0 1 motorway 3 1 40.495140 -3.384455 1.051 103.8
863.03 120.0 1 motorway 3 1 40.495453 -3.383874 2.223 104.5
866.21 120.0 1 motorway 3 1 40.495892 -3.383001 2.396 105.3
867.64 120.0 1 motorway 3 1 40.496349 -3.382133 0.829 105.2
868.68 120.0 1 motorway 3 1 40.496498 -3.381848 0.873 105.2
870.00 120.0 1 motorway 3 1 40.496639 -3.381567 1.193 105.9
873.17 120.0 1 motorway 3 1 40.496948 -3.381002 2.362 105.2
875.32 120.0 1 motorway 3 1 40.497395 -3.380145 1.511 105.8
876.48 120.0 1 motorway 3 1 40.497688 -3.379580 0.669 105.6
877.48 120.0 1 motorway 3 1 40.497845 -3.379283 0.673 106.1
878.71 120.0 1 motorway 3 1 40.497997 -3.379004 0.900 106.1
882.28 120.0 1 motorway 3 1 40.498142 -3.378707 3.472 106.0
884.49 120.0 1 motorway 3 1 40.498745 -3.377568 1.682 104.3
886.29 120.0 1 motorway 3 1 40.499031 -3.377005 1.478 104.8
888.13 120.0 1 motorway 3 1 40.499332 -3.376422 1.323 105.2
889.46 120.0 1 motorway 3 1 40.499630 -3.375852 0.652 104.6
890.59 120.0 1 motorway 3 1 40.499779 -3.375574 0.779 104.5
892.11 120.0 1 motorway 3 1 40.499924 -3.375291 1.303 103.9
894.30 120.0 1 motorway 3 1 40.500210 -3.374709 1.491 103.7
896.22 120.0 1 motorway 3 1 40.500488 -3.374171 1.406 102.9
897.95 120.0 1 motorway 3 1 40.500744 -3.373589 1.142 102.7
900.14 120.0 1 motorway 3 1 40.501007 -3.373036 1.328 101.8
903.19 120.0 1 motorway 3 1 40.501282 -3.372474 2.376 100.4
904.71 120.0 1 motorway 3 1 40.501682 -3.371649 0.899 99.7
906.59 120.0 1 motorway 3 1 40.501820 -3.371368 1.778 99.9
908.24 120.0 1 motorway 3 1 40.502090 -3.370797 1.432 100.1
910.04 120.0 1 motorway 4 2 40.502361 -3.370245 1.229 101.9
913.04 120.0 1 motorway 4 2 40.502625 -3.369677 2.227 102.2
915.98 120.0 1 motorway 4 2 40.503025 -3.368807 2.169 100.5
917.88 120.0 1 motorway 4 2 40.503407 -3.367985 1.072 99.1
919.66 120.0 1 motorway 4 2 40.503670 -3.367424 0.856 98.5
921.41 120.0 1 motorway 4 2 40.503796 -3.367156 1.600 96.5
927.54 120.0 1 motorway 4 2 40.504051 -3.366623 5.735 97.6
930.03 120.0 1 motorway 4 2 40.504768 -3.364940 2.218 98.7
932.32 120.0 1 motorway 4 2 40.505047 -3.364043 1.508 97.6
934.10 120.0 1 motorway 4 2 40.505219 -3.363444 1.289 97.3
935.95 120.0 1 motorway 4 2 40.505360 -3.362822 1.141 98.2
938.34 120.0 1 motorway 3 2 40.505470 -3.362209 1.533 98.0
940.45 120.0 1 motorway 3 2 40.505558 -3.361573 1.641 95.4
941.81 90.0 3 motorway_link 1 2 40.505589 -3.360946 1.002 97.6
944.03 90.0 3 motorway_link 1 2 40.505600 -3.360298 1.226 98.4
