16.97 -1 40.505852 -3.357188 0.54 1.50
39.28 -1 40.505589 -3.363291 0.75 1.50
58.95 1 40.502907 -3.369552 0.32 1.50
82.26 -1 40.498909 -3.377664 0.49 1.50
90.30 1 40.497517 -3.380355 0.83 1.50
124.13 -1 40.490788 -3.391382 0.97 1.50
330.99 1 40.467201 -3.467715 0.48 1.50
335.21 1 40.467197 -3.469427 0.64 1.50
337.56 1 40.467167 -3.470132 0.28 1.50
439.82 -1 40.465553 -3.478927 1.09 1.50
442.83 -1 40.465801 -3.477928 1.13 1.50
607.55 1 40.473679 -3.414558 0.69 1.50
624.12 -1 40.475849 -3.408937 0.29 1.50
668.79 1 40.486160 -3.397196 0.82 1.50
675.03 1 40.487514 -3.395466 0.40 1.50
731.86 -1 40.497620 -3.379726 0.43 1.50
752.89 1 40.500969 -3.373117 0.61 1.50
764.05 1 40.502670 -3.369416 0.58 1.50
798.40 1 40.505638 -3.359684 0.60 1.50
