11.98 3 1 40.505657 -3.356018 20151209153149 
57.86 2 1 40.503067 -3.369216 20151209153235 
81.90 2 2 40.499084 -3.377332 20151209153259 
134.17 3 1 40.488235 -3.394805 20151209153352 
156.35 1 2 40.482334 -3.401293 20151209153414 
160.77 3 1 40.481312 -3.402291 20151209153418 
181.31 3 1 40.476433 -3.408208 20151209153439 
284.11 3 1 40.466965 -3.449893 20151209153622 
325.79 1 1 40.467178 -3.465891 20151209153703 
331.13 2 1 40.467201 -3.467715 20151209153709 
365.78 2 1 40.465874 -3.479236 20151209153743 
374.04 1 1 40.466080 -3.481611 20151209153751 
377.14 2 1 40.466465 -3.482755 20151209153755 
378.30 1 1 40.466534 -3.482974 20151209153756 
388.21 1 1 40.466251 -3.485716 20151209153806 
392.91 1 1 40.465668 -3.486557 20151209153810 
398.70 2 2 40.464809 -3.487753 20151209153816 
404.52 1 1 40.463970 -3.487737 20151209153822 
401.40 1 3 40.463654 -3.487145 20151209153826 
410.37 1 1 40.463623 -3.486769 20151209153828 
411.17 2 2 40.463623 -3.486769 20151209153829 
416.68 1 1 40.463951 -3.485621 20151209153834 
423.76 1 1 40.464386 -3.483749 20151209153841 
426.85 1 1 40.464569 -3.482872 20151209153844 
428.80 3 1 40.464699 -3.482326 20151209153846 
442.76 2 1 40.465801 -3.477928 20151209153900 
493.55 3 1 40.466694 -3.456695 20151209153951 
502.92 3 1 40.466682 -3.453299 20151209154000 
529.63 3 1 40.467354 -3.443708 20151209154027 
536.76 2 1 40.467640 -3.441166 20151209154034 
541.19 3 1 40.467953 -3.439332 20151209154039 
623.79 2 2 40.475849 -3.408937 20151209154201 
641.77 2 1 40.479462 -3.403927 20151209154219 
674.33 2 2 40.487514 -3.395466 20151209154252 
705.00 1 1 40.493874 -3.386508 20151209154322 
705.50 3 1 40.494026 -3.386263 20151209154323 
721.69 1 1 40.496376 -3.382125 20151209154339 
731.07 2 1 40.497498 -3.379964 20151209154349 
731.19 3 1 40.497498 -3.379964 20151209154349 
763.96 3 1 40.502670 -3.369416 20151209154421 
775.26 1 1 40.504398 -3.365687 20151209154433 
776.01 3 1 40.504398 -3.365687 20151209154433 
801.79 1 1 40.505611 -3.359006 20151209154459 
