11.24 -1.00 -1.00 0 73.8 
11.39 -1.00 -1.00 1 73.8 
11.49 31.95 1.56 2 73.8 
11.62 32.06 1.56 2 73.8 
11.77 31.95 1.56 2 73.8 
11.94 31.38 1.53 2 73.8 
12.08 31.07 1.52 2 73.8 
12.21 30.96 1.51 2 73.8 
12.44 30.65 1.50 2 73.8 
12.61 31.15 1.70 2 66.1 
12.77 31.28 1.70 2 66.1 
12.88 31.12 1.70 2 66.1 
13.11 31.26 1.70 2 66.1 
13.29 32.99 1.80 2 66.1 
13.42 34.43 1.80 2 68.7 
13.58 -1.00 -1.00 2 68.7 
13.71 -1.00 -1.00 2 68.7 
13.85 -1.00 -1.00 2 68.7 
14.02 -1.00 -1.00 2 68.7 
14.20 34.28 1.80 2 68.7 
14.41 -1.00 -1.00 2 68.7 
14.55 -1.00 -1.00 2 66.0 
14.72 -1.00 -1.00 2 66.0 
14.85 -1.00 -1.00 2 66.0 
15.02 -1.00 -1.00 2 66.0 
15.15 -1.00 -1.00 2 66.0 
15.33 -1.00 -1.00 2 66.0 
15.45 -1.00 -1.00 2 66.7 
15.61 -1.00 -1.00 1 66.7 
15.78 -1.00 -1.00 1 66.7 
15.91 -1.00 -1.00 1 66.7 
16.03 42.23 2.28 1 66.7 
16.18 -1.00 -1.00 1 66.7 
16.33 -1.00 -1.00 0 66.7 
16.49 -1.00 -1.00 0 69.6 
16.62 -1.00 -1.00 0 69.6 
16.79 -1.00 -1.00 0 69.6 
16.92 -1.00 -1.00 0 69.6 
17.09 -1.00 -1.00 0 69.6 
17.20 -1.00 -1.00 0 69.6 
17.38 -1.00 -1.00 0 69.6 
17.49 -1.00 -1.00 0 72.5 
17.60 -1.00 -1.00 0 72.5 
17.73 -1.00 -1.00 0 72.5 
17.85 -1.00 -1.00 0 72.5 
17.96 -1.00 -1.00 0 72.5 
18.09 -1.00 -1.00 0 72.5 
18.21 -1.00 -1.00 0 72.5 
18.35 -1.00 -1.00 0 72.5 
18.47 -1.00 -1.00 0 75.3 
18.59 -1.00 -1.00 0 75.3 
18.70 -1.00 -1.00 0 75.3 
18.82 -1.00 -1.00 0 75.3 
18.95 -1.00 -1.00 0 75.3 
19.06 -1.00 -1.00 0 75.3 
19.17 -1.00 -1.00 0 75.3 
19.29 -1.00 -1.00 0 75.3 
19.44 -1.00 -1.00 0 75.3 
19.56 -1.00 -1.00 0 78.4 
19.70 -1.00 -1.00 0 78.4 
19.81 -1.00 -1.00 0 78.4 
19.94 -1.00 -1.00 0 78.4 
20.06 -1.00 -1.00 0 78.4 
20.18 -1.00 -1.00 0 78.4 
20.30 -1.00 -1.00 1 78.4 
20.51 -1.00 -1.00 1 78.4 
20.66 -1.00 -1.00 1 79.7 
20.81 -1.00 -1.00 1 79.7 
20.96 -1.00 -1.00 1 79.7 
21.11 -1.00 -1.00 1 79.7 
21.28 -1.00 -1.00 1 79.7 
21.41 -1.00 -1.00 1 79.6 
21.58 -1.00 -1.00 1 79.6 
21.71 -1.00 -1.00 1 79.6 
21.86 -1.00 -1.00 1 79.6 
22.03 -1.00 -1.00 1 79.6 
22.22 -1.00 -1.00 1 79.6 
22.37 -1.00 -1.00 1 79.0 
22.51 -1.00 -1.00 1 79.0 
22.69 -1.00 -1.00 1 79.0 
22.82 -1.00 -1.00 1 79.0 
22.96 -1.00 -1.00 0 79.0 
23.14 -1.00 -1.00 0 79.0 
23.29 -1.00 -1.00 0 79.7 
23.42 -1.00 -1.00 0 79.7 
23.56 9.51 0.43 1 79.7 
23.72 9.45 0.43 1 79.7 
23.88 9.14 0.41 1 79.7 
24.04 9.22 0.42 1 79.7 
24.17 10.90 0.49 1 79.7 
24.33 12.01 0.55 1 78.8 
24.46 11.87 0.54 1 78.8 
24.61 11.75 0.54 1 78.8 
24.76 12.97 0.59 2 78.8 
24.87 12.66 0.58 2 78.8 
25.03 12.06 0.55 2 78.8 
25.22 11.06 0.51 2 78.8 
25.36 10.26 0.46 2 80.2 
25.52 9.63 0.43 2 80.2 
25.66 9.16 0.41 2 80.2 
25.82 8.82 0.40 2 80.2 
25.97 8.57 0.38 2 80.2 
26.10 10.20 0.46 2 80.2 
26.28 9.76 0.44 2 80.2 
26.45 10.12 0.46 2 79.0 
26.60 9.62 0.44 2 79.0 
26.76 9.23 0.42 2 79.0 
26.90 8.58 0.39 2 79.0 
27.05 9.19 0.42 2 79.0 
27.24 10.37 0.47 2 79.0 
27.41 11.07 0.50 2 80.4 
27.57 12.26 0.55 2 80.4 
27.68 12.27 0.55 2 80.4 
27.81 11.61 0.52 2 80.4 
27.99 11.44 0.51 2 80.4 
28.16 -1.00 -1.00 1 80.4 
28.29 -1.00 -1.00 1 79.4 
28.41 -1.00 -1.00 1 79.4 
28.54 -1.00 -1.00 1 79.4 
28.65 -1.00 -1.00 1 79.4 
28.80 -1.00 -1.00 1 79.4 
28.94 -1.00 -1.00 1 79.4 
29.11 -1.00 -1.00 1 79.4 
29.24 -1.00 -1.00 1 79.1 
29.36 -1.00 -1.00 1 79.1 
29.48 -1.00 -1.00 1 79.1 
29.61 -1.00 -1.00 1 79.1 
29.76 -1.00 -1.00 1 79.1 
29.87 -1.00 -1.00 1 79.1 
29.99 -1.00 -1.00 1 79.1 
30.14 -1.00 -1.00 1 79.1 
30.29 -1.00 -1.00 1 79.9 
30.41 -1.00 -1.00 1 79.9 
30.56 -1.00 -1.00 1 79.9 
30.70 -1.00 -1.00 1 79.9 
30.83 -1.00 -1.00 1 79.9 
30.96 -1.00 -1.00 1 79.9 
31.10 -1.00 -1.00 1 79.9 
31.24 -1.00 -1.00 1 79.9 
31.40 -1.00 -1.00 1 80.9 
31.51 -1.00 -1.00 1 80.9 
31.65 -1.00 -1.00 1 80.9 
31.78 -1.00 -1.00 0 80.9 
31.91 -1.00 -1.00 0 80.9 
32.01 -1.00 -1.00 0 80.9 
32.16 -1.00 -1.00 0 80.9 
32.28 -1.00 -1.00 0 83.0 
32.42 -1.00 -1.00 0 83.0 
32.53 -1.00 -1.00 1 83.0 
32.66 -1.00 -1.00 2 83.0 
32.78 -1.00 -1.00 2 83.0 
32.90 36.97 1.60 2 83.0 
33.02 -1.00 -1.00 2 83.0 
33.15 -1.00 -1.00 2 83.0 
33.29 -1.00 -1.00 2 83.1 
33.40 -1.00 -1.00 2 83.1 
33.52 -1.00 -1.00 2 83.1 
33.65 -1.00 -1.00 2 83.1 
33.76 -1.00 -1.00 2 83.1 
33.87 -1.00 -1.00 2 83.1 
34.00 -1.00 -1.00 2 83.1 
34.13 -1.00 -1.00 2 83.1 
34.26 66.56 2.74 3 87.4 
34.38 66.56 2.74 3 87.4 
34.51 65.77 2.71 3 87.4 
34.70 65.79 2.71 3 87.4 
34.85 74.20 3.06 3 87.4 
35.00 82.24 3.39 3 87.4 
35.15 90.05 3.71 3 87.4 
35.29 88.56 3.65 3 87.4 
35.43 91.89 3.69 3 89.6 
35.54 89.04 3.58 3 89.6 
35.68 84.71 3.40 3 89.6 
35.83 80.12 3.22 3 89.6 
35.94 78.79 3.16 3 89.6 
36.10 74.12 2.98 3 89.6 
36.23 71.73 2.88 3 89.6 
36.34 71.03 2.79 3 91.7 
36.49 67.86 2.66 3 91.7 
36.61 70.33 2.76 3 91.7 
36.77 69.80 2.74 3 91.7 
36.90 67.25 2.64 3 91.7 
37.02 62.81 2.47 2 91.7 
37.18 58.12 2.28 2 91.7 
37.33 52.71 2.03 2 93.6 
37.49 47.64 1.83 2 93.6 
37.64 42.85 1.65 2 93.6 
37.80 -1.00 -1.00 1 93.6 
37.93 -1.00 -1.00 1 93.6 
38.03 -1.00 -1.00 1 93.6 
38.17 -1.00 -1.00 1 93.6 
38.29 -1.00 -1.00 1 95.3 
38.41 -1.00 -1.00 1 95.3 
38.53 -1.00 -1.00 1 95.3 
38.65 -1.00 -1.00 1 95.3 
38.76 -1.00 -1.00 1 95.3 
38.85 -1.00 -1.00 1 95.3 
38.98 -1.00 -1.00 1 95.3 
39.11 -1.00 -1.00 1 95.3 
39.21 -1.00 -1.00 1 95.3 
39.35 -1.00 -1.00 0 97.0 
39.45 -1.00 -1.00 0 97.0 
39.56 -1.00 -1.00 0 97.0 
39.70 -1.00 -1.00 0 97.0 
39.80 -1.00 -1.00 0 97.0 
39.91 -1.00 -1.00 0 97.0 
40.01 -1.00 -1.00 0 97.0 
40.15 -1.00 -1.00 0 97.0 
40.26 -1.00 -1.00 0 100.2 
40.37 -1.00 -1.00 0 100.2 
40.46 -1.00 -1.00 0 100.2 
40.55 -1.00 -1.00 0 100.2 
40.66 -1.00 -1.00 0 100.2 
40.77 -1.00 -1.00 0 100.2 
40.87 -1.00 -1.00 0 100.2 
40.95 -1.00 -1.00 0 100.2 
41.06 -1.00 -1.00 0 100.2 
41.17 -1.00 -1.00 0 100.2 
41.28 -1.00 -1.00 0 102.6 
41.39 -1.00 -1.00 0 102.6 
41.50 -1.00 -1.00 0 102.6 
41.62 -1.00 -1.00 0 102.6 
41.73 -1.00 -1.00 0 102.6 
41.83 -1.00 -1.00 0 102.6 
41.95 -1.00 -1.00 0 102.6 
42.08 -1.00 -1.00 0 102.6 
42.23 -1.00 -1.00 0 102.6 
42.34 -1.00 -1.00 0 104.3 
42.45 -1.00 -1.00 0 104.3 
42.57 -1.00 -1.00 0 104.3 
42.69 -1.00 -1.00 0 104.3 
42.79 -1.00 -1.00 0 104.3 
42.90 -1.00 -1.00 0 104.3 
42.99 -1.00 -1.00 0 104.3 
43.11 -1.00 -1.00 0 104.3 
43.24 -1.00 -1.00 0 107.8 
43.36 -1.00 -1.00 0 107.8 
43.45 -1.00 -1.00 0 107.8 
43.57 -1.00 -1.00 0 107.8 
43.68 -1.00 -1.00 0 107.8 
43.79 -1.00 -1.00 0 107.8 
43.90 -1.00 -1.00 0 107.8 
44.02 -1.00 -1.00 0 107.8 
44.15 -1.00 -1.00 0 107.8 
44.25 -1.00 -1.00 0 109.3 
44.36 -1.00 -1.00 0 109.3 
44.47 -1.00 -1.00 0 109.3 
44.58 -1.00 -1.00 0 109.3 
44.69 -1.00 -1.00 0 109.3 
44.81 -1.00 -1.00 0 109.3 
44.92 -1.00 -1.00 0 109.3 
45.04 -1.00 -1.00 0 109.3 
45.16 -1.00 -1.00 0 109.3 
45.27 -1.00 -1.00 0 109.3 
45.39 -1.00 -1.00 0 112.7 
45.49 -1.00 -1.00 0 112.7 
45.62 -1.00 -1.00 0 112.7 
45.73 -1.00 -1.00 0 112.7 
45.84 -1.00 -1.00 0 112.7 
45.95 -1.00 -1.00 0 112.7 
46.08 -1.00 -1.00 0 112.7 
46.23 -1.00 -1.00 0 112.7 
46.33 -1.00 -1.00 0 113.8 
46.45 -1.00 -1.00 0 113.8 
46.56 -1.00 -1.00 0 113.8 
46.67 -1.00 -1.00 0 113.8 
46.78 -1.00 -1.00 0 113.8 
46.89 -1.00 -1.00 0 113.8 
47.00 -1.00 -1.00 0 113.8 
47.11 -1.00 -1.00 0 113.8 
47.23 -1.00 -1.00 0 113.8 
47.32 -1.00 -1.00 0 116.0 
47.45 -1.00 -1.00 0 116.0 
47.56 -1.00 -1.00 0 116.0 
47.67 -1.00 -1.00 0 116.0 
47.78 -1.00 -1.00 0 116.0 
47.90 -1.00 -1.00 0 116.0 
48.00 -1.00 -1.00 0 116.0 
48.12 -1.00 -1.00 0 116.0 
48.23 -1.00 -1.00 0 118.3 
48.36 -1.00 -1.00 0 118.3 
48.47 -1.00 -1.00 0 118.3 
48.56 -1.00 -1.00 0 118.3 
48.69 -1.00 -1.00 0 118.3 
48.79 -1.00 -1.00 0 118.3 
48.89 -1.00 -1.00 0 118.3 
48.99 -1.00 -1.00 0 118.3 
49.13 -1.00 -1.00 0 118.3 
49.25 -1.00 -1.00 0 118.0 
49.39 -1.00 -1.00 1 118.0 
49.50 -1.00 -1.00 1 118.0 
49.63 -1.00 -1.00 1 118.0 
49.85 -1.00 -1.00 1 118.0 
49.94 -1.00 -1.00 1 118.0 
50.06 -1.00 -1.00 1 118.0 
50.18 -1.00 -1.00 1 118.0 
50.32 -1.00 -1.00 1 117.0 
50.44 -1.00 -1.00 1 117.0 
50.56 -1.00 -1.00 1 117.0 
50.69 -1.00 -1.00 1 117.0 
50.79 -1.00 -1.00 1 117.0 
50.90 -1.00 -1.00 1 117.0 
51.02 -1.00 -1.00 1 117.0 
51.18 -1.00 -1.00 1 117.0 
51.32 -1.00 -1.00 1 117.1 
51.43 -1.00 -1.00 1 117.1 
51.55 -1.00 -1.00 1 117.1 
51.67 -1.00 -1.00 1 117.1 
51.80 -1.00 -1.00 1 117.1 
51.91 -1.00 -1.00 1 117.1 
52.02 -1.00 -1.00 1 117.1 
52.18 -1.00 -1.00 1 117.1 
52.30 -1.00 -1.00 1 117.9 
52.42 -1.00 -1.00 1 117.9 
52.56 -1.00 -1.00 1 117.9 
52.68 -1.00 -1.00 1 117.9 
52.78 -1.00 -1.00 1 117.9 
52.92 -1.00 -1.00 1 117.9 
53.10 -1.00 -1.00 1 117.9 
53.25 -1.00 -1.00 1 118.7 
53.38 -1.00 -1.00 1 118.7 
53.52 -1.00 -1.00 1 118.7 
53.67 -1.00 -1.00 1 118.7 
53.79 -1.00 -1.00 1 118.7 
53.92 -1.00 -1.00 1 118.7 
54.05 -1.00 -1.00 1 118.7 
54.20 -1.00 -1.00 1 118.7 
54.33 -1.00 -1.00 2 119.2 
54.45 -1.00 -1.00 2 119.2 
54.61 -1.00 -1.00 2 119.2 
54.76 -1.00 -1.00 2 119.2 
54.90 -1.00 -1.00 1 119.2 
55.03 -1.00 -1.00 1 119.2 
55.18 -1.00 -1.00 1 119.2 
55.32 -1.00 -1.00 1 120.2 
55.45 -1.00 -1.00 1 120.2 
55.58 -1.00 -1.00 1 120.2 
55.71 -1.00 -1.00 0 120.2 
55.83 -1.00 -1.00 0 120.2 
55.95 -1.00 -1.00 0 120.2 
56.09 -1.00 -1.00 0 120.2 
56.22 -1.00 -1.00 0 120.2 
56.34 -1.00 -1.00 0 122.5 
56.48 -1.00 -1.00 0 122.5 
56.59 -1.00 -1.00 0 122.5 
56.72 -1.00 -1.00 1 122.5 
56.87 -1.00 -1.00 1 122.5 
56.99 -1.00 -1.00 1 122.5 
57.17 -1.00 -1.00 1 122.5 
57.31 -1.00 -1.00 0 122.9 
57.42 -1.00 -1.00 0 122.9 
57.54 -1.00 -1.00 0 122.9 
57.66 -1.00 -1.00 0 122.9 
57.79 -1.00 -1.00 0 122.9 
57.93 -1.00 -1.00 0 122.9 
58.07 -1.00 -1.00 0 122.9 
58.21 -1.00 -1.00 0 122.9 
58.33 -1.00 -1.00 0 123.6 
58.44 -1.00 -1.00 0 123.6 
58.58 -1.00 -1.00 0 123.6 
58.70 -1.00 -1.00 0 123.6 
58.81 -1.00 -1.00 0 123.6 
58.94 -1.00 -1.00 0 123.6 
59.07 -1.00 -1.00 0 123.6 
59.22 -1.00 -1.00 0 123.6 
59.35 -1.00 -1.00 0 123.7 
59.50 -1.00 -1.00 0 123.7 
59.62 -1.00 -1.00 0 123.7 
59.90 -1.00 -1.00 0 123.7 
60.02 -1.00 -1.00 0 123.7 
60.17 -1.00 -1.00 0 123.7 
60.27 -1.00 -1.00 0 124.7 
60.37 -1.00 -1.00 0 124.7 
60.48 -1.00 -1.00 0 124.7 
60.61 -1.00 -1.00 0 124.7 
60.71 -1.00 -1.00 0 124.7 
60.83 -1.00 -1.00 0 124.7 
60.96 -1.00 -1.00 0 124.7 
61.07 -1.00 -1.00 0 124.7 
61.23 -1.00 -1.00 0 124.7 
61.34 -1.00 -1.00 0 125.8 
61.46 -1.00 -1.00 0 125.8 
61.57 -1.00 -1.00 0 125.8 
61.69 -1.00 -1.00 0 125.8 
61.83 -1.00 -1.00 0 125.8 
61.95 -1.00 -1.00 0 125.8 
62.06 -1.00 -1.00 0 125.8 
62.23 -1.00 -1.00 0 125.8 
62.37 -1.00 -1.00 0 126.4 
62.48 -1.00 -1.00 0 126.4 
62.60 -1.00 -1.00 0 126.4 
62.74 -1.00 -1.00 0 126.4 
62.85 -1.00 -1.00 0 126.4 
62.97 -1.00 -1.00 0 126.4 
63.07 -1.00 -1.00 0 126.4 
63.24 -1.00 -1.00 0 126.4 
63.35 -1.00 -1.00 0 126.8 
63.48 -1.00 -1.00 0 126.8 
63.60 -1.00 -1.00 0 126.8 
63.74 -1.00 -1.00 0 126.8 
63.85 -1.00 -1.00 0 126.8 
63.97 -1.00 -1.00 0 126.8 
64.13 -1.00 -1.00 0 126.8 
64.25 -1.00 -1.00 0 126.3 
64.37 -1.00 -1.00 0 126.3 
64.50 -1.00 -1.00 0 126.3 
64.63 -1.00 -1.00 0 126.3 
64.73 -1.00 -1.00 0 126.3 
64.85 -1.00 -1.00 0 126.3 
64.96 -1.00 -1.00 0 126.3 
65.08 -1.00 -1.00 0 126.3 
65.22 -1.00 -1.00 0 126.3 
65.33 -1.00 -1.00 0 124.5 
65.45 -1.00 -1.00 0 124.5 
65.55 -1.00 -1.00 0 124.5 
65.67 -1.00 -1.00 0 124.5 
65.77 -1.00 -1.00 0 124.5 
65.89 -1.00 -1.00 0 124.5 
66.01 -1.00 -1.00 0 124.5 
66.17 -1.00 -1.00 0 124.5 
66.29 -1.00 -1.00 0 122.9 
66.40 -1.00 -1.00 0 122.9 
66.52 -1.00 -1.00 0 122.9 
66.64 -1.00 -1.00 0 122.9 
66.74 -1.00 -1.00 0 122.9 
66.85 -1.00 -1.00 0 122.9 
66.98 -1.00 -1.00 0 122.9 
67.08 -1.00 -1.00 0 122.9 
67.23 -1.00 -1.00 0 122.9 
67.36 -1.00 -1.00 0 121.7 
67.47 -1.00 -1.00 0 121.7 
67.59 -1.00 -1.00 0 121.7 
67.72 -1.00 -1.00 0 121.7 
67.82 -1.00 -1.00 0 121.7 
67.95 -1.00 -1.00 0 121.7 
68.06 -1.00 -1.00 0 121.7 
68.21 -1.00 -1.00 0 121.7 
68.34 -1.00 -1.00 0 120.7 
68.45 -1.00 -1.00 0 120.7 
68.57 -1.00 -1.00 0 120.7 
68.70 -1.00 -1.00 0 120.7 
68.84 -1.00 -1.00 0 120.7 
68.96 -1.00 -1.00 0 120.7 
69.12 -1.00 -1.00 0 120.7 
69.25 -1.00 -1.00 0 120.3 
69.35 -1.00 -1.00 0 120.3 
69.47 -1.00 -1.00 0 120.3 
69.59 -1.00 -1.00 0 120.3 
69.84 -1.00 -1.00 0 120.3 
70.02 -1.00 -1.00 0 120.3 
70.14 -1.00 -1.00 0 120.3 
70.29 -1.00 -1.00 0 120.6 
70.43 -1.00 -1.00 0 120.6 
70.56 -1.00 -1.00 0 120.6 
70.67 -1.00 -1.00 0 120.6 
70.76 -1.00 -1.00 0 120.6 
70.89 -1.00 -1.00 0 120.6 
71.01 -1.00 -1.00 0 120.6 
71.18 -1.00 -1.00 0 120.6 
71.29 -1.00 -1.00 0 120.7 
71.40 -1.00 -1.00 0 120.7 
71.52 -1.00 -1.00 0 120.7 
71.65 -1.00 -1.00 0 120.7 
71.77 -1.00 -1.00 0 120.7 
71.88 -1.00 -1.00 0 120.7 
72.01 -1.00 -1.00 0 120.7 
72.14 -1.00 -1.00 0 120.7 
72.27 -1.00 -1.00 0 120.9 
72.39 -1.00 -1.00 0 120.9 
72.49 -1.00 -1.00 0 120.9 
72.60 -1.00 -1.00 0 120.9 
72.71 -1.00 -1.00 0 120.9 
72.84 -1.00 -1.00 0 120.9 
72.93 -1.00 -1.00 1 120.9 
73.07 -1.00 -1.00 1 120.9 
73.22 -1.00 -1.00 1 120.9 
73.34 -1.00 -1.00 1 121.1 
73.46 -1.00 -1.00 1 121.1 
73.59 -1.00 -1.00 1 121.1 
73.73 -1.00 -1.00 1 121.1 
73.89 -1.00 -1.00 1 121.1 
74.02 -1.00 -1.00 1 121.1 
74.15 -1.00 -1.00 1 121.1 
74.32 -1.00 -1.00 1 121.1 
74.44 44.38 1.31 2 121.5 
74.58 44.53 1.32 2 121.5 
74.72 44.74 1.33 2 121.5 
74.85 44.26 1.31 2 121.5 
74.96 44.60 1.32 2 121.5 
75.09 44.58 1.32 2 121.5 
75.24 44.57 1.32 2 121.5 
75.38 44.15 1.30 1 121.8 
75.49 44.19 1.31 1 121.8 
75.59 43.78 1.29 1 121.8 
75.72 42.72 1.26 1 121.8 
75.84 41.44 1.22 1 121.8 
75.95 40.59 1.20 1 121.8 
76.07 40.19 1.19 1 121.8 
76.24 39.86 1.18 1 121.8 
76.37 39.18 1.16 1 121.9 
76.48 38.25 1.13 1 121.9 
76.62 38.19 1.13 1 121.9 
76.73 37.38 1.10 1 121.9 
76.86 36.39 1.07 1 121.9 
76.97 35.83 1.06 1 121.9 
77.14 35.35 1.04 1 121.9 
77.26 34.95 1.04 1 121.5 
77.38 34.28 1.02 1 121.5 
77.48 34.02 1.01 1 121.5 
77.60 34.20 1.01 1 121.5 
77.76 33.35 0.99 1 121.5 
77.89 32.62 0.97 1 121.5 
78.01 31.98 0.95 1 121.5 
78.17 30.94 0.92 1 121.5 
78.28 30.03 0.89 1 120.9 
78.41 29.05 0.87 1 120.9 
78.51 28.21 0.84 1 120.9 
78.65 28.01 0.83 1 120.9 
78.75 27.59 0.82 1 120.9 
78.88 26.80 0.80 1 120.9 
78.98 25.91 0.77 1 120.9 
79.11 24.99 0.74 1 120.9 
79.25 24.05 0.72 1 120.9 
79.37 23.11 0.69 1 120.5 
79.50 22.17 0.66 1 120.5 
79.62 21.26 0.64 1 120.5 
79.85 19.80 0.59 1 120.5 
79.94 19.22 0.57 1 120.5 
80.11 18.38 0.55 1 120.5 
80.25 17.96 0.54 1 120.8 
80.35 17.65 0.53 1 120.8 
80.47 17.15 0.51 1 120.8 
80.58 16.75 0.50 1 120.8 
80.70 16.34 0.49 1 120.8 
80.82 15.91 0.47 1 120.8 
80.91 15.46 0.46 1 120.8 
81.02 15.13 0.45 1 120.8 
81.16 14.42 0.43 1 120.8 
81.25 13.86 0.41 1 121.4 
81.37 13.35 0.40 1 121.4 
81.47 13.05 0.39 1 121.4 
81.57 12.50 0.37 1 121.4 
81.66 12.44 0.37 1 121.4 
81.76 12.21 0.36 1 121.4 
81.86 11.61 0.34 1 121.4 
81.99 11.18 0.33 1 121.4 
82.12 10.70 0.32 1 121.4 
82.26 10.17 0.30 1 121.4 
82.41 10.20 0.30 1 122.1 
82.53 -1.00 -1.00 1 122.1 
82.67 -1.00 -1.00 1 122.1 
82.81 -1.00 -1.00 1 122.1 
82.96 -1.00 -1.00 1 122.1 
83.15 -1.00 -1.00 1 122.1 
83.28 -1.00 -1.00 1 122.7 
83.41 -1.00 -1.00 1 122.7 
83.52 -1.00 -1.00 0 122.7 
83.64 -1.00 -1.00 0 122.7 
83.76 -1.00 -1.00 0 122.7 
83.86 -1.00 -1.00 0 122.7 
83.98 -1.00 -1.00 0 122.7 
84.08 -1.00 -1.00 0 122.7 
84.25 -1.00 -1.00 0 122.7 
84.38 -1.00 -1.00 0 126.1 
84.52 -1.00 -1.00 0 126.1 
84.63 -1.00 -1.00 0 126.1 
84.75 -1.00 -1.00 0 126.1 
84.87 -1.00 -1.00 0 126.1 
85.02 -1.00 -1.00 0 126.1 
85.20 -1.00 -1.00 0 126.1 
85.36 -1.00 -1.00 0 124.9 
85.49 -1.00 -1.00 0 124.9 
85.63 -1.00 -1.00 0 124.9 
85.75 -1.00 -1.00 0 124.9 
85.87 -1.00 -1.00 0 124.9 
86.02 -1.00 -1.00 0 124.9 
86.16 -1.00 -1.00 0 124.9 
86.29 -1.00 -1.00 0 124.2 
86.42 -1.00 -1.00 0 124.2 
86.53 -1.00 -1.00 0 124.2 
86.64 -1.00 -1.00 0 124.2 
86.78 -1.00 -1.00 0 124.2 
86.89 -1.00 -1.00 0 124.2 
87.01 -1.00 -1.00 0 124.2 
87.17 -1.00 -1.00 0 124.2 
87.30 -1.00 -1.00 0 124.4 
87.44 -1.00 -1.00 0 124.4 
87.57 -1.00 -1.00 0 124.4 
87.70 -1.00 -1.00 0 124.4 
87.87 -1.00 -1.00 0 124.4 
88.01 -1.00 -1.00 0 124.4 
88.15 -1.00 -1.00 0 124.4 
88.29 -1.00 -1.00 0 124.3 
88.42 -1.00 -1.00 0 124.3 
88.54 -1.00 -1.00 0 124.3 
88.67 -1.00 -1.00 0 124.3 
88.82 -1.00 -1.00 0 124.3 
88.92 -1.00 -1.00 0 124.3 
89.07 -1.00 -1.00 0 124.3 
89.25 -1.00 -1.00 0 124.3 
89.36 -1.00 -1.00 0 123.9 
89.50 -1.00 -1.00 0 123.9 
89.63 -1.00 -1.00 0 123.9 
89.78 -1.00 -1.00 0 123.9 
89.92 -1.00 -1.00 0 123.9 
90.03 -1.00 -1.00 0 123.9 
90.17 -1.00 -1.00 0 123.9 
90.29 -1.00 -1.00 0 123.6 
90.40 -1.00 -1.00 0 123.6 
90.52 -1.00 -1.00 0 123.6 
90.64 -1.00 -1.00 0 123.6 
90.76 -1.00 -1.00 0 123.6 
90.90 -1.00 -1.00 0 123.6 
91.04 -1.00 -1.00 0 123.6 
91.20 -1.00 -1.00 0 123.6 
91.37 -1.00 -1.00 0 123.1 
91.50 -1.00 -1.00 0 123.1 
91.60 -1.00 -1.00 0 123.1 
91.70 -1.00 -1.00 0 123.1 
91.80 -1.00 -1.00 0 123.1 
91.91 -1.00 -1.00 0 123.1 
92.04 -1.00 -1.00 0 123.1 
92.20 -1.00 -1.00 0 123.1 
92.30 -1.00 -1.00 0 123.0 
92.42 -1.00 -1.00 0 123.0 
92.53 -1.00 -1.00 0 123.0 
92.64 -1.00 -1.00 0 123.0 
92.75 -1.00 -1.00 0 123.0 
92.87 -1.00 -1.00 0 123.0 
92.99 -1.00 -1.00 0 123.0 
93.09 -1.00 -1.00 0 123.0 
93.23 -1.00 -1.00 0 123.0 
93.34 -1.00 -1.00 0 121.7 
93.46 -1.00 -1.00 0 121.7 
93.57 -1.00 -1.00 0 121.7 
93.69 -1.00 -1.00 0 121.7 
93.79 -1.00 -1.00 0 121.7 
93.90 -1.00 -1.00 0 121.7 
94.02 -1.00 -1.00 0 121.7 
94.17 -1.00 -1.00 0 121.7 
94.29 -1.00 -1.00 0 121.3 
94.39 -1.00 -1.00 0 121.3 
94.52 -1.00 -1.00 0 121.3 
94.63 -1.00 -1.00 0 121.3 
94.75 -1.00 -1.00 0 121.3 
94.88 -1.00 -1.00 0 121.3 
95.00 -1.00 -1.00 0 121.3 
95.12 -1.00 -1.00 0 121.3 
95.24 -1.00 -1.00 0 121.3 
95.37 -1.00 -1.00 0 120.5 
95.49 -1.00 -1.00 0 120.5 
95.58 -1.00 -1.00 0 120.5 
95.69 -1.00 -1.00 0 120.5 
95.81 -1.00 -1.00 0 120.5 
95.92 -1.00 -1.00 0 120.5 
96.03 -1.00 -1.00 0 120.5 
96.16 -1.00 -1.00 0 120.5 
96.28 -1.00 -1.00 0 119.6 
96.39 -1.00 -1.00 0 119.6 
96.51 -1.00 -1.00 0 119.6 
96.62 -1.00 -1.00 0 119.6 
96.75 -1.00 -1.00 0 119.6 
96.84 -1.00 -1.00 0 119.6 
96.94 -1.00 -1.00 0 119.6 
97.06 -1.00 -1.00 0 119.6 
97.18 -1.00 -1.00 0 119.6 
97.30 -1.00 -1.00 0 118.8 
97.42 -1.00 -1.00 0 118.8 
97.52 -1.00 -1.00 0 118.8 
97.63 -1.00 -1.00 0 118.8 
97.73 -1.00 -1.00 0 118.8 
97.83 -1.00 -1.00 0 118.8 
97.94 -1.00 -1.00 0 118.8 
98.05 -1.00 -1.00 0 118.8 
98.18 -1.00 -1.00 0 118.8 
98.27 -1.00 -1.00 0 117.9 
98.38 -1.00 -1.00 0 117.9 
98.49 -1.00 -1.00 0 117.9 
98.59 -1.00 -1.00 0 117.9 
98.67 -1.00 -1.00 0 117.9 
98.79 -1.00 -1.00 0 117.9 
98.89 -1.00 -1.00 0 117.9 
98.99 -1.00 -1.00 0 117.9 
99.10 -1.00 -1.00 0 117.9 
99.23 -1.00 -1.00 0 117.9 
99.32 -1.00 -1.00 0 117.0 
99.44 -1.00 -1.00 0 117.0 
99.55 -1.00 -1.00 0 117.0 
99.66 -1.00 -1.00 0 117.0 
99.89 -1.00 -1.00 0 117.0 
99.99 -1.00 -1.00 0 117.0 
100.12 -1.00 -1.00 0 117.0 
100.24 -1.00 -1.00 0 116.1 
100.35 -1.00 -1.00 0 116.1 
100.45 -1.00 -1.00 0 116.1 
100.56 -1.00 -1.00 0 116.1 
100.68 -1.00 -1.00 0 116.1 
100.79 -1.00 -1.00 0 116.1 
100.89 -1.00 -1.00 0 116.1 
100.98 -1.00 -1.00 0 116.1 
101.14 -1.00 -1.00 0 116.1 
101.26 -1.00 -1.00 0 115.7 
101.38 -1.00 -1.00 0 115.7 
101.50 -1.00 -1.00 0 115.7 
101.60 -1.00 -1.00 0 115.7 
101.72 -1.00 -1.00 0 115.7 
101.85 -1.00 -1.00 0 115.7 
102.01 -1.00 -1.00 0 115.7 
102.18 -1.00 -1.00 0 115.7 
102.36 -1.00 -1.00 0 116.1 
102.51 -1.00 -1.00 0 116.1 
102.65 -1.00 -1.00 0 116.1 
102.77 -1.00 -1.00 0 116.1 
102.90 -1.00 -1.00 0 116.1 
103.01 -1.00 -1.00 0 116.1 
103.16 -1.00 -1.00 0 116.1 
103.28 -1.00 -1.00 0 118.4 
103.40 -1.00 -1.00 0 118.4 
103.51 -1.00 -1.00 0 118.4 
103.61 -1.00 -1.00 0 118.4 
103.78 -1.00 -1.00 0 118.4 
103.90 -1.00 -1.00 0 118.4 
104.02 -1.00 -1.00 0 118.4 
104.20 -1.00 -1.00 0 118.4 
104.30 -1.00 -1.00 0 118.7 
104.42 -1.00 -1.00 0 118.7 
104.52 -1.00 -1.00 0 118.7 
104.67 -1.00 -1.00 0 118.7 
104.80 -1.00 -1.00 0 118.7 
104.93 -1.00 -1.00 0 118.7 
105.04 -1.00 -1.00 0 118.7 
105.17 -1.00 -1.00 0 118.7 
105.30 -1.00 -1.00 0 118.8 
105.42 -1.00 -1.00 0 118.8 
105.54 -1.00 -1.00 0 118.8 
105.67 -1.00 -1.00 0 118.8 
105.77 -1.00 -1.00 0 118.8 
105.88 -1.00 -1.00 0 118.8 
106.01 -1.00 -1.00 0 118.8 
106.20 -1.00 -1.00 0 118.8 
106.33 -1.00 -1.00 0 120.8 
106.45 -1.00 -1.00 0 120.8 
106.60 -1.00 -1.00 0 120.8 
106.70 -1.00 -1.00 0 120.8 
106.84 -1.00 -1.00 1 120.8 
106.98 -1.00 -1.00 1 120.8 
107.14 -1.00 -1.00 1 120.8 
107.30 -1.00 -1.00 1 122.3 
107.43 -1.00 -1.00 1 122.3 
107.56 -1.00 -1.00 1 122.3 
107.68 -1.00 -1.00 1 122.3 
107.82 -1.00 -1.00 1 122.3 
107.96 -1.00 -1.00 1 122.3 
108.11 -1.00 -1.00 1 122.3 
108.26 -1.00 -1.00 1 122.3 
108.38 -1.00 -1.00 1 123.5 
108.51 -1.00 -1.00 1 123.5 
108.66 -1.00 -1.00 1 123.5 
108.80 -1.00 -1.00 1 123.5 
108.94 -1.00 -1.00 1 123.5 
109.08 -1.00 -1.00 1 123.5 
109.22 -1.00 -1.00 1 123.5 
109.37 -1.00 -1.00 1 125.4 
109.49 -1.00 -1.00 1 125.4 
109.64 -1.00 -1.00 1 125.4 
109.92 -1.00 -1.00 1 125.4 
110.06 -1.00 -1.00 1 125.4 
110.21 -1.00 -1.00 1 125.4 
110.37 -1.00 -1.00 1 127.9 
110.49 -1.00 -1.00 1 127.9 
110.61 -1.00 -1.00 1 127.9 
110.77 -1.00 -1.00 1 127.9 
110.92 -1.00 -1.00 1 127.9 
111.06 -1.00 -1.00 1 127.9 
111.21 -1.00 -1.00 1 127.9 
111.36 -1.00 -1.00 1 128.3 
111.49 -1.00 -1.00 1 128.3 
111.63 -1.00 -1.00 1 128.3 
111.76 -1.00 -1.00 1 128.3 
111.91 -1.00 -1.00 1 128.3 
112.02 -1.00 -1.00 1 128.3 
112.20 -1.00 -1.00 1 128.3 
112.32 -1.00 -1.00 1 129.3 
112.46 -1.00 -1.00 1 129.3 
112.61 -1.00 -1.00 1 129.3 
112.71 -1.00 -1.00 1 129.3 
112.85 -1.00 -1.00 0 129.3 
112.97 -1.00 -1.00 0 129.3 
113.08 -1.00 -1.00 0 129.3 
113.23 -1.00 -1.00 0 129.3 
113.34 -1.00 -1.00 0 130.9 
113.46 -1.00 -1.00 0 130.9 
113.56 -1.00 -1.00 0 130.9 
113.67 -1.00 -1.00 0 130.9 
113.79 -1.00 -1.00 0 130.9 
113.90 -1.00 -1.00 0 130.9 
114.02 -1.00 -1.00 0 130.9 
114.16 -1.00 -1.00 0 130.9 
114.28 -1.00 -1.00 0 132.4 
114.41 -1.00 -1.00 0 132.4 
114.53 -1.00 -1.00 0 132.4 
114.64 -1.00 -1.00 0 132.4 
114.76 -1.00 -1.00 0 132.4 
114.90 -1.00 -1.00 0 132.4 
115.02 -1.00 -1.00 0 132.4 
115.22 -1.00 -1.00 0 132.4 
115.37 -1.00 -1.00 0 134.4 
115.54 -1.00 -1.00 0 134.4 
115.69 -1.00 -1.00 0 134.4 
115.79 -1.00 -1.00 0 134.4 
115.91 -1.00 -1.00 0 134.4 
116.03 -1.00 -1.00 0 134.4 
116.18 -1.00 -1.00 0 134.4 
116.29 -1.00 -1.00 0 132.3 
116.41 -1.00 -1.00 0 132.3 
116.54 -1.00 -1.00 0 132.3 
116.67 -1.00 -1.00 0 132.3 
116.77 -1.00 -1.00 0 132.3 
116.88 -1.00 -1.00 0 132.3 
117.03 -1.00 -1.00 0 132.3 
117.20 -1.00 -1.00 0 132.3 
117.33 -1.00 -1.00 0 138.3 
117.45 -1.00 -1.00 0 138.3 
117.59 -1.00 -1.00 0 138.3 
117.71 -1.00 -1.00 0 138.3 
117.85 -1.00 -1.00 0 138.3 
117.99 -1.00 -1.00 0 138.3 
118.17 -1.00 -1.00 0 138.3 
118.29 -1.00 -1.00 0 139.3 
118.41 -1.00 -1.00 0 139.3 
118.54 -1.00 -1.00 0 139.3 
118.65 -1.00 -1.00 0 139.3 
118.79 -1.00 -1.00 0 139.3 
118.94 -1.00 -1.00 0 139.3 
119.06 -1.00 -1.00 0 139.3 
119.23 -1.00 -1.00 0 139.3 
119.37 -1.00 -1.00 0 140.7 
119.48 -1.00 -1.00 0 140.7 
119.58 -1.00 -1.00 0 140.7 
119.88 -1.00 -1.00 1 140.7 
120.03 -1.00 -1.00 1 140.7 
120.18 -1.00 -1.00 1 140.7 
120.30 -1.00 -1.00 1 141.8 
120.44 -1.00 -1.00 1 141.8 
120.56 -1.00 -1.00 1 141.8 
120.70 -1.00 -1.00 1 141.8 
120.82 -1.00 -1.00 1 141.8 
120.94 -1.00 -1.00 1 141.8 
121.10 -1.00 -1.00 1 141.8 
121.25 -1.00 -1.00 1 141.8 
121.40 -1.00 -1.00 1 142.7 
121.54 -1.00 -1.00 1 142.7 
121.65 -1.00 -1.00 1 142.7 
121.81 -1.00 -1.00 1 142.7 
121.93 -1.00 -1.00 1 142.7 
122.05 -1.00 -1.00 1 142.7 
122.23 -1.00 -1.00 1 142.7 
122.36 -1.00 -1.00 1 143.7 
122.51 -1.00 -1.00 1 143.7 
122.62 -1.00 -1.00 1 143.7 
122.74 -1.00 -1.00 1 143.7 
122.88 -1.00 -1.00 1 143.7 
123.00 -1.00 -1.00 1 143.7 
123.16 -1.00 -1.00 1 143.7 
123.29 -1.00 -1.00 1 145.0 
123.43 -1.00 -1.00 1 145.0 
123.56 -1.00 -1.00 1 145.0 
123.69 -1.00 -1.00 1 145.0 
123.84 -1.00 -1.00 1 145.0 
123.98 -1.00 -1.00 1 145.0 
124.11 -1.00 -1.00 1 145.0 
124.27 -1.00 -1.00 1 145.5 
124.41 83.15 2.06 1 145.5 
124.55 76.09 1.88 1 145.5 
124.72 69.55 1.72 1 145.5 
124.87 63.64 1.57 1 145.5 
125.01 58.37 1.44 1 145.5 
125.17 -1.00 -1.00 1 145.5 
125.30 -1.00 -1.00 1 145.6 
125.44 -1.00 -1.00 1 145.6 
125.57 -1.00 -1.00 1 145.6 
125.70 -1.00 -1.00 1 145.6 
125.84 -1.00 -1.00 1 145.6 
125.97 -1.00 -1.00 1 145.6 
126.13 -1.00 -1.00 1 145.6 
126.28 -1.00 -1.00 1 146.1 
126.40 -1.00 -1.00 1 146.1 
126.54 60.83 1.50 1 146.1 
126.68 61.80 1.52 1 146.1 
126.80 -1.00 -1.00 1 146.1 
126.96 -1.00 -1.00 1 146.1 
127.12 -1.00 -1.00 1 146.1 
127.28 -1.00 -1.00 1 146.1 
127.40 -1.00 -1.00 1 147.1 
127.53 -1.00 -1.00 1 147.1 
127.67 -1.00 -1.00 1 147.1 
127.79 -1.00 -1.00 1 147.1 
127.94 -1.00 -1.00 1 147.1 
128.09 -1.00 -1.00 1 147.1 
128.25 -1.00 -1.00 1 147.1 
128.41 -1.00 -1.00 1 146.8 
128.55 -1.00 -1.00 1 146.8 
128.69 -1.00 -1.00 1 146.8 
128.84 -1.00 -1.00 1 146.8 
128.97 -1.00 -1.00 1 146.8 
129.11 -1.00 -1.00 1 146.8 
129.25 -1.00 -1.00 1 146.8 
129.39 -1.00 -1.00 1 147.0 
129.53 -1.00 -1.00 1 147.0 
129.87 -1.00 -1.00 2 147.0 
130.02 -1.00 -1.00 2 147.0 
130.26 -1.00 -1.00 2 147.0 
130.40 -1.00 -1.00 2 147.1 
130.56 -1.00 -1.00 2 147.1 
130.72 -1.00 -1.00 2 147.1 
130.87 -1.00 -1.00 2 147.1 
131.03 -1.00 -1.00 2 147.1 
131.25 -1.00 -1.00 1 147.1 
131.36 -1.00 -1.00 1 145.1 
131.50 -1.00 -1.00 2 145.1 
131.69 -1.00 -1.00 1 145.1 
131.81 -1.00 -1.00 1 145.1 
131.98 -1.00 -1.00 1 145.1 
132.11 -1.00 -1.00 1 145.1 
132.27 -1.00 -1.00 0 145.1 
132.39 -1.00 -1.00 0 142.6 
132.51 -1.00 -1.00 0 142.6 
132.63 -1.00 -1.00 0 142.6 
132.76 -1.00 -1.00 0 142.6 
132.90 -1.00 -1.00 1 142.6 
133.03 -1.00 -1.00 1 142.6 
133.20 -1.00 -1.00 1 142.6 
133.32 -1.00 -1.00 1 140.3 
133.45 -1.00 -1.00 1 140.3 
133.55 -1.00 -1.00 1 140.3 
133.68 -1.00 -1.00 1 140.3 
133.79 -1.00 -1.00 1 140.3 
133.93 -1.00 -1.00 1 140.3 
134.05 -1.00 -1.00 1 140.3 
134.20 -1.00 -1.00 1 140.3 
134.34 -1.00 -1.00 1 138.0 
134.46 -1.00 -1.00 1 138.0 
134.59 -1.00 -1.00 1 138.0 
134.73 -1.00 -1.00 1 138.0 
134.86 -1.00 -1.00 1 138.0 
134.99 -1.00 -1.00 1 138.0 
135.17 -1.00 -1.00 1 138.0 
135.30 -1.00 -1.00 1 138.5 
135.44 -1.00 -1.00 1 138.5 
135.56 -1.00 -1.00 1 138.5 
135.70 -1.00 -1.00 1 138.5 
135.83 -1.00 -1.00 1 138.5 
135.96 -1.00 -1.00 1 138.5 
136.09 -1.00 -1.00 1 138.5 
136.26 -1.00 -1.00 1 138.5 
136.41 -1.00 -1.00 0 140.0 
136.58 -1.00 -1.00 0 140.0 
136.69 -1.00 -1.00 0 140.0 
136.80 -1.00 -1.00 0 140.0 
136.94 -1.00 -1.00 0 140.0 
137.06 -1.00 -1.00 0 140.0 
137.22 -1.00 -1.00 0 140.0 
137.36 -1.00 -1.00 0 141.0 
137.50 -1.00 -1.00 0 141.0 
137.62 -1.00 -1.00 0 141.0 
137.75 -1.00 -1.00 0 141.0 
137.88 -1.00 -1.00 0 141.0 
138.01 -1.00 -1.00 0 141.0 
138.14 -1.00 -1.00 0 141.0 
138.27 -1.00 -1.00 0 141.6 
138.39 -1.00 -1.00 0 141.6 
138.50 -1.00 -1.00 0 141.6 
138.64 -1.00 -1.00 0 141.6 
138.75 -1.00 -1.00 0 141.6 
138.87 -1.00 -1.00 0 141.6 
138.99 -1.00 -1.00 0 141.6 
139.09 -1.00 -1.00 0 141.6 
139.21 -1.00 -1.00 0 141.6 
139.35 -1.00 -1.00 0 141.6 
139.45 -1.00 -1.00 0 141.6 
139.57 -1.00 -1.00 0 141.6 
139.71 -1.00 -1.00 0 141.6 
139.81 -1.00 -1.00 0 141.6 
139.93 -1.00 -1.00 0 141.6 
140.06 -1.00 -1.00 0 141.6 
140.22 -1.00 -1.00 0 141.6 
140.35 -1.00 -1.00 0 139.7 
140.46 -1.00 -1.00 0 139.7 
140.58 -1.00 -1.00 0 139.7 
140.71 -1.00 -1.00 0 139.7 
140.83 -1.00 -1.00 0 139.7 
140.95 -1.00 -1.00 0 139.7 
141.08 -1.00 -1.00 0 139.7 
141.26 -1.00 -1.00 0 139.7 
141.39 -1.00 -1.00 0 142.2 
141.52 -1.00 -1.00 1 142.2 
141.65 -1.00 -1.00 1 142.2 
141.77 -1.00 -1.00 1 142.2 
141.91 -1.00 -1.00 1 142.2 
142.04 -1.00 -1.00 1 142.2 
142.21 -1.00 -1.00 1 142.2 
142.38 -1.00 -1.00 1 140.9 
142.53 -1.00 -1.00 1 140.9 
142.65 -1.00 -1.00 1 140.9 
142.80 -1.00 -1.00 0 140.9 
142.91 -1.00 -1.00 0 140.9 
143.04 -1.00 -1.00 0 140.9 
143.21 -1.00 -1.00 0 140.9 
143.33 -1.00 -1.00 0 138.8 
143.45 -1.00 -1.00 0 138.8 
143.59 -1.00 -1.00 0 138.8 
143.72 -1.00 -1.00 0 138.8 
143.85 -1.00 -1.00 0 138.8 
144.00 -1.00 -1.00 0 138.8 
144.13 -1.00 -1.00 0 138.8 
144.26 -1.00 -1.00 0 138.8 
144.40 -1.00 -1.00 0 136.3 
144.54 -1.00 -1.00 0 136.3 
144.68 -1.00 -1.00 0 136.3 
144.81 -1.00 -1.00 0 136.3 
144.94 -1.00 -1.00 0 136.3 
145.09 -1.00 -1.00 0 136.3 
145.23 -1.00 -1.00 0 136.3 
145.37 -1.00 -1.00 0 136.8 
145.49 -1.00 -1.00 1 136.8 
145.63 -1.00 -1.00 1 136.8 
145.74 40.52 1.07 1 136.8 
145.86 -1.00 -1.00 1 136.8 
145.97 -1.00 -1.00 1 136.8 
146.15 38.29 1.01 1 136.8 
146.29 -1.00 -1.00 1 134.7 
146.41 -1.00 -1.00 1 134.7 
146.54 -1.00 -1.00 1 134.7 
146.68 -1.00 -1.00 1 134.7 
146.80 -1.00 -1.00 1 134.7 
146.93 -1.00 -1.00 1 134.7 
147.08 -1.00 -1.00 1 134.7 
147.20 -1.00 -1.00 1 134.7 
147.31 -1.00 -1.00 1 139.7 
147.45 -1.00 -1.00 1 139.7 
147.57 -1.00 -1.00 1 139.7 
147.73 -1.00 -1.00 1 139.7 
147.87 -1.00 -1.00 1 139.7 
147.99 -1.00 -1.00 1 139.7 
148.15 -1.00 -1.00 1 139.7 
148.28 -1.00 -1.00 1 141.4 
148.40 -1.00 -1.00 0 141.4 
148.54 -1.00 -1.00 0 141.4 
148.67 -1.00 -1.00 0 141.4 
148.81 -1.00 -1.00 0 141.4 
148.93 -1.00 -1.00 0 141.4 
149.05 -1.00 -1.00 0 141.4 
149.17 -1.00 -1.00 0 141.4 
149.31 -1.00 -1.00 0 141.9 
149.45 -1.00 -1.00 0 141.9 
149.62 -1.00 -1.00 0 141.9 
149.94 -1.00 -1.00 1 141.9 
150.09 -1.00 -1.00 1 141.9 
150.26 -1.00 -1.00 1 141.9 
150.35 -1.00 -1.00 0 141.6 
150.45 -1.00 -1.00 0 141.6 
150.56 -1.00 -1.00 0 141.6 
150.68 -1.00 -1.00 0 141.6 
150.81 -1.00 -1.00 0 141.6 
150.95 -1.00 -1.00 0 141.6 
151.10 -1.00 -1.00 0 141.6 
151.26 -1.00 -1.00 0 144.0 
151.39 -1.00 -1.00 0 144.0 
151.51 -1.00 -1.00 0 144.0 
151.62 -1.00 -1.00 0 144.0 
151.77 -1.00 -1.00 0 144.0 
151.90 -1.00 -1.00 0 144.0 
152.05 -1.00 -1.00 0 144.0 
152.22 -1.00 -1.00 0 144.0 
152.39 -1.00 -1.00 1 145.7 
152.56 -1.00 -1.00 1 145.7 
152.74 -1.00 -1.00 0 145.7 
152.88 -1.00 -1.00 0 145.7 
153.02 -1.00 -1.00 0 145.7 
153.14 -1.00 -1.00 0 145.7 
153.25 -1.00 -1.00 0 145.7 
153.38 -1.00 -1.00 0 144.3 
153.53 -1.00 -1.00 0 144.3 
153.66 -1.00 -1.00 0 144.3 
153.81 -1.00 -1.00 0 144.3 
153.92 -1.00 -1.00 0 144.3 
154.07 -1.00 -1.00 0 144.3 
154.25 -1.00 -1.00 0 144.3 
154.37 -1.00 -1.00 0 141.8 
154.48 -1.00 -1.00 0 141.8 
154.61 -1.00 -1.00 0 141.8 
154.75 -1.00 -1.00 0 141.8 
154.87 -1.00 -1.00 0 141.8 
155.00 -1.00 -1.00 0 141.8 
155.17 -1.00 -1.00 0 141.8 
155.31 -1.00 -1.00 0 141.3 
155.45 -1.00 -1.00 0 141.3 
155.57 -1.00 -1.00 0 141.3 
155.70 -1.00 -1.00 0 141.3 
155.84 53.25 1.36 1 141.3 
156.01 54.03 1.38 1 141.3 
156.21 55.68 1.42 1 141.3 
156.35 56.89 1.54 1 133.3 
156.46 57.59 1.56 1 133.3 
156.61 57.71 1.56 1 133.3 
156.76 56.91 1.54 1 133.3 
156.92 56.56 1.53 1 133.3 
157.05 56.82 1.53 1 133.3 
157.23 55.47 1.50 1 133.3 
157.35 54.20 1.52 1 128.1 
157.48 52.99 1.49 1 128.1 
157.61 51.84 1.46 1 128.1 
157.75 50.85 1.43 1 128.1 
157.92 49.91 1.40 1 128.1 
158.04 48.62 1.37 1 128.1 
158.18 47.90 1.35 1 128.1 
158.32 46.80 1.33 1 126.9 
158.48 46.93 1.33 1 126.9 
158.61 46.44 1.32 1 126.9 
158.77 46.63 1.32 1 126.9 
158.92 46.18 1.31 1 126.9 
159.04 45.78 1.30 1 126.9 
159.19 44.91 1.27 1 126.9 
159.34 44.13 1.27 1 124.9 
159.45 43.03 1.24 1 124.9 
159.58 42.03 1.21 1 124.9 
159.75 41.17 1.19 1 124.9 
159.88 40.43 1.17 1 124.9 
160.04 38.98 1.12 1 124.9 
160.21 37.74 1.09 1 124.9 
160.37 37.52 1.09 1 123.7 
160.51 36.90 1.07 2 123.7 
160.65 36.83 1.07 2 123.7 
160.82 36.32 1.06 2 123.7 
160.96 35.49 1.03 2 123.7 
161.12 35.68 1.04 2 123.7 
161.26 34.62 1.00 2 124.2 
161.41 33.73 0.98 2 124.2 
161.54 32.96 0.96 2 124.2 
161.67 32.02 0.93 2 124.2 
161.79 31.56 0.91 2 124.2 
161.96 31.18 0.90 2 124.2 
162.09 30.88 0.90 2 124.2 
162.28 30.64 0.89 2 124.2 
162.40 30.12 0.85 2 127.0 
162.54 29.66 0.84 2 127.0 
162.66 29.37 0.83 2 127.0 
162.81 29.08 0.82 2 127.0 
162.96 29.22 0.83 2 127.0 
163.08 28.69 0.81 2 127.0 
163.26 28.56 0.81 2 127.0 
163.41 28.16 0.79 2 128.4 
163.55 27.83 0.78 2 128.4 
163.69 27.29 0.77 2 128.4 
163.81 26.60 0.75 2 128.4 
163.94 26.29 0.74 2 128.4 
164.09 25.78 0.72 2 128.4 
164.26 25.39 0.71 2 128.4 
164.41 24.84 0.69 2 129.3 
164.53 24.39 0.68 2 129.3 
164.71 24.03 0.67 2 129.3 
164.86 23.32 0.65 2 129.3 
165.03 22.75 0.63 2 129.3 
165.20 22.30 0.62 2 129.3 
165.34 21.56 0.59 2 131.7 
165.46 21.17 0.58 2 131.7 
165.60 20.87 0.57 3 131.7 
165.74 20.85 0.57 3 131.7 
165.88 20.84 0.57 2 131.7 
166.04 21.05 0.58 2 131.7 
166.19 21.24 0.58 2 131.7 
166.33 20.98 0.57 2 133.4 
166.45 20.26 0.55 2 133.4 
166.59 20.04 0.54 2 133.4 
166.73 19.70 0.53 2 133.4 
166.89 19.43 0.52 2 133.4 
167.01 19.08 0.51 2 133.4 
167.18 18.96 0.51 2 133.4 
167.34 18.56 0.50 2 133.2 
167.46 18.11 0.49 2 133.2 
167.59 17.76 0.48 2 133.2 
167.71 17.50 0.47 2 133.2 
167.86 17.60 0.48 2 133.2 
168.01 18.06 0.49 2 133.2 
168.21 17.91 0.48 2 133.2 
168.38 17.80 0.48 2 132.3 
168.53 22.43 0.61 2 132.3 
168.73 22.50 0.61 2 132.3 
168.92 22.57 0.61 2 132.3 
169.15 22.63 0.62 2 132.3 
169.31 21.03 0.58 2 130.9 
169.48 19.82 0.55 2 130.9 
169.89 18.26 0.50 2 130.9 
170.05 17.70 0.49 2 130.9 
170.26 17.26 0.47 2 130.9 
170.44 16.93 0.47 2 129.0 
170.62 16.67 0.47 1 129.0 
170.77 16.61 0.46 1 129.0 
170.93 16.57 0.46 1 129.0 
171.14 16.55 0.46 1 129.0 
171.34 16.40 0.46 1 127.3 
171.50 16.43 0.46 1 127.3 
171.65 16.45 0.47 1 127.3 
171.81 16.62 0.47 1 127.3 
172.01 16.76 0.47 2 127.3 
172.22 16.86 0.48 2 127.3 
172.37 16.96 0.49 2 125.6 
172.51 17.03 0.49 2 125.6 
172.69 17.09 0.49 2 125.6 
172.84 17.30 0.50 2 125.6 
173.03 17.46 0.50 2 125.6 
173.23 17.59 0.50 2 125.6 
173.42 17.70 0.51 2 124.8 
173.57 17.78 0.51 2 124.8 
173.71 17.85 0.51 2 124.8 
173.90 17.91 0.52 2 124.8 
174.10 17.96 0.52 2 124.8 
174.27 18.16 0.52 2 124.8 
174.42 18.31 0.53 2 124.8 
174.63 18.44 0.53 2 124.8 
174.82 18.54 0.53 2 124.8 
174.96 18.62 0.54 2 124.8 
175.15 18.69 0.54 2 124.8 
175.35 18.74 0.54 2 125.7 
175.50 18.95 0.54 2 125.7 
175.66 19.11 0.55 2 125.7 
175.81 -1.00 -1.00 1 125.7 
175.97 -1.00 -1.00 1 125.7 
176.19 -1.00 -1.00 1 125.7 
176.38 -1.00 -1.00 1 126.0 
176.55 -1.00 -1.00 1 126.0 
176.72 -1.00 -1.00 1 126.0 
176.91 -1.00 -1.00 0 126.0 
177.07 -1.00 -1.00 0 126.0 
177.22 -1.00 -1.00 0 126.0 
177.40 -1.00 -1.00 0 127.3 
177.53 -1.00 -1.00 1 127.3 
177.68 -1.00 -1.00 1 127.3 
177.85 -1.00 -1.00 1 127.3 
178.04 -1.00 -1.00 1 127.3 
178.20 -1.00 -1.00 1 127.3 
178.37 -1.00 -1.00 1 126.3 
178.50 -1.00 -1.00 1 126.3 
178.67 -1.00 -1.00 1 126.3 
178.82 -1.00 -1.00 1 126.3 
179.00 -1.00 -1.00 1 126.3 
179.19 -1.00 -1.00 1 126.3 
179.37 -1.00 -1.00 1 124.6 
179.57 -1.00 -1.00 1 124.6 
179.92 -1.00 -1.00 1 124.6 
180.10 -1.00 -1.00 1 124.6 
180.30 -1.00 -1.00 1 124.6 
180.50 -1.00 -1.00 1 123.2 
180.66 -1.00 -1.00 0 123.2 
180.82 -1.00 -1.00 0 123.2 
181.00 -1.00 -1.00 0 123.2 
181.16 -1.00 -1.00 0 123.2 
181.34 -1.00 -1.00 0 123.2 
181.47 -1.00 -1.00 0 122.4 
181.65 -1.00 -1.00 0 122.4 
181.81 -1.00 -1.00 0 122.4 
182.00 -1.00 -1.00 0 122.4 
182.18 -1.00 -1.00 0 122.4 
182.35 -1.00 -1.00 0 125.3 
182.54 -1.00 -1.00 0 125.3 
182.68 -1.00 -1.00 1 125.3 
182.88 -1.00 -1.00 1 125.3 
183.02 -1.00 -1.00 1 125.3 
183.22 -1.00 -1.00 1 125.3 
183.39 -1.00 -1.00 1 127.9 
183.57 -1.00 -1.00 1 127.9 
183.78 -1.00 -1.00 1 127.9 
183.92 -1.00 -1.00 1 127.9 
184.06 -1.00 -1.00 1 127.9 
184.27 -1.00 -1.00 2 127.9 
184.44 -1.00 -1.00 0 130.2 
184.58 -1.00 -1.00 0 130.2 
184.76 -1.00 -1.00 0 130.2 
184.96 -1.00 -1.00 0 130.2 
185.21 -1.00 -1.00 0 130.2 
185.40 -1.00 -1.00 0 132.0 
185.55 -1.00 -1.00 1 132.0 
185.73 -1.00 -1.00 2 132.0 
185.89 -1.00 -1.00 2 132.0 
186.11 -1.00 -1.00 2 132.0 
186.28 -1.00 -1.00 2 132.0 
186.49 -1.00 -1.00 2 134.4 
186.67 -1.00 -1.00 2 134.4 
186.84 -1.00 -1.00 2 134.4 
187.01 -1.00 -1.00 1 134.4 
187.23 -1.00 -1.00 1 134.4 
187.49 -1.00 -1.00 1 135.8 
187.66 -1.00 -1.00 1 135.8 
187.86 -1.00 -1.00 1 135.8 
188.08 -1.00 -1.00 1 135.8 
188.25 -1.00 -1.00 1 135.8 
188.45 -1.00 -1.00 1 136.3 
188.64 -1.00 -1.00 1 136.3 
188.79 -1.00 -1.00 1 136.3 
188.96 -1.00 -1.00 1 136.3 
189.15 -1.00 -1.00 1 136.3 
189.33 -1.00 -1.00 1 136.0 
189.53 -1.00 -1.00 1 136.0 
189.96 -1.00 -1.00 1 136.0 
190.19 -1.00 -1.00 1 136.0 
190.38 -1.00 -1.00 1 133.4 
190.57 -1.00 -1.00 0 133.4 
190.72 -1.00 -1.00 0 133.4 
190.87 40.96 1.11 1 133.4 
191.08 41.13 1.11 1 133.4 
191.25 -1.00 -1.00 1 133.4 
191.45 -1.00 -1.00 1 132.3 
191.62 -1.00 -1.00 1 132.3 
191.85 -1.00 -1.00 1 132.3 
191.98 -1.00 -1.00 2 132.3 
192.18 -1.00 -1.00 2 132.3 
192.39 -1.00 -1.00 2 131.9 
192.57 -1.00 -1.00 2 131.9 
192.79 -1.00 -1.00 2 131.9 
193.01 -1.00 -1.00 2 131.9 
193.19 -1.00 -1.00 2 131.9 
193.36 -1.00 -1.00 2 132.1 
193.59 -1.00 -1.00 2 132.1 
193.76 -1.00 -1.00 1 132.1 
193.98 -1.00 -1.00 1 132.1 
194.20 -1.00 -1.00 1 132.1 
194.36 -1.00 -1.00 1 133.2 
194.54 -1.00 -1.00 1 133.2 
194.72 -1.00 -1.00 1 133.2 
194.94 -1.00 -1.00 1 133.2 
195.10 -1.00 -1.00 1 133.2 
195.35 -1.00 -1.00 1 133.2 
195.52 -1.00 -1.00 0 133.4 
195.70 -1.00 -1.00 1 133.4 
195.94 -1.00 -1.00 0 133.4 
196.15 -1.00 -1.00 0 133.4 
196.36 -1.00 -1.00 0 132.6 
196.55 -1.00 -1.00 0 132.6 
196.73 -1.00 -1.00 0 132.6 
196.93 -1.00 -1.00 0 132.6 
197.18 -1.00 -1.00 0 132.6 
197.39 -1.00 -1.00 0 131.9 
197.54 -1.00 -1.00 0 131.9 
197.68 -1.00 -1.00 0 131.9 
197.88 -1.00 -1.00 0 131.9 
198.09 -1.00 -1.00 0 131.9 
198.34 -1.00 -1.00 0 131.9 
198.50 -1.00 -1.00 0 130.6 
198.71 -1.00 -1.00 1 130.6 
198.86 -1.00 -1.00 1 130.6 
199.07 -1.00 -1.00 1 130.6 
199.35 -1.00 -1.00 1 130.6 
199.50 -1.00 -1.00 1 129.4 
199.93 -1.00 -1.00 1 129.4 
200.10 -1.00 -1.00 1 129.4 
200.36 -1.00 -1.00 1 129.4 
200.60 -1.00 -1.00 1 128.5 
200.78 -1.00 -1.00 1 128.5 
201.01 -1.00 -1.00 1 128.5 
201.19 -1.00 -1.00 1 128.5 
201.38 -1.00 -1.00 1 127.8 
201.53 -1.00 -1.00 1 127.8 
201.73 -1.00 -1.00 1 127.8 
201.90 -1.00 -1.00 1 127.8 
202.09 -1.00 -1.00 1 127.8 
202.37 -1.00 -1.00 1 127.8 
202.57 -1.00 -1.00 1 127.1 
202.76 -1.00 -1.00 0 127.1 
202.97 -1.00 -1.00 0 127.1 
203.18 -1.00 -1.00 0 127.1 
203.40 -1.00 -1.00 0 126.4 
203.58 -1.00 -1.00 0 126.4 
203.78 -1.00 -1.00 0 126.4 
203.98 -1.00 -1.00 0 126.4 
204.24 -1.00 -1.00 0 126.4 
204.40 -1.00 -1.00 1 126.5 
204.58 -1.00 -1.00 1 126.5 
204.78 -1.00 -1.00 1 126.5 
204.98 -1.00 -1.00 1 126.5 
205.19 -1.00 -1.00 1 126.5 
205.48 40.96 1.15 2 128.3 
205.68 41.10 1.15 2 128.3 
205.92 41.30 1.16 3 128.3 
206.16 41.08 1.15 3 128.3 
206.34 42.16 1.18 2 128.3 
206.54 42.80 1.20 2 128.3 
206.76 43.43 1.22 2 128.3 
206.96 43.54 1.22 2 128.3 
207.13 43.66 1.23 2 128.3 
207.40 43.33 1.22 3 128.3 
207.59 43.04 1.21 2 128.2 
207.79 42.35 1.19 2 128.2 
208.00 41.72 1.17 2 128.2 
208.26 41.60 1.17 2 128.2 
208.47 41.05 1.14 2 129.3 
208.67 40.56 1.13 2 129.3 
208.90 40.13 1.12 2 129.3 
209.08 39.36 1.10 2 129.3 
209.35 39.56 1.10 2 129.3 
209.51 40.30 1.11 2 131.3 
209.70 41.58 1.14 2 131.3 
210.12 42.42 1.16 3 131.3 
210.30 43.41 1.20 3 130.2 
210.52 43.62 1.21 3 130.2 
210.71 43.79 1.21 3 130.2 
210.95 43.39 1.20 3 130.2 
211.13 42.56 1.18 3 130.2 
211.38 41.82 1.16 3 130.2 
211.59 41.68 1.15 2 130.8 
211.74 43.68 1.20 2 130.8 
211.95 44.52 1.23 2 130.8 
212.18 44.58 1.23 2 130.8 
212.40 45.29 1.24 2 131.6 
212.60 46.70 1.28 2 131.6 
212.75 47.90 1.31 2 131.6 
213.00 49.86 1.36 2 131.6 
213.24 49.86 1.36 2 131.6 
213.44 50.61 1.40 2 130.3 
213.65 49.86 1.38 2 130.3 
213.88 48.15 1.33 2 130.3 
214.06 47.07 1.30 2 130.3 
214.34 45.62 1.26 2 130.3 
214.57 44.32 1.23 2 130.1 
214.76 43.20 1.20 2 130.1 
214.98 42.75 1.18 2 130.1 
215.23 41.84 1.16 2 130.1 
215.41 40.63 1.12 2 130.1 
215.62 40.03 1.11 2 130.1 
215.78 39.52 1.09 2 130.1 
216.02 39.10 1.08 1 130.1 
216.24 37.86 1.05 1 130.1 
216.46 36.82 1.02 1 130.2 
216.61 35.94 0.99 1 130.2 
216.83 34.82 0.96 1 130.2 
216.98 33.54 0.93 1 130.2 
217.19 32.14 0.89 2 130.2 
217.39 31.32 0.87 2 130.0 
217.60 31.39 0.87 1 130.0 
217.77 31.46 0.87 1 130.0 
218.02 30.20 0.84 1 130.0 
218.27 29.41 0.81 1 130.0 
218.46 29.47 0.82 1 129.9 
218.61 29.17 0.81 1 129.9 
218.80 29.30 0.81 1 129.9 
218.96 29.05 0.80 1 129.9 
219.17 28.27 0.78 1 129.9 
219.40 27.61 0.77 1 129.9 
219.63 27.71 0.77 2 129.5 
220.04 25.59 0.71 2 129.5 
220.28 24.50 0.68 2 129.5 
220.47 23.62 0.66 2 129.7 
220.67 22.93 0.64 3 129.7 
220.82 22.38 0.62 3 129.7 
221.06 21.56 0.60 3 129.7 
221.29 21.12 0.59 3 129.7 
221.50 20.41 0.56 3 131.0 
221.67 20.03 0.55 3 131.0 
221.89 19.40 0.53 3 131.0 
222.08 19.27 0.53 3 131.0 
222.30 19.00 0.52 3 131.0 
222.50 18.64 0.51 1 131.7 
222.67 18.71 0.51 2 131.7 
222.90 18.28 0.50 3 131.7 
223.18 18.11 0.50 2 131.7 
223.36 17.69 0.49 2 130.6 
223.53 17.23 0.47 3 130.6 
223.79 16.89 0.47 3 130.6 
224.01 16.14 0.44 3 130.6 
224.26 15.56 0.43 3 130.6 
224.44 15.13 0.42 2 129.3 
224.66 14.60 0.41 2 129.3 
224.87 14.20 0.40 2 129.3 
225.05 13.63 0.38 2 129.3 
225.27 13.20 0.37 2 129.3 
225.46 13.10 0.37 2 126.8 
225.71 12.84 0.36 2 126.8 
225.89 12.56 0.36 2 126.8 
226.17 12.37 0.35 2 126.8 
226.36 12.15 0.34 1 126.9 
226.52 11.55 0.33 2 126.9 
226.78 11.27 0.32 1 126.9 
226.94 11.40 0.32 1 126.9 
227.21 11.41 0.32 1 126.9 
227.42 11.19 0.32 1 127.4 
227.68 11.20 0.32 1 127.4 
227.92 11.00 0.31 1 127.4 
228.22 10.86 0.31 1 127.4 
228.48 10.70 0.30 1 128.5 
228.78 10.73 0.30 1 128.5 
229.01 10.62 0.30 1 128.5 
229.28 10.55 0.30 2 128.5 
229.50 10.81 0.30 2 128.2 
229.76 10.64 0.30 2 128.2 
230.05 10.60 0.30 2 128.2 
230.29 10.51 0.30 2 128.2 
230.52 10.51 0.30 2 126.9 
230.78 10.21 0.29 2 126.9 
231.08 10.12 0.29 2 126.9 
231.41 10.01 0.28 2 126.9 
231.72 9.92 0.28 2 127.6 
231.90 10.06 0.28 2 127.6 
232.22 9.86 0.28 2 127.6 
232.56 9.90 0.28 2 128.0 
232.88 9.87 0.28 1 128.0 
233.23 9.98 0.28 1 128.0 
233.50 9.94 0.28 1 127.9 
233.70 10.04 0.28 1 127.9 
233.97 10.06 0.28 1 127.9 
234.32 10.07 0.28 1 127.9 
234.53 9.81 0.28 1 128.2 
234.77 9.73 0.27 1 128.2 
234.99 9.73 0.27 1 128.2 
235.29 9.92 0.28 2 128.2 
235.55 9.72 0.27 2 127.6 
235.80 9.58 0.27 2 127.6 
236.02 9.70 0.27 2 127.6 
236.34 9.92 0.28 2 127.6 
236.56 10.13 0.29 2 127.6 
236.80 10.17 0.29 3 127.6 
237.11 10.14 0.29 3 127.6 
237.42 10.30 0.29 3 127.6 
237.72 10.49 0.29 3 128.1 
237.91 10.51 0.30 3 128.1 
238.24 10.64 0.30 3 128.1 
238.49 10.68 0.30 2 126.8 
238.72 10.71 0.30 2 126.8 
239.02 10.94 0.31 2 126.8 
239.34 10.97 0.31 2 126.8 
239.55 11.00 0.31 2 129.3 
239.83 10.95 0.30 2 129.3 
240.22 11.13 0.31 2 129.3 
240.43 11.25 0.31 2 128.6 
240.77 11.57 0.32 2 128.6 
241.05 11.65 0.33 1 128.6 
241.37 12.12 0.34 2 128.6 
241.69 11.99 0.34 1 127.2 
241.94 11.75 0.33 1 127.2 
242.21 11.92 0.34 1 127.2 
242.47 11.98 0.34 1 128.0 
242.75 11.88 0.33 1 128.0 
243.04 11.79 0.33 1 128.0 
243.41 -1.00 -1.00 1 128.0 
243.65 -1.00 -1.00 1 129.2 
243.98 -1.00 -1.00 1 129.2 
244.38 -1.00 -1.00 1 129.2 
244.67 -1.00 -1.00 1 131.7 
244.93 -1.00 -1.00 1 131.7 
245.31 -1.00 -1.00 1 131.7 
245.60 -1.00 -1.00 1 132.6 
245.90 -1.00 -1.00 1 132.6 
246.25 -1.00 -1.00 1 132.6 
246.53 -1.00 -1.00 1 134.2 
246.82 -1.00 -1.00 1 134.2 
247.12 -1.00 -1.00 1 134.2 
247.41 -1.00 -1.00 1 135.9 
247.76 -1.00 -1.00 0 135.9 
248.06 -1.00 -1.00 0 135.9 
248.38 -1.00 -1.00 0 135.9 
248.71 -1.00 -1.00 0 137.0 
248.93 -1.00 -1.00 0 137.0 
249.26 -1.00 -1.00 0 137.0 
249.55 -1.00 -1.00 0 137.0 
250.08 -1.00 -1.00 0 137.0 
250.35 -1.00 -1.00 0 137.0 
250.63 -1.00 -1.00 0 137.6 
250.89 -1.00 -1.00 0 137.6 
251.24 -1.00 -1.00 0 137.6 
251.51 -1.00 -1.00 0 136.0 
251.77 -1.00 -1.00 0 136.0 
252.03 -1.00 -1.00 0 136.0 
252.39 -1.00 -1.00 0 136.0 
252.70 -1.00 -1.00 0 136.0 
253.02 -1.00 -1.00 0 136.0 
253.34 -1.00 -1.00 0 136.0 
253.61 -1.00 -1.00 0 136.6 
253.84 -1.00 -1.00 0 136.6 
254.10 -1.00 -1.00 0 136.6 
254.37 -1.00 -1.00 0 136.6 
254.60 -1.00 -1.00 0 137.4 
254.85 -1.00 -1.00 1 137.4 
255.13 -1.00 -1.00 1 137.4 
255.38 -1.00 -1.00 2 137.4 
255.57 -1.00 -1.00 2 138.5 
255.94 -1.00 -1.00 2 138.5 
256.19 -1.00 -1.00 1 138.5 
256.48 -1.00 -1.00 1 139.2 
256.76 -1.00 -1.00 1 139.2 
256.96 -1.00 -1.00 1 139.2 
257.34 -1.00 -1.00 1 139.2 
257.66 -1.00 -1.00 1 140.5 
258.02 -1.00 -1.00 1 140.5 
258.34 -1.00 -1.00 1 140.5 
258.67 -1.00 -1.00 1 140.8 
259.01 -1.00 -1.00 1 140.8 
259.24 -1.00 -1.00 1 140.8 
259.50 -1.00 -1.00 1 141.0 
260.04 -1.00 -1.00 1 141.0 
260.30 -1.00 -1.00 1 141.0 
260.60 -1.00 -1.00 1 140.9 
260.91 -1.00 -1.00 1 140.9 
261.29 -1.00 -1.00 1 140.9 
261.53 -1.00 -1.00 1 141.4 
261.85 -1.00 -1.00 1 141.4 
262.20 -1.00 -1.00 1 141.4 
262.52 -1.00 -1.00 1 142.5 
262.80 -1.00 -1.00 1 142.5 
263.16 -1.00 -1.00 1 142.5 
263.47 -1.00 -1.00 1 142.9 
263.80 -1.00 -1.00 1 142.9 
264.22 -1.00 -1.00 1 142.9 
264.54 -1.00 -1.00 0 145.1 
264.78 -1.00 -1.00 0 145.1 
265.06 -1.00 -1.00 0 145.1 
265.43 -1.00 -1.00 0 145.1 
265.67 -1.00 -1.00 0 142.9 
265.98 -1.00 -1.00 0 142.9 
266.26 -1.00 -1.00 0 142.9 
266.54 -1.00 -1.00 0 142.3 
266.86 -1.00 -1.00 0 142.3 
267.21 -1.00 -1.00 0 142.3 
267.47 -1.00 -1.00 0 140.3 
267.81 -1.00 -1.00 0 140.3 
268.08 40.96 1.05 1 140.3 
268.37 -1.00 -1.00 2 140.3 
268.76 -1.00 -1.00 1 138.6 
269.16 -1.00 -1.00 1 138.6 
269.48 -1.00 -1.00 1 137.1 
269.69 -1.00 -1.00 1 137.1 
269.99 -1.00 -1.00 1 137.1 
270.45 -1.00 -1.00 1 137.1 
270.74 -1.00 -1.00 1 135.5 
271.18 -1.00 -1.00 1 135.5 
271.54 -1.00 -1.00 1 134.2 
271.87 -1.00 -1.00 1 134.2 
272.23 -1.00 -1.00 1 134.2 
272.62 -1.00 -1.00 1 134.4 
272.87 -1.00 -1.00 1 134.4 
273.30 -1.00 -1.00 1 134.4 
273.64 -1.00 -1.00 1 131.0 
273.87 -1.00 -1.00 1 131.0 
274.32 -1.00 -1.00 1 131.0 
274.68 -1.00 -1.00 1 130.2 
274.92 -1.00 -1.00 1 130.2 
275.28 -1.00 -1.00 1 130.2 
275.56 -1.00 -1.00 1 128.1 
275.77 -1.00 -1.00 1 128.1 
276.07 -1.00 -1.00 1 128.1 
276.41 -1.00 -1.00 1 128.1 
276.63 -1.00 -1.00 1 125.8 
276.97 -1.00 -1.00 1 125.8 
277.30 59.17 1.69 2 125.8 
277.63 58.99 1.72 2 123.7 
277.97 58.76 1.71 2 123.7 
278.31 57.92 1.69 2 123.7 
278.59 57.27 1.69 2 121.7 
278.96 55.76 1.65 2 121.7 
279.31 54.41 1.61 1 121.7 
279.59 52.75 1.56 1 121.8 
279.83 51.15 1.51 1 121.8 
280.14 49.30 1.46 1 121.8 
280.40 47.89 1.43 1 120.4 
280.76 45.97 1.37 1 120.4 
281.04 44.22 1.32 2 120.4 
281.43 42.63 1.27 2 120.4 
281.68 41.52 1.26 2 118.5 
282.04 40.24 1.22 2 118.5 
282.46 38.52 1.17 2 118.5 
282.74 36.36 1.12 2 116.5 
283.07 34.64 1.07 2 116.5 
283.46 32.73 1.01 2 116.5 
283.79 30.89 0.98 2 113.4 
284.24 29.31 0.93 2 113.4 
284.58 27.21 0.86 2 114.3 
284.94 25.40 0.80 2 114.3 
285.42 23.75 0.75 2 114.3 
285.69 22.38 0.70 3 115.6 
286.03 21.26 0.66 3 115.6 
286.36 20.36 0.63 3 115.6 
286.64 19.50 0.61 3 114.7 
286.97 18.70 0.59 3 114.7 
287.42 18.20 0.57 3 114.7 
287.74 17.57 0.55 2 115.0 
288.01 16.83 0.53 2 115.0 
288.39 16.62 0.52 2 115.0 
288.66 16.21 0.50 2 116.0 
288.86 15.90 0.49 2 116.0 
289.10 15.67 0.49 2 116.0 
289.51 15.38 0.48 2 116.0 
290.15 14.82 0.46 2 116.5 
290.51 14.74 0.46 2 116.5 
290.86 14.38 0.44 2 118.3 
291.30 14.22 0.43 2 118.3 
291.57 13.99 0.42 2 119.0 
291.83 13.93 0.42 2 119.0 
292.11 14.00 0.42 2 119.0 
292.49 13.94 0.42 2 119.0 
292.71 13.90 0.42 2 119.7 
293.08 13.80 0.41 2 119.7 
293.43 14.03 0.42 2 119.7 
293.71 14.00 0.42 2 120.4 
293.92 13.78 0.41 2 120.4 
294.22 13.82 0.41 2 120.4 
294.51 13.66 0.41 2 118.6 
294.72 13.54 0.41 2 118.6 
295.01 13.37 0.41 2 118.6 
295.33 13.00 0.39 2 118.6 
295.63 13.06 0.40 1 118.6 
295.91 12.93 0.39 1 118.6 
296.12 13.12 0.40 1 118.6 
296.41 12.82 0.39 1 118.6 
296.66 12.86 0.39 1 117.4 
296.98 12.80 0.39 1 117.4 
297.33 12.60 0.39 1 117.4 
297.75 12.45 0.39 1 116.1 
298.24 11.87 0.37 1 116.1 
298.60 11.90 0.37 1 116.1 
298.94 11.59 0.36 1 116.1 
299.29 11.27 0.35 1 116.1 
299.55 11.19 0.36 1 112.8 
300.23 11.77 0.38 1 112.8 
300.55 11.71 0.37 2 112.7 
300.91 11.40 0.36 2 112.7 
301.25 11.69 0.37 2 112.7 
301.58 11.74 0.38 2 110.8 
301.96 12.12 0.39 2 110.8 
302.30 12.31 0.40 2 110.8 
302.60 12.39 0.40 2 111.1 
302.88 12.51 0.41 2 111.1 
303.26 13.35 0.43 2 111.1 
303.57 13.44 0.43 2 112.4 
303.83 13.80 0.44 2 112.4 
304.13 13.98 0.45 2 112.4 
304.55 14.13 0.45 2 112.4 
304.82 14.32 0.46 2 112.8 
305.30 15.10 0.48 2 112.8 
305.57 15.45 0.49 2 114.3 
305.80 15.59 0.49 2 114.3 
306.25 15.59 0.49 2 114.3 
306.53 15.82 0.49 2 115.8 
306.83 15.77 0.49 2 115.8 
307.27 16.09 0.50 2 115.8 
307.62 15.88 0.49 2 115.9 
307.96 16.05 0.50 2 115.9 
308.37 15.85 0.49 2 115.9 
308.61 15.61 0.49 2 115.5 
308.90 15.39 0.48 2 115.5 
309.27 15.13 0.47 2 115.5 
309.58 15.59 0.49 2 115.6 
310.31 15.21 0.47 1 115.6 
310.64 14.56 0.46 1 114.6 
310.86 14.06 0.44 1 114.6 
311.26 13.59 0.43 1 114.6 
311.54 13.01 0.41 1 113.1 
311.82 12.62 0.40 1 113.1 
312.11 12.47 0.40 1 113.1 
312.38 12.16 0.39 1 113.1 
312.73 12.40 0.40 1 112.8 
313.02 12.58 0.40 1 112.8 
313.50 12.71 0.41 1 112.8 
313.80 13.08 0.42 1 111.4 
314.10 13.08 0.42 1 111.4 
314.44 13.02 0.42 1 111.4 
314.73 13.03 0.42 1 112.0 
314.99 13.24 0.43 1 112.0 
315.39 13.60 0.44 1 112.0 
315.69 14.09 0.44 1 114.6 
316.04 14.06 0.44 1 114.6 
316.41 14.22 0.45 1 114.6 
316.80 14.57 0.45 1 116.8 
317.01 14.95 0.46 1 116.8 
317.44 15.23 0.47 1 116.8 
317.79 15.84 0.48 1 119.6 
318.02 16.31 0.49 1 119.6 
318.44 16.41 0.49 1 119.6 
318.74 16.50 0.49 1 121.7 
319.00 16.82 0.50 1 121.7 
319.45 16.83 0.50 1 121.7 
320.09 17.57 0.51 2 124.4 
320.32 17.95 0.52 2 124.4 
320.69 18.41 0.53 2 124.9 
321.00 18.33 0.53 2 124.9 
321.39 18.41 0.53 2 124.9 
321.73 18.33 0.53 2 125.5 
322.10 18.69 0.54 3 125.5 
322.49 18.99 0.54 3 125.5 
322.85 19.05 0.55 2 124.1 
323.07 18.97 0.55 2 124.1 
323.42 19.05 0.55 2 124.1 
323.88 18.83 0.55 2 122.5 
324.25 18.52 0.54 2 122.5 
324.54 18.15 0.54 2 120.6 
324.80 17.84 0.53 2 120.6 
325.06 17.48 0.52 2 120.6 
325.44 16.98 0.51 2 120.6 
325.68 16.47 0.50 2 118.6 
326.05 16.06 0.49 2 118.6 
326.40 15.57 0.47 2 118.6 
326.77 15.08 0.47 2 115.2 
327.10 14.40 0.45 2 115.2 
327.48 13.63 0.43 2 115.2 
327.84 13.78 0.44 2 112.1 
328.20 13.37 0.43 2 112.1 
328.47 13.13 0.43 2 110.4 
328.78 13.20 0.43 2 110.4 
329.24 13.08 0.43 2 110.4 
329.57 13.10 0.44 2 108.3 
329.87 13.29 0.44 2 108.3 
330.21 13.54 0.45 2 108.3 
330.53 14.30 0.48 2 107.7 
330.93 -1.00 -1.00 1 107.7 
331.30 17.75 0.59 2 107.7 
331.62 13.12 0.45 3 104.6 
331.91 13.34 0.46 3 104.6 
332.21 12.71 0.44 3 104.6 
332.53 12.84 0.45 2 103.0 
332.83 12.51 0.44 2 103.0 
333.21 11.83 0.41 2 103.0 
333.55 14.04 0.49 2 103.1 
333.87 13.83 0.48 2 103.1 
334.32 12.90 0.45 2 103.1 
334.75 29.01 1.00 1 104.0 
335.05 -1.00 -1.00 0 104.0 
335.37 11.58 0.40 1 104.0 
335.71 -1.00 -1.00 1 106.3 
336.01 -1.00 -1.00 1 106.3 
336.34 -1.00 -1.00 1 106.3 
336.61 -1.00 -1.00 1 107.6 
337.01 -1.00 -1.00 1 107.6 
337.38 -1.00 -1.00 1 107.6 
337.70 -1.00 -1.00 1 109.6 
337.91 -1.00 -1.00 1 109.6 
338.19 -1.00 -1.00 1 109.6 
338.46 44.38 1.43 1 111.9 
338.67 44.38 1.43 1 111.9 
338.91 44.60 1.44 1 111.9 
339.27 44.56 1.43 1 111.9 
339.54 44.86 1.43 1 113.3 
340.08 45.57 1.45 1 113.3 
340.34 45.04 1.43 2 113.3 
340.56 45.46 1.47 2 111.3 
340.80 44.90 1.45 2 111.3 
340.97 43.93 1.42 2 111.3 
341.22 43.44 1.40 2 111.3 
341.46 43.02 1.41 2 109.5 
341.69 42.15 1.39 2 109.5 
341.97 42.45 1.40 2 109.5 
342.29 41.18 1.35 2 109.5 
342.57 39.69 1.32 2 108.0 
342.82 38.37 1.28 2 108.0 
343.06 37.21 1.24 2 108.0 
343.48 35.86 1.19 2 108.0 
343.71 34.33 1.18 2 104.5 
343.99 33.41 1.15 2 104.5 
344.27 31.96 1.10 2 104.5 
344.50 30.76 1.08 2 102.3 
344.70 29.77 1.05 2 102.3 
345.00 28.37 1.00 2 102.3 
345.32 27.23 0.96 2 102.3 
345.53 26.07 0.94 2 100.2 
345.79 25.71 0.92 2 100.2 
346.04 25.45 0.91 2 100.2 
346.38 24.70 0.89 2 100.2 
346.65 24.39 0.87 2 100.6 
346.84 23.42 0.84 2 100.6 
347.20 22.66 0.81 2 100.6 
347.46 21.84 0.79 2 99.6 
347.70 21.69 0.78 2 99.6 
347.89 22.14 0.80 2 99.6 
348.17 21.75 0.79 2 99.6 
348.46 21.95 0.80 2 98.7 
348.68 21.86 0.80 2 98.7 
348.92 21.18 0.77 1 98.7 
349.23 21.58 0.79 1 98.7 
349.40 21.64 0.80 1 97.5 
349.92 21.97 0.81 1 97.5 
350.24 22.25 0.82 1 97.5 
350.51 22.01 0.83 1 95.9 
350.73 22.06 0.83 1 95.9 
350.97 21.88 0.82 1 95.9 
351.26 21.52 0.81 1 95.9 
351.46 21.45 0.80 1 96.5 
351.70 21.44 0.80 1 96.5 
352.09 21.04 0.78 1 96.5 
352.50 21.38 0.80 1 96.5 
352.86 21.21 0.78 1 97.8 
353.13 21.06 0.78 1 97.8 
353.50 21.19 0.78 1 97.8 
353.84 21.28 0.79 1 97.3 
354.15 21.38 0.79 1 97.3 
354.34 21.46 0.80 1 97.2 
354.65 21.33 0.79 1 97.2 
354.99 21.22 0.79 1 97.2 
355.34 21.36 0.79 1 97.2 
355.68 21.06 0.78 1 97.5 
355.94 20.82 0.77 1 97.5 
356.34 20.85 0.77 1 97.5 
356.75 20.47 0.74 1 99.7 
357.00 20.37 0.74 2 99.7 
357.40 19.93 0.72 2 99.7 
357.81 19.75 0.69 2 102.7 
358.14 19.64 0.69 2 102.7 
358.46 19.54 0.69 2 101.2 
358.81 19.14 0.68 2 101.2 
359.20 18.37 0.65 2 101.2 
359.53 17.76 0.63 2 101.7 
360.12 17.07 0.60 2 101.7 
360.62 16.38 0.58 2 101.7 
360.94 15.64 0.56 2 100.7 
361.38 15.08 0.54 2 100.7 
361.60 14.46 0.52 2 99.4 
362.07 13.90 0.50 2 99.4 
362.39 13.68 0.50 1 99.4 
362.77 13.66 0.51 1 97.1 
363.09 13.43 0.50 1 97.1 
363.42 13.38 0.50 1 97.1 
363.60 13.34 0.51 1 95.0 
363.95 13.34 0.51 1 95.0 
364.30 13.68 0.52 2 95.0 
364.49 13.83 0.53 1 93.8 
364.75 14.05 0.54 1 93.8 
365.01 14.65 0.56 1 93.8 
365.29 14.83 0.57 1 93.8 
365.57 15.23 0.59 1 93.3 
365.87 15.83 0.61 1 93.3 
366.18 16.64 0.64 1 93.3 
366.45 17.25 0.68 1 91.9 
366.76 17.56 0.69 1 91.9 
366.97 17.96 0.70 1 91.9 
367.26 17.99 0.70 1 91.9 
367.47 19.09 0.77 1 89.4 
367.69 -1.00 -1.00 1 89.4 
367.93 -1.00 -1.00 1 89.4 
368.22 -1.00 -1.00 1 89.4 
368.51 -1.00 -1.00 1 91.0 
368.70 -1.00 -1.00 1 91.0 
368.93 -1.00 -1.00 1 91.0 
369.24 -1.00 -1.00 1 91.0 
369.53 -1.00 -1.00 1 88.7 
370.00 -1.00 -1.00 1 88.7 
370.28 27.48 1.12 1 88.7 
370.58 -1.00 -1.00 1 90.1 
370.83 29.73 1.19 1 90.1 
371.09 30.12 1.20 1 90.1 
371.40 30.78 1.23 1 90.1 
371.71 31.69 1.24 1 91.7 
372.00 31.14 1.22 1 91.7 
372.37 31.20 1.22 1 91.7 
372.73 29.74 1.13 1 94.5 
373.05 31.27 1.19 1 94.5 
373.33 31.26 1.19 1 94.5 
373.75 30.89 1.15 1 96.6 
374.17 30.57 1.14 1 96.6 
374.48 30.95 1.13 1 98.3 
374.83 30.29 1.11 1 98.3 
375.14 30.70 1.12 1 98.3 
375.53 30.33 1.15 1 94.9 
375.80 29.19 1.11 1 94.9 
376.18 28.47 1.08 1 94.9 
376.49 27.60 1.06 1 93.7 
376.94 26.86 1.03 1 93.7 
377.33 27.50 1.06 1 93.7 
377.71 28.39 1.12 1 91.5 
378.00 28.10 1.11 1 91.5 
378.27 27.59 1.09 1 91.5 
378.59 28.47 1.14 1 89.6 
378.87 -1.00 -1.00 1 89.6 
379.22 30.02 1.21 1 89.6 
379.53 29.72 1.21 1 88.3 
379.77 28.00 1.14 1 88.3 
380.01 27.14 1.11 1 88.3 
380.28 25.95 1.06 1 88.3 
380.56 25.72 1.04 1 88.7 
380.88 24.79 1.01 1 88.7 
381.09 24.25 0.98 1 88.7 
381.46 23.21 0.94 1 88.7 
381.74 22.00 0.89 1 89.3 
382.03 22.08 0.89 1 89.3 
382.44 22.68 0.91 1 89.3 
382.75 22.61 0.91 1 89.0 
383.14 22.58 0.91 1 89.0 
383.43 22.56 0.91 1 89.0 
383.78 22.82 0.92 1 89.0 
384.07 23.29 0.94 1 89.0 
384.43 23.98 0.97 1 89.0 
384.73 23.74 0.95 1 89.7 
385.17 23.78 0.95 1 89.7 
385.43 22.96 0.93 1 88.6 
385.74 22.27 0.90 1 88.6 
386.06 21.91 0.89 1 88.6 
386.37 21.64 0.88 1 88.6 
386.63 21.41 0.89 1 86.4 
386.94 20.85 0.87 1 86.4 
387.24 20.78 0.87 1 86.4 
387.52 20.00 0.83 1 87.0 
387.81 19.10 0.79 1 87.0 
388.12 18.54 0.77 1 87.0 
388.44 18.12 0.75 1 87.0 
388.71 17.52 0.71 1 89.0 
388.94 16.46 0.67 1 89.0 
389.23 16.12 0.65 1 89.0 
389.49 15.86 0.65 1 88.4 
390.05 -1.00 -1.00 1 88.4 
390.38 -1.00 -1.00 1 88.4 
390.68 -1.00 -1.00 1 86.7 
391.01 -1.00 -1.00 1 86.7 
391.36 26.62 1.11 2 86.7 
391.70 26.54 1.09 2 87.3 
392.04 26.33 1.09 2 87.3 
392.50 25.87 1.07 1 87.3 
392.76 25.80 1.04 1 89.5 
393.04 25.58 1.03 1 89.5 
393.41 24.81 1.00 1 89.5 
393.72 24.38 0.97 1 90.7 
393.95 25.00 0.99 1 90.7 
394.36 24.09 0.96 1 90.7 
394.58 22.75 0.91 1 89.8 
394.88 21.90 0.88 1 89.8 
395.24 21.21 0.85 1 89.8 
395.53 20.30 0.83 1 88.2 
395.86 19.24 0.78 1 88.2 
396.08 18.03 0.74 1 88.2 
396.40 17.01 0.69 1 88.2 
396.73 15.51 0.69 1 81.0 
397.01 13.95 0.62 1 81.0 
397.38 13.27 0.59 1 81.0 
397.59 -1.00 -1.00 0 74.8 
397.87 -1.00 -1.00 0 74.8 
398.23 -1.00 -1.00 0 74.8 
398.46 -1.00 -1.00 1 69.2 
398.84 -1.00 -1.00 1 69.2 
399.18 -1.00 -1.00 1 69.2 
399.48 6.53 0.37 1 63.9 
400.09 5.75 0.32 1 63.9 
400.43 5.68 0.32 1 63.9 
400.67 5.39 0.32 1 60.0 
400.94 5.49 0.33 1 60.0 
401.31 -1.00 -1.00 1 60.0 
401.70 5.39 0.34 1 57.2 
402.00 5.53 0.35 1 57.2 
402.43 5.92 0.37 1 57.2 
402.78 -1.00 -1.00 1 54.5 
403.10 6.46 0.43 1 54.5 
403.45 6.90 0.46 1 54.5 
403.81 -1.00 -1.00 1 57.3 
404.22 -1.00 -1.00 1 57.3 
404.55 -1.00 -1.00 1 58.4 
404.83 -1.00 -1.00 1 58.4 
405.24 7.47 0.46 1 58.4 
405.65 7.53 0.47 1 57.7 
405.93 7.64 0.48 1 57.7 
406.31 7.53 0.47 1 57.7 
406.57 7.45 0.47 1 57.5 
406.84 7.51 0.47 1 57.5 
407.27 7.31 0.46 1 57.5 
407.49 7.36 0.47 1 56.3 
407.82 7.45 0.48 1 56.3 
408.19 7.44 0.48 1 56.3 
408.54 7.57 0.49 1 55.6 
408.82 -1.00 -1.00 1 55.6 
409.23 7.60 0.49 1 55.6 
409.59 7.62 0.48 1 57.5 
409.91 -1.00 -1.00 1 57.5 
410.29 7.71 0.48 1 57.5 
410.50 7.62 0.47 1 58.8 
410.91 7.33 0.45 2 58.8 
411.34 7.23 0.44 2 58.8 
411.67 7.15 0.44 2 58.5 
412.15 7.15 0.44 1 58.5 
412.55 7.29 0.46 1 56.8 
412.92 -1.00 -1.00 1 56.8 
413.26 7.24 0.46 1 56.8 
413.55 7.43 0.44 1 61.2 
413.89 7.43 0.44 1 61.2 
414.22 7.49 0.44 1 61.2 
414.58 7.71 0.44 1 63.3 
414.90 8.08 0.46 1 63.3 
415.21 8.32 0.47 1 63.3 
415.46 8.44 0.43 1 70.7 
415.81 8.54 0.44 1 70.7 
416.03 8.71 0.44 1 70.7 
416.44 8.78 0.45 1 70.7 
416.78 8.78 0.42 1 76.1 
417.01 9.02 0.43 1 76.1 
417.44 9.09 0.43 1 76.1 
417.75 9.07 0.41 1 79.3 
418.01 9.23 0.42 1 79.3 
418.38 9.62 0.44 1 79.3 
418.68 9.92 0.44 1 80.4 
418.92 10.43 0.47 1 80.4 
419.20 10.49 0.47 1 80.4 
419.52 10.59 0.46 1 83.3 
419.78 10.98 0.47 1 83.3 
420.07 11.26 0.49 1 83.3 
420.41 11.56 0.50 1 83.3 
420.74 11.84 0.49 1 86.4 
421.10 11.91 0.50 1 86.4 
421.44 12.10 0.50 1 86.4 
421.78 12.06 0.49 1 89.0 
422.09 12.07 0.49 1 89.0 
422.30 12.15 0.49 1 89.0 
422.61 12.15 0.48 1 90.5 
422.91 12.21 0.49 1 90.5 
423.25 12.24 0.49 1 90.5 
423.47 12.29 0.47 1 93.4 
423.75 12.17 0.47 1 93.4 
424.03 12.22 0.47 1 93.4 
424.36 12.40 0.48 1 93.4 
424.57 12.14 0.46 1 94.6 
424.85 12.03 0.46 1 94.6 
425.09 11.96 0.46 1 94.6 
425.44 11.92 0.45 1 94.6 
425.75 11.64 0.45 1 94.1 
426.08 11.52 0.44 1 94.1 
426.49 11.32 0.43 1 94.1 
426.86 11.28 0.44 1 92.3 
427.24 11.27 0.44 1 92.3 
427.52 11.25 0.45 1 90.9 
427.90 11.45 0.45 1 90.9 
428.21 11.51 0.46 1 90.9 
428.64 11.71 0.47 1 89.4 
428.99 11.85 0.48 1 89.4 
429.44 11.96 0.48 1 89.4 
430.06 12.32 0.48 1 91.6 
430.42 12.31 0.48 1 91.6 
430.70 12.15 0.47 1 93.9 
430.99 12.25 0.47 1 93.9 
431.30 12.26 0.47 1 93.9 
431.63 12.33 0.46 1 97.0 
432.06 12.46 0.46 1 97.0 
432.52 -1.00 -1.00 1 97.0 
432.79 12.87 0.48 1 97.1 
433.09 12.86 0.48 2 97.1 
433.52 13.03 0.48 1 97.1 
433.75 13.53 0.51 1 96.1 
434.10 13.71 0.51 1 96.1 
434.53 13.58 0.51 1 96.1 
434.74 14.25 0.54 1 94.8 
435.07 14.78 0.56 1 94.8 
435.48 14.76 0.56 1 94.8 
435.74 15.28 0.57 1 96.8 
436.08 15.69 0.58 1 96.8 
436.38 16.23 0.60 1 96.8 
436.77 16.69 0.60 1 100.0 
437.04 17.32 0.62 2 100.0 
437.54 17.55 0.63 2 100.0 
437.88 17.75 0.62 2 103.1 
438.28 18.32 0.64 3 103.1 
438.70 -1.00 -1.00 3 105.0 
439.10 -1.00 -1.00 3 105.0 
439.51 -1.00 -1.00 3 105.0 
439.81 -1.00 -1.00 3 104.5 
440.19 -1.00 -1.00 3 104.5 
440.50 18.22 0.62 3 105.5 
440.84 17.53 0.60 2 105.5 
441.22 17.06 0.58 1 105.5 
441.58 16.22 0.54 1 108.2 
441.85 15.69 0.52 1 108.2 
442.17 -1.00 -1.00 2 108.2 
442.49 -1.00 -1.00 2 109.8 
442.79 -1.00 -1.00 2 109.8 
443.18 -1.00 -1.00 2 109.8 
443.50 40.75 1.30 2 112.6 
443.78 40.74 1.30 2 112.6 
444.02 41.00 1.31 3 112.6 
444.42 41.31 1.32 3 112.6 
444.76 41.65 1.30 3 115.0 
445.01 42.42 1.33 3 115.0 
445.37 43.73 1.37 2 115.0 
445.67 44.33 1.36 2 117.5 
446.05 44.37 1.36 2 117.5 
446.44 46.27 1.42 2 117.5 
446.74 47.18 1.41 2 120.1 
447.09 48.72 1.46 2 120.1 
447.56 48.73 1.46 2 120.1 
447.95 48.72 1.44 2 122.2 
448.33 48.74 1.44 2 122.2 
448.70 49.40 1.43 1 124.5 
448.96 50.79 1.47 1 124.5 
449.31 51.21 1.48 1 124.5 
449.59 52.36 1.49 1 126.8 
449.83 53.37 1.52 1 126.8 
450.12 53.45 1.52 1 126.8 
450.47 53.53 1.52 1 126.8 
450.70 54.39 1.53 1 128.3 
450.97 55.15 1.55 1 128.3 
451.24 55.83 1.57 1 128.3 
451.55 56.42 1.55 1 131.4 
451.89 56.15 1.54 1 131.4 
452.33 56.71 1.55 1 131.4 
452.68 57.23 1.55 1 132.7 
452.94 57.67 1.56 1 132.7 
453.24 58.04 1.57 1 132.7 
453.52 57.54 1.54 1 134.8 
453.86 57.92 1.55 1 134.8 
454.21 58.25 1.56 1 134.8 
454.46 57.71 1.54 1 134.8 
454.78 56.53 1.51 1 134.8 
455.05 55.47 1.48 1 134.8 
455.39 55.20 1.47 1 134.8 
455.59 56.99 1.50 1 136.9 
455.89 55.86 1.47 1 136.9 
456.20 54.22 1.43 1 136.9 
456.62 56.13 1.46 1 138.5 
456.99 55.81 1.45 1 138.5 
457.45 55.52 1.44 1 138.5 
457.79 55.27 1.45 1 137.5 
458.12 55.03 1.44 1 137.5 
458.43 56.81 1.51 1 135.8 
458.78 55.65 1.48 1 135.8 
459.01 55.36 1.47 1 135.8 
459.41 54.37 1.44 1 135.8 
459.81 53.49 1.44 1 133.8 
460.23 52.09 1.40 1 133.8 
460.54 49.86 1.35 1 132.8 
460.90 48.86 1.32 1 132.8 
461.32 48.05 1.30 1 132.8 
461.61 46.74 1.27 2 132.3 
462.10 45.11 1.23 2 132.3 
462.49 44.24 1.20 2 132.3 
462.89 43.48 1.18 2 132.2 
463.41 41.87 1.14 2 132.2 
463.77 41.44 1.14 1 130.5 
464.24 40.14 1.11 1 130.5 
464.55 38.29 1.08 1 128.1 
464.86 36.36 1.02 1 128.1 
465.23 35.43 1.00 1 128.1 
465.56 33.68 0.95 1 127.3 
465.90 32.17 0.91 1 127.3 
466.31 31.23 0.88 1 127.3 
466.59 29.88 0.85 1 127.2 
466.89 29.07 0.82 1 127.2 
467.37 28.40 0.80 1 127.2 
467.68 27.58 0.78 1 127.1 
468.03 26.92 0.76 1 127.1 
468.45 26.70 0.76 2 127.1 
468.88 25.73 0.73 2 126.9 
469.31 25.46 0.72 1 126.9 
470.03 24.81 0.70 1 127.0 
470.33 24.24 0.69 2 127.0 
470.63 23.16 0.66 2 126.0 
471.00 22.49 0.64 2 126.0 
471.45 21.59 0.62 1 126.0 
471.80 21.26 0.61 1 125.8 
472.21 21.47 0.61 1 125.8 
472.51 21.63 0.61 1 127.2 
472.86 21.31 0.60 1 127.2 
473.32 20.53 0.58 1 127.2 
473.65 19.90 0.56 2 127.7 
473.94 19.13 0.54 2 127.7 
474.43 -1.00 -1.00 2 127.7 
474.72 -1.00 -1.00 2 128.8 
475.09 -1.00 -1.00 2 128.8 
475.41 -1.00 -1.00 2 128.8 
475.77 -1.00 -1.00 2 129.3 
476.05 -1.00 -1.00 2 129.3 
476.41 -1.00 -1.00 2 129.3 
476.70 -1.00 -1.00 2 129.1 
477.08 53.25 1.49 3 129.1 
477.45 53.29 1.49 2 129.1 
477.81 53.28 1.47 2 130.3 
478.28 53.28 1.47 2 130.3 
478.67 52.92 1.44 2 132.2 
479.15 52.20 1.42 2 132.2 
479.39 52.27 1.40 2 134.2 
480.08 51.48 1.38 2 134.2 
480.48 51.11 1.37 1 134.2 
480.84 50.32 1.33 1 136.2 
481.18 49.59 1.31 1 136.2 
481.47 48.48 1.28 1 136.0 
481.87 47.48 1.26 1 136.0 
482.29 46.56 1.23 1 136.0 
482.66 45.36 1.21 1 134.8 
483.00 43.90 1.17 1 134.8 
483.43 42.98 1.15 2 134.8 
483.81 41.48 1.12 2 133.7 
484.19 40.16 1.08 2 133.7 
484.57 38.69 1.05 2 132.9 
484.86 37.42 1.01 2 132.9 
485.36 35.75 0.97 2 132.9 
485.76 33.68 0.92 1 131.4 
486.19 32.05 0.88 1 131.4 
486.50 30.26 0.84 1 130.1 
486.86 28.54 0.79 2 130.1 
487.18 26.76 0.74 2 130.1 
487.57 25.26 0.71 2 128.2 
487.96 23.46 0.66 2 128.2 
488.42 21.98 0.62 2 128.2 
488.80 20.28 0.58 1 126.4 
489.07 18.63 0.53 2 126.4 
489.51 17.60 0.50 2 126.4 
490.19 14.80 0.43 2 124.5 
490.55 13.25 0.39 2 122.7 
490.80 11.99 0.35 1 122.7 
491.10 11.01 0.32 2 122.7 
491.43 9.99 0.30 2 120.6 
491.73 -1.00 -1.00 2 120.6 
492.06 -1.00 -1.00 1 120.6 
492.44 -1.00 -1.00 1 120.6 
492.72 7.71 0.24 1 116.7 
493.07 7.46 0.23 1 116.7 
493.32 7.34 0.23 1 116.7 
493.55 7.45 0.23 1 114.8 
493.76 7.23 0.23 2 114.8 
494.20 7.10 0.22 2 114.8 
494.52 7.09 0.22 2 115.0 
494.79 7.18 0.22 2 115.0 
495.08 7.19 0.23 2 115.0 
495.45 7.18 0.22 2 115.0 
495.75 7.34 0.23 2 117.1 
496.17 7.38 0.23 2 117.1 
496.54 7.25 0.23 2 114.0 
496.83 7.17 0.23 2 114.0 
497.20 7.42 0.23 2 114.0 
497.54 7.60 0.24 2 114.5 
497.89 7.36 0.23 2 114.5 
498.23 7.27 0.23 2 114.5 
498.59 7.15 0.22 2 117.1 
498.93 6.94 0.21 2 117.1 
499.34 6.68 0.21 2 117.1 
500.26 6.17 0.19 2 116.2 
500.62 6.07 0.19 3 114.7 
501.07 5.91 0.19 3 114.7 
501.50 -1.00 -1.00 2 114.7 
501.79 5.74 0.18 2 113.2 
502.21 5.88 0.19 2 113.2 
502.47 5.96 0.19 2 111.8 
502.82 6.09 0.20 2 111.8 
503.13 6.37 0.21 2 111.8 
503.49 6.48 0.21 2 112.4 
503.81 6.44 0.21 2 112.4 
504.17 6.54 0.21 2 112.4 
504.60 6.75 0.21 2 115.1 
504.98 6.82 0.21 2 115.1 
505.27 6.94 0.22 2 115.1 
505.69 6.93 0.21 2 118.0 
506.04 6.89 0.21 3 118.0 
506.43 6.75 0.21 3 118.0 
506.88 6.71 0.21 2 116.8 
507.24 6.64 0.20 2 116.8 
507.60 -1.00 -1.00 2 115.8 
508.03 -1.00 -1.00 2 115.8 
508.51 -1.00 -1.00 2 115.8 
508.87 6.43 0.20 2 115.2 
509.24 -1.00 -1.00 2 115.2 
510.24 -1.00 -1.00 2 113.8 
510.67 5.96 0.19 1 111.4 
510.96 5.95 0.19 1 111.4 
511.32 5.79 0.19 2 111.4 
511.68 5.65 0.18 2 111.9 
512.03 5.65 0.18 2 111.9 
512.51 5.70 0.18 2 111.9 
512.84 5.68 0.19 2 109.2 
513.16 5.46 0.18 2 109.2 
513.56 -1.00 -1.00 2 108.4 
513.99 -1.00 -1.00 2 108.4 
514.45 -1.00 -1.00 2 108.4 
514.81 5.09 0.17 2 106.9 
515.18 -1.00 -1.00 2 106.9 
515.50 -1.00 -1.00 1 104.3 
515.75 4.99 0.17 1 104.3 
516.20 -1.00 -1.00 1 104.3 
516.56 -1.00 -1.00 1 103.5 
516.82 -1.00 -1.00 1 103.5 
517.17 -1.00 -1.00 1 103.5 
517.50 4.71 0.17 1 102.1 
517.94 4.67 0.16 1 102.1 
518.32 -1.00 -1.00 1 102.1 
518.65 4.78 0.17 1 101.3 
519.05 4.82 0.17 1 101.3 
519.31 5.03 0.18 1 101.3 
519.97 5.25 0.19 1 102.0 
520.35 5.41 0.19 1 102.0 
520.69 5.54 0.19 1 103.1 
520.94 5.73 0.20 1 103.1 
521.37 5.91 0.21 1 103.1 
521.64 6.08 0.21 1 103.0 
521.93 6.10 0.21 2 103.0 
522.22 6.15 0.21 2 103.0 
522.57 6.24 0.21 2 104.6 
522.88 -1.00 -1.00 2 104.6 
523.37 6.29 0.22 2 104.6 
523.68 6.45 0.22 3 105.5 
524.01 6.50 0.22 3 105.5 
524.36 6.66 0.23 2 105.5 
524.71 6.71 0.23 2 105.1 
524.96 6.87 0.24 2 105.1 
525.32 6.96 0.24 2 105.1 
525.68 6.99 0.23 2 107.0 
525.94 7.06 0.24 2 107.0 
526.35 7.10 0.24 2 107.0 
526.74 7.50 0.24 2 110.4 
527.06 7.35 0.24 3 110.4 
527.51 7.37 0.24 3 110.4 
527.89 7.26 0.24 3 110.6 
528.26 7.18 0.23 3 110.6 
528.64 7.25 0.24 2 108.6 
528.97 7.23 0.24 2 108.6 
529.33 7.22 0.24 2 108.6 
530.24 7.51 0.25 2 106.5 
530.58 7.62 0.25 1 108.1 
530.85 7.77 0.26 1 108.1 
531.26 7.88 0.26 1 108.1 
531.61 8.25 0.27 1 111.0 
532.00 15.92 0.52 1 111.0 
532.31 14.63 0.47 1 111.0 
532.62 13.33 0.42 1 113.2 
532.86 12.27 0.39 1 113.2 
533.30 11.37 0.36 1 113.2 
533.65 10.49 0.33 1 115.2 
533.99 9.90 0.31 1 115.2 
534.34 9.54 0.30 1 115.2 
534.56 9.27 0.29 1 115.6 
534.92 9.08 0.28 1 115.6 
535.36 9.03 0.28 1 115.6 
535.64 8.92 0.28 1 115.1 
535.89 8.68 0.27 1 115.1 
536.26 8.50 0.27 1 115.1 
536.59 8.54 0.26 1 116.2 
537.05 8.47 0.26 1 116.2 
537.28 8.42 0.26 1 116.2 
537.64 -1.00 -1.00 1 114.7 
538.00 8.42 0.26 1 114.7 
538.37 8.47 0.27 1 114.7 
538.68 8.42 0.27 1 114.1 
538.93 8.39 0.26 1 114.1 
539.41 8.63 0.27 1 114.1 
540.04 8.90 0.28 1 112.6 
540.49 9.00 0.29 1 112.6 
540.85 9.10 0.29 1 114.2 
541.29 9.24 0.29 1 114.2 
541.62 9.67 0.31 1 114.2 
541.96 9.80 0.31 1 114.2 
542.42 10.48 0.33 1 114.2 
542.73 10.69 0.33 1 117.4 
543.10 10.91 0.33 1 117.4 
543.39 11.21 0.34 1 117.4 
543.82 11.36 0.34 1 119.8 
544.20 11.54 0.35 1 119.8 
544.52 11.54 0.34 1 122.2 
544.92 11.48 0.34 1 122.2 
545.29 11.48 0.34 1 122.2 
545.58 11.21 0.33 1 122.7 
545.92 10.88 0.32 1 122.7 
546.34 10.78 0.32 1 122.7 
546.67 -1.00 -1.00 1 122.1 
546.99 -1.00 -1.00 1 122.1 
547.37 -1.00 -1.00 1 122.1 
547.64 -1.00 -1.00 1 123.2 
547.97 -1.00 -1.00 1 123.2 
548.44 8.87 0.26 1 123.2 
548.74 8.48 0.25 1 121.4 
549.04 8.01 0.24 1 121.4 
549.37 7.79 0.23 1 121.4 
550.04 7.00 0.21 1 118.9 
550.37 6.85 0.21 1 118.9 
550.77 6.62 0.20 1 116.5 
551.12 6.49 0.20 1 116.5 
551.45 6.62 0.20 1 117.9 
551.74 6.53 0.20 1 117.9 
551.96 6.64 0.20 1 117.9 
552.33 6.66 0.20 1 117.9 
552.64 6.56 0.20 1 119.6 
552.95 6.45 0.19 1 119.6 
553.32 6.23 0.19 1 119.6 
553.66 6.12 0.18 1 119.9 
553.88 6.11 0.18 1 119.9 
554.24 6.09 0.18 1 119.9 
554.59 6.04 0.18 1 117.7 
554.94 -1.00 -1.00 1 117.7 
555.28 6.21 0.19 1 117.7 
555.59 -1.00 -1.00 1 117.5 
555.85 -1.00 -1.00 1 117.5 
556.27 -1.00 -1.00 1 117.5 
556.60 6.53 0.20 1 117.1 
557.01 6.59 0.20 1 117.1 
557.35 6.60 0.20 1 117.1 
557.66 6.64 0.21 1 116.4 
557.94 7.11 0.22 1 116.4 
558.45 7.18 0.22 1 116.4 
558.74 7.30 0.22 1 117.0 
559.03 -1.00 -1.00 1 117.0 
559.36 -1.00 -1.00 1 117.0 
560.04 7.51 0.23 1 119.3 
560.36 7.55 0.23 1 119.3 
560.72 7.50 0.22 1 121.0 
560.95 7.41 0.22 1 121.0 
561.33 7.54 0.22 1 121.0 
561.67 7.50 0.23 1 119.7 
562.03 7.22 0.22 1 119.7 
562.52 7.20 0.22 1 119.7 
562.88 7.13 0.22 1 119.3 
563.22 7.53 0.23 1 119.3 
563.63 7.58 0.23 1 117.2 
563.93 7.59 0.23 1 117.2 
564.27 7.69 0.24 1 117.2 
564.65 7.68 0.23 1 119.7 
564.97 7.73 0.23 1 119.7 
565.41 7.63 0.23 1 119.7 
565.74 -1.00 -1.00 1 119.5 
566.16 -1.00 -1.00 1 119.5 
566.48 -1.00 -1.00 1 118.5 
566.86 -1.00 -1.00 2 118.5 
567.28 -1.00 -1.00 1 118.5 
567.58 6.77 0.21 1 117.6 
567.84 6.67 0.20 1 117.6 
568.25 6.59 0.20 1 117.6 
568.57 6.50 0.20 1 118.1 
568.80 6.48 0.20 1 118.1 
569.16 6.53 0.20 1 118.1 
569.50 6.57 0.20 1 117.1 
570.07 6.68 0.21 1 117.1 
570.41 6.66 0.20 1 117.1 
570.72 6.82 0.21 1 116.4 
571.06 6.88 0.21 1 116.4 
571.45 7.03 0.22 1 116.4 
571.82 -1.00 -1.00 1 115.7 
572.24 7.61 0.24 1 115.7 
572.56 7.68 0.23 1 118.5 
572.92 8.01 0.24 1 118.5 
573.28 8.20 0.25 1 118.5 
573.60 8.25 0.24 1 121.5 
573.97 8.33 0.25 1 121.5 
574.38 8.48 0.25 1 121.5 
574.69 -1.00 -1.00 1 124.1 
575.00 -1.00 -1.00 1 124.1 
575.40 7.87 0.23 1 124.1 
575.70 7.87 0.23 1 123.3 
576.00 7.73 0.23 1 123.3 
576.45 7.62 0.22 1 123.3 
576.81 7.32 0.22 1 121.5 
577.22 7.15 0.21 1 121.5 
577.62 6.90 0.21 1 121.1 
577.88 -1.00 -1.00 1 121.1 
578.31 6.51 0.19 1 121.1 
578.69 -1.00 -1.00 1 120.6 
579.02 6.32 0.19 1 120.6 
579.46 6.30 0.19 1 120.6 
579.85 -1.00 -1.00 1 119.2 
580.12 -1.00 -1.00 1 119.2 
580.54 -1.00 -1.00 2 119.2 
580.84 6.70 0.20 2 119.4 
581.21 6.79 0.20 2 119.4 
581.57 6.85 0.20 2 121.7 
581.94 6.90 0.20 2 121.7 
582.33 -1.00 -1.00 2 121.7 
582.73 6.88 0.20 3 121.0 
583.02 6.80 0.20 2 121.0 
583.41 6.69 0.20 2 121.0 
583.82 6.73 0.20 2 119.1 
584.22 -1.00 -1.00 2 119.1 
584.62 6.62 0.20 2 117.5 
584.91 6.68 0.20 2 117.5 
585.29 6.72 0.21 2 117.5 
585.57 7.20 0.22 2 116.5 
585.99 7.33 0.23 2 116.5 
586.27 7.35 0.23 2 116.5 
586.72 7.55 0.23 2 117.4 
586.96 7.58 0.23 2 117.4 
587.33 7.60 0.23 2 117.4 
587.67 7.68 0.23 2 118.8 
588.00 7.60 0.23 2 118.8 
588.37 7.61 0.23 2 118.8 
588.73 7.76 0.23 2 119.2 
588.99 7.95 0.24 2 119.2 
589.36 8.00 0.24 2 119.2 
590.03 8.21 0.25 2 120.1 
590.43 8.26 0.25 2 120.1 
590.70 8.33 0.25 2 121.9 
591.05 8.33 0.25 2 121.9 
591.50 8.27 0.24 2 121.9 
591.73 8.30 0.24 2 122.7 
592.05 8.29 0.24 2 122.7 
592.51 -1.00 -1.00 2 122.7 
592.86 -1.00 -1.00 2 120.3 
593.19 8.79 0.26 2 120.3 
593.55 8.68 0.27 2 117.9 
593.83 8.96 0.27 2 117.9 
594.23 -1.00 -1.00 2 117.9 
594.54 -1.00 -1.00 2 119.9 
594.93 9.60 0.29 2 119.9 
595.28 9.65 0.29 2 119.9 
595.64 9.72 0.29 2 121.5 
595.99 -1.00 -1.00 2 121.5 
596.38 -1.00 -1.00 2 121.5 
596.64 9.75 0.29 1 121.2 
596.86 9.81 0.29 1 121.2 
597.39 9.92 0.29 1 121.2 
597.79 10.16 0.31 1 119.2 
598.08 10.46 0.32 1 119.2 
598.38 10.40 0.31 1 119.2 
598.73 10.11 0.30 1 119.8 
599.20 9.88 0.30 1 119.8 
599.58 10.25 0.31 1 119.8 
599.86 10.74 0.32 1 119.8 
600.32 10.94 0.33 1 119.8 
600.63 11.47 0.34 1 121.0 
600.91 11.63 0.35 1 121.0 
601.31 11.56 0.34 1 121.0 
601.84 11.62 0.33 1 124.9 
602.16 11.67 0.34 1 124.9 
602.53 11.59 0.33 1 124.9 
602.83 11.52 0.33 1 124.5 
603.20 11.34 0.33 1 124.5 
603.54 11.19 0.33 1 122.5 
603.87 10.87 0.32 1 122.5 
604.22 11.03 0.32 1 122.5 
604.55 11.02 0.33 1 120.9 
604.91 -1.00 -1.00 1 120.9 
605.20 11.27 0.34 1 120.9 
605.55 11.47 0.34 1 120.3 
605.90 11.85 0.35 1 120.3 
606.20 11.98 0.36 1 120.3 
606.57 12.07 0.36 1 120.0 
606.89 12.86 0.39 1 120.0 
607.15 13.23 0.40 1 120.0 
607.45 13.50 0.41 1 119.8 
607.74 14.13 0.42 1 119.8 
608.03 -1.00 -1.00 1 119.8 
608.30 -1.00 -1.00 1 119.8 
608.57 -1.00 -1.00 1 119.1 
608.92 -1.00 -1.00 1 119.1 
609.30 -1.00 -1.00 1 119.1 
609.59 -1.00 -1.00 1 119.7 
609.87 -1.00 -1.00 1 119.7 
610.09 -1.00 -1.00 1 119.7 
610.49 -1.00 -1.00 1 119.7 
610.78 -1.00 -1.00 1 121.6 
611.07 -1.00 -1.00 1 121.6 
611.42 -1.00 -1.00 1 121.6 
611.71 -1.00 -1.00 1 123.7 
612.07 -1.00 -1.00 1 123.7 
612.38 -1.00 -1.00 1 123.7 
612.67 -1.00 -1.00 1 122.6 
612.96 -1.00 -1.00 1 122.6 
613.37 -1.00 -1.00 1 122.6 
613.73 -1.00 -1.00 1 122.7 
614.05 -1.00 -1.00 1 122.7 
614.52 -1.00 -1.00 1 122.7 
614.89 -1.00 -1.00 1 121.7 
615.21 -1.00 -1.00 1 121.7 
615.64 -1.00 -1.00 1 122.0 
616.00 -1.00 -1.00 1 122.0 
616.39 -1.00 -1.00 1 122.0 
616.68 -1.00 -1.00 1 120.4 
617.04 -1.00 -1.00 1 120.4 
617.44 -1.00 -1.00 1 120.4 
617.75 -1.00 -1.00 1 120.3 
618.24 -1.00 -1.00 1 120.3 
618.59 -1.00 -1.00 1 119.1 
618.94 -1.00 -1.00 1 119.1 
619.20 -1.00 -1.00 1 119.1 
619.57 -1.00 -1.00 1 119.8 
620.26 -1.00 -1.00 1 119.8 
620.61 -1.00 -1.00 1 119.2 
620.87 -1.00 -1.00 1 119.2 
621.26 -1.00 -1.00 1 119.2 
621.61 -1.00 -1.00 1 118.0 
621.93 -1.00 -1.00 1 118.0 
622.38 -1.00 -1.00 1 118.0 
622.76 -1.00 -1.00 1 115.8 
623.17 -1.00 -1.00 2 115.8 
623.52 -1.00 -1.00 2 116.5 
623.88 -1.00 -1.00 1 116.5 
624.21 -1.00 -1.00 1 116.5 
624.50 22.90 0.70 1 117.9 
624.77 22.62 0.69 1 117.9 
625.06 22.34 0.68 1 117.9 
625.41 21.82 0.67 1 117.9 
625.68 21.47 0.65 1 119.1 
626.00 21.16 0.64 1 119.1 
626.39 20.92 0.63 1 119.1 
626.64 20.56 0.62 1 119.2 
626.93 20.39 0.62 1 119.2 
627.24 19.98 0.60 1 119.2 
627.56 19.76 0.61 1 117.3 
627.96 19.46 0.60 1 117.3 
628.34 18.85 0.58 1 117.3 
628.69 18.24 0.56 1 116.6 
628.96 17.65 0.55 1 116.6 
629.37 17.28 0.53 1 116.6 
630.03 17.15 0.52 2 118.0 
630.42 16.33 0.50 2 118.0 
630.80 16.01 0.49 2 118.2 
631.16 15.76 0.48 2 118.2 
631.51 15.30 0.47 2 116.6 
631.92 14.92 0.46 2 116.6 
632.30 14.47 0.45 2 116.6 
632.72 14.28 0.44 2 117.1 
632.92 14.14 0.43 2 117.1 
633.25 14.03 0.43 2 117.1 
633.50 13.77 0.42 2 116.9 
633.89 13.57 0.42 2 116.9 
634.19 13.61 0.42 2 116.9 
634.52 13.74 0.42 2 116.7 
634.89 13.83 0.43 2 116.7 
635.20 13.90 0.43 2 116.7 
635.55 13.96 0.43 2 116.5 
635.78 14.00 0.43 2 116.5 
636.05 14.12 0.44 2 116.5 
636.50 14.34 0.44 1 116.5 
636.70 14.50 0.45 1 115.9 
637.03 14.86 0.46 1 115.9 
637.39 15.26 0.47 1 115.9 
637.61 15.33 0.48 1 115.9 
637.87 15.89 0.49 1 115.9 
638.20 15.83 0.49 1 115.9 
638.51 16.01 0.49 1 117.2 
638.79 16.28 0.50 1 117.2 
639.11 16.50 0.51 1 117.2 
639.40 16.67 0.51 2 117.2 
639.72 17.08 0.52 2 118.0 
639.98 17.70 0.54 2 118.0 
640.29 17.75 0.54 2 118.0 
640.68 18.07 0.55 2 118.4 
640.98 18.66 0.57 2 118.4 
641.42 19.13 0.58 2 118.4 
641.72 19.33 0.59 2 118.7 
642.05 19.49 0.59 2 118.7 
642.43 20.37 0.62 2 118.7 
642.75 21.29 0.64 2 119.4 
643.17 22.02 0.66 2 119.4 
643.50 22.83 0.68 1 120.1 
643.84 23.06 0.69 1 120.1 
644.28 24.20 0.73 1 120.1 
644.62 25.12 0.75 1 120.7 
644.99 26.20 0.78 1 120.7 
645.35 26.03 0.78 1 120.7 
645.72 27.27 0.80 1 122.2 
645.94 28.28 0.83 1 122.2 
646.38 29.46 0.87 1 122.2 
646.64 29.78 0.87 1 123.6 
646.92 30.71 0.89 1 123.6 
647.28 31.10 0.91 1 123.6 
647.61 31.80 0.92 1 124.1 
647.96 32.38 0.94 1 124.1 
648.22 33.72 0.98 2 124.1 
648.56 35.30 1.02 2 124.3 
648.89 36.66 1.06 2 124.3 
649.10 37.78 1.09 2 124.3 
649.39 38.73 1.12 2 124.3 
649.99 41.23 1.20 2 124.0 
650.28 41.20 1.20 2 124.0 
650.57 42.16 1.22 2 124.1 
650.92 41.58 1.21 2 124.1 
651.34 41.89 1.22 2 124.1 
651.65 42.16 1.21 2 125.7 
651.93 42.96 1.23 2 125.7 
652.31 43.62 1.25 2 125.7 
652.60 43.63 1.24 2 126.6 
652.89 43.63 1.24 2 126.6 
653.21 43.60 1.24 2 126.6 
653.51 43.57 1.22 2 129.0 
653.77 42.63 1.19 2 129.0 
654.09 41.78 1.17 2 129.0 
654.38 40.63 1.13 2 129.0 
654.71 40.43 1.12 2 130.2 
655.01 39.84 1.10 2 130.2 
655.30 38.92 1.08 2 130.2 
655.60 39.46 1.08 2 131.5 
655.91 39.42 1.08 2 131.5 
656.19 39.38 1.08 2 131.5 
656.48 39.32 1.08 2 130.7 
656.84 38.48 1.06 2 130.7 
657.24 37.71 1.04 2 130.7 
657.55 38.40 1.07 2 128.8 
657.93 38.04 1.06 1 128.8 
658.32 35.77 1.00 1 128.8 
658.60 34.68 0.98 1 127.2 
658.91 34.09 0.96 1 127.2 
659.40 33.95 0.96 1 127.2 
660.21 33.38 0.96 1 124.7 
660.52 33.00 0.95 1 125.1 
660.88 33.47 0.96 1 125.1 
661.25 32.75 0.94 1 125.1 
661.57 31.85 0.92 1 124.6 
661.90 31.70 0.92 1 124.6 
662.20 31.27 0.90 1 124.6 
662.54 31.60 0.91 1 124.4 
662.76 31.18 0.90 1 124.4 
663.05 30.52 0.88 1 124.4 
663.40 30.59 0.89 1 124.4 
663.66 30.04 0.87 1 123.8 
663.95 29.57 0.86 1 123.8 
664.28 29.19 0.85 1 123.8 
664.53 29.16 0.84 1 124.5 
664.86 28.58 0.83 1 124.5 
665.07 28.65 0.83 1 124.5 
665.37 27.92 0.81 1 124.5 
665.70 27.54 0.79 1 124.7 
665.96 26.99 0.78 1 124.7 
666.38 27.39 0.79 1 124.7 
666.68 26.91 0.77 2 125.3 
667.04 27.67 0.80 1 125.3 
667.36 28.32 0.81 1 125.3 
667.62 28.84 0.83 1 125.1 
667.94 29.27 0.84 1 125.1 
668.25 30.01 0.86 1 125.1 
668.56 29.90 0.86 1 125.6 
668.81 30.53 0.87 1 125.6 
669.14 31.03 0.89 1 125.6 
669.43 31.85 0.91 1 125.6 
669.67 32.15 0.92 1 125.6 
669.97 32.39 0.93 1 125.6 
670.32 32.99 0.95 1 125.6 
670.57 33.11 0.95 1 125.6 
670.85 -1.00 -1.00 1 125.6 
671.15 -1.00 -1.00 1 125.6 
671.38 -1.00 -1.00 1 126.2 
671.70 -1.00 -1.00 1 126.2 
671.91 -1.00 -1.00 1 126.2 
672.20 -1.00 -1.00 1 126.2 
672.50 -1.00 -1.00 1 127.3 
672.77 -1.00 -1.00 1 127.3 
673.01 -1.00 -1.00 1 127.3 
673.39 -1.00 -1.00 1 127.3 
673.68 -1.00 -1.00 1 128.3 
674.02 -1.00 -1.00 1 128.3 
674.50 -1.00 -1.00 1 128.3 
674.82 -1.00 -1.00 0 129.2 
675.17 88.75 2.47 1 129.2 
675.44 -1.00 -1.00 2 128.6 
675.74 -1.00 -1.00 2 128.6 
676.04 -1.00 -1.00 2 128.6 
676.33 -1.00 -1.00 2 128.6 
676.59 -1.00 -1.00 2 130.7 
676.85 -1.00 -1.00 2 130.7 
677.22 -1.00 -1.00 2 130.7 
677.47 -1.00 -1.00 2 131.7 
677.78 -1.00 -1.00 2 131.7 
678.01 -1.00 -1.00 2 131.7 
678.38 -1.00 -1.00 2 131.7 
678.71 -1.00 -1.00 2 131.7 
679.03 -1.00 -1.00 2 131.7 
679.31 -1.00 -1.00 2 131.7 
679.54 -1.00 -1.00 2 131.7 
679.90 -1.00 -1.00 2 131.7 
680.24 -1.00 -1.00 2 131.7 
680.57 -1.00 -1.00 2 131.9 
680.85 -1.00 -1.00 2 131.9 
681.25 -1.00 -1.00 2 131.9 
681.58 -1.00 -1.00 2 131.5 
681.90 -1.00 -1.00 2 131.5 
682.23 -1.00 -1.00 2 131.5 
682.54 -1.00 -1.00 2 131.0 
682.82 -1.00 -1.00 2 131.0 
683.17 -1.00 -1.00 2 131.0 
683.47 -1.00 -1.00 3 130.1 
683.78 -1.00 -1.00 2 130.1 
684.24 -1.00 -1.00 2 130.1 
684.54 -1.00 -1.00 1 130.5 
684.87 -1.00 -1.00 1 130.5 
685.11 38.04 1.05 2 130.5 
685.50 -1.00 -1.00 3 130.5 
685.83 -1.00 -1.00 3 130.4 
686.21 -1.00 -1.00 3 130.4 
686.59 -1.00 -1.00 2 129.8 
686.86 -1.00 -1.00 3 129.8 
687.22 -1.00 -1.00 2 129.8 
687.60 -1.00 -1.00 2 129.1 
687.97 -1.00 -1.00 2 129.1 
688.41 -1.00 -1.00 0 129.1 
688.63 -1.00 -1.00 0 127.5 
688.90 -1.00 -1.00 1 127.5 
689.32 -1.00 -1.00 1 127.5 
689.56 -1.00 -1.00 2 126.1 
689.87 -1.00 -1.00 2 126.1 
690.28 -1.00 -1.00 2 126.1 
690.49 -1.00 -1.00 2 126.4 
690.82 -1.00 -1.00 2 126.4 
691.16 -1.00 -1.00 2 126.4 
691.46 -1.00 -1.00 2 125.8 
691.87 -1.00 -1.00 2 125.8 
692.17 -1.00 -1.00 2 125.8 
692.53 -1.00 -1.00 2 124.1 
692.77 -1.00 -1.00 2 124.1 
693.06 -1.00 -1.00 2 124.1 
693.39 -1.00 -1.00 2 124.1 
693.74 -1.00 -1.00 2 122.9 
694.07 -1.00 -1.00 2 122.9 
694.37 -1.00 -1.00 2 122.9 
694.65 -1.00 -1.00 2 121.1 
694.94 -1.00 -1.00 2 121.1 
695.22 -1.00 -1.00 2 121.1 
695.48 -1.00 -1.00 2 119.9 
695.79 -1.00 -1.00 2 119.9 
696.18 -1.00 -1.00 2 119.9 
696.47 -1.00 -1.00 2 118.0 
696.77 53.25 1.62 3 118.0 
697.19 -1.00 -1.00 3 118.0 
697.47 52.55 1.60 3 118.1 
697.90 -1.00 -1.00 3 118.1 
698.36 51.50 1.57 3 118.1 
698.69 -1.00 -1.00 3 118.9 
698.96 -1.00 -1.00 3 118.9 
699.48 -1.00 -1.00 3 118.9 
700.02 -1.00 -1.00 3 118.2 
700.40 -1.00 -1.00 2 118.2 
700.62 -1.00 -1.00 2 116.3 
700.96 -1.00 -1.00 2 116.3 
701.20 -1.00 -1.00 2 116.3 
701.51 -1.00 -1.00 2 113.8 
701.88 -1.00 -1.00 2 113.8 
702.20 -1.00 -1.00 2 113.8 
702.61 -1.00 -1.00 2 111.4 
702.91 -1.00 -1.00 2 111.4 
703.29 -1.00 -1.00 1 111.4 
703.65 -1.00 -1.00 1 107.8 
703.92 -1.00 -1.00 1 107.8 
704.31 -1.00 -1.00 1 107.8 
704.60 -1.00 -1.00 1 105.8 
704.91 -1.00 -1.00 1 105.8 
705.33 -1.00 -1.00 1 105.8 
705.65 -1.00 -1.00 1 99.0 
705.92 -1.00 -1.00 1 99.0 
706.33 -1.00 -1.00 1 99.0 
706.54 -1.00 -1.00 1 96.7 
706.81 -1.00 -1.00 1 96.7 
707.16 14.39 0.54 2 96.7 
707.46 14.40 0.55 2 94.4 
707.82 14.26 0.54 2 94.4 
708.17 14.10 0.54 2 94.4 
708.57 13.88 0.53 3 95.1 
708.85 14.18 0.54 3 95.1 
709.24 -1.00 -1.00 2 95.1 
709.57 -1.00 -1.00 2 94.9 
709.82 -1.00 -1.00 2 94.9 
710.16 -1.00 -1.00 2 94.9 
710.51 -1.00 -1.00 2 94.4 
710.81 -1.00 -1.00 2 94.4 
711.17 -1.00 -1.00 2 94.4 
711.45 -1.00 -1.00 1 95.5 
711.76 -1.00 -1.00 2 95.5 
712.04 -1.00 -1.00 2 95.5 
712.41 44.38 1.67 3 95.5 
712.70 44.25 1.64 3 97.4 
712.95 43.91 1.62 3 97.4 
713.37 43.14 1.59 3 97.4 
713.67 42.47 1.57 3 97.4 
714.04 41.56 1.54 3 97.4 
714.57 40.64 1.50 3 97.4 
715.04 39.51 1.40 3 101.4 
715.44 38.71 1.37 3 101.4 
715.85 38.24 1.32 3 104.0 
716.36 36.78 1.27 3 104.0 
716.72 34.93 1.22 3 103.0 
717.22 32.76 1.14 3 103.0 
717.71 30.83 1.08 3 102.6 
718.32 28.74 1.01 3 102.6 
718.76 26.51 0.95 3 100.8 
719.15 24.17 0.86 2 100.8 
719.53 21.87 0.79 2 99.3 
720.11 17.79 0.64 2 99.3 
720.53 15.83 0.57 2 99.3 
720.83 13.79 0.51 2 97.6 
721.20 12.10 0.45 2 97.6 
721.57 10.89 0.41 2 96.0 
721.90 9.57 0.36 2 96.0 
722.35 8.55 0.32 2 96.0 
722.71 7.64 0.30 2 91.6 
723.16 6.92 0.27 2 91.6 
723.52 6.51 0.27 2 88.3 
723.83 6.39 0.26 2 88.3 
724.19 6.31 0.26 2 88.3 
724.56 5.97 0.25 2 86.8 
724.83 6.40 0.27 2 86.8 
725.24 6.66 0.28 2 86.8 
725.57 6.75 0.28 2 86.7 
725.84 6.82 0.28 2 86.7 
726.20 6.87 0.29 2 86.7 
726.53 6.92 0.29 2 85.4 
726.89 6.96 0.29 2 85.4 
727.26 7.14 0.30 2 85.4 
727.70 7.05 0.29 2 86.5 
727.98 7.13 0.30 2 86.5 
728.34 7.19 0.30 2 86.5 
728.67 7.52 0.31 2 87.9 
728.98 7.47 0.31 2 87.9 
729.35 7.51 0.31 2 87.9 
729.62 7.47 0.31 2 88.0 
729.90 7.44 0.30 2 88.0 
730.29 -1.00 -1.00 2 88.0 
730.62 -1.00 -1.00 2 88.4 
730.99 -1.00 -1.00 2 88.4 
731.37 -1.00 -1.00 2 88.4 
731.70 -1.00 -1.00 1 90.8 
732.04 -1.00 -1.00 1 90.8 
732.40 -1.00 -1.00 1 90.8 
732.67 -1.00 -1.00 1 93.2 
732.93 -1.00 -1.00 2 93.2 
733.28 -1.00 -1.00 2 93.2 
733.57 -1.00 -1.00 1 95.8 
733.85 37.22 1.40 1 95.8 
734.18 37.92 1.43 1 95.8 
734.48 39.61 1.46 1 97.9 
734.70 42.73 1.57 1 97.9 
734.94 46.61 1.71 1 97.9 
735.23 48.95 1.80 1 97.9 
735.49 52.14 1.87 1 100.2 
735.79 54.95 1.97 1 100.2 
736.15 57.50 2.07 1 100.2 
736.52 61.18 2.14 1 103.1 
736.83 63.06 2.20 1 103.1 
737.31 64.76 2.26 1 103.1 
737.66 66.30 2.24 1 106.5 
738.09 67.69 2.29 1 106.5 
738.53 66.97 2.26 1 106.5 
738.88 71.95 2.39 1 108.2 
739.31 71.69 2.39 1 108.2 
740.10 73.31 2.40 1 110.0 
740.52 74.01 2.42 1 110.0 
740.81 74.62 2.39 1 112.3 
741.22 75.17 2.41 1 112.3 
741.58 75.66 2.39 1 113.9 
741.94 76.09 2.41 1 113.9 
742.27 76.48 2.42 1 113.9 
742.65 76.81 2.38 1 116.1 
742.93 77.09 2.39 1 116.1 
743.23 77.33 2.40 1 116.1 
743.59 77.54 2.35 1 118.6 
743.93 79.35 2.41 1 118.6 
744.31 79.33 2.41 1 118.6 
744.62 80.92 2.42 1 120.5 
744.89 79.51 2.38 1 120.5 
745.25 79.43 2.37 1 120.5 
745.51 79.34 2.33 1 122.7 
745.81 79.24 2.33 1 122.7 
746.19 79.14 2.32 1 122.7 
746.46 77.78 2.25 1 124.5 
746.77 77.81 2.25 1 124.5 
747.11 77.83 2.25 1 124.5 
747.47 77.85 2.25 1 124.5 
747.83 -1.00 -1.00 0 126.2 
748.16 -1.00 -1.00 0 126.2 
748.48 -1.00 -1.00 0 128.3 
748.82 -1.00 -1.00 0 128.3 
749.06 -1.00 -1.00 0 128.3 
749.35 -1.00 -1.00 0 128.3 
749.61 -1.00 -1.00 0 130.2 
749.91 -1.00 -1.00 0 130.2 
750.17 -1.00 -1.00 0 130.2 
750.46 -1.00 -1.00 0 131.9 
750.75 -1.00 -1.00 0 131.9 
751.09 -1.00 -1.00 0 131.9 
751.42 -1.00 -1.00 0 131.9 
751.76 -1.00 -1.00 0 133.2 
752.01 -1.00 -1.00 0 133.2 
752.36 -1.00 -1.00 0 133.2 
752.63 -1.00 -1.00 0 132.2 
752.92 -1.00 -1.00 0 132.2 
753.22 -1.00 -1.00 0 132.2 
753.46 -1.00 -1.00 0 130.2 
753.72 -1.00 -1.00 0 130.2 
754.01 -1.00 -1.00 0 130.2 
754.34 -1.00 -1.00 0 130.2 
754.59 59.17 1.67 1 127.9 
754.85 59.17 1.67 1 127.9 
755.21 -1.00 -1.00 1 127.9 
755.50 -1.00 -1.00 1 125.3 
755.80 -1.00 -1.00 1 125.3 
756.08 59.01 1.70 1 125.3 
756.41 -1.00 -1.00 1 125.3 
756.74 -1.00 -1.00 1 123.0 
757.03 -1.00 -1.00 1 123.0 
757.47 -1.00 -1.00 1 123.0 
757.81 -1.00 -1.00 1 120.6 
758.22 -1.00 -1.00 1 120.6 
758.46 -1.00 -1.00 1 118.8 
758.73 -1.00 -1.00 1 118.8 
759.06 -1.00 -1.00 1 118.8 
759.41 -1.00 -1.00 1 118.8 
759.76 -1.00 -1.00 1 116.5 
760.19 -1.00 -1.00 1 116.5 
760.46 -1.00 -1.00 1 114.9 
760.89 -1.00 -1.00 1 114.9 
761.17 -1.00 -1.00 1 114.9 
761.46 -1.00 -1.00 1 113.9 
761.78 -1.00 -1.00 1 113.9 
762.05 -1.00 -1.00 1 113.9 
762.44 -1.00 -1.00 1 113.9 
762.79 -1.00 -1.00 1 113.7 
763.17 -1.00 -1.00 1 113.7 
763.47 -1.00 -1.00 1 112.2 
763.75 -1.00 -1.00 1 112.2 
764.07 -1.00 -1.00 1 112.2 
764.40 -1.00 -1.00 1 112.2 
764.62 -1.00 -1.00 1 112.8 
764.89 -1.00 -1.00 1 112.8 
765.20 -1.00 -1.00 1 112.8 
765.50 -1.00 -1.00 1 114.6 
765.77 -1.00 -1.00 1 114.6 
766.06 -1.00 -1.00 1 114.6 
766.35 -1.00 -1.00 1 114.6 
766.66 -1.00 -1.00 1 115.2 
766.97 -1.00 -1.00 0 115.2 
767.24 -1.00 -1.00 0 115.2 
767.50 -1.00 -1.00 1 115.2 
767.85 -1.00 -1.00 1 115.2 
768.34 -1.00 -1.00 1 115.2 
768.77 -1.00 -1.00 1 116.8 
769.16 -1.00 -1.00 1 116.8 
769.47 -1.00 -1.00 1 114.9 
770.19 -1.00 -1.00 1 114.9 
770.58 -1.00 -1.00 1 112.9 
770.88 40.96 1.31 2 112.9 
771.25 41.11 1.31 1 112.9 
771.56 40.91 1.33 1 110.7 
771.83 40.30 1.31 1 110.7 
772.21 39.50 1.28 1 110.7 
772.55 38.47 1.29 1 107.7 
772.88 37.07 1.24 1 107.7 
773.23 35.40 1.18 1 107.7 
773.54 33.82 1.16 1 105.2 
773.85 31.92 1.09 1 105.2 
774.25 30.07 1.03 1 105.2 
774.59 27.95 0.99 1 102.1 
775.01 25.97 0.92 1 102.1 
775.39 23.79 0.84 1 102.1 
775.82 20.21 0.75 1 97.1 
776.27 18.52 0.69 1 97.1 
776.53 16.88 0.68 1 89.6 
776.92 15.48 0.62 1 89.6 
777.25 14.20 0.57 1 89.6 
777.67 -1.00 -1.00 1 89.0 
777.96 12.06 0.49 1 89.0 
778.21 11.04 0.45 1 89.0 
778.55 10.44 0.44 1 85.8 
778.89 -1.00 -1.00 1 85.8 
779.21 9.50 0.40 1 85.8 
779.57 9.22 0.39 2 84.9 
780.30 8.80 0.37 2 84.9 
780.66 -1.00 -1.00 2 83.4 
780.93 -1.00 -1.00 2 83.4 
781.25 -1.00 -1.00 2 83.4 
781.55 -1.00 -1.00 2 83.2 
781.86 -1.00 -1.00 2 83.2 
782.32 8.56 0.37 2 83.2 
782.69 -1.00 -1.00 2 82.9 
783.13 -1.00 -1.00 2 82.9 
783.48 -1.00 -1.00 2 85.5 
783.86 -1.00 -1.00 3 85.5 
784.26 8.51 0.36 3 85.5 
784.57 -1.00 -1.00 2 86.5 
784.90 8.32 0.35 2 86.5 
785.20 -1.00 -1.00 2 86.5 
785.48 8.30 0.35 2 86.0 
785.72 -1.00 -1.00 2 86.0 
786.12 8.22 0.34 2 86.0 
786.39 8.30 0.35 2 86.0 
786.69 8.36 0.35 2 86.5 
787.00 8.50 0.35 2 86.5 
787.26 8.60 0.36 2 86.5 
787.50 8.67 0.36 2 86.0 
787.73 8.55 0.36 2 86.0 
788.01 8.69 0.36 2 86.0 
788.42 8.74 0.37 2 86.0 
788.74 67.36 2.86 2 84.7 
789.06 72.80 3.09 2 84.7 
789.35 73.80 3.14 2 84.7 
789.71 74.71 3.18 2 84.6 
790.00 75.50 3.21 2 84.6 
790.38 76.22 3.24 2 84.6 
790.70 76.85 3.30 2 83.8 
791.03 81.16 3.48 2 83.8 
791.26 80.18 3.44 2 83.8 
791.64 -1.00 -1.00 2 83.4 
791.85 8.92 0.39 2 83.4 
792.26 9.03 0.39 2 83.4 
792.54 9.17 0.40 2 83.0 
792.82 9.69 0.42 1 83.0 
793.20 9.82 0.43 1 83.0 
793.48 9.82 0.42 1 83.9 
793.77 9.91 0.43 1 83.9 
793.98 9.77 0.42 1 83.9 
794.36 9.93 0.43 1 83.9 
794.64 9.99 0.45 1 80.1 
794.87 10.14 0.46 1 80.1 
795.17 10.26 0.46 1 80.1 
795.51 10.35 0.48 1 78.0 
795.82 10.45 0.48 1 78.0 
796.01 10.28 0.47 1 78.0 
796.39 10.43 0.48 1 78.0 
796.73 10.52 0.49 1 77.4 
797.01 10.40 0.48 1 77.4 
797.33 -1.00 -1.00 1 77.4 
797.66 -1.00 -1.00 1 76.2 
797.98 -1.00 -1.00 1 76.2 
798.40 -1.00 -1.00 1 76.2 
798.76 11.36 0.55 1 74.2 
799.04 11.26 0.55 1 74.2 
799.33 11.00 0.53 1 74.2 
799.60 -1.00 -1.00 1 74.2 
799.95 10.85 0.53 1 74.2 
800.39 -1.00 -1.00 1 74.2 
800.69 -1.00 -1.00 1 69.6 
801.01 -1.00 -1.00 1 69.6 
801.35 -1.00 -1.00 1 69.6 
801.66 -1.00 -1.00 1 68.1 
802.11 -1.00 -1.00 1 68.1 
802.39 8.54 0.45 1 68.1 
802.69 7.87 0.46 1 62.0 
803.03 7.12 0.41 1 62.0 
803.40 6.25 0.36 1 62.0 
803.78 5.45 0.38 1 51.6 
804.25 4.74 0.33 1 51.6 
