12.76 90.0 1 motorway_link 2 1 40.505657 -3.356018 1.126 66.1 
14.72 90.0 1 motorway_link 2 1 40.505829 -3.356511 1.084 66.0 
16.92 90.0 1 motorway_link 2 1 40.505844 -3.356960 1.279 69.6 
18.86 90.0 1 motorway_link 2 1 40.505878 -3.357412 1.229 75.3 
21.11 90.0 1 motorway_link 2 1 40.505924 -3.357980 1.475 79.7 
22.80 90.0 1 motorway_link 2 1 40.505959 -3.358428 1.179 79.0 
24.59 90.0 1 motorway_link 2 1 40.505997 -3.358918 0.963 78.8 
25.82 90.0 1 motorway_link 2 1 40.506016 -3.359176 1.193 80.2 
28.28 90.0 1 motorway_link 2 1 40.506035 -3.359691 1.659 79.4 
30.02 90.0 1 motorway_link 2 1 40.506020 -3.360218 1.390 79.1 
31.86 90.0 1 motorway_link 2 1 40.506001 -3.360734 1.237 80.9 
34.52 120.0 1 motorway 3 1 40.505939 -3.361257 1.895 87.4 
36.78 120.0 1 motorway 3 1 40.505867 -3.361807 2.154 91.7 
39.66 120.0 1 motorway 3 2 40.505718 -3.362688 2.031 97.0 
42.85 120.0 1 motorway 3 2 40.505505 -3.363603 2.225 104.3 
47.02 120.0 1 motorway 3 2 40.505207 -3.364565 3.390 113.8 
48.94 120.0 1 motorway 3 2 40.504692 -3.365901 1.313 118.3 
61.04 120.0 1 motorway 3 1 40.504379 -3.366569 11.420 124.7 
63.40 120.0 1 motorway 3 1 40.502419 -3.370628 1.779 126.8 
65.14 120.0 1 motorway 3 1 40.502083 -3.371308 1.514 124.5 
66.78 120.0 1 motorway 3 1 40.501743 -3.371998 1.153 122.9 
83.57 -1.0 -1 - -1 -1 40.501411 -3.372673 15.947 122.7 
88.67 120.0 1 motorway 3 2 40.498730 -3.377986 5.046 124.3 
96.99 120.0 1 motorway 3 1 40.497684 -3.380013 7.366 119.6 
102.41 120.0 1 motorway 3 1 40.496349 -3.382686 4.788 116.1 
104.36 120.0 1 motorway 3 1 40.495506 -3.384247 1.735 118.7 
111.88 120.0 1 motorway 3 1 40.495144 -3.384865 7.249 128.3 
115.52 120.0 1 motorway 3 1 40.493610 -3.387364 2.895 134.4 
118.29 120.0 1 motorway 3 1 40.492973 -3.388318 2.664 139.3 
122.38 120.0 1 motorway 3 1 40.492283 -3.389328 3.757 143.7 
125.01 120.0 1 motorway 3 2 40.491291 -3.390692 2.376 145.5 
131.73 120.0 1 motorway 3 2 40.490528 -3.391724 6.107 145.1 
134.87 120.0 1 motorway 3 2 40.488731 -3.394140 2.248 138.0 
136.82 120.0 1 motorway 3 2 40.487991 -3.395133 1.196 140.0 
138.38 120.0 1 motorway 3 2 40.487495 -3.395784 0.749 141.6 
140.10 120.0 1 motorway 3 2 40.487251 -3.396108 1.473 141.6 
142.35 120.0 1 motorway 3 2 40.486744 -3.396741 1.723 140.9 
143.99 120.0 1 motorway 3 2 40.486206 -3.397363 1.364 138.8 
146.24 120.0 1 motorway 3 2 40.485683 -3.397949 1.616 134.7 
147.81 120.0 1 motorway 3 2 40.485157 -3.398512 1.182 139.7 
149.75 120.0 1 motorway 3 2 40.484623 -3.399079 1.126 141.9 
152.28 120.0 1 motorway 3 2 40.484051 -3.399623 1.657 145.7 
153.61 120.0 1 motorway 3 2 40.483452 -3.400204 0.987 144.3 
155.99 120.0 1 motorway 3 2 40.483173 -3.400477 2.360 141.3 
158.67 120.0 1 motorway 3 2 40.482334 -3.401293 2.045 126.9 
160.27 120.0 1 motorway 3 2 40.481564 -3.402039 0.646 123.7 
164.47 120.0 1 motorway 3 2 40.481312 -3.402291 3.844 129.3 
165.95 120.0 1 motorway 3 2 40.480305 -3.403288 1.323 131.7 
167.95 120.0 1 motorway 3 2 40.479778 -3.403806 1.327 133.2 
170.76 120.0 1 motorway 3 2 40.479256 -3.404339 2.132 129.0 
173.89 120.0 1 motorway 3 2 40.478516 -3.405194 2.267 124.8 
179.11 120.0 1 motorway 3 2 40.477837 -3.406055 4.488 126.3 
182.35 120.0 1 motorway 3 2 40.476814 -3.407575 2.726 125.3 
184.96 120.0 1 motorway 3 2 40.476238 -3.408532 2.335 130.2 
187.10 120.0 1 motorway 3 2 40.475685 -3.409561 1.475 134.4 
189.66 120.0 1 motorway 3 2 40.475334 -3.410318 2.036 136.0 
196.01 120.0 1 motorway 3 2 40.474827 -3.411484 5.382 133.4 
202.22 120.0 1 motorway 3 2 40.474003 -3.413838 5.593 127.1 
205.34 120.0 1 motorway 3 2 40.473389 -3.416236 2.711 128.3 
206.25 120.0 1 motorway 3 2 40.473099 -3.417390 0.626 128.3 
209.25 120.0 1 motorway 3 2 40.472996 -3.417789 2.624 131.3 
212.16 120.0 1 motorway 3 2 40.472694 -3.419005 2.530 131.6 
214.75 120.0 1 motorway 3 2 40.472382 -3.420200 2.123 130.1 
217.85 120.0 1 motorway 3 2 40.472073 -3.421415 2.225 130.0 
222.94 120.0 1 motorway 3 2 40.471741 -3.422617 4.314 131.7 
225.34 120.0 1 motorway 3 2 40.471176 -3.424612 1.718 126.8 
230.93 120.0 1 motorway 3 2 40.470955 -3.425385 5.298 126.9 
232.57 120.0 1 motorway 3 2 40.470291 -3.427745 0.936 128.0 
249.26 -1.0 -1 - -1 -1 40.470188 -3.428136 16.635 137.0 
253.34 120.0 1 motorway 3 2 40.468815 -3.435153 3.717 136.6 
254.91 120.0 1 motorway 3 2 40.468506 -3.436903 1.287 137.4 
257.14 120.0 1 motorway 3 2 40.468342 -3.437779 1.516 139.2 
259.40 120.0 1 motorway 3 2 40.468178 -3.438676 1.769 141.0 
261.27 120.0 1 motorway 3 2 40.468014 -3.439579 1.639 141.4 
264.82 120.0 1 motorway 3 2 40.467854 -3.440488 3.191 145.1 
266.78 120.0 1 motorway 3 2 40.467598 -3.442348 1.156 142.3 
268.13 120.0 1 motorway 3 2 40.467533 -3.443234 0.505 140.3 
269.94 120.0 1 motorway 3 2 40.467499 -3.443691 1.315 137.1 
270.95 120.0 1 motorway 3 2 40.467422 -3.444575 0.327 135.5 
272.24 120.0 1 motorway 3 2 40.467381 -3.445019 0.614 134.4 
274.06 120.0 1 motorway 3 2 40.467346 -3.445465 1.430 131.0 
276.40 120.0 1 motorway 3 2 40.467278 -3.446326 1.770 125.8 
277.28 120.0 1 motorway 3 2 40.467201 -3.447158 0.655 123.7 
278.69 120.0 1 motorway 3 2 40.467163 -3.447579 1.047 121.7 
280.49 120.0 1 motorway 3 2 40.467102 -3.448359 0.861 120.4 
282.34 120.0 1 motorway 3 2 40.467068 -3.448762 1.712 116.5 
283.78 120.0 1 motorway 3 2 40.467007 -3.449515 1.153 113.4 
286.03 120.0 1 motorway 3 2 40.466934 -3.450259 1.402 115.6 
287.04 120.0 1 motorway 3 2 40.466892 -3.451030 0.416 114.7 
288.58 120.0 1 motorway 3 2 40.466877 -3.451413 0.952 116.0 
289.91 120.0 1 motorway 3 2 40.466846 -3.451798 1.285 116.5 
291.39 120.0 1 motorway 3 2 40.466801 -3.452558 0.761 119.0 
293.29 120.0 1 motorway 3 2 40.466782 -3.452954 1.666 120.4 
295.55 120.0 1 motorway 3 2 40.466759 -3.453743 1.922 118.6 
296.57 120.0 1 motorway 3 2 40.466740 -3.454521 0.941 117.4 
298.05 120.0 1 motorway 3 2 40.466743 -3.454909 1.427 116.1 
300.97 120.0 1 motorway 3 2 40.466751 -3.455672 2.336 112.7 
316.43 120.0 1 motorway 3 2 40.466774 -3.456753 14.807 116.8 
319.71 120.0 1 motorway 3 2 40.467049 -3.462244 3.083 124.4 
321.58 120.0 1 motorway 3 2 40.467117 -3.463863 0.943 125.5 
323.45 120.0 1 motorway 3 2 40.467133 -3.464284 1.828 122.5 
325.35 120.0 1 motorway 3 2 40.467159 -3.465090 1.721 118.6 
326.98 120.0 1 motorway 3 2 40.467178 -3.465892 1.358 115.2 
329.14 120.0 1 motorway 3 2 40.467197 -3.466634 1.506 110.4 
334.45 120.0 1 motorway 3 1 40.467190 -3.467377 4.829 104.0 
336.20 120.0 1 motorway 3 1 40.467201 -3.469083 1.572 107.6 
338.04 120.0 1 motorway 3 1 40.467186 -3.469762 1.413 109.6 
342.24 120.0 1 motorway 3 1 40.467140 -3.470500 3.611 108.0 
348.43 120.0 1 motorway 3 1 40.467026 -3.471940 5.805 98.7 
349.62 -1.0 0 track 1 1 40.466793 -3.473894 0.980 97.5 
350.89 -1.0 0 track 1 1 40.466747 -3.474217 1.264 95.9 
353.09 120.0 1 motorway 3 1 40.466648 -3.474853 1.466 97.8 
357.68 120.0 1 motorway 3 1 40.466534 -3.475500 4.052 102.7 
360.36 80.0 1 primary_link 1 1 40.466251 -3.477003 1.738 100.7 
361.55 80.0 1 primary_link 1 1 40.466122 -3.477661 0.920 99.4 
362.92 80.0 1 primary_link 1 1 40.466068 -3.477936 1.290 97.1 
364.77 80.0 1 primary_link 1 1 40.465954 -3.478619 1.139 93.8 
367.02 80.0 1 primary_link 1 1 40.465874 -3.479236 1.392 91.9 
371.54 70.0 1 primary_link 1 1 40.465801 -3.479834 3.915 91.7 
372.86 70.0 1 primary_link 1 1 40.465912 -3.481024 1.228 94.5 
374.17 70.0 1 primary_link 1 1 40.466080 -3.481611 0.541 96.6 
379.62 70.0 1 primary_link 1 1 40.466183 -3.481897 4.995 88.3 
381.22 70.0 1 primary_link 1 1 40.466602 -3.483296 1.588 89.3 
382.17 70.0 1 primary_link 1 1 40.466724 -3.483859 0.547 89.0 
382.99 70.0 1 primary_link 1 1 40.466732 -3.484148 0.364 89.0 
385.05 70.0 1 primary_link 1 1 40.466713 -3.484435 1.428 89.7 
386.18 70.0 1 primary_link 1 1 40.466614 -3.485013 0.553 86.4 
387.68 70.0 1 primary_link 1 1 40.466522 -3.485255 1.058 87.0 
389.89 70.0 1 primary_link 1 1 40.466251 -3.485716 1.262 88.4 
392.22 90.0 3 motorway_link 1 1 40.465954 -3.486139 1.590 89.5 
394.29 90.0 3 motorway_link 1 1 40.465668 -3.486558 1.663 89.8 
395.79 50.0 1 primary 1 1 40.465378 -3.487015 1.164 88.2 
398.78 50.0 1 primary 1 1 40.465088 -3.487439 2.155 69.2 
401.03 50.0 1 primary 1 1 40.464653 -3.487846 1.399 60.0 
403.12 50.0 1 primary 1 1 40.464359 -3.487917 1.491 54.5 
405.55 50.0 1 primary 1 1 40.464100 -3.487826 1.926 57.7 
407.82 50.0 1 primary 1 1 40.463860 -3.487639 2.198 56.3 
410.23 50.0 1 primary 1 1 40.463654 -3.487145 1.597 58.8 
412.73 50.0 1 primary 1 1 40.463623 -3.486769 2.104 56.8 
414.85 90.0 1 motorway_link 1 1 40.463726 -3.486220 1.225 63.3 
417.58 90.0 1 motorway_link 1 1 40.463879 -3.485850 1.951 79.3 
421.19 90.0 1 motorway_link 1 1 40.464024 -3.485385 3.561 89.0 
425.03 90.0 1 motorway_link 1 1 40.464264 -3.484327 3.403 94.6 
427.67 90.0 1 motorway_link 1 1 40.464504 -3.483161 2.041 90.9 
430.41 90.0 1 motorway_link 1 1 40.464699 -3.482326 1.785 93.9 
432.04 90.0 1 motorway_link 1 1 40.464836 -3.481753 1.416 97.0 
433.99 90.0 1 motorway_link 1 1 40.464977 -3.481125 1.362 96.1 
437.08 90.0 1 motorway_link 1 1 40.465126 -3.480516 2.459 100.0 
438.70 90.0 1 motorway_link 1 1 40.465393 -3.479614 1.074 105.0 
440.97 90.0 1 motorway_link 1 1 40.465553 -3.478926 1.346 105.5 
442.50 90.0 1 motorway_link 1 1 40.465721 -3.478271 0.870 109.8 
443.01 90.0 1 motorway_link 1 1 40.465801 -3.477927 0.381 109.8 
444.74 90.0 1 motorway_link 1 1 40.465889 -3.477578 1.116 115.0 
446.93 120.0 1 motorway 4 1 40.466053 -3.476860 1.304 120.1 
448.43 120.0 1 motorway 4 1 40.466202 -3.476097 0.802 124.5 
449.47 120.0 1 motorway 4 1 40.466278 -3.475698 0.846 126.8 
450.38 120.0 1 motorway 4 1 40.466358 -3.475294 0.759 128.3 
451.72 120.0 1 motorway 4 1 40.466423 -3.474893 1.084 131.4 
453.96 120.0 1 motorway 4 1 40.466568 -3.474048 1.329 134.8 
456.20 120.0 1 motorway 4 1 40.466694 -3.473174 1.570 138.5 
458.10 120.0 1 motorway 4 1 40.466808 -3.472300 1.478 137.5 
460.30 120.0 1 motorway 4 1 40.466900 -3.471399 1.678 132.8 
461.94 120.0 1 motorway 4 1 40.466972 -3.470542 1.319 132.3 
464.81 120.0 1 motorway 3 1 40.467018 -3.469685 2.185 128.1 
466.26 120.0 1 motorway 3 1 40.467064 -3.468434 0.637 127.2 
468.72 120.0 1 motorway 3 1 40.467072 -3.468005 2.084 126.9 
471.05 120.0 1 motorway 3 1 40.467072 -3.466750 1.432 126.0 
474.95 120.0 1 motorway 3 1 40.467056 -3.465921 3.324 128.8 
476.90 120.0 1 motorway 3 1 40.467014 -3.464245 1.279 129.1 
478.30 120.0 1 motorway 3 1 40.466976 -3.463411 0.677 132.2 
481.81 120.0 1 motorway 3 1 40.466965 -3.462955 3.184 136.0 
485.03 120.0 2 motorway 3 1 40.466896 -3.461185 2.409 132.9 
487.96 120.0 1 motorway 3 1 40.466839 -3.459885 2.340 128.2 
490.51 120.0 1 motorway 3 1 40.466774 -3.458625 1.886 122.7 
498.09 120.0 1 motorway 3 1 40.466732 -3.457827 7.470 114.5 
499.22 120.0 1 motorway 3 1 40.466660 -3.454798 0.598 116.2 
503.41 120.0 1 motorway 3 1 40.466660 -3.454402 3.788 112.4 
505.67 120.0 1 motorway 3 1 40.466694 -3.452929 2.038 118.0 
507.87 120.0 1 motorway 3 1 40.466736 -3.451778 1.251 115.8 
509.58 120.0 1 motorway 3 1 40.466782 -3.451037 0.962 113.8 
511.16 120.0 1 motorway 3 1 40.466808 -3.450656 1.539 111.9 
512.74 120.0 1 motorway 3 1 40.466862 -3.449934 1.114 109.2 
514.68 120.0 1 motorway 3 1 40.466923 -3.449218 1.048 106.9 
516.21 120.0 1 motorway 3 1 40.466969 -3.448548 0.587 103.5 
518.16 120.0 1 motorway 3 1 40.466991 -3.448194 1.540 101.3 
520.34 120.0 1 motorway 3 1 40.467045 -3.447530 1.713 103.1 
522.42 120.0 1 motorway 3 1 40.467110 -3.446859 1.788 104.6 
524.94 120.0 1 motorway 3 1 40.467167 -3.446180 2.315 105.1 
527.51 120.0 1 motorway 3 1 40.467243 -3.445148 1.878 110.6 
529.42 120.0 1 motorway 3 1 40.467300 -3.444422 1.786 106.5 
533.53 120.0 1 motorway 3 1 40.467354 -3.443707 3.899 115.2 
538.26 120.0 1 motorway 3 1 40.467495 -3.442241 4.627 114.1 
544.08 120.0 1 motorway 3 1 40.467754 -3.440411 5.456 119.8 
548.88 120.0 1 motorway 3 1 40.468159 -3.438188 4.256 121.4 
552.57 120.0 1 motorway 3 1 40.468487 -3.436239 2.948 119.6 
554.51 120.0 1 motorway 3 1 40.468693 -3.435112 1.887 117.7 
556.05 120.0 1 motorway 3 1 40.468811 -3.434349 1.424 117.5 
558.61 120.0 1 motorway 3 1 40.468929 -3.433593 1.976 117.0 
565.47 120.0 1 motorway 3 1 40.469051 -3.432875 6.844 119.5 
567.02 120.0 1 motorway 3 1 40.469521 -3.430191 1.394 118.5 
573.15 120.0 1 motorway 3 1 40.469700 -3.429435 5.518 118.5 
577.98 120.0 1 motorway 3 1 40.470287 -3.427258 4.358 121.1 
579.51 120.0 1 motorway 3 1 40.470844 -3.425389 0.885 119.2 
581.78 120.0 1 motorway 3 1 40.470947 -3.425028 2.157 121.7 
584.39 120.0 1 motorway 3 1 40.471268 -3.423905 1.766 117.5 
585.96 120.0 1 motorway 3 1 40.471489 -3.423190 1.335 116.5 
587.49 120.0 1 motorway 3 1 40.471684 -3.422457 0.873 118.8 
588.83 120.0 1 motorway 3 1 40.471779 -3.422095 1.207 119.2 
590.26 120.0 1 motorway 3 1 40.471970 -3.421361 0.634 121.9 
593.99 120.0 1 motorway 3 1 40.472069 -3.420990 3.364 117.9 
596.85 120.0 1 motorway 3 1 40.472454 -3.419494 2.231 121.2 
600.80 120.0 1 motorway 3 1 40.472752 -3.418367 3.166 121.0 
603.17 120.0 1 motorway 3 1 40.473137 -3.416849 1.544 122.5 
610.26 120.0 1 motorway 3 1 40.473320 -3.416072 6.629 121.6 
613.42 120.0 1 motorway 3 1 40.473991 -3.413422 2.795 122.7 
615.42 120.0 1 motorway 3 1 40.474361 -3.412331 1.800 122.0 
616.88 120.0 1 motorway 3 1 40.474628 -3.411619 1.251 120.4 
618.51 120.0 1 motorway 3 1 40.474915 -3.410917 0.887 119.1 
619.98 120.0 1 motorway 3 1 40.475063 -3.410573 1.354 119.8 
621.69 120.0 1 motorway 3 1 40.475376 -3.409889 1.064 118.0 
623.84 120.0 1 motorway 3 1 40.475685 -3.409244 1.213 116.5 
626.53 120.0 1 motorway 3 2 40.476032 -3.408639 1.903 119.2 
627.42 120.0 1 motorway 3 2 40.476395 -3.408028 0.802 117.3 
628.66 120.0 1 motorway 3 2 40.476578 -3.407721 1.038 116.6 
630.67 120.0 1 motorway 3 2 40.476944 -3.407135 1.050 118.2 
634.19 120.0 1 motorway 3 2 40.477337 -3.406557 2.562 116.7 
636.41 120.0 1 motorway 3 2 40.477940 -3.405721 1.782 115.9 
638.72 120.0 1 motorway 3 2 40.478359 -3.405184 2.102 117.2 
641.41 120.0 1 motorway 3 2 40.479019 -3.404428 1.788 118.7 
642.60 120.0 1 motorway 3 2 40.479462 -3.403927 0.973 119.4 
644.56 120.0 1 motorway 3 2 40.479694 -3.403702 1.933 120.7 
650.25 120.0 1 motorway 3 2 40.480186 -3.403228 5.628 124.1 
651.89 120.0 1 motorway 3 2 40.481659 -3.401778 1.265 125.7 
654.84 120.0 1 motorway 3 2 40.482170 -3.401280 2.215 130.2 
656.77 120.0 1 motorway 3 2 40.482952 -3.400522 1.138 130.7 
673.60 -1.0 -1 - -1 -1 40.483475 -3.400009 15.982 128.3 
681.79 120.0 1 motorway 3 1 40.487301 -3.395776 8.171 131.5 
689.08 120.0 1 motorway 3 1 40.489319 -3.392981 6.458 127.5 
690.83 120.0 1 motorway 3 1 40.490883 -3.390848 1.204 126.4 
692.49 120.0 1 motorway 3 1 40.491329 -3.390247 0.863 124.1 
693.82 120.0 1 motorway 3 1 40.491543 -3.389957 1.193 122.9 
699.66 120.0 1 motorway 3 1 40.491951 -3.389376 5.037 118.2 
701.36 120.0 1 motorway 3 1 40.493153 -3.387612 0.722 113.8 
709.45 120.0 1 motorway 3 1 40.493343 -3.387341 7.823 94.9 
713.28 120.0 1 motorway 3 1 40.494629 -3.385281 3.654 97.4 
715.01 120.0 1 motorway 3 1 40.495209 -3.384273 1.391 101.4 
717.91 120.0 1 motorway 3 1 40.495510 -3.383726 2.288 102.6 
721.32 120.0 1 motorway 3 1 40.495964 -3.382924 2.699 96.0 
725.25 120.0 1 motorway 3 1 40.496376 -3.382125 3.625 86.7 
727.47 120.0 1 motorway 3 1 40.496891 -3.381144 1.846 86.5 
733.20 120.0 1 motorway 3 2 40.497128 -3.380678 5.578 95.8 
737.76 120.0 1 motorway 3 2 40.497894 -3.379231 4.142 106.5 
740.06 120.0 1 motorway 3 2 40.498611 -3.377850 1.439 110.0 
745.80 120.0 1 motorway 3 2 40.498932 -3.377249 5.182 122.7 
747.91 120.0 1 motorway 3 2 40.499931 -3.375312 1.291 126.2 
749.68 120.0 1 motorway 3 2 40.500278 -3.374610 1.062 130.2 
752.89 120.0 1 motorway 3 1 40.500626 -3.373874 2.270 132.2 
757.39 120.0 1 motorway 3 1 40.501133 -3.372752 3.764 120.6 
759.02 120.0 1 motorway 3 1 40.501770 -3.371345 1.396 118.8 
761.26 120.0 1 motorway 3 1 40.502090 -3.370655 1.635 113.9 
763.51 120.0 1 motorway 4 2 40.502384 -3.370040 1.889 112.2 
764.49 120.0 1 motorway 4 1 40.502670 -3.369416 0.861 112.8 
765.62 120.0 1 motorway 4 1 40.502815 -3.369099 0.994 114.6 
768.94 120.0 1 motorway 4 1 40.503105 -3.368446 2.320 116.8 
771.91 120.0 1 motorway 4 1 40.503563 -3.367463 2.283 110.7 
774.80 120.0 1 motorway 4 1 40.504009 -3.366543 2.175 102.1 
777.37 120.0 1 motorway 4 1 40.504398 -3.365687 1.744 89.0 
780.51 120.0 1 motorway 4 1 40.504627 -3.365163 2.886 83.4 
790.15 120.0 1 motorway 4 1 40.504906 -3.364401 9.522 84.6 
794.98 120.0 1 motorway 3 1 40.505558 -3.361772 4.361 80.1 
798.44 90.0 3 motorway_link 1 1 40.505634 -3.360454 2.816 74.2 
800.04 90.0 1 motorway_link 2 1 40.505638 -3.359684 1.416 74.2 
801.91 90.0 1 motorway_link 2 1 40.505623 -3.359230 1.287 68.1 
803.56 90.0 1 motorway_link 2 1 40.505611 -3.358788 0.939 51.6 
804.24 90.0 1 motorway_link 2 1 40.505600 -3.358607 0.614 40.5 
