10.66 0.0 40.505341 -3.357220 599.7 32 405 -1 -1 -9 -9 0 
11.68 73.8 40.505657 -3.356018 593.5 6 5 280.9 171.211 0 0 0 
12.70 66.1 40.505840 -3.356279 601.9 3 5 275.6 5.273 0 0 0 
13.71 68.7 40.505829 -3.356511 602.6 3 5 277.4 3.516 0 0 0 
14.63 66.0 40.505852 -3.356736 602.4 3 5 278.4 2.812 0 0 0 
15.69 66.7 40.505844 -3.356960 603.2 3 5 277.0 1.406 0 0 0 
16.63 69.6 40.505852 -3.357188 603.2 3 5 275.3 3.164 2 0 0 
17.63 72.5 40.505878 -3.357411 603.6 3 5 274.2 2.812 0 0 0 
18.63 75.3 40.505928 -3.357670 604.2 3 5 273.9 1.406 0 0 0 
19.63 78.4 40.505924 -3.357980 603.6 3 5 274.9 1.055 0 0 0 
20.63 79.7 40.505962 -3.358184 603.6 3 5 276.0 2.109 0 0 0 
21.71 79.6 40.505959 -3.358428 603.5 3 5 276.0 1.055 0 0 0 
22.67 79.0 40.505989 -3.358662 603.5 3 5 276.7 0.703 0 0 0 
23.64 79.7 40.505997 -3.358918 603.5 3 5 275.6 1.055 0 0 0 
24.67 78.8 40.506016 -3.359176 603.4 3 5 275.6 1.055 0 0 0 
25.64 80.2 40.506031 -3.359441 603.6 3 5 276.0 0.352 0 0 0 
26.65 79.0 40.506035 -3.359691 602.7 3 5 271.4 4.570 0 0 0 
27.66 80.4 40.506027 -3.359956 603.1 3 5 269.6 6.328 0 0 0 
28.65 79.4 40.506020 -3.360218 603.0 3 5 268.9 2.461 0 0 0 
29.63 79.1 40.506012 -3.360480 602.9 3 5 267.5 2.109 0 0 0 
30.66 79.9 40.506001 -3.360733 603.3 3 5 265.1 3.867 0 0 0 
31.64 80.9 40.505970 -3.360997 603.4 3 5 261.9 5.625 2 0 0 
32.65 83.0 40.505939 -3.361257 603.7 3 5 259.8 5.273 0 0 0 
33.65 83.1 40.505905 -3.361523 603.5 3 5 260.2 1.758 0 0 0 
34.63 87.4 40.505867 -3.361807 604.4 3 5 259.8 0.352 0 0 0 
35.65 89.6 40.505821 -3.362099 605.1 3 5 259.1 1.055 0 0 0 
36.64 91.7 40.505772 -3.362388 606.3 3 5 257.7 2.109 0 0 0 
37.64 93.6 40.505718 -3.362688 606.5 3 5 256.6 2.461 0 0 0 
38.64 95.3 40.505657 -3.362982 607.4 3 5 254.2 3.516 2 1 0 
39.64 97.0 40.505589 -3.363291 606.9 3 5 250.7 5.977 0 1 0 
40.65 100.2 40.505505 -3.363603 605.9 3 5 248.9 5.273 0 1 0 
41.64 102.6 40.505409 -3.363918 606.1 3 5 247.9 2.812 0 1 0 
42.64 104.3 40.505310 -3.364235 608.3 3 5 247.9 1.055 0 1 0 
43.64 107.8 40.505207 -3.364564 610.1 3 5 247.9 0 0 1 0 
44.63 109.3 40.505096 -3.364893 611.2 3 5 246.1 1.758 0 1 0 
45.64 112.7 40.504971 -3.365230 611.6 3 5 244.0 3.867 0 1 0 
46.64 113.8 40.504841 -3.365564 609.2 3 5 242.2 3.867 0 1 0 
47.67 116.0 40.504692 -3.365900 607.4 3 5 240.5 3.516 0 1 0 
48.64 118.3 40.504536 -3.366238 608.5 3 5 239.1 3.164 0 1 0 
49.64 118.0 40.504379 -3.366569 609.0 3 5 238.0 2.461 0 0 0 
50.64 117.0 40.504223 -3.366898 608.4 3 5 237.7 1.406 0 0 0 
51.67 117.1 40.504059 -3.367221 608.6 3 5 237.3 0.703 0 0 0 
52.68 117.9 40.503895 -3.367544 607.8 3 5 237.0 0.703 0 0 0 
53.63 118.7 40.503735 -3.367870 607.4 3 5 237.3 0.352 0 0 0 
54.65 119.2 40.503567 -3.368198 607.3 3 5 236.6 0.703 0 0 0 
55.63 120.2 40.503403 -3.368531 606.7 3 5 237.3 0.703 0 0 0 
56.72 122.5 40.503235 -3.368874 606.3 3 5 237.5 0.904 0 0 0 
57.66 122.9 40.503067 -3.369216 607.4 3 5 237.5 0.201 0 0 0 
58.63 123.6 40.502907 -3.369552 606.0 3 5 236.7 0.765 2 0 0 
59.65 123.7 40.502750 -3.369901 606.2 3 5 237.0 0.496 0 0 0 
60.71 124.7 40.502594 -3.370250 607.6 3 5 237.0 0.270 0 0 0 
61.70 125.8 40.502419 -3.370627 606.8 3 5 237.4 0.365 0 0 0 
62.66 126.4 40.502262 -3.370972 605.0 3 5 241.4 4.414 0 0 0 
63.66 126.8 40.502083 -3.371308 605.3 3 5 237.3 4.120 0 0 0 
64.63 126.3 40.501911 -3.371656 604.4 3 5 237.3 4.120 0 0 0 
65.65 124.5 40.501743 -3.371997 604.0 3 5 237.0 0.352 0 0 0 
66.65 122.9 40.501579 -3.372339 603.3 3 5 237.3 0.352 0 0 0 
67.64 121.7 40.501411 -3.372673 602.8 3 5 237.3 0.352 0 0 0 
68.64 120.7 40.501251 -3.373007 602.7 3 5 237.3 0 0 0 0 
69.68 120.3 40.501087 -3.373336 602.2 3 5 237.3 0 0 0 0 
70.67 120.6 40.500923 -3.373674 601.7 3 5 237.3 0 0 0 0 
71.65 120.7 40.500759 -3.374008 601.8 3 5 237.3 0 0 0 0 
72.71 120.9 40.500595 -3.374340 601.3 3 5 237.3 0 0 0 0 
73.63 121.1 40.500431 -3.374671 601.3 3 5 237.3 0 1 0 0 
74.64 121.5 40.500267 -3.375007 600.8 3 5 237.0 0.352 0 0 0 
75.64 121.8 40.500099 -3.375342 600.7 3 5 236.6 0.703 0 0 0 
76.63 121.9 40.499928 -3.375675 600.5 3 5 236.6 0.352 0 0 0 
77.64 121.5 40.499763 -3.376009 600.9 3 5 236.6 0 0 0 0 
78.63 120.9 40.499596 -3.376344 599.4 3 5 237.0 0.352 0 0 0 
79.63 120.5 40.499428 -3.376670 599.2 3 5 236.2 0.703 0 0 0 
80.64 120.8 40.499260 -3.376999 599.3 3 5 235.9 1.055 0 0 0 
81.66 121.4 40.499084 -3.377332 599.1 3 5 235.9 0.352 2 0 0 
82.63 122.1 40.498909 -3.377664 599.2 3 5 235.2 0.703 0 0 0 
83.63 122.7 40.498730 -3.377985 599.4 3 5 233.8 2.109 0 0 0 
84.63 126.1 40.498535 -3.378316 599.6 3 5 233.1 2.109 0 0 0 
85.63 124.9 40.498367 -3.378658 599.2 3 5 235.5 2.461 0 0 0 
86.64 124.2 40.498196 -3.378997 599.8 3 5 236.6 3.516 0 0 0 
87.65 124.4 40.498020 -3.379335 599.0 3 5 236.2 0.703 0 0 0 
88.63 124.3 40.497852 -3.379671 598.8 3 5 236.2 0.352 0 0 0 
89.63 123.9 40.497684 -3.380013 598.8 3 5 237.3 1.055 2 1 0 
90.64 123.6 40.497517 -3.380355 598.7 3 5 237.7 1.406 0 1 0 
91.70 123.1 40.497353 -3.380696 598.3 3 5 237.3 0.352 0 1 0 
92.63 123.0 40.497185 -3.381034 598.2 3 5 236.6 1.055 0 0 0 
93.65 121.7 40.497017 -3.381367 598.3 3 5 236.6 0.703 1 0 0 
94.63 121.3 40.496849 -3.381699 598.0 3 5 236.2 0.352 2 1 0 
95.64 120.5 40.496681 -3.382029 598.1 3 5 236.2 0.352 2 1 0 
96.64 119.6 40.496517 -3.382355 598.1 3 5 236.2 0 2 1 0 
97.64 118.8 40.496349 -3.382685 598.1 3 5 235.9 0.352 1 1 0 
98.67 117.9 40.496185 -3.383001 598.3 3 5 235.5 0.703 0 1 0 
99.67 117.0 40.496017 -3.383315 598.4 3 5 235.2 0.703 0 1 0 
100.64 116.1 40.495850 -3.383628 598.5 3 5 234.5 1.055 0 1 0 
101.64 115.7 40.495678 -3.383937 598.9 3 5 234.1 1.055 0 1 0 
102.66 116.1 40.495506 -3.384246 598.8 3 5 233.8 0.703 0 1 0 
103.66 118.4 40.495331 -3.384555 598.9 3 5 233.8 0.352 0 1 0 
104.64 118.7 40.495144 -3.384865 598.8 3 5 233.1 0.703 0 1 0 
105.64 118.8 40.494957 -3.385180 598.8 3 5 232.4 1.406 0 1 0 
106.70 120.8 40.494770 -3.385483 598.8 3 5 232.0 1.055 0 1 0 
107.68 122.3 40.494595 -3.385790 598.9 3 5 232.0 0.352 0 1 0 
108.65 123.5 40.494400 -3.386095 599.8 3 5 231.7 0.352 0 1 0 
109.65 125.4 40.494213 -3.386412 599.9 3 5 231.3 0.703 0 1 0 
110.67 127.9 40.494022 -3.386732 600.1 3 5 230.6 1.055 0 1 0 
111.65 128.3 40.493820 -3.387043 600.2 4 5 229.9 1.406 0 1 0 
112.70 129.3 40.493610 -3.387363 600.2 4 5 229.9 0.703 0 1 0 
113.67 130.9 40.493412 -3.387670 600.4 4 5 229.6 0.352 0 1 0 
114.65 132.4 40.493195 -3.387980 600.1 4 5 228.9 1.055 0 1 0 
115.65 134.4 40.492973 -3.388318 599.9 4 5 228.5 1.055 0 1 0 
116.65 132.3 40.492752 -3.388647 599.8 4 5 228.5 0.352 0 1 0 
117.71 138.3 40.492523 -3.388991 599.5 3 5 227.5 1.055 0 1 0 
118.65 139.3 40.492283 -3.389328 600.1 4 5 227.5 1.055 0 1 0 
119.65 140.7 40.492039 -3.389674 599.8 4 5 226.8 0.703 0 1 0 
120.65 141.8 40.491791 -3.390009 599.9 3 5 226.1 1.406 0 1 0 
121.65 142.7 40.491547 -3.390348 599.2 3 5 226.1 0.703 0 1 0 
122.65 143.7 40.491291 -3.390691 599.2 3 5 225.7 0.352 1 1 0 
123.65 145.0 40.491043 -3.391039 599.1 3 5 225.7 0.352 2 1 0 
124.63 145.5 40.490788 -3.391382 600.0 4 5 225.7 0 0 1 0 
125.70 145.6 40.490528 -3.391724 599.7 3 5 225.4 0.352 0 1 0 
126.63 146.1 40.490265 -3.392069 598.0 3 5 225.4 0.352 0 1 0 
127.65 147.1 40.490002 -3.392413 598.0 3 5 226.1 0.703 0 1 0 
128.64 146.8 40.489746 -3.392755 598.2 3 5 225.7 0.352 0 1 0 
129.65 147.0 40.489487 -3.393106 597.8 3 5 226.1 0.352 0 1 0 
130.64 147.1 40.489231 -3.393453 597.5 3 5 226.1 0.352 0 1 0 
131.64 145.1 40.488979 -3.393802 597.4 3 5 226.1 0 0 1 0 
132.64 142.6 40.488731 -3.394139 596.7 3 5 225.7 0.352 0 1 0 
133.68 140.3 40.488483 -3.394474 597.2 3 5 225.7 0.352 0 1 0 
134.66 138.0 40.488235 -3.394805 597.7 3 5 225.7 0 0 1 0 
135.63 138.5 40.487991 -3.395133 595.9 3 5 226.1 0.352 0 1 0 
136.68 140.0 40.487736 -3.395462 595.9 3 5 225.0 1.055 0 1 0 
137.63 141.0 40.487495 -3.395783 596.5 3 5 225.0 1.055 0 1 0 
138.63 141.6 40.487251 -3.396108 596.6 3 5 224.3 0.702 0 1 0 
139.63 141.6 40.486996 -3.396425 596.3 3 5 223.4 1.565 0 1 0 
140.64 139.7 40.486744 -3.396740 596.4 3 5 223.4 0.864 0 1 0 
141.63 142.2 40.486477 -3.397055 596.4 3 5 222.2 1.260 0 1 0 
142.63 140.9 40.486206 -3.397363 596.7 3 5 221.2 2.190 0 1 0 
143.63 138.8 40.485947 -3.397658 597.1 3 5 220.4 1.790 0 1 0 
144.63 136.3 40.485683 -3.397948 597.4 3 5 219.7 1.500 1 1 0 
145.63 136.8 40.485413 -3.398242 597.7 3 5 219.7 0.640 1 1 0 
146.63 134.7 40.485157 -3.398512 596.6 3 5 218.0 1.721 1 2 0 
147.63 139.7 40.484901 -3.398798 596.6 3 5 218.0 1.721 0 2 0 
148.68 141.4 40.484623 -3.399079 596.1 3 5 216.4 1.623 0 2 0 
149.63 141.9 40.484337 -3.399347 596.3 3 5 216.4 1.623 0 2 0 
150.69 141.6 40.484051 -3.399623 596.5 3 5 216.4 0 0 1 0 
151.68 144.0 40.483761 -3.399900 596.1 3 5 216.9 0.516 0 1 0 
152.68 145.7 40.483452 -3.400204 594.7 3 5 216.9 0.516 0 1 0 
153.66 144.3 40.483173 -3.400476 594.1 3 5 216.9 0 0 1 0 
154.64 141.8 40.482883 -3.400764 593.0 3 5 217.6 0.636 0 1 0 
155.65 141.3 40.482601 -3.401038 593.2 3 5 216.7 0.861 0 1 0 
156.64 133.3 40.482334 -3.401293 590.0 3 5 217.3 0.612 0 1 0 
157.63 128.1 40.482067 -3.401556 589.1 3 5 216.3 0.960 0 1 0 
158.64 126.9 40.481812 -3.401795 588.4 3 5 216.3 0.960 0 1 0 
159.65 124.9 40.481564 -3.402039 588.6 3 5 216.3 0 0 1 0 
160.65 123.7 40.481312 -3.402291 588.0 3 5 216.3 0 0 1 0 
161.63 124.2 40.481060 -3.402539 587.4 3 5 216.3 0 0 1 0 
162.66 127.0 40.480812 -3.402779 586.7 3 5 216.3 0 0 1 0 
163.64 128.4 40.480560 -3.403035 586.8 4 5 216.9 0.555 0 1 0 
164.68 129.3 40.480305 -3.403287 587.0 4 5 216.7 0.312 0 1 0 
165.66 131.7 40.480042 -3.403535 587.7 3 5 217.1 0.405 0 1 0 
166.64 133.4 40.479778 -3.403805 585.4 3 5 217.1 0.405 0 1 0 
167.71 133.2 40.479515 -3.404065 585.2 3 5 217.5 0.404 0 1 0 
168.64 132.3 40.479256 -3.404338 585.2 3 5 220.2 3.145 0 1 0 
169.64 130.9 40.479008 -3.404623 585.3 3 5 221.4 3.977 0 1 0 
170.65 129.0 40.478756 -3.404909 585.0 3 5 221.4 1.236 0 1 0 
171.64 127.3 40.478516 -3.405194 584.0 3 5 222.5 1.098 0 1 0 
172.65 125.6 40.478283 -3.405470 583.4 3 5 223.2 1.801 0 1 0 
173.69 124.8 40.478062 -3.405761 583.8 3 5 224.6 2.109 0 1 0 
174.65 124.8 40.477837 -3.406054 583.7 3 5 225.4 2.109 0 1 0 
175.65 125.7 40.477615 -3.406349 582.6 3 5 226.4 1.758 0 1 0 
176.68 126.0 40.477402 -3.406649 581.7 3 5 228.2 2.812 0 1 0 
177.67 127.3 40.477196 -3.406959 581.5 3 5 228.5 2.109 0 1 0 
178.65 126.3 40.476994 -3.407276 581.2 3 5 229.2 1.055 0 1 0 
179.69 124.6 40.476814 -3.407575 582.1 4 5 231.0 2.461 0 1 0 
180.64 123.2 40.476624 -3.407895 580.8 4 5 231.7 2.461 0 1 0 
181.66 122.4 40.476433 -3.408208 580.7 4 5 232.0 1.055 0 1 0 
182.69 125.3 40.476238 -3.408532 581.2 4 5 233.1 1.406 0 0 0 
183.65 127.9 40.476055 -3.408873 581.8 4 5 234.5 2.461 0 0 0 
184.63 130.2 40.475861 -3.409218 582.1 4 5 235.5 2.461 0 0 0 
185.64 132.0 40.475685 -3.409561 582.5 4 5 236.6 2.109 0 0 0 
186.64 134.4 40.475506 -3.409932 582.9 4 5 237.3 1.758 0 0 0 
187.65 135.8 40.475334 -3.410318 584.3 4 5 238.7 2.109 0 0 0 
188.63 136.3 40.475159 -3.410704 584.8 4 5 239.4 2.109 0 0 0 
189.69 136.0 40.474991 -3.411095 583.6 4 5 240.5 1.758 0 0 0 
190.72 133.4 40.474827 -3.411483 584.1 4 5 241.9 2.461 0 0 0 
191.62 132.3 40.474678 -3.411863 583.9 4 5 243.3 2.812 0 0 0 
192.63 131.9 40.474537 -3.412250 584.0 4 5 244.3 2.461 0 0 0 
193.73 132.1 40.474392 -3.412628 584.6 3 5 244.7 1.406 0 0 0 
194.64 133.2 40.474262 -3.413028 583.7 3 5 245.7 1.406 0 0 0 
195.70 133.4 40.474125 -3.413434 584.0 3 5 246.8 2.109 0 0 0 
196.64 132.6 40.474003 -3.413838 586.4 3 5 247.5 1.758 0 0 0 
197.68 131.9 40.473881 -3.414236 587.0 3 5 249.3 2.461 0 0 0 
198.63 130.6 40.473774 -3.414651 586.9 3 5 250.7 3.164 0 0 0 
199.67 129.4 40.473679 -3.415049 587.0 3 5 251.7 2.461 0 0 0 
200.63 128.5 40.473583 -3.415440 587.0 3 5 252.1 1.406 0 0 0 
201.64 127.8 40.473492 -3.415843 587.2 4 5 251.7 0.352 0 0 0 
202.74 127.1 40.473389 -3.416235 587.4 4 5 251.7 0.352 0 0 0 
203.66 126.4 40.473289 -3.416602 587.3 4 5 251.7 0 0 0 0 
204.63 126.5 40.473190 -3.416993 587.3 4 5 251.7 0 0 0 0 
205.65 128.3 40.473099 -3.417389 588.5 4 5 251.7 0 0 0 0 
206.64 128.3 40.472996 -3.417788 588.0 4 5 251.7 0 0 0 0 
207.63 128.2 40.472893 -3.418172 586.6 4 5 251.7 0 0 0 0 
208.63 129.3 40.472790 -3.418582 586.7 4 5 252.1 0.352 0 0 0 
209.71 131.3 40.472694 -3.419004 586.5 4 5 251.7 0.352 0 0 0 
210.63 130.2 40.472584 -3.419408 585.9 4 5 251.7 0.352 0 0 0 
211.74 130.8 40.472477 -3.419793 585.1 4 5 251.7 0 0 0 0 
212.75 131.6 40.472382 -3.420199 583.9 4 5 252.1 0.352 0 0 0 
213.64 130.3 40.472279 -3.420609 584.3 4 5 251.7 0.352 0 0 0 
214.70 130.1 40.472176 -3.421015 583.2 4 5 251.4 0.703 0 0 0 
215.64 130.1 40.472073 -3.421415 582.2 4 5 250.7 1.055 0 0 0 
216.63 130.2 40.471966 -3.421817 582.0 3 5 250.3 1.055 0 0 0 
217.64 130.0 40.471848 -3.422225 581.8 3 5 250.3 0.352 0 0 0 
218.68 129.9 40.471741 -3.422617 582.2 3 5 250.0 0.352 0 0 0 
219.64 129.5 40.471634 -3.423017 581.7 3 5 250.3 0.352 0 0 0 
220.64 129.7 40.471523 -3.423417 581.3 3 5 249.6 0.703 0 0 0 
221.63 131.0 40.471409 -3.423813 581.6 3 5 249.6 0.703 0 0 0 
222.66 131.7 40.471291 -3.424217 581.4 3 5 249.3 0.352 0 0 0 
223.64 130.6 40.471176 -3.424611 580.9 4 5 248.6 1.055 0 0 0 
224.63 129.3 40.471062 -3.425003 580.6 4 5 248.9 0.352 0 0 0 
225.65 126.8 40.470955 -3.425385 580.0 4 5 248.9 0.352 0 0 0 
226.63 126.9 40.470833 -3.425778 580.6 4 5 248.2 0.703 0 0 0 
227.65 127.4 40.470718 -3.426185 580.0 4 5 248.6 0.352 0 0 0 
228.65 128.5 40.470600 -3.426574 580.3 4 5 249.3 1.055 0 0 0 
229.65 128.2 40.470501 -3.426979 580.6 4 5 250.0 1.406 0 0 0 
230.73 126.9 40.470402 -3.427357 580.5 4 5 250.7 1.406 0 0 0 
231.65 127.6 40.470291 -3.427744 580.9 3 5 250.3 0.352 0 0 0 
232.66 128.0 40.470188 -3.428136 582.2 4 5 250.3 0.352 0 0 0 
233.69 127.9 40.470078 -3.428539 582.6 3 5 251.0 0.703 0 0 0 
234.64 128.2 40.469963 -3.428939 582.4 4 5 251.4 1.055 0 0 0 
235.65 127.6 40.469872 -3.429340 583.0 4 5 252.1 1.055 0 0 0 
236.67 127.6 40.469776 -3.429729 584.8 4 5 252.4 1.055 0 0 0 
237.65 128.1 40.469685 -3.430134 585.5 4 5 253.5 1.406 0 0 0 
238.70 126.8 40.469601 -3.430533 584.6 4 5 254.9 2.461 0 0 0 
239.65 129.3 40.469521 -3.430937 585.6 4 5 255.6 2.109 0 0 0 
240.66 128.6 40.469440 -3.431348 586.3 3 5 256.6 1.758 0 0 0 
241.64 127.2 40.469360 -3.431756 587.4 4 5 257.7 2.109 0 0 0 
242.64 128.0 40.469284 -3.432163 587.3 3 5 258.0 1.406 0 0 0 
243.66 129.2 40.469219 -3.432587 588.9 3 5 258.4 0.703 0 0 0 
244.67 131.7 40.469154 -3.433011 589.6 4 5 259.1 1.055 0 0 0 
245.64 132.6 40.469082 -3.433446 590.7 4 5 259.5 1.055 0 0 0 
246.64 134.2 40.469017 -3.433872 591.7 4 5 258.4 1.055 0 0 0 
247.63 135.9 40.468967 -3.434275 592.5 4 5 258.4 1.055 0 0 0 
248.65 137.0 40.468884 -3.434712 593.6 4 5 258.0 0.352 0 0 0 
249.66 137.0 40.468815 -3.435153 594.5 4 5 258.0 0.352 0 0 0 
250.63 137.6 40.468739 -3.435599 594.7 4 5 258.0 0 0 0 0 
251.63 136.0 40.468662 -3.436037 596.1 4 5 258.0 0 0 0 0 
252.63 136.0 40.468597 -3.436465 594.9 4 5 257.3 0.703 0 0 0 
253.63 136.6 40.468506 -3.436903 593.6 4 5 257.3 0.703 0 0 0 
254.64 137.4 40.468422 -3.437340 593.9 4 5 257.0 0.352 0 0 0 
255.64 138.5 40.468342 -3.437779 593.1 4 5 256.6 0.703 0 0 0 
256.69 139.2 40.468258 -3.438225 593.0 3 5 256.6 0.352 0 0 0 
257.64 140.5 40.468178 -3.438676 591.9 3 5 257.0 0.352 0 0 0 
258.64 140.8 40.468098 -3.439134 591.2 4 5 257.0 0.352 0 0 0 
259.72 141.0 40.468014 -3.439578 591.1 4 5 256.6 0.352 0 0 0 
260.64 140.9 40.467937 -3.440034 590.6 4 5 257.0 0.352 0 0 0 
261.66 141.4 40.467854 -3.440488 591.4 4 5 257.7 1.055 0 0 0 
262.63 142.5 40.467785 -3.440950 590.4 4 5 259.1 2.109 0 0 0 
263.65 142.9 40.467724 -3.441415 589.4 4 5 259.5 1.758 0 0 0 
264.72 145.1 40.467655 -3.441875 589.3 4 5 260.2 1.055 0 0 0 
265.63 142.9 40.467598 -3.442348 589.5 4 5 261.9 2.461 0 0 0 
266.65 142.3 40.467575 -3.442772 589.3 4 5 263.0 2.812 0 0 0 
267.64 140.3 40.467533 -3.443234 588.2 4 5 263.9 1.977 0 0 0 
268.65 138.6 40.467499 -3.443691 587.3 4 5 263.9 0.922 0 0 0 
269.69 137.1 40.467461 -3.444125 587.4 4 5 263.5 0.350 0 0 0 
270.65 135.5 40.467422 -3.444574 587.5 4 5 263.5 0.350 0 0 0 
271.66 134.2 40.467381 -3.445018 587.9 4 5 263.7 0.143 0 0 0 
272.65 134.4 40.467346 -3.445464 586.5 4 5 263.7 0.143 0 0 0 
273.64 131.0 40.467316 -3.445898 586.8 4 5 263.7 0 0 0 0 
274.64 130.2 40.467278 -3.446325 587.0 4 5 263.7 0 0 0 0 
275.77 128.1 40.467239 -3.446757 586.6 4 5 263.7 0 0 0 0 
276.63 125.8 40.467201 -3.447157 586.1 4 5 263.5 0.141 0 0 0 
277.65 123.7 40.467163 -3.447578 586.0 4 5 263.5 0.141 0 0 0 
278.65 121.7 40.467136 -3.447959 586.0 4 5 263.4 0.186 0 0 0 
279.64 121.8 40.467102 -3.448358 585.8 4 5 263.4 0.186 0 0 0 
280.65 120.4 40.467068 -3.448761 586.1 4 5 263.4 0 0 0 0 
281.66 118.5 40.467033 -3.449137 585.7 4 5 264.2 0.830 0 0 0 
282.66 116.5 40.467007 -3.449515 586.0 4 5 264.2 0.830 0 0 0 
283.65 113.4 40.466965 -3.449893 586.4 4 5 264.4 0.228 0 0 0 
284.69 114.3 40.466934 -3.450258 586.7 4 5 265.3 1.094 0 0 0 
285.69 115.6 40.466908 -3.450645 585.9 3 5 265.3 0.866 0 0 0 
286.64 114.7 40.466892 -3.451030 585.4 4 5 265.3 0 0 0 0 
287.70 115.0 40.466877 -3.451413 585.8 4 5 265.3 0.034 0 0 0 
288.64 116.0 40.466846 -3.451797 586.2 4 5 267.0 1.769 0 0 0 
289.65 116.5 40.466824 -3.452172 586.8 3 5 266.7 1.339 0 0 0 
290.65 118.3 40.466801 -3.452557 587.3 3 5 266.7 0.396 0 0 0 
291.78 119.0 40.466782 -3.452953 587.1 3 5 266.7 0 0 0 0 
292.71 119.7 40.466770 -3.453341 586.8 3 5 268.6 1.957 0 0 0 
293.66 120.4 40.466759 -3.453743 587.3 3 5 268.6 1.957 0 0 0 
294.69 118.6 40.466747 -3.454132 587.4 3 5 268.6 0 0 0 0 
295.64 118.6 40.466740 -3.454520 587.6 3 5 269.0 0.415 0 0 0 
296.65 117.4 40.466743 -3.454908 588.4 3 5 269.7 1.076 0 0 0 
297.65 116.1 40.466747 -3.455284 588.4 3 5 269.7 0.661 0 0 0 
298.68 116.1 40.466751 -3.455671 587.4 4 5 272.3 2.645 0 0 0 
299.75 112.8 40.466751 -3.456025 588.2 4 5 271.6 1.913 0 0 0 
300.66 112.7 40.466778 -3.456383 588.3 3 5 271.6 0.731 0 0 0 
301.63 110.8 40.466774 -3.456752 588.4 3 5 272.5 0.927 0 0 0 
302.64 111.1 40.466789 -3.457107 588.6 3 5 272.5 0.927 0 0 0 
303.69 112.4 40.466805 -3.457466 588.0 3 5 272.5 0 0 0 0 
304.65 112.8 40.466820 -3.457834 588.4 3 5 272.9 0.397 0 0 0 
305.78 114.3 40.466843 -3.458206 587.7 3 5 272.9 0.397 0 0 0 
306.65 115.8 40.466862 -3.458587 588.2 3 5 273.6 0.721 0 0 0 
307.63 115.9 40.466885 -3.458957 588.6 3 5 273.2 0.484 0 0 0 
308.63 115.5 40.466892 -3.459339 588.7 3 5 273.6 0.449 0 0 0 
309.80 115.6 40.466911 -3.459702 589.1 3 5 273.6 0.449 0 0 0 
310.63 114.6 40.466923 -3.460073 589.1 3 5 273.6 0 0 0 0 
311.66 113.1 40.466949 -3.460449 588.5 3 5 273.6 0 0 0 0 
312.67 112.8 40.466969 -3.460821 588.7 3 5 273.6 0.046 0 0 0 
313.70 111.4 40.466991 -3.461179 588.6 3 5 274.0 0.429 0 0 0 
314.71 112.0 40.467007 -3.461552 588.5 4 5 274.0 0.429 0 0 0 
315.64 114.6 40.467033 -3.461892 587.7 4 5 274.0 0 0 0 0 
316.64 116.8 40.467049 -3.462243 587.7 4 5 273.3 0.732 0 0 0 
317.63 119.6 40.467075 -3.462636 588.1 4 5 273.3 0.732 0 0 0 
318.65 121.7 40.467098 -3.463038 587.8 4 5 273.8 0.503 0 0 0 
319.71 124.4 40.467117 -3.463454 588.3 4 5 272.9 0.908 0 0 0 
320.64 124.9 40.467117 -3.463863 588.3 4 5 272.9 0.908 0 0 0 
321.64 125.5 40.467133 -3.464284 588.4 4 5 272.9 0 0 0 0 
322.63 124.1 40.467148 -3.464689 588.5 4 5 271.9 0.936 0 0 0 
323.65 122.5 40.467159 -3.465089 588.2 4 5 271.4 1.411 0 0 0 
324.64 120.6 40.467171 -3.465490 587.4 3 5 270.6 1.351 0 0 0 
325.69 118.6 40.467178 -3.465891 587.3 3 5 270.6 0.875 0 0 0 
326.66 115.2 40.467190 -3.466270 587.9 3 5 270.6 0 0 0 0 
327.66 112.1 40.467197 -3.466634 588.2 3 5 271.0 0.422 0 0 0 
328.63 110.4 40.467190 -3.467007 586.7 3 5 270.1 0.867 0 0 0 
329.67 108.3 40.467190 -3.467377 585.5 3 5 270.1 0.867 0 0 0 
330.67 107.7 40.467201 -3.467715 585.3 3 5 269.5 0.590 2 0 0 
331.64 104.6 40.467201 -3.468068 585.0 3 5 269.5 0.629 0 0 0 
332.65 103.0 40.467205 -3.468412 584.8 3 5 268.5 1.036 0 0 0 
333.67 103.1 40.467205 -3.468745 585.1 3 5 267.8 1.659 0 0 0 
334.64 104.0 40.467201 -3.469083 585.2 3 5 267.4 1.101 2 0 0 
335.64 106.3 40.467197 -3.469427 585.4 3 5 267.4 0.438 0 0 0 
336.65 107.6 40.467186 -3.469761 585.9 3 5 266.7 0.649 0 0 0 
337.64 109.6 40.467167 -3.470132 585.9 3 5 265.2 2.197 0 0 0 
338.67 111.9 40.467140 -3.470499 585.9 4 5 265.2 1.548 1 0 0 
339.65 113.3 40.467117 -3.470867 586.8 4 5 265.2 0 0 0 0 
340.65 111.3 40.467091 -3.471233 587.0 4 5 264.0 1.191 0 0 0 
341.65 109.5 40.467060 -3.471593 589.1 4 5 263.0 2.176 0 0 0 
342.67 108.0 40.467026 -3.471940 585.8 4 5 262.4 1.614 1 0 0 
343.70 104.5 40.466991 -3.472275 585.7 4 5 262.1 0.941 1 0 0 
344.68 102.3 40.466953 -3.472603 585.9 4 5 262.1 0.313 1 0 0 
345.63 100.2 40.466915 -3.472922 586.0 4 5 260.0 2.058 0 0 0 
346.65 100.6 40.466873 -3.473259 585.7 4 5 261.2 1.205 0 0 0 
347.65 99.6 40.466835 -3.473578 585.4 4 5 261.2 1.205 0 0 0 
348.69 98.7 40.466793 -3.473894 585.5 4 5 259.3 1.910 0 0 0 
349.66 97.5 40.466747 -3.474216 585.4 4 5 258.7 2.572 0 0 0 
350.64 95.9 40.466698 -3.474530 585.6 6 5 258.7 0.662 0 0 0 
351.66 96.5 40.466648 -3.474852 585.4 6 5 257.7 0.969 0 0 0 
352.65 97.8 40.466591 -3.475171 585.6 6 5 257.0 1.686 0 0 0 
353.65 97.3 40.466534 -3.475500 585.4 6 5 257.0 0.717 0 0 0 
354.66 97.2 40.466480 -3.475809 585.5 4 5 256.4 0.607 0 0 0 
355.66 97.5 40.466427 -3.476097 585.8 4 5 256.4 0.607 0 0 0 
356.66 99.7 40.466366 -3.476410 586.0 4 5 256.4 0 0 0 0 
357.66 102.7 40.466301 -3.476740 586.3 4 5 255.5 0.864 0 0 0 
358.66 101.2 40.466251 -3.477003 586.1 4 5 255.5 0.864 0 0 0 
359.65 101.7 40.466187 -3.477323 586.2 4 5 255.5 0 0 0 0 
360.65 100.7 40.466122 -3.477660 586.0 4 5 255.5 0 0 0 0 
361.65 99.4 40.466068 -3.477935 586.0 4 5 255.5 0 0 0 0 
362.64 97.1 40.466003 -3.478304 585.3 4 5 254.4 1.143 0 0 0 
363.66 95.0 40.465954 -3.478619 585.3 4 5 253.8 1.704 0 0 0 
364.65 93.8 40.465927 -3.478936 585.3 4 5 257.0 3.196 0 0 0 
365.66 93.3 40.465874 -3.479236 585.7 4 5 257.3 3.548 0 0 0 
366.63 91.9 40.465836 -3.479531 585.7 4 5 259.8 2.812 0 0 0 
367.69 89.4 40.465801 -3.479834 586.0 4 5 264.7 7.383 0 0 0 
368.71 91.0 40.465775 -3.480131 586.3 4 5 265.1 5.268 0 0 0 
369.63 88.7 40.465797 -3.480450 586.6 4 5 284.9 20.205 0 0 0 
370.70 90.1 40.465855 -3.480748 587.0 4 5 289.4 24.319 0 0 0 
371.66 91.7 40.465912 -3.481024 587.2 4 5 290.3 5.339 0 0 0 
372.63 94.5 40.465992 -3.481310 587.6 4 5 293.3 3.938 0 0 0 
373.63 96.6 40.466080 -3.481611 588.1 4 5 294.0 3.711 0 0 0 
374.64 98.3 40.466183 -3.481897 588.6 4 5 294.0 0.651 0 0 0 
375.67 94.9 40.466274 -3.482185 588.4 4 5 294.9 0.888 0 0 0 
376.66 93.7 40.466370 -3.482469 588.5 3 5 295.1 1.094 0 0 0 
377.63 91.5 40.466465 -3.482755 588.5 3 5 295.1 0.259 0 0 0 
378.70 89.6 40.466534 -3.482974 588.4 3 5 295.1 0.053 1 1 0 
379.66 88.3 40.466602 -3.483295 588.3 3 5 280.9 14.220 1 1 0 
380.64 88.7 40.466694 -3.483571 588.6 3 5 283.0 12.120 1 1 0 
381.63 89.3 40.466724 -3.483859 589.0 3 5 275.6 7.383 1 1 0 
382.64 89.0 40.466732 -3.484148 589.7 3 5 269.3 13.711 1 1 0 
383.64 89.0 40.466713 -3.484435 589.6 3 5 263.7 11.953 1 1 0 
384.64 89.7 40.466679 -3.484727 589.4 3 5 252.3 17.013 1 2 0 
385.65 88.6 40.466614 -3.485013 589.3 3 5 247.5 16.215 1 2 0 
386.64 86.4 40.466522 -3.485255 589.2 4 5 238.2 14.112 1 2 0 
387.65 87.0 40.466385 -3.485488 588.9 4 5 236.0 11.410 0 2 0 
388.65 89.0 40.466251 -3.485716 589.2 4 5 240.8 4.741 0 2 0 
389.64 88.4 40.466103 -3.485941 589.0 3 5 229.3 11.515 0 2 0 
390.67 86.7 40.465954 -3.486139 589.0 3 5 231.2 9.618 0 2 0 
391.65 87.3 40.465805 -3.486339 589.1 4 5 231.6 2.337 0 2 0 
392.64 89.5 40.465668 -3.486557 589.4 4 5 231.6 0.441 0 2 0 
393.64 90.7 40.465519 -3.486792 589.7 4 5 231.2 0.390 0 2 0 
394.68 89.8 40.465378 -3.487015 589.7 4 5 229.1 2.525 0 2 0 
395.63 88.2 40.465225 -3.487236 589.9 4 5 224.8 6.428 0 2 0 
396.64 81.0 40.465088 -3.487439 589.6 4 5 224.3 4.805 2 2 0 
397.64 74.8 40.464947 -3.487631 589.4 4 5 220.2 4.557 0 2 0 
398.65 69.2 40.464809 -3.487753 589.8 3 5 213.2 11.102 1 2 0 
399.71 63.9 40.464653 -3.487846 590.8 3 5 205.6 14.676 0 2 0 
400.65 60.0 40.464512 -3.487901 591.8 3 5 188.5 24.674 0 2 0 
401.65 57.2 40.464359 -3.487917 593.0 3 5 175.6 29.959 0 2 0 
402.74 54.5 40.464222 -3.487881 594.1 3 5 166.8 21.677 0 2 0 
403.68 57.3 40.464100 -3.487826 594.8 3 5 161.1 14.470 0 1 0 
404.66 58.4 40.463970 -3.487737 595.4 3 5 147.1 19.732 0 1 0 
405.63 57.7 40.463860 -3.487639 595.3 3 5 143.7 17.458 0 1 0 
406.65 57.5 40.463787 -3.487463 595.3 3 5 128.7 18.423 1 1 0 
407.69 56.3 40.463711 -3.487309 594.9 3 5 118.5 25.197 1 2 0 
408.68 55.6 40.463654 -3.487145 595.2 3 5 108.6 20.039 0 2 0 
409.65 57.5 40.463627 -3.486964 595.4 3 5 99.5 18.984 0 2 0 
410.63 58.8 40.463623 -3.486769 595.2 3 5 71.1 37.564 0 2 0 
411.67 58.5 40.463650 -3.486596 595.0 3 5 69.7 29.823 0 2 0 
412.63 56.8 40.463680 -3.486419 595.0 3 5 69.7 1.400 1 2 0 
413.63 61.2 40.463726 -3.486220 595.3 3 5 61.4 8.235 0 2 0 
414.63 63.3 40.463802 -3.486043 595.1 3 5 62.6 7.091 0 2 0 
415.68 70.7 40.463879 -3.485850 594.8 3 5 62.9 1.496 0 2 0 
416.63 76.1 40.463951 -3.485621 594.2 3 5 68.2 5.625 0 2 0 
417.74 79.3 40.464024 -3.485385 593.2 3 5 68.2 5.273 0 2 0 
418.63 80.4 40.464088 -3.485138 591.7 3 5 73.1 4.922 0 2 0 
419.65 83.3 40.464138 -3.484870 590.3 3 5 73.8 5.625 0 2 0 
420.64 86.4 40.464195 -3.484608 589.3 3 5 72.4 1.406 0 2 0 
421.66 89.0 40.464264 -3.484328 588.9 4 5 71.7 2.109 0 2 0 
422.63 90.5 40.464325 -3.484039 588.9 3 5 73.5 1.758 0 2 0 
423.63 93.4 40.464386 -3.483749 589.3 3 5 73.5 1.758 0 2 0 
424.63 94.6 40.464439 -3.483457 589.7 3 5 73.5 0 0 2 0 
425.66 94.1 40.464504 -3.483161 589.5 3 5 73.1 0.352 0 2 0 
426.64 92.3 40.464569 -3.482872 589.8 3 5 72.8 0.703 1 2 0 
427.63 90.9 40.464630 -3.482595 589.1 3 5 73.1 0.352 1 2 0 
428.63 89.4 40.464699 -3.482326 589.0 4 5 72.8 0.352 1 2 0 
429.64 91.6 40.464767 -3.482052 588.6 4 5 72.4 0.703 1 2 0 
430.64 93.9 40.464836 -3.481754 588.6 4 5 72.8 0.352 1 2 0 
431.64 97.0 40.464905 -3.481432 588.7 4 5 72.4 0.352 1 3 0 
432.65 97.1 40.464977 -3.481125 588.6 4 5 71.7 1.055 1 3 0 
433.75 96.1 40.465050 -3.480817 588.5 4 5 71.7 0.703 1 3 0 
434.63 94.8 40.465126 -3.480516 588.3 4 5 71.0 0.703 0 3 0 
435.75 96.8 40.465210 -3.480217 588.2 4 5 67.6 4.111 0 3 0 
436.64 100.0 40.465305 -3.479918 588.3 4 5 65.8 5.179 0 3 0 
437.65 103.1 40.465393 -3.479614 588.1 4 5 61.5 6.131 0 3 0 
438.65 105.0 40.465462 -3.479279 588.3 4 5 74.1 12.663 1 3 0 
439.70 104.5 40.465553 -3.478927 588.8 4 5 74.1 12.663 2 3 0 
440.64 105.5 40.465637 -3.478601 588.0 4 5 74.1 0 0 3 0 
441.64 108.2 40.465721 -3.478271 587.8 3 5 74.1 0 2 3 0 
442.66 109.8 40.465801 -3.477928 587.7 4 5 76.0 1.824 2 3 0 
443.70 112.6 40.465889 -3.477579 587.8 4 5 75.1 0.978 0 2 0 
444.63 115.0 40.465981 -3.477222 588.2 3 5 75.1 0.846 0 2 0 
445.66 117.5 40.466053 -3.476860 589.2 3 5 75.5 0.427 0 2 0 
446.71 120.1 40.466129 -3.476482 589.1 3 5 75.5 0.427 0 2 0 
447.64 122.2 40.466202 -3.476098 591.5 3 5 76.0 0.419 0 2 0 
448.64 124.5 40.466278 -3.475699 592.0 3 5 76.5 0.999 0 2 0 
449.64 126.8 40.466358 -3.475294 590.0 4 5 76.5 0.580 0 2 0 
450.66 128.3 40.466423 -3.474893 589.7 4 5 77.4 0.837 0 2 0 
451.64 131.4 40.466496 -3.474472 590.8 4 5 78.3 1.791 0 2 0 
452.64 132.7 40.466568 -3.474048 590.7 4 5 78.3 0.954 0 2 0 
453.65 134.8 40.466633 -3.473622 591.3 4 5 79.4 1.053 0 2 0 
454.65 134.8 40.466694 -3.473175 591.2 4 5 80.1 1.729 0 2 0 
455.64 136.9 40.466751 -3.472745 591.4 4 5 80.7 1.336 0 2 0 
456.62 138.5 40.466808 -3.472301 591.9 4 5 81.4 1.367 0 2 0 
457.64 137.5 40.466858 -3.471844 591.6 4 5 83.5 2.762 0 2 0 
458.64 135.8 40.466900 -3.471400 591.1 4 5 83.5 2.070 0 2 0 
459.64 133.8 40.466942 -3.470971 591.0 4 5 84.5 1.016 0 2 0 
460.68 132.8 40.466972 -3.470542 591.7 4 5 85.0 1.549 0 2 0 
461.66 132.3 40.466999 -3.470106 591.9 3 5 86.0 1.507 0 2 0 
462.63 132.2 40.467018 -3.469685 591.2 3 5 86.5 1.470 0 2 0 
463.63 130.5 40.467037 -3.469265 590.4 3 5 86.5 0.511 0 2 0 
464.62 128.1 40.467056 -3.468839 591.0 3 5 86.5 0 0 2 0 
465.68 127.3 40.467064 -3.468434 590.9 3 5 88.7 2.213 0 2 0 
466.65 127.2 40.467072 -3.468006 591.3 3 5 88.7 2.213 0 1 0 
467.64 127.1 40.467075 -3.467590 591.4 3 5 89.3 0.562 0 1 0 
468.64 126.9 40.467075 -3.467170 591.0 3 5 89.6 0.916 0 1 0 
469.62 127.0 40.467072 -3.466751 591.4 3 5 90.4 1.057 0 1 0 
470.63 126.0 40.467064 -3.466338 591.1 3 5 90.7 1.055 0 1 0 
471.65 125.8 40.467056 -3.465922 590.3 3 5 91.1 0.703 0 1 0 
472.66 127.2 40.467049 -3.465508 590.9 3 5 91.4 0.703 0 1 0 
473.62 127.7 40.467037 -3.465091 591.1 3 5 91.8 0.703 0 1 0 
474.72 128.8 40.467026 -3.464671 590.9 3 5 91.8 0.352 0 1 0 
475.65 129.3 40.467014 -3.464245 591.2 3 5 92.5 0.703 0 1 0 
476.71 129.1 40.466995 -3.463838 591.7 3 5 92.8 1.062 0 1 0 
477.64 130.3 40.466976 -3.463412 591.6 3 5 93.3 0.792 0 1 0 
478.68 132.2 40.466965 -3.462955 592.0 3 5 93.3 0.433 0 1 0 
479.63 134.2 40.466942 -3.462517 592.4 3 5 93.5 0.213 0 1 0 
480.65 136.2 40.466927 -3.462069 592.7 3 5 93.5 0.213 0 1 0 
481.67 136.0 40.466911 -3.461621 592.5 3 5 93.5 0 0 1 0 
482.63 134.8 40.466896 -3.461185 592.7 3 5 93.5 0 0 1 0 
483.70 133.7 40.466877 -3.460745 592.8 3 5 93.5 0 0 1 0 
484.62 132.9 40.466858 -3.460320 592.0 3 5 93.7 0.273 1 1 0 
485.63 131.4 40.466839 -3.459886 591.4 3 5 93.7 0.273 1 1 0 
486.64 130.1 40.466812 -3.459473 591.5 3 5 93.7 0 1 1 0 
487.64 128.2 40.466793 -3.459052 591.2 3 5 93.7 0 1 1 0 
488.63 126.4 40.466774 -3.458626 590.6 3 5 93.5 0.220 0 1 0 
489.62 124.5 40.466751 -3.458219 589.8 3 5 93.5 0.220 0 1 0 
490.66 122.7 40.466732 -3.457828 589.7 3 5 93.5 0 0 1 0 
491.65 120.6 40.466717 -3.457443 589.4 3 5 92.5 1.042 0 1 0 
492.63 116.7 40.466705 -3.457059 588.9 3 5 92.5 1.042 0 1 0 
493.74 114.8 40.466694 -3.456695 588.8 3 5 91.7 0.738 0 1 0 
494.62 115.0 40.466682 -3.456315 589.0 3 5 91.7 0.738 0 1 0 
495.64 117.1 40.466679 -3.455935 589.2 3 5 90.8 0.989 0 1 0 
496.66 114.0 40.466671 -3.455555 589.0 3 5 91.0 0.748 1 1 0 
497.66 114.5 40.466671 -3.455172 588.8 3 5 90.5 0.542 0 1 0 
498.67 117.1 40.466660 -3.454798 588.8 3 5 90.5 0.542 0 1 0 
499.64 116.2 40.466660 -3.454402 589.2 3 5 91.0 0.576 0 1 0 
500.63 114.7 40.466663 -3.454026 588.8 3 5 88.6 2.441 0 1 0 
501.63 113.2 40.466671 -3.453658 588.3 3 5 87.9 3.148 0 1 0 
502.63 111.8 40.466682 -3.453299 587.6 3 5 87.1 1.516 0 1 0 
503.73 112.4 40.466694 -3.452929 588.1 3 5 87.1 0.810 0 1 0 
504.68 115.1 40.466702 -3.452559 588.5 3 5 87.1 0 0 1 0 
505.64 118.0 40.466717 -3.452171 589.2 3 5 87.1 0 0 1 0 
506.64 116.8 40.466736 -3.451778 588.9 3 5 86.0 1.049 0 1 0 
507.64 115.8 40.466763 -3.451402 588.2 3 5 85.5 1.564 2 1 0 
508.68 115.2 40.466782 -3.451037 588.1 3 5 85.0 0.998 1 1 0 
509.64 113.8 40.466808 -3.450657 588.3 3 5 85.0 0.483 1 1 0 
510.64 111.4 40.466835 -3.450307 588.0 3 5 85.0 0.065 0 1 0 
511.64 111.9 40.466862 -3.449934 587.6 3 5 85.0 0.065 0 1 0 
512.70 109.2 40.466892 -3.449577 587.5 3 5 84.3 0.668 0 1 0 
513.65 108.4 40.466923 -3.449218 588.4 4 5 83.9 1.021 0 1 0 
514.64 106.9 40.466949 -3.448894 588.1 4 5 83.9 0.353 0 1 0 
515.73 104.3 40.466969 -3.448548 588.2 4 5 84.8 0.823 0 1 0 
516.67 103.5 40.466991 -3.448194 587.5 4 5 84.1 0.670 0 1 0 
517.63 102.1 40.467018 -3.447859 587.4 4 5 84.1 0.670 0 1 0 
518.64 101.3 40.467045 -3.447531 587.0 4 5 82.6 1.538 1 1 0 
519.63 102.0 40.467087 -3.447186 587.4 4 5 82.6 1.538 1 1 0 
520.65 103.1 40.467110 -3.446859 587.3 4 5 83.2 0.634 0 1 0 
521.65 103.0 40.467136 -3.446529 587.4 4 5 84.0 1.422 0 1 0 
522.69 104.6 40.467167 -3.446181 587.9 4 5 84.0 0.788 0 1 0 
523.63 105.5 40.467197 -3.445842 588.4 4 5 84.0 0 0 1 0 
524.63 105.1 40.467228 -3.445495 588.4 4 5 84.3 0.304 1 2 0 
525.65 107.0 40.467243 -3.445148 588.3 3 5 84.3 0.304 0 2 0 
526.64 110.4 40.467270 -3.444787 588.9 4 5 83.6 0.694 0 2 0 
527.65 110.6 40.467300 -3.444422 589.4 4 5 83.6 0.694 0 2 0 
528.65 108.6 40.467327 -3.444056 588.9 4 5 84.0 0.440 0 2 0 
529.65 106.5 40.467354 -3.443708 588.9 4 5 84.0 0.440 0 2 0 
530.68 108.1 40.467384 -3.443357 589.2 4 5 82.4 1.660 1 2 0 
531.65 111.0 40.467411 -3.442999 590.0 3 5 82.4 1.660 0 2 0 
532.65 113.2 40.467445 -3.442644 590.5 4 5 81.9 0.433 0 2 0 
533.66 115.2 40.467495 -3.442242 589.8 3 5 81.9 0.433 0 2 0 
534.63 115.6 40.467545 -3.441885 590.1 4 5 80.5 1.394 1 2 0 
535.66 115.1 40.467590 -3.441521 590.3 4 5 79.8 2.154 1 2 0 
536.66 116.2 40.467640 -3.441166 590.8 3 5 78.7 1.887 0 2 0 
537.63 114.7 40.467693 -3.440784 591.0 3 5 78.7 1.127 1 2 0 
538.68 114.1 40.467754 -3.440412 590.8 3 5 77.4 1.282 1 2 0 
539.63 112.6 40.467812 -3.440057 591.2 3 5 77.4 1.282 1 3 0 
540.66 114.2 40.467876 -3.439692 592.4 3 5 94.4 17.030 2 3 0 
541.63 114.2 40.467953 -3.439332 593.9 4 5 77.0 17.407 1 3 0 
542.72 117.4 40.468021 -3.438936 593.6 4 5 77.3 17.055 0 3 0 
543.64 119.8 40.468090 -3.438564 593.5 3 5 77.3 0.352 0 3 0 
544.65 122.2 40.468159 -3.438189 594.5 3 5 77.0 0.352 0 3 0 
545.64 122.7 40.468227 -3.437793 596.2 3 5 77.0 0.352 0 3 0 
546.63 122.1 40.468285 -3.437395 595.4 4 5 76.6 0.352 0 3 0 
547.63 123.2 40.468357 -3.437003 596.3 3 5 77.0 0.352 0 2 0 
548.66 121.4 40.468426 -3.436618 596.5 3 5 76.6 0.352 0 2 0 
549.68 118.9 40.468487 -3.436239 596.8 4 5 77.0 0.352 1 2 0 
550.63 116.5 40.468559 -3.435863 596.2 4 5 77.0 0.352 1 2 0 
551.70 117.9 40.468624 -3.435493 596.2 4 5 77.7 0.703 1 2 0 
552.63 119.6 40.468693 -3.435112 596.4 4 5 78.0 1.055 1 3 0 
553.63 119.9 40.468758 -3.434724 596.2 4 5 78.0 0.352 1 3 0 
554.63 117.7 40.468811 -3.434349 595.1 4 5 78.8 0.703 0 3 0 
555.76 117.5 40.468868 -3.433971 594.5 4 5 78.8 0.703 0 3 0 
556.65 117.1 40.468929 -3.433593 594.1 4 5 78.4 0.352 0 3 0 
557.65 116.4 40.468994 -3.433239 593.7 4 5 78.8 0.352 2 3 0 
558.64 117.0 40.469051 -3.432875 593.2 4 5 78.4 0.352 1 3 0 
559.63 119.3 40.469109 -3.432489 593.2 4 5 78.8 0.352 0 3 0 
560.64 121.0 40.469166 -3.432099 592.8 3 5 78.4 0.352 0 3 0 
561.64 119.7 40.469231 -3.431721 592.0 3 5 78.0 0.703 1 3 0 
562.63 119.3 40.469299 -3.431338 591.1 3 5 77.0 1.406 1 3 0 
563.64 117.2 40.469368 -3.430962 590.5 3 5 75.6 2.461 1 3 0 
564.64 119.7 40.469437 -3.430588 591.0 3 5 75.2 1.758 0 3 0 
565.66 119.5 40.469521 -3.430192 590.2 3 5 74.2 1.406 0 3 0 
566.64 118.5 40.469612 -3.429816 589.8 3 5 73.1 2.109 0 3 0 
567.72 117.6 40.469700 -3.429435 589.1 3 5 72.1 2.109 0 3 0 
568.69 118.1 40.469788 -3.429074 588.3 3 5 71.7 1.406 1 3 0 
569.70 117.1 40.469883 -3.428714 588.1 3 5 71.4 0.703 1 3 0 
570.65 116.4 40.469978 -3.428351 587.3 3 5 71.0 0.703 1 3 0 
571.65 115.7 40.470078 -3.427985 586.5 3 5 70.7 0.703 0 3 0 
572.64 118.5 40.470177 -3.427627 586.2 3 5 70.3 0.703 0 3 0 
573.64 121.5 40.470287 -3.427259 585.6 3 5 70.0 0.703 0 3 0 
574.64 124.1 40.470390 -3.426886 586.0 3 5 70.0 0.352 0 3 0 
575.64 123.3 40.470501 -3.426502 585.6 3 5 69.3 0.703 1 3 0 
576.63 121.5 40.470615 -3.426127 584.6 3 5 68.9 1.055 0 3 0 
577.64 121.1 40.470730 -3.425747 584.4 3 5 68.9 0.352 0 3 0 
578.64 120.6 40.470844 -3.425389 584.5 3 5 68.2 0.703 0 3 0 
579.64 119.2 40.470947 -3.425028 584.2 3 5 68.6 0.352 0 3 0 
580.65 119.4 40.471046 -3.424658 584.9 4 5 68.6 0.352 0 3 0 
581.70 121.7 40.471161 -3.424279 585.0 4 5 68.9 0.352 0 3 0 
582.64 121.0 40.471268 -3.423905 585.1 3 5 69.3 0.703 0 3 0 
583.64 119.1 40.471375 -3.423535 585.0 3 5 69.6 0.703 0 3 0 
584.62 117.5 40.471489 -3.423190 585.0 4 5 69.6 0.352 0 3 0 
585.63 116.5 40.471584 -3.422820 585.6 4 5 69.6 0 0 3 0 
586.63 117.4 40.471684 -3.422458 585.4 4 5 70.3 0.703 0 3 0 
587.63 118.8 40.471779 -3.422096 585.8 4 5 70.7 1.055 0 3 0 
588.65 119.2 40.471870 -3.421731 585.4 4 5 70.7 0.352 0 3 0 
589.64 120.1 40.471970 -3.421362 586.0 4 5 70.7 0 0 3 0 
590.68 121.9 40.472069 -3.420990 586.4 4 5 71.0 0.352 0 3 0 
591.74 122.7 40.472168 -3.420629 587.1 4 5 70.7 0.352 0 3 0 
592.65 120.3 40.472275 -3.420248 587.0 4 5 71.4 0.703 0 3 0 
593.63 117.9 40.472366 -3.419879 587.7 4 5 71.4 0.703 0 3 0 
594.66 119.9 40.472454 -3.419494 588.3 4 5 71.7 0.352 0 3 0 
595.66 121.5 40.472546 -3.419118 589.2 4 5 72.1 0.703 0 2 0 
596.65 121.2 40.472649 -3.418734 589.5 4 5 71.7 0.352 0 2 0 
597.66 119.2 40.472752 -3.418367 589.8 4 5 71.4 0.703 0 2 0 
598.63 119.8 40.472843 -3.417994 590.4 4 5 71.7 0.352 1 2 0 
599.63 119.8 40.472939 -3.417621 591.0 4 5 71.7 0.352 1 2 0 
600.63 121.0 40.473034 -3.417234 591.8 4 5 71.7 0 1 2 0 
601.63 124.9 40.473137 -3.416850 591.6 4 5 71.7 0 0 2 0 
602.65 124.5 40.473232 -3.416467 590.3 4 5 72.1 0.352 0 2 0 
603.65 122.5 40.473320 -3.416072 590.4 4 5 71.7 0.352 0 2 0 
604.63 120.9 40.473423 -3.415670 590.0 4 5 71.7 0.352 0 2 0 
605.65 120.3 40.473507 -3.415295 589.3 4 5 72.8 1.055 0 2 0 
606.73 120.0 40.473591 -3.414925 589.6 4 5 73.1 1.406 1 2 0 
607.62 119.8 40.473679 -3.414558 589.1 4 5 72.8 0.352 0 2 0 
608.66 119.1 40.473778 -3.414183 588.4 3 5 71.4 1.758 0 2 0 
609.63 119.7 40.473888 -3.413802 587.5 3 5 69.3 3.516 0 2 0 
610.64 121.6 40.473991 -3.413423 587.2 3 5 67.9 3.516 0 2 0 
611.71 123.7 40.474110 -3.413052 588.2 3 5 66.8 2.461 0 2 0 
612.66 122.6 40.474236 -3.412690 589.1 3 5 66.1 1.758 0 2 0 
613.71 122.7 40.474361 -3.412331 585.9 3 5 64.7 2.109 0 2 0 
614.64 121.7 40.474495 -3.411971 585.8 3 5 64.0 2.109 0 1 0 
615.63 122.0 40.474628 -3.411619 586.3 3 5 63.6 1.055 0 1 0 
616.66 120.4 40.474773 -3.411265 586.1 4 5 62.9 1.055 0 2 0 
617.65 120.3 40.474915 -3.410917 585.6 4 5 61.5 2.109 0 1 0 
618.65 119.1 40.475063 -3.410573 585.7 4 5 60.8 2.109 0 1 0 
619.73 119.8 40.475224 -3.410228 585.0 4 5 59.4 2.109 0 1 0 
620.63 119.2 40.475376 -3.409889 585.1 3 5 58.0 2.812 0 1 0 
621.63 118.0 40.475521 -3.409562 584.4 4 5 57.7 1.758 0 1 0 
622.67 115.8 40.475685 -3.409245 584.0 3 5 56.2 1.758 0 1 0 
623.63 116.5 40.475849 -3.408937 583.6 3 5 55.2 2.461 2 1 0 
624.64 117.9 40.476032 -3.408639 583.4 4 5 51.0 5.273 0 1 0 
625.67 119.1 40.476215 -3.408336 583.0 4 5 51.7 3.516 0 1 0 
626.63 119.2 40.476395 -3.408028 583.1 4 5 52.4 1.406 0 1 0 
627.65 117.3 40.476578 -3.407721 584.0 4 5 52.4 0.703 0 1 0 
628.65 116.6 40.476761 -3.407426 583.8 4 5 50.6 1.758 0 1 0 
629.65 118.0 40.476944 -3.407135 585.2 4 5 49.9 2.461 0 0 0 
630.64 118.2 40.477135 -3.406839 587.2 4 5 48.9 1.758 1 0 0 
631.64 116.6 40.477337 -3.406557 587.5 4 5 48.5 1.406 1 1 0 
632.64 117.1 40.477535 -3.406268 586.5 4 5 47.5 1.406 0 1 0 
633.64 116.9 40.477737 -3.405997 584.9 4 5 46.4 2.109 0 1 0 
634.65 116.7 40.477940 -3.405721 584.0 4 5 45.4 2.109 0 1 0 
635.71 116.5 40.478149 -3.405447 584.4 4 5 44.3 2.109 0 1 0 
636.70 115.9 40.478359 -3.405185 584.4 4 5 43.2 2.109 0 1 0 
637.62 115.9 40.478573 -3.404930 585.4 4 5 42.9 1.406 1 1 0 
638.64 117.2 40.478786 -3.404676 586.3 4 5 41.5 1.758 1 1 0 
639.65 118.0 40.479019 -3.404428 587.0 4 5 40.1 2.812 1 1 0 
640.64 118.4 40.479233 -3.404190 587.5 4 5 39.4 2.109 1 1 0 
641.67 118.7 40.479462 -3.403927 587.2 4 5 38.7 1.406 1 1 0 
642.64 119.4 40.479694 -3.403703 587.8 4 5 38.0 1.406 0 1 0 
643.65 120.1 40.479935 -3.403474 588.2 4 5 37.3 1.406 0 1 0 
644.65 120.7 40.480186 -3.403228 588.5 4 5 36.9 1.055 0 1 0 
645.63 122.2 40.480427 -3.402988 589.5 4 5 36.6 0.703 0 1 0 
646.64 123.6 40.480671 -3.402751 591.5 4 5 36.6 0.352 0 1 0 
647.65 124.1 40.480919 -3.402513 589.9 4 5 36.9 0.352 0 1 0 
648.67 124.3 40.481159 -3.402274 590.7 3 5 36.9 0.352 0 1 0 
649.65 124.0 40.481415 -3.402034 591.3 3 5 36.7 0.198 0 1 0 
650.65 124.1 40.481659 -3.401778 591.0 3 5 36.7 0.198 0 1 0 
651.62 125.7 40.481911 -3.401530 591.1 3 5 36.1 0.590 0 1 0 
652.65 126.6 40.482170 -3.401280 591.8 4 5 36.5 0.405 0 1 0 
653.65 129.0 40.482422 -3.401037 593.4 4 5 36.5 0.405 0 1 0 
654.67 130.2 40.482689 -3.400775 593.3 4 5 36.5 0 0 1 0 
655.65 131.5 40.482952 -3.400522 594.0 4 5 36.6 0.097 0 1 0 
656.65 130.7 40.483219 -3.400264 594.5 3 5 36.6 0.097 0 1 0 
657.68 128.8 40.483475 -3.400010 594.6 4 5 36.6 0 0 1 0 
658.64 127.2 40.483742 -3.399750 594.7 3 5 36.6 0 0 1 0 
659.66 124.7 40.483986 -3.399518 595.8 4 5 36.8 0.185 1 1 0 
660.63 125.1 40.484226 -3.399287 596.5 3 5 36.8 0.185 1 1 0 
661.65 124.6 40.484474 -3.399041 596.7 3 5 37.3 0.438 1 1 0 
662.64 124.4 40.484722 -3.398786 596.2 3 5 37.8 1.025 0 1 0 
663.67 123.8 40.484962 -3.398523 595.4 4 5 37.8 0.587 0 1 0 
664.63 124.5 40.485207 -3.398262 595.8 4 5 37.8 0 0 1 0 
665.64 124.7 40.485455 -3.397999 595.0 4 5 39.9 2.097 0 1 0 
666.62 125.3 40.485691 -3.397735 595.0 4 5 40.3 2.429 0 1 0 
667.63 125.1 40.485928 -3.397466 595.0 4 5 41.6 1.624 1 1 0 
668.66 125.6 40.486160 -3.397196 595.5 4 5 43.2 2.935 2 1 0 
669.68 125.6 40.486389 -3.396912 597.0 4 5 43.2 1.643 0 1 0 
670.65 125.6 40.486614 -3.396640 595.9 4 5 44.1 0.851 0 1 0 
671.62 126.2 40.486839 -3.396352 595.1 3 5 44.1 0.851 0 1 0 
672.62 127.3 40.487068 -3.396066 595.8 4 5 44.1 0 0 1 0 
673.68 128.3 40.487301 -3.395777 596.4 4 5 45.2 1.162 0 1 0 
674.63 129.2 40.487514 -3.395466 596.2 4 5 46.8 2.703 2 2 0 
675.63 128.6 40.487747 -3.395149 596.8 4 5 47.5 2.244 0 2 0 
676.68 130.7 40.487961 -3.394826 596.9 4 5 47.1 0.352 0 2 0 
677.63 131.7 40.488194 -3.394516 597.5 4 5 47.1 0.352 0 2 0 
678.67 131.7 40.488411 -3.394207 597.0 4 5 46.1 1.055 0 2 0 
679.63 131.7 40.488636 -3.393898 597.3 4 5 46.1 1.055 0 2 0 
680.66 131.9 40.488857 -3.393592 597.2 4 5 46.1 0 0 2 0 
681.62 131.5 40.489090 -3.393285 597.7 4 5 46.1 0 0 2 0 
682.71 131.0 40.489319 -3.392981 597.9 4 5 46.1 0 0 2 0 
683.66 130.1 40.489548 -3.392666 598.3 3 5 46.4 0.352 0 2 0 
684.66 130.5 40.489777 -3.392366 597.8 3 5 46.1 0.352 0 2 0 
685.64 130.4 40.490005 -3.392058 598.6 3 5 46.1 0.352 0 2 0 
686.69 129.8 40.490234 -3.391757 598.4 3 5 46.1 0 0 2 0 
687.66 129.1 40.490452 -3.391444 598.4 3 5 46.1 0 0 1 0 
688.64 127.5 40.490677 -3.391139 598.0 4 5 45.5 0.577 0 2 0 
689.63 126.1 40.490883 -3.390849 598.4 4 5 45.9 0.446 0 1 0 
690.62 126.4 40.491112 -3.390546 598.6 4 5 45.9 0.446 0 1 0 
691.65 125.8 40.491329 -3.390248 597.2 4 5 46.2 0.284 0 1 0 
692.69 124.1 40.491543 -3.389958 597.1 3 5 46.2 0.284 0 1 0 
693.64 122.9 40.491756 -3.389666 597.4 3 5 46.2 0 0 1 0 
694.64 121.1 40.491951 -3.389376 597.4 3 5 46.5 0.321 0 1 0 
695.64 119.9 40.492161 -3.389077 597.7 3 5 47.3 1.119 0 1 0 
696.64 118.0 40.492367 -3.388780 597.4 3 5 47.3 0.798 0 1 0 
697.65 118.1 40.492565 -3.388501 597.1 3 5 47.8 0.472 0 1 0 
698.65 118.9 40.492764 -3.388210 597.1 3 5 48.4 1.056 0 1 0 
699.65 118.2 40.492962 -3.387908 597.4 3 5 48.4 0.584 0 1 0 
700.64 116.3 40.493153 -3.387612 597.1 4 5 49.5 1.099 0 1 0 
701.64 113.8 40.493343 -3.387341 596.6 4 5 49.5 1.099 0 1 0 
702.64 111.4 40.493519 -3.387048 596.5 4 5 50.1 0.578 0 0 0 
703.64 107.8 40.493698 -3.386776 596.0 3 5 50.7 1.246 0 0 0 
704.65 105.8 40.493874 -3.386508 595.9 3 5 50.7 0.668 0 0 0 
705.64 99.0 40.494026 -3.386263 595.6 4 5 50.7 0 0 0 0 
706.64 96.7 40.494186 -3.386012 595.0 4 5 50.7 0 0 0 0 
707.64 94.4 40.494331 -3.385777 594.9 4 5 51.1 0.413 0 0 0 
708.67 95.1 40.494476 -3.385530 595.0 4 5 51.5 0.800 0 0 0 
709.66 94.9 40.494629 -3.385282 594.7 4 5 51.5 0.387 0 0 0 
710.66 94.4 40.494770 -3.385033 595.1 4 5 52.4 0.905 0 0 0 
711.65 95.5 40.494911 -3.384783 595.1 3 5 53.0 1.521 0 0 0 
712.69 97.4 40.495060 -3.384529 595.4 3 5 53.0 0.616 0 0 0 
713.67 97.4 40.495209 -3.384274 595.4 4 5 52.3 0.729 0 0 0 
714.65 101.4 40.495361 -3.384009 595.8 3 5 54.0 1.674 0 0 0 
715.63 104.0 40.495510 -3.383726 596.1 3 5 53.8 1.518 0 0 0 
716.67 103.0 40.495667 -3.383465 595.9 3 5 53.8 0.156 0 0 0 
717.63 102.6 40.495819 -3.383196 595.9 3 5 56.7 2.821 0 0 0 
718.63 100.8 40.495964 -3.382925 595.2 3 5 56.7 2.821 0 0 0 
719.72 99.3 40.496098 -3.382660 594.9 3 5 56.7 0 0 0 0 
720.64 97.6 40.496231 -3.382388 594.8 3 5 56.7 0 0 0 0 
721.68 96.0 40.496376 -3.382125 594.5 3 5 55.9 0.772 0 0 0 
722.66 91.6 40.496502 -3.381882 594.1 3 5 55.9 0.772 0 0 0 
723.70 88.3 40.496635 -3.381644 594.0 3 5 57.0 1.152 0 0 0 
724.79 86.8 40.496765 -3.381392 594.1 3 5 56.5 0.661 0 0 0 
725.80 86.7 40.496891 -3.381144 594.1 3 5 56.5 0.490 0 0 0 
726.66 85.4 40.497009 -3.380909 594.4 3 5 55.9 0.640 0 0 0 
727.66 86.5 40.497128 -3.380679 594.8 3 5 56.3 0.403 0 0 0 
728.63 87.9 40.497250 -3.380445 595.1 3 5 56.5 0.573 0 0 0 
729.64 88.0 40.497375 -3.380203 595.2 3 5 56.5 0.170 0 0 0 
730.63 88.4 40.497498 -3.379964 595.5 3 5 56.5 0 0 0 0 
731.65 90.8 40.497620 -3.379726 595.9 3 5 56.5 0 2 0 0 
732.67 93.2 40.497757 -3.379490 596.2 3 5 56.3 0.210 0 0 0 
733.65 95.8 40.497894 -3.379232 596.7 3 5 56.3 0.210 0 0 0 
734.69 97.9 40.498028 -3.378983 597.2 3 5 55.9 0.332 0 0 0 
735.63 100.2 40.498173 -3.378713 597.5 3 5 55.9 0.332 0 0 0 
736.63 103.1 40.498314 -3.378428 598.1 3 5 55.9 0 0 0 0 
737.66 106.5 40.498466 -3.378139 598.1 3 5 55.9 0 0 0 0 
738.63 108.2 40.498611 -3.377851 598.0 3 5 55.6 0.365 0 0 0 
739.64 110.0 40.498764 -3.377558 599.6 3 5 56.2 0.622 0 0 0 
740.63 112.3 40.498932 -3.377250 601.1 3 5 56.2 0.622 0 0 0 
741.64 113.9 40.499088 -3.376939 602.4 4 5 56.2 0 0 0 0 
742.64 116.1 40.499252 -3.376617 602.4 4 5 56.2 0 0 0 0 
743.63 118.6 40.499424 -3.376300 600.5 4 5 57.0 0.762 0 0 0 
744.64 120.5 40.499584 -3.375985 601.2 3 5 57.0 0.762 0 0 0 
745.64 122.7 40.499756 -3.375654 602.0 4 5 56.7 0.286 0 0 0 
746.69 124.5 40.499931 -3.375312 602.1 4 5 56.7 0.286 0 0 0 
747.63 126.2 40.500107 -3.374964 602.4 4 5 55.9 0.767 0 0 0 
748.64 128.3 40.500278 -3.374610 603.1 4 5 55.9 0.767 0 0 0 
749.63 130.2 40.500450 -3.374253 603.1 4 5 57.9 2.006 0 0 0 
750.64 131.9 40.500626 -3.373874 603.2 4 5 57.9 2.006 0 0 0 
751.64 133.2 40.500793 -3.373508 603.2 4 5 57.7 0.237 0 0 0 
752.63 132.2 40.500969 -3.373117 603.8 4 5 57.7 0.237 2 0 0 
753.67 130.2 40.501133 -3.372753 604.2 4 5 57.9 0.185 0 0 0 
754.69 127.9 40.501297 -3.372391 603.4 3 5 57.7 0.131 0 0 0 
755.64 125.3 40.501461 -3.372035 603.2 3 5 57.7 0.131 0 0 0 
756.67 123.0 40.501614 -3.371693 603.5 3 5 57.4 0.311 0 0 0 
757.64 120.6 40.501770 -3.371345 603.5 3 5 57.4 0.311 0 0 0 
758.73 118.8 40.501930 -3.370997 602.8 3 5 57.4 0 0 0 0 
759.65 116.5 40.502090 -3.370656 602.5 3 5 58.0 0.542 0 0 0 
760.64 114.9 40.502235 -3.370362 602.4 3 5 54.2 3.763 0 0 0 
761.66 113.9 40.502384 -3.370040 602.7 3 5 57.8 3.579 0 0 0 
762.64 113.7 40.502525 -3.369727 602.6 3 5 58.4 4.251 0 0 0 
763.69 112.2 40.502670 -3.369416 602.6 3 5 57.5 0.980 2 0 0 
764.68 112.8 40.502815 -3.369100 602.5 3 5 57.5 0.980 0 0 0 
765.65 114.6 40.502953 -3.368778 602.7 3 5 57.9 0.472 0 0 0 
766.64 115.2 40.503105 -3.368447 603.5 3 5 57.9 0.472 0 0 0 
767.65 115.2 40.503258 -3.368116 603.5 3 5 57.9 0 0 0 0 
768.63 116.8 40.503414 -3.367781 603.5 3 5 57.9 0.041 0 0 0 
769.69 114.9 40.503563 -3.367464 603.9 3 5 57.9 0.041 0 0 0 
770.68 112.9 40.503716 -3.367140 603.4 3 5 58.3 0.444 0 0 0 
771.67 110.7 40.503864 -3.366844 604.1 3 5 57.8 0.512 0 0 0 
772.66 107.7 40.504009 -3.366543 603.9 3 5 58.3 0.475 0 0 0 
773.62 105.2 40.504150 -3.366248 604.7 3 5 58.3 0.475 0 0 0 
774.65 102.1 40.504272 -3.365971 605.6 3 5 58.3 0 0 0 0 
775.74 97.1 40.504398 -3.365687 605.7 3 5 60.1 1.800 0 0 0 
776.63 89.6 40.504509 -3.365423 603.9 3 5 60.9 2.556 0 0 0 
777.62 89.0 40.504627 -3.365163 602.7 3 5 61.9 1.826 0 0 0 
778.67 85.8 40.504723 -3.364914 602.7 3 5 63.4 2.578 0 0 0 
779.69 84.9 40.504814 -3.364659 603.7 3 5 64.4 2.448 1 0 0 
780.62 83.4 40.504906 -3.364401 603.7 3 5 65.9 2.426 1 0 0 
781.62 83.2 40.504986 -3.364162 604.4 3 5 67.6 3.220 0 1 0 
782.63 82.9 40.505062 -3.363901 604.6 3 5 69.0 3.101 1 1 0 
783.63 85.5 40.505135 -3.363661 605.0 4 5 69.0 1.366 1 1 0 
784.63 86.5 40.505215 -3.363383 604.9 4 5 71.8 2.838 0 1 0 
785.73 86.0 40.505295 -3.363127 604.5 4 5 72.5 3.554 0 1 0 
786.69 86.5 40.505356 -3.362853 604.3 4 5 72.5 0.716 1 1 0 
787.63 86.0 40.505421 -3.362571 603.8 4 5 98.1 25.613 1 1 0 
788.64 84.7 40.505470 -3.362304 602.6 4 5 79.8 18.378 1 1 0 
789.63 84.6 40.505516 -3.362039 602.6 4 5 79.8 18.378 1 1 0 
790.64 83.8 40.505558 -3.361772 601.9 4 5 78.8 1.001 1 2 0 
791.63 83.4 40.505596 -3.361501 601.1 4 5 79.8 1.055 0 2 0 
792.66 83.0 40.505619 -3.361231 600.0 4 5 83.3 4.570 0 2 0 
793.64 83.9 40.505634 -3.360964 599.3 4 5 88.6 8.789 0 2 0 
794.63 80.1 40.505638 -3.360703 599.2 4 5 88.9 5.625 0 2 0 
795.63 78.0 40.505634 -3.360454 599.3 4 5 90.7 2.109 0 2 0 
796.67 77.4 40.505638 -3.360190 599.2 3 5 89.3 1.406 1 2 0 
797.65 76.2 40.505638 -3.359943 598.3 3 5 89.6 1.055 1 2 0 
798.64 74.2 40.505638 -3.359684 598.3 3 5 91.1 1.758 0 2 0 
799.64 74.2 40.505634 -3.359441 598.3 3 5 91.1 1.406 0 2 0 
800.64 69.6 40.505623 -3.359231 598.1 3 5 94.9 3.867 2 2 0 
801.63 68.1 40.505611 -3.359006 598.2 3 5 92.8 2.109 2 2 0 
802.64 62.0 40.505611 -3.358789 598.1 3 5 91.8 3.164 0 2 0 
803.63 51.6 40.505600 -3.358607 597.9 3 5 92.1 0.703 0 2 0 
804.63 40.5 40.505592 -3.358467 597.7 3 5 92.1 0 -9 -9 0 
