15.52 90.0 1 primary 1 1 40.584435 -3.554359 1.483 70.3 
17.98 90.0 1 primary 1 1 40.584393 -3.553680 1.952 75.9 
18.75 90.0 1 primary 1 1 40.584343 -3.553189 0.715 76.6 
19.72 90.0 1 primary 1 1 40.584343 -3.553189 0.684 75.9 
20.94 90.0 1 primary 2 1 40.584316 -3.552942 0.913 76.9 
21.87 90.0 1 primary 2 1 40.584240 -3.552437 0.842 78.7 
22.61 90.0 1 primary 2 1 40.584190 -3.552174 0.577 80.4 
24.32 90.0 1 primary 2 1 40.584141 -3.551917 1.291 83.4 
26.59 90.0 1 primary 2 1 40.584015 -3.551389 1.553 86.1 
27.91 90.0 1 primary 2 1 40.583862 -3.550855 0.876 86.1 
29.14 90.0 1 primary 2 1 40.583862 -3.550855 1.104 85.0 
31.18 90.0 1 primary 2 1 40.583607 -3.550081 1.152 85.9 
32.96 90.0 1 primary 2 1 40.583511 -3.549828 0.929 86.3 
34.26 90.0 1 primary 2 1 40.583405 -3.549575 1.230 87.0 
36.08 90.0 1 primary 2 1 40.583183 -3.549085 1.052 87.1 
37.74 90.0 1 primary 2 1 40.582813 -3.548374 0.703 86.8 
38.79 90.0 1 primary 2 1 40.582680 -3.548150 0.753 86.8 
40.00 90.0 1 primary 2 1 40.582539 -3.547932 0.967 86.3 
40.92 90.0 1 primary 2 1 40.582401 -3.547718 0.884 86.3 
41.73 90.0 1 primary 2 1 40.582253 -3.547508 0.701 86.4 
42.68 90.0 1 primary 2 1 40.582104 -3.547301 0.643 86.5 
43.68 90.0 1 primary 2 1 40.581951 -3.547099 0.650 86.5 
44.81 90.0 1 primary 2 1 40.581951 -3.547099 0.781 86.1 
45.75 90.0 1 primary 2 1 40.581654 -3.546701 0.717 85.6 
46.95 90.0 1 primary 2 1 40.581501 -3.546505 0.920 85.2 
47.99 90.0 1 primary 2 1 40.581501 -3.546505 0.957 85.0 
49.04 90.0 1 primary 2 1 40.581352 -3.546308 1.004 85.0 
50.64 90.0 1 primary 2 1 40.580910 -3.545717 0.609 84.2 
51.81 90.0 1 primary 2 1 40.580765 -3.545513 0.772 84.5 
52.92 90.0 1 primary 2 1 40.580765 -3.545513 0.887 84.1 
53.62 90.0 1 primary 2 1 40.580627 -3.545310 0.592 83.3 
54.67 90.0 1 primary 2 1 40.580334 -3.544902 0.641 82.8 
55.76 90.0 1 primary 2 1 40.580200 -3.544698 0.729 82.4 
56.79 90.0 1 primary 2 1 40.580200 -3.544698 0.759 82.9 
57.65 90.0 1 primary 2 1 40.579933 -3.544287 0.614 82.5 
58.97 90.0 1 primary 2 1 40.579803 -3.544085 0.939 82.0 
60.29 90.0 1 primary 2 1 40.579803 -3.544085 1.261 79.5 
62.01 90.0 1 primary 2 1 40.579556 -3.543676 0.982 78.7 
63.59 90.0 1 primary 2 1 40.579430 -3.543477 1.560 75.3 
64.79 90.0 1 primary 2 1 40.579193 -3.543087 0.760 74.8 
65.69 90.0 1 primary 2 1 40.578976 -3.542690 0.659 75.0 
66.83 90.0 1 primary 2 1 40.578876 -3.542491 0.801 75.9 
67.84 90.0 1 primary 2 1 40.578876 -3.542491 0.812 74.7 
68.77 90.0 1 primary 2 1 40.578758 -3.542277 0.734 76.4 
69.62 90.0 1 primary 2 1 40.578655 -3.542072 0.590 78.3 
70.81 90.0 1 primary 2 1 40.578545 -3.541854 0.782 80.3 
71.74 90.0 1 primary 2 1 40.578434 -3.541628 0.706 81.8 
72.66 90.0 1 primary 2 1 40.578320 -3.541404 0.624 84.1 
73.63 90.0 1 primary 2 1 40.578094 -3.540931 0.597 83.3 
74.61 90.0 1 primary 2 1 40.577995 -3.540694 0.576 84.2 
75.74 90.0 1 primary 2 1 40.577995 -3.540694 0.711 83.7 
76.68 90.0 1 primary 2 1 40.577892 -3.540459 0.646 83.0 
77.78 90.0 1 primary 2 1 40.577694 -3.539981 0.752 82.9 
78.84 90.0 1 primary 2 1 40.577694 -3.539981 0.810 83.3 
79.62 90.0 1 primary 2 1 40.577595 -3.539737 0.586 83.6 
80.88 90.0 1 primary 2 1 40.577415 -3.539263 0.844 84.8 
81.77 90.0 1 primary 2 1 40.577415 -3.539263 0.740 86.7 
82.83 90.0 1 primary 2 1 40.577244 -3.538745 0.793 88.2 
83.84 90.0 1 primary 2 1 40.577244 -3.538745 0.806 92.9 
84.74 90.0 1 primary 2 1 40.577152 -3.538475 0.707 96.2 
86.07 90.0 1 primary 2 1 40.577053 -3.538199 1.039 98.0 
88.01 90.0 1 primary 2 1 40.576847 -3.537622 0.976 95.7 
88.75 90.0 1 primary 2 1 40.576756 -3.537338 0.710 94.5 
90.07 90.0 1 primary 2 1 40.576550 -3.536774 1.042 90.3 
91.91 90.0 1 primary 2 1 40.576447 -3.536504 0.877 87.4 
93.05 90.0 1 primary 2 1 40.576363 -3.536252 1.022 83.0 
95.29 90.0 1 primary 2 1 40.576180 -3.535767 1.254 79.6 
97.04 90.0 1 primary 2 1 40.575996 -3.535288 1.004 77.4 
99.18 90.0 1 primary 2 1 40.575809 -3.534842 1.148 73.9 
100.92 90.0 1 primary 2 1 40.575504 -3.534189 0.885 75.1 
102.08 90.0 1 primary 2 1 40.575504 -3.534189 1.049 74.2 
103.99 90.0 1 primary 2 1 40.575314 -3.533761 0.959 72.6 
104.88 90.0 1 primary 2 1 40.575119 -3.533346 0.849 72.5 
106.66 90.0 1 primary 2 1 40.575119 -3.533346 1.626 72.3 
108.19 90.0 1 primary 2 1 40.574924 -3.532964 1.155 71.1 
110.06 90.0 1 primary 2 1 40.574718 -3.532576 1.028 72.8 
112.59 90.0 1 primary 2 1 40.574413 -3.531963 1.554 74.8 
114.12 90.0 1 primary 2 1 40.574223 -3.531537 1.089 75.0 
116.11 90.0 1 primary 2 1 40.574135 -3.531320 1.082 73.0 
117.92 90.0 1 primary 2 1 40.573956 -3.530895 0.886 74.8 
119.14 90.0 1 primary 2 1 40.573784 -3.530460 1.113 76.7 
121.09 90.0 1 primary 2 1 40.573696 -3.530232 1.062 75.6 
123.04 90.0 1 primary 2 1 40.573448 -3.529575 1.007 75.6 
150.48 90.0 1 primary 2 1 40.573288 -3.529134 26.448 80.9 
165.68 90.0 1 primary 2 1 40.570816 -3.522558 14.648 84.4 
167.66 90.0 1 primary 2 1 40.568459 -3.519582 1.631 86.7 
180.09 90.0 1 primary 2 1 40.568104 -3.519259 12.057 86.6 
181.84 90.0 1 primary 3 2 40.565498 -3.517617 0.807 86.7 
183.15 90.0 1 primary 3 2 40.565498 -3.517617 1.118 85.3 
185.31 90.0 1 primary 3 2 40.564899 -3.517370 1.277 85.2 
187.16 90.0 1 primary 3 2 40.564701 -3.517292 1.130 84.5 
189.20 90.0 1 primary 3 2 40.564285 -3.517162 1.171 85.5 
191.04 90.0 1 primary 3 2 40.563873 -3.517047 1.011 86.8 
193.93 90.0 1 primary 3 2 40.563251 -3.516933 1.902 87.5 
254.34 -1.0 -1 - -1 -1 40.563034 -3.516902 60.312 83.8 
256.34 90.0 1 primary 3 1 40.556492 -3.504794 1.306 84.9 
257.73 90.0 1 primary 3 1 40.556362 -3.504266 0.696 85.4 
258.82 90.0 1 primary 3 1 40.556362 -3.504266 0.790 85.9 
260.81 90.0 1 primary 3 1 40.556282 -3.503998 1.781 87.5 
262.23 90.0 1 primary 3 1 40.556011 -3.503221 1.193 89.3 
263.95 90.0 1 primary 3 1 40.555908 -3.502969 0.915 91.3 
264.76 90.0 1 primary 3 1 40.555794 -3.502704 0.728 90.6 
266.10 90.0 1 primary 3 1 40.555534 -3.502201 1.063 91.6 
268.38 90.0 1 primary 3 1 40.555279 -3.501716 1.349 93.2 
270.82 90.0 1 primary 3 1 40.555145 -3.501472 1.788 92.1 
273.37 90.0 1 primary 3 1 40.554890 -3.500958 2.333 94.4 
274.71 90.0 1 primary 2 1 40.554604 -3.500116 0.677 94.9 
276.75 90.0 1 primary 2 1 40.554531 -3.499815 1.721 95.3 
280.13 90.0 1 primary 2 1 40.554348 -3.498918 3.103 96.5 
341.18 -1.0 -1 - -1 -1 40.554230 -3.497996 60.149 92.6 
349.42 -1.0 -1 - -1 -1 40.553497 -3.480119 7.388 97.6 
353.88 -1.0 -1 - -1 -1 40.552280 -3.478201 3.830 96.0 
356.51 90.0 1 primary 2 1 40.551579 -3.477341 2.478 99.0 
357.74 90.0 1 primary 2 1 40.551029 -3.476743 0.710 99.8 
358.56 90.0 1 primary 2 1 40.550629 -3.476355 0.528 99.8 
359.69 90.0 1 primary 2 1 40.550629 -3.476355 0.653 100.0 
360.71 90.0 1 primary 2 1 40.550415 -3.476169 0.682 99.3 
362.00 90.0 1 primary 2 1 40.550201 -3.475985 0.963 99.7 
363.18 90.0 1 primary 2 1 40.549770 -3.475635 1.133 100.8 
365.33 90.0 1 primary 2 1 40.549324 -3.475309 1.290 100.9 
366.86 90.0 1 primary 2 1 40.549095 -3.475160 0.831 101.1 
368.20 90.0 1 primary 2 1 40.548866 -3.475005 1.163 100.8 
370.37 90.0 1 primary 2 1 40.548397 -3.474718 1.329 100.7 
372.08 90.0 1 primary 2 1 40.547699 -3.474347 1.044 100.7 
374.05 90.0 1 primary 2 1 40.547470 -3.474243 1.019 100.0 
376.24 90.0 1 primary 2 1 40.546993 -3.474037 1.206 99.2 
377.53 90.0 1 primary 2 1 40.546276 -3.473758 0.493 99.6 
379.30 90.0 1 primary 2 1 40.546276 -3.473758 1.266 99.5 
382.07 90.0 1 primary 2 1 40.545792 -3.473586 2.034 99.0 
384.28 90.0 1 primary 2 1 40.544834 -3.473269 1.249 98.3 
386.15 90.0 1 primary 2 1 40.544365 -3.473104 1.113 98.4 
388.17 90.0 1 primary 2 1 40.543892 -3.472946 1.139 99.5 
390.53 30.0 1 primary_link 1 1 40.543415 -3.472777 1.495 99.0 
392.97 30.0 1 primary_link 1 1 40.542934 -3.472619 1.934 100.0 
394.63 30.0 1 primary_link 1 1 40.542698 -3.472535 1.594 102.2 
395.74 30.0 1 primary_link 1 1 40.542206 -3.472363 0.703 101.5 
396.76 30.0 1 primary_link 1 1 40.541958 -3.472281 0.723 101.6 
397.99 30.0 1 primary_link 1 1 40.541710 -3.472205 0.958 102.0 
399.67 30.0 1 primary_link 1 1 40.541214 -3.472059 1.633 101.4 
401.01 30.0 1 primary_link 1 1 40.540970 -3.471977 0.978 101.9 
401.92 90.0 1 primary 2 1 40.540722 -3.471895 0.889 100.9 
402.82 90.0 1 primary 2 1 40.540474 -3.471815 0.787 102.0 
403.89 90.0 1 primary 2 1 40.540230 -3.471733 0.854 101.1 
404.65 90.0 1 primary 2 1 40.539982 -3.471654 0.617 101.1 
406.22 90.0 1 primary 2 1 40.539494 -3.471488 1.183 99.9 
408.24 90.0 1 primary 2 1 40.539249 -3.471411 1.206 98.5 
410.52 90.0 1 primary 2 1 40.538773 -3.471261 1.483 97.7 
412.26 90.0 1 primary 2 1 40.538311 -3.471103 1.227 96.8 
414.29 90.0 1 primary 2 1 40.537834 -3.470948 1.258 95.2 
415.93 90.0 1 primary 2 1 40.537365 -3.470794 0.895 94.2 
417.16 90.0 1 primary 2 1 40.536900 -3.470628 1.124 87.8 
419.30 100.0 3 primary_link 1 1 40.536705 -3.470542 1.266 87.8 
421.06 100.0 3 primary_link 1 1 40.536297 -3.470315 1.027 88.3 
423.00 100.0 3 primary_link 1 1 40.535908 -3.470037 0.968 88.6 
424.07 100.0 3 primary_link 1 1 40.535717 -3.469882 1.038 89.2 
426.08 100.0 3 primary_link 1 1 40.535355 -3.469537 1.049 88.9 
427.94 100.0 3 primary_link 1 1 40.535027 -3.469138 0.907 88.6 
428.80 100.0 3 primary_link 1 1 40.534744 -3.468713 0.771 87.9 
430.30 90.0 1 primary 2 1 40.534607 -3.468483 1.268 87.9 
432.20 90.0 1 primary 2 1 40.534481 -3.468242 1.168 88.4 
434.04 90.0 1 primary 2 1 40.534153 -3.467488 1.001 88.7 
436.01 90.0 1 primary 2 1 40.534069 -3.467228 0.980 89.7 
437.11 90.0 1 primary 2 1 40.533993 -3.466959 1.077 89.2 
439.35 90.0 1 primary 2 1 40.533855 -3.466410 1.322 90.5 
440.89 90.0 1 primary 2 1 40.533779 -3.465819 0.860 91.3 
441.93 90.0 1 primary 2 1 40.533756 -3.465539 0.894 91.9 
442.85 90.0 1 primary 2 1 40.533737 -3.465240 0.819 92.1 
444.61 90.0 1 primary 2 1 40.533726 -3.464945 1.576 91.1 
445.94 90.0 1 primary 2 1 40.533722 -3.464346 0.911 91.7 
446.98 90.0 1 primary 2 1 40.533722 -3.464045 0.946 91.5 
447.75 90.0 1 primary 2 1 40.533722 -3.463747 0.721 90.9 
448.80 90.0 1 primary 2 1 40.533733 -3.463439 0.757 90.7 
450.07 90.0 1 primary 2 1 40.533737 -3.463135 1.040 88.7 
451.65 90.0 1 primary 2 1 40.533741 -3.462544 0.614 88.0 
452.82 90.0 1 primary 2 1 40.533756 -3.462248 0.789 87.0 
453.69 90.0 1 primary 2 1 40.533756 -3.461965 0.659 84.0 
454.82 90.0 1 primary 2 1 40.533741 -3.461418 0.787 82.4 
455.54 90.0 1 primary 2 1 40.533741 -3.461418 0.503 81.7 
456.82 90.0 1 primary 2 1 40.533745 -3.461149 0.787 81.4 
457.79 90.0 1 primary 2 1 40.533745 -3.460888 0.762 81.0 
458.88 90.0 1 primary 2 1 40.533745 -3.460619 0.848 80.5 
459.53 90.0 1 primary 2 1 40.533741 -3.460359 0.501 80.8 
460.91 90.0 1 primary 2 1 40.533737 -3.459834 0.881 80.3 
461.89 90.0 1 primary 2 1 40.533737 -3.459834 0.862 79.5 
462.75 90.0 1 primary 2 1 40.533730 -3.459313 0.719 78.2 
463.63 90.0 1 primary 2 1 40.533730 -3.459313 0.594 76.8 
464.55 90.0 1 primary 2 1 40.533733 -3.459061 0.522 77.0 
465.66 90.0 1 primary 2 1 40.533737 -3.458815 0.627 78.6 
466.90 90.0 1 primary 2 1 40.533733 -3.458560 0.868 79.8 
467.55 90.0 1 primary 2 1 40.533733 -3.458306 0.517 80.5 
468.66 90.0 1 primary 2 1 40.533733 -3.457762 0.615 81.9 
469.67 90.0 1 primary 2 1 40.533733 -3.457762 0.637 82.2 
470.51 90.0 1 primary 2 1 40.533741 -3.457500 0.480 83.1 
471.71 90.0 1 primary 2 1 40.533737 -3.457231 0.681 83.5 
473.27 90.0 1 primary 2 1 40.533737 -3.456955 1.239 82.3 
474.89 90.0 1 primary 2 1 40.533741 -3.456401 0.855 81.3 
475.71 90.0 1 primary 2 1 40.533749 -3.456127 0.676 81.0 
476.73 90.0 1 primary 2 1 40.533752 -3.455861 0.699 81.2 
478.26 90.0 1 primary 2 1 40.533756 -3.455595 1.230 80.5 
480.07 90.0 1 primary 2 1 40.533756 -3.455065 1.042 79.9 
481.85 90.0 1 primary 2 1 40.533764 -3.454539 0.818 80.6 
482.69 90.0 1 primary 2 1 40.533768 -3.454278 0.663 81.5 
483.64 90.0 1 primary 2 1 40.533768 -3.454018 0.602 83.1 
484.65 90.0 1 primary 2 1 40.533768 -3.453747 0.617 84.4 
485.57 90.0 1 primary 2 1 40.533768 -3.453472 0.535 84.4 
486.56 90.0 1 primary 2 1 40.533772 -3.453199 0.532 85.5 
487.69 90.0 1 primary 2 1 40.533775 -3.452914 0.660 87.0 
488.61 90.0 1 primary 2 1 40.533775 -3.452620 0.578 86.8 
489.63 90.0 1 primary 2 1 40.533775 -3.452333 0.602 86.7 
490.87 90.0 1 primary 2 1 40.533775 -3.452049 0.841 86.3 
491.80 90.0 1 primary 2 1 40.533775 -3.451767 0.771 85.5 
492.81 90.0 1 primary 2 1 40.533779 -3.451205 0.775 86.5 
493.73 90.0 1 primary 2 1 40.533779 -3.451205 0.702 86.7 
495.09 90.0 1 primary 2 1 40.533775 -3.450639 1.059 86.0 
497.01 90.0 1 primary 2 1 40.533772 -3.450359 0.980 87.2 
497.74 90.0 1 primary 2 1 40.533772 -3.450081 0.706 86.7 
498.97 90.0 1 primary 2 1 40.533772 -3.449800 0.942 85.5 
499.95 90.0 1 primary 2 1 40.533772 -3.449245 0.916 84.5 
501.12 90.0 1 primary 2 1 40.533772 -3.449245 1.087 85.2 
503.15 90.0 1 primary 2 1 40.533779 -3.448685 1.117 85.5 
504.99 90.0 1 primary 2 1 40.533787 -3.448115 0.962 85.6 
506.23 90.0 1 primary 2 1 40.533787 -3.447556 1.200 87.4 
508.14 90.0 1 primary 2 1 40.533791 -3.447272 1.108 88.5 
510.02 90.0 1 primary 2 1 40.533791 -3.446695 0.983 89.0 
511.11 90.0 1 primary 2 1 40.533791 -3.446118 1.081 88.7 
513.09 90.0 1 primary 2 1 40.533791 -3.445538 1.053 89.3 
515.46 90.0 1 primary 2 1 40.533791 -3.444965 1.423 89.9 
517.69 90.0 1 primary 2 1 40.533813 -3.444658 1.653 91.3 
518.74 90.0 1 primary 2 1 40.533802 -3.444064 0.713 91.3 
520.28 90.0 1 primary 2 1 40.533806 -3.443762 1.250 91.5 
522.09 90.0 1 primary 2 1 40.533798 -3.443154 1.062 91.7 
524.30 90.0 1 primary 2 1 40.533806 -3.442546 1.273 93.2 
525.79 90.0 1 primary 2 1 40.533810 -3.441932 0.759 93.9 
527.12 90.0 1 primary 2 1 40.533821 -3.441314 1.086 93.8 
528.75 90.0 1 primary 2 1 40.533817 -3.441002 0.719 94.1 
529.88 90.0 1 primary 2 1 40.533817 -3.440692 0.844 94.0 
530.93 90.0 1 primary 2 1 40.533817 -3.440377 0.891 93.5 
532.13 90.0 1 primary 2 1 40.533829 -3.440063 1.082 93.2 
533.87 90.0 1 primary 2 1 40.533825 -3.439466 0.837 92.8 
534.62 90.0 1 primary 2 1 40.533825 -3.439152 0.586 92.1 
535.62 90.0 1 primary 2 1 40.533821 -3.438848 0.585 92.3 
536.89 90.0 1 primary 2 1 40.533825 -3.438547 0.852 91.9 
538.21 90.0 1 primary 2 1 40.533825 -3.437939 1.174 92.4 
539.83 90.0 1 primary 2 1 40.533821 -3.437333 0.801 92.7 
541.17 90.0 1 primary 2 1 40.533821 -3.437333 1.136 92.5 
542.79 90.0 1 primary 2 1 40.533825 -3.436733 0.753 92.6 
544.11 90.0 1 primary 2 1 40.533825 -3.436435 1.080 92.8 
546.23 90.0 1 primary 2 1 40.533825 -3.435817 1.201 93.4 
548.14 90.0 1 primary 2 1 40.533829 -3.435193 1.102 93.0 
549.90 90.0 1 primary 2 1 40.533813 -3.434595 0.864 93.2 
550.87 90.0 1 primary 2 1 40.533798 -3.434293 0.837 93.4 
552.08 90.0 1 primary 2 1 40.533794 -3.433990 1.051 93.7 
553.97 90.0 1 primary 2 1 40.533768 -3.433378 0.937 94.5 
555.11 90.0 1 primary 2 1 40.533741 -3.433072 1.076 93.5 
556.82 90.0 1 primary 2 1 40.533688 -3.432474 0.786 93.6 
558.21 90.0 1 primary 2 1 40.533646 -3.432179 1.181 93.7 
559.88 90.0 1 primary 2 1 40.533550 -3.431582 0.848 93.9 
560.70 90.0 1 primary 2 1 40.533485 -3.431291 0.668 93.3 
562.34 90.0 1 primary 2 1 40.533340 -3.430716 1.310 94.4 
564.41 90.0 1 primary 2 1 40.533169 -3.430141 1.375 94.5 
565.62 90.0 1 primary 2 1 40.532974 -3.429584 0.584 95.2 
566.67 90.0 1 primary 2 1 40.532864 -3.429302 0.637 94.8 
567.80 90.0 1 primary 2 1 40.532864 -3.429302 0.763 95.0 
568.71 90.0 1 primary 2 1 40.532749 -3.429023 0.680 95.4 
570.05 90.0 1 primary 2 1 40.532627 -3.428752 1.018 96.7 
571.88 90.0 1 primary 2 1 40.532364 -3.428241 0.849 98.6 
573.09 90.0 1 primary 2 1 40.532219 -3.427973 1.056 98.9 
574.93 90.0 1 primary 2 1 40.531918 -3.427474 0.900 99.2 
575.70 90.0 1 primary 2 1 40.531754 -3.427230 0.669 98.4 
576.78 90.0 1 primary 2 1 40.531590 -3.426980 0.752 97.6 
577.80 90.0 1 primary 2 1 40.531239 -3.426528 0.769 96.9 
579.15 90.0 1 primary 2 1 40.531071 -3.426311 1.122 95.7 
580.89 90.0 1 primary 2 1 40.530884 -3.426105 0.858 95.1 
581.99 90.0 1 primary 2 1 40.530701 -3.425905 0.955 93.9 
582.82 90.0 1 primary 2 1 40.530518 -3.425719 0.790 94.1 
583.68 90.0 1 primary 2 1 40.530327 -3.425546 0.653 93.1 
584.58 90.0 1 primary 2 1 40.530132 -3.425373 0.552 94.0 
585.62 90.0 1 primary 2 1 40.529934 -3.425206 0.584 94.1 
586.73 90.0 1 primary 2 1 40.529732 -3.425047 0.702 94.2 
587.63 90.0 1 primary 2 1 40.529522 -3.424902 0.597 94.1 
588.55 90.0 1 primary 2 1 40.529312 -3.424756 0.517 94.5 
589.58 90.0 1 primary 2 1 40.529099 -3.424610 0.545 95.8 
590.62 90.0 1 primary 2 1 40.528664 -3.424328 0.587 97.3 
591.73 90.0 1 primary 2 1 40.528664 -3.424328 0.698 97.5 
592.96 90.0 1 primary 2 1 40.528442 -3.424181 0.923 98.1 
594.11 90.0 1 primary 2 1 40.528221 -3.424032 1.074 97.8 
595.77 90.0 1 primary 2 1 40.527794 -3.423723 0.734 98.9 
596.65 90.0 1 primary 2 1 40.527580 -3.423563 0.615 102.1 
597.88 90.0 1 primary 2 1 40.527367 -3.423385 0.843 102.3 
598.60 90.0 1 primary 2 1 40.527161 -3.423189 0.566 103.8 
599.63 90.0 1 primary 2 1 40.526958 -3.422983 0.596 105.3 
600.68 90.0 1 primary 2 1 40.526573 -3.422517 0.652 105.9 
601.66 90.0 1 primary 2 1 40.526573 -3.422517 0.630 105.1 
602.60 90.0 1 primary 2 1 40.526398 -3.422261 0.569 102.9 
603.50 90.0 1 primary 2 1 40.526245 -3.421996 0.470 100.5 
604.85 90.0 1 primary 2 1 40.526093 -3.421732 0.820 98.1 
605.69 100.0 1 primary 2 1 40.525826 -3.421201 0.656 97.6 
606.58 100.0 1 primary 2 1 40.525826 -3.421201 0.546 99.1 
607.74 100.0 1 primary 2 1 40.525585 -3.420636 0.706 97.2 
608.74 100.0 1 primary 2 1 40.525585 -3.420636 0.700 95.4 
610.27 100.0 1 primary 2 1 40.525486 -3.420346 1.234 96.3 
611.74 100.0 1 primary 2 1 40.525295 -3.419767 0.705 96.7 
613.04 100.0 1 primary 2 1 40.525208 -3.419478 1.012 98.7 
614.83 100.0 1 primary 2 1 40.525063 -3.418855 0.791 99.2 
615.78 100.0 1 primary 2 1 40.524994 -3.418539 0.749 100.3 
617.05 100.0 1 primary 2 1 40.524918 -3.418231 1.014 98.9 
619.47 100.0 1 primary 2 1 40.524754 -3.417606 1.437 100.4 
621.15 100.0 1 primary 2 1 40.524586 -3.416995 1.111 101.2 
622.81 100.0 3 primary_link 1 1 40.524368 -3.416398 0.775 102.6 
624.91 100.0 3 primary_link 1 1 40.524246 -3.416111 1.877 104.2 
626.58 100.0 3 primary_link 1 1 40.523834 -3.415235 1.552 104.0 
628.51 100.0 1 primary 2 1 40.523518 -3.414686 1.481 103.1 
631.36 100.0 1 primary 2 1 40.523338 -3.414437 2.327 102.8 
633.22 100.0 1 primary 2 1 40.522785 -3.413746 1.190 103.1 
635.59 100.0 1 primary 2 1 40.522167 -3.413120 1.559 101.4 
637.12 100.0 1 primary 2 1 40.521954 -3.412934 1.079 100.6 
639.24 100.0 1 primary 3 2 40.521534 -3.412567 1.208 99.4 
641.22 100.0 1 primary 3 2 40.521118 -3.412199 1.184 97.7 
643.15 100.0 1 primary 3 2 40.520718 -3.411829 1.122 95.5 
644.87 100.0 1 primary 2 2 40.520340 -3.411470 0.841 95.0 
645.90 100.0 1 primary 2 2 40.520138 -3.411289 0.865 94.9 
646.82 100.0 1 primary 2 2 40.519947 -3.411110 0.789 95.5 
648.16 100.0 1 primary 2 2 40.519569 -3.410746 1.123 94.9 
650.10 100.0 1 primary 2 2 40.519375 -3.410566 1.064 94.1 
651.63 100.0 1 primary 2 2 40.518990 -3.410226 0.599 94.3 
653.19 100.0 1 primary 2 2 40.518810 -3.410034 1.157 92.9 
655.32 100.0 1 primary 2 1 40.518223 -3.409504 1.292 90.3 
657.51 100.0 1 primary 2 1 40.517845 -3.409174 1.473 89.6 
659.04 100.0 1 primary 2 1 40.517658 -3.409017 1.003 89.4 
660.86 100.0 1 primary 2 1 40.517296 -3.408692 0.830 88.5 
661.98 100.0 1 primary 2 1 40.517101 -3.408521 0.945 86.8 
662.93 100.0 1 primary 2 1 40.516922 -3.408351 0.896 85.8 
664.03 100.0 1 primary 2 1 40.516571 -3.408054 0.995 84.0 
664.95 100.0 1 primary 2 1 40.516388 -3.407905 0.914 84.0 
665.88 100.0 1 primary 2 1 40.516388 -3.407905 0.846 83.6 
667.23 100.0 1 primary 2 1 40.516037 -3.407629 1.197 81.9 
669.09 100.0 1 primary 2 1 40.515862 -3.407493 1.055 81.0 
671.02 100.0 1 primary 2 1 40.515511 -3.407224 0.986 81.2 
671.94 100.0 1 primary 2 1 40.515331 -3.407108 0.909 81.4 
673.15 100.0 1 primary 2 1 40.515144 -3.406990 1.116 76.2 
