10.04 90.0 1 primary 1 1 40.584427 -3.555458 2.322 73.3
11.32 90.0 1 primary 1 1 40.584427 -3.554963 0.606 73.3
12.25 90.0 1 primary 1 1 40.584415 -3.554468 0.527 75.9
13.43 90.0 1 primary 1 1 40.584412 -3.554202 0.715 76.3
14.19 90.0 1 primary 1 1 40.584385 -3.553946 0.471 78.2
15.24 90.0 1 primary 1 1 40.584366 -3.553706 0.519 78.4
17.06 90.0 1 primary 1 1 40.584366 -3.553706 1.338 80.9
18.49 90.0 1 primary 2 1 40.584286 -3.552928 0.774 82.5
19.24 90.0 1 primary 2 1 40.584286 -3.552928 0.520 81.7
20.43 90.0 1 primary 2 1 40.584217 -3.552416 0.716 81.4
21.30 90.0 1 primary 2 1 40.584167 -3.552156 0.583 82.2
22.49 90.0 1 primary 2 1 40.584106 -3.551908 0.775 82.6
23.60 90.0 1 primary 2 1 40.584053 -3.551651 0.882 82.8
24.47 90.0 1 primary 2 1 40.584053 -3.551651 0.753 82.7
25.59 90.0 1 primary 2 1 40.583931 -3.551150 0.868 82.8
26.40 90.0 1 primary 2 1 40.583931 -3.551150 0.684 83.8
27.83 90.0 1 primary 2 1 40.583847 -3.550904 1.118 84.5
29.77 90.0 1 primary 2 1 40.583694 -3.550398 1.054 85.4
31.77 90.0 1 primary 2 1 40.583405 -3.549633 1.049 86.3
33.64 90.0 1 primary 2 1 40.583183 -3.549146 0.927 87.2
34.50 90.0 1 primary 2 1 40.583183 -3.549146 0.779 87.2
36.04 90.0 1 primary 2 1 40.582951 -3.548687 1.326 87.9
37.45 90.0 1 primary 2 1 40.582687 -3.548229 0.729 88.6
38.88 90.0 1 primary 2 1 40.582565 -3.548009 1.159 89.1
40.54 90.0 1 primary 2 1 40.582275 -3.547551 0.822 89.1
41.55 90.0 1 primary 2 1 40.582123 -3.547331 0.828 90.1
43.28 90.0 1 primary 2 1 40.581966 -3.547111 1.558 91.8
44.40 90.0 1 primary 2 1 40.581646 -3.546671 0.683 92.7
45.83 90.0 1 primary 2 1 40.581486 -3.546458 1.116 93.8
47.88 90.0 1 primary 2 1 40.581150 -3.546010 1.162 96.3
49.90 90.0 1 primary 2 1 40.580814 -3.545553 1.182 96.7
51.67 90.0 1 primary 2 1 40.580475 -3.545079 0.950 97.7
53.02 90.0 1 primary 2 1 40.580311 -3.544848 1.297 96.3
55.46 90.0 1 primary 2 1 40.579979 -3.544388 1.739 97.0
57.10 90.0 1 primary 2 1 40.579693 -3.543895 1.381 98.1
60.37 90.0 1 primary 2 1 40.579380 -3.543386 2.654 99.8
61.70 90.0 1 primary 2 1 40.578930 -3.542611 0.989 99.8
63.69 90.0 1 primary 2 1 40.578789 -3.542339 1.969 100.0
71.76 90.0 1 primary 2 1 40.578503 -3.541781 8.043 100.5
73.48 90.0 1 primary 2 1 40.577370 -3.539221 0.757 101.1
74.20 90.0 1 primary 2 1 40.577267 -3.538923 0.486 101.3
75.42 90.0 1 primary 2 1 40.577171 -3.538624 0.709 101.6
76.26 90.0 1 primary 2 1 40.577065 -3.538324 0.542 102.0
77.37 90.0 1 primary 2 1 40.577065 -3.538324 0.656 102.0
78.30 90.0 1 primary 2 1 40.576954 -3.538018 0.587 102.5
79.62 90.0 1 primary 2 1 40.576744 -3.537405 0.905 102.7
80.44 90.0 1 primary 2 1 40.576645 -3.537097 0.726 102.7
81.48 90.0 1 primary 2 1 40.576542 -3.536788 0.761 102.2
82.49 90.0 1 primary 2 1 40.576439 -3.536481 0.775 103.2
83.44 90.0 1 primary 2 1 40.576332 -3.536187 0.722 102.7
84.44 90.0 1 primary 2 1 40.576218 -3.535878 0.716 103.8
85.68 90.0 1 primary 2 1 40.576096 -3.535577 0.966 104.4
86.51 90.0 1 primary 2 1 40.575974 -3.535271 0.792 104.7
87.44 90.0 1 primary 2 1 40.575851 -3.534967 0.722 106.2
88.76 90.0 1 primary 2 1 40.575722 -3.534653 1.045 106.7
90.30 90.0 1 primary 2 1 40.575451 -3.534056 0.587 106.0
91.34 90.0 1 primary 2 1 40.575314 -3.533758 0.629 106.0
92.22 90.0 1 primary 2 1 40.575172 -3.533463 0.501 106.2
93.35 90.0 1 primary 2 1 40.575035 -3.533165 0.630 106.3
94.48 90.0 1 primary 2 1 40.574886 -3.532870 0.768 106.8
95.39 90.0 1 primary 2 1 40.574734 -3.532571 0.678 107.5
96.59 90.0 1 primary 2 1 40.574581 -3.532274 0.871 107.5
97.38 90.0 1 primary 2 1 40.574581 -3.532274 0.662 107.5
98.48 90.0 1 primary 2 1 40.574295 -3.531675 0.763 107.9
99.38 90.0 1 primary 2 1 40.574158 -3.531370 0.669 107.8
100.61 90.0 1 primary 2 1 40.574158 -3.531370 0.898 107.0
101.46 90.0 1 primary 2 1 40.573887 -3.530746 0.746 107.0
102.37 90.0 1 primary 2 1 40.573887 -3.530746 0.651 106.2
103.69 90.0 1 primary 2 1 40.573631 -3.530146 0.971 104.8
104.41 90.0 1 primary 2 1 40.573509 -3.529840 0.700 102.2
105.43 90.0 1 primary 2 1 40.573399 -3.529541 0.720 100.2
106.25 90.0 1 primary 2 1 40.573299 -3.529248 0.531 98.7
107.47 90.0 1 primary 2 1 40.573200 -3.528953 0.759 97.6
108.50 90.0 1 primary 2 1 40.573109 -3.528661 0.784 96.2
109.46 90.0 1 primary 2 1 40.573009 -3.528374 0.746 94.3
110.35 90.0 1 primary 2 1 40.572918 -3.528087 0.635 93.8
111.69 90.0 1 primary 2 1 40.572826 -3.527804 0.971 93.3
113.26 90.0 1 primary 2 1 40.572739 -3.527513 1.542 91.9
115.60 90.0 1 primary 2 1 40.572563 -3.526955 1.889 92.1
117.61 90.0 1 primary 2 1 40.572388 -3.526400 1.895 92.3
119.81 90.0 1 primary 2 1 40.572300 -3.526110 2.086 93.6
121.81 90.0 1 primary 2 1 40.571926 -3.524989 1.093 90.6
123.79 90.0 1 primary 2 1 40.571835 -3.524724 1.079 90.5
126.21 90.0 1 primary 2 1 40.571507 -3.523949 1.500 89.9
128.21 90.0 1 primary 2 1 40.571262 -3.523452 1.487 89.3
129.90 90.0 1 primary 2 1 40.571018 -3.522984 1.184 91.0
132.36 90.0 1 primary 2 1 40.570759 -3.522504 1.646 92.9
138.52 90.0 1 primary 2 1 40.570454 -3.522030 5.804 95.9
140.19 90.0 1 primary 2 1 40.569477 -3.520666 1.472 96.2
142.39 90.0 1 primary 2 1 40.569107 -3.520257 1.676 94.6
144.77 90.0 1 primary 2 1 40.568920 -3.520070 2.055 96.0
150.71 90.0 1 primary 2 1 40.568146 -3.519325 4.993 99.8
153.89 90.0 1 primary 3 2 40.567089 -3.518482 3.168 98.6
156.63 90.0 1 primary 3 2 40.566189 -3.517950 1.920 98.2
159.32 90.0 1 primary 3 2 40.565739 -3.517716 2.605 98.9
168.21 90.0 1 primary 3 2 40.565044 -3.517423 8.491 100.4
170.98 90.0 1 primary 3 2 40.563087 -3.516900 2.265 99.5
187.24 100.0 3 primary_link 1 1 40.562344 -3.516803 15.507 96.0
189.49 90.0 1 primary 3 1 40.558548 -3.514713 1.779 95.8
190.46 90.0 1 primary 3 1 40.558357 -3.514476 0.747 94.4
191.65 90.0 1 primary 3 1 40.558052 -3.514015 0.939 94.6
192.75 90.0 1 primary 3 1 40.557907 -3.513777 1.041 93.2
194.83 90.0 1 primary 3 1 40.557640 -3.513290 1.119 91.8
197.08 90.0 1 primary 3 1 40.557411 -3.512770 1.365 91.9
199.12 90.0 1 primary 3 1 40.557213 -3.512216 1.408 92.2
200.35 90.0 1 primary 3 1 40.557034 -3.511661 0.635 91.5
202.11 90.0 1 primary 3 1 40.556957 -3.511381 1.401 91.0
203.73 90.0 1 primary 3 1 40.556839 -3.510813 1.014 91.2
205.59 90.0 1 primary 3 1 40.556740 -3.510250 0.873 90.6
206.50 90.0 1 primary 3 1 40.556705 -3.509944 0.788 90.5
207.72 90.0 1 primary 3 1 40.556671 -3.509635 1.010 90.7
209.89 90.0 1 primary 3 1 40.556641 -3.509041 1.180 88.7
211.61 90.0 1 primary 3 1 40.556644 -3.508750 0.903 88.7
213.36 90.0 1 primary 3 1 40.556648 -3.508162 1.645 89.1
214.49 90.0 1 primary 3 1 40.556683 -3.507572 0.772 88.4
215.78 90.0 1 primary 3 1 40.556686 -3.507272 1.063 90.3
218.29 90.0 1 primary 3 1 40.556664 -3.506678 1.573 91.2
220.32 90.0 1 primary 3 1 40.556614 -3.506087 1.604 92.8
221.55 90.0 1 primary 3 1 40.556545 -3.505484 0.834 92.0
222.90 90.0 1 primary 3 1 40.556488 -3.505190 1.184 95.5
225.08 90.0 1 primary 3 1 40.556366 -3.504603 1.354 93.9
226.91 90.0 1 primary 3 1 40.556198 -3.504006 1.194 94.0
228.71 90.0 1 primary 3 1 40.556019 -3.503434 1.002 93.7
230.76 90.0 1 primary 3 1 40.555801 -3.502920 1.047 94.2
233.77 90.0 1 primary 3 1 40.555557 -3.502414 2.060 93.3
236.23 90.0 1 primary 3 1 40.555168 -3.501661 1.516 92.2
239.26 90.0 1 primary 3 2 40.554920 -3.501158 2.550 92.6
240.69 90.0 1 primary 2 2 40.554630 -3.500321 0.982 92.6
249.95 90.0 1 primary 2 2 40.554565 -3.500028 9.239 100.3
259.78 90.0 3 tertiary_link 1 2 40.554157 -3.496966 9.064 106.2
262.27 90.0 1 primary 2 2 40.554771 -3.493969 1.552 105.0
272.58 90.0 1 primary 2 2 40.555019 -3.493339 9.867 98.0
283.54 90.0 1 primary 2 1 40.555859 -3.489938 10.832 103.3
288.94 90.0 1 primary 2 1 40.555607 -3.486197 5.230 88.3
303.76 90.0 1 primary 2 1 40.555241 -3.484462 14.050 93.5
306.33 90.0 1 primary 2 1 40.553650 -3.480478 1.621 93.6
308.11 90.0 1 primary 2 1 40.553368 -3.479999 1.401 93.5
310.97 90.0 1 primary 2 1 40.553070 -3.479547 2.262 88.5
315.44 90.0 1 primary 2 1 40.552620 -3.478855 3.735 88.1
317.08 90.0 1 primary 2 1 40.552010 -3.477995 1.373 88.8
319.03 90.0 1 primary 2 1 40.551685 -3.477588 1.317 91.9
320.72 90.0 1 primary 2 1 40.551327 -3.477214 1.012 93.3
322.52 90.0 1 primary 2 1 40.550964 -3.476825 0.810 93.1
325.99 90.0 1 primary 2 1 40.550785 -3.476619 3.281 94.1
328.46 90.0 1 primary 2 1 40.550228 -3.476069 1.752 95.5
330.19 90.0 1 primary 2 1 40.549831 -3.475724 1.482 98.7
332.03 90.0 1 primary 2 1 40.549202 -3.475249 1.323 98.4
342.31 90.0 1 primary 2 1 40.548767 -3.474975 9.600 94.7
346.72 90.0 1 primary 2 1 40.546513 -3.473846 4.010 95.9
348.93 90.0 1 primary 2 1 40.545345 -3.473469 1.200 95.2
351.50 90.0 1 primary 2 1 40.544888 -3.473315 1.788 95.3
362.75 90.0 1 primary 2 1 40.544651 -3.473244 11.043 93.2
365.34 30.0 1 primary_link 1 1 40.541695 -3.472292 1.636 92.6
366.75 90.0 1 primary 2 1 40.541248 -3.472146 1.048 92.7
371.35 90.0 1 primary 2 1 40.540791 -3.472015 3.647 95.1
373.30 90.0 1 primary 2 1 40.539883 -3.471709 1.595 92.9
375.04 90.0 1 primary 2 1 40.539425 -3.471553 1.333 92.4
376.59 90.0 1 primary 2 1 40.539204 -3.471478 0.879 92.4
379.14 90.0 1 primary 2 1 40.538982 -3.471399 2.429 93.8
382.52 90.0 1 primary 2 1 40.538090 -3.471119 2.808 93.1
384.69 90.0 1 primary 2 1 40.537411 -3.470906 1.989 92.9
392.86 90.0 1 primary 2 1 40.536957 -3.470725 8.149 82.9
394.97 100.0 3 primary_link 1 1 40.535194 -3.469422 1.261 82.9
396.69 100.0 3 primary_link 1 1 40.534897 -3.469042 0.980 84.3
397.97 100.0 3 primary_link 1 1 40.534748 -3.468828 1.265 87.3
399.82 90.0 1 primary 2 1 40.534489 -3.468367 1.115 90.8
402.28 90.0 1 primary 2 1 40.534363 -3.468116 1.572 92.4
404.63 90.0 1 primary 2 1 40.534035 -3.467308 1.928 95.0
413.58 90.0 1 primary 2 1 40.533871 -3.466745 8.878 92.7
416.73 90.0 1 primary 2 1 40.533634 -3.464003 3.022 96.9
418.83 90.0 1 primary 2 1 40.533649 -3.462707 1.058 101.7
421.21 90.0 1 primary 2 1 40.533649 -3.462066 1.479 102.9
424.08 90.0 1 primary 2 1 40.533649 -3.461735 2.375 102.2
426.56 90.0 1 primary 2 1 40.533646 -3.460708 1.854 103.2
433.96 90.0 1 primary 2 1 40.533649 -3.460039 7.252 102.9
435.88 90.0 1 primary 2 1 40.533669 -3.457354 1.178 102.9
437.72 90.0 1 primary 2 1 40.533684 -3.456350 0.998 102.5
439.81 90.0 1 primary 2 1 40.533684 -3.455678 1.107 101.4
442.11 90.0 1 primary 2 1 40.533695 -3.455025 1.406 100.5
443.55 90.0 1 primary 2 1 40.533699 -3.454364 0.848 98.7
444.55 90.0 1 primary 2 1 40.533707 -3.454044 0.847 98.0
445.54 90.0 1 primary 2 1 40.533707 -3.453720 0.840 97.8
455.16 90.0 1 primary 2 1 40.533707 -3.453720 9.460 98.0
457.82 90.0 1 primary 2 1 40.533718 -3.450182 2.114 98.5
460.13 90.0 1 primary 2 1 40.533722 -3.449535 1.413 98.6
461.68 90.0 1 primary 2 1 40.533733 -3.448572 0.976 97.9
462.93 90.0 1 primary 2 1 40.533733 -3.448245 1.221 98.7
465.15 90.0 1 primary 2 1 40.533726 -3.447924 1.446 98.3
467.11 90.0 1 primary 2 1 40.533730 -3.446965 1.396 99.3
469.16 90.0 1 primary 2 1 40.533730 -3.446640 1.453 100.0
471.90 90.0 1 primary 2 1 40.533730 -3.445657 2.195 99.9
474.77 90.0 1 primary 2 1 40.533718 -3.444679 2.071 99.7
477.69 90.0 1 primary 2 1 40.533710 -3.444029 1.965 99.6
492.94 90.0 1 primary 2 1 40.533699 -3.443375 15.195 106.3
496.72 90.0 1 primary 2 1 40.533733 -3.437577 3.000 107.0
