7.72 71.6 40.584427 -3.555458 605.9 3 5 88.2 0.352 0 0 0 
8.75 73.0 40.584427 -3.555207 606.2 3 5 88.6 0.352 0 0 0 
9.80 73.3 40.584427 -3.554963 606.7 3 5 90.4 2.109 0 0 0 
10.76 73.3 40.584427 -3.554963 606.7 3 5 90.4 2.109 0 0 0 
11.76 75.9 40.584415 -3.554468 607.3 3 5 93.5 3.164 0 0 0 
12.73 76.3 40.584412 -3.554202 607.9 3 5 96.3 3.867 0 0 0 
13.78 78.2 40.584385 -3.553946 608.2 3 5 97.7 4.219 0 0 0 
14.73 78.4 40.584366 -3.553706 608.5 3 5 98.1 1.758 1 0 0 
15.77 80.1 40.584343 -3.553456 608.7 3 5 98.1 1.758 1 0 0 
16.78 80.9 40.584316 -3.553197 609.1 4 5 98.1 0 0 0 0 
17.72 82.5 40.584286 -3.552928 609.8 4 5 98.8 0.703 0 0 0 
18.73 81.7 40.584263 -3.552682 610.0 4 5 100.2 0.703 0 0 0 
19.72 81.4 40.584217 -3.552416 610.2 4 5 102.3 2.109 0 0 0 
20.73 82.2 40.584167 -3.552156 610.0 4 5 103.4 3.164 0 0 0 
21.72 82.6 40.584106 -3.551908 610.2 4 5 105.1 2.812 0 0 0 
22.72 82.8 40.584053 -3.551652 610.4 4 5 106.9 3.516 0 0 0 
23.78 82.7 40.583996 -3.551404 610.2 6 5 108.3 3.164 0 0 0 
24.72 82.8 40.583931 -3.551151 610.6 6 5 109.7 2.812 0 0 0 
25.73 83.8 40.583847 -3.550904 610.9 6 5 111.1 2.812 0 0 0 
26.79 84.1 40.583775 -3.550654 611.3 6 5 112.1 2.461 0 0 0 
27.72 84.5 40.583694 -3.550398 611.8 6 5 113.6 2.461 0 0 0 
28.73 84.5 40.583694 -3.550398 611.8 6 5 113.6 2.461 0 0 0 
29.73 85.4 40.583508 -3.549894 612.4 6 5 116.7 3.164 0 0 0 
30.75 86.3 40.583405 -3.549633 612.8 6 5 118.1 2.812 0 0 0 
31.73 86.3 40.583405 -3.549633 612.8 6 5 118.1 2.812 0 0 0 
32.74 87.2 40.583183 -3.549146 613.1 6 5 121.6 3.164 0 0 0 
33.75 87.2 40.583183 -3.549146 613.1 6 5 121.6 3.516 0 0 0 
34.73 88.1 40.582951 -3.548687 613.9 6 5 124.8 3.164 0 0 0 
35.80 87.9 40.582825 -3.548461 614.9 6 5 126.2 2.461 0 0 0 
36.73 88.6 40.582687 -3.548229 614.9 6 5 128.0 3.164 0 0 0 
37.73 87.5 40.582565 -3.548009 615.1 6 5 129.4 3.164 0 0 0 
38.73 89.1 40.582424 -3.547777 615.3 6 5 130.8 2.812 0 0 0 
39.74 89.1 40.582275 -3.547551 615.8 6 5 132.2 2.812 0 0 0 
40.73 90.1 40.582123 -3.547332 616.5 6 5 133.6 2.812 0 0 0 
41.74 90.8 40.581966 -3.547111 616.7 4 5 134.3 2.109 1 0 0 
42.75 91.8 40.581806 -3.546892 616.6 6 5 134.6 1.055 0 0 0 
43.73 92.7 40.581646 -3.546671 617.0 6 5 134.3 0.352 1 0 0 
44.73 93.8 40.581486 -3.546458 617.7 4 5 134.3 0.352 0 0 0 
45.73 93.8 40.581486 -3.546458 617.7 4 5 134.3 0.352 2 1 0 
46.73 95.4 40.581150 -3.546010 618.0 4 5 135.0 0.703 2 1 0 
47.88 96.3 40.580982 -3.545783 618.2 6 5 134.6 0.352 2 1 0 
48.74 96.7 40.580814 -3.545553 618.2 6 5 133.9 1.055 2 1 0 
49.72 96.7 40.580814 -3.545553 618.2 6 5 133.9 1.055 2 1 0 
50.74 97.7 40.580475 -3.545080 620.2 4 5 132.5 1.406 2 2 0 
51.74 96.4 40.580311 -3.544848 620.3 4 5 132.9 0.352 2 2 0 
52.73 96.3 40.580139 -3.544629 620.3 4 5 132.5 0.352 2 2 0 
53.74 97.4 40.579979 -3.544388 621.2 4 5 131.1 1.758 2 2 0 
54.73 97.0 40.579842 -3.544146 621.5 4 5 130.1 2.461 2 2 0 
55.75 98.1 40.579693 -3.543895 622.3 4 5 129.4 1.758 2 3 0 
56.72 98.1 40.579536 -3.543637 622.9 4 5 128.7 1.406 2 3 0 
57.75 99.3 40.579380 -3.543386 623.3 4 5 127.3 2.109 2 3 0 
58.72 99.6 40.579220 -3.543124 623.7 4 5 126.6 2.109 2 3 0 
59.78 99.8 40.579075 -3.542881 624.1 6 5 125.5 1.758 2 3 0 
60.72 99.8 40.578930 -3.542611 623.8 6 5 125.2 1.406 2 3 0 
61.72 100.1 40.578789 -3.542339 624.2 4 5 124.8 0.703 2 3 0 
62.74 100.0 40.578640 -3.542061 624.3 4 5 123.4 1.758 2 3 0 
63.74 100.0 40.578503 -3.541781 624.9 4 5 123.4 1.406 1 4 0 
64.74 99.8 40.578369 -3.541506 625.0 4 5 122.7 0.703 0 4 0 
65.73 100.1 40.578236 -3.541227 625.0 4 5 122.3 0.703 0 4 0 
66.76 99.8 40.578106 -3.540944 624.9 6 5 120.6 1.055 0 3 0 
67.72 99.8 40.577976 -3.540656 625.3 4 5 120.2 2.109 0 3 0 
68.74 100.3 40.577847 -3.540368 625.6 4 5 119.5 2.109 0 3 0 
69.75 99.9 40.577724 -3.540087 626.0 4 5 118.5 1.758 0 3 0 
70.79 100.1 40.577602 -3.539798 625.8 6 5 117.8 1.758 0 3 0 
71.72 100.5 40.577484 -3.539516 626.2 6 5 117.1 1.406 0 3 0 
72.74 101.1 40.577370 -3.539221 626.5 6 5 116.4 1.406 1 4 0 
73.77 101.3 40.577267 -3.538924 627.0 4 5 115.3 1.758 1 4 0 
74.73 101.6 40.577171 -3.538624 627.3 6 5 115.0 1.406 1 4 0 
75.73 102.0 40.577065 -3.538325 627.3 6 5 115.0 0.352 1 4 0 
76.74 102.0 40.577065 -3.538325 627.3 6 5 115.0 0.352 2 4 0 
77.72 102.5 40.576954 -3.538019 627.6 6 5 114.3 0.703 1 4 0 
78.73 102.7 40.576744 -3.537405 627.7 4 5 113.6 0.703 0 4 0 
79.79 102.7 40.576645 -3.537097 628.3 6 5 113.9 0.352 0 4 0 
80.72 102.2 40.576542 -3.536789 628.3 6 5 114.3 0.703 0 4 0 
81.72 103.2 40.576439 -3.536481 629.2 4 5 114.6 0.703 1 4 0 
82.72 102.7 40.576332 -3.536187 629.5 4 5 115.0 0.703 1 5 1 
83.76 103.8 40.576218 -3.535878 630.0 4 5 116.0 1.406 2 5 1 
84.77 104.4 40.576096 -3.535578 630.8 4 5 116.7 1.758 2 5 1 
85.81 104.7 40.575974 -3.535271 631.4 4 5 117.1 1.055 2 5 1 
86.76 106.2 40.575851 -3.534968 632.5 4 5 118.1 1.406 1 5 1 
87.73 106.5 40.575722 -3.534653 633.1 4 5 119.2 2.109 0 5 1 
88.72 106.7 40.575588 -3.534358 633.9 4 5 120.6 2.461 0 5 1 
89.73 106.0 40.575451 -3.534056 635.0 4 5 121.3 2.461 0 5 1 
90.72 106.0 40.575314 -3.533758 635.3 4 5 121.6 1.055 1 5 1 
91.73 106.2 40.575172 -3.533463 635.9 4 5 122.3 1.055 2 5 1 
92.75 106.3 40.575035 -3.533165 636.4 4 5 122.3 0.703 2 6 1 
93.75 106.8 40.574886 -3.532870 637.4 6 5 123.8 1.406 2 6 1 
94.77 107.5 40.574734 -3.532572 638.2 6 5 124.1 1.758 2 6 1 
95.80 107.5 40.574581 -3.532274 638.9 6 5 123.8 0.352 2 6 1 
96.73 107.5 40.574436 -3.531976 639.6 6 5 122.7 0.352 1 6 1 
97.73 107.9 40.574295 -3.531675 640.5 6 5 121.6 2.109 0 6 1 
98.73 107.8 40.574158 -3.531370 641.2 6 5 120.9 1.758 0 6 1 
99.72 107.0 40.574020 -3.531061 642.1 6 5 120.2 1.758 0 6 1 
100.76 107.0 40.573887 -3.530747 642.4 6 5 119.2 1.758 0 6 1 
101.73 106.2 40.573765 -3.530456 643.3 6 5 118.5 1.758 1 6 1 
102.73 104.8 40.573631 -3.530147 643.9 6 5 117.1 2.109 1 6 1 
103.75 102.2 40.573509 -3.529841 644.6 6 5 116.0 2.461 1 6 1 
104.74 100.2 40.573399 -3.529541 645.0 6 5 115.0 2.461 1 6 1 
105.73 98.7 40.573299 -3.529248 645.8 6 5 114.3 1.758 0 6 1 
106.73 97.6 40.573200 -3.528953 646.2 4 5 113.6 1.406 0 6 1 
107.73 96.2 40.573109 -3.528661 646.7 4 5 112.9 1.406 0 6 1 
108.74 94.3 40.573009 -3.528374 647.1 4 5 112.1 1.406 0 6 1 
109.73 93.8 40.572918 -3.528087 647.4 4 5 111.4 1.406 0 6 1 
110.73 93.3 40.572826 -3.527804 647.8 4 5 111.4 0.703 0 6 1 
111.73 93.1 40.572739 -3.527513 648.2 4 5 111.4 0 0 6 1 
112.72 91.9 40.572651 -3.527234 648.9 4 5 111.1 0.352 1 5 1 
113.73 92.9 40.572563 -3.526955 649.5 4 5 111.4 0.352 2 5 1 
114.75 92.1 40.572472 -3.526677 649.6 4 5 111.4 0.352 2 5 1 
115.75 91.9 40.572388 -3.526400 650.8 4 5 110.7 0.703 2 5 1 
116.72 92.3 40.572300 -3.526110 651.6 4 5 111.4 0.703 1 5 1 
117.74 92.4 40.572216 -3.525824 652.1 4 5 112.1 1.406 0 5 1 
118.78 92.3 40.572124 -3.525543 652.7 4 5 113.9 2.461 0 5 1 
119.73 93.6 40.572025 -3.525264 653.0 4 5 115.0 2.812 1 5 1 
120.73 91.1 40.571926 -3.524990 653.7 4 5 116.0 2.109 1 5 1 
121.74 90.6 40.571835 -3.524724 654.4 4 5 116.7 1.758 0 5 1 
122.74 90.4 40.571732 -3.524460 654.9 4 5 118.1 1.758 0 5 1 
123.72 90.5 40.571621 -3.524203 655.2 4 5 119.5 2.812 1 5 1 
124.72 92.2 40.571507 -3.523949 655.6 4 5 122.3 4.219 1 5 1 
125.75 89.9 40.571384 -3.523694 656.3 4 5 122.0 4.219 1 5 1 
126.74 89.5 40.571262 -3.523452 656.7 4 5 122.7 0.703 2 5 1 
127.76 89.3 40.571144 -3.523219 656.9 4 5 123.0 1.055 1 5 1 
128.75 90.3 40.571018 -3.522984 657.0 4 5 124.8 2.109 1 6 1 
129.74 91.0 40.570892 -3.522731 656.8 4 5 126.6 3.516 0 6 1 
130.72 91.7 40.570759 -3.522505 656.8 4 5 128.3 3.516 0 6 1 
131.73 92.9 40.570602 -3.522267 656.8 4 5 129.0 3.516 2 6 1 
132.73 93.9 40.570454 -3.522030 656.8 4 5 130.1 1.758 2 6 1 
133.74 95.1 40.570301 -3.521796 656.8 4 5 130.8 1.758 2 6 1 
134.76 95.3 40.570152 -3.521567 656.7 4 5 132.2 2.109 1 6 1 
135.78 95.1 40.569988 -3.521335 656.2 4 5 133.2 2.461 1 6 1 
136.73 95.3 40.569828 -3.521113 656.4 4 5 134.3 2.109 0 6 1 
137.76 95.9 40.569656 -3.520887 656.3 4 5 136.4 3.164 0 6 1 
138.75 96.0 40.569477 -3.520666 656.2 4 5 137.1 2.812 0 5 1 
139.72 96.2 40.569294 -3.520458 655.9 4 5 139.2 2.812 0 5 1 
140.74 95.6 40.569107 -3.520257 655.5 4 5 139.9 2.812 0 5 1 
141.72 94.6 40.568920 -3.520070 654.8 4 5 141.0 1.758 0 5 1 
142.74 94.8 40.568733 -3.519872 654.2 4 5 143.1 1.758 1 5 1 
143.75 95.3 40.568542 -3.519696 653.8 4 5 144.1 3.164 2 5 1 
144.74 96.0 40.568340 -3.519511 653.7 4 5 144.8 1.758 2 5 1 
145.76 97.1 40.568146 -3.519325 653.0 4 5 145.2 1.055 2 5 1 
146.73 97.8 40.567944 -3.519151 653.2 4 5 146.2 1.406 1 5 1 
147.74 98.8 40.567738 -3.518970 653.2 4 5 147.7 1.406 0 5 1 
148.73 100.5 40.567528 -3.518792 653.0 4 5 149.1 2.812 0 5 1 
149.80 99.8 40.567303 -3.518636 652.5 4 5 151.5 3.867 1 5 1 
150.72 99.8 40.567089 -3.518482 652.5 4 5 152.9 3.867 0 5 1 
151.73 100.1 40.566860 -3.518343 652.3 4 5 154.3 2.812 0 5 1 
152.74 99.1 40.566639 -3.518197 651.4 4 5 155.0 2.812 0 5 1 
153.76 98.6 40.566414 -3.518074 651.3 4 5 156.4 2.109 1 5 1 
154.73 98.2 40.566189 -3.517950 651.4 4 5 157.5 2.461 2 5 1 
155.76 98.2 40.565964 -3.517834 651.2 4 5 158.2 1.758 2 5 1 
156.72 97.9 40.565739 -3.517716 651.1 4 5 159.3 1.758 2 5 1 
157.74 98.4 40.565510 -3.517609 651.3 4 5 161.4 3.164 2 5 1 
158.73 98.9 40.565281 -3.517506 651.8 4 5 162.4 3.164 2 5 1 
159.73 99.1 40.565044 -3.517423 652.0 4 5 163.8 2.461 2 5 1 
160.73 99.4 40.564800 -3.517326 652.6 4 5 164.9 2.461 2 6 1 
161.76 98.9 40.564564 -3.517242 653.3 4 5 165.9 2.109 2 6 1 
162.73 99.3 40.564320 -3.517165 653.7 3 5 167.3 2.461 2 6 1 
163.72 98.3 40.564087 -3.517096 654.3 3 5 168.4 2.461 1 6 1 
164.72 98.3 40.564087 -3.517096 654.3 3 5 168.4 2.461 2 6 1 
165.72 99.6 40.563587 -3.516982 656.0 4 5 171.2 2.812 1 6 1 
166.73 99.6 40.563335 -3.516936 657.1 4 5 172.3 2.461 0 6 1 
167.73 100.4 40.563087 -3.516900 658.0 4 5 173.3 2.461 1 6 1 
168.78 100.4 40.563087 -3.516900 658.0 4 5 173.3 2.109 1 6 1 
169.73 100.2 40.562836 -3.516864 658.7 4 5 173.3 1.055 1 6 1 
170.73 99.5 40.562344 -3.516803 660.0 4 5 174.0 0.703 1 6 1 
171.72 99.5 40.562344 -3.516803 660.0 4 5 174.0 0.703 1 6 1 
172.77 101.4 40.561840 -3.516714 663.2 4 5 171.6 2.461 0 6 1 
173.71 101.3 40.561592 -3.516658 665.2 4 5 169.8 3.516 1 6 1 
174.72 100.7 40.561344 -3.516593 666.7 4 5 167.7 3.867 2 6 1 
175.72 100.4 40.561096 -3.516516 667.9 4 5 165.6 4.219 2 6 1 
176.74 100.5 40.560860 -3.516436 664.8 4 5 163.5 4.219 1 6 1 
177.73 100.1 40.560616 -3.516342 664.5 4 5 161.4 4.219 0 6 1 
178.72 100.0 40.560379 -3.516239 665.8 4 5 158.6 4.922 0 6 1 
179.78 99.5 40.560146 -3.516110 667.1 4 5 156.4 4.922 0 6 1 
180.73 98.5 40.559929 -3.515961 668.0 4 5 153.3 4.922 0 6 1 
181.77 98.0 40.559715 -3.515809 669.0 4 5 151.9 4.570 0 6 1 
182.73 96.7 40.559502 -3.515654 669.5 4 5 150.1 3.164 2 6 1 
183.73 93.7 40.559303 -3.515492 670.0 4 5 147.7 3.164 0 6 1 
184.75 97.3 40.559105 -3.515315 670.7 4 5 145.9 4.219 0 6 1 
185.72 96.4 40.558910 -3.515124 671.9 4 5 143.1 4.219 0 6 1 
186.76 96.0 40.558723 -3.514924 672.5 6 5 139.9 5.977 0 5 1 
187.74 95.9 40.558548 -3.514713 673.9 6 5 137.8 5.273 0 5 1 
188.78 95.8 40.558357 -3.514476 675.3 6 5 135.0 5.273 0 5 1 
189.72 94.4 40.558208 -3.514251 676.4 6 5 132.5 4.922 0 5 1 
190.73 94.6 40.558052 -3.514016 677.1 6 5 130.4 4.570 0 5 1 
191.79 93.5 40.557907 -3.513777 678.1 6 5 128.7 3.867 1 5 1 
192.73 93.2 40.557766 -3.513535 679.4 6 5 125.9 4.570 2 5 1 
193.75 93.0 40.557640 -3.513290 680.3 6 5 123.4 5.273 2 5 1 
194.82 91.8 40.557526 -3.513040 681.0 6 5 120.2 5.273 1 5 1 
195.71 92.1 40.557411 -3.512771 682.6 6 5 118.1 5.273 0 5 1 
196.73 91.9 40.557304 -3.512499 683.9 4 5 116.0 4.219 0 5 1 
197.74 92.1 40.557213 -3.512216 684.8 4 5 114.3 3.867 0 5 1 
198.72 92.2 40.557121 -3.511936 685.9 6 5 112.5 3.516 0 5 1 
199.73 91.5 40.557034 -3.511661 686.9 6 5 111.1 3.164 0 5 1 
200.72 91.6 40.556957 -3.511382 688.2 6 5 107.6 4.922 0 5 1 
201.72 91.0 40.556896 -3.511098 689.0 6 5 105.8 5.273 0 5 1 
202.77 91.2 40.556839 -3.510813 690.2 6 5 103.7 3.867 0 5 1 
203.77 91.1 40.556782 -3.510531 691.6 4 5 101.2 4.570 0 5 1 
204.72 90.6 40.556740 -3.510250 693.1 4 5 99.1 4.570 0 5 1 
205.71 90.5 40.556705 -3.509944 693.9 4 5 97.0 4.219 0 4 0 
206.80 90.7 40.556671 -3.509635 695.0 4 5 95.3 3.867 0 4 0 
207.73 89.2 40.556656 -3.509337 696.5 4 5 93.2 3.867 0 4 0 
208.79 87.5 40.556641 -3.509041 696.7 6 5 91.8 3.516 0 4 0 
209.71 88.7 40.556644 -3.508750 697.3 6 5 88.6 3.516 0 4 0 
210.73 88.7 40.556644 -3.508750 697.3 6 5 88.6 4.570 0 4 0 
211.73 88.4 40.556648 -3.508162 699.9 6 5 87.9 0.703 0 4 0 
212.73 89.1 40.556660 -3.507867 700.9 6 5 87.9 0.352 0 4 0 
213.73 88.4 40.556683 -3.507572 701.9 6 5 88.2 0.352 0 4 0 
214.75 89.6 40.556686 -3.507273 703.3 6 5 90.0 2.109 0 4 0 
215.73 90.3 40.556683 -3.506971 704.4 6 5 91.8 3.516 1 4 0 
216.73 91.2 40.556664 -3.506678 705.9 6 5 93.5 3.516 2 4 0 
217.73 91.2 40.556637 -3.506385 707.1 6 5 95.3 3.516 2 4 0 
218.72 91.8 40.556614 -3.506088 708.1 6 5 96.7 3.164 1 4 0 
219.78 92.8 40.556583 -3.505779 709.2 4 5 98.8 3.516 1 4 0 
220.77 92.0 40.556545 -3.505484 710.7 6 5 98.4 1.758 1 4 0 
221.74 95.5 40.556488 -3.505190 712.2 6 5 104.1 5.625 1 4 0 
222.72 95.5 40.556488 -3.505190 712.2 6 5 104.1 5.625 1 4 0 
223.74 93.9 40.556366 -3.504603 715.1 6 5 106.5 7.031 1 4 0 
224.72 93.9 40.556282 -3.504304 715.9 6 5 109.0 3.516 1 4 0 
225.73 94.4 40.556198 -3.504007 717.1 6 5 111.1 4.570 1 4 0 
226.73 94.0 40.556110 -3.503714 718.2 6 5 112.1 3.164 1 4 0 
227.72 93.7 40.556019 -3.503434 719.6 6 5 115.0 3.867 1 4 0 
228.72 92.7 40.555916 -3.503175 720.5 6 5 117.4 5.273 0 4 0 
229.73 94.4 40.555801 -3.502920 721.8 6 5 119.2 4.219 1 4 0 
230.73 94.2 40.555679 -3.502650 722.6 6 5 121.6 4.219 2 4 0 
231.75 93.6 40.555557 -3.502414 724.3 6 5 123.8 4.570 1 4 0 
232.76 93.3 40.555428 -3.502160 726.0 6 5 124.5 2.812 1 4 0 
233.72 93.3 40.555298 -3.501916 727.4 6 5 125.2 2.812 1 4 0 
234.74 93.2 40.555168 -3.501661 728.8 6 5 125.5 1.055 0 4 0 
235.74 92.2 40.555042 -3.501420 730.2 6 5 123.8 1.758 0 4 0 
236.77 92.3 40.554920 -3.501158 731.5 6 5 122.0 1.758 0 3 0 
237.78 92.3 40.554806 -3.500886 732.7 6 5 118.1 5.625 2 3 0 
238.76 92.6 40.554710 -3.500610 733.4 4 5 113.6 5.625 0 4 0 
239.74 92.6 40.554630 -3.500322 733.9 6 5 108.6 9.492 0 4 0 
240.75 93.4 40.554565 -3.500028 734.6 6 5 105.5 9.492 0 4 0 
241.79 93.3 40.554508 -3.499742 735.4 4 5 104.8 3.867 0 4 0 
242.75 94.5 40.554447 -3.499439 736.2 6 5 105.1 0.352 0 3 0 
243.74 94.4 40.554386 -3.499132 736.8 6 5 105.5 0.703 0 3 0 
244.71 94.4 40.554329 -3.498839 736.6 6 5 104.1 1.406 0 3 0 
245.79 95.4 40.554283 -3.498531 736.8 6 5 101.6 3.867 0 3 0 
246.74 95.9 40.554237 -3.498221 736.5 6 5 99.5 4.570 0 3 0 
247.76 96.4 40.554203 -3.497923 736.4 6 5 96.3 5.273 0 3 0 
248.71 99.3 40.554176 -3.497616 737.0 6 5 94.6 4.922 0 3 0 
249.72 100.3 40.554161 -3.497307 736.9 6 5 91.8 4.570 2 3 0 
250.75 101.8 40.554157 -3.496967 737.2 6 5 87.5 7.031 2 3 0 
251.72 104.1 40.554180 -3.496633 736.8 6 5 85.1 6.680 1 3 0 
252.73 105.3 40.554207 -3.496287 736.9 6 5 81.6 5.977 0 3 0 
253.73 105.3 40.554245 -3.495940 736.9 4 5 79.5 5.625 0 3 0 
254.72 104.7 40.554295 -3.495606 736.1 4 5 77.7 3.867 0 3 0 
255.72 104.7 40.554295 -3.495606 736.1 4 5 77.7 3.867 0 3 0 
256.72 105.5 40.554447 -3.494933 735.6 4 5 71.4 6.328 0 3 0 
257.75 105.5 40.554447 -3.494933 735.6 4 5 71.4 6.328 0 3 0 
258.75 105.7 40.554646 -3.494288 735.0 4 5 65.7 5.625 0 3 0 
259.73 106.2 40.554771 -3.493969 734.6 4 5 64.0 4.219 0 3 0 
260.84 105.3 40.554901 -3.493648 734.5 4 5 63.6 4.219 0 3 0 
261.72 105.0 40.555019 -3.493340 733.9 4 5 63.3 0.703 1 3 0 
262.73 105.0 40.555019 -3.493340 733.9 4 5 63.3 0.703 2 3 0 
263.76 104.3 40.555244 -3.492743 733.0 4 5 64.7 1.406 2 3 0 
264.76 103.3 40.555347 -3.492440 732.4 4 5 66.4 2.812 2 4 0 
265.72 101.7 40.555447 -3.492128 731.8 4 5 68.9 4.219 2 4 0 
266.72 101.3 40.555542 -3.491802 731.3 4 5 71.0 4.219 2 4 0 
267.73 95.5 40.555622 -3.491498 730.1 4 5 73.5 4.570 2 4 0 
268.72 95.4 40.555687 -3.491201 729.5 4 5 74.5 3.516 2 4 0 
269.73 95.5 40.555748 -3.490902 729.1 4 5 76.6 3.516 1 4 0 
270.73 96.8 40.555798 -3.490595 728.9 4 5 79.8 3.164 1 5 1 
271.72 98.0 40.555832 -3.490274 729.0 4 5 82.6 5.977 2 5 1 
272.80 103.9 40.555859 -3.489939 728.8 6 5 84.0 4.219 2 5 1 
273.72 100.9 40.555870 -3.489604 729.3 6 5 87.2 4.219 0 5 1 
274.72 102.7 40.555870 -3.489273 729.3 6 5 88.6 4.570 2 5 1 
275.72 103.9 40.555870 -3.488937 729.1 6 5 90.4 3.164 2 5 1 
276.71 104.9 40.555866 -3.488593 728.9 6 5 91.4 2.812 2 5 1 
277.72 106.5 40.555843 -3.488241 729.4 6 5 94.2 3.867 2 5 1 
278.73 105.0 40.555824 -3.487886 728.6 4 5 96.7 5.273 1 5 1 
279.72 104.0 40.555790 -3.487543 727.8 4 5 98.1 3.867 2 5 1 
280.73 102.9 40.555752 -3.487206 726.9 6 5 99.1 2.461 2 5 1 
281.71 103.0 40.555710 -3.486870 726.7 6 5 100.2 2.109 2 5 1 
282.80 103.3 40.555660 -3.486537 726.7 6 5 100.9 1.758 1 5 1 
283.78 102.2 40.555607 -3.486197 726.5 6 5 102.0 1.758 0 5 1 
284.72 102.3 40.555553 -3.485874 726.0 6 5 103.7 1.758 1 5 1 
285.73 97.2 40.555489 -3.485565 725.0 6 5 105.1 3.164 2 5 1 
286.72 87.9 40.555428 -3.485281 723.2 6 5 106.5 2.812 2 5 1 
287.84 88.3 40.555363 -3.485010 723.3 6 5 106.5 2.812 2 5 1 
288.71 88.3 40.555363 -3.485010 723.3 6 5 106.5 1.406 1 5 1 
289.72 90.1 40.555241 -3.484462 723.2 6 5 108.6 0.352 1 5 1 
290.81 89.9 40.555164 -3.484195 722.8 6 5 109.3 2.461 1 5 1 
291.73 90.1 40.555092 -3.483918 722.7 6 5 110.7 2.109 0 5 1 
292.74 90.1 40.555004 -3.483655 722.6 6 5 112.1 2.812 0 5 1 
293.73 90.6 40.554909 -3.483383 722.3 6 5 113.2 2.461 0 5 1 
294.73 89.8 40.554802 -3.483122 722.0 6 5 114.3 2.461 1 5 1 
295.79 89.1 40.554707 -3.482858 722.0 6 5 115.3 2.109 1 5 1 
296.72 90.6 40.554607 -3.482583 721.7 6 5 116.0 1.758 1 5 1 
297.72 90.9 40.554497 -3.482311 721.9 6 5 117.4 2.109 1 5 1 
298.72 92.2 40.554390 -3.482042 721.4 6 5 118.1 2.109 2 5 1 
299.72 93.3 40.554276 -3.481770 720.9 6 5 118.5 1.055 2 6 1 
300.72 95.3 40.554165 -3.481495 721.2 6 5 119.2 1.055 2 6 1 
301.75 94.0 40.554039 -3.481237 720.6 6 5 121.6 3.164 1 6 1 
302.80 93.7 40.553909 -3.480994 719.9 6 5 122.7 3.516 1 6 1 
303.76 93.5 40.553780 -3.480735 719.0 6 5 123.4 1.758 2 6 1 
304.71 92.6 40.553650 -3.480478 718.0 6 5 124.5 1.758 2 6 1 
305.71 93.6 40.553509 -3.480249 717.7 6 5 125.9 1.758 2 6 1 
306.72 93.1 40.553368 -3.479999 717.5 6 5 126.6 2.109 2 7 1 
307.75 93.5 40.553219 -3.479769 717.1 6 5 127.6 1.758 2 7 1 
308.71 93.8 40.553070 -3.479547 716.5 6 5 129.0 1.758 2 7 1 
309.71 93.9 40.552917 -3.479305 715.7 6 5 129.4 1.758 2 7 1 
310.71 88.5 40.552757 -3.479082 714.8 6 5 130.4 1.406 2 7 1 
311.71 86.7 40.552620 -3.478856 712.9 6 5 131.5 2.109 1 7 1 
312.72 86.7 40.552620 -3.478856 712.9 6 5 131.5 2.109 2 7 1 
313.72 87.1 40.552464 -3.478633 712.2 6 5 133.2 2.812 2 7 1 
314.72 88.1 40.552170 -3.478206 711.1 6 5 133.9 0.703 1 8 1 
315.78 88.8 40.552010 -3.477996 710.5 6 5 135.4 1.406 0 8 1 
316.71 88.8 40.552010 -3.477996 710.5 6 5 135.4 1.406 0 8 1 
317.74 91.0 40.551685 -3.477589 708.8 6 5 138.5 3.164 0 8 1 
318.72 91.9 40.551506 -3.477398 708.1 6 5 138.9 3.164 0 8 1 
319.74 92.3 40.551327 -3.477215 707.3 6 5 139.6 1.055 1 8 1 
320.71 93.3 40.551147 -3.477020 706.7 6 5 140.3 1.406 0 8 1 
321.78 93.1 40.550964 -3.476825 705.5 6 5 140.6 1.055 0 8 1 
322.72 93.0 40.550785 -3.476619 705.2 6 5 142.4 2.109 0 8 1 
323.83 93.3 40.550602 -3.476424 704.8 6 5 143.4 2.812 1 8 1 
324.81 93.5 40.550415 -3.476243 703.8 6 5 144.8 2.461 2 8 1 
325.78 94.1 40.550228 -3.476070 702.9 4 5 146.6 3.164 2 8 1 
326.73 95.3 40.550034 -3.475883 701.9 4 5 147.3 3.164 2 8 1 
327.72 95.5 40.549831 -3.475725 701.1 4 5 148.4 1.758 2 8 1 
328.73 95.5 40.549831 -3.475725 701.1 4 5 148.4 1.758 1 8 1 
329.75 98.7 40.549423 -3.475401 699.7 4 5 150.8 2.461 0 7 1 
330.71 97.6 40.549202 -3.475250 698.6 4 5 152.9 2.461 0 7 1 
331.71 98.4 40.548985 -3.475118 697.9 4 5 153.3 2.461 1 7 1 
332.73 98.1 40.548767 -3.474975 697.2 4 5 153.6 2.461 1 7 1 
333.72 97.7 40.548538 -3.474841 695.8 4 5 154.7 0.703 1 7 1 
334.72 97.3 40.548325 -3.474707 694.9 4 5 156.1 1.406 1 7 1 
335.73 97.3 40.548325 -3.474707 694.9 4 5 156.1 2.461 1 7 1 
336.73 96.6 40.548107 -3.474571 693.7 4 5 157.5 2.812 1 7 1 
337.72 96.2 40.547672 -3.474321 692.4 4 5 159.3 1.758 1 7 1 
338.75 96.2 40.547447 -3.474213 690.9 4 5 160.7 2.461 1 7 1 
339.76 95.3 40.547215 -3.474119 690.0 4 5 161.7 2.461 1 7 1 
340.73 95.6 40.546986 -3.474026 689.0 4 5 162.8 2.109 2 7 1 
341.81 94.7 40.546749 -3.473933 688.3 4 5 163.5 1.758 2 7 1 
342.71 95.9 40.546513 -3.473846 687.4 4 5 164.2 1.406 2 7 1 
343.71 95.5 40.546272 -3.473770 686.3 4 5 164.5 1.055 2 7 1 
344.72 96.0 40.546040 -3.473695 685.8 4 5 164.9 0.703 2 7 1 
345.75 95.9 40.545807 -3.473610 684.9 4 5 165.2 0.703 1 7 1 
346.73 95.8 40.545570 -3.473548 684.3 4 5 165.6 0.703 1 7 1 
347.76 95.2 40.545345 -3.473469 683.2 4 5 165.9 0.703 2 7 1 
348.71 95.2 40.545345 -3.473469 683.2 4 5 165.9 0.703 2 7 1 
349.73 95.1 40.544888 -3.473315 681.2 4 5 165.6 0.352 2 7 1 
350.73 95.3 40.544651 -3.473244 681.1 4 5 165.6 0.352 1 7 1 
351.73 94.9 40.544418 -3.473158 680.1 4 5 165.6 0 1 8 1 
352.71 94.5 40.544193 -3.473083 679.2 4 5 165.6 0 0 8 1 
353.73 94.1 40.543964 -3.473021 677.9 4 5 165.6 0 0 8 1 
354.77 93.1 40.543732 -3.472952 677.2 4 5 165.9 0.352 0 8 1 
355.72 91.9 40.543510 -3.472890 676.2 4 5 165.9 0.352 0 7 1 
356.74 91.8 40.543285 -3.472819 675.7 4 5 166.3 0.352 1 7 1 
357.72 92.2 40.543064 -3.472754 674.8 4 5 166.3 0.352 2 7 1 
358.74 92.6 40.542839 -3.472687 674.1 4 5 165.9 0.352 2 7 1 
359.71 92.9 40.542606 -3.472609 673.6 4 5 165.2 1.055 2 7 1 
360.72 93.0 40.542381 -3.472528 673.3 4 5 165.6 0.352 1 7 1 
361.73 93.6 40.542152 -3.472449 672.3 4 5 165.9 0.703 0 7 1 
362.73 93.2 40.541924 -3.472370 671.8 4 5 165.6 0.352 0 7 1 
363.71 93.2 40.541695 -3.472292 671.7 4 5 165.9 0.352 0 7 1 
364.80 92.6 40.541473 -3.472212 670.9 4 5 166.3 0.352 1 7 1 
365.71 92.6 40.541248 -3.472146 670.1 4 5 166.6 0.703 2 7 1 
366.71 92.7 40.541016 -3.472076 669.6 4 5 166.3 0.352 2 7 1 
367.77 92.7 40.540791 -3.472015 669.0 6 5 165.6 1.055 2 7 1 
368.73 93.4 40.540562 -3.471934 668.7 4 5 165.6 1.055 1 7 1 
369.71 92.6 40.540337 -3.471855 668.6 4 5 165.9 0.352 1 7 1 
370.74 95.1 40.540108 -3.471784 668.1 4 5 165.9 0.352 2 7 1 
371.73 92.8 40.539883 -3.471709 668.0 6 5 165.2 0.352 1 7 1 
372.71 92.9 40.539658 -3.471627 667.3 4 5 165.6 0.352 1 7 1 
373.72 92.4 40.539425 -3.471553 667.1 4 5 165.9 0.703 1 7 1 
374.89 92.4 40.539204 -3.471478 666.8 6 5 165.9 0.352 1 7 1 
375.73 92.4 40.539204 -3.471478 666.8 6 5 165.9 0.352 1 7 1 
376.75 93.2 40.538754 -3.471329 665.9 4 5 165.9 0.352 2 7 1 
377.78 92.2 40.538540 -3.471265 665.6 4 5 165.9 0.352 1 7 1 
378.73 93.8 40.538315 -3.471196 665.1 4 5 166.3 0.352 1 7 1 
379.71 93.4 40.538090 -3.471119 664.9 4 5 165.9 0.352 1 7 1 
380.71 93.1 40.537865 -3.471038 664.4 4 5 165.6 0.703 1 7 1 
381.74 93.1 40.537647 -3.470969 664.1 4 5 165.6 0.352 1 8 1 
382.75 93.2 40.537411 -3.470906 663.6 4 5 165.6 0 1 8 1 
383.77 92.9 40.537182 -3.470818 663.3 6 5 164.9 0.703 1 8 1 
384.74 93.3 40.536957 -3.470725 662.8 6 5 164.2 1.406 1 8 1 
385.71 93.9 40.536736 -3.470639 662.4 6 5 162.4 2.461 1 8 1 
386.72 94.8 40.536514 -3.470546 662.2 4 5 160.3 3.867 2 8 1 
387.72 94.1 40.536297 -3.470441 662.2 4 5 156.8 5.625 2 8 1 
388.72 94.5 40.536083 -3.470299 661.8 4 5 154.7 5.625 1 8 1 
389.72 94.4 40.535892 -3.470128 661.8 4 5 149.4 7.383 0 8 1 
390.72 93.4 40.535702 -3.469965 661.3 4 5 147.7 7.031 0 8 1 
391.71 91.4 40.535522 -3.469780 660.5 4 5 144.5 4.922 0 8 1 
392.74 82.9 40.535351 -3.469602 659.2 4 5 142.4 5.273 0 8 1 
393.71 81.5 40.535194 -3.469423 658.3 4 5 140.3 5.273 0 7 1 
394.72 82.9 40.535053 -3.469234 658.5 4 5 136.8 5.625 0 7 1 
395.72 84.3 40.534897 -3.469043 658.5 4 5 134.3 5.977 0 7 1 
396.78 85.4 40.534748 -3.468828 658.2 4 5 131.8 5.977 1 7 1 
397.80 87.3 40.534611 -3.468602 657.8 4 5 128.3 4.922 1 7 1 
398.72 88.6 40.534489 -3.468367 657.5 4 5 125.2 5.977 1 7 1 
399.72 90.8 40.534363 -3.468116 657.2 4 5 122.7 5.625 0 7 1 
400.82 92.6 40.534245 -3.467857 657.5 4 5 119.9 5.625 0 7 1 
401.72 92.4 40.534138 -3.467582 657.2 4 5 116.7 5.977 0 7 1 
402.72 92.8 40.534035 -3.467309 656.5 4 5 113.9 5.977 0 7 1 
403.72 95.0 40.533943 -3.467027 656.6 4 5 111.1 5.625 0 6 1 
404.72 95.3 40.533871 -3.466745 656.4 4 5 108.3 5.625 1 6 1 
405.72 95.3 40.533802 -3.466442 655.6 4 5 104.8 6.328 1 6 1 
406.73 94.7 40.533752 -3.466132 655.0 4 5 101.2 7.031 0 6 1 
407.72 94.5 40.533714 -3.465841 653.9 4 5 98.4 6.328 0 6 1 
408.77 93.2 40.533691 -3.465537 653.9 4 5 95.6 5.625 0 6 1 
409.72 92.8 40.533665 -3.465235 653.4 4 5 93.9 4.570 0 6 1 
410.72 92.7 40.533657 -3.464938 653.2 4 5 91.8 3.867 0 5 1 
411.73 92.7 40.533653 -3.464631 652.7 4 5 90.4 3.516 0 5 1 
412.73 92.7 40.533653 -3.464631 652.7 4 5 90.4 3.516 1 5 1 
413.89 95.3 40.533634 -3.464003 651.7 4 5 90.0 0.352 1 5 1 
414.74 96.5 40.533646 -3.463674 651.4 4 5 89.3 0.352 0 6 1 
415.73 96.9 40.533649 -3.463358 650.9 4 5 89.3 0.703 0 6 1 
416.76 98.0 40.533649 -3.463032 650.7 4 5 90.0 0.703 0 6 1 
418.00 100.0 40.533649 -3.462707 650.4 4 5 90.0 0.703 1 6 1 
418.73 101.7 40.533646 -3.462400 649.9 4 5 89.3 0.703 1 6 1 
419.92 101.6 40.533649 -3.462066 649.5 4 5 89.3 0.703 0 6 1 
420.71 102.9 40.533649 -3.461735 649.2 4 5 89.3 0 0 5 1 
421.73 103.0 40.533646 -3.461380 648.5 4 5 89.3 0 0 5 1 
422.71 103.1 40.533649 -3.461050 647.9 4 5 89.6 0.352 0 5 1 
423.75 102.2 40.533646 -3.460708 647.4 4 5 90.4 1.055 0 5 1 
424.71 102.2 40.533646 -3.460708 647.4 4 5 90.4 1.055 2 5 1 
425.81 103.2 40.533649 -3.460039 642.2 4 5 89.3 0.703 2 5 1 
426.73 103.0 40.533653 -3.459701 642.1 4 5 89.3 1.055 1 5 1 
427.73 103.4 40.533657 -3.459366 641.9 4 5 89.3 1.055 0 5 1 
428.72 103.6 40.533665 -3.459033 641.6 4 5 89.6 0 0 5 1 
429.72 103.4 40.533676 -3.458688 640.9 4 5 90.0 0.703 0 5 1 
430.74 103.4 40.533676 -3.458688 640.9 4 5 90.0 0.703 0 5 1 
431.73 102.7 40.533680 -3.458026 645.3 4 5 90.4 0.352 1 5 1 
432.75 102.5 40.533680 -3.457692 645.6 4 5 90.0 0.352 1 5 1 
433.73 102.9 40.533669 -3.457355 645.4 4 5 89.6 0.352 1 5 1 
434.71 102.9 40.533669 -3.457355 645.4 4 5 89.6 0.703 1 5 1 
435.72 102.9 40.533684 -3.457029 645.5 4 5 89.3 0.703 0 5 1 
436.74 102.5 40.533684 -3.456351 645.7 4 5 89.6 0.352 0 4 0 
437.74 102.4 40.533684 -3.456011 645.7 4 5 89.6 0.352 0 4 0 
438.71 101.4 40.533684 -3.455678 645.8 4 5 89.6 0 0 4 0 
439.71 101.4 40.533684 -3.455678 645.8 4 5 89.6 0 0 4 0 
440.71 100.5 40.533695 -3.455026 646.3 6 5 89.6 0.352 0 4 0 
441.70 100.5 40.533695 -3.455026 646.3 6 5 89.6 0.352 0 4 0 
442.72 98.7 40.533699 -3.454365 647.2 4 5 90.0 0.352 0 3 0 
443.71 98.0 40.533707 -3.454044 647.4 4 5 90.0 0 1 3 0 
444.71 97.8 40.533707 -3.453720 647.8 4 5 89.6 0.352 1 3 0 
445.71 97.7 40.533718 -3.453402 648.3 4 5 89.3 0.352 0 3 0 
446.71 97.8 40.533718 -3.453078 648.9 6 5 89.6 0.352 0 3 0 
447.78 98.2 40.533718 -3.452751 649.5 6 5 90.0 0.703 0 3 0 
448.71 98.2 40.533718 -3.452425 649.6 6 5 90.0 0.703 1 3 0 
449.71 98.3 40.533722 -3.452100 650.1 6 5 89.6 0.352 1 3 0 
450.84 98.0 40.533722 -3.451775 650.8 6 5 90.0 0.352 1 3 0 
451.75 98.0 40.533718 -3.451450 651.1 6 5 90.0 0.352 2 3 0 
452.72 97.7 40.533718 -3.451141 651.3 6 5 89.6 0.352 1 3 0 
453.72 98.0 40.533718 -3.450823 651.9 6 5 89.6 0.352 1 3 0 
454.72 98.0 40.533718 -3.450504 652.3 6 5 89.6 0 1 4 0 
455.78 98.2 40.533718 -3.450182 652.6 4 5 89.6 0 0 4 0 
456.74 98.1 40.533718 -3.449861 653.2 4 5 89.6 0 1 4 0 
457.73 98.5 40.533722 -3.449536 653.4 6 5 89.6 0 0 4 0 
458.80 98.4 40.533730 -3.449206 654.0 6 5 89.6 0 0 3 0 
459.71 98.6 40.533737 -3.448894 654.7 6 5 89.3 0 0 3 0 
460.73 97.9 40.533733 -3.448572 654.8 4 5 89.6 0.352 0 3 0 
461.71 98.5 40.533733 -3.448246 655.0 6 5 89.6 0.352 0 3 0 
462.70 98.7 40.533726 -3.447925 655.7 4 5 89.6 0 0 3 0 
463.71 98.7 40.533726 -3.447925 655.7 4 5 89.6 0 0 3 0 
464.73 98.3 40.533722 -3.447281 656.3 4 5 89.6 0.352 0 3 0 
465.76 98.9 40.533730 -3.446965 656.7 4 5 89.6 0.352 0 3 0 
466.74 99.3 40.533730 -3.446640 657.1 4 5 89.6 0 0 3 0 
467.76 99.4 40.533733 -3.446313 657.4 4 5 90.0 0 1 3 0 
468.71 100.0 40.533733 -3.445982 657.8 4 5 89.6 0.352 1 3 0 
469.72 99.5 40.533730 -3.445657 658.1 4 5 89.6 0.352 0 3 0 
470.72 99.0 40.533730 -3.445326 658.4 4 5 89.6 0 0 3 0 
471.74 99.9 40.533722 -3.445010 658.6 4 5 89.6 0 0 3 0 
472.71 99.8 40.533718 -3.444679 658.8 4 5 90.4 0.703 0 3 0 
473.73 99.6 40.533714 -3.444350 659.4 4 5 90.4 0.703 1 3 0 
474.72 99.7 40.533710 -3.444029 659.9 4 5 90.0 0.703 2 3 0 
475.80 99.7 40.533710 -3.443704 660.6 4 5 90.4 0.352 2 3 0 
476.95 99.6 40.533699 -3.443375 660.8 6 5 89.6 0.352 2 3 0 
477.86 99.6 40.533699 -3.443375 660.8 6 5 89.6 0.703 1 3 0 
478.94 100.0 40.533718 -3.442725 661.5 4 5 89.3 1.758 1 3 0 
479.76 99.9 40.533722 -3.442411 662.0 4 5 89.6 0.703 0 3 0 
480.84 100.6 40.533722 -3.442086 661.9 4 5 90.0 1.055 0 3 0 
481.80 100.6 40.533722 -3.442086 661.9 4 5 90.0 0.703 0 3 0 
483.07 101.4 40.533726 -3.441751 662.3 4 5 89.6 0.352 0 3 0 
483.92 102.8 40.533733 -3.441083 662.9 4 5 88.6 1.055 0 3 0 
485.01 103.7 40.533741 -3.440746 662.9 4 5 89.3 1.055 1 3 0 
485.86 104.1 40.533745 -3.440402 662.3 4 5 89.6 0.703 1 3 0 
486.74 104.1 40.533745 -3.440402 662.3 4 5 89.6 1.055 2 3 0 
487.77 104.7 40.533752 -3.439701 661.1 4 5 90.0 0.703 2 3 0 
488.70 104.7 40.533752 -3.439701 661.1 4 5 90.0 0.703 2 3 0 
489.74 105.4 40.533737 -3.438996 659.7 4 5 90.4 0.703 1 3 0 
490.78 106.1 40.533733 -3.438644 658.3 4 5 90.4 0.352 0 3 0 
491.74 106.3 40.533737 -3.438278 657.0 4 5 90.7 0.352 0 3 0 
492.80 106.3 40.533737 -3.438278 657.0 4 5 90.7 0.352 0 3 0 
493.74 105.8 40.533733 -3.437577 653.7 4 5 90.4 0.352 0 3 0 
494.75 106.3 40.533733 -3.437221 652.6 4 5 90.0 0.352 0 3 0 
495.75 107.0 40.533733 -3.436867 650.5 4 5 90.0 0.352 1 3 0 
496.98 107.2 40.533737 -3.436514 649.2 4 5 89.6 0.352 1 3 0 
497.74 107.2 40.533737 -3.436514 649.2 4 5 89.6 0.352 2 3 0 
498.72 106.7 40.533745 -3.436172 647.5 4 5 88.9 1.055 1 3 0 
499.70 108.6 40.533749 -3.435455 645.3 4 5 89.3 0.352 0 3 0 
500.79 109.0 40.533752 -3.435090 643.8 4 5 90.4 0.352 0 3 0 
501.79 109.1 40.533752 -3.434729 642.2 4 5 90.7 1.055 1 4 0 
502.78 108.5 40.533745 -3.434368 640.0 4 5 90.7 0.352 2 4 0 
503.73 103.5 40.533741 -3.434028 637.5 6 5 92.1 0.352 1 4 0 
504.71 103.5 40.533741 -3.434028 637.5 6 5 92.1 1.406 1 4 0 
505.76 97.7 40.533718 -3.433356 633.8 4 5 94.6 2.461 2 4 0 
506.78 98.0 40.533707 -3.433025 632.3 4 5 96.3 2.461 2 4 0 
