7.7 40.584427 -3.555458 98.6 100.0 100.0 100.0 100.0 100.0 90.0 100.0 0.940 0.000 0.060 0.000 98.6 100.0 100.0 100.0 100.0 100.0 90.0 100.0 0.940 0.000 0.060 0.000 
8.7 40.584427 -3.555458 98.6 100.0 100.0 100.0 100.0 100.0 90.0 100.0 0.940 0.000 0.060 0.000 98.6 100.0 100.0 100.0 100.0 100.0 90.0 100.0 0.940 0.000 0.060 0.000 
9.7 40.584427 -3.555207 84.3 100.0 100.0 0.0 100.0 100.0 90.0 100.0 0.922 0.000 0.078 0.000 84.3 100.0 100.0 0.0 100.0 100.0 90.0 100.0 0.922 0.000 0.078 0.000 
10.7 40.584427 -3.554963 84.3 100.0 100.0 0.0 100.0 100.0 90.0 100.0 0.928 0.000 0.072 0.000 84.3 100.0 100.0 0.0 100.0 100.0 90.0 100.0 0.928 0.000 0.072 0.000 
11.7 40.584415 -3.554468 84.6 100.0 100.0 0.0 100.0 100.0 92.5 100.0 0.948 0.000 0.052 0.000 84.6 100.0 100.0 0.0 100.0 100.0 92.5 100.0 0.948 0.000 0.052 0.000 
12.7 40.584412 -3.554202 84.8 100.0 100.0 0.0 100.0 100.0 93.3 100.0 0.954 0.000 0.046 0.000 84.8 100.0 100.0 0.0 100.0 100.0 93.3 100.0 0.954 0.000 0.046 0.000 
13.7 40.584385 -3.553946 84.9 100.0 100.0 0.0 100.0 100.0 94.0 100.0 0.959 0.000 0.041 0.000 84.9 100.0 100.0 0.0 100.0 100.0 94.0 100.0 0.959 0.000 0.041 0.000 
14.7 40.584366 -3.553706 84.9 100.0 100.0 0.0 100.0 100.0 94.5 100.0 0.963 0.000 0.037 0.000 84.9 100.0 100.0 0.0 100.0 99.9 94.5 100.0 0.963 0.000 0.037 0.000 
15.7 40.584366 -3.553706 84.9 100.0 100.0 0.0 100.0 99.8 94.5 100.0 0.962 0.001 0.037 0.000 84.8 100.0 100.0 0.0 100.0 99.4 94.5 100.0 0.959 0.004 0.037 0.000 
16.7 40.584316 -3.553197 85.0 100.0 100.0 0.0 100.0 99.7 95.4 100.0 0.967 0.002 0.031 0.000 85.0 100.0 100.0 0.0 100.0 99.3 95.4 100.0 0.964 0.004 0.031 0.000 
17.7 40.584286 -3.552928 85.0 100.0 100.0 0.0 100.0 99.5 95.7 100.0 0.968 0.003 0.029 0.000 85.0 100.0 100.0 0.0 100.0 99.0 95.7 100.0 0.965 0.006 0.029 0.000 
18.7 40.584286 -3.552928 85.0 100.0 100.0 0.0 100.0 99.4 95.7 100.0 0.968 0.004 0.029 0.000 85.0 100.0 100.0 0.0 100.0 99.3 95.7 100.0 0.967 0.004 0.029 0.000 
19.7 40.584217 -3.552416 84.9 100.0 100.0 0.0 100.0 98.3 96.2 100.0 0.965 0.010 0.025 0.000 84.5 100.0 100.0 0.0 100.0 95.4 96.2 100.0 0.947 0.028 0.025 0.000 
20.7 40.584167 -3.552156 85.0 100.0 100.0 0.0 100.0 98.3 96.5 100.0 0.966 0.010 0.024 0.000 85.1 100.0 100.0 0.0 100.0 99.3 96.5 100.0 0.972 0.004 0.024 0.000 
21.7 40.584106 -3.551908 85.0 100.0 100.0 0.0 100.0 98.3 96.7 100.0 0.968 0.010 0.022 0.000 85.1 100.0 100.0 0.0 100.0 99.3 96.7 100.0 0.973 0.004 0.022 0.000 
22.7 40.584053 -3.551652 85.0 100.0 100.0 0.0 100.0 98.0 96.8 100.0 0.967 0.012 0.021 0.000 84.8 100.0 100.0 0.0 100.0 96.4 96.8 100.0 0.957 0.022 0.021 0.000 
23.7 40.584053 -3.551652 84.9 100.0 100.0 0.0 100.0 97.7 96.8 100.0 0.965 0.014 0.021 0.000 84.8 100.0 100.0 0.0 100.0 96.6 96.8 100.0 0.959 0.020 0.021 0.000 
24.7 40.583931 -3.551151 85.0 100.0 100.0 0.0 100.0 97.5 97.1 100.0 0.966 0.015 0.019 0.000 84.9 100.0 100.0 0.0 100.0 96.8 97.1 100.0 0.962 0.019 0.019 0.000 
25.7 40.583931 -3.551151 84.9 100.0 100.0 0.0 100.0 97.4 97.1 100.0 0.966 0.015 0.019 0.000 84.9 100.0 100.0 0.0 100.0 97.0 97.1 100.0 0.963 0.018 0.019 0.000 
26.7 40.583847 -3.550904 84.9 100.0 100.0 0.0 100.0 97.4 97.3 100.0 0.966 0.016 0.018 0.000 84.9 100.0 100.0 0.0 100.0 97.2 97.3 100.0 0.965 0.017 0.018 0.000 
27.7 40.583694 -3.550398 85.0 100.0 100.0 0.0 100.0 97.3 97.5 100.0 0.967 0.016 0.017 0.000 85.0 100.0 100.0 0.0 100.0 97.3 97.5 100.0 0.967 0.016 0.017 0.000 
28.7 40.583694 -3.550398 85.0 100.0 100.0 0.0 100.0 97.3 97.5 100.0 0.967 0.016 0.017 0.000 85.0 100.0 100.0 0.0 100.0 97.5 97.5 100.0 0.968 0.015 0.017 0.000 
29.7 40.583611 -3.550151 85.0 100.0 100.0 0.0 100.0 97.2 97.6 100.0 0.967 0.017 0.016 0.000 85.0 100.0 100.0 0.0 100.0 97.6 97.6 100.0 0.970 0.014 0.016 0.000 
30.7 40.583405 -3.549633 85.0 100.0 100.0 0.0 100.0 97.2 97.8 100.0 0.968 0.017 0.015 0.000 85.1 100.0 100.0 0.0 100.0 97.7 97.8 100.0 0.972 0.014 0.015 0.000 
31.7 40.583405 -3.549633 85.0 100.0 100.0 0.0 100.0 97.2 97.8 100.0 0.968 0.017 0.015 0.000 85.1 100.0 100.0 0.0 100.0 97.8 97.8 100.0 0.972 0.013 0.015 0.000 
32.7 40.583183 -3.549146 85.0 100.0 100.0 0.0 100.0 97.2 97.9 100.0 0.969 0.017 0.014 0.000 85.1 100.0 100.0 0.0 100.0 97.9 97.9 100.0 0.974 0.013 0.014 0.000 
33.7 40.583183 -3.549146 85.0 100.0 100.0 0.0 100.0 97.2 97.9 100.0 0.969 0.017 0.014 0.000 85.1 100.0 100.0 0.0 100.0 97.9 97.9 100.0 0.974 0.012 0.014 0.000 
34.7 40.582951 -3.548687 85.0 100.0 100.0 0.0 100.0 97.2 98.1 100.0 0.970 0.017 0.013 0.000 85.2 100.0 100.0 0.0 100.0 98.0 98.1 100.0 0.975 0.012 0.013 0.000 
35.7 40.582825 -3.548461 85.0 100.0 100.0 0.0 100.0 97.2 98.1 100.0 0.971 0.017 0.012 0.000 85.2 100.0 100.0 0.0 100.0 98.1 98.1 100.0 0.976 0.011 0.012 0.000 
36.7 40.582687 -3.548229 85.1 100.0 100.0 0.0 100.0 97.2 98.2 100.0 0.971 0.017 0.012 0.000 85.2 100.0 100.0 0.0 100.0 98.2 98.2 100.0 0.977 0.011 0.012 0.000 
37.7 40.582565 -3.548009 85.1 100.0 100.0 0.0 100.0 97.2 98.2 100.0 0.971 0.017 0.012 0.000 85.2 100.0 100.0 0.0 100.0 98.2 98.2 100.0 0.978 0.011 0.012 0.000 
38.7 40.582424 -3.547777 85.1 100.0 100.0 0.0 100.0 97.2 98.3 100.0 0.972 0.017 0.011 0.000 85.2 100.0 100.0 0.0 100.0 98.3 98.3 100.0 0.978 0.010 0.011 0.000 
39.7 40.582275 -3.547551 85.3 100.0 100.0 1.9 100.0 97.2 98.3 100.0 0.972 0.017 0.011 0.000 85.5 100.0 100.0 1.9 100.0 98.2 98.3 100.0 0.978 0.011 0.011 0.000 
40.7 40.582123 -3.547332 85.8 100.0 100.0 5.1 100.0 97.2 98.1 100.0 0.971 0.017 0.012 0.000 85.8 100.0 100.0 5.1 100.0 97.6 98.1 100.0 0.974 0.014 0.012 0.000 
41.7 40.581966 -3.547111 86.1 100.0 100.0 8.1 100.0 97.0 97.9 100.0 0.969 0.018 0.014 0.000 86.0 100.0 100.0 8.1 100.0 95.9 97.9 100.0 0.962 0.024 0.014 0.000 
42.7 40.581806 -3.546892 86.5 100.0 100.0 11.0 100.0 96.9 97.7 100.0 0.967 0.019 0.015 0.000 86.3 100.0 100.0 11.0 100.0 95.1 97.7 100.0 0.956 0.029 0.015 0.000 
43.7 40.581646 -3.546671 86.8 100.0 100.0 13.7 100.0 96.6 97.5 100.0 0.964 0.021 0.016 0.000 86.4 100.0 100.0 13.7 100.0 93.3 97.5 100.0 0.944 0.040 0.016 0.000 
44.7 40.581486 -3.546458 87.1 100.0 100.0 16.1 100.0 96.0 97.3 100.0 0.959 0.024 0.017 0.000 86.3 100.0 100.0 16.1 100.0 90.9 97.3 100.0 0.929 0.055 0.017 0.000 
45.7 40.581486 -3.546458 87.0 100.0 100.0 16.1 100.0 95.4 97.3 100.0 0.890 0.028 0.083 0.000 86.2 100.0 100.0 16.1 100.0 89.7 97.3 100.0 0.836 0.062 0.102 0.000 
46.7 40.581150 -3.546010 87.5 100.0 100.0 20.9 100.0 94.6 97.0 100.0 0.879 0.033 0.089 0.000 86.4 100.0 100.0 20.9 100.0 87.0 97.0 100.0 0.822 0.078 0.100 0.000 
47.8 40.581150 -3.546010 87.4 100.0 100.0 20.9 100.0 93.7 97.0 100.0 0.873 0.038 0.089 0.000 86.0 100.0 100.0 20.9 100.0 84.4 97.0 100.0 0.807 0.093 0.100 0.000 
48.7 40.580814 -3.545553 87.8 100.0 100.0 25.3 100.0 92.7 96.7 100.0 0.862 0.044 0.095 0.000 86.3 100.0 100.0 25.3 100.0 82.4 96.7 100.0 0.798 0.105 0.097 0.000 
49.7 40.580814 -3.545553 87.7 100.0 100.0 25.3 100.0 91.7 96.7 100.0 0.855 0.050 0.095 0.000 86.0 100.0 100.0 25.3 100.0 80.2 96.7 100.0 0.784 0.119 0.097 0.000 
50.7 40.580475 -3.545080 88.0 100.0 100.0 29.2 100.0 90.6 96.4 100.0 0.843 0.056 0.100 0.000 86.3 100.0 100.0 29.2 100.0 78.4 96.4 100.0 0.776 0.130 0.095 0.000 
51.7 40.580311 -3.544848 88.1 100.0 100.0 31.0 100.0 89.5 96.2 100.0 0.834 0.063 0.103 0.000 86.2 100.0 100.0 31.0 100.0 76.3 96.2 100.0 0.764 0.142 0.094 0.000 
52.7 40.580311 -3.544848 87.9 100.0 100.0 31.0 100.0 88.4 96.2 100.0 0.827 0.070 0.103 0.000 86.0 100.0 100.0 31.0 100.0 74.6 96.2 100.0 0.754 0.152 0.094 0.000 
53.7 40.579979 -3.544388 88.2 100.0 100.0 34.3 100.0 87.2 96.0 100.0 0.815 0.077 0.109 0.000 86.2 100.0 100.0 34.3 100.0 72.8 96.0 100.0 0.745 0.163 0.092 0.000 
54.7 40.579842 -3.544146 88.3 100.0 100.0 35.8 100.0 86.1 95.9 100.0 0.805 0.083 0.111 0.000 86.1 100.0 100.0 35.8 100.0 71.1 95.9 100.0 0.736 0.173 0.091 0.000 
55.7 40.579693 -3.543895 88.3 100.0 100.0 37.2 100.0 85.0 95.8 100.0 0.796 0.090 0.114 0.000 86.1 100.0 100.0 37.2 100.0 69.7 95.8 100.0 0.728 0.182 0.090 0.000 
56.7 40.579536 -3.543637 88.3 100.0 100.0 38.7 100.0 83.8 95.7 100.0 0.786 0.097 0.117 0.000 86.1 100.0 100.0 38.7 100.0 68.1 95.7 100.0 0.719 0.192 0.089 0.000 
57.7 40.579380 -3.543386 88.2 100.0 100.0 40.1 100.0 82.7 94.8 100.0 0.773 0.104 0.124 0.000 86.0 100.0 100.0 40.1 100.0 66.8 94.8 100.0 0.708 0.199 0.093 0.000 
58.7 40.579220 -3.543124 88.1 100.0 100.0 41.4 100.0 81.6 94.0 100.0 0.759 0.110 0.131 0.000 85.8 100.0 100.0 41.4 100.0 65.3 94.0 100.0 0.695 0.208 0.096 0.000 
59.7 40.579075 -3.542881 88.0 100.0 100.0 42.6 100.0 80.5 93.2 100.0 0.745 0.117 0.137 0.000 85.7 100.0 100.0 42.6 100.0 63.9 93.2 100.0 0.684 0.216 0.100 0.000 
60.7 40.578930 -3.542611 88.0 100.0 100.0 43.9 100.0 79.4 92.5 100.0 0.732 0.124 0.144 0.000 85.6 100.0 100.0 43.9 100.0 62.6 92.5 100.0 0.673 0.224 0.103 0.000 
61.7 40.578789 -3.542339 87.9 100.0 100.0 45.0 100.0 78.3 91.7 100.0 0.719 0.130 0.151 0.000 85.5 100.0 100.0 45.0 100.0 61.4 91.7 100.0 0.662 0.232 0.106 0.000 
62.7 40.578640 -3.542061 87.8 100.0 100.0 46.2 100.0 77.2 91.0 100.0 0.706 0.137 0.157 0.000 85.3 100.0 100.0 46.2 100.0 60.1 91.0 100.0 0.651 0.239 0.109 0.000 
63.7 40.578503 -3.541781 87.7 100.0 100.0 47.3 100.0 76.1 90.3 100.0 0.694 0.143 0.163 0.000 85.2 100.0 100.0 47.3 100.0 58.9 90.3 100.0 0.641 0.247 0.112 0.000 
64.7 40.578369 -3.541506 87.6 100.0 100.0 48.3 100.0 75.1 89.7 100.0 0.681 0.149 0.169 0.000 85.2 100.0 100.0 48.3 100.0 58.7 89.7 100.0 0.637 0.248 0.115 0.000 
65.7 40.578236 -3.541227 87.5 100.0 100.0 49.3 100.0 74.2 89.0 100.0 0.670 0.155 0.175 0.000 85.4 100.0 100.0 49.3 100.0 59.4 89.0 100.0 0.639 0.243 0.118 0.000 
66.7 40.578236 -3.541227 87.4 100.0 100.0 49.3 100.0 73.4 89.0 100.0 0.665 0.160 0.175 0.000 85.5 100.0 100.0 49.3 100.0 60.1 89.0 100.0 0.643 0.239 0.118 0.000 
67.7 40.577976 -3.540656 87.4 100.0 100.0 51.2 100.0 72.7 87.8 100.0 0.649 0.164 0.187 0.000 85.5 100.0 100.0 50.5 100.0 60.1 87.7 100.0 0.636 0.239 0.125 0.000 
68.7 40.577847 -3.540368 87.3 100.0 100.0 52.1 100.0 72.0 87.2 100.0 0.640 0.168 0.192 0.000 85.5 100.0 100.0 51.4 100.0 60.3 87.0 100.0 0.634 0.238 0.128 0.000 
69.7 40.577724 -3.540087 87.3 100.0 100.0 52.9 100.0 71.3 86.7 100.0 0.630 0.172 0.198 0.000 92.4 100.0 100.0 100.0 100.0 60.6 86.4 100.0 0.633 0.236 0.131 0.000 
70.7 40.577602 -3.539798 87.2 100.0 100.0 53.8 100.0 70.7 86.1 100.0 0.621 0.176 0.203 0.000 92.4 100.0 100.0 100.0 100.0 61.1 85.7 100.0 0.632 0.233 0.135 0.000 
71.7 40.577484 -3.539516 87.2 100.0 100.0 54.5 100.0 70.1 85.6 100.0 0.613 0.179 0.208 0.000 92.3 100.0 100.0 100.0 100.0 61.2 84.9 100.0 0.628 0.233 0.139 0.000 
72.7 40.577370 -3.539221 87.1 100.0 100.0 55.3 100.0 69.5 85.1 100.0 0.604 0.183 0.213 0.000 92.0 100.0 100.0 100.0 100.0 59.9 83.8 100.0 0.613 0.241 0.146 0.000 
73.7 40.577267 -3.538924 87.1 100.0 100.0 56.0 100.0 68.9 84.6 100.0 0.595 0.186 0.218 0.000 91.7 100.0 100.0 100.0 100.0 58.3 83.3 100.0 0.601 0.250 0.149 0.000 
74.7 40.577171 -3.538624 87.0 100.0 100.0 56.8 100.0 68.3 84.1 100.0 0.586 0.190 0.223 0.000 91.3 100.0 100.0 100.0 100.0 56.7 82.5 100.0 0.587 0.260 0.154 0.000 
75.7 40.577065 -3.538325 87.0 100.0 100.0 57.5 100.0 67.6 83.6 100.0 0.577 0.194 0.228 0.000 91.0 100.0 100.0 100.0 100.0 55.5 81.6 100.0 0.575 0.267 0.158 0.000 
76.7 40.577065 -3.538325 86.9 100.0 100.0 57.5 100.0 66.9 83.6 100.0 0.573 0.199 0.228 0.000 90.9 100.0 100.0 100.0 100.0 54.4 81.6 100.0 0.568 0.274 0.158 0.000 
77.7 40.576954 -3.538019 86.8 100.0 100.0 58.1 100.0 66.2 83.2 100.0 0.564 0.203 0.233 0.000 90.5 100.0 100.0 100.0 100.0 53.0 80.5 100.0 0.553 0.282 0.166 0.000 
78.7 40.576744 -3.537405 86.8 100.0 100.0 59.5 100.0 65.5 82.3 100.0 0.550 0.207 0.243 0.000 90.2 100.0 100.0 100.0 100.0 52.3 79.2 100.0 0.541 0.286 0.172 0.000 
79.7 40.576645 -3.537097 86.7 100.0 100.0 60.1 100.0 64.9 81.8 100.0 0.542 0.211 0.248 0.000 90.1 100.0 100.0 100.0 100.0 52.3 78.4 100.0 0.536 0.286 0.177 0.000 
80.7 40.576542 -3.536789 86.6 100.0 100.0 60.7 100.0 64.2 81.4 100.0 0.533 0.215 0.252 0.000 90.0 100.0 100.0 100.0 100.0 52.3 77.5 100.0 0.532 0.286 0.182 0.000 
81.7 40.576439 -3.536481 86.6 100.0 100.0 61.3 100.0 63.6 81.0 100.0 0.525 0.218 0.257 0.000 89.8 100.0 100.0 100.0 100.0 51.6 76.7 100.0 0.523 0.290 0.187 0.000 
82.7 40.576332 -3.536187 86.5 100.0 100.0 61.8 100.0 62.9 80.6 100.0 0.517 0.222 0.261 0.000 89.3 100.0 100.0 100.0 100.0 49.8 75.5 100.0 0.505 0.301 0.194 0.000 
83.7 40.576218 -3.535878 86.4 100.0 100.0 62.4 100.0 62.3 80.2 100.0 0.508 0.226 0.266 0.000 89.0 100.0 100.0 100.0 100.0 48.2 75.1 100.0 0.493 0.311 0.196 0.000 
84.7 40.576096 -3.535578 86.3 100.0 100.0 62.9 100.0 61.5 79.9 100.0 0.499 0.231 0.270 0.000 88.7 100.0 100.0 100.0 100.0 46.6 74.3 100.0 0.479 0.320 0.201 0.000 
85.7 40.575974 -3.535271 86.3 100.0 100.0 63.5 100.0 60.8 79.5 100.0 0.491 0.235 0.273 0.000 88.3 100.0 100.0 100.0 100.0 45.0 73.4 100.0 0.464 0.330 0.206 0.000 
86.7 40.575851 -3.534968 86.2 100.0 100.0 64.0 100.0 60.0 79.2 100.0 0.485 0.240 0.275 0.000 88.0 100.0 100.0 100.0 100.0 43.3 72.6 100.0 0.450 0.340 0.210 0.000 
87.7 40.575722 -3.534653 86.1 100.0 100.0 64.5 100.0 59.3 78.8 100.0 0.478 0.244 0.278 0.000 87.7 100.0 100.0 100.0 100.0 42.8 71.3 100.0 0.438 0.343 0.219 0.000 
88.7 40.575588 -3.534358 86.0 100.0 100.0 65.0 100.0 58.5 78.5 100.0 0.472 0.249 0.280 0.000 87.6 100.0 100.0 100.0 100.0 42.2 71.0 100.0 0.433 0.347 0.220 0.000 
89.7 40.575451 -3.534056 85.9 100.0 100.0 65.5 100.0 57.8 78.1 100.0 0.465 0.253 0.282 0.000 87.5 100.0 100.0 100.0 100.0 42.0 70.2 100.0 0.428 0.348 0.225 0.000 
90.7 40.575314 -3.533758 85.8 100.0 100.0 66.0 100.0 57.1 77.8 100.0 0.459 0.257 0.283 0.000 87.2 100.0 100.0 100.0 100.0 41.6 68.8 100.0 0.417 0.350 0.233 0.000 
91.7 40.575172 -3.533463 85.8 100.0 100.0 66.4 100.0 56.4 77.5 100.0 0.453 0.261 0.285 0.000 87.0 100.0 100.0 100.0 100.0 40.2 68.5 100.0 0.407 0.359 0.234 0.000 
92.7 40.575035 -3.533165 85.7 100.0 100.0 66.9 100.0 55.7 77.2 100.0 0.447 0.266 0.287 0.000 86.6 100.0 100.0 100.0 100.0 38.5 67.7 100.0 0.392 0.369 0.239 0.000 
93.7 40.574886 -3.532870 85.6 100.0 100.0 67.3 100.0 54.9 76.9 100.0 0.441 0.270 0.289 0.000 86.3 100.0 100.0 100.0 100.0 37.2 66.9 100.0 0.380 0.377 0.244 0.000 
94.7 40.574734 -3.532572 85.5 100.0 100.0 67.8 100.0 54.2 76.6 100.0 0.434 0.275 0.291 0.000 85.9 100.0 100.0 100.0 100.0 35.6 65.5 100.0 0.361 0.387 0.252 0.000 
95.7 40.574581 -3.532274 85.4 100.0 100.0 68.2 100.0 53.4 76.3 100.0 0.428 0.280 0.292 0.000 85.6 100.0 100.0 100.0 100.0 33.9 65.2 100.0 0.350 0.397 0.253 0.000 
96.7 40.574581 -3.532274 85.3 100.0 100.0 68.2 100.0 52.5 76.3 100.0 0.423 0.285 0.292 0.000 85.4 100.0 100.0 100.0 100.0 32.4 65.2 100.0 0.341 0.406 0.253 0.000 
97.7 40.574295 -3.531675 85.2 100.0 100.0 69.0 100.0 51.7 75.7 100.0 0.415 0.290 0.296 0.000 85.1 100.0 100.0 100.0 100.0 31.9 63.6 100.0 0.329 0.409 0.263 0.000 
98.7 40.574158 -3.531370 85.1 100.0 100.0 69.4 100.0 51.0 75.5 100.0 0.408 0.294 0.297 0.000 84.8 100.0 100.0 100.0 100.0 31.8 62.2 100.0 0.319 0.409 0.272 0.000 
99.7 40.574158 -3.531370 85.0 100.0 100.0 69.4 100.0 50.2 75.5 100.0 0.404 0.299 0.297 0.000 84.9 100.0 100.0 100.0 100.0 31.8 62.2 100.0 0.319 0.409 0.272 0.000 
100.7 40.573887 -3.530747 84.9 100.0 100.0 70.1 100.0 49.5 74.9 100.0 0.397 0.303 0.301 0.000 84.8 100.0 100.0 100.0 100.0 32.2 61.1 100.0 0.317 0.407 0.277 0.000 
101.7 40.573887 -3.530747 84.8 100.0 100.0 70.1 100.0 48.8 74.9 100.0 0.392 0.307 0.301 0.000 84.7 100.0 100.0 100.0 100.0 31.9 61.1 100.0 0.314 0.409 0.277 0.000 
102.7 40.573631 -3.530147 84.8 100.0 100.0 70.8 100.0 48.1 74.4 100.0 0.385 0.311 0.304 0.000 84.4 100.0 100.0 100.0 100.0 30.8 59.8 100.0 0.300 0.415 0.285 0.000 
103.7 40.573509 -3.529841 84.7 100.0 100.0 71.2 100.0 47.5 74.2 100.0 0.380 0.315 0.305 0.000 84.1 100.0 100.0 100.0 100.0 30.3 58.7 100.0 0.290 0.418 0.292 0.000 
104.7 40.573399 -3.529541 84.6 100.0 100.0 71.5 100.0 46.8 74.0 100.0 0.374 0.319 0.307 0.000 84.1 100.0 100.0 100.0 100.0 30.4 58.0 100.0 0.286 0.418 0.296 0.000 
105.7 40.573299 -3.529248 84.6 100.0 100.0 71.8 100.0 46.2 74.1 100.0 0.372 0.323 0.306 0.000 84.1 100.0 100.0 100.0 100.0 30.5 58.5 100.0 0.334 0.417 0.249 0.000 
106.7 40.573200 -3.528953 84.6 100.0 100.0 72.1 100.0 45.6 74.3 100.0 0.369 0.326 0.305 0.000 84.2 100.0 100.0 100.0 100.0 31.7 58.0 100.0 0.338 0.410 0.252 0.000 
107.7 40.573109 -3.528661 84.5 100.0 100.0 72.3 100.0 45.1 74.4 100.0 0.367 0.330 0.304 0.000 84.5 100.0 100.0 100.0 100.0 32.9 58.5 100.0 0.349 0.402 0.249 0.000 
108.7 40.573009 -3.528374 84.5 100.0 100.0 72.6 100.0 44.6 74.6 100.0 0.365 0.332 0.303 0.000 84.6 100.0 100.0 100.0 100.0 34.2 58.0 100.0 0.353 0.395 0.252 0.000 
109.7 40.572918 -3.528087 84.5 100.0 100.0 72.9 100.0 44.2 74.7 100.0 0.363 0.335 0.302 0.000 84.9 100.0 100.0 100.0 100.0 35.8 58.5 100.0 0.366 0.385 0.249 0.000 
110.7 40.572826 -3.527804 84.5 100.0 100.0 73.1 100.0 43.8 74.9 100.0 0.362 0.337 0.301 0.000 85.2 100.0 100.0 100.0 100.0 37.6 58.5 100.0 0.377 0.375 0.249 0.000 
111.7 40.572739 -3.527513 84.6 100.0 100.0 73.4 100.0 43.5 75.0 100.0 0.361 0.339 0.300 0.000 85.4 100.0 100.0 100.0 100.0 39.4 58.5 100.0 0.387 0.364 0.249 0.000 
112.7 40.572651 -3.527234 84.6 100.0 100.0 73.6 100.0 43.2 75.1 100.0 0.360 0.341 0.299 0.000 85.5 100.0 100.0 100.0 100.0 40.2 58.5 100.0 0.392 0.359 0.249 0.000 
113.7 40.572563 -3.526955 84.6 100.0 100.0 73.9 100.0 42.9 75.3 100.0 0.359 0.343 0.299 0.000 85.5 100.0 100.0 100.0 100.0 40.3 58.5 100.0 0.393 0.358 0.249 0.000 
114.7 40.572472 -3.526677 84.6 100.0 100.0 74.1 100.0 42.6 75.4 100.0 0.358 0.344 0.298 0.000 85.6 100.0 100.0 100.0 100.0 40.4 58.5 100.0 0.394 0.358 0.249 0.000 
115.7 40.572388 -3.526400 84.6 100.0 100.0 74.3 100.0 42.3 75.5 100.0 0.357 0.346 0.297 0.000 85.6 100.0 100.0 100.0 100.0 40.4 58.5 100.0 0.394 0.357 0.249 0.000 
116.7 40.572300 -3.526110 84.6 100.0 100.0 74.6 100.0 42.1 75.7 100.0 0.356 0.348 0.296 0.000 85.6 100.0 100.0 100.0 100.0 40.5 58.5 100.0 0.394 0.357 0.249 0.000 
117.7 40.572300 -3.526110 84.6 100.0 100.0 74.6 100.0 41.8 75.7 100.0 0.355 0.349 0.296 0.000 85.7 100.0 100.0 100.0 100.0 41.2 58.5 100.0 0.398 0.353 0.249 0.000 
118.7 40.572124 -3.525543 84.6 100.0 100.0 75.0 100.0 41.6 75.9 100.0 0.355 0.350 0.295 0.000 86.0 100.0 100.0 100.0 100.0 43.0 59.2 100.0 0.413 0.342 0.245 0.000 
119.7 40.572025 -3.525264 84.7 100.0 100.0 75.2 100.0 41.4 76.0 100.0 0.355 0.351 0.294 0.000 86.3 100.0 100.0 100.0 100.0 44.6 59.8 100.0 0.427 0.332 0.241 0.000 
120.7 40.571926 -3.524990 84.7 100.0 100.0 75.5 100.0 41.3 76.2 100.0 0.354 0.352 0.293 0.000 86.5 100.0 100.0 100.0 100.0 44.7 60.5 100.0 0.431 0.332 0.237 0.000 
121.7 40.571835 -3.524724 84.7 100.0 100.0 75.7 100.0 41.1 76.3 100.0 0.354 0.353 0.293 0.000 86.6 100.0 100.0 100.0 100.0 44.8 61.3 100.0 0.437 0.331 0.232 0.000 
122.7 40.571835 -3.524724 84.7 100.0 100.0 75.7 100.0 41.0 76.3 100.0 0.353 0.354 0.293 0.000 86.7 100.0 100.0 100.0 100.0 45.9 61.3 100.0 0.443 0.325 0.232 0.000 
123.7 40.571621 -3.524203 84.8 100.0 100.0 76.1 100.0 40.8 76.5 100.0 0.354 0.355 0.291 0.000 87.1 100.0 100.0 100.0 100.0 47.0 62.7 100.0 0.458 0.318 0.224 0.000 
124.7 40.571507 -3.523949 84.8 100.0 100.0 76.2 100.0 40.7 76.6 100.0 0.354 0.356 0.291 0.000 87.1 100.0 100.0 100.0 100.0 46.1 63.3 100.0 0.456 0.324 0.220 0.000 
125.7 40.571384 -3.523694 84.8 100.0 100.0 76.4 100.0 40.6 76.8 100.0 0.354 0.357 0.289 0.000 86.9 100.0 100.0 100.0 100.0 44.3 63.9 100.0 0.450 0.334 0.216 0.000 
126.7 40.571262 -3.523452 84.9 100.0 100.0 76.6 100.0 40.4 77.0 100.0 0.354 0.358 0.288 0.000 86.8 100.0 100.0 100.0 100.0 42.5 64.8 100.0 0.444 0.345 0.211 0.000 
127.7 40.571144 -3.523219 84.9 100.0 100.0 76.8 100.0 40.2 77.2 100.0 0.354 0.359 0.287 0.000 86.7 100.0 100.0 100.0 100.0 41.0 65.8 100.0 0.441 0.354 0.205 0.000 
128.7 40.571018 -3.522984 84.9 100.0 100.0 77.0 100.0 40.0 77.3 100.0 0.353 0.360 0.287 0.000 86.6 100.0 100.0 100.0 100.0 39.9 66.5 100.0 0.438 0.361 0.201 0.000 
129.7 40.570892 -3.522731 84.9 100.0 100.0 77.2 100.0 39.8 77.4 100.0 0.353 0.361 0.286 0.000 86.6 100.0 100.0 100.0 100.0 39.3 66.9 100.0 0.437 0.364 0.199 0.000 
130.7 40.570759 -3.522505 84.9 100.0 100.0 77.3 100.0 39.5 77.5 100.0 0.352 0.363 0.285 0.000 86.7 100.0 100.0 100.0 100.0 39.2 67.8 100.0 0.442 0.365 0.193 0.000 
131.7 40.570759 -3.522505 84.9 100.0 100.0 77.3 100.0 39.3 77.5 100.0 0.350 0.364 0.285 0.000 86.5 100.0 100.0 100.0 100.0 37.6 67.8 100.0 0.433 0.374 0.193 0.000 
132.7 40.570454 -3.522030 84.9 100.0 100.0 77.7 100.0 39.1 77.7 100.0 0.350 0.366 0.284 0.000 86.6 100.0 100.0 100.0 100.0 37.2 68.9 100.0 0.437 0.377 0.187 0.000 
133.7 40.570301 -3.521796 84.9 100.0 100.0 77.9 100.0 38.9 77.8 100.0 0.349 0.367 0.284 0.000 86.7 100.0 100.0 100.0 100.0 37.3 69.8 100.0 0.443 0.376 0.181 0.000 
134.7 40.570152 -3.521567 84.9 100.0 100.0 78.0 100.0 38.6 77.9 100.0 0.349 0.368 0.283 0.000 86.8 100.0 100.0 100.0 100.0 37.2 70.5 100.0 0.446 0.377 0.177 0.000 
135.7 40.569988 -3.521335 84.9 100.0 100.0 78.2 100.0 38.4 78.0 100.0 0.348 0.370 0.282 0.000 86.9 100.0 100.0 100.0 100.0 37.3 70.8 100.0 0.449 0.376 0.175 0.000 
136.7 40.569828 -3.521113 84.9 100.0 100.0 78.4 100.0 38.2 78.0 100.0 0.347 0.371 0.282 0.000 87.1 100.0 100.0 100.0 100.0 38.0 71.5 100.0 0.457 0.372 0.171 0.000 
137.7 40.569656 -3.520887 85.0 100.0 100.0 78.5 100.0 38.0 78.1 100.0 0.347 0.372 0.281 0.000 87.4 100.0 100.0 100.0 100.0 39.6 72.1 100.0 0.471 0.362 0.167 0.000 
138.7 40.569477 -3.520666 85.0 100.0 100.0 78.7 100.0 37.9 78.2 100.0 0.346 0.373 0.281 0.000 87.7 100.0 100.0 100.0 100.0 40.4 73.2 100.0 0.481 0.358 0.161 0.000 
139.7 40.569294 -3.520458 85.0 100.0 100.0 78.9 100.0 37.7 78.3 100.0 0.346 0.374 0.280 0.000 87.8 100.0 100.0 100.0 100.0 40.6 73.8 100.0 0.486 0.357 0.157 0.000 
140.7 40.569107 -3.520257 85.0 100.0 100.0 79.0 100.0 37.6 78.4 100.0 0.346 0.374 0.280 0.000 87.9 100.0 100.0 100.0 100.0 40.6 74.5 100.0 0.490 0.357 0.153 0.000 
141.7 40.568920 -3.520070 85.0 100.0 100.0 79.2 100.0 37.5 78.5 100.0 0.345 0.375 0.279 0.000 88.1 100.0 100.0 100.0 100.0 41.2 75.2 100.0 0.498 0.353 0.149 0.000 
142.7 40.568920 -3.520070 85.0 100.0 100.0 79.2 100.0 37.4 78.5 100.0 0.345 0.376 0.279 0.000 88.3 100.0 100.0 100.0 100.0 43.0 75.2 100.0 0.509 0.342 0.149 0.000 
143.7 40.568542 -3.519696 85.1 100.0 100.0 79.5 100.0 37.2 78.6 100.0 0.345 0.377 0.278 0.000 88.4 100.0 100.0 100.0 100.0 43.0 76.1 100.0 0.514 0.342 0.144 0.000 
144.7 40.568340 -3.519511 85.1 100.0 100.0 79.7 100.0 37.1 78.7 100.0 0.345 0.377 0.278 0.000 88.5 100.0 100.0 100.0 100.0 42.9 76.7 100.0 0.518 0.342 0.140 0.000 
145.7 40.568146 -3.519325 85.1 100.0 100.0 79.8 100.0 37.0 78.8 100.0 0.345 0.378 0.277 0.000 88.7 100.0 100.0 100.0 100.0 42.9 77.8 100.0 0.525 0.342 0.133 0.000 
146.7 40.567944 -3.519151 85.1 100.0 100.0 80.0 100.0 36.9 78.9 100.0 0.345 0.378 0.277 0.000 88.8 100.0 100.0 100.0 100.0 42.9 78.5 100.0 0.529 0.342 0.129 0.000 
147.7 40.567738 -3.518970 85.1 100.0 100.0 80.1 100.0 36.8 79.0 100.0 0.345 0.379 0.276 0.000 88.9 100.0 100.0 100.0 100.0 43.3 78.7 100.0 0.532 0.340 0.128 0.000 
148.7 40.567528 -3.518792 85.1 100.0 100.0 80.3 100.0 36.8 78.8 100.0 0.343 0.379 0.278 0.000 89.0 100.0 100.0 100.0 100.0 43.9 79.2 100.0 0.538 0.337 0.125 0.000 
149.7 40.567528 -3.518792 85.1 100.0 100.0 80.3 100.0 36.7 78.8 100.0 0.342 0.380 0.278 0.000 88.8 100.0 100.0 100.0 100.0 42.7 79.2 100.0 0.531 0.344 0.125 0.000 
150.7 40.567089 -3.518482 85.1 100.0 100.0 80.5 100.0 36.6 78.4 100.0 0.339 0.381 0.280 0.000 88.8 100.0 100.0 100.0 100.0 42.1 79.2 100.0 0.528 0.347 0.125 0.000 
151.7 40.567089 -3.518482 85.1 100.0 100.0 80.5 100.0 36.5 78.4 100.0 0.339 0.381 0.280 0.000 89.0 100.0 100.0 100.0 100.0 43.9 79.2 100.0 0.539 0.336 0.125 0.000 
152.7 40.566860 -3.518343 85.0 100.0 100.0 80.7 100.0 36.4 78.2 100.0 0.337 0.381 0.281 0.000 89.2 100.0 100.0 100.0 100.0 45.5 79.2 100.0 0.548 0.327 0.125 0.000 
153.7 40.566414 -3.518074 85.1 100.0 100.0 81.0 100.0 36.4 78.1 100.0 0.336 0.382 0.282 0.000 89.4 100.0 100.0 100.0 100.0 46.2 79.8 100.0 0.556 0.323 0.121 0.000 
154.7 40.566189 -3.517950 85.1 100.0 100.0 81.1 100.0 36.3 78.1 100.0 0.337 0.382 0.281 0.000 89.4 100.0 100.0 100.0 100.0 46.1 80.0 100.0 0.557 0.323 0.120 0.000 
155.7 40.565964 -3.517834 85.1 100.0 100.0 81.2 100.0 36.3 78.2 100.0 0.337 0.382 0.281 0.000 89.6 100.0 100.0 100.0 100.0 46.0 81.2 100.0 0.563 0.324 0.113 0.000 
156.7 40.565739 -3.517716 85.1 100.0 100.0 81.3 100.0 36.2 78.3 100.0 0.337 0.383 0.280 0.000 89.6 100.0 100.0 100.0 100.0 46.0 81.3 100.0 0.564 0.324 0.112 0.000 
157.7 40.565510 -3.517609 85.1 100.0 100.0 81.5 100.0 36.2 78.4 100.0 0.337 0.383 0.280 0.000 89.6 100.0 100.0 100.0 100.0 45.0 82.5 100.0 0.565 0.330 0.105 0.000 
158.7 40.565281 -3.517506 85.2 100.0 100.0 81.6 100.0 36.1 78.5 100.0 0.337 0.383 0.279 0.000 89.4 100.0 100.0 100.0 100.0 43.3 82.6 100.0 0.555 0.340 0.104 0.000 
159.7 40.565044 -3.517423 85.1 100.0 100.0 81.7 100.0 36.0 78.3 100.0 0.335 0.384 0.281 0.000 89.2 100.0 100.0 100.0 100.0 41.6 82.6 100.0 0.546 0.350 0.104 0.000 
160.7 40.564800 -3.517326 85.1 100.0 100.0 81.9 100.0 35.9 78.1 100.0 0.334 0.385 0.282 0.000 89.0 100.0 100.0 100.0 100.0 40.0 83.2 100.0 0.539 0.360 0.101 0.000 
161.7 40.564564 -3.517242 85.1 100.0 100.0 82.0 100.0 35.8 78.2 100.0 0.334 0.385 0.281 0.000 89.0 100.0 100.0 100.0 100.0 39.4 83.3 100.0 0.536 0.363 0.100 0.000 
162.7 40.564320 -3.517165 85.1 100.0 100.0 82.1 100.0 35.7 78.0 100.0 0.332 0.386 0.282 0.000 89.0 100.0 100.0 100.0 100.0 39.5 83.8 100.0 0.540 0.363 0.097 0.000 
163.7 40.564087 -3.517096 85.1 100.0 100.0 82.2 100.0 35.6 78.1 100.0 0.332 0.387 0.282 0.000 89.1 100.0 100.0 100.0 100.0 39.5 84.5 100.0 0.544 0.363 0.093 0.000 
164.7 40.564087 -3.517096 85.1 100.0 100.0 82.2 100.0 35.5 78.1 100.0 0.331 0.387 0.282 0.000 89.1 100.0 100.0 100.0 100.0 39.1 84.5 100.0 0.542 0.365 0.093 0.000 
165.7 40.563587 -3.516982 85.1 100.0 100.0 82.4 100.0 35.3 77.7 100.0 0.328 0.388 0.284 0.000 88.9 100.0 100.0 100.0 100.0 38.4 83.8 100.0 0.533 0.370 0.097 0.000 
166.7 40.563335 -3.516936 85.0 100.0 100.0 82.6 100.0 35.2 77.5 100.0 0.326 0.389 0.285 0.000 88.8 100.0 100.0 100.0 100.0 38.2 83.2 100.0 0.528 0.371 0.101 0.000 
167.7 40.563335 -3.516936 85.0 100.0 100.0 82.6 100.0 35.1 77.5 100.0 0.326 0.389 0.285 0.000 88.7 100.0 100.0 100.0 100.0 38.0 83.2 100.0 0.527 0.372 0.101 0.000 
168.7 40.563087 -3.516900 85.0 100.0 100.0 82.7 100.0 35.0 77.4 100.0 0.324 0.390 0.286 0.000 88.5 100.0 100.0 100.0 100.0 36.9 82.5 100.0 0.517 0.378 0.105 0.000 
169.7 40.562836 -3.516864 85.0 100.0 100.0 82.8 100.0 34.8 77.2 100.0 0.322 0.391 0.287 0.000 88.3 100.0 100.0 100.0 100.0 36.5 81.8 100.0 0.510 0.381 0.109 0.000 
170.7 40.562344 -3.516803 84.9 100.0 100.0 83.0 100.0 34.7 76.9 100.0 0.319 0.392 0.289 0.000 87.9 100.0 100.0 100.0 100.0 34.7 80.5 100.0 0.491 0.392 0.117 0.000 
171.7 40.562344 -3.516803 84.9 100.0 100.0 83.0 100.0 34.5 76.9 100.0 0.318 0.393 0.289 0.000 87.6 100.0 100.0 100.0 100.0 33.0 80.5 100.0 0.481 0.402 0.117 0.000 
172.7 40.561840 -3.516714 84.9 100.0 100.0 83.2 100.0 34.4 76.6 100.0 0.315 0.394 0.291 0.000 87.5 100.0 100.0 100.0 100.0 33.1 79.3 100.0 0.475 0.401 0.124 0.000 
173.7 40.561592 -3.516658 84.9 100.0 100.0 83.3 100.0 34.2 76.4 100.0 0.314 0.395 0.292 0.000 87.6 100.0 100.0 100.0 100.0 34.4 78.5 100.0 0.477 0.394 0.129 0.000 
174.7 40.561344 -3.516593 84.8 100.0 100.0 83.4 100.0 34.1 76.3 100.0 0.312 0.396 0.293 0.000 87.5 100.0 100.0 100.0 100.0 34.3 77.8 100.0 0.473 0.394 0.133 0.000 
175.7 40.561096 -3.516516 84.8 100.0 100.0 83.5 100.0 33.9 76.1 100.0 0.310 0.396 0.294 0.000 87.3 100.0 100.0 100.0 100.0 34.3 77.2 100.0 0.469 0.394 0.137 0.000 
176.7 40.560860 -3.516436 84.8 100.0 100.0 83.6 100.0 33.8 76.0 100.0 0.308 0.397 0.294 0.000 87.3 100.0 100.0 100.0 100.0 34.3 76.5 100.0 0.465 0.394 0.141 0.000 
177.7 40.560616 -3.516342 84.7 100.0 100.0 83.7 100.0 33.7 75.8 100.0 0.307 0.398 0.295 0.000 87.1 100.0 100.0 100.0 100.0 33.9 76.1 100.0 0.460 0.396 0.144 0.000 
178.7 40.560379 -3.516239 84.7 100.0 100.0 83.8 100.0 33.5 75.7 100.0 0.305 0.399 0.296 0.000 87.0 100.0 100.0 100.0 100.0 34.1 75.2 100.0 0.455 0.396 0.149 0.000 
179.7 40.560379 -3.516239 84.7 100.0 100.0 83.8 100.0 33.4 75.7 100.0 0.304 0.400 0.296 0.000 87.0 100.0 100.0 100.0 100.0 34.2 75.2 100.0 0.456 0.395 0.149 0.000 
180.7 40.559929 -3.515961 84.7 100.0 100.0 84.0 100.0 33.3 75.6 100.0 0.303 0.400 0.297 0.000 87.2 100.0 100.0 100.0 100.0 35.6 74.5 100.0 0.461 0.386 0.153 0.000 
181.7 40.559715 -3.515809 84.7 100.0 100.0 84.1 100.0 33.2 75.7 100.0 0.303 0.401 0.296 0.000 87.4 100.0 100.0 100.0 100.0 37.4 74.8 100.0 0.473 0.376 0.151 0.000 
182.7 40.559502 -3.515654 84.7 100.0 100.0 84.2 100.0 33.1 75.8 100.0 0.303 0.401 0.296 0.000 87.4 100.0 100.0 100.0 100.0 36.8 74.8 100.0 0.469 0.379 0.151 0.000 
183.7 40.559502 -3.515654 84.7 100.0 100.0 84.2 100.0 33.0 75.8 100.0 0.302 0.402 0.296 0.000 87.2 100.0 100.0 100.0 100.0 35.8 74.8 100.0 0.418 0.385 0.197 0.000 
184.7 40.559105 -3.515315 84.7 100.0 100.0 84.4 100.0 32.9 75.9 100.0 0.303 0.403 0.295 0.000 87.5 100.0 100.0 100.0 100.0 37.6 74.8 100.0 0.429 0.374 0.197 0.000 
185.7 40.558910 -3.515124 84.8 100.0 100.0 84.5 100.0 32.8 76.0 100.0 0.303 0.403 0.294 0.000 87.6 100.0 100.0 100.0 100.0 39.2 74.3 100.0 0.435 0.365 0.200 0.000 
186.7 40.558723 -3.514924 84.8 100.0 100.0 84.6 100.0 32.8 76.1 100.0 0.303 0.403 0.294 0.000 87.9 100.0 100.0 100.0 100.0 40.9 74.2 100.0 0.444 0.355 0.201 0.000 
187.7 40.558548 -3.514713 84.8 100.0 100.0 84.7 100.0 32.7 76.1 100.0 0.303 0.404 0.294 0.000 88.1 100.0 100.0 100.0 100.0 42.4 74.2 100.0 0.454 0.346 0.200 0.000 
188.8 40.558357 -3.514476 84.8 100.0 100.0 84.8 100.0 32.7 76.1 100.0 0.302 0.404 0.294 0.000 88.1 100.0 100.0 100.0 100.0 43.4 73.4 100.0 0.455 0.339 0.205 0.000 
189.7 40.558357 -3.514476 84.8 100.0 100.0 84.8 100.0 32.7 76.1 100.0 0.302 0.404 0.294 0.000 88.2 100.0 100.0 100.0 100.0 43.9 73.4 100.0 0.458 0.336 0.205 0.000 
190.7 40.558052 -3.514016 84.8 100.0 100.0 84.9 100.0 32.7 76.2 100.0 0.303 0.404 0.293 0.000 88.2 100.0 100.0 100.0 100.0 44.0 73.7 100.0 0.461 0.336 0.203 0.000 
191.7 40.557907 -3.513777 84.8 100.0 100.0 85.0 100.0 32.6 76.3 100.0 0.303 0.404 0.292 0.000 88.2 100.0 100.0 100.0 100.0 43.9 73.7 100.0 0.461 0.336 0.203 0.000 
192.7 40.557766 -3.513535 84.9 100.0 100.0 85.1 100.0 32.6 76.4 100.0 0.304 0.404 0.292 0.000 88.2 100.0 100.0 100.0 100.0 44.1 73.4 100.0 0.459 0.335 0.205 0.000 
193.7 40.557640 -3.513290 84.9 100.0 100.0 85.2 100.0 32.6 76.4 100.0 0.304 0.404 0.292 0.000 88.3 100.0 100.0 100.0 100.0 44.1 73.7 100.0 0.462 0.336 0.203 0.000 
194.7 40.557640 -3.513290 84.9 100.0 100.0 85.2 100.0 32.6 76.4 100.0 0.304 0.405 0.292 0.000 88.3 100.0 100.0 100.0 100.0 44.0 73.7 100.0 0.461 0.336 0.203 0.000 
195.7 40.557411 -3.512771 84.9 100.0 100.0 85.3 100.0 32.6 76.6 100.0 0.305 0.405 0.291 0.000 88.4 100.0 100.0 100.0 100.0 45.2 73.4 100.0 0.466 0.329 0.205 0.000 
196.7 40.557304 -3.512499 84.9 100.0 100.0 85.4 100.0 32.6 76.6 100.0 0.305 0.405 0.290 0.000 88.5 100.0 100.0 100.0 100.0 46.0 73.4 100.0 0.470 0.324 0.205 0.000 
197.7 40.557213 -3.512216 85.0 100.0 100.0 85.5 100.0 32.6 76.7 100.0 0.306 0.405 0.290 0.000 88.5 100.0 100.0 100.0 100.0 45.9 73.7 100.0 0.473 0.324 0.203 0.000 
198.7 40.557121 -3.511936 85.0 100.0 100.0 85.5 100.0 32.6 76.8 100.0 0.306 0.405 0.289 0.000 88.5 100.0 100.0 100.0 100.0 46.0 73.7 100.0 0.473 0.324 0.203 0.000 
199.7 40.557034 -3.511661 85.0 100.0 100.0 85.6 100.0 32.6 76.9 100.0 0.306 0.405 0.289 0.000 88.5 100.0 100.0 100.0 100.0 45.9 73.7 100.0 0.473 0.324 0.203 0.000 
200.7 40.556957 -3.511382 85.0 100.0 100.0 85.7 100.0 32.5 76.9 100.0 0.307 0.405 0.289 0.000 88.5 100.0 100.0 100.0 100.0 45.9 73.4 100.0 0.470 0.325 0.206 0.000 
201.7 40.556896 -3.511098 85.0 100.0 100.0 85.7 100.0 32.5 77.0 100.0 0.307 0.405 0.288 0.000 88.5 100.0 100.0 100.0 100.0 45.8 73.7 100.0 0.472 0.325 0.203 0.000 
202.7 40.556839 -3.510813 85.1 100.0 100.0 85.8 100.0 32.5 77.1 100.0 0.307 0.405 0.288 0.000 88.5 100.0 100.0 100.0 100.0 45.8 73.7 100.0 0.471 0.325 0.203 0.000 
203.7 40.556782 -3.510531 85.1 100.0 100.0 85.9 100.0 32.5 77.1 100.0 0.308 0.405 0.287 0.000 88.7 100.0 100.0 100.0 100.0 47.6 73.4 100.0 0.480 0.315 0.206 0.000 
204.7 40.556740 -3.510250 85.1 100.0 100.0 85.9 100.0 32.6 77.2 100.0 0.308 0.405 0.287 0.000 89.0 100.0 100.0 100.0 100.0 49.3 73.4 100.0 0.490 0.304 0.206 0.000 
205.7 40.556705 -3.509944 85.1 100.0 100.0 86.0 100.0 32.6 77.2 100.0 0.309 0.404 0.287 0.000 89.2 100.0 100.0 100.0 100.0 51.0 73.4 100.0 0.500 0.294 0.206 0.000 
206.7 40.556671 -3.509635 85.1 100.0 100.0 86.1 100.0 32.6 77.3 100.0 0.310 0.404 0.286 0.000 89.5 100.0 100.0 100.0 100.0 52.7 73.4 100.0 0.510 0.284 0.206 0.000 
207.7 40.556656 -3.509337 85.2 100.0 100.0 86.1 100.0 32.7 77.4 100.0 0.311 0.404 0.286 0.000 89.5 100.0 100.0 100.0 100.0 52.7 73.9 100.0 0.514 0.284 0.202 0.000 
208.7 40.556641 -3.509041 85.2 100.0 100.0 86.2 100.0 32.7 77.5 100.0 0.311 0.404 0.285 0.000 89.5 100.0 100.0 100.0 100.0 52.6 74.1 100.0 0.514 0.284 0.201 0.000 
209.7 40.556644 -3.508750 85.2 100.0 100.0 86.3 100.0 32.8 77.6 100.0 0.312 0.403 0.284 0.000 89.8 100.0 100.0 100.0 100.0 53.8 74.9 100.0 0.526 0.277 0.196 0.000 
210.7 40.556644 -3.508750 85.2 100.0 100.0 86.3 100.0 32.8 77.6 100.0 0.313 0.403 0.284 0.000 89.9 100.0 100.0 100.0 100.0 54.6 74.9 100.0 0.531 0.272 0.196 0.000 
211.7 40.556648 -3.508162 85.3 100.0 100.0 86.4 100.0 32.9 77.9 100.0 0.314 0.403 0.283 0.000 90.2 100.0 100.0 100.0 100.0 54.5 76.6 100.0 0.540 0.273 0.186 0.000 
212.7 40.556660 -3.507867 85.3 100.0 100.0 86.5 100.0 32.9 78.0 100.0 0.315 0.402 0.282 0.000 90.3 100.0 100.0 100.0 100.0 54.4 77.5 100.0 0.545 0.273 0.181 0.000 
213.7 40.556683 -3.507572 85.4 100.0 100.0 86.5 100.0 33.0 78.1 100.0 0.316 0.402 0.282 0.000 90.5 100.0 100.0 100.0 100.0 55.5 78.3 100.0 0.556 0.267 0.176 0.000 
214.7 40.556686 -3.507273 85.4 100.0 100.0 86.6 100.0 33.0 78.2 100.0 0.317 0.402 0.281 0.000 90.8 100.0 100.0 100.0 100.0 57.1 78.5 100.0 0.567 0.257 0.175 0.000 
215.7 40.556683 -3.506971 85.4 100.0 100.0 86.7 100.0 33.1 78.2 100.0 0.318 0.401 0.281 0.000 91.0 100.0 100.0 100.0 100.0 58.3 78.5 100.0 0.574 0.250 0.175 0.000 
216.7 40.556664 -3.506678 85.5 100.0 100.0 86.7 100.0 33.2 78.3 100.0 0.319 0.401 0.280 0.000 91.0 100.0 100.0 100.0 100.0 58.4 78.5 100.0 0.575 0.249 0.176 0.000 
217.7 40.556637 -3.506385 85.5 100.0 100.0 86.8 100.0 33.2 78.3 100.0 0.319 0.401 0.280 0.000 91.0 100.0 100.0 100.0 100.0 58.5 78.3 100.0 0.573 0.249 0.178 0.000 
218.7 40.556614 -3.506088 85.5 100.0 100.0 86.8 100.0 33.3 78.4 100.0 0.320 0.400 0.280 0.000 91.0 100.0 100.0 100.0 100.0 58.5 78.5 100.0 0.576 0.249 0.176 0.000 
219.7 40.556583 -3.505779 85.5 100.0 100.0 86.9 100.0 33.4 78.5 100.0 0.321 0.400 0.279 0.000 91.0 100.0 100.0 100.0 100.0 58.5 78.5 100.0 0.575 0.249 0.176 0.000 
220.7 40.556545 -3.505484 85.6 100.0 100.0 87.0 100.0 33.4 78.5 100.0 0.372 0.399 0.229 0.000 91.1 100.0 100.0 100.0 100.0 58.8 79.2 100.0 0.581 0.247 0.172 0.000 
221.7 40.556488 -3.505190 85.6 100.0 100.0 87.0 100.0 33.5 78.6 100.0 0.372 0.399 0.229 0.000 91.3 100.0 100.0 100.0 100.0 59.0 79.8 100.0 0.587 0.246 0.168 0.000 
222.7 40.556488 -3.505190 85.6 100.0 100.0 87.0 100.0 33.6 78.6 100.0 0.373 0.399 0.229 0.000 91.3 100.0 100.0 100.0 100.0 59.2 79.8 100.0 0.588 0.245 0.168 0.000 
223.7 40.556366 -3.504603 85.6 100.0 100.0 87.1 100.0 33.6 78.7 100.0 0.374 0.398 0.228 0.000 91.4 100.0 100.0 100.0 100.0 59.3 80.5 100.0 0.592 0.244 0.164 0.000 
224.7 40.556282 -3.504304 85.7 100.0 100.0 87.2 100.0 33.7 78.7 100.0 0.374 0.398 0.228 0.000 91.4 100.0 100.0 100.0 100.0 59.5 80.5 100.0 0.593 0.243 0.164 0.000 
225.7 40.556198 -3.504007 85.7 100.0 100.0 87.2 100.0 33.8 78.8 100.0 0.375 0.397 0.227 0.000 91.5 100.0 100.0 100.0 100.0 59.5 81.2 100.0 0.597 0.243 0.160 0.000 
226.7 40.556110 -3.503714 85.7 100.0 100.0 87.3 100.0 33.8 78.8 100.0 0.376 0.397 0.227 0.000 91.5 100.0 100.0 100.0 100.0 58.4 82.4 100.0 0.597 0.250 0.153 0.000 
227.7 40.556019 -3.503434 85.7 100.0 100.0 87.4 100.0 33.9 78.9 100.0 0.376 0.397 0.227 0.000 91.5 100.0 100.0 100.0 100.0 57.6 82.5 100.0 0.594 0.254 0.152 0.000 
228.7 40.555916 -3.503175 85.8 100.0 100.0 87.4 100.0 33.9 78.9 100.0 0.377 0.396 0.227 0.000 91.7 100.0 100.0 100.0 100.0 58.4 83.2 100.0 0.603 0.250 0.148 0.000 
229.7 40.555801 -3.502920 85.8 100.0 100.0 87.5 100.0 34.0 79.0 100.0 0.378 0.396 0.226 0.000 91.7 100.0 100.0 100.0 100.0 57.7 83.9 100.0 0.602 0.254 0.144 0.000 
230.7 40.555679 -3.502650 85.8 100.0 100.0 87.5 100.0 34.1 79.0 100.0 0.378 0.396 0.226 0.000 91.7 100.0 100.0 100.0 100.0 57.6 84.6 100.0 0.606 0.254 0.140 0.000 
231.7 40.555557 -3.502414 85.8 100.0 100.0 87.6 100.0 34.1 79.1 100.0 0.379 0.395 0.226 0.000 91.8 100.0 100.0 100.0 100.0 57.7 85.3 100.0 0.610 0.254 0.136 0.000 
232.7 40.555428 -3.502160 85.8 100.0 100.0 87.6 100.0 34.2 79.1 100.0 0.380 0.395 0.225 0.000 91.9 100.0 100.0 100.0 100.0 56.8 86.6 100.0 0.612 0.259 0.129 0.000 
233.7 40.555298 -3.501916 85.9 100.0 100.0 87.7 100.0 34.2 79.2 100.0 0.380 0.395 0.225 0.000 91.8 100.0 100.0 100.0 100.0 55.4 87.2 100.0 0.608 0.267 0.125 0.000 
234.7 40.555168 -3.501661 85.9 100.0 100.0 87.7 100.0 34.3 79.2 100.0 0.381 0.394 0.225 0.000 92.0 100.0 100.0 100.0 100.0 56.5 87.3 100.0 0.615 0.261 0.124 0.000 
235.7 40.555042 -3.501420 85.9 100.0 100.0 87.8 100.0 34.3 79.3 100.0 0.381 0.394 0.225 0.000 92.3 100.0 100.0 100.0 100.0 58.4 88.0 100.0 0.630 0.250 0.120 0.000 
236.7 40.554920 -3.501158 85.9 100.0 100.0 87.8 100.0 34.4 79.3 100.0 0.382 0.394 0.224 0.000 92.8 100.0 100.0 100.0 100.0 60.0 89.3 100.0 0.648 0.240 0.113 0.000 
237.7 40.554806 -3.500886 86.0 100.0 100.0 87.9 100.0 34.4 79.4 100.0 0.383 0.393 0.224 0.000 92.8 100.0 100.0 100.0 100.0 60.2 89.3 100.0 0.649 0.239 0.112 0.000 
238.7 40.554710 -3.500610 86.0 100.0 100.0 87.9 100.0 34.5 79.4 100.0 0.383 0.393 0.224 0.000 92.9 100.0 100.0 100.0 100.0 59.9 90.7 100.0 0.606 0.241 0.153 0.000 
239.7 40.554630 -3.500322 86.0 100.0 100.0 88.0 100.0 34.6 79.4 100.0 0.384 0.393 0.223 0.000 92.9 100.0 100.0 100.0 100.0 59.8 90.7 100.0 0.608 0.241 0.151 0.000 
240.7 40.554565 -3.500028 86.0 100.0 100.0 88.0 100.0 34.6 79.5 100.0 0.385 0.392 0.223 0.000 93.0 100.0 100.0 100.0 100.0 59.9 91.4 100.0 0.611 0.240 0.149 0.000 
241.7 40.554508 -3.499742 86.0 100.0 100.0 88.1 100.0 34.7 79.5 100.0 0.385 0.392 0.223 0.000 93.0 100.0 100.0 100.0 100.0 59.6 91.4 100.0 0.609 0.242 0.149 0.000 
242.7 40.554508 -3.499742 86.1 100.0 100.0 88.1 100.0 34.7 79.5 100.0 0.386 0.392 0.223 0.000 93.2 100.0 100.0 100.0 100.0 60.9 91.4 100.0 0.616 0.235 0.149 0.000 
243.7 40.554386 -3.499132 86.1 100.0 100.0 88.2 100.0 34.8 79.6 100.0 0.387 0.391 0.222 0.000 93.4 100.0 100.0 100.0 100.0 62.6 91.4 100.0 0.676 0.225 0.100 0.000 
244.7 40.554329 -3.498839 86.1 100.0 100.0 88.2 100.0 34.9 79.7 100.0 0.387 0.391 0.222 0.000 93.4 100.0 100.0 100.0 100.0 62.5 91.4 100.0 0.675 0.225 0.100 0.000 
245.7 40.554283 -3.498531 86.1 100.0 100.0 88.3 100.0 34.9 79.7 100.0 0.388 0.390 0.222 0.000 93.4 100.0 100.0 100.0 100.0 62.6 91.4 100.0 0.676 0.224 0.100 0.000 
246.7 40.554237 -3.498221 86.2 100.0 100.0 88.3 100.0 35.0 79.8 100.0 0.389 0.390 0.222 0.000 93.4 100.0 100.0 100.0 100.0 62.6 91.4 100.0 0.676 0.224 0.100 0.000 
247.7 40.554203 -3.497923 86.2 100.0 100.0 88.4 100.0 35.1 79.8 100.0 0.389 0.390 0.221 0.000 93.4 100.0 100.0 100.0 100.0 62.6 91.4 100.0 0.675 0.224 0.101 0.000 
248.7 40.554176 -3.497616 86.2 100.0 100.0 88.4 100.0 35.1 79.7 100.0 0.389 0.389 0.222 0.000 93.3 100.0 100.0 100.0 100.0 62.4 90.7 100.0 0.671 0.225 0.104 0.000 
249.7 40.554161 -3.497307 86.2 100.0 100.0 88.5 100.0 35.2 79.5 100.0 0.388 0.389 0.223 0.000 93.1 100.0 100.0 100.0 100.0 62.0 90.0 100.0 0.664 0.228 0.108 0.000 
250.7 40.554157 -3.496967 86.2 100.0 100.0 88.5 100.0 35.3 79.4 100.0 0.388 0.388 0.224 0.000 92.8 100.0 100.0 100.0 100.0 60.2 89.3 100.0 0.650 0.239 0.112 0.000 
251.7 40.554180 -3.496633 86.2 100.0 100.0 88.6 100.0 35.3 79.3 100.0 0.388 0.388 0.224 0.000 92.7 100.0 100.0 100.0 100.0 60.3 88.7 100.0 0.645 0.238 0.117 0.000 
252.7 40.554207 -3.496287 86.2 100.0 100.0 88.6 100.0 35.4 79.2 100.0 0.387 0.388 0.225 0.000 92.8 100.0 100.0 100.0 100.0 61.8 88.0 100.0 0.651 0.229 0.120 0.000 
253.7 40.554245 -3.495940 86.2 100.0 100.0 88.7 100.0 35.5 79.1 100.0 0.387 0.387 0.226 0.000 93.0 100.0 100.0 100.0 100.0 63.6 87.4 100.0 0.658 0.218 0.123 0.000 
254.7 40.554295 -3.495606 86.2 100.0 100.0 88.7 100.0 35.5 79.0 100.0 0.387 0.387 0.226 0.000 93.1 100.0 100.0 100.0 100.0 65.3 86.7 100.0 0.665 0.208 0.127 0.000 
255.7 40.554295 -3.495606 86.2 100.0 100.0 88.7 100.0 35.6 79.0 100.0 0.387 0.386 0.226 0.000 93.2 100.0 100.0 100.0 100.0 65.7 86.7 100.0 0.667 0.206 0.127 0.000 
256.7 40.554447 -3.494933 86.2 100.0 100.0 88.8 100.0 35.7 78.7 100.0 0.386 0.386 0.228 0.000 93.0 100.0 100.0 100.0 100.0 65.7 85.3 100.0 0.658 0.206 0.136 0.000 
257.7 40.554447 -3.494933 86.2 100.0 100.0 88.8 100.0 35.7 78.7 100.0 0.387 0.386 0.228 0.000 93.0 100.0 100.0 100.0 100.0 65.7 85.3 100.0 0.658 0.206 0.136 0.000 
258.7 40.554646 -3.494288 86.2 100.0 100.0 88.9 100.0 35.8 78.5 100.0 0.386 0.385 0.229 0.000 92.8 100.0 100.0 100.0 100.0 65.7 84.0 100.0 0.650 0.206 0.144 0.000 
259.7 40.554646 -3.494288 86.2 100.0 100.0 88.9 100.0 35.9 78.5 100.0 0.386 0.385 0.229 0.000 92.8 100.0 100.0 100.0 100.0 65.6 84.0 100.0 0.650 0.206 0.144 0.000 
260.7 40.554771 -3.493969 86.2 100.0 100.0 89.0 100.0 35.9 78.4 100.0 0.386 0.384 0.230 0.000 92.7 100.0 100.0 100.0 100.0 65.3 83.3 100.0 0.644 0.208 0.148 0.000 
261.7 40.555019 -3.493340 86.2 100.0 100.0 89.1 100.0 36.0 78.4 100.0 0.386 0.384 0.230 0.000 92.5 100.0 100.0 100.0 100.0 64.6 83.1 100.0 0.639 0.213 0.149 0.000 
262.7 40.555019 -3.493340 86.2 100.0 100.0 89.1 100.0 36.1 78.4 100.0 0.387 0.384 0.230 0.000 92.3 100.0 100.0 100.0 100.0 62.7 83.1 100.0 0.628 0.224 0.149 0.000 
263.7 40.555138 -3.493038 86.2 100.0 100.0 89.1 100.0 36.1 78.3 100.0 0.386 0.383 0.230 0.000 91.9 100.0 100.0 100.0 100.0 61.1 82.4 100.0 0.614 0.233 0.153 0.000 
264.7 40.555347 -3.492440 86.2 100.0 100.0 89.2 100.0 36.2 78.1 100.0 0.385 0.383 0.232 0.000 91.5 100.0 100.0 100.0 100.0 59.3 81.0 100.0 0.595 0.244 0.161 0.000 
265.7 40.555447 -3.492128 86.2 100.0 100.0 89.3 100.0 36.2 77.9 100.0 0.385 0.383 0.232 0.000 91.1 100.0 100.0 100.0 100.0 57.5 80.5 100.0 0.582 0.255 0.163 0.000 
266.7 40.555542 -3.491802 86.2 100.0 100.0 89.3 100.0 36.3 77.8 100.0 0.384 0.382 0.233 0.000 90.8 100.0 100.0 100.0 100.0 55.8 79.8 100.0 0.568 0.265 0.167 0.000 
267.7 40.555622 -3.491498 83.0 100.0 77.5 89.4 100.0 36.3 77.9 100.0 0.384 0.383 0.233 0.000 76.3 100.0 0.0 100.0 100.0 54.4 79.5 100.0 0.554 0.276 0.170 0.000 
268.7 40.555687 -3.491201 83.0 100.0 77.6 89.4 100.0 36.3 77.9 100.0 0.385 0.383 0.232 0.000 76.0 100.0 0.0 100.0 100.0 52.7 79.3 100.0 0.543 0.286 0.171 0.000 
269.7 40.555748 -3.490902 83.1 100.0 77.7 89.4 100.0 36.3 78.0 100.0 0.385 0.383 0.232 0.000 75.8 100.0 0.0 100.0 100.0 51.0 79.5 100.0 0.534 0.296 0.169 0.000 
270.7 40.555798 -3.490595 83.1 100.0 77.8 89.5 100.0 36.3 78.0 100.0 0.385 0.383 0.232 0.000 75.6 100.0 0.0 100.0 100.0 49.8 79.3 100.0 0.526 0.303 0.170 0.000 
271.7 40.555832 -3.490274 83.1 100.0 77.9 89.5 100.0 36.3 78.1 100.0 0.386 0.383 0.232 0.000 75.3 100.0 0.0 100.0 100.0 48.1 79.2 100.0 0.515 0.314 0.171 0.000 
272.7 40.555859 -3.489939 83.1 100.0 78.0 89.6 100.0 36.3 78.0 100.0 0.385 0.383 0.232 0.000 74.9 100.0 0.0 100.0 100.0 46.4 77.9 100.0 0.497 0.324 0.179 0.000 
273.7 40.555859 -3.489939 83.1 100.0 78.0 89.6 100.0 36.3 78.0 100.0 0.385 0.383 0.232 0.000 74.9 100.0 0.0 100.0 100.0 46.0 77.9 100.0 0.448 0.326 0.225 0.000 
274.7 40.555870 -3.489273 83.1 100.0 78.3 89.6 100.0 36.3 77.8 100.0 0.384 0.383 0.234 0.000 74.5 100.0 0.0 100.0 100.0 45.0 76.6 100.0 0.436 0.332 0.232 0.000 
275.7 40.555870 -3.488937 83.1 100.0 78.4 89.7 100.0 36.3 77.6 100.0 0.383 0.383 0.234 0.000 74.2 100.0 0.0 100.0 100.0 44.0 75.5 100.0 0.422 0.339 0.239 0.000 
276.7 40.555866 -3.488593 83.1 100.0 78.5 89.7 100.0 36.2 77.5 100.0 0.382 0.383 0.235 0.000 74.1 100.0 0.0 100.0 100.0 44.0 74.8 100.0 0.418 0.339 0.243 0.000 
277.7 40.555843 -3.488241 77.2 100.0 78.6 47.9 100.0 36.2 77.4 100.0 0.381 0.384 0.235 0.000 59.7 100.0 0.0 0.0 100.0 43.9 74.1 100.0 0.411 0.342 0.247 0.000 
278.7 40.555824 -3.487886 77.2 100.0 78.7 48.1 100.0 36.2 77.3 100.0 0.380 0.384 0.236 0.000 59.7 100.0 0.0 0.0 100.0 44.0 73.7 100.0 0.411 0.341 0.248 0.000 
279.7 40.555790 -3.487543 77.2 100.0 78.8 48.3 100.0 36.2 77.2 100.0 0.379 0.384 0.237 0.000 59.5 100.0 0.0 0.0 100.0 44.0 72.8 100.0 0.404 0.341 0.255 0.000 
280.7 40.555752 -3.487206 77.2 100.0 78.9 48.5 100.0 36.1 77.1 100.0 0.379 0.384 0.237 0.000 59.4 100.0 0.0 0.0 100.0 43.7 72.1 100.0 0.398 0.343 0.259 0.000 
281.7 40.555710 -3.486870 77.3 100.0 79.0 48.7 100.0 36.1 77.0 100.0 0.378 0.384 0.238 0.000 59.3 100.0 0.0 0.0 100.0 43.6 71.4 100.0 0.394 0.343 0.263 0.000 
282.7 40.555660 -3.486537 77.3 100.0 79.1 48.9 100.0 36.1 76.9 100.0 0.377 0.384 0.238 1.000 59.2 100.0 0.0 0.0 100.0 43.4 71.0 100.0 0.392 0.344 0.264 1.000 
283.7 40.555607 -3.486197 77.3 100.0 79.2 49.1 100.0 36.1 76.8 100.0 0.376 0.385 0.239 0.000 59.1 100.0 0.0 0.0 100.0 43.4 70.0 100.0 0.384 0.345 0.271 0.000 
284.7 40.555553 -3.485874 77.3 100.0 79.3 49.3 100.0 36.1 76.8 100.0 0.376 0.385 0.240 0.000 59.0 100.0 0.0 0.0 100.0 43.3 69.7 100.0 0.384 0.345 0.271 0.000 
285.7 40.555489 -3.485565 77.4 100.0 79.4 49.4 100.0 36.0 76.8 100.0 0.376 0.385 0.239 0.000 59.0 100.0 0.0 0.0 100.0 43.4 69.3 100.0 0.381 0.344 0.275 0.000 
286.7 40.555428 -3.485281 73.5 100.0 52.2 49.6 100.0 36.0 76.9 100.0 0.376 0.386 0.239 0.000 59.0 100.0 0.0 0.0 100.0 43.4 69.5 100.0 0.379 0.347 0.274 0.000 
287.7 40.555428 -3.485281 73.5 100.0 52.2 49.6 100.0 36.0 76.9 100.0 0.376 0.386 0.239 0.000 59.0 100.0 0.0 0.0 100.0 43.4 69.5 100.0 0.379 0.347 0.274 0.000 
288.7 40.555363 -3.485010 73.6 100.0 52.4 49.8 100.0 36.0 77.0 100.0 0.376 0.386 0.238 0.000 58.9 100.0 0.0 0.0 100.0 42.5 69.7 100.0 0.374 0.353 0.273 0.000 
289.7 40.555241 -3.484462 73.7 100.0 52.7 50.1 100.0 35.9 77.1 100.0 0.376 0.386 0.238 0.000 58.8 100.0 0.0 0.0 100.0 42.0 69.8 100.0 0.372 0.356 0.272 0.000 
290.7 40.555241 -3.484462 73.7 100.0 52.7 50.1 100.0 35.9 77.1 100.0 0.376 0.386 0.238 0.000 58.8 100.0 0.0 0.0 100.0 42.1 69.8 100.0 0.373 0.355 0.272 0.000 
291.7 40.555092 -3.483918 73.8 100.0 53.0 50.4 100.0 35.9 77.2 100.0 0.377 0.386 0.237 0.000 59.0 100.0 0.0 0.0 100.0 43.1 70.0 100.0 0.380 0.349 0.271 0.000 
292.7 40.555004 -3.483655 73.8 100.0 53.2 50.6 100.0 35.9 77.3 100.0 0.377 0.386 0.236 0.000 59.3 100.0 0.0 0.0 100.0 44.8 70.3 100.0 0.394 0.338 0.268 0.000 
293.7 40.554909 -3.483383 73.9 100.0 53.4 50.7 100.0 35.9 77.3 100.0 0.377 0.386 0.236 0.000 59.6 100.0 0.0 0.0 100.0 46.5 70.3 100.0 0.404 0.328 0.268 0.000 
294.7 40.554802 -3.483122 74.0 100.0 53.5 50.9 100.0 35.8 77.4 100.0 0.378 0.386 0.236 0.000 59.5 100.0 0.0 0.0 100.0 46.5 70.2 100.0 0.402 0.328 0.270 0.000 
295.7 40.554707 -3.482858 74.0 100.0 53.7 51.0 100.0 35.8 77.5 100.0 0.378 0.387 0.235 0.000 59.3 100.0 0.0 0.0 100.0 44.8 70.3 100.0 0.392 0.339 0.269 0.000 
296.7 40.554607 -3.482583 74.1 100.0 53.9 51.2 100.0 35.8 77.5 100.0 0.378 0.387 0.235 0.000 59.2 100.0 0.0 0.0 100.0 43.6 70.7 100.0 0.389 0.346 0.266 0.000 
297.7 40.554497 -3.482311 74.1 100.0 54.0 51.4 100.0 35.8 77.6 100.0 0.378 0.387 0.235 0.000 59.1 100.0 0.0 0.0 100.0 43.2 70.7 100.0 0.386 0.348 0.266 0.000 
298.7 40.554390 -3.482042 74.2 100.0 54.2 51.5 100.0 35.8 77.6 100.0 0.379 0.387 0.234 0.000 58.9 100.0 0.0 0.0 100.0 41.6 70.7 100.0 0.421 0.358 0.221 0.000 
299.7 40.554276 -3.481770 74.2 100.0 54.4 51.7 100.0 35.7 77.6 100.0 0.379 0.387 0.234 0.000 58.6 100.0 0.0 0.0 100.0 39.8 70.3 100.0 0.408 0.368 0.224 0.000 
300.7 40.554165 -3.481495 74.2 100.0 54.6 51.8 100.0 35.7 77.7 100.0 0.378 0.388 0.234 0.000 58.4 100.0 0.0 0.0 100.0 38.2 70.7 100.0 0.401 0.378 0.221 0.000 
301.7 40.554039 -3.481237 74.3 100.0 54.7 52.0 100.0 35.6 77.7 100.0 0.378 0.388 0.234 0.000 58.2 100.0 0.0 0.0 100.0 36.7 70.7 100.0 0.392 0.387 0.221 0.000 
302.7 40.553909 -3.480994 74.3 100.0 54.9 52.1 100.0 35.5 77.8 100.0 0.378 0.388 0.233 0.000 58.0 100.0 0.0 0.0 100.0 35.0 70.7 100.0 0.382 0.397 0.221 0.000 
303.7 40.553780 -3.480735 74.4 100.0 55.1 52.3 100.0 35.5 77.8 100.0 0.378 0.389 0.233 0.000 57.7 100.0 0.0 0.0 100.0 33.4 70.3 100.0 0.369 0.407 0.224 0.000 
304.7 40.553650 -3.480478 74.4 100.0 55.2 52.5 100.0 35.4 77.8 100.0 0.378 0.389 0.233 0.000 57.5 100.0 0.0 0.0 100.0 31.7 70.7 100.0 0.362 0.417 0.221 0.000 
305.7 40.553509 -3.480249 74.4 100.0 55.4 52.6 100.0 35.3 77.9 100.0 0.377 0.390 0.233 0.000 57.2 100.0 0.0 0.0 100.0 30.1 70.3 100.0 0.350 0.427 0.224 0.000 
306.7 40.553368 -3.479999 74.5 100.0 55.5 52.8 100.0 35.2 77.9 100.0 0.377 0.391 0.233 0.000 57.0 100.0 0.0 0.0 100.0 28.4 70.3 100.0 0.339 0.437 0.224 0.000 
307.7 40.553368 -3.479999 74.5 100.0 55.5 52.8 100.0 35.0 77.9 100.0 0.376 0.391 0.233 0.000 56.7 100.0 0.0 0.0 100.0 26.9 70.3 100.0 0.330 0.446 0.224 0.000 
308.7 40.553070 -3.479547 74.5 100.0 55.8 53.0 100.0 34.9 78.0 100.0 0.376 0.392 0.232 0.000 56.7 100.0 0.0 0.0 100.0 25.5 71.0 100.0 0.326 0.454 0.220 0.000 
309.7 40.552917 -3.479305 74.6 100.0 56.0 53.2 100.0 34.7 78.0 100.0 0.375 0.393 0.232 0.000 56.5 100.0 0.0 0.0 100.0 24.1 71.4 100.0 0.321 0.462 0.217 0.000 
310.7 40.552757 -3.479082 66.6 100.0 0.0 53.3 100.0 34.6 78.1 100.0 0.374 0.395 0.231 0.000 56.7 100.0 0.0 0.0 100.0 24.1 72.6 100.0 0.322 0.467 0.210 0.000 
311.7 40.552620 -3.478856 66.6 100.0 0.0 53.5 100.0 34.5 78.2 100.0 0.373 0.396 0.231 0.000 56.7 100.0 0.0 0.0 100.0 24.1 73.1 100.0 0.326 0.467 0.207 0.000 
312.7 40.552620 -3.478856 66.6 100.0 0.0 53.5 100.0 34.3 78.2 100.0 0.372 0.397 0.231 0.000 56.5 100.0 0.0 0.0 100.0 22.4 73.1 100.0 0.316 0.478 0.207 0.000 
313.7 40.552464 -3.478633 66.6 100.0 0.0 53.6 100.0 34.1 78.3 100.0 0.372 0.398 0.230 0.000 56.4 100.0 0.0 0.0 100.0 20.6 74.3 100.0 0.311 0.489 0.200 0.000 
314.7 40.552170 -3.478206 66.6 100.0 0.0 53.9 100.0 34.0 78.4 100.0 0.372 0.399 0.230 0.000 56.4 100.0 0.0 0.0 100.0 18.9 75.6 100.0 0.310 0.498 0.192 0.000 
315.7 40.552010 -3.477996 66.6 100.0 0.0 54.0 100.0 33.8 78.5 100.0 0.371 0.400 0.229 1.000 56.3 100.0 0.0 0.0 100.0 17.7 76.4 100.0 0.307 0.506 0.187 1.000 
316.7 40.552010 -3.477996 66.6 100.0 0.0 54.0 100.0 33.6 78.5 100.0 0.370 0.401 0.229 0.000 56.3 100.0 0.0 0.0 100.0 17.8 76.4 100.0 0.307 0.506 0.187 0.000 
317.7 40.551685 -3.477589 66.6 100.0 0.0 54.3 100.0 33.4 78.5 100.0 0.369 0.402 0.229 0.000 56.5 100.0 0.0 0.0 100.0 17.6 77.8 100.0 0.315 0.506 0.179 0.000 
318.7 40.551506 -3.477398 66.6 100.0 0.0 54.5 100.0 33.2 78.6 100.0 0.368 0.403 0.229 1.000 56.5 100.0 0.0 0.0 100.0 17.4 78.5 100.0 0.317 0.508 0.175 1.000 
319.7 40.551327 -3.477215 66.6 100.0 0.0 54.6 100.0 33.0 78.6 100.0 0.367 0.404 0.228 0.000 56.5 100.0 0.0 0.0 100.0 16.3 79.2 100.0 0.314 0.514 0.171 0.000 
320.7 40.551147 -3.477020 66.6 100.0 0.0 54.7 100.0 32.8 78.7 100.0 0.366 0.406 0.228 0.000 56.5 100.0 0.0 0.0 100.0 15.9 79.8 100.0 0.316 0.517 0.167 0.000 
321.7 40.550964 -3.476825 66.6 100.0 0.0 54.9 100.0 32.6 78.7 100.0 0.365 0.407 0.228 1.000 56.7 100.0 0.0 0.0 100.0 16.8 80.0 100.0 0.322 0.511 0.166 1.000 
322.7 40.550785 -3.476619 66.6 100.0 0.0 55.0 100.0 32.4 78.7 100.0 0.365 0.408 0.228 0.000 56.9 100.0 0.0 0.0 100.0 18.5 80.2 100.0 0.333 0.502 0.165 0.000 
323.7 40.550785 -3.476619 66.6 100.0 0.0 55.0 100.0 32.3 78.7 100.0 0.364 0.409 0.228 0.000 57.1 100.0 0.0 0.0 100.0 19.4 80.2 100.0 0.339 0.496 0.165 0.000 
324.7 40.550415 -3.476243 66.6 100.0 0.0 55.3 100.0 32.1 78.8 100.0 0.363 0.410 0.227 0.000 57.3 100.0 0.0 0.0 100.0 19.4 82.0 100.0 0.349 0.496 0.155 0.000 
325.7 40.550415 -3.476243 66.6 100.0 0.0 55.3 100.0 32.0 78.8 100.0 0.362 0.411 0.227 0.000 57.4 100.0 0.0 0.0 100.0 19.5 82.0 100.0 0.349 0.496 0.155 0.000 
326.7 40.550228 -3.476070 66.6 100.0 0.0 55.4 100.0 31.8 78.8 100.0 0.361 0.411 0.227 0.000 57.4 100.0 0.0 0.0 100.0 19.4 82.7 100.0 0.352 0.496 0.151 0.000 
327.7 40.549831 -3.475725 66.6 100.0 0.0 55.7 100.0 31.7 78.9 100.0 0.361 0.412 0.227 0.000 57.6 100.0 0.0 0.0 100.0 19.4 83.4 100.0 0.361 0.493 0.146 0.000 
328.7 40.549831 -3.475725 66.6 100.0 0.0 55.7 100.0 31.5 78.9 100.0 0.360 0.413 0.227 0.000 57.6 100.0 0.0 0.0 100.0 19.5 83.4 100.0 0.361 0.493 0.146 0.000 
329.7 40.549423 -3.475401 66.6 100.0 0.0 56.0 100.0 31.4 79.0 100.0 0.360 0.414 0.226 0.000 57.7 100.0 0.0 0.0 100.0 20.2 83.4 100.0 0.365 0.489 0.146 0.000 
330.7 40.549202 -3.475250 66.6 100.0 0.0 56.1 100.0 31.2 79.0 100.0 0.359 0.415 0.226 0.000 57.8 100.0 0.0 0.0 100.0 21.4 83.4 100.0 0.372 0.482 0.146 0.000 
331.7 40.548985 -3.475118 66.6 100.0 0.0 56.2 100.0 31.1 79.0 100.0 0.359 0.416 0.226 0.000 58.0 100.0 0.0 0.0 100.0 22.9 83.4 100.0 0.381 0.473 0.146 0.000 
332.7 40.548767 -3.474975 66.6 100.0 0.0 56.4 100.0 31.0 79.1 100.0 0.358 0.416 0.226 0.000 58.1 100.0 0.0 0.0 100.0 22.8 84.0 100.0 0.383 0.473 0.144 0.000 
333.7 40.548538 -3.474841 66.6 100.0 0.0 56.5 100.0 30.9 79.1 100.0 0.357 0.417 0.225 0.000 58.0 100.0 0.0 0.0 100.0 21.6 84.1 100.0 0.424 0.481 0.095 0.000 
334.7 40.548538 -3.474841 66.6 100.0 0.0 56.5 100.0 30.7 79.1 100.0 0.357 0.418 0.225 0.000 57.8 100.0 0.0 0.0 100.0 20.8 84.1 100.0 0.420 0.485 0.095 0.000 
335.7 40.548325 -3.474707 66.6 100.0 0.0 56.6 100.0 30.6 79.1 100.0 0.356 0.419 0.225 0.000 58.0 100.0 0.0 0.0 100.0 20.8 85.3 100.0 0.427 0.485 0.088 0.000 
336.7 40.548107 -3.474571 66.6 100.0 0.0 56.8 100.0 30.5 79.2 100.0 0.356 0.419 0.225 0.000 58.1 100.0 0.0 0.0 100.0 21.0 86.0 100.0 0.432 0.484 0.084 0.000 
337.7 40.547672 -3.474321 66.7 100.0 0.0 57.0 100.0 30.3 79.2 100.0 0.355 0.420 0.225 0.000 72.5 100.0 0.0 100.0 100.0 21.0 86.7 100.0 0.439 0.481 0.080 0.000 
338.7 40.547447 -3.474213 66.7 100.0 0.0 57.1 100.0 30.2 79.3 100.0 0.355 0.421 0.224 1.000 72.7 100.0 0.0 100.0 100.0 21.0 88.0 100.0 0.446 0.482 0.072 1.000 
339.7 40.547215 -3.474119 66.7 100.0 0.0 57.3 100.0 30.1 79.3 100.0 0.354 0.422 0.224 0.000 72.8 100.0 0.0 100.0 100.0 21.1 88.7 100.0 0.451 0.481 0.068 0.000 
340.7 40.546986 -3.474026 66.7 100.0 0.0 57.4 100.0 30.0 79.3 100.0 0.354 0.422 0.224 0.000 72.9 100.0 0.0 100.0 100.0 21.0 89.3 100.0 0.454 0.482 0.064 0.000 
341.7 40.546986 -3.474026 66.7 100.0 0.0 57.4 100.0 29.8 79.3 100.0 0.353 0.423 0.224 0.000 72.9 100.0 0.0 100.0 100.0 21.0 89.3 100.0 0.455 0.481 0.064 0.000 
342.7 40.546513 -3.473846 66.7 100.0 0.0 57.6 100.0 29.7 79.4 100.0 0.352 0.424 0.224 0.000 73.1 100.0 0.0 100.0 100.0 21.1 90.7 100.0 0.463 0.481 0.056 0.000 
343.7 40.546272 -3.473770 66.7 100.0 0.0 57.8 100.0 29.6 79.4 100.0 0.352 0.425 0.223 0.000 73.1 100.0 0.0 100.0 100.0 21.1 90.7 100.0 0.463 0.481 0.056 0.000 
344.7 40.546040 -3.473695 66.7 100.0 0.0 57.9 100.0 29.5 79.5 100.0 0.351 0.425 0.223 0.000 73.2 100.0 0.0 100.0 100.0 21.0 91.3 100.0 0.466 0.482 0.052 0.000 
345.7 40.545807 -3.473610 66.7 100.0 0.0 58.0 100.0 29.4 79.5 100.0 0.351 0.426 0.223 1.000 73.3 100.0 0.0 100.0 100.0 21.0 92.0 100.0 0.470 0.482 0.048 1.000 
346.7 40.545570 -3.473548 66.7 100.0 0.0 58.1 100.0 29.2 79.5 100.0 0.350 0.427 0.223 1.000 73.3 100.0 0.0 100.0 100.0 20.9 91.8 100.0 0.471 0.480 0.049 1.000 
347.7 40.545345 -3.473469 66.7 100.0 0.0 58.3 100.0 29.1 79.6 100.0 0.350 0.427 0.223 0.000 73.2 100.0 0.0 100.0 100.0 20.9 91.8 100.0 0.471 0.479 0.049 0.000 
348.7 40.545345 -3.473469 66.7 100.0 0.0 58.3 100.0 29.0 79.6 100.0 0.349 0.428 0.223 0.000 73.2 100.0 0.0 100.0 100.0 20.9 91.8 100.0 0.471 0.480 0.049 0.000 
349.7 40.544888 -3.473315 66.7 100.0 0.0 58.5 100.0 28.9 79.6 100.0 0.349 0.429 0.222 0.000 73.2 100.0 0.0 100.0 100.0 20.8 91.5 100.0 0.469 0.480 0.051 0.000 
350.7 40.544651 -3.473244 66.7 100.0 0.0 58.6 100.0 28.8 79.7 100.0 0.348 0.430 0.222 0.000 73.2 100.0 0.0 100.0 100.0 20.7 91.5 100.0 0.468 0.481 0.051 0.000 
351.7 40.544651 -3.473244 66.7 100.0 0.0 58.6 100.0 28.7 79.7 100.0 0.348 0.430 0.222 0.000 73.0 100.0 0.0 100.0 100.0 19.7 91.5 100.0 0.462 0.487 0.051 0.000 
352.7 40.544193 -3.473083 66.7 100.0 0.0 58.8 100.0 28.5 79.7 100.0 0.347 0.431 0.222 0.000 72.9 100.0 0.0 100.0 100.0 18.9 91.3 100.0 0.456 0.492 0.052 0.000 
353.7 40.543964 -3.473021 66.7 100.0 0.0 59.0 100.0 28.4 79.7 100.0 0.347 0.432 0.222 0.000 72.9 100.0 0.0 100.0 100.0 19.0 91.3 100.0 0.457 0.491 0.052 0.000 
354.7 40.543732 -3.472952 66.7 100.0 0.0 59.1 100.0 28.3 79.8 100.0 0.346 0.432 0.221 1.000 73.0 100.0 0.0 100.0 100.0 19.8 91.3 100.0 0.462 0.486 0.052 1.000 
355.7 40.543510 -3.472890 66.7 100.0 0.0 59.2 100.0 28.2 79.8 100.0 0.346 0.433 0.221 1.000 73.2 100.0 0.0 100.0 100.0 21.5 91.1 100.0 0.471 0.476 0.053 1.000 
356.7 40.543285 -3.472819 66.7 100.0 0.0 59.3 100.0 28.1 79.8 100.0 0.345 0.434 0.221 0.000 73.3 100.0 0.0 100.0 100.0 22.3 91.0 100.0 0.475 0.471 0.054 0.000 
357.7 40.543064 -3.472754 66.7 100.0 0.0 59.4 100.0 28.0 79.9 100.0 0.345 0.434 0.221 0.000 73.3 100.0 0.0 100.0 100.0 22.3 91.0 100.0 0.475 0.471 0.054 0.000 
358.7 40.542839 -3.472687 66.8 100.0 0.0 59.5 100.0 27.9 79.9 100.0 0.344 0.435 0.221 0.000 73.3 100.0 0.0 100.0 100.0 22.3 91.0 100.0 0.474 0.472 0.054 0.000 
359.7 40.542606 -3.472609 66.8 100.0 0.0 59.6 100.0 27.8 79.9 100.0 0.344 0.435 0.221 1.000 73.3 100.0 0.0 100.0 100.0 22.4 91.0 100.0 0.475 0.471 0.054 1.000 
360.7 40.542606 -3.472609 66.7 100.0 0.0 59.6 100.0 27.7 79.9 100.0 0.344 0.436 0.221 0.000 73.3 100.0 0.0 100.0 100.0 22.3 91.0 100.0 0.475 0.471 0.054 0.000 
361.7 40.542152 -3.472449 66.8 100.0 0.0 59.8 100.0 27.6 80.0 100.0 0.343 0.436 0.220 0.000 73.4 100.0 0.0 100.0 100.0 22.5 91.0 100.0 0.476 0.470 0.054 0.000 
362.7 40.541924 -3.472370 66.8 100.0 0.0 60.0 100.0 27.5 80.0 100.0 0.343 0.437 0.220 0.000 73.6 100.0 0.0 100.0 100.0 24.1 91.0 100.0 0.485 0.461 0.054 0.000 
363.7 40.541695 -3.472292 66.8 100.0 0.0 60.1 100.0 27.5 80.0 100.0 0.343 0.437 0.220 0.000 73.8 100.0 0.0 100.0 100.0 25.9 91.0 100.0 0.496 0.450 0.054 0.000 
364.7 40.541695 -3.472292 66.8 100.0 0.0 60.1 100.0 27.4 80.0 100.0 0.342 0.438 0.220 0.000 74.0 100.0 0.0 100.0 100.0 27.0 91.0 100.0 0.503 0.443 0.054 0.000 
365.7 40.541248 -3.472146 66.8 100.0 0.0 60.3 100.0 27.3 80.1 100.0 0.343 0.438 0.219 1.000 74.0 100.0 0.0 100.0 100.0 26.9 91.1 100.0 0.503 0.443 0.053 1.000 
366.7 40.541016 -3.472076 66.8 100.0 0.0 60.4 100.0 27.3 80.2 100.0 0.342 0.438 0.219 0.000 74.0 100.0 0.0 100.0 100.0 27.0 91.3 100.0 0.505 0.443 0.052 0.000 
367.7 40.540791 -3.472015 66.8 100.0 0.0 60.5 100.0 27.2 80.2 100.0 0.342 0.439 0.219 1.000 74.0 100.0 0.0 100.0 100.0 26.9 91.3 100.0 0.505 0.443 0.052 1.000 
368.7 40.540562 -3.471934 66.8 100.0 0.0 60.6 100.0 27.1 80.2 100.0 0.342 0.439 0.219 1.000 74.0 100.0 0.0 100.0 100.0 26.8 91.3 100.0 0.504 0.444 0.052 1.000 
369.7 40.540337 -3.471855 66.9 100.0 0.0 60.7 100.0 27.1 80.2 100.0 0.342 0.440 0.219 1.000 74.0 100.0 0.0 100.0 100.0 26.8 91.3 100.0 0.504 0.444 0.052 1.000 
370.7 40.540108 -3.471784 66.9 100.0 0.0 60.8 100.0 27.0 80.3 100.0 0.342 0.440 0.218 0.000 88.3 100.0 100.0 100.0 100.0 26.8 91.3 100.0 0.509 0.439 0.052 0.000 
371.7 40.539883 -3.471709 66.9 100.0 0.0 60.9 100.0 27.0 80.3 100.0 0.341 0.440 0.218 0.000 88.3 100.0 100.0 100.0 100.0 26.8 91.1 100.0 0.508 0.439 0.053 0.000 
372.7 40.539658 -3.471627 66.9 100.0 0.0 61.0 100.0 26.9 80.3 100.0 0.341 0.441 0.218 0.000 88.3 100.0 100.0 100.0 100.0 26.9 91.0 100.0 0.507 0.439 0.054 0.000 
373.7 40.539425 -3.471553 66.9 100.0 0.0 61.1 100.0 26.8 80.4 100.0 0.341 0.441 0.218 0.000 88.3 100.0 100.0 100.0 100.0 27.5 90.8 100.0 0.510 0.435 0.055 0.000 
374.7 40.539425 -3.471553 66.9 100.0 0.0 61.1 100.0 26.8 80.4 100.0 0.341 0.441 0.218 0.000 88.3 100.0 100.0 100.0 100.0 27.4 90.8 100.0 0.510 0.435 0.055 0.000 
375.7 40.539204 -3.471478 66.9 100.0 0.0 61.2 100.0 26.7 80.4 100.0 0.341 0.442 0.218 0.000 88.3 100.0 100.0 100.0 100.0 27.3 90.5 100.0 0.507 0.436 0.057 0.000 
376.7 40.538982 -3.471399 66.9 100.0 0.0 61.3 100.0 26.7 80.4 100.0 0.340 0.442 0.218 0.000 88.0 100.0 100.0 100.0 100.0 25.6 90.3 100.0 0.496 0.446 0.058 0.000 
377.7 40.538754 -3.471329 66.9 100.0 0.0 61.4 100.0 26.6 80.4 100.0 0.340 0.443 0.217 0.000 87.8 100.0 100.0 100.0 100.0 24.1 90.3 100.0 0.487 0.455 0.058 0.000 
378.7 40.538315 -3.471196 66.9 100.0 0.0 61.6 100.0 26.5 80.5 100.0 0.340 0.443 0.217 0.000 87.6 100.0 100.0 100.0 100.0 22.6 90.3 100.0 0.477 0.465 0.058 0.000 
379.7 40.538090 -3.471119 66.9 100.0 0.0 61.7 100.0 26.4 80.5 100.0 0.340 0.443 0.217 0.000 87.5 100.0 100.0 100.0 100.0 22.0 90.3 100.0 0.474 0.468 0.058 0.000 
380.7 40.537865 -3.471038 67.0 100.0 0.0 61.8 100.0 26.3 80.5 100.0 0.339 0.444 0.217 0.000 87.4 100.0 100.0 100.0 100.0 21.3 90.3 100.0 0.470 0.472 0.058 0.000 
381.7 40.537647 -3.470969 67.0 100.0 0.0 61.9 100.0 26.2 80.6 100.0 0.339 0.445 0.217 0.000 87.1 100.0 100.0 100.0 100.0 19.5 90.3 100.0 0.459 0.483 0.058 0.000 
382.7 40.537411 -3.470906 67.0 100.0 0.0 62.0 100.0 26.1 80.6 100.0 0.338 0.445 0.217 0.000 86.9 100.0 100.0 100.0 100.0 17.9 90.3 100.0 0.449 0.493 0.058 0.000 
383.7 40.537182 -3.470818 67.0 100.0 0.0 62.1 100.0 26.0 80.6 100.0 0.338 0.446 0.216 0.000 86.8 100.0 100.0 100.0 100.0 17.0 90.3 100.0 0.444 0.498 0.058 0.000 
384.7 40.536957 -3.470725 67.0 100.0 0.0 62.2 100.0 25.9 80.6 100.0 0.337 0.447 0.216 0.000 86.8 100.0 100.0 100.0 100.0 17.0 90.3 100.0 0.444 0.498 0.058 0.000 
385.7 40.536736 -3.470639 67.0 100.0 0.0 62.3 100.0 25.8 80.7 100.0 0.337 0.447 0.216 0.000 86.8 100.0 100.0 100.0 100.0 17.0 90.3 100.0 0.444 0.498 0.058 0.000 
386.7 40.536514 -3.470546 67.0 100.0 0.0 62.4 100.0 25.7 80.7 100.0 0.336 0.448 0.216 0.000 86.8 100.0 100.0 100.0 100.0 16.9 90.3 100.0 0.444 0.498 0.058 0.000 
387.7 40.536297 -3.470441 67.0 100.0 0.0 62.5 100.0 25.6 80.7 100.0 0.336 0.449 0.216 0.000 86.8 100.0 100.0 100.0 100.0 16.9 90.3 100.0 0.444 0.498 0.058 0.000 
388.7 40.536083 -3.470299 67.0 100.0 0.0 62.6 100.0 25.5 80.7 100.0 0.335 0.449 0.216 0.000 86.7 100.0 100.0 100.0 100.0 16.9 90.3 100.0 0.443 0.499 0.058 0.000 
389.7 40.535892 -3.470128 67.0 100.0 0.0 62.6 100.0 25.4 80.8 100.0 0.335 0.450 0.215 0.000 86.8 100.0 100.0 100.0 100.0 16.9 90.3 100.0 0.444 0.498 0.058 0.000 
390.7 40.535702 -3.469965 67.0 100.0 0.0 62.7 100.0 25.3 80.8 100.0 0.334 0.450 0.215 0.000 86.8 100.0 100.0 100.0 100.0 17.1 90.3 100.0 0.445 0.497 0.058 0.000 
391.7 40.535522 -3.469780 67.0 100.0 0.0 62.8 100.0 25.2 80.8 100.0 0.334 0.451 0.215 0.000 86.8 100.0 100.0 100.0 100.0 17.4 90.3 100.0 0.446 0.496 0.058 0.000 
392.7 40.535351 -3.469602 67.0 100.0 0.0 62.9 100.0 25.1 80.9 100.0 0.333 0.452 0.215 0.000 83.7 100.0 76.1 100.0 100.0 19.1 90.5 100.0 0.457 0.486 0.058 0.000 
393.7 40.535194 -3.469423 67.0 100.0 0.0 63.0 100.0 25.0 80.9 100.0 0.333 0.452 0.215 0.000 83.9 100.0 76.0 100.0 100.0 20.9 90.7 100.0 0.469 0.475 0.057 0.000 
394.7 40.535053 -3.469234 67.0 100.0 0.0 63.1 100.0 24.9 81.0 100.0 0.333 0.453 0.214 0.000 84.2 100.0 75.9 100.0 100.0 22.4 90.8 100.0 0.479 0.466 0.056 0.000 
395.7 40.534897 -3.469043 67.0 100.0 0.0 63.2 100.0 24.8 81.0 100.0 0.333 0.453 0.214 0.000 84.4 100.0 75.9 100.0 100.0 24.1 90.8 100.0 0.489 0.455 0.055 0.000 
396.7 40.534748 -3.468828 67.0 100.0 0.0 63.2 100.0 24.8 81.0 100.0 0.332 0.453 0.214 0.000 84.5 100.0 75.8 100.0 100.0 24.7 90.8 100.0 0.493 0.452 0.055 0.000 
397.7 40.534748 -3.468828 67.0 100.0 0.0 63.2 100.0 24.7 81.0 100.0 0.332 0.454 0.214 0.000 84.5 100.0 75.8 100.0 100.0 24.7 90.8 100.0 0.493 0.452 0.055 0.000 
398.7 40.534489 -3.468367 67.0 100.0 0.0 63.4 100.0 24.7 81.0 100.0 0.332 0.454 0.214 0.000 84.4 100.0 75.2 100.0 100.0 24.7 90.9 100.0 0.493 0.452 0.055 0.000 
399.7 40.534363 -3.468116 67.0 100.0 0.0 63.5 100.0 24.6 81.0 100.0 0.331 0.454 0.214 0.000 84.6 100.0 75.7 100.0 100.0 25.3 90.9 100.0 0.497 0.448 0.055 0.000 
400.7 40.534363 -3.468116 67.0 100.0 0.0 63.5 100.0 24.6 81.0 100.0 0.331 0.454 0.214 0.000 84.7 100.0 75.7 100.0 100.0 26.5 90.9 100.0 0.504 0.441 0.055 0.000 
401.7 40.534138 -3.467582 67.0 100.0 0.0 63.7 100.0 24.5 81.0 100.0 0.331 0.455 0.214 0.000 84.9 100.0 75.7 100.0 100.0 27.8 90.9 100.0 0.512 0.433 0.055 0.000 
402.7 40.534035 -3.467309 67.0 100.0 0.0 63.8 100.0 24.5 81.0 100.0 0.331 0.455 0.214 0.000 85.2 100.0 75.7 100.0 100.0 29.5 90.9 100.0 0.522 0.423 0.055 0.000 
403.7 40.533943 -3.467027 67.1 100.0 0.0 63.9 100.0 24.5 81.0 100.0 0.331 0.455 0.214 0.000 85.4 100.0 75.6 100.0 100.0 31.3 90.9 100.0 0.533 0.412 0.055 0.000 
404.7 40.533871 -3.466745 67.1 100.0 0.0 63.9 100.0 24.5 81.1 100.0 0.331 0.455 0.214 0.000 85.6 100.0 75.6 100.0 100.0 32.6 90.9 100.0 0.541 0.404 0.055 0.000 
405.7 40.533871 -3.466745 67.1 100.0 0.0 63.9 100.0 24.4 81.1 100.0 0.331 0.455 0.214 0.000 85.6 100.0 75.6 100.0 100.0 32.6 90.9 100.0 0.541 0.404 0.055 0.000 
406.7 40.533752 -3.466132 67.1 100.0 0.0 64.1 100.0 24.4 81.1 100.0 0.331 0.455 0.213 0.000 85.7 100.0 75.6 100.0 100.0 33.2 90.9 100.0 0.544 0.401 0.055 0.000 
407.7 40.533714 -3.465841 67.1 100.0 0.0 64.2 100.0 24.4 81.1 100.0 0.331 0.455 0.213 0.000 85.8 100.0 75.0 100.0 100.0 34.7 90.9 100.0 0.553 0.392 0.055 0.000 
408.7 40.533691 -3.465537 67.1 100.0 0.0 64.3 100.0 24.4 81.2 100.0 0.331 0.455 0.213 0.000 86.1 100.0 75.6 100.0 100.0 36.5 90.9 100.0 0.564 0.381 0.055 0.000 
409.7 40.533665 -3.465235 67.1 100.0 0.0 64.4 100.0 24.4 81.2 100.0 0.332 0.455 0.213 0.000 86.3 100.0 75.0 100.0 100.0 38.2 90.9 100.0 0.574 0.371 0.055 0.000 
410.7 40.533657 -3.464938 67.2 100.0 0.0 64.4 100.0 24.4 81.2 100.0 0.332 0.455 0.213 0.000 86.6 100.0 75.0 100.0 100.0 40.1 90.9 100.0 0.586 0.359 0.055 0.000 
411.7 40.533653 -3.464631 67.2 100.0 0.0 64.5 100.0 24.4 81.2 100.0 0.332 0.455 0.213 0.000 86.9 100.0 75.5 100.0 100.0 41.9 90.9 100.0 0.596 0.349 0.055 0.000 
412.7 40.533653 -3.464631 67.2 100.0 0.0 64.5 100.0 24.4 81.2 100.0 0.332 0.455 0.213 0.000 86.9 100.0 75.5 100.0 100.0 41.7 90.9 100.0 0.595 0.350 0.055 0.000 
413.7 40.533634 -3.464003 67.2 100.0 0.0 64.7 100.0 24.5 81.3 100.0 0.332 0.455 0.212 0.000 86.6 100.0 75.0 100.0 100.0 40.1 90.9 100.0 0.586 0.359 0.055 0.000 
414.7 40.533646 -3.463674 67.2 100.0 0.0 64.8 100.0 24.5 81.3 100.0 0.333 0.455 0.212 0.000 86.4 100.0 75.0 100.0 100.0 38.9 90.9 100.0 0.578 0.367 0.055 0.000 
415.7 40.533649 -3.463358 67.2 100.0 0.0 64.9 100.0 24.5 81.3 100.0 0.333 0.455 0.212 0.000 86.4 100.0 75.1 100.0 100.0 38.6 90.9 100.0 0.576 0.369 0.055 0.000 
416.7 40.533649 -3.463358 67.2 100.0 0.0 64.9 100.0 24.5 81.3 100.0 0.333 0.455 0.212 0.000 86.4 100.0 75.1 100.0 100.0 38.7 90.9 100.0 0.577 0.368 0.055 0.000 
417.8 40.533649 -3.462707 67.3 100.0 0.0 65.1 100.0 24.5 81.3 100.0 0.332 0.455 0.213 0.000 86.4 100.0 75.6 100.0 100.0 39.0 90.2 100.0 0.574 0.366 0.059 0.000 
418.7 40.533649 -3.462707 67.3 100.0 0.0 65.1 100.0 24.5 81.3 100.0 0.333 0.455 0.213 0.000 86.5 100.0 75.6 100.0 100.0 39.5 90.2 100.0 0.578 0.363 0.059 0.000 
419.7 40.533649 -3.462066 67.3 100.0 0.0 65.2 100.0 24.5 81.1 100.0 0.332 0.455 0.213 0.000 86.2 100.0 75.7 100.0 100.0 39.3 88.8 100.0 0.568 0.364 0.068 0.000 
420.7 40.533649 -3.461735 67.3 100.0 0.0 65.3 100.0 24.5 81.0 100.0 0.331 0.455 0.214 0.000 86.4 100.0 75.7 100.0 100.0 41.0 88.0 100.0 0.574 0.354 0.072 0.000 
421.7 40.533649 -3.461735 67.3 100.0 0.0 65.3 100.0 24.5 81.0 100.0 0.331 0.455 0.214 0.000 86.6 100.0 75.7 100.0 100.0 42.5 88.0 100.0 0.583 0.345 0.072 0.000 
422.7 40.533649 -3.461050 67.3 100.0 0.0 65.5 100.0 24.5 80.9 100.0 0.331 0.455 0.215 0.000 86.4 100.0 75.9 100.0 100.0 42.4 86.6 100.0 0.574 0.345 0.081 0.000 
423.7 40.533646 -3.460708 67.3 100.0 0.0 65.6 100.0 24.5 80.8 100.0 0.330 0.455 0.215 0.000 86.3 100.0 75.9 100.0 100.0 42.4 85.9 100.0 0.569 0.345 0.085 0.000 
424.7 40.533646 -3.460708 67.3 100.0 0.0 65.6 100.0 24.6 80.8 100.0 0.330 0.454 0.215 0.000 86.2 100.0 75.9 100.0 100.0 41.4 85.9 100.0 0.563 0.352 0.085 0.000 
425.7 40.533649 -3.460369 67.3 100.0 0.0 65.7 100.0 24.6 80.7 100.0 0.330 0.454 0.216 0.000 86.0 100.0 75.5 100.0 100.0 41.3 85.1 100.0 0.558 0.352 0.090 0.000 
426.7 40.533649 -3.460039 67.3 100.0 0.0 65.7 100.0 24.6 80.7 100.0 0.330 0.454 0.216 0.000 85.9 100.0 75.5 100.0 100.0 41.7 84.2 100.0 0.555 0.350 0.095 0.000 
427.7 40.533657 -3.459366 66.3 100.0 0.0 59.3 100.0 24.6 80.5 100.0 0.329 0.454 0.217 0.000 79.3 100.0 76.1 53.9 100.0 42.5 82.7 100.0 0.550 0.345 0.105 0.000 
428.7 40.533665 -3.459033 66.4 100.0 0.1 59.4 100.0 24.6 80.4 100.0 0.328 0.454 0.218 0.000 79.5 100.0 76.2 53.9 100.0 44.2 82.0 100.0 0.556 0.335 0.109 0.000 
429.7 40.533676 -3.458688 66.4 100.0 0.3 59.5 100.0 24.6 80.4 100.0 0.328 0.454 0.218 0.000 79.6 100.0 76.2 54.0 100.0 45.9 81.2 100.0 0.562 0.324 0.113 0.000 
430.7 40.533676 -3.458688 66.4 100.0 0.3 59.5 100.0 24.7 80.4 100.0 0.328 0.454 0.218 0.000 79.9 100.0 76.2 54.0 100.0 47.7 81.2 100.0 0.573 0.314 0.113 0.000 
431.7 40.533680 -3.458026 66.5 100.0 0.6 59.7 100.0 24.7 80.2 100.0 0.328 0.454 0.219 0.000 79.7 100.0 75.8 53.4 100.0 49.1 79.6 100.0 0.572 0.305 0.123 0.000 
432.7 40.533680 -3.457692 66.5 100.0 0.8 59.8 100.0 24.7 80.1 100.0 0.327 0.453 0.219 0.000 79.6 100.0 75.8 53.5 100.0 49.1 78.9 100.0 0.567 0.306 0.127 0.000 
433.7 40.533669 -3.457355 66.5 100.0 1.0 59.9 100.0 24.8 80.1 100.0 0.327 0.453 0.220 0.000 79.4 100.0 75.9 53.5 100.0 48.4 78.2 100.0 0.559 0.309 0.132 0.000 
434.7 40.533669 -3.457355 66.5 100.0 1.0 59.9 100.0 24.8 80.1 100.0 0.327 0.453 0.220 0.000 79.5 100.0 75.9 53.5 100.0 48.7 78.2 100.0 0.560 0.308 0.132 0.000 
435.7 40.533684 -3.457029 66.6 100.0 1.2 60.0 100.0 24.8 80.0 100.0 0.327 0.453 0.220 0.000 79.7 100.0 76.4 54.3 100.0 49.5 77.7 100.0 0.562 0.303 0.135 0.000 
436.7 40.533684 -3.456351 66.6 100.0 1.6 60.2 100.0 24.9 79.9 100.0 0.326 0.453 0.221 0.000 79.8 100.0 76.5 54.5 100.0 51.0 76.2 100.0 0.563 0.294 0.143 0.000 
437.7 40.533684 -3.456351 66.6 100.0 1.6 60.2 100.0 24.9 79.9 100.0 0.327 0.452 0.221 0.000 79.9 100.0 76.5 54.5 100.0 52.3 76.2 100.0 0.571 0.286 0.143 0.000 
438.7 40.533684 -3.455678 66.7 100.0 1.9 60.4 100.0 24.9 79.7 100.0 0.326 0.452 0.222 0.000 79.8 100.0 76.2 54.0 100.0 54.0 74.5 100.0 0.570 0.276 0.154 0.000 
439.7 40.533684 -3.455678 66.7 100.0 1.9 60.4 100.0 25.0 79.7 100.0 0.326 0.452 0.222 0.000 80.1 100.0 76.2 54.0 100.0 56.0 74.5 100.0 0.582 0.264 0.154 0.000 
440.7 40.533695 -3.455026 66.8 100.0 2.3 60.6 100.0 25.0 79.6 100.0 0.326 0.452 0.223 0.000 80.2 100.0 76.2 54.1 100.0 57.9 73.1 100.0 0.585 0.253 0.162 0.000 
441.7 40.533695 -3.455026 66.8 100.0 2.3 60.6 100.0 25.1 79.6 100.0 0.326 0.451 0.223 0.000 80.4 100.0 76.2 54.1 100.0 59.8 73.1 100.0 0.596 0.241 0.162 0.000 
442.7 40.533699 -3.454365 66.9 100.0 2.6 60.8 100.0 25.1 79.5 100.0 0.326 0.451 0.223 0.000 80.9 100.0 76.8 54.9 100.0 61.6 72.7 100.0 0.605 0.230 0.165 0.000 
443.7 40.533707 -3.454044 66.9 100.0 2.8 60.8 100.0 25.2 79.6 100.0 0.327 0.451 0.223 0.000 81.1 100.0 76.8 55.0 100.0 63.0 72.7 100.0 0.613 0.222 0.165 0.000 
444.7 40.533707 -3.453720 67.0 100.0 3.0 60.9 100.0 25.2 79.6 100.0 0.327 0.450 0.223 0.000 81.1 100.0 76.8 55.0 100.0 62.9 72.7 100.0 0.613 0.222 0.165 0.000 
445.7 40.533707 -3.453720 67.0 100.0 3.0 60.9 100.0 25.3 79.6 100.0 0.327 0.450 0.223 0.000 81.2 100.0 76.8 55.0 100.0 63.7 72.7 100.0 0.617 0.218 0.165 0.000 
446.7 40.533718 -3.453078 67.1 100.0 3.3 61.1 100.0 25.3 79.6 100.0 0.328 0.450 0.222 0.000 81.4 100.0 76.9 55.1 100.0 65.5 72.7 100.0 0.628 0.207 0.165 0.000 
447.7 40.533718 -3.453078 67.1 100.0 3.3 61.1 100.0 25.4 79.6 100.0 0.328 0.450 0.222 0.000 81.7 100.0 76.9 55.1 100.0 66.9 72.7 100.0 0.637 0.198 0.165 0.000 
448.7 40.533718 -3.452425 67.1 100.0 3.6 61.3 100.0 25.4 79.7 100.0 0.329 0.449 0.222 0.000 81.5 100.0 76.5 54.4 100.0 67.4 72.4 100.0 0.638 0.196 0.167 0.000 
449.7 40.533722 -3.452100 67.2 100.0 3.8 61.4 100.0 25.5 79.7 100.0 0.329 0.449 0.222 0.000 81.4 100.0 76.5 54.5 100.0 66.7 72.4 100.0 0.633 0.200 0.167 0.000 
450.7 40.533722 -3.452100 67.2 100.0 3.8 61.4 100.0 25.5 79.7 100.0 0.329 0.449 0.222 0.000 81.2 100.0 76.5 54.5 100.0 65.3 72.4 100.0 0.625 0.208 0.167 0.000 
451.7 40.533718 -3.451450 67.3 100.0 4.1 61.6 100.0 25.6 79.7 100.0 0.330 0.448 0.222 0.000 81.1 100.0 76.6 54.6 100.0 64.0 72.4 100.0 0.617 0.216 0.167 0.000 
452.7 40.533718 -3.451141 67.3 100.0 4.3 61.6 100.0 25.6 79.8 100.0 0.330 0.448 0.221 0.000 84.3 100.0 100.0 55.3 100.0 62.2 72.7 100.0 0.609 0.227 0.164 0.000 
453.7 40.533718 -3.450823 67.4 100.0 4.5 61.7 100.0 25.6 79.8 100.0 0.331 0.448 0.221 0.000 83.9 100.0 100.0 54.8 100.0 60.4 72.0 100.0 0.594 0.238 0.168 0.000 
454.7 40.533718 -3.450504 67.4 100.0 4.6 61.8 100.0 25.7 79.8 100.0 0.331 0.448 0.221 0.000 83.6 100.0 100.0 54.9 100.0 58.6 71.8 100.0 0.582 0.248 0.170 0.000 
455.7 40.533718 -3.450182 67.5 100.0 4.8 61.9 100.0 25.7 79.8 100.0 0.332 0.447 0.221 0.000 83.5 100.0 100.0 55.0 100.0 57.3 72.1 100.0 0.576 0.256 0.168 0.000 
456.7 40.533718 -3.449861 67.5 100.0 4.9 62.0 100.0 25.8 79.9 100.0 0.332 0.447 0.221 0.000 83.6 100.0 100.0 55.1 100.0 57.4 72.5 100.0 0.578 0.256 0.166 0.000 
457.7 40.533722 -3.449536 67.6 100.0 5.1 62.1 100.0 25.8 79.9 100.0 0.332 0.447 0.221 0.000 83.9 100.0 100.0 55.8 100.0 58.5 72.8 100.0 0.587 0.249 0.164 0.000 
458.7 40.533722 -3.449536 67.6 100.0 5.1 62.1 100.0 25.9 79.9 100.0 0.333 0.447 0.221 0.000 84.1 100.0 100.0 55.8 100.0 60.4 72.8 100.0 0.598 0.238 0.164 0.000 
459.7 40.533737 -3.448894 67.6 100.0 5.4 62.2 100.0 25.9 79.9 100.0 0.333 0.446 0.221 0.000 84.4 100.0 100.0 55.9 100.0 61.3 73.3 100.0 0.607 0.232 0.160 0.000 
460.7 40.533733 -3.448572 67.7 100.0 5.6 62.3 100.0 25.9 80.0 100.0 0.334 0.446 0.220 0.000 84.4 100.0 100.0 56.0 100.0 61.5 73.6 100.0 0.610 0.231 0.159 0.000 
461.7 40.533733 -3.448246 67.7 100.0 5.7 62.4 100.0 26.0 80.0 100.0 0.334 0.446 0.220 0.000 84.4 100.0 100.0 56.1 100.0 61.5 73.6 100.0 0.610 0.231 0.159 0.000 
462.7 40.533726 -3.447925 67.8 100.0 5.9 62.5 100.0 26.0 80.0 100.0 0.334 0.445 0.220 0.000 84.4 100.0 100.0 56.1 100.0 61.4 73.6 100.0 0.610 0.231 0.159 0.000 
463.7 40.533726 -3.447925 67.8 100.0 5.9 62.5 100.0 26.1 80.0 100.0 0.335 0.445 0.220 0.000 84.4 100.0 100.0 56.1 100.0 61.4 73.6 100.0 0.610 0.231 0.159 0.000 
464.7 40.533722 -3.447281 67.9 100.0 6.2 62.6 100.0 26.1 80.0 100.0 0.335 0.445 0.220 0.000 84.4 100.0 100.0 55.5 100.0 61.7 73.3 100.0 0.610 0.230 0.160 0.000 
465.7 40.533730 -3.446965 67.9 100.0 6.4 62.7 100.0 26.2 80.1 100.0 0.336 0.445 0.220 0.000 84.8 100.0 100.0 56.2 100.0 63.6 73.6 100.0 0.623 0.218 0.159 0.000 
466.7 40.533730 -3.446640 67.9 100.0 6.5 62.8 100.0 26.2 80.0 100.0 0.336 0.444 0.220 0.000 84.9 100.0 100.0 56.2 100.0 64.9 73.0 100.0 0.627 0.210 0.163 0.000 
467.7 40.533730 -3.446640 67.9 100.0 6.5 62.8 100.0 26.3 80.0 100.0 0.336 0.444 0.220 0.000 84.8 100.0 100.0 56.2 100.0 64.2 73.0 100.0 0.622 0.215 0.163 0.000 
468.7 40.533733 -3.445982 68.0 100.0 6.8 63.0 100.0 26.3 79.9 100.0 0.335 0.444 0.221 0.000 84.4 100.0 100.0 56.3 100.0 62.9 71.6 100.0 0.607 0.223 0.171 0.000 
469.7 40.533730 -3.445657 68.0 100.0 7.0 63.1 100.0 26.3 79.8 100.0 0.335 0.444 0.221 0.000 84.3 100.0 100.0 56.4 100.0 62.5 71.0 100.0 0.601 0.225 0.175 0.000 
470.7 40.533730 -3.445326 68.1 100.0 7.1 63.1 100.0 26.4 79.7 100.0 0.335 0.443 0.222 0.000 84.2 100.0 100.0 56.4 100.0 62.4 70.3 100.0 0.596 0.226 0.178 0.000 
471.7 40.533722 -3.445010 68.1 100.0 7.3 63.2 100.0 26.4 79.7 100.0 0.335 0.443 0.222 0.000 83.9 100.0 100.0 55.8 100.0 62.4 69.3 100.0 0.590 0.226 0.184 0.000 
472.7 40.533718 -3.444679 68.1 100.0 7.4 63.3 100.0 26.5 79.6 100.0 0.335 0.443 0.222 0.000 84.1 100.0 100.0 56.5 100.0 63.3 69.0 100.0 0.594 0.220 0.186 0.000 
473.7 40.533714 -3.444350 68.1 100.0 7.6 63.4 100.0 26.5 79.5 100.0 0.335 0.443 0.223 0.000 84.0 100.0 100.0 55.9 100.0 64.3 68.0 100.0 0.593 0.214 0.192 0.000 
474.7 40.533710 -3.444029 68.2 100.0 7.7 63.5 100.0 26.6 79.5 100.0 0.335 0.442 0.223 0.000 84.0 100.0 100.0 56.6 100.0 63.6 67.7 100.0 0.588 0.218 0.194 0.000 
475.7 40.533710 -3.444029 68.2 100.0 7.7 63.5 100.0 26.6 79.5 100.0 0.335 0.442 0.223 0.000 83.8 100.0 100.0 56.6 100.0 62.5 67.7 100.0 0.581 0.225 0.194 0.000 
476.7 40.533699 -3.443375 68.2 100.0 8.0 63.6 100.0 26.6 79.4 100.0 0.334 0.442 0.224 0.000 83.5 100.0 100.0 56.6 100.0 61.6 66.4 100.0 0.568 0.230 0.202 0.000 
477.7 40.533699 -3.443375 68.2 100.0 8.0 63.6 100.0 26.7 79.4 100.0 0.335 0.441 0.224 0.000 83.5 100.0 100.0 56.6 100.0 61.9 66.4 100.0 0.569 0.229 0.202 0.000 
478.7 40.533710 -3.443047 68.3 100.0 8.2 63.7 100.0 26.7 79.3 100.0 0.334 0.441 0.224 0.000 83.4 100.0 100.0 55.9 100.0 62.0 66.0 100.0 0.567 0.228 0.204 0.000 
479.7 40.533718 -3.442725 68.3 100.0 8.3 63.8 100.0 26.8 79.2 100.0 0.334 0.441 0.225 0.000 83.6 100.0 100.0 55.9 100.0 63.5 66.0 100.0 0.576 0.219 0.204 0.000 
480.7 40.533722 -3.442411 68.3 100.0 8.5 63.8 100.0 26.8 79.2 100.0 0.334 0.441 0.225 0.000 83.6 100.0 100.0 55.9 100.0 63.0 66.0 100.0 0.574 0.222 0.204 0.000 
481.7 40.533722 -3.442086 68.4 100.0 8.6 63.9 100.0 26.9 79.1 100.0 0.334 0.440 0.226 0.000 83.5 100.0 100.0 55.8 100.0 62.5 66.0 100.0 0.571 0.225 0.204 0.000 
482.7 40.533726 -3.441751 68.4 100.0 8.8 64.0 100.0 26.9 79.0 100.0 0.334 0.440 0.226 0.000 83.4 100.0 100.0 55.8 100.0 62.0 66.0 100.0 0.568 0.228 0.204 0.000 
483.7 40.533726 -3.441416 68.4 100.0 8.9 64.1 100.0 26.9 79.0 100.0 0.334 0.440 0.226 0.000 83.3 100.0 100.0 55.8 100.0 61.3 66.0 100.0 0.564 0.232 0.204 0.000 
484.7 40.533733 -3.441083 68.4 100.0 9.0 64.2 100.0 27.0 78.9 100.0 0.334 0.440 0.227 0.000 83.5 100.0 100.0 55.8 100.0 62.5 66.0 100.0 0.571 0.225 0.204 0.000 
485.7 40.533741 -3.440746 68.5 100.0 9.2 64.2 100.0 27.0 78.9 100.0 0.334 0.439 0.227 0.000 83.6 100.0 100.0 55.8 100.0 63.7 66.0 100.0 0.577 0.218 0.204 0.000 
486.7 40.533745 -3.440402 68.5 100.0 9.3 64.3 100.0 27.1 78.8 100.0 0.333 0.439 0.227 0.000 83.7 100.0 100.0 55.8 100.0 64.1 66.0 100.0 0.580 0.215 0.204 0.000 
487.7 40.533745 -3.440053 68.5 100.0 9.5 64.4 100.0 27.1 78.7 100.0 0.333 0.439 0.228 0.000 90.0 100.0 100.0 100.0 100.0 64.0 66.0 100.0 0.580 0.216 0.204 0.000 
488.7 40.533752 -3.439701 68.6 100.0 9.7 64.5 100.0 27.2 78.7 100.0 0.333 0.439 0.228 0.000 89.9 100.0 100.0 100.0 100.0 63.1 66.0 100.0 0.574 0.222 0.204 0.000 
489.7 40.533745 -3.439345 68.6 100.0 9.8 64.6 100.0 27.2 78.6 100.0 0.333 0.438 0.228 0.000 89.6 100.0 100.0 100.0 100.0 61.5 66.0 100.0 0.565 0.231 0.204 0.000 
490.7 40.533733 -3.438644 68.6 100.0 10.1 64.7 100.0 27.2 78.5 100.0 0.333 0.438 0.229 0.000 89.5 100.0 100.0 100.0 100.0 60.5 65.7 100.0 0.557 0.237 0.206 0.000 
491.7 40.533733 -3.438644 68.7 100.0 10.1 64.7 100.0 27.3 78.5 100.0 0.333 0.438 0.229 0.000 89.5 100.0 100.0 100.0 100.0 60.6 65.7 100.0 0.558 0.236 0.206 0.000 
492.7 40.533737 -3.438278 68.7 100.0 10.3 64.8 100.0 27.3 78.4 100.0 0.333 0.438 0.230 0.000 89.8 100.0 100.0 100.0 100.0 62.5 66.0 100.0 0.571 0.225 0.204 0.000 
493.7 40.533733 -3.437577 68.7 100.0 10.6 65.0 100.0 27.4 78.3 100.0 0.332 0.437 0.230 0.000 90.0 100.0 100.0 100.0 100.0 64.3 66.0 100.0 0.582 0.214 0.204 0.000 
494.7 40.533733 -3.437221 68.8 100.0 10.7 65.0 100.0 27.4 78.3 100.0 0.332 0.437 0.231 0.000 90.3 100.0 100.0 100.0 100.0 66.1 65.7 100.0 0.591 0.204 0.206 0.000 
495.7 40.533733 -3.436867 68.8 100.0 10.9 65.1 100.0 27.4 78.2 100.0 0.332 0.437 0.231 0.000 90.2 100.0 100.0 100.0 100.0 65.9 65.7 100.0 0.590 0.205 0.206 0.000 
496.7 40.533737 -3.436514 68.8 100.0 11.0 65.2 100.0 27.5 78.1 100.0 0.332 0.437 0.231 0.000 90.1 100.0 100.0 100.0 100.0 64.9 66.0 100.0 0.585 0.211 0.204 0.000 
497.7 40.533737 -3.436514 68.8 100.0 11.0 65.2 100.0 27.5 78.1 100.0 0.332 0.436 0.231 0.000 90.0 100.0 100.0 100.0 100.0 64.1 66.0 100.0 0.581 0.215 0.204 0.000 
498.7 40.533745 -3.436172 68.9 100.0 11.1 65.3 100.0 27.6 78.1 100.0 0.332 0.436 0.232 0.000 89.8 100.0 100.0 100.0 100.0 62.4 66.0 100.0 0.570 0.226 0.204 0.000 
499.7 40.533749 -3.435455 68.9 100.0 11.4 65.4 100.0 27.6 77.8 100.0 0.331 0.436 0.234 0.000 89.4 100.0 100.0 100.0 100.0 61.6 64.1 100.0 0.554 0.231 0.215 0.000 
500.7 40.533749 -3.435455 68.9 100.0 11.4 65.4 100.0 27.6 77.8 100.0 0.331 0.436 0.234 0.000 89.3 100.0 100.0 100.0 100.0 61.2 64.1 100.0 0.552 0.233 0.215 0.000 
501.7 40.533752 -3.435090 68.9 100.0 11.6 65.5 100.0 27.7 77.6 100.0 0.330 0.435 0.234 0.000 89.0 100.0 100.0 100.0 100.0 59.6 63.5 100.0 0.538 0.243 0.219 0.000 
502.7 40.533745 -3.434368 68.9 100.0 11.9 65.7 100.0 27.7 77.3 100.0 0.328 0.435 0.236 0.000 88.4 100.0 100.0 100.0 100.0 57.7 61.2 100.0 0.513 0.254 0.233 0.000 
503.7 40.533745 -3.434368 68.4 100.0 8.2 65.7 100.0 27.7 77.3 100.0 0.329 0.435 0.236 0.000 85.0 100.0 77.9 100.0 100.0 56.0 61.2 100.0 0.503 0.264 0.233 0.000 
504.7 40.533741 -3.434028 68.4 100.0 8.3 65.7 100.0 27.8 77.2 100.0 0.328 0.435 0.237 0.000 85.0 100.0 78.0 100.0 100.0 56.4 60.5 100.0 0.501 0.262 0.237 0.000 
505.7 40.533733 -3.433684 67.9 100.0 4.8 65.8 100.0 27.8 77.2 100.0 0.328 0.435 0.237 0.000 80.7 100.0 49.1 100.0 100.0 55.9 59.8 100.0 0.493 0.265 0.242 0.000 
506.7 40.533718 -3.433356 68.0 100.0 4.9 65.9 100.0 27.8 77.2 100.0 0.329 0.434 0.237 0.000 80.4 100.0 49.1 100.0 100.0 53.7 59.8 100.0 0.480 0.278 0.242 0.000 
