23.91 1 1 40.520004 -3.410949 20151120163414 
38.55 1 1 40.523376 -3.414242 20151120163429 
178.43 3 1 40.533741 -3.459169 20151120163649 
181.68 1 1 40.533733 -3.460684 20151120163652 
235.39 3 1 40.540581 -3.471797 20151120163745 
239.90 1 1 40.541569 -3.472115 20151120163750 
259.91 3 1 40.545490 -3.473428 20151120163810 
272.22 1 1 40.548138 -3.474497 20151120163822 
274.86 3 1 40.548771 -3.474875 20151120163825 
289.81 3 1 40.551544 -3.477259 20151120163840 
291.55 1 1 40.551868 -3.477645 20151120163842 
312.38 3 1 40.554478 -3.482080 20151120163902 
321.25 1 1 40.555264 -3.484469 20151120163911 
330.37 1 2 40.555771 -3.487060 20151120163920 
331.33 3 1 40.555801 -3.487328 20151120163921 
351.36 3 1 40.555344 -3.492595 20151120163941 
354.52 1 1 40.554935 -3.493670 20151120163945 
371.61 1 1 40.554260 -3.498020 20151120164002 
373.53 3 1 40.554321 -3.498505 20151120164004 
376.55 1 1 40.554447 -3.499200 20151120164007 
469.80 3 1 40.565414 -3.517520 20151120164140 
542.69 1 1 40.576641 -3.536904 20151120164253 
545.57 3 1 40.576942 -3.537819 20151120164256 
568.95 1 1 40.580070 -3.544503 20151120164319 
601.69 1 1 40.584309 -3.552572 20151120164352 
607.02 1 1 40.584465 -3.553799 20151120164357 
612.16 1 2 40.584610 -3.554940 20151120164402 
