15.90 -1.00 -1.00 0 82.0 
16.13 63.90 2.77 1 83.1 
16.33 64.41 2.79 1 83.1 
16.46 64.72 2.80 1 83.1 
16.63 65.65 2.84 1 83.1 
16.80 66.08 2.83 1 84.2 
16.94 65.93 2.82 1 84.2 
17.11 67.34 2.88 1 84.2 
17.27 67.07 2.87 1 84.2 
17.42 67.60 2.89 1 84.2 
17.62 69.28 2.96 1 84.2 
17.77 69.69 2.89 1 86.9 
17.95 71.34 2.96 1 86.9 
18.10 69.77 2.89 1 86.9 
18.24 71.56 2.97 1 86.9 
18.39 71.78 2.97 1 86.9 
18.61 72.58 3.01 1 86.9 
18.73 75.14 2.89 1 93.5 
18.92 75.59 2.91 1 93.5 
19.11 84.39 3.25 1 93.5 
19.24 85.67 3.30 1 93.5 
19.37 89.36 3.44 1 93.5 
19.60 92.60 3.57 1 93.5 
19.75 95.50 3.51 1 97.8 
19.90 98.09 3.61 1 97.8 
20.08 104.08 3.83 1 97.8 
20.25 105.78 3.89 1 97.8 
20.41 107.26 3.95 1 97.8 
20.62 108.52 3.99 1 97.8 
20.78 109.59 3.90 2 101.1 
20.97 110.49 3.93 2 101.1 
21.15 108.70 3.87 2 101.1 
21.33 109.50 3.90 2 101.1 
21.60 110.17 3.92 2 101.1 
21.77 110.70 3.93 2 101.5 
22.00 111.12 3.94 2 101.5 
22.16 108.83 3.86 2 101.5 
22.34 109.31 3.88 2 101.5 
22.53 109.69 3.89 2 101.5 
22.68 109.99 3.63 2 109.1 
22.87 114.21 3.77 2 109.1 
23.02 114.00 3.76 2 109.1 
23.22 117.64 3.88 2 109.1 
23.41 117.03 3.86 2 109.1 
23.59 116.40 3.84 2 109.1 
23.77 126.14 4.16 2 109.0 
23.95 128.33 4.24 2 109.0 
24.13 126.64 4.18 2 109.0 
24.28 128.67 4.25 2 109.0 
24.44 130.45 4.31 2 109.0 
24.64 138.13 4.56 2 109.0 
24.78 -1.00 -1.00 1 114.5 
24.93 -1.00 -1.00 1 114.5 
25.07 -1.00 -1.00 1 114.5 
25.25 -1.00 -1.00 1 114.5 
25.45 -1.00 -1.00 1 114.5 
25.79 -1.00 -1.00 1 111.3 
25.94 -1.00 -1.00 1 111.3 
26.12 -1.00 -1.00 1 111.3 
26.23 -1.00 -1.00 1 111.3 
26.40 -1.00 -1.00 1 111.3 
26.55 -1.00 -1.00 1 111.3 
26.69 -1.00 -1.00 1 112.4 
26.86 -1.00 -1.00 1 112.4 
27.01 -1.00 -1.00 1 112.4 
27.14 -1.00 -1.00 1 112.4 
27.30 -1.00 -1.00 1 112.4 
27.44 -1.00 -1.00 1 112.4 
27.63 -1.00 -1.00 1 112.4 
27.77 -1.00 -1.00 1 113.4 
27.91 -1.00 -1.00 1 113.4 
28.10 -1.00 -1.00 1 113.4 
28.23 -1.00 -1.00 1 113.4 
28.39 -1.00 -1.00 1 113.4 
28.55 -1.00 -1.00 1 113.4 
28.70 -1.00 -1.00 1 113.6 
28.87 -1.00 -1.00 1 113.6 
29.04 -1.00 -1.00 1 113.6 
29.22 -1.00 -1.00 1 113.6 
29.37 -1.00 -1.00 1 113.6 
29.53 -1.00 -1.00 1 113.6 
29.65 -1.00 -1.00 1 112.4 
29.82 -1.00 -1.00 1 112.4 
29.97 -1.00 -1.00 1 112.4 
30.11 -1.00 -1.00 1 112.4 
30.27 -1.00 -1.00 1 112.4 
30.41 -1.00 -1.00 1 112.4 
30.60 -1.00 -1.00 1 112.4 
30.80 -1.00 -1.00 1 110.1 
30.97 -1.00 -1.00 1 110.1 
31.13 -1.00 -1.00 1 110.1 
31.27 -1.00 -1.00 1 110.1 
31.51 -1.00 -1.00 1 110.1 
31.68 -1.00 -1.00 1 108.2 
31.80 -1.00 -1.00 1 108.2 
31.94 -1.00 -1.00 1 108.2 
32.08 -1.00 -1.00 1 108.2 
32.22 -1.00 -1.00 1 108.2 
32.33 -1.00 -1.00 1 108.2 
32.49 -1.00 -1.00 1 108.2 
32.66 -1.00 -1.00 1 106.8 
32.81 -1.00 -1.00 1 106.8 
32.97 -1.00 -1.00 1 106.8 
33.11 -1.00 -1.00 1 106.8 
33.28 -1.00 -1.00 1 106.8 
33.42 -1.00 -1.00 1 106.8 
33.63 -1.00 -1.00 1 106.8 
33.82 -1.00 -1.00 1 106.8 
34.02 -1.00 -1.00 1 106.8 
34.21 -1.00 -1.00 1 106.8 
34.38 -1.00 -1.00 1 106.8 
34.60 -1.00 -1.00 1 106.8 
34.75 -1.00 -1.00 1 106.6 
34.88 -1.00 -1.00 1 106.6 
35.06 -1.00 -1.00 1 106.6 
35.22 -1.00 -1.00 1 106.6 
35.37 -1.00 -1.00 1 106.6 
35.59 -1.00 -1.00 1 106.6 
35.77 -1.00 -1.00 1 112.4 
35.94 -1.00 -1.00 1 112.4 
36.12 -1.00 -1.00 1 112.4 
36.31 -1.00 -1.00 1 112.4 
36.45 -1.00 -1.00 1 112.4 
36.61 -1.00 -1.00 1 112.4 
36.81 -1.00 -1.00 1 115.0 
36.96 -1.00 -1.00 1 115.0 
37.12 -1.00 -1.00 1 115.0 
37.32 -1.00 -1.00 1 115.0 
37.46 -1.00 -1.00 1 115.0 
37.63 -1.00 -1.00 1 115.0 
37.80 -1.00 -1.00 1 115.8 
37.97 -1.00 -1.00 1 115.8 
38.14 -1.00 -1.00 1 115.8 
38.32 -1.00 -1.00 1 115.8 
38.51 -1.00 -1.00 1 115.8 
38.70 -1.00 -1.00 1 115.5 
38.86 -1.00 -1.00 1 115.5 
39.03 -1.00 -1.00 1 115.5 
39.20 -1.00 -1.00 1 115.5 
39.37 -1.00 -1.00 1 115.5 
39.55 -1.00 -1.00 1 115.5 
39.74 -1.00 -1.00 1 112.5 
39.91 -1.00 -1.00 1 112.5 
40.06 -1.00 -1.00 1 112.5 
40.26 -1.00 -1.00 1 112.5 
40.45 -1.00 -1.00 1 112.5 
40.68 -1.00 -1.00 1 112.5 
40.88 -1.00 -1.00 1 109.2 
41.09 -1.00 -1.00 1 109.2 
41.28 -1.00 -1.00 1 109.2 
41.43 -1.00 -1.00 1 109.2 
41.63 -1.00 -1.00 1 109.2 
41.84 -1.00 -1.00 1 107.5 
42.02 -1.00 -1.00 1 107.5 
42.23 -1.00 -1.00 1 107.5 
42.40 -1.00 -1.00 1 107.5 
42.60 -1.00 -1.00 1 107.5 
42.77 -1.00 -1.00 1 105.0 
42.98 -1.00 -1.00 1 105.0 
43.15 -1.00 -1.00 1 105.0 
43.32 -1.00 -1.00 1 105.0 
43.56 -1.00 -1.00 1 105.0 
43.72 -1.00 -1.00 1 102.0 
43.89 -1.00 -1.00 1 102.0 
44.05 -1.00 -1.00 1 102.0 
44.19 -1.00 -1.00 1 102.0 
44.35 -1.00 -1.00 1 102.0 
44.51 -1.00 -1.00 1 102.0 
44.68 -1.00 -1.00 1 100.1 
44.82 -1.00 -1.00 1 100.1 
45.00 -1.00 -1.00 1 100.1 
45.14 -1.00 -1.00 1 100.1 
45.28 -1.00 -1.00 1 100.1 
45.44 -1.00 -1.00 1 100.1 
45.74 -1.00 -1.00 1 100.8 
45.86 -1.00 -1.00 1 100.8 
46.02 -1.00 -1.00 1 100.8 
46.14 -1.00 -1.00 1 100.8 
46.31 -1.00 -1.00 1 100.8 
46.45 -1.00 -1.00 1 100.8 
46.62 -1.00 -1.00 1 100.8 
46.73 -1.00 -1.00 1 102.9 
46.88 -1.00 -1.00 1 102.9 
47.00 -1.00 -1.00 1 102.9 
47.11 -1.00 -1.00 1 102.9 
47.27 -1.00 -1.00 1 102.9 
47.41 -1.00 -1.00 1 102.9 
47.61 -1.00 -1.00 1 102.9 
47.75 -1.00 -1.00 1 104.9 
47.88 -1.00 -1.00 1 104.9 
48.01 -1.00 -1.00 1 104.9 
48.13 -1.00 -1.00 1 104.9 
48.26 -1.00 -1.00 1 104.9 
48.41 -1.00 -1.00 1 104.9 
48.56 -1.00 -1.00 1 104.9 
48.72 -1.00 -1.00 1 106.6 
48.83 -1.00 -1.00 1 106.6 
48.96 -1.00 -1.00 1 106.6 
49.08 -1.00 -1.00 1 106.6 
49.22 69.76 2.36 1 106.6 
49.34 -1.00 -1.00 1 106.6 
49.52 -1.00 -1.00 1 106.6 
49.64 99.97 3.30 1 109.1 
49.74 101.83 3.36 1 109.1 
49.86 101.70 3.36 1 109.1 
49.99 101.52 3.35 1 109.1 
50.11 103.21 3.41 1 109.1 
50.24 104.69 3.45 1 109.1 
50.38 108.88 3.59 1 109.1 
50.55 112.66 3.72 1 109.1 
50.69 116.04 3.74 1 111.7 
50.80 116.38 3.75 1 111.7 
50.92 119.41 3.85 1 111.7 
51.05 122.17 3.94 1 111.7 
51.16 124.66 4.02 1 111.7 
51.30 126.93 4.09 1 111.7 
51.42 124.51 4.01 1 111.7 
51.58 123.98 4.00 1 111.7 
51.69 123.43 3.98 1 111.5 
51.83 125.72 4.06 1 111.5 
51.95 124.95 4.03 1 111.5 
52.06 127.02 4.10 1 111.5 
52.17 128.89 4.16 1 111.5 
52.29 130.54 4.21 1 111.5 
52.42 129.30 4.17 1 111.5 
52.55 128.10 4.13 1 111.5 
52.66 134.43 4.39 1 110.1 
52.76 140.03 4.58 1 110.1 
52.89 138.06 4.51 1 110.1 
52.99 143.28 4.68 1 110.1 
53.12 143.65 4.70 1 110.1 
53.23 150.51 4.92 1 110.1 
53.34 150.32 4.91 1 110.1 
53.51 150.05 4.91 1 110.1 
53.64 149.77 4.96 1 108.7 
53.77 153.81 5.09 1 108.7 
53.88 157.45 5.21 1 108.7 
53.99 160.77 5.32 1 108.7 
54.12 165.89 5.49 1 108.7 
54.23 170.56 5.65 1 108.7 
54.32 172.81 5.72 1 108.7 
54.45 176.83 5.86 1 108.7 
54.62 178.52 5.91 1 108.7 
54.74 182.05 6.12 1 107.1 
54.86 185.29 6.23 1 107.1 
54.96 -1.00 -1.00 1 107.1 
55.07 191.09 6.42 1 107.1 
55.20 193.62 6.51 1 107.1 
55.32 195.94 6.59 1 107.1 
55.43 198.10 6.66 1 107.1 
55.74 -1.00 -1.00 1 106.8 
55.83 -1.00 -1.00 0 106.8 
55.95 -1.00 -1.00 0 106.8 
56.07 -1.00 -1.00 0 106.8 
56.19 -1.00 -1.00 0 106.8 
56.30 -1.00 -1.00 0 106.8 
56.44 -1.00 -1.00 0 106.8 
56.58 -1.00 -1.00 0 106.8 
56.74 -1.00 -1.00 0 104.9 
56.85 -1.00 -1.00 0 104.9 
56.99 -1.00 -1.00 0 104.9 
57.12 -1.00 -1.00 0 104.9 
57.25 -1.00 -1.00 0 104.9 
57.40 -1.00 -1.00 0 104.9 
57.53 -1.00 -1.00 0 104.9 
57.66 -1.00 -1.00 0 104.2 
57.78 -1.00 -1.00 0 104.2 
57.90 -1.00 -1.00 0 104.2 
58.02 -1.00 -1.00 0 104.2 
58.14 -1.00 -1.00 0 104.2 
58.30 -1.00 -1.00 0 104.2 
58.42 -1.00 -1.00 0 104.2 
58.60 -1.00 -1.00 0 104.2 
58.72 -1.00 -1.00 0 104.6 
58.88 -1.00 -1.00 0 104.6 
59.01 -1.00 -1.00 0 104.6 
59.16 -1.00 -1.00 0 104.6 
59.31 -1.00 -1.00 0 104.6 
59.45 -1.00 -1.00 0 104.6 
59.59 -1.00 -1.00 0 102.8 
59.72 -1.00 -1.00 0 102.8 
59.87 -1.00 -1.00 0 102.8 
59.98 -1.00 -1.00 0 102.8 
60.10 -1.00 -1.00 0 102.8 
60.21 -1.00 -1.00 0 102.8 
60.33 -1.00 -1.00 0 102.8 
60.52 -1.00 -1.00 0 102.8 
60.65 -1.00 -1.00 0 101.1 
60.79 -1.00 -1.00 0 101.1 
60.91 -1.00 -1.00 0 101.1 
61.05 -1.00 -1.00 0 101.1 
61.18 -1.00 -1.00 0 101.1 
61.31 -1.00 -1.00 0 101.1 
61.44 -1.00 -1.00 0 101.1 
61.57 -1.00 -1.00 0 101.1 
61.69 -1.00 -1.00 0 104.2 
61.81 -1.00 -1.00 0 104.2 
61.97 -1.00 -1.00 0 104.2 
62.08 -1.00 -1.00 0 104.2 
62.22 -1.00 -1.00 0 104.2 
62.36 -1.00 -1.00 0 104.2 
62.51 -1.00 -1.00 0 104.2 
62.65 -1.00 -1.00 0 106.6 
62.78 -1.00 -1.00 0 106.6 
62.92 -1.00 -1.00 0 106.6 
63.06 -1.00 -1.00 0 106.6 
63.17 -1.00 -1.00 0 106.6 
63.30 -1.00 -1.00 0 106.6 
63.41 -1.00 -1.00 0 106.6 
63.59 -1.00 -1.00 0 106.6 
63.71 -1.00 -1.00 0 108.8 
63.86 -1.00 -1.00 0 108.8 
63.98 -1.00 -1.00 0 108.8 
64.10 -1.00 -1.00 0 108.8 
64.22 -1.00 -1.00 0 108.8 
64.35 -1.00 -1.00 0 108.8 
64.54 -1.00 -1.00 0 108.8 
64.65 -1.00 -1.00 0 110.8 
64.77 -1.00 -1.00 0 110.8 
64.88 -1.00 -1.00 0 110.8 
65.01 -1.00 -1.00 0 110.8 
65.14 -1.00 -1.00 0 110.8 
65.27 -1.00 -1.00 0 110.8 
65.39 -1.00 -1.00 0 110.8 
65.59 -1.00 -1.00 0 110.8 
65.71 -1.00 -1.00 0 110.7 
65.85 -1.00 -1.00 0 110.7 
65.99 -1.00 -1.00 0 110.7 
66.13 -1.00 -1.00 0 110.7 
66.25 -1.00 -1.00 0 110.7 
66.37 -1.00 -1.00 0 110.7 
66.51 -1.00 -1.00 0 110.7 
66.64 -1.00 -1.00 0 110.4 
66.75 -1.00 -1.00 0 110.4 
66.89 -1.00 -1.00 0 110.4 
67.01 -1.00 -1.00 0 110.4 
67.12 -1.00 -1.00 0 110.4 
67.26 -1.00 -1.00 0 110.4 
67.39 -1.00 -1.00 0 110.4 
67.53 -1.00 -1.00 0 110.4 
67.65 -1.00 -1.00 0 109.0 
67.79 -1.00 -1.00 0 109.0 
67.91 -1.00 -1.00 0 109.0 
68.05 -1.00 -1.00 0 109.0 
68.18 -1.00 -1.00 0 109.0 
68.31 -1.00 -1.00 0 109.0 
68.44 -1.00 -1.00 0 109.0 
68.60 76.07 2.51 1 109.0 
68.72 -1.00 -1.00 1 108.0 
68.86 -1.00 -1.00 1 108.0 
69.01 -1.00 -1.00 0 108.0 
69.16 -1.00 -1.00 0 108.0 
69.28 -1.00 -1.00 0 108.0 
69.43 -1.00 -1.00 0 108.0 
69.60 -1.00 -1.00 0 108.0 
69.74 -1.00 -1.00 0 106.7 
69.85 -1.00 -1.00 0 106.7 
69.97 88.75 2.99 1 106.7 
70.12 88.14 2.97 1 106.7 
70.28 -1.00 -1.00 0 106.7 
70.42 -1.00 -1.00 0 106.7 
70.62 -1.00 -1.00 0 106.7 
70.75 -1.00 -1.00 0 105.6 
70.90 -1.00 -1.00 0 105.6 
71.04 -1.00 -1.00 0 105.6 
71.16 -1.00 -1.00 0 105.6 
71.29 -1.00 -1.00 1 105.6 
71.51 -1.00 -1.00 0 105.6 
71.66 -1.00 -1.00 0 104.8 
71.80 -1.00 -1.00 0 104.8 
71.93 -1.00 -1.00 1 104.8 
72.08 -1.00 -1.00 0 104.8 
72.20 -1.00 -1.00 0 104.8 
72.31 -1.00 -1.00 0 104.8 
72.48 -1.00 -1.00 1 104.8 
72.62 -1.00 -1.00 0 106.6 
72.75 -1.00 -1.00 1 106.6 
72.90 -1.00 -1.00 0 106.6 
73.01 -1.00 -1.00 0 106.6 
73.16 -1.00 -1.00 1 106.6 
73.29 -1.00 -1.00 1 106.6 
73.43 -1.00 -1.00 1 106.6 
73.59 -1.00 -1.00 1 106.6 
73.75 -1.00 -1.00 1 108.8 
73.88 -1.00 -1.00 1 108.8 
74.02 -1.00 -1.00 1 108.8 
74.20 -1.00 -1.00 0 108.8 
74.32 -1.00 -1.00 0 108.8 
74.45 -1.00 -1.00 0 108.8 
74.61 -1.00 -1.00 0 108.8 
74.73 -1.00 -1.00 0 111.7 
74.84 -1.00 -1.00 0 111.7 
74.98 -1.00 -1.00 0 111.7 
75.10 -1.00 -1.00 0 111.7 
75.22 -1.00 -1.00 0 111.7 
75.36 -1.00 -1.00 0 111.7 
75.49 -1.00 -1.00 0 111.7 
75.75 -1.00 -1.00 0 115.2 
75.86 -1.00 -1.00 0 115.2 
76.00 -1.00 -1.00 0 115.2 
76.11 -1.00 -1.00 0 115.2 
76.23 -1.00 -1.00 0 115.2 
76.34 -1.00 -1.00 0 115.2 
76.49 -1.00 -1.00 0 115.2 
76.60 -1.00 -1.00 0 113.5 
76.73 -1.00 -1.00 0 113.5 
76.85 -1.00 -1.00 0 113.5 
77.00 -1.00 -1.00 0 113.5 
77.12 -1.00 -1.00 0 113.5 
77.26 -1.00 -1.00 0 113.5 
77.39 -1.00 -1.00 0 113.5 
77.58 -1.00 -1.00 0 113.5 
77.73 -1.00 -1.00 0 111.5 
77.87 -1.00 -1.00 0 111.5 
77.99 -1.00 -1.00 0 111.5 
78.12 -1.00 -1.00 0 111.5 
78.27 -1.00 -1.00 0 111.5 
78.40 -1.00 -1.00 0 111.5 
78.56 -1.00 -1.00 0 111.5 
78.73 -1.00 -1.00 0 110.6 
78.86 -1.00 -1.00 0 110.6 
79.01 -1.00 -1.00 0 110.6 
79.14 -1.00 -1.00 0 110.6 
79.29 200.00 6.51 1 110.6 
79.45 199.39 6.49 1 110.6 
79.64 198.11 6.45 1 110.6 
79.76 197.72 6.43 1 110.6 
79.92 197.28 6.42 1 110.6 
80.07 197.34 6.42 1 110.6 
80.19 197.41 6.42 1 110.6 
80.34 196.74 6.40 1 110.6 
80.53 196.01 6.38 1 110.6 
80.66 193.38 6.29 1 110.7 
80.81 189.43 6.16 1 110.7 
80.93 185.33 6.03 1 110.7 
81.09 182.49 5.94 1 110.7 
81.26 179.64 5.84 1 110.7 
81.39 176.76 5.75 1 110.7 
81.57 172.22 5.60 1 110.7 
81.69 166.54 5.39 1 111.1 
81.80 162.12 5.25 1 111.1 
81.94 159.75 5.18 1 111.1 
82.06 162.55 5.27 1 111.1 
82.20 165.17 5.35 1 111.1 
82.33 162.50 5.26 1 111.1 
82.43 157.90 5.11 1 111.1 
82.60 155.62 5.04 1 111.1 
82.72 157.16 5.03 1 112.4 
82.87 158.56 5.08 1 112.4 
82.99 156.14 5.00 1 112.4 
83.14 153.88 4.93 1 112.4 
83.25 155.63 4.99 1 112.4 
83.40 157.23 5.04 1 112.4 
83.52 154.89 4.96 1 112.4 
83.65 156.59 5.02 1 112.4 
83.76 160.15 5.03 1 114.7 
83.88 161.44 5.07 1 114.7 
84.00 164.59 5.17 1 114.7 
84.11 167.53 5.26 1 114.7 
84.26 170.22 5.34 1 114.7 
84.39 172.74 5.42 1 114.7 
84.55 175.06 5.50 1 114.7 
84.68 177.23 5.59 1 114.2 
84.81 179.27 5.65 1 114.2 
84.94 181.15 5.71 1 114.2 
85.06 182.93 5.77 1 114.2 
85.20 184.58 5.82 1 114.2 
85.35 124.19 3.92 1 114.2 
85.54 132.74 4.19 1 114.2 
85.65 139.59 4.41 1 113.9 
85.77 145.43 4.60 1 113.9 
85.90 150.50 4.76 1 113.9 
86.06 154.99 4.90 1 113.9 
86.21 159.00 5.03 1 113.9 
86.33 162.67 5.14 1 113.9 
86.49 166.01 5.25 1 113.9 
86.61 162.98 5.13 1 114.4 
86.74 160.09 5.04 1 114.4 
86.85 161.56 5.08 1 114.4 
86.96 162.93 5.13 1 114.4 
87.08 164.20 5.17 1 114.4 
87.20 161.22 5.07 1 114.4 
87.32 162.70 5.12 1 114.4 
87.42 164.05 5.16 1 114.4 
87.58 165.29 5.20 1 114.4 
87.69 166.47 5.17 1 116.0 
87.80 167.54 5.20 1 116.0 
87.91 168.51 5.23 1 116.0 
88.03 169.43 5.26 1 116.0 
88.14 170.29 5.28 1 116.0 
88.27 171.06 5.31 1 116.0 
88.38 171.77 5.33 1 116.0 
88.52 168.26 5.22 1 116.0 
88.65 162.38 4.98 1 117.3 
88.74 159.42 4.89 1 117.3 
88.85 161.09 4.94 1 117.3 
88.97 162.59 4.99 1 117.3 
89.07 159.65 4.90 1 117.3 
89.19 161.29 4.95 1 117.3 
89.29 155.76 4.78 1 117.3 
89.41 150.51 4.62 1 117.3 
89.57 143.72 4.41 1 117.3 
89.69 139.20 4.28 1 117.0 
89.81 133.04 4.09 1 117.0 
89.91 127.33 3.92 1 117.0 
90.02 122.02 3.75 1 117.0 
90.14 117.19 3.61 1 117.0 
90.25 114.95 3.54 1 117.0 
90.37 112.96 3.48 1 117.0 
90.55 108.97 3.35 1 117.0 
90.67 107.62 3.30 1 117.3 
90.79 106.46 3.27 1 117.3 
90.89 108.70 3.34 1 117.3 
91.01 105.35 3.23 1 117.3 
91.11 102.31 3.14 1 117.3 
91.24 105.08 3.23 1 117.3 
91.34 102.15 3.14 1 117.3 
91.51 101.65 3.12 1 117.3 
91.61 99.08 3.10 1 115.0 
91.73 95.22 2.98 1 115.0 
91.85 91.71 2.87 1 115.0 
91.96 87.31 2.73 1 115.0 
92.07 84.61 2.65 1 115.0 
92.18 83.97 2.63 1 115.0 
92.29 80.40 2.52 1 115.0 
92.42 77.24 2.42 1 115.0 
92.56 74.44 2.33 1 115.0 
92.70 70.11 2.28 1 110.6 
92.82 66.26 2.16 1 110.6 
92.93 62.85 2.05 1 110.6 
93.04 60.84 1.98 1 110.6 
93.17 58.21 1.89 1 110.6 
93.31 55.19 1.80 1 110.6 
93.42 52.61 1.71 1 110.6 
93.60 51.22 1.67 1 110.6 
93.73 49.27 1.64 1 108.2 
93.86 46.96 1.56 1 108.2 
93.99 45.71 1.52 1 108.2 
94.10 44.71 1.49 1 108.2 
94.24 43.21 1.44 1 108.2 
94.36 41.97 1.40 1 108.2 
94.54 40.96 1.36 1 108.2 
94.66 39.54 1.34 1 106.2 
94.80 38.40 1.30 1 106.2 
94.92 39.72 1.35 1 106.2 
95.05 39.19 1.33 1 106.2 
95.17 39.49 1.34 1 106.2 
95.30 39.09 1.32 1 106.2 
95.43 38.76 1.31 1 106.2 
95.59 38.52 1.31 1 106.2 
95.73 38.36 1.31 1 105.1 
95.85 38.27 1.31 1 105.1 
95.95 37.62 1.29 1 105.1 
96.06 37.09 1.27 1 105.1 
96.20 37.31 1.28 1 105.1 
96.32 37.50 1.28 1 105.1 
96.45 37.68 1.29 1 105.1 
96.60 37.86 1.30 1 105.1 
96.72 37.44 1.23 1 109.7 
96.86 37.12 1.22 1 109.7 
96.99 36.36 1.19 1 109.7 
97.08 36.28 1.19 1 109.7 
97.18 36.23 1.19 1 109.7 
97.29 36.21 1.19 1 109.7 
97.41 35.69 1.17 1 109.7 
97.52 35.30 1.16 1 109.7 
97.65 35.50 1.17 1 109.7 
97.77 35.69 1.16 1 110.4 
97.88 34.89 1.14 1 110.4 
97.99 34.27 1.12 1 110.4 
98.10 34.20 1.12 1 110.4 
98.20 34.18 1.11 1 110.4 
98.33 34.17 1.11 1 110.4 
98.43 34.19 1.12 1 110.4 
98.55 34.21 1.12 1 110.4 
98.66 34.26 1.10 1 111.7 
98.77 32.80 1.06 1 111.7 
98.88 32.24 1.04 1 111.7 
98.96 32.20 1.04 1 111.7 
99.06 31.80 1.02 1 111.7 
99.15 31.46 1.01 1 111.7 
99.25 31.23 1.01 1 111.7 
99.35 30.66 0.99 1 111.7 
99.43 30.20 0.97 1 111.7 
99.56 30.23 0.97 1 111.7 
99.67 29.88 0.95 1 113.0 
99.77 29.99 0.95 1 113.0 
99.87 30.51 0.97 1 113.0 
99.98 30.52 0.97 1 113.0 
100.08 29.32 0.93 1 113.0 
100.18 29.20 0.93 1 113.0 
100.30 29.49 0.94 1 113.0 
100.42 29.75 0.95 1 113.0 
100.56 29.59 0.94 1 113.0 
100.68 29.15 0.92 1 113.7 
100.79 28.24 0.89 1 113.7 
100.88 27.74 0.88 1 113.7 
100.99 27.68 0.88 1 113.7 
101.08 27.61 0.87 1 113.7 
101.17 27.27 0.86 1 113.7 
101.28 27.01 0.86 1 113.7 
101.40 26.52 0.84 1 113.7 
101.54 25.65 0.81 1 113.7 
101.67 25.17 0.79 1 114.3 
101.79 24.79 0.78 1 114.3 
101.87 24.76 0.78 1 114.3 
101.98 24.75 0.78 1 114.3 
102.08 24.49 0.77 1 114.3 
102.20 24.05 0.76 1 114.3 
102.29 23.70 0.75 1 114.3 
102.40 23.43 0.74 1 114.3 
102.55 23.22 0.73 1 114.3 
102.65 23.06 0.72 1 115.4 
102.76 22.94 0.72 1 115.4 
102.85 22.86 0.71 1 115.4 
102.95 22.80 0.71 1 115.4 
103.05 22.76 0.71 1 115.4 
103.15 22.51 0.70 1 115.4 
103.26 22.33 0.70 1 115.4 
103.38 21.79 0.68 1 115.4 
103.55 21.56 0.67 1 115.4 
103.65 21.58 0.68 1 113.9 
103.77 21.22 0.67 1 113.9 
103.89 21.13 0.67 1 113.9 
104.01 21.06 0.67 1 113.9 
104.11 20.64 0.65 1 113.9 
104.23 20.50 0.65 1 113.9 
104.37 20.04 0.63 1 113.9 
104.51 20.04 0.63 1 113.9 
104.62 19.54 0.62 1 113.5 
104.73 19.30 0.61 1 113.5 
104.84 18.96 0.60 1 113.5 
104.96 18.86 0.60 1 113.5 
105.06 18.62 0.59 1 113.5 
105.17 18.16 0.58 1 113.5 
105.29 18.09 0.57 1 113.5 
105.38 18.04 0.57 1 113.5 
105.67 18.28 0.57 1 114.5 
105.77 18.07 0.57 1 114.5 
105.88 17.76 0.56 1 114.5 
106.00 17.39 0.55 1 114.5 
106.13 17.24 0.54 1 114.5 
106.25 17.13 0.54 1 114.5 
106.36 17.05 0.54 1 114.5 
106.49 17.14 0.54 1 114.5 
106.63 16.81 0.54 1 113.0 
106.74 16.82 0.54 1 113.0 
106.87 16.57 0.53 1 113.0 
106.99 16.26 0.52 1 113.0 
107.11 16.14 0.51 1 113.0 
107.23 16.48 0.52 1 113.0 
107.34 16.46 0.52 1 113.0 
107.49 16.57 0.53 1 113.0 
107.59 16.42 0.54 1 110.1 
107.71 16.56 0.54 1 110.1 
107.82 16.30 0.53 1 110.1 
107.93 16.34 0.53 1 110.1 
108.07 16.38 0.54 1 110.1 
108.20 15.95 0.52 1 110.1 
108.29 15.61 0.51 1 110.1 
108.42 15.46 0.51 1 110.1 
108.55 15.59 0.51 1 110.1 
108.67 15.96 0.54 1 107.2 
108.80 15.86 0.53 1 107.2 
108.94 15.90 0.53 1 107.2 
109.07 15.72 0.53 1 107.2 
109.20 15.81 0.53 1 107.2 
109.34 15.34 0.51 1 107.2 
109.52 15.17 0.51 1 107.2 
109.63 15.05 0.51 1 107.2 
109.75 15.19 0.51 1 107.2 
109.88 14.96 0.50 1 107.2 
109.99 14.89 0.50 1 107.2 
110.10 14.96 0.50 1 107.2 
110.20 15.01 0.50 1 107.2 
110.34 14.95 0.50 1 107.2 
110.44 15.01 0.50 1 107.2 
110.61 15.17 0.51 1 107.2 
110.74 15.20 0.51 1 108.3 
110.86 15.21 0.51 1 108.3 
110.97 15.12 0.50 1 108.3 
111.12 15.15 0.50 1 108.3 
111.24 15.18 0.50 1 108.3 
111.38 15.58 0.52 1 108.3 
111.52 15.32 0.51 1 108.3 
111.64 15.11 0.50 1 109.7 
111.78 15.16 0.50 1 109.7 
111.90 15.21 0.50 1 109.7 
112.00 14.93 0.49 1 109.7 
112.13 14.82 0.49 1 109.7 
112.25 14.64 0.48 1 109.7 
112.37 14.70 0.48 1 109.7 
112.56 14.98 0.49 1 109.7 
112.69 14.87 0.48 1 110.7 
112.82 15.24 0.50 1 110.7 
112.95 15.17 0.49 1 110.7 
113.08 14.83 0.48 1 110.7 
113.21 14.76 0.48 1 110.7 
113.32 14.43 0.47 1 110.7 
113.50 14.35 0.47 1 110.7 
113.63 14.11 0.46 1 110.4 
113.74 13.83 0.45 1 110.4 
113.88 13.71 0.45 1 110.4 
114.00 13.71 0.45 1 110.4 
114.12 13.81 0.45 1 110.4 
114.27 13.89 0.45 1 110.4 
114.40 13.68 0.45 1 110.4 
114.52 13.52 0.44 1 110.4 
114.66 13.48 0.44 1 111.2 
114.76 13.37 0.43 1 111.2 
114.91 13.20 0.43 1 111.2 
115.03 13.07 0.42 1 111.2 
115.17 12.90 0.42 1 111.2 
115.31 12.85 0.42 1 111.2 
115.44 12.82 0.41 1 111.2 
115.73 12.99 0.43 1 108.9 
115.86 13.01 0.43 2 108.9 
115.99 13.03 0.43 2 108.9 
116.11 12.96 0.43 2 108.9 
116.23 13.08 0.43 1 108.9 
116.36 13.09 0.43 1 108.9 
116.50 13.18 0.44 1 108.9 
116.64 13.17 0.44 1 106.5 
116.78 13.34 0.45 1 106.5 
116.92 13.21 0.45 2 106.5 
117.05 13.11 0.44 2 106.5 
117.20 13.21 0.45 1 106.5 
117.30 13.38 0.45 1 106.5 
117.43 13.16 0.44 1 106.5 
117.58 13.34 0.45 1 106.5 
117.68 13.30 0.45 1 105.4 
117.79 13.18 0.45 1 105.4 
117.95 13.18 0.45 2 105.4 
118.08 13.45 0.46 2 105.4 
118.23 13.32 0.45 2 105.4 
118.35 13.46 0.46 1 105.4 
118.46 13.40 0.46 2 105.4 
118.60 13.53 0.46 2 105.4 
118.72 13.45 0.46 2 105.4 
118.86 13.48 0.46 2 105.4 
118.97 13.33 0.46 2 105.4 
119.10 13.30 0.45 2 105.4 
119.24 13.19 0.45 2 105.4 
119.38 13.20 0.45 1 105.4 
119.58 13.20 0.45 1 105.4 
119.70 13.30 0.45 1 107.5 
119.82 13.28 0.44 1 107.5 
119.94 13.43 0.45 1 107.5 
120.04 13.48 0.45 3 107.5 
120.19 13.42 0.45 3 107.5 
120.31 13.96 0.47 3 107.5 
120.49 14.16 0.47 2 107.5 
120.65 13.96 0.47 1 105.9 
120.77 13.97 0.47 1 105.9 
120.90 13.98 0.48 1 105.9 
121.05 13.89 0.47 1 105.9 
121.18 13.91 0.47 1 105.9 
121.30 13.85 0.47 2 105.9 
121.48 13.79 0.47 1 105.9 
121.62 13.67 0.48 1 103.2 
121.74 13.74 0.48 2 103.2 
121.88 13.81 0.48 1 103.2 
122.02 13.76 0.48 1 103.2 
122.14 13.73 0.48 2 103.2 
122.28 13.53 0.47 2 103.2 
122.43 13.56 0.47 1 103.2 
122.58 13.57 0.47 1 103.2 
122.71 13.67 0.47 1 104.4 
122.85 13.84 0.48 1 104.4 
122.97 13.89 0.48 1 104.4 
123.09 14.01 0.48 2 104.4 
123.21 14.20 0.49 2 104.4 
123.34 14.25 0.49 2 104.4 
123.48 14.20 0.49 1 104.4 
123.64 14.16 0.49 2 104.4 
123.79 14.21 0.48 1 105.6 
123.94 14.17 0.48 1 105.6 
124.04 14.13 0.48 1 105.6 
124.15 14.20 0.48 1 105.6 
124.30 14.35 0.49 1 105.6 
124.41 14.37 0.49 1 105.6 
124.58 14.38 0.49 1 105.6 
124.71 14.30 0.48 1 107.4 
124.84 14.33 0.48 1 107.4 
124.95 14.35 0.48 1 107.4 
125.07 14.28 0.48 1 107.4 
125.20 14.31 0.48 1 107.4 
125.34 14.24 0.48 1 107.4 
125.49 14.29 0.48 1 107.4 
125.61 14.31 0.47 1 110.8 
125.75 14.07 0.46 1 110.8 
125.84 14.25 0.46 1 110.8 
125.98 14.11 0.46 1 110.8 
126.13 14.18 0.46 1 110.8 
126.25 14.14 0.46 1 110.8 
126.38 13.94 0.45 1 110.8 
126.52 13.77 0.45 1 110.8 
126.64 13.57 0.43 1 112.6 
126.74 13.49 0.43 1 112.6 
126.87 13.35 0.43 1 112.6 
126.98 13.33 0.43 1 112.6 
127.07 13.31 0.43 1 112.6 
127.18 13.21 0.42 1 112.6 
127.31 13.13 0.42 1 112.6 
127.42 13.35 0.43 1 112.6 
127.59 13.33 0.43 1 112.6 
127.73 13.40 0.43 1 112.6 
127.85 13.45 0.43 1 112.6 
127.96 13.32 0.43 1 112.6 
128.10 13.15 0.42 1 112.6 
128.21 13.26 0.42 1 112.6 
128.33 13.26 0.42 1 112.6 
128.50 13.27 0.42 1 112.6 
128.61 13.19 0.42 1 111.7 
128.72 13.20 0.43 1 111.7 
128.84 13.22 0.43 1 111.7 
128.96 13.07 0.42 1 111.7 
129.07 13.21 0.43 1 111.7 
129.20 13.06 0.42 1 111.7 
129.31 13.20 0.43 1 111.7 
129.48 13.31 0.43 1 111.7 
129.59 13.29 0.43 1 112.3 
129.74 13.22 0.42 1 112.3 
129.84 13.23 0.42 1 112.3 
129.94 13.42 0.43 1 112.3 
130.10 13.57 0.44 1 112.3 
130.21 13.88 0.44 1 112.3 
130.33 13.75 0.44 1 112.3 
130.49 14.01 0.45 1 112.3 
130.65 14.12 0.45 1 111.9 
130.79 14.10 0.45 1 111.9 
130.91 13.76 0.44 1 111.9 
131.02 13.92 0.45 1 111.9 
131.17 13.86 0.45 1 111.9 
131.30 13.82 0.44 1 111.9 
131.40 13.87 0.45 1 111.9 
131.57 13.91 0.45 1 111.9 
131.69 13.85 0.45 1 110.0 
131.81 13.72 0.45 1 110.0 
131.93 13.62 0.45 1 110.0 
132.07 13.92 0.46 1 110.0 
132.26 13.94 0.46 1 110.0 
132.38 13.88 0.45 1 110.0 
132.55 13.83 0.45 1 110.0 
132.67 13.79 0.44 1 111.5 
132.78 13.94 0.45 1 111.5 
132.92 13.97 0.45 1 111.5 
133.06 14.18 0.46 1 111.5 
133.20 14.55 0.47 1 111.5 
133.31 14.73 0.48 1 111.5 
133.42 14.98 0.48 1 111.5 
133.58 14.86 0.48 1 111.5 
133.68 14.96 0.48 1 111.3 
133.80 14.95 0.48 1 111.3 
133.94 15.14 0.49 1 111.3 
134.04 15.29 0.49 1 111.3 
134.18 15.42 0.50 1 111.3 
134.29 15.50 0.50 1 111.3 
134.44 15.48 0.50 1 111.3 
134.56 15.55 0.50 1 111.3 
134.68 15.72 0.51 1 110.5 
134.80 15.64 0.51 1 110.5 
134.90 15.90 0.52 1 110.5 
135.04 15.79 0.51 1 110.5 
135.17 15.90 0.52 1 110.5 
135.28 15.99 0.52 1 110.5 
135.38 16.06 0.52 1 110.5 
135.68 16.06 0.52 1 110.3 
135.80 16.23 0.53 1 110.3 
135.90 15.93 0.52 1 110.3 
136.00 15.79 0.52 1 110.3 
136.14 15.68 0.51 1 110.3 
136.24 15.48 0.51 1 110.3 
136.36 15.55 0.51 1 110.3 
136.52 15.59 0.51 1 110.3 
136.65 15.63 0.49 1 114.7 
136.76 15.77 0.50 1 114.7 
136.90 15.88 0.50 1 114.7 
137.01 15.97 0.50 1 114.7 
137.15 16.03 0.50 1 114.7 
137.27 15.98 0.50 1 114.7 
137.38 15.72 0.49 1 114.7 
137.56 15.51 0.49 1 114.7 
137.68 15.45 0.49 1 112.7 
137.79 15.30 0.49 1 112.7 
137.92 15.29 0.49 1 112.7 
138.04 15.38 0.49 1 112.7 
138.14 15.35 0.49 1 112.7 
138.26 15.22 0.49 1 112.7 
138.38 15.03 0.48 1 112.7 
138.52 14.78 0.47 2 112.7 
138.66 14.67 0.47 2 113.0 
138.79 14.70 0.47 1 113.0 
138.93 14.43 0.46 1 113.0 
139.06 14.31 0.46 2 113.0 
139.17 14.12 0.45 2 113.0 
139.32 14.08 0.45 1 113.0 
139.43 14.23 0.45 1 113.0 
139.59 14.36 0.46 1 113.0 
139.73 14.35 0.46 1 111.7 
139.89 14.16 0.46 1 111.7 
139.98 14.10 0.45 1 111.7 
140.10 13.81 0.44 2 111.7 
140.26 13.66 0.44 2 111.7 
140.39 13.72 0.44 2 111.7 
140.57 13.77 0.44 2 111.7 
140.69 13.72 0.44 1 112.1 
140.84 13.44 0.43 1 112.1 
140.98 13.56 0.44 1 112.1 
141.11 13.48 0.43 1 112.1 
141.25 13.25 0.43 1 112.1 
141.37 13.07 0.42 1 112.1 
141.54 12.93 0.42 2 112.1 
141.68 13.00 0.43 2 109.2 
141.84 13.14 0.43 1 109.2 
141.95 12.84 0.42 1 109.2 
142.07 12.76 0.42 1 109.2 
142.20 12.87 0.42 1 109.2 
142.35 12.96 0.43 1 109.2 
142.53 13.11 0.43 1 109.2 
142.66 12.98 0.43 1 108.1 
142.80 13.03 0.43 1 108.1 
142.92 13.00 0.43 1 108.1 
143.07 12.97 0.43 1 108.1 
143.18 12.96 0.43 1 108.1 
143.31 12.94 0.43 1 108.1 
143.42 13.01 0.43 1 108.1 
143.60 12.76 0.43 1 108.1 
143.74 12.96 0.43 1 108.7 
143.88 13.64 0.45 1 108.7 
144.01 13.64 0.45 1 108.7 
144.11 13.55 0.45 1 108.7 
144.26 13.66 0.45 1 108.7 
144.38 13.75 0.46 1 108.7 
144.57 13.72 0.45 1 108.7 
144.69 13.79 0.46 1 106.8 
144.80 13.85 0.47 1 106.8 
144.92 13.89 0.47 1 106.8 
145.04 13.93 0.47 1 106.8 
145.17 14.14 0.48 1 106.8 
145.30 14.21 0.48 1 106.8 
145.66 14.33 0.48 1 106.8 
145.79 14.36 0.48 2 106.8 
145.94 14.38 0.48 1 106.8 
146.10 14.70 0.50 1 106.8 
146.21 15.19 0.51 1 106.8 
146.33 15.56 0.52 1 106.8 
146.49 15.62 0.53 1 106.8 
146.62 15.56 0.52 1 107.3 
146.76 15.85 0.53 1 107.3 
146.90 16.08 0.54 1 107.3 
147.03 16.24 0.55 1 107.3 
147.16 16.39 0.55 1 107.3 
147.30 16.75 0.56 1 107.3 
147.44 16.90 0.57 1 107.3 
147.58 17.15 0.58 1 107.3 
147.73 17.22 0.58 1 107.4 
147.87 17.41 0.58 1 107.4 
148.01 17.69 0.59 1 107.4 
148.14 17.77 0.60 1 107.4 
148.27 17.97 0.60 1 107.4 
148.40 18.28 0.61 1 107.4 
148.59 18.24 0.61 1 107.4 
148.75 18.34 0.61 1 107.5 
148.87 18.28 0.61 1 107.5 
149.02 18.36 0.62 1 107.5 
149.16 18.59 0.62 1 107.5 
149.33 18.75 0.63 1 107.5 
149.54 19.22 0.64 1 107.5 
149.67 19.12 0.63 1 109.1 
149.83 19.17 0.63 1 109.1 
149.99 19.53 0.64 1 109.1 
150.12 19.51 0.64 1 109.1 
150.28 19.49 0.64 1 109.1 
150.41 19.78 0.65 1 109.1 
150.60 20.01 0.66 1 109.1 
150.77 19.89 0.65 1 110.6 
150.93 19.78 0.64 1 110.6 
151.11 20.18 0.66 1 110.6 
151.23 20.50 0.67 1 110.6 
151.38 20.76 0.68 1 110.6 
151.58 20.96 0.68 1 110.6 
151.74 21.31 0.69 1 111.3 
151.89 21.41 0.69 1 111.3 
152.06 21.67 0.70 1 111.3 
152.25 21.87 0.71 1 111.3 
152.37 22.04 0.71 1 111.3 
152.52 22.17 0.72 1 111.3 
152.68 22.28 0.72 1 110.7 
152.80 22.37 0.73 1 110.7 
152.92 22.25 0.72 1 110.7 
153.05 22.34 0.73 1 110.7 
153.20 22.60 0.74 1 110.7 
153.35 22.44 0.73 1 110.7 
153.53 22.48 0.73 1 110.7 
153.68 22.16 0.73 1 109.8 
153.82 22.06 0.72 1 109.8 
154.00 22.16 0.73 1 109.8 
154.14 22.05 0.72 1 109.8 
154.29 21.96 0.72 1 109.8 
154.46 21.89 0.72 1 109.8 
154.65 21.66 0.71 1 109.8 
154.79 21.64 0.70 1 110.7 
154.95 21.81 0.71 1 110.7 
155.10 22.15 0.72 1 110.7 
155.23 22.22 0.72 1 110.7 
155.40 22.47 0.73 1 110.7 
155.79 22.90 0.74 1 110.8 
155.95 23.24 0.75 1 110.8 
156.08 23.51 0.76 1 110.8 
156.22 23.73 0.77 1 110.8 
156.38 23.33 0.76 1 110.8 
156.53 23.57 0.77 1 110.8 
156.67 23.38 0.76 1 110.8 
156.83 23.61 0.77 1 110.8 
157.00 23.80 0.77 2 110.8 
157.17 23.95 0.78 2 110.8 
157.31 23.67 0.77 1 110.8 
157.49 23.63 0.77 2 110.8 
157.66 23.60 0.77 1 110.1 
157.82 23.57 0.77 1 110.1 
157.94 23.55 0.77 1 110.1 
158.11 23.52 0.77 1 110.1 
158.28 23.49 0.77 1 110.1 
158.43 23.68 0.77 1 110.1 
158.62 23.45 0.77 1 110.1 
158.76 23.88 0.78 1 109.7 
158.89 23.61 0.77 1 109.7 
159.04 24.26 0.80 1 109.7 
159.18 24.32 0.80 1 109.7 
159.33 24.36 0.80 1 109.7 
159.53 24.39 0.80 1 109.7 
159.68 24.65 0.81 1 109.2 
159.81 24.86 0.82 1 109.2 
159.97 24.81 0.82 1 109.2 
160.11 24.75 0.82 1 109.2 
160.26 24.72 0.81 1 109.2 
160.42 24.90 0.82 1 109.2 
160.65 24.82 0.82 1 109.2 
160.79 24.77 0.81 1 109.9 
160.95 24.71 0.81 1 109.9 
161.08 24.68 0.81 1 109.9 
161.20 24.86 0.81 1 109.9 
161.35 25.02 0.82 1 109.9 
161.51 24.91 0.82 1 109.9 
161.65 25.06 0.81 1 110.7 
161.81 25.17 0.82 1 110.7 
161.98 25.26 0.82 1 110.7 
162.13 25.10 0.82 1 110.7 
162.28 25.47 0.83 1 110.7 
162.41 25.27 0.82 1 110.7 
162.55 25.10 0.82 1 110.7 
162.71 25.20 0.83 1 109.7 
162.85 25.28 0.83 1 109.7 
162.98 25.59 0.84 1 109.7 
163.13 25.60 0.84 1 109.7 
163.28 25.38 0.83 1 109.7 
163.44 25.19 0.83 1 109.7 
163.61 24.82 0.81 1 109.7 
163.79 24.73 0.79 1 112.4 
163.90 24.65 0.79 1 112.4 
164.05 24.81 0.79 1 112.4 
164.20 24.33 0.78 1 112.4 
164.34 23.90 0.77 1 112.4 
164.54 23.96 0.77 1 112.4 
164.67 24.02 0.75 1 115.9 
164.83 24.06 0.75 1 115.9 
164.98 24.11 0.75 1 115.9 
165.10 24.14 0.75 1 115.9 
165.26 23.75 0.74 1 115.9 
165.38 23.42 0.73 1 115.9 
165.71 23.14 0.70 1 118.6 
165.87 23.35 0.71 1 118.6 
166.01 24.01 0.73 1 118.6 
166.17 23.84 0.72 1 118.6 
166.32 23.92 0.73 1 118.6 
166.44 24.21 0.73 1 118.6 
166.61 24.22 0.74 1 118.6 
166.75 23.82 0.72 1 119.2 
166.88 23.14 0.70 1 119.2 
167.02 22.92 0.69 1 119.2 
167.14 23.18 0.70 1 119.2 
167.28 22.77 0.69 1 119.2 
167.41 22.83 0.69 1 119.2 
167.58 22.88 0.69 1 119.2 
167.71 23.14 0.71 1 118.1 
167.82 23.13 0.71 1 118.1 
167.97 23.34 0.71 1 118.1 
168.12 23.29 0.71 1 118.1 
168.24 23.06 0.70 1 118.1 
168.37 23.07 0.70 1 118.1 
168.54 23.07 0.70 1 118.1 
168.67 22.88 0.71 1 116.7 
168.84 22.92 0.71 1 116.7 
168.98 22.57 0.70 1 116.7 
169.11 22.11 0.68 1 116.7 
169.25 22.10 0.68 1 116.7 
169.38 22.29 0.69 1 116.7 
169.57 22.45 0.69 1 116.7 
169.72 22.57 0.71 1 114.4 
169.85 22.30 0.70 1 114.4 
169.97 22.25 0.70 1 114.4 
170.12 21.86 0.69 1 114.4 
170.24 21.54 0.68 1 114.4 
170.38 21.27 0.67 1 114.4 
170.59 21.42 0.67 1 114.4 
170.74 21.19 0.66 1 115.2 
170.91 20.67 0.65 1 115.2 
171.04 20.57 0.64 1 115.2 
171.21 20.49 0.64 1 115.2 
171.34 20.28 0.63 1 115.2 
171.50 20.44 0.64 1 115.2 
171.65 20.39 0.62 1 117.9 
171.77 20.19 0.62 1 117.9 
171.92 20.04 0.61 1 117.9 
172.04 19.61 0.60 1 117.9 
172.20 19.58 0.60 1 117.9 
172.35 20.09 0.61 1 117.9 
172.53 20.50 0.63 1 117.9 
172.68 20.63 0.62 1 119.9 
172.81 20.57 0.62 1 119.9 
172.93 20.52 0.62 1 119.9 
173.07 20.47 0.61 1 119.9 
173.19 20.61 0.62 1 119.9 
173.32 20.73 0.62 1 119.9 
173.47 20.83 0.63 1 119.9 
173.69 20.73 0.62 1 119.9 
173.83 20.65 0.63 1 118.3 
173.99 20.26 0.62 1 118.3 
174.15 20.29 0.62 1 118.3 
174.29 20.13 0.61 1 118.3 
174.46 19.85 0.60 1 118.3 
174.63 19.79 0.61 1 117.2 
174.75 19.73 0.61 1 117.2 
174.88 19.68 0.60 1 117.2 
175.02 19.66 0.60 1 117.2 
175.19 19.47 0.60 1 117.2 
175.34 19.66 0.60 1 117.2 
175.67 19.19 0.59 1 116.7 
175.82 18.96 0.58 1 116.7 
175.95 18.93 0.58 1 116.7 
176.09 19.22 0.59 1 116.7 
176.25 18.99 0.59 1 116.7 
176.36 18.67 0.58 1 116.7 
176.56 18.41 0.57 1 116.7 
176.68 18.08 0.56 1 117.2 
176.83 17.95 0.55 1 117.2 
176.95 18.30 0.56 1 117.2 
177.08 17.99 0.55 1 117.2 
177.20 17.62 0.54 1 117.2 
177.33 17.33 0.53 1 117.2 
177.46 17.50 0.54 1 117.2 
177.65 17.63 0.54 1 117.2 
177.82 17.34 0.53 1 117.4 
177.96 16.89 0.52 1 117.4 
178.12 16.22 0.50 1 117.4 
178.26 16.01 0.49 1 117.4 
178.41 15.84 0.49 1 117.4 
178.59 15.39 0.47 1 117.4 
178.75 15.25 0.47 1 117.0 
178.89 14.76 0.45 1 117.0 
179.06 14.67 0.45 1 117.0 
179.21 14.41 0.44 1 117.0 
179.34 14.20 0.44 1 117.0 
179.48 14.25 0.44 1 117.0 
179.66 14.29 0.43 1 118.4 
179.80 13.95 0.42 1 118.4 
179.96 13.77 0.42 1 118.4 
180.10 13.83 0.42 1 118.4 
180.22 14.20 0.43 1 118.4 
180.37 13.89 0.42 1 118.4 
180.55 13.74 0.42 1 118.4 
180.74 13.53 0.42 1 114.6 
180.87 13.48 0.42 1 114.6 
181.05 12.96 0.41 1 114.6 
181.19 12.71 0.40 1 114.6 
181.34 12.60 0.40 1 114.6 
181.56 12.37 0.39 1 114.6 
181.70 12.34 0.40 1 112.3 
181.83 12.25 0.39 1 112.3 
181.96 12.43 0.40 1 112.3 
182.13 12.49 0.40 1 112.3 
182.30 12.53 0.40 1 112.3 
182.43 12.64 0.41 1 112.3 
182.61 12.58 0.40 1 112.3 
182.77 12.86 0.44 1 104.9 
182.90 13.09 0.45 1 104.9 
183.04 13.17 0.45 1 104.9 
183.19 13.32 0.46 1 104.9 
183.36 13.19 0.45 1 104.9 
183.53 13.25 0.45 1 104.9 
183.70 13.40 0.47 1 103.1 
183.82 13.50 0.47 1 103.1 
183.99 13.49 0.47 1 103.1 
184.12 13.68 0.48 1 103.1 
184.23 13.82 0.48 1 103.1 
184.36 14.03 0.49 1 103.1 
184.56 14.19 0.50 1 103.1 
184.69 14.31 0.49 1 104.2 
184.86 14.63 0.51 1 104.2 
184.99 15.10 0.52 1 104.2 
185.14 15.47 0.53 1 104.2 
185.29 15.05 0.52 1 104.2 
185.46 15.09 0.52 1 104.2 
185.77 15.33 0.52 1 107.0 
185.88 15.65 0.53 1 107.0 
186.03 15.89 0.53 1 107.0 
186.18 15.85 0.53 1 107.0 
186.32 15.82 0.53 1 107.0 
186.46 15.91 0.54 1 107.0 
186.63 15.98 0.54 1 107.0 
186.77 16.14 0.55 1 105.8 
186.91 16.15 0.55 1 105.8 
187.06 16.17 0.55 2 105.8 
187.19 16.18 0.55 2 105.8 
187.36 16.19 0.55 2 105.8 
187.54 16.09 0.55 1 105.8 
187.71 16.12 0.55 2 105.0 
187.87 15.91 0.55 1 105.0 
188.03 15.98 0.55 1 105.0 
188.17 15.72 0.54 1 105.0 
188.34 15.59 0.53 1 105.0 
188.54 15.61 0.54 1 105.0 
188.68 15.64 0.54 2 105.0 
188.84 15.65 0.54 2 105.0 
189.00 15.77 0.54 1 105.0 
189.13 15.87 0.54 1 105.0 
189.29 15.94 0.55 1 105.0 
189.50 16.11 0.55 1 105.0 
189.63 16.13 0.55 1 105.1 
189.79 15.83 0.54 1 105.1 
189.93 15.80 0.54 1 105.1 
190.06 15.56 0.53 1 105.1 
190.23 15.48 0.53 1 105.1 
190.37 15.77 0.54 1 105.1 
190.57 15.86 0.54 1 105.1 
190.70 16.06 0.56 1 102.7 
190.83 15.97 0.56 1 102.7 
191.00 15.80 0.55 1 102.7 
191.13 15.77 0.55 1 102.7 
191.30 15.64 0.55 1 102.7 
191.43 15.64 0.55 1 102.7 
191.60 15.43 0.54 1 102.7 
191.73 15.27 0.54 1 102.4 
191.88 15.05 0.53 1 102.4 
192.05 15.07 0.53 1 102.4 
192.20 14.89 0.52 1 102.4 
192.32 14.75 0.52 1 102.4 
192.43 14.55 0.51 1 102.4 
192.63 14.39 0.51 1 102.4 
192.79 14.27 0.50 1 101.9 
192.92 14.37 0.51 1 101.9 
193.05 14.26 0.50 1 101.9 
193.21 14.36 0.51 1 101.9 
193.33 14.34 0.51 1 101.9 
193.53 14.24 0.50 1 101.9 
193.65 14.07 0.50 1 100.5 
193.80 14.02 0.50 1 100.5 
193.92 14.19 0.51 1 100.5 
194.05 14.32 0.51 1 100.5 
194.20 14.41 0.52 1 100.5 
194.34 14.70 0.53 1 100.5 
194.48 14.81 0.53 1 100.5 
194.64 14.90 0.54 1 98.6 
194.75 14.97 0.55 1 98.6 
194.92 14.93 0.54 1 98.6 
195.03 15.10 0.55 1 98.6 
195.17 15.13 0.55 1 98.6 
195.32 15.37 0.56 1 98.6 
195.47 15.34 0.56 1 98.6 
195.77 15.25 0.57 1 96.3 
195.89 15.36 0.57 1 96.3 
196.06 15.44 0.58 1 96.3 
196.20 15.73 0.59 1 96.3 
196.34 15.84 0.59 1 96.3 
196.47 16.04 0.60 1 96.3 
196.62 16.08 0.59 1 97.3 
196.73 16.24 0.60 1 97.3 
196.88 16.13 0.60 1 97.3 
197.03 16.16 0.60 1 97.3 
197.16 16.29 0.60 1 97.3 
197.30 16.28 0.60 1 97.3 
197.44 16.27 0.60 1 97.3 
197.60 16.26 0.60 1 97.3 
197.75 16.37 0.59 1 99.9 
197.89 16.46 0.59 1 99.9 
198.04 16.41 0.59 1 99.9 
198.17 16.37 0.59 1 99.9 
198.29 16.23 0.59 1 99.9 
198.44 16.48 0.59 1 99.9 
198.58 16.54 0.60 1 99.9 
198.74 16.59 0.59 1 100.7 
198.86 16.76 0.60 1 100.7 
199.03 16.89 0.60 1 100.7 
199.16 16.99 0.61 1 100.7 
199.31 17.06 0.61 1 100.7 
199.42 17.01 0.61 1 100.7 
199.65 16.62 0.59 1 100.7 
199.79 16.65 0.61 1 98.9 
199.93 16.66 0.61 1 98.9 
200.06 16.80 0.61 1 98.9 
200.20 16.91 0.62 1 98.9 
200.33 16.64 0.61 1 98.9 
200.58 16.53 0.60 1 98.9 
200.74 16.14 0.60 1 97.6 
200.87 16.26 0.60 1 97.6 
200.99 16.12 0.59 1 97.6 
201.20 16.25 0.60 1 97.6 
201.34 16.11 0.59 1 97.6 
201.57 15.81 0.58 1 97.6 
201.74 15.54 0.60 1 93.9 
201.86 15.56 0.60 1 93.9 
202.04 15.18 0.58 1 93.9 
202.17 15.52 0.60 1 93.9 
202.34 15.55 0.60 1 93.9 
202.49 15.26 0.58 1 93.9 
202.66 15.02 0.57 1 95.1 
202.81 14.76 0.56 1 95.1 
202.93 14.54 0.55 1 95.1 
203.04 14.21 0.54 1 95.1 
203.19 14.21 0.54 1 95.1 
203.31 14.33 0.54 1 95.1 
203.44 14.63 0.55 1 95.1 
203.64 14.54 0.55 1 95.1 
203.77 14.59 0.58 1 90.7 
203.94 14.42 0.57 1 90.7 
204.06 14.48 0.57 1 90.7 
204.19 14.64 0.58 1 90.7 
204.34 14.66 0.58 1 90.7 
204.51 14.48 0.57 1 90.7 
204.65 14.26 0.56 1 91.5 
204.78 14.26 0.56 1 91.5 
204.94 14.17 0.56 1 91.5 
205.07 14.10 0.55 1 91.5 
205.22 14.06 0.55 1 91.5 
205.34 14.11 0.56 1 91.5 
205.50 14.26 0.56 1 91.5 
205.63 14.18 0.56 1 91.0 
205.76 14.30 0.57 1 91.0 
205.89 14.31 0.57 1 91.0 
206.01 14.21 0.56 1 91.0 
206.17 14.34 0.57 1 91.0 
206.30 14.24 0.56 1 91.0 
206.53 14.36 0.57 1 91.0 
206.64 14.45 0.57 1 90.8 
206.76 14.33 0.57 1 90.8 
206.88 14.54 0.58 1 90.8 
207.04 14.50 0.57 1 90.8 
207.19 14.38 0.57 1 90.8 
207.34 14.37 0.57 1 90.8 
207.50 14.57 0.58 1 90.8 
207.63 14.52 0.58 1 89.7 
207.78 14.58 0.58 1 89.7 
207.90 14.43 0.58 1 89.7 
208.07 14.32 0.57 1 89.7 
208.20 14.43 0.58 1 89.7 
208.32 14.41 0.58 1 89.7 
208.44 14.50 0.58 1 89.7 
208.64 14.56 0.58 1 89.7 
208.77 14.34 0.56 1 92.6 
208.89 14.16 0.55 1 92.6 
209.02 14.10 0.55 1 92.6 
209.17 14.07 0.55 1 92.6 
209.31 13.79 0.54 1 92.6 
209.45 13.65 0.53 1 92.6 
209.64 13.53 0.53 1 92.6 
209.78 13.30 0.51 1 93.9 
209.91 13.45 0.52 1 93.9 
210.03 13.67 0.52 1 93.9 
210.17 13.93 0.53 1 93.9 
210.31 14.03 0.54 1 93.9 
210.46 14.42 0.55 1 93.9 
210.66 14.32 0.55 1 93.9 
210.81 14.24 0.55 1 92.8 
210.94 14.09 0.55 1 92.8 
211.13 13.88 0.54 1 92.8 
211.31 13.90 0.54 1 92.8 
211.44 13.93 0.54 1 92.8 
211.65 13.94 0.54 1 92.8 
211.83 14.05 0.55 1 91.3 
211.94 13.86 0.55 1 91.3 
212.09 13.97 0.55 1 91.3 
212.23 14.18 0.56 1 91.3 
212.39 14.43 0.57 1 91.3 
212.59 14.43 0.57 1 91.3 
212.73 14.51 0.58 1 89.3 
212.88 14.58 0.59 1 89.3 
213.02 14.74 0.59 1 89.3 
213.17 15.08 0.61 1 89.3 
213.33 -1.00 -1.00 1 89.3 
213.54 15.87 0.64 1 89.3 
213.67 15.64 0.64 1 87.6 
213.82 15.91 0.65 1 87.6 
213.94 15.88 0.65 1 87.6 
214.11 16.35 0.67 1 87.6 
214.28 16.34 0.67 1 87.6 
214.45 16.11 0.66 1 87.6 
214.59 16.39 0.67 1 87.6 
214.81 16.49 0.66 1 90.2 
214.95 16.44 0.66 1 90.2 
215.12 16.31 0.65 1 90.2 
215.24 16.54 0.66 1 90.2 
215.39 16.60 0.66 1 90.2 
215.73 17.38 0.68 1 92.4 
215.90 17.26 0.67 1 92.4 
216.04 17.18 0.67 1 92.4 
216.19 17.21 0.67 2 92.4 
216.38 17.24 0.67 1 92.4 
216.59 17.40 0.68 1 92.4 
216.76 17.40 0.65 1 95.8 
216.89 17.27 0.65 1 95.8 
217.05 16.94 0.64 1 95.8 
217.19 16.78 0.63 1 95.8 
217.35 16.89 0.64 1 95.8 
217.50 16.87 0.63 1 95.8 
217.63 16.84 0.61 1 100.0 
217.75 16.95 0.61 1 100.0 
217.91 16.90 0.61 1 100.0 
218.04 16.26 0.59 1 100.0 
218.21 16.01 0.58 1 100.0 
218.38 15.72 0.57 1 100.0 
218.53 15.49 0.56 1 100.0 
218.69 15.53 0.55 1 101.9 
218.84 15.45 0.55 1 101.9 
218.96 15.39 0.54 1 101.9 
219.12 15.24 0.54 1 101.9 
219.24 15.22 0.54 1 101.9 
219.38 15.10 0.53 1 101.9 
219.56 15.23 0.54 1 101.9 
219.74 15.21 0.54 1 101.1 
219.88 15.30 0.55 1 101.1 
220.05 15.38 0.55 1 101.1 
220.18 15.33 0.55 1 101.1 
220.36 15.20 0.54 1 101.1 
220.58 15.09 0.54 1 101.1 
220.79 14.91 0.54 1 99.8 
220.95 14.77 0.53 1 99.8 
221.08 14.47 0.52 1 99.8 
221.26 14.42 0.52 1 99.8 
221.40 14.39 0.52 1 99.8 
221.57 14.36 0.52 1 99.8 
221.75 14.55 0.52 1 100.5 
221.88 14.31 0.51 1 100.5 
222.01 14.12 0.51 1 100.5 
222.15 13.81 0.49 1 100.5 
222.30 13.73 0.49 1 100.5 
222.54 13.68 0.49 1 100.5 
222.68 13.83 0.49 1 100.8 
222.85 13.85 0.49 1 100.8 
223.03 13.86 0.49 1 100.8 
223.19 13.78 0.49 1 100.8 
223.37 13.81 0.49 1 100.8 
223.53 14.04 0.50 1 100.8 
223.70 14.10 0.50 1 101.6 
223.87 14.06 0.50 1 101.6 
224.05 14.12 0.50 1 101.6 
224.19 14.00 0.50 1 101.6 
224.36 13.66 0.48 1 101.6 
224.62 13.10 0.46 1 101.6 
224.80 12.81 0.46 1 99.6 
224.97 13.17 0.48 1 99.6 
225.15 12.86 0.46 1 99.6 
225.30 12.56 0.45 1 99.6 
225.44 12.32 0.45 1 99.6 
225.65 12.37 0.45 1 99.6 
225.79 12.11 0.45 1 97.7 
225.92 11.85 0.44 1 97.7 
226.11 11.73 0.43 1 97.7 
226.28 11.38 0.42 1 97.7 
226.42 11.30 0.42 1 97.7 
226.68 11.12 0.41 1 97.7 
226.83 10.99 0.41 1 95.7 
226.97 10.83 0.41 2 95.7 
227.13 10.84 0.41 2 95.7 
227.29 10.78 0.41 1 95.7 
227.44 10.62 0.40 1 95.7 
227.63 10.68 0.40 2 95.7 
227.90 10.51 0.41 1 93.3 
228.04 10.31 0.40 1 93.3 
228.26 10.28 0.40 1 93.3 
228.43 10.00 0.39 1 93.3 
228.68 9.89 0.38 1 93.3 
228.83 9.63 0.37 1 93.3 
229.02 9.34 0.36 1 93.3 
229.17 9.22 0.36 1 93.3 
229.30 9.23 0.36 1 93.3 
229.48 9.06 0.35 1 93.3 
229.67 8.76 0.34 1 93.3 
229.80 8.86 0.36 1 89.6 
229.99 8.48 0.34 1 89.6 
230.13 8.13 0.33 1 89.6 
230.33 7.95 0.32 1 89.6 
230.53 7.69 0.31 1 89.6 
230.71 7.52 0.32 1 84.9 
230.84 7.20 0.31 1 84.9 
231.00 7.18 0.30 1 84.9 
231.18 7.04 0.30 1 84.9 
231.30 6.87 0.29 1 84.9 
231.52 6.83 0.29 1 84.9 
231.69 6.74 0.30 1 80.7 
231.82 6.81 0.30 1 80.7 
231.95 6.79 0.30 1 80.7 
232.09 6.73 0.30 1 80.7 
232.25 -1.00 -1.00 1 80.7 
232.43 6.95 0.31 1 80.7 
232.63 7.10 0.32 1 80.7 
232.82 7.35 0.34 1 77.1 
232.97 7.52 0.35 1 77.1 
233.12 7.72 0.36 1 77.1 
233.26 8.17 0.38 1 77.1 
233.44 8.27 0.39 1 77.1 
233.66 8.42 0.39 1 77.1 
233.83 8.82 0.42 1 75.6 
233.95 9.16 0.44 1 75.6 
234.14 9.40 0.45 1 75.6 
234.34 9.64 0.46 1 75.6 
234.52 9.93 0.47 1 75.6 
234.71 10.14 0.49 1 73.8 
234.87 10.41 0.51 1 73.8 
235.01 10.82 0.53 1 73.8 
235.13 11.12 0.54 1 73.8 
235.32 11.41 0.56 1 73.8 
235.45 11.78 0.57 1 73.8 
235.77 12.29 0.59 1 74.5 
235.91 12.68 0.61 1 74.5 
236.09 13.08 0.63 1 74.5 
236.28 13.38 0.65 1 74.5 
236.51 13.44 0.65 1 74.5 
236.67 13.65 0.62 1 79.3 
236.85 13.81 0.63 1 79.3 
237.01 14.02 0.64 1 79.3 
237.17 14.11 0.64 1 79.3 
237.32 14.35 0.65 1 79.3 
237.53 14.53 0.66 1 79.3 
237.67 14.79 0.63 1 84.0 
237.82 14.98 0.64 1 84.0 
238.00 15.23 0.65 1 84.0 
238.16 15.23 0.65 1 84.0 
238.36 15.03 0.64 1 84.0 
238.54 15.26 0.65 1 84.0 
238.73 15.34 0.63 1 88.0 
238.87 15.20 0.62 1 88.0 
239.04 15.17 0.62 1 88.0 
239.21 15.06 0.62 1 88.0 
239.37 14.87 0.61 1 88.0 
239.55 15.02 0.61 1 88.0 
239.70 15.04 0.59 1 91.5 
239.90 15.04 0.59 1 91.5 
240.03 14.94 0.59 1 91.5 
240.20 14.60 0.57 1 91.5 
240.36 14.41 0.57 1 91.5 
240.63 13.95 0.55 1 91.5 
240.77 13.44 0.54 1 90.2 
240.98 12.98 0.52 1 90.2 
241.14 12.37 0.49 1 90.2 
241.30 11.95 0.48 1 90.2 
241.56 11.58 0.46 1 90.2 
241.72 11.30 0.49 1 82.4 
241.90 10.98 0.48 1 82.4 
242.04 10.74 0.47 1 82.4 
242.24 10.68 0.47 1 82.4 
242.38 10.69 0.47 1 82.4 
242.61 10.59 0.46 1 82.4 
242.74 10.69 0.51 1 76.0 
242.91 10.59 0.50 1 76.0 
243.09 10.46 0.50 1 76.0 
243.26 10.35 0.49 1 76.0 
243.44 10.65 0.50 2 76.0 
243.64 10.88 0.52 2 76.0 
243.81 11.11 0.54 2 74.7 
244.00 11.29 0.54 1 74.7 
244.19 11.42 0.55 1 74.7 
244.35 11.33 0.55 1 74.7 
244.54 11.59 0.56 1 74.7 
244.75 12.05 0.58 1 74.8 
244.92 12.65 0.61 1 74.8 
245.09 13.31 0.64 1 74.8 
245.29 13.43 0.65 1 74.8 
245.44 13.27 0.64 1 74.8 
245.83 13.93 0.64 1 78.3 
245.96 14.40 0.66 1 78.3 
246.14 14.76 0.68 1 78.3 
246.31 14.93 0.69 1 78.3 
246.47 15.16 0.70 1 78.3 
246.66 15.45 0.71 1 78.3 
246.81 15.68 0.70 1 80.1 
246.95 15.73 0.71 1 80.1 
247.09 15.90 0.71 1 80.1 
247.28 16.03 0.72 1 80.1 
247.41 15.91 0.71 1 80.1 
247.64 15.82 0.71 1 80.1 
247.81 15.73 0.70 1 81.2 
247.95 15.78 0.70 1 81.2 
248.16 15.80 0.70 1 81.2 
248.31 15.84 0.70 1 81.2 
248.49 15.96 0.71 1 81.2 
248.68 15.95 0.68 1 84.0 
248.84 15.85 0.68 1 84.0 
249.03 15.86 0.68 1 84.0 
249.17 15.87 0.68 1 84.0 
249.33 15.87 0.68 1 84.0 
249.55 15.88 0.68 1 84.0 
249.70 15.68 0.68 1 83.0 
249.87 15.32 0.66 1 83.0 
250.05 15.03 0.65 1 83.0 
250.19 14.64 0.63 1 83.0 
250.36 14.49 0.63 1 83.0 
250.56 14.29 0.62 1 83.0 
250.76 14.33 0.64 1 80.0 
250.90 14.36 0.65 1 80.0 
251.07 14.47 0.65 1 80.0 
251.29 14.55 0.65 1 80.0 
251.46 14.61 0.66 1 80.0 
251.66 14.88 0.67 1 80.0 
251.80 14.99 0.69 1 78.0 
251.97 14.96 0.69 1 78.0 
252.11 14.84 0.68 1 78.0 
252.28 14.95 0.69 1 78.0 
252.53 15.26 0.70 1 78.0 
252.68 15.27 0.72 1 76.6 
252.84 15.62 0.73 1 76.6 
253.04 15.66 0.74 1 76.6 
253.23 15.58 0.73 1 76.6 
253.43 15.74 0.74 1 76.6 
253.65 15.63 0.73 1 76.6 
253.83 15.76 0.73 1 77.4 
253.98 15.76 0.73 1 77.4 
254.14 15.55 0.72 1 77.4 
254.33 15.50 0.72 1 77.4 
254.51 15.55 0.72 1 77.4 
254.77 15.60 0.73 1 77.4 
254.95 15.64 0.69 1 81.5 
255.13 15.67 0.69 1 81.5 
255.28 15.70 0.69 1 81.5 
255.45 15.71 0.69 1 81.5 
255.83 16.28 0.69 1 84.5 
256.00 16.66 0.71 1 84.5 
256.14 16.59 0.71 1 84.5 
256.31 16.41 0.70 1 84.5 
256.54 16.27 0.69 1 84.5 
256.72 16.16 0.68 1 85.0 
256.89 16.06 0.68 1 85.0 
257.05 15.99 0.68 1 85.0 
257.18 15.92 0.67 1 85.0 
257.37 15.78 0.67 1 85.0 
257.54 16.26 0.69 1 85.0 
257.73 16.25 0.68 1 86.1 
257.91 16.14 0.67 1 86.1 
258.05 16.28 0.68 1 86.1 
258.23 16.38 0.68 1 86.1 
258.38 16.47 0.69 1 86.1 
258.57 16.31 0.68 1 86.1 
258.74 16.19 0.69 1 84.9 
258.89 16.09 0.68 1 84.9 
259.09 16.12 0.68 1 84.9 
259.25 16.04 0.68 1 84.9 
259.47 16.07 0.68 1 84.9 
259.66 15.90 0.67 1 85.7 
259.84 15.64 0.66 1 85.7 
259.99 15.45 0.65 1 85.7 
260.21 15.50 0.65 1 85.7 
260.36 15.44 0.65 1 85.7 
260.57 15.38 0.65 1 85.7 
260.76 15.34 0.62 1 88.4 
261.00 15.31 0.62 1 88.4 
261.17 15.28 0.62 1 88.4 
261.42 15.26 0.62 1 88.4 
261.64 14.96 0.61 1 88.4 
261.88 14.90 0.58 1 92.1 
262.03 15.08 0.59 1 92.1 
262.25 15.00 0.59 1 92.1 
262.42 15.04 0.59 1 92.1 
262.60 14.88 0.58 1 92.1 
262.78 14.95 0.58 1 92.7 
263.00 14.90 0.58 1 92.7 
263.16 14.58 0.57 1 92.7 
263.37 14.42 0.56 1 92.7 
263.61 14.21 0.55 1 92.7 
263.79 14.55 0.58 1 91.0 
263.95 14.24 0.56 1 91.0 
264.13 13.82 0.55 1 91.0 
264.32 13.58 0.54 1 91.0 
264.54 13.23 0.52 1 91.0 
264.68 12.97 0.51 1 92.2 
264.84 12.77 0.50 1 92.2 
264.99 12.40 0.48 1 92.2 
265.21 12.13 0.47 1 92.2 
265.36 11.85 0.46 1 92.2 
265.81 11.25 0.42 1 95.8 
265.96 11.20 0.42 1 95.8 
266.17 10.98 0.41 1 95.8 
266.34 10.70 0.40 1 95.8 
266.54 10.61 0.40 1 95.8 
266.72 10.43 0.40 1 93.6 
266.90 10.24 0.39 1 93.6 
267.07 10.05 0.39 1 93.6 
267.27 9.87 0.38 1 93.6 
267.44 9.79 0.38 1 93.6 
267.69 9.84 0.38 1 93.6 
267.86 9.76 0.39 1 90.6 
268.04 9.66 0.38 1 90.6 
268.22 9.54 0.38 1 90.6 
268.43 9.35 0.37 1 90.6 
268.64 9.37 0.37 1 90.6 
268.79 9.33 0.38 1 88.7 
268.99 9.32 0.38 2 88.7 
269.24 9.25 0.38 1 88.7 
269.43 9.21 0.37 1 88.7 
269.64 9.18 0.37 1 88.7 
269.81 9.11 0.37 1 89.5 
270.04 9.26 0.37 1 89.5 
270.23 9.27 0.37 1 89.5 
270.42 9.19 0.37 2 89.5 
270.72 9.04 0.36 2 89.5 
270.97 9.21 0.36 2 93.1 
271.23 8.90 0.34 1 93.1 
271.49 8.88 0.34 1 93.1 
271.72 8.66 0.33 1 95.9 
271.88 8.42 0.32 1 95.9 
272.09 8.32 0.31 1 95.9 
272.34 8.03 0.30 1 95.9 
272.56 7.76 0.29 1 95.9 
272.75 7.51 0.28 1 96.2 
272.94 7.33 0.27 1 96.2 
273.10 7.28 0.27 1 96.2 
273.30 7.18 0.27 1 96.2 
273.50 7.05 0.26 1 96.2 
273.74 7.09 0.28 1 91.4 
273.97 7.19 0.28 1 91.4 
274.17 7.33 0.29 1 91.4 
274.37 7.36 0.29 1 91.4 
274.66 7.45 0.29 1 91.4 
274.84 7.74 0.32 1 88.5 
275.01 7.81 0.32 1 88.5 
275.17 7.77 0.32 1 88.5 
275.42 7.90 0.32 1 88.5 
275.87 8.36 0.34 1 89.6 
276.04 8.48 0.34 1 89.6 
276.24 8.48 0.34 1 89.6 
276.50 8.58 0.34 1 89.6 
276.71 8.64 0.35 1 90.1 
276.87 8.83 0.35 1 90.1 
277.04 9.02 0.36 1 90.1 
277.24 9.06 0.36 1 90.1 
277.54 9.08 0.36 1 90.1 
277.72 9.11 0.36 1 90.2 
277.92 9.12 0.36 1 90.2 
278.14 9.33 0.37 1 90.2 
278.35 9.38 0.37 1 90.2 
278.61 9.46 0.38 1 90.2 
278.79 9.80 0.40 1 87.8 
278.98 9.88 0.40 1 87.8 
279.16 10.04 0.41 1 87.8 
279.33 9.91 0.41 1 87.8 
279.55 9.90 0.41 1 87.8 
279.72 10.00 0.41 1 88.7 
279.90 9.98 0.40 1 88.7 
280.08 9.96 0.40 1 88.7 
280.27 9.84 0.40 2 88.7 
280.57 10.02 0.41 1 88.7 
280.74 10.15 0.39 1 93.3 
280.96 10.08 0.39 1 93.3 
281.12 10.03 0.39 1 93.3 
281.31 9.89 0.38 1 93.3 
281.55 9.69 0.37 1 93.3 
281.77 9.45 0.36 1 95.3 
281.98 9.62 0.36 1 95.3 
282.21 9.33 0.35 1 95.3 
282.37 9.11 0.34 1 95.3 
282.61 8.94 0.34 1 95.3 
282.77 8.67 0.34 1 92.8 
283.00 8.39 0.33 1 92.8 
283.18 8.19 0.32 1 92.8 
283.37 8.05 0.31 1 92.8 
283.58 7.88 0.31 1 92.8 
283.79 7.70 0.31 1 89.8 
283.98 7.50 0.30 1 89.8 
284.14 7.36 0.30 1 89.8 
284.36 7.21 0.29 1 89.8 
284.60 7.09 0.28 1 89.8 
284.79 7.09 0.29 1 87.0 
284.94 7.02 0.29 1 87.0 
285.17 6.97 0.29 1 87.0 
285.31 6.95 0.29 1 87.0 
285.50 6.99 0.29 1 87.0 
285.70 7.02 0.30 1 84.3 
285.87 7.04 0.30 1 84.3 
286.01 7.13 0.30 1 84.3 
286.25 7.25 0.31 1 84.3 
286.41 7.41 0.32 1 84.3 
286.65 7.52 0.32 1 84.3 
286.83 7.75 0.34 1 82.8 
287.03 7.84 0.34 1 82.8 
287.22 7.97 0.35 1 82.8 
287.40 8.37 0.36 1 82.8 
287.58 8.36 0.36 1 82.8 
287.80 8.34 0.36 1 82.9 
287.98 8.33 0.36 1 82.9 
288.15 8.40 0.36 1 82.9 
288.35 8.54 0.37 1 82.9 
288.60 8.63 0.37 1 82.9 
288.81 9.01 0.39 1 83.6 
288.99 8.98 0.39 1 83.6 
289.21 9.05 0.39 1 83.6 
289.47 9.10 0.39 1 83.6 
289.71 9.18 0.40 1 83.6 
289.92 9.11 0.39 1 84.2 
290.10 9.39 0.40 1 84.2 
290.33 9.12 0.39 1 84.2 
290.47 9.34 0.40 1 84.2 
290.67 9.36 0.40 1 84.2 
290.85 9.32 0.38 1 88.1 
291.00 9.13 0.37 1 88.1 
291.17 9.20 0.38 1 88.1 
291.33 9.03 0.37 1 88.1 
291.57 9.24 0.38 1 88.1 
291.75 9.10 0.36 1 90.3 
291.96 8.88 0.35 1 90.3 
292.11 9.02 0.36 1 90.3 
292.28 8.82 0.35 1 90.3 
292.46 8.67 0.35 1 90.3 
292.68 8.65 0.34 1 90.3 
292.87 8.63 0.36 1 87.3 
293.05 8.79 0.36 1 87.3 
293.23 8.58 0.35 1 87.3 
293.39 8.50 0.35 1 87.3 
293.63 8.53 0.35 1 87.3 
293.80 8.54 0.36 1 85.0 
293.98 8.55 0.36 1 85.0 
294.19 8.56 0.36 1 85.0 
294.35 8.57 0.36 1 85.0 
294.62 8.66 0.37 1 85.0 
294.77 8.86 0.38 1 84.6 
294.97 8.87 0.38 1 84.6 
295.15 9.01 0.38 1 84.6 
295.36 8.89 0.38 1 84.6 
295.79 8.91 0.38 1 85.0 
295.98 8.90 0.38 1 85.0 
296.21 8.90 0.38 1 85.0 
296.42 8.89 0.38 1 85.0 
296.65 8.89 0.38 1 85.0 
296.82 8.81 0.36 1 87.8 
297.02 8.74 0.36 1 87.8 
297.18 8.70 0.36 1 87.8 
297.37 8.51 0.35 1 87.8 
297.64 8.45 0.35 1 87.8 
297.85 8.41 0.35 1 86.7 
298.04 8.69 0.36 1 86.7 
298.28 8.51 0.35 1 86.7 
298.50 8.45 0.35 1 86.7 
298.67 8.49 0.36 1 84.8 
298.84 8.90 0.38 1 84.8 
299.02 9.09 0.39 1 84.8 
299.18 9.04 0.38 1 84.8 
299.35 9.00 0.38 1 84.8 
299.62 9.06 0.38 1 84.8 
299.78 9.20 0.39 1 84.0 
300.03 9.21 0.39 1 84.0 
300.23 9.16 0.39 1 84.0 
300.39 9.17 0.39 1 84.0 
300.59 9.18 0.39 1 84.0 
300.77 9.28 0.39 1 85.6 
300.96 9.16 0.39 1 85.6 
301.12 9.26 0.39 1 85.6 
301.33 9.16 0.39 1 85.6 
301.52 9.21 0.39 1 85.6 
301.76 9.35 0.39 1 86.7 
301.97 9.32 0.39 1 86.7 
302.16 9.43 0.39 1 86.7 
302.40 9.42 0.39 1 86.7 
302.63 9.42 0.39 1 86.7 
302.86 9.41 0.39 1 85.8 
303.06 9.51 0.40 1 85.8 
303.22 9.34 0.39 1 85.8 
303.45 9.21 0.39 1 85.8 
303.72 9.12 0.38 1 85.8 
303.94 9.28 0.39 1 85.5 
304.10 9.31 0.39 1 85.5 
304.26 9.38 0.39 1 85.5 
304.56 9.15 0.39 1 85.5 
304.75 9.48 0.41 1 84.1 
304.92 9.83 0.42 1 84.1 
305.13 9.96 0.43 1 84.1 
305.31 10.01 0.43 1 84.1 
305.54 10.04 0.43 1 84.1 
305.72 10.01 0.43 1 83.2 
305.88 9.80 0.42 1 83.2 
306.10 9.73 0.42 1 83.2 
306.25 9.58 0.41 1 83.2 
306.39 10.03 0.43 1 83.2 
306.61 9.91 0.43 1 83.2 
306.77 9.86 0.40 1 89.5 
306.99 9.68 0.39 1 89.5 
307.15 9.45 0.38 1 89.5 
307.37 9.48 0.38 1 89.5 
307.55 9.70 0.39 1 89.5 
307.73 9.48 0.38 1 89.0 
307.89 9.30 0.38 1 89.0 
308.08 9.18 0.37 1 89.0 
308.25 9.27 0.37 1 89.0 
308.41 9.34 0.38 1 89.0 
308.65 9.33 0.38 1 89.0 
308.84 9.29 0.38 1 87.3 
309.04 9.25 0.38 1 87.3 
309.21 9.27 0.38 1 87.3 
309.44 9.50 0.39 1 87.3 
309.65 9.41 0.39 1 87.3 
309.88 9.26 0.38 1 87.0 
310.02 9.14 0.38 1 87.0 
310.27 9.06 0.37 1 87.0 
310.45 9.18 0.38 1 87.0 
310.71 9.43 0.39 1 87.0 
310.92 9.66 0.42 1 82.8 
311.09 9.89 0.43 1 82.8 
311.31 10.06 0.44 1 82.8 
311.58 10.30 0.45 1 82.8 
311.77 10.43 0.46 1 81.8 
311.98 10.51 0.46 1 81.8 
312.23 10.58 0.47 1 81.8 
312.42 10.75 0.47 1 81.8 
312.67 10.76 0.47 1 81.8 
312.94 11.01 0.46 1 85.2 
313.09 11.20 0.47 1 85.2 
313.29 11.40 0.48 1 85.2 
313.47 11.36 0.48 1 85.2 
313.77 11.10 0.47 2 85.2 
313.95 11.06 0.45 1 89.0 
314.15 10.88 0.44 1 89.0 
314.38 10.83 0.44 1 89.0 
314.63 10.86 0.44 1 89.0 
314.79 10.88 0.43 1 90.4 
315.04 10.85 0.43 1 90.4 
315.20 10.87 0.43 1 90.4 
315.40 10.62 0.42 1 90.4 
315.65 10.70 0.43 1 90.4 
315.79 10.49 0.43 1 87.5 
315.99 10.54 0.43 1 87.5 
316.19 10.48 0.43 1 87.5 
316.37 10.66 0.44 1 87.5 
316.67 10.86 0.45 1 87.5 
316.83 11.00 0.46 1 86.7 
317.04 11.11 0.46 1 86.7 
317.19 11.13 0.46 1 86.7 
317.41 11.27 0.47 1 86.7 
317.58 11.38 0.47 1 86.7 
317.79 11.10 0.47 1 85.9 
317.99 11.11 0.47 1 85.9 
318.20 11.40 0.48 1 85.9 
318.35 11.68 0.49 1 85.9 
318.59 11.90 0.50 1 85.9 
318.75 11.91 0.50 1 86.0 
318.96 12.07 0.51 1 86.0 
319.12 12.11 0.51 1 86.0 
319.33 12.29 0.51 1 86.0 
319.53 12.43 0.52 1 86.0 
319.75 12.54 0.49 1 92.6 
319.94 12.46 0.48 1 92.6 
320.12 12.20 0.47 1 92.6 
320.29 12.13 0.47 1 92.6 
320.52 12.01 0.47 1 92.6 
320.75 11.80 0.44 1 96.8 
320.92 11.82 0.44 1 96.8 
321.13 11.53 0.43 1 96.8 
321.35 11.48 0.43 1 96.8 
321.62 11.39 0.42 1 96.8 
321.84 11.19 0.42 1 96.3 
322.00 11.23 0.42 1 96.3 
322.16 11.02 0.41 1 96.3 
322.40 10.80 0.40 1 96.3 
322.63 10.70 0.40 1 96.3 
322.85 10.62 0.41 1 94.1 
323.05 10.50 0.40 1 94.1 
323.23 10.42 0.40 1 94.1 
323.38 10.25 0.39 1 94.1 
323.63 10.35 0.40 1 94.1 
323.85 10.43 0.41 1 92.3 
324.10 10.17 0.40 1 92.3 
324.34 10.12 0.39 1 92.3 
324.54 10.25 0.40 1 92.3 
324.73 10.19 0.40 1 91.3 
324.89 9.99 0.39 1 91.3 
325.08 10.03 0.40 1 91.3 
325.28 9.98 0.39 1 91.3 
325.79 10.08 0.40 1 90.8 
326.05 10.10 0.40 1 90.8 
326.25 10.03 0.40 1 90.8 
326.40 9.97 0.40 1 90.8 
326.66 10.14 0.40 1 90.8 
326.83 10.17 0.41 1 90.3 
327.07 9.98 0.40 1 90.3 
327.26 10.29 0.41 1 90.3 
327.55 10.16 0.41 1 90.3 
327.74 10.42 0.42 1 88.8 
327.89 10.48 0.42 1 88.8 
328.08 10.72 0.43 1 88.8 
328.24 10.71 0.43 1 88.8 
328.40 10.76 0.44 1 88.8 
328.64 10.85 0.44 1 88.8 
328.80 10.81 0.43 1 89.6 
328.99 10.77 0.43 1 89.6 
329.20 10.62 0.43 1 89.6 
329.39 10.44 0.42 1 89.6 
329.68 10.28 0.41 1 89.6 
329.89 10.16 0.41 1 89.4 
330.04 10.06 0.41 1 89.4 
330.26 9.90 0.40 1 89.4 
330.43 9.77 0.39 1 89.4 
330.71 9.68 0.39 1 89.4 
330.91 9.82 0.44 1 79.7 
331.13 9.83 0.44 1 79.7 
331.31 9.93 0.45 1 79.7 
331.59 10.13 0.46 1 79.7 
331.79 10.15 0.47 1 77.9 
331.97 10.41 0.48 1 77.9 
332.16 10.36 0.48 1 77.9 
332.37 10.50 0.49 1 77.9 
332.57 10.61 0.49 1 77.9 
332.80 10.88 0.49 1 79.4 
333.03 11.15 0.51 1 79.4 
333.19 11.35 0.51 1 79.4 
333.41 11.43 0.52 1 79.4 
333.68 11.49 0.52 1 79.4 
333.86 11.75 0.53 1 80.4 
334.11 12.20 0.55 1 80.4 
334.31 12.52 0.56 1 80.4 
334.60 12.77 0.57 1 80.4 
334.81 12.79 0.58 1 78.8 
335.03 12.97 0.59 1 78.8 
335.19 13.19 0.60 1 78.8 
335.38 13.28 0.61 1 78.8 
335.88 13.69 0.59 1 83.8 
336.07 14.02 0.60 1 83.8 
336.32 14.28 0.61 1 83.8 
336.53 14.69 0.63 1 83.8 
336.76 14.89 0.63 1 85.5 
336.96 15.16 0.64 1 85.5 
337.17 15.60 0.66 1 85.5 
337.40 16.20 0.68 1 85.5 
337.67 16.52 0.70 1 85.5 
337.88 16.66 0.70 1 86.2 
338.03 16.76 0.70 1 86.2 
338.25 16.84 0.70 1 86.2 
338.48 17.16 0.72 1 86.2 
338.70 17.27 0.74 1 84.4 
338.92 17.23 0.74 1 84.4 
339.06 17.20 0.73 1 84.4 
339.24 17.43 0.74 1 84.4 
339.48 17.47 0.75 1 84.4 
339.70 17.78 0.76 1 83.7 
339.86 17.88 0.77 1 83.7 
340.03 18.23 0.78 1 83.7 
340.24 18.23 0.78 1 83.7 
340.40 18.23 0.78 1 83.7 
340.65 18.22 0.78 1 83.7 
340.88 18.22 0.80 1 82.5 
341.07 18.08 0.79 1 82.5 
341.32 18.38 0.80 1 82.5 
341.51 18.61 0.81 1 82.5 
341.72 18.52 0.82 1 81.6 
341.92 18.19 0.80 1 81.6 
342.10 18.17 0.80 1 81.6 
342.34 18.02 0.80 1 81.6 
342.59 18.17 0.80 1 81.6 
342.91 18.15 0.81 1 80.5 
343.11 17.75 0.79 1 80.5 
343.30 17.45 0.78 1 80.5 
343.54 17.43 0.78 1 80.5 
343.73 17.18 0.75 1 82.2 
343.97 17.49 0.77 1 82.2 
344.13 17.47 0.76 1 82.2 
344.35 17.45 0.76 1 82.2 
344.56 17.20 0.75 1 82.2 
344.73 17.10 0.75 1 82.4 
344.91 16.91 0.74 1 82.4 
345.11 16.64 0.73 1 82.4 
345.34 16.66 0.73 1 82.4 
345.78 16.70 0.73 1 82.5 
345.95 16.47 0.72 1 82.5 
346.16 16.28 0.71 1 82.5 
346.37 16.38 0.71 1 82.5 
346.64 15.83 0.69 1 82.5 
346.86 15.68 0.67 1 84.5 
347.04 15.92 0.68 1 84.5 
347.28 15.66 0.67 1 84.5 
347.45 15.56 0.66 1 84.5 
347.63 15.28 0.65 1 84.5 
347.86 15.15 0.65 1 84.1 
348.03 14.86 0.64 1 84.1 
348.27 14.63 0.63 1 84.1 
348.56 14.45 0.62 1 84.1 
348.70 13.98 0.61 1 82.5 
348.92 13.61 0.59 1 82.5 
349.07 13.50 0.59 1 82.5 
349.25 13.79 0.60 1 82.5 
349.55 14.00 0.61 1 82.5 
349.73 14.64 0.65 1 81.2 
349.88 14.87 0.66 1 81.2 
350.07 15.06 0.67 1 81.2 
350.27 14.55 0.65 1 81.2 
350.44 13.92 0.62 1 81.2 
350.65 13.65 0.61 1 81.2 
350.85 14.25 0.62 1 82.1 
351.00 14.58 0.64 1 82.1 
351.24 14.83 0.65 1 82.1 
351.43 14.80 0.65 1 82.1 
351.68 14.51 0.64 1 82.1 
351.88 14.20 0.59 1 86.0 
352.10 13.96 0.58 1 86.0 
352.27 13.76 0.58 1 86.0 
352.56 13.45 0.56 1 86.0 
352.77 12.87 0.51 1 90.7 
352.95 12.68 0.50 1 90.7 
353.18 12.34 0.49 1 90.7 
353.38 12.29 0.49 1 90.7 
353.66 11.99 0.48 1 90.7 
353.82 11.62 0.44 1 95.1 
354.04 11.41 0.43 1 95.1 
354.30 11.39 0.43 1 95.1 
354.47 10.90 0.41 1 95.1 
354.81 10.64 0.41 1 92.9 
355.03 10.25 0.40 1 92.9 
355.22 9.86 0.38 1 92.9 
355.44 9.32 0.36 1 92.9 
355.69 9.00 0.35 1 92.9 
355.86 8.97 0.37 1 86.7 
356.07 8.93 0.37 1 86.7 
356.22 8.92 0.37 1 86.7 
356.43 8.81 0.37 1 86.7 
356.63 9.15 0.38 1 86.7 
356.84 9.08 0.40 1 80.9 
357.08 8.93 0.40 1 80.9 
357.26 8.92 0.40 1 80.9 
357.42 9.02 0.40 1 80.9 
357.65 8.81 0.39 1 80.9 
357.82 8.84 0.40 1 79.4 
358.06 8.78 0.40 1 79.4 
358.26 8.83 0.40 1 79.4 
358.43 8.68 0.39 1 79.4 
358.67 8.50 0.39 1 79.4 
358.83 8.64 0.39 1 79.2 
359.07 8.73 0.40 1 79.2 
359.24 9.00 0.41 1 79.2 
359.44 9.14 0.42 1 79.2 
359.75 9.01 0.41 1 79.2 
359.99 9.01 0.41 1 79.0 
360.17 9.01 0.41 1 79.0 
360.40 9.16 0.42 1 79.0 
360.61 9.21 0.42 1 79.0 
360.86 9.36 0.40 1 83.5 
361.08 9.45 0.41 1 83.5 
361.31 9.54 0.41 1 83.5 
361.51 9.82 0.42 1 83.5 
361.73 9.97 0.43 1 82.6 
361.95 9.83 0.43 1 82.6 
362.19 9.91 0.43 1 82.6 
362.39 10.10 0.44 1 82.6 
362.65 10.03 0.44 1 82.6 
362.87 9.87 0.44 1 81.0 
363.08 10.20 0.45 1 81.0 
363.30 9.91 0.44 1 81.0 
363.47 9.56 0.43 1 81.0 
363.75 -1.00 -1.00 1 81.0 
363.98 9.27 0.42 1 79.1 
364.14 9.37 0.43 1 79.1 
364.37 9.21 0.42 1 79.1 
364.61 9.08 0.41 1 79.1 
364.86 9.28 0.43 1 78.3 
365.04 9.23 0.42 1 78.3 
365.29 9.29 0.43 1 78.3 
365.48 9.55 0.44 1 78.3 
365.74 9.53 0.44 1 78.5 
366.09 9.60 0.44 1 78.5 
366.29 9.65 0.44 1 78.5 
366.58 9.60 0.44 1 78.5 
366.79 9.78 0.45 1 78.5 
366.97 9.79 0.45 1 78.5 
367.18 9.80 0.45 1 78.5 
367.36 9.97 0.46 1 78.5 
367.71 9.89 0.45 1 78.5 
367.95 -1.00 -1.00 1 78.4 
368.25 10.07 0.46 1 78.4 
368.44 9.91 0.46 1 78.4 
368.69 9.88 0.45 1 78.4 
368.85 9.67 0.44 1 78.8 
369.12 9.43 0.43 1 78.8 
369.35 9.25 0.42 1 78.8 
369.62 9.04 0.41 1 78.8 
369.82 8.79 0.40 1 79.0 
369.98 8.61 0.39 1 79.0 
370.23 8.50 0.39 1 79.0 
370.43 8.25 0.38 1 79.0 
370.65 8.09 0.37 1 79.0 
370.88 7.83 0.35 1 80.1 
371.13 7.59 0.34 1 80.1 
371.33 7.41 0.33 1 80.1 
371.72 -1.00 -1.00 1 80.1 
371.97 6.96 0.32 1 77.1 
372.19 6.87 0.32 1 77.1 
372.37 -1.00 -1.00 1 77.1 
372.65 6.76 0.32 1 77.1 
372.89 6.85 0.34 1 72.9 
373.14 6.99 0.35 1 72.9 
373.38 7.21 0.36 1 72.9 
373.69 7.38 0.36 1 72.9 
373.88 -1.00 -1.00 1 72.6 
374.14 7.69 0.38 1 72.6 
374.35 7.79 0.39 1 72.6 
374.69 7.85 0.39 1 72.6 
374.96 8.05 0.39 1 74.6 
375.16 7.97 0.38 1 74.6 
375.40 7.98 0.39 1 74.6 
375.88 7.92 0.39 1 73.7 
376.11 7.74 0.38 1 73.7 
376.33 7.68 0.38 1 73.7 
376.60 7.57 0.37 1 73.7 
376.83 7.50 0.38 1 71.2 
377.03 7.38 0.37 1 71.2 
377.29 7.29 0.37 1 71.2 
377.56 7.44 0.38 1 71.2 
377.78 7.41 0.40 1 66.2 
378.01 7.59 0.41 1 66.2 
378.20 7.80 0.42 1 66.2 
378.55 7.87 0.43 1 66.2 
378.85 8.17 0.45 1 65.5 
379.02 8.38 0.46 1 65.5 
379.28 8.52 0.47 1 65.5 
379.60 8.72 0.48 1 65.5 
379.85 8.77 0.47 1 66.5 
380.07 9.10 0.49 1 66.5 
380.32 9.33 0.51 1 66.5 
380.63 9.55 0.52 1 66.5 
380.79 9.66 0.51 1 68.7 
381.07 9.84 0.52 1 68.7 
381.29 10.09 0.53 1 68.7 
381.58 10.06 0.53 1 68.7 
381.84 10.14 0.51 1 71.4 
382.11 10.43 0.53 1 71.4 
382.27 10.31 0.52 1 71.4 
382.54 10.13 0.51 1 71.4 
382.73 10.09 0.51 1 71.2 
382.94 10.34 0.52 1 71.2 
383.11 10.41 0.53 1 71.2 
383.33 10.50 0.53 1 71.2 
383.60 10.47 0.53 1 71.2 
383.85 10.39 0.52 1 71.6 
384.15 10.28 0.52 1 71.6 
384.33 10.08 0.51 1 71.6 
384.57 9.94 0.50 1 71.6 
384.79 10.05 0.50 1 72.5 
384.98 10.30 0.51 1 72.5 
385.24 10.20 0.51 1 72.5 
385.40 10.09 0.50 1 72.5 
385.91 9.82 0.48 1 74.3 
386.18 9.90 0.48 1 74.3 
386.37 9.90 0.48 1 74.3 
386.58 9.74 0.47 1 74.3 
386.84 9.50 0.45 1 75.7 
387.03 9.50 0.45 1 75.7 
387.26 9.32 0.44 1 75.7 
387.53 9.20 0.44 1 75.7 
387.77 9.20 0.43 1 76.8 
387.94 9.10 0.43 1 76.8 
388.26 9.27 0.43 1 76.8 
388.43 9.34 0.44 1 76.8 
388.72 9.30 0.44 1 76.8 
388.98 9.52 0.44 1 77.4 
389.34 9.52 0.44 1 77.4 
389.67 9.34 0.43 1 77.4 
389.91 9.50 0.44 1 77.0 
390.13 9.32 0.44 1 77.0 
390.31 9.28 0.43 1 77.0 
390.69 9.50 0.44 1 77.0 
390.99 9.41 0.43 1 79.1 
391.26 9.71 0.44 1 79.1 
391.57 9.49 0.43 1 79.1 
391.84 9.40 0.43 1 78.5 
392.03 9.33 0.43 1 78.5 
392.32 9.29 0.43 1 78.5 
392.61 9.51 0.44 1 78.5 
392.87 9.62 0.44 1 79.3 
393.11 9.69 0.44 1 79.3 
393.37 9.85 0.45 1 79.3 
393.74 9.81 0.45 1 79.3 
394.01 10.06 0.47 1 77.8 
394.32 10.30 0.48 1 77.8 
394.51 10.54 0.49 1 77.8 
394.77 10.71 0.49 1 78.3 
395.04 10.72 0.49 1 78.3 
395.27 10.91 0.50 1 78.3 
395.63 10.92 0.50 1 78.3 
395.94 10.87 0.51 1 77.2 
396.21 11.10 0.52 1 77.2 
396.43 11.48 0.54 1 77.2 
396.70 12.01 0.56 1 77.2 
396.91 12.23 0.57 1 77.4 
397.22 12.41 0.58 1 77.4 
397.47 12.54 0.58 1 77.4 
397.85 12.80 0.60 1 77.4 
398.09 13.08 0.60 1 77.9 
398.34 13.29 0.61 1 77.9 
398.71 13.64 0.63 1 77.9 
399.00 13.90 0.63 1 78.8 
399.19 14.53 0.66 1 78.8 
399.54 15.12 0.69 1 78.8 
399.77 15.48 0.69 1 80.6 
399.95 15.85 0.71 1 80.6 
400.20 16.03 0.72 1 80.6 
400.58 16.29 0.73 1 80.6 
400.78 16.49 0.74 1 80.5 
400.96 16.63 0.74 1 80.5 
401.23 16.87 0.75 1 80.5 
401.57 16.94 0.76 1 80.5 
401.82 17.10 0.76 1 80.7 
402.07 17.37 0.77 1 80.7 
402.36 17.44 0.78 1 80.7 
402.67 17.51 0.78 1 80.7 
402.86 17.97 0.78 1 82.9 
403.12 18.18 0.79 1 82.9 
403.29 18.35 0.80 1 82.9 
403.59 18.22 0.79 1 82.9 
403.86 18.10 0.76 1 85.7 
404.13 17.88 0.75 1 85.7 
404.34 18.24 0.77 1 85.7 
404.69 18.38 0.77 1 85.7 
404.93 18.23 0.74 1 88.4 
405.21 18.09 0.74 1 88.4 
405.51 18.24 0.74 1 88.4 
405.77 18.24 0.74 1 88.4 
406.05 17.96 0.73 1 89.0 
406.28 17.88 0.72 1 89.0 
406.58 17.93 0.73 1 89.0 
406.79 17.71 0.71 1 89.2 
407.02 17.66 0.71 1 89.2 
407.26 17.62 0.71 1 89.2 
407.57 17.46 0.70 1 89.2 
407.86 17.33 0.70 1 88.8 
408.08 17.35 0.70 1 88.8 
408.33 17.23 0.70 1 88.8 
408.60 17.04 0.69 1 88.8 
408.91 16.98 0.69 1 89.2 
409.18 16.61 0.67 1 89.2 
409.37 16.41 0.66 1 89.2 
409.67 16.50 0.67 1 89.2 
409.88 16.44 0.67 1 89.0 
410.11 16.40 0.66 1 89.0 
410.37 16.47 0.67 1 89.0 
410.68 16.09 0.65 1 89.0 
410.86 16.00 0.65 1 88.8 
411.14 15.92 0.65 1 88.8 
411.38 15.65 0.63 1 88.8 
411.68 15.45 0.63 1 88.8 
411.90 15.49 0.62 1 89.7 
412.10 15.53 0.62 1 89.7 
412.28 15.46 0.62 1 89.7 
412.59 15.51 0.62 1 89.7 
412.78 15.35 0.61 1 90.1 
413.01 15.02 0.60 1 90.1 
413.23 14.95 0.60 1 90.1 
413.51 14.90 0.60 1 90.1 
413.78 14.75 0.59 1 89.8 
413.98 14.74 0.59 1 89.8 
414.21 14.55 0.58 1 89.8 
414.43 14.39 0.58 1 89.8 
414.76 14.36 0.58 1 89.8 
414.98 14.34 0.58 1 88.6 
415.21 14.43 0.59 1 88.6 
415.47 14.49 0.59 1 88.6 
415.75 14.65 0.60 1 87.8 
416.08 14.69 0.60 1 87.8 
416.27 14.71 0.60 1 87.8 
416.56 14.83 0.61 1 87.8 
416.83 15.03 0.62 1 87.8 
417.06 15.42 0.63 1 87.8 
417.33 15.38 0.63 1 87.8 
417.60 15.56 0.64 1 87.8 
417.89 15.97 0.65 1 88.5 
418.15 16.39 0.67 1 88.5 
418.51 16.49 0.67 1 88.5 
418.77 16.22 0.65 1 89.8 
419.06 16.11 0.65 1 89.8 
419.31 16.26 0.65 1 89.8 
419.58 16.38 0.66 1 89.8 
419.89 16.47 0.64 1 92.1 
420.09 16.30 0.64 1 92.1 
420.41 16.28 0.64 1 92.1 
420.70 16.37 0.64 1 92.1 
421.01 16.22 0.63 1 92.4 
421.31 15.91 0.62 1 92.4 
421.61 15.74 0.61 1 92.4 
421.89 15.73 0.62 1 91.9 
422.07 15.41 0.60 1 91.9 
422.38 14.91 0.58 1 91.9 
422.62 14.86 0.58 1 91.9 
422.91 14.83 0.58 1 91.7 
423.15 14.81 0.58 1 91.7 
423.41 14.60 0.57 1 91.7 
423.71 14.73 0.58 1 91.7 
423.92 14.73 0.58 1 91.8 
424.14 14.64 0.57 1 91.8 
424.34 14.46 0.57 1 91.8 
424.61 14.24 0.56 1 91.8 
424.85 14.06 0.55 1 92.2 
425.12 13.69 0.53 1 92.2 
425.42 13.64 0.53 1 92.2 
425.76 13.37 0.52 1 92.2 
425.95 13.07 0.49 1 95.7 
426.23 12.78 0.48 1 95.7 
426.56 12.41 0.47 1 95.7 
426.83 11.89 0.45 1 96.0 
427.09 11.49 0.43 1 96.0 
427.34 11.19 0.42 1 96.0 
427.62 10.84 0.41 1 96.0 
427.89 10.51 0.40 1 95.6 
428.11 10.05 0.38 1 95.6 
428.37 10.01 0.38 1 95.6 
428.63 9.98 0.38 1 95.6 
428.87 9.87 0.39 1 91.9 
429.08 9.95 0.39 1 91.9 
429.29 9.80 0.38 1 91.9 
429.67 9.54 0.37 1 91.9 
429.98 9.85 0.40 1 89.6 
430.20 10.00 0.40 1 89.6 
430.55 10.17 0.41 1 89.6 
430.76 10.43 0.42 1 90.1 
431.05 10.55 0.42 1 90.1 
431.25 10.71 0.43 1 90.1 
431.54 10.96 0.44 1 90.1 
431.82 11.30 0.46 1 88.7 
432.20 11.22 0.46 1 88.7 
432.55 11.85 0.48 1 88.7 
432.73 12.04 0.49 1 88.2 
433.05 12.28 0.50 1 88.2 
433.32 12.53 0.51 1 88.2 
433.62 12.56 0.51 1 88.2 
433.83 12.93 0.51 1 92.0 
434.16 13.30 0.52 1 92.0 
434.36 13.68 0.54 1 92.0 
434.66 13.78 0.54 1 92.0 
434.85 14.06 0.55 1 91.9 
435.17 14.38 0.56 1 91.9 
435.35 14.52 0.57 1 91.9 
435.92 15.00 0.59 1 91.7 
436.12 15.21 0.60 1 91.7 
436.45 15.59 0.61 1 91.7 
436.70 15.78 0.62 1 91.7 
437.01 16.03 0.63 1 91.5 
437.30 16.12 0.63 1 91.5 
437.55 16.56 0.65 1 91.5 
437.79 16.65 0.66 1 91.2 
438.08 16.72 0.66 1 91.2 
438.35 16.89 0.67 1 91.2 
438.69 17.16 0.68 1 91.2 
438.90 17.25 0.68 1 91.8 
439.17 17.73 0.70 1 91.8 
439.37 18.44 0.72 1 91.8 
439.64 18.54 0.73 1 91.8 
439.85 18.34 0.70 1 93.7 
440.16 18.06 0.69 1 93.7 
440.38 18.07 0.69 1 93.7 
440.74 18.21 0.70 1 93.7 
440.98 18.19 0.70 1 93.2 
441.29 18.45 0.71 1 93.2 
441.60 18.25 0.71 1 93.2 
441.87 18.21 0.70 1 93.7 
442.15 18.17 0.70 1 93.7 
442.54 18.15 0.70 1 93.7 
442.86 17.99 0.70 1 92.4 
443.14 17.98 0.70 1 92.4 
443.42 17.86 0.70 1 92.4 
443.74 17.41 0.68 1 92.4 
444.02 17.15 0.67 1 92.1 
444.29 17.47 0.68 1 92.1 
444.58 17.87 0.70 1 92.1 
444.88 17.89 0.68 1 94.0 
445.18 17.90 0.69 1 94.0 
445.41 17.55 0.67 1 94.0 
445.94 17.63 0.68 1 93.4 
446.20 17.43 0.67 1 93.4 
446.41 17.16 0.66 1 93.4 
446.71 17.19 0.66 1 93.4 
446.98 16.98 0.66 1 92.6 
447.28 16.92 0.66 1 92.6 
447.61 16.87 0.66 1 92.6 
447.96 16.72 0.65 1 92.3 
448.26 16.71 0.65 1 92.3 
448.65 16.29 0.64 1 92.3 
448.91 16.26 0.64 1 91.2 
449.21 16.35 0.65 1 91.2 
449.44 16.42 0.65 1 91.2 
449.79 16.61 0.66 1 91.2 
450.09 16.74 0.66 1 91.2 
450.34 16.86 0.67 1 91.2 
450.60 16.61 0.66 1 91.2 
450.85 16.75 0.67 1 90.5 
451.16 16.85 0.67 1 90.5 
451.42 17.08 0.68 1 90.5 
451.75 17.25 0.69 1 90.5 
451.94 17.38 0.69 1 90.1 
452.18 17.48 0.70 1 90.1 
452.55 17.44 0.70 1 90.1 
452.78 17.53 0.71 1 89.0 
453.06 17.47 0.71 1 89.0 
453.38 17.07 0.69 1 89.0 
453.61 16.99 0.69 1 89.0 
453.90 16.69 0.67 1 89.8 
454.22 16.45 0.66 1 89.8 
454.53 16.26 0.65 1 89.8 
454.88 16.10 0.65 1 89.8 
455.06 15.60 0.63 1 89.8 
455.32 15.11 0.61 1 89.8 
455.98 14.65 0.59 1 89.2 
456.27 14.19 0.57 1 89.2 
456.49 13.48 0.54 1 89.2 
456.82 13.13 0.53 1 89.2 
457.08 12.79 0.52 1 88.4 
457.30 12.54 0.51 1 88.4 
457.53 12.27 0.50 1 88.4 
457.86 12.15 0.51 1 86.2 
458.22 12.05 0.50 1 86.2 
458.61 12.07 0.50 1 86.2 
458.84 12.01 0.51 1 84.3 
459.09 12.11 0.52 1 84.3 
459.33 12.04 0.51 1 84.3 
459.70 11.99 0.51 1 84.3 
460.00 12.19 0.52 1 84.1 
460.28 12.34 0.53 1 84.1 
460.54 12.37 0.53 1 84.1 
460.76 12.75 0.55 1 83.8 
460.97 13.22 0.57 1 83.8 
461.31 13.59 0.58 1 83.8 
461.63 13.87 0.60 1 83.8 
461.90 14.29 0.61 1 85.0 
462.21 14.61 0.62 1 85.0 
462.57 14.86 0.63 1 85.0 
462.76 14.85 0.62 1 86.7 
463.06 15.17 0.63 1 86.7 
463.24 15.53 0.65 1 86.7 
463.52 15.70 0.65 1 86.7 
463.81 16.21 0.64 1 91.0 
464.05 16.59 0.66 1 91.0 
464.35 16.89 0.67 2 91.0 
464.58 17.00 0.67 2 91.0 
464.88 17.22 0.66 2 94.1 
465.11 17.39 0.67 1 94.1 
465.36 17.82 0.68 1 94.1 
465.92 17.61 0.65 2 97.9 
466.28 17.45 0.64 2 97.9 
466.56 17.43 0.64 1 97.9 
466.90 17.42 0.64 1 98.6 
467.20 17.28 0.63 1 98.6 
467.42 17.42 0.64 1 98.6 
467.69 17.27 0.63 1 98.6 
467.97 16.72 0.61 1 98.5 
468.22 16.61 0.61 1 98.5 
468.72 16.88 0.62 1 98.5 
468.98 16.65 0.61 1 98.9 
469.29 16.33 0.59 1 98.9 
469.66 16.43 0.60 1 98.9 
469.93 16.07 0.58 1 98.9 
470.20 15.58 0.57 1 98.9 
470.43 15.60 0.57 1 98.9 
470.73 15.31 0.53 1 103.8 
471.07 15.16 0.53 1 103.8 
471.37 14.97 0.52 1 103.8 
471.69 15.12 0.52 1 103.8 
471.94 14.93 0.51 1 104.4 
472.17 14.69 0.51 1 104.4 
472.49 15.43 0.53 1 104.4 
472.75 14.78 0.52 1 102.5 
473.00 14.57 0.51 1 102.5 
473.30 14.41 0.51 1 102.5 
473.60 14.48 0.51 1 102.5 
473.88 14.87 0.53 1 101.2 
474.09 14.94 0.53 1 101.2 
474.28 15.00 0.53 1 101.2 
474.64 15.04 0.54 1 101.2 
474.91 15.19 0.53 1 103.3 
475.15 15.30 0.53 1 103.3 
475.41 15.08 0.53 1 103.3 
475.98 15.41 0.53 1 104.6 
476.28 15.71 0.54 1 104.6 
476.64 15.95 0.55 1 104.6 
476.90 16.38 0.56 1 105.3 
477.14 16.58 0.57 1 105.3 
477.35 17.02 0.58 1 105.3 
477.60 16.96 0.58 1 105.3 
477.92 17.04 0.59 1 103.9 
478.14 17.37 0.60 1 103.9 
478.42 17.78 0.62 1 103.9 
478.86 17.95 0.62 1 103.9 
479.18 17.81 0.62 1 102.9 
479.54 18.13 0.63 1 102.9 
479.79 18.09 0.64 1 101.1 
480.07 18.20 0.65 1 101.1 
480.40 18.14 0.65 1 101.1 
480.72 18.24 0.65 1 101.1 
480.98 18.80 0.63 1 106.6 
481.31 18.76 0.63 1 106.6 
481.68 18.72 0.63 1 106.6 
482.00 19.36 0.65 1 107.0 
482.21 19.22 0.65 1 107.0 
482.48 19.09 0.64 1 107.0 
482.82 18.86 0.65 1 104.5 
483.12 18.95 0.65 1 104.5 
483.34 19.02 0.66 1 104.5 
483.76 18.93 0.65 1 104.5 
483.97 18.85 0.66 1 102.6 
484.24 18.93 0.66 1 102.6 
484.60 18.99 0.67 1 102.6 
484.84 19.04 0.66 1 103.7 
485.10 18.79 0.65 1 103.7 
485.37 18.59 0.65 1 103.7 
485.67 18.44 0.64 1 103.7 
485.97 18.44 0.62 1 106.6 
486.19 18.32 0.62 1 106.6 
486.58 18.22 0.62 1 106.6 
486.79 18.27 0.60 1 109.5 
486.99 18.47 0.61 1 109.5 
487.26 18.61 0.61 1 109.5 
487.52 18.73 0.62 1 109.5 
487.79 18.67 0.62 1 108.1 
488.04 18.77 0.63 1 108.1 
488.29 18.57 0.62 1 108.1 
488.51 18.70 0.62 1 108.1 
488.80 18.51 0.62 1 108.1 
489.06 18.25 0.62 1 106.0 
489.35 18.29 0.62 1 106.0 
489.79 18.32 0.62 1 106.0 
490.13 18.21 0.63 1 104.0 
490.35 18.25 0.63 1 104.0 
490.75 18.30 0.63 1 104.0 
491.05 18.80 0.66 1 102.4 
491.31 18.48 0.65 1 102.4 
491.64 18.20 0.64 1 102.4 
491.85 17.98 0.62 1 104.6 
492.13 17.91 0.62 1 104.6 
492.49 17.89 0.62 1 104.6 
492.85 17.73 0.61 1 104.6 
493.11 17.60 0.59 1 107.8 
493.37 17.38 0.58 1 107.8 
493.76 17.74 0.59 1 107.8 
494.01 17.49 0.58 1 108.0 
494.32 16.96 0.57 1 108.0 
494.73 16.63 0.55 1 108.0 
495.06 16.61 0.56 1 106.2 
495.37 16.27 0.55 1 106.2 
495.70 15.98 0.54 1 106.2 
495.95 16.10 0.55 1 104.4 
496.28 16.19 0.56 1 104.4 
496.59 16.02 0.55 1 104.4 
496.83 15.90 0.56 1 102.4 
497.10 15.69 0.55 1 102.4 
497.32 15.44 0.54 1 102.4 
497.69 15.34 0.54 1 102.4 
497.96 15.36 0.54 1 103.3 
498.25 15.28 0.53 1 103.3 
498.66 15.57 0.54 1 103.3 
499.00 15.66 0.55 1 101.9 
499.28 15.54 0.55 1 101.9 
499.67 15.42 0.54 1 101.9 
499.90 15.34 0.54 1 101.6 
500.23 15.07 0.53 1 101.6 
500.52 15.30 0.54 1 101.6 
500.80 15.46 0.54 1 103.3 
501.15 15.48 0.54 1 103.3 
501.39 15.39 0.54 1 103.3 
501.68 15.65 0.55 1 103.3 
501.91 15.53 0.54 1 103.8 
502.16 15.54 0.54 1 103.8 
502.66 16.05 0.56 1 103.8 
502.96 15.86 0.55 1 103.4 
503.20 15.91 0.55 1 103.4 
503.52 15.84 0.55 1 103.4 
503.76 15.79 0.54 1 106.2 
504.04 15.97 0.54 1 106.2 
504.29 16.24 0.55 1 106.2 
504.67 16.33 0.55 1 106.2 
504.92 16.40 0.56 1 105.1 
505.24 16.58 0.57 1 105.1 
505.48 16.60 0.57 1 105.1 
505.92 16.54 0.56 1 105.6 
506.28 16.81 0.57 1 105.6 
506.63 17.03 0.58 1 105.6 
506.93 16.83 0.57 1 105.8 
507.20 16.79 0.57 1 105.8 
507.40 16.89 0.57 1 105.8 
507.65 17.09 0.58 1 105.8 
507.97 17.40 0.60 1 105.2 
508.20 17.64 0.60 1 105.2 
508.57 17.69 0.61 1 105.2 
508.90 17.72 0.61 1 105.0 
509.10 17.62 0.60 1 105.0 
509.35 17.54 0.60 1 105.0 
509.79 17.75 0.61 1 105.0 
510.11 18.05 0.60 1 107.9 
510.31 18.30 0.61 1 107.9 
510.68 18.35 0.61 1 107.9 
510.92 18.38 0.61 1 107.6 
511.20 18.42 0.62 1 107.6 
511.54 18.06 0.60 1 107.6 
511.87 18.15 0.61 1 107.0 
512.16 18.23 0.61 1 107.0 
512.37 18.29 0.62 1 107.0 
512.66 18.33 0.62 1 107.0 
512.94 18.23 0.62 1 105.9 
513.16 18.13 0.62 1 105.9 
513.39 18.05 0.61 1 105.9 
513.71 18.01 0.61 1 105.9 
513.94 18.26 0.62 1 105.3 
514.20 18.16 0.62 1 105.3 
514.51 17.96 0.61 1 105.3 
514.75 17.93 0.61 1 105.7 
514.96 17.65 0.60 1 105.7 
515.26 17.56 0.60 1 105.7 
515.80 17.39 0.59 1 105.6 
516.11 17.23 0.59 1 105.6 
516.29 17.08 0.58 1 105.6 
516.61 16.97 0.58 1 105.6 
516.88 16.89 0.58 1 105.2 
517.18 16.83 0.58 1 105.2 
517.38 16.65 0.57 1 105.2 
517.68 16.64 0.57 1 105.2 
517.86 16.39 0.57 1 103.6 
518.16 16.31 0.57 1 103.6 
518.51 16.35 0.57 1 103.6 
518.74 16.06 0.56 1 104.1 
519.00 15.94 0.55 1 104.1 
519.26 15.95 0.55 1 104.1 
519.59 15.86 0.55 1 104.1 
519.83 15.78 0.54 1 104.7 
520.12 15.52 0.53 1 104.7 
520.42 15.54 0.53 1 104.7 
520.67 15.43 0.53 1 104.7 
520.93 15.24 0.52 1 105.0 
521.14 15.44 0.53 1 105.0 
521.42 15.46 0.53 1 105.0 
521.66 15.60 0.53 1 105.0 
521.85 15.60 0.54 1 104.4 
522.08 15.30 0.53 1 104.4 
522.38 14.95 0.52 1 104.4 
522.63 14.78 0.51 1 104.4 
522.85 15.19 0.52 1 104.4 
523.07 15.27 0.53 1 104.4 
523.33 15.04 0.52 1 104.4 
523.68 14.95 0.52 1 104.4 
524.00 14.88 0.52 1 103.6 
524.16 14.93 0.52 1 103.6 
524.51 14.87 0.52 1 103.6 
524.78 15.03 0.52 1 103.3 
525.11 15.17 0.53 1 103.3 
525.40 15.37 0.54 1 103.3 
525.98 16.14 0.56 1 103.0 
526.23 16.13 0.56 1 103.0 
526.59 16.01 0.56 1 103.0 
526.82 16.55 0.58 2 102.2 
527.14 16.71 0.59 2 102.2 
527.42 16.70 0.59 1 102.2 
527.64 17.25 0.61 1 102.2 
527.97 17.39 0.61 2 103.2 
528.30 17.38 0.61 2 103.2 
528.70 17.64 0.62 2 103.2 
529.00 17.70 0.61 2 104.0 
529.31 17.88 0.62 2 104.0 
529.71 18.52 0.64 2 104.0 
530.03 18.03 0.61 1 105.6 
530.31 18.29 0.62 1 105.6 
530.69 18.34 0.63 1 105.6 
531.06 17.89 0.60 1 107.9 
531.35 17.63 0.59 1 107.9 
531.64 17.31 0.58 1 107.9 
531.94 17.29 0.58 1 107.9 
532.20 17.04 0.57 1 107.9 
532.47 16.84 0.56 1 107.9 
532.79 16.92 0.57 1 106.8 
533.05 17.12 0.58 1 106.8 
533.36 16.79 0.57 1 106.8 
533.69 17.00 0.57 1 106.8 
533.93 16.83 0.57 1 105.8 
534.24 15.86 0.54 1 105.8 
534.50 16.29 0.55 1 105.8 
534.82 16.49 0.57 1 104.9 
535.09 16.40 0.56 1 104.9 
535.30 16.59 0.57 1 104.9 
535.69 16.60 0.57 1 104.9 
535.96 16.62 0.57 1 104.2 
536.19 16.51 0.57 1 104.2 
536.39 16.66 0.58 1 104.2 
536.72 16.91 0.58 1 104.2 
536.99 16.97 0.58 1 105.1 
537.19 16.79 0.57 1 105.1 
537.50 16.63 0.57 1 105.1 
537.80 16.89 0.57 1 107.1 
538.08 16.72 0.56 1 107.1 
538.29 16.47 0.55 1 107.1 
538.56 16.07 0.54 1 107.1 
538.80 15.96 0.52 1 110.7 
539.13 15.87 0.52 1 110.7 
539.35 15.50 0.50 1 110.7 
539.73 15.11 0.49 1 110.7 
539.93 14.70 0.48 1 111.0 
540.19 14.09 0.46 1 111.0 
540.45 13.83 0.45 1 111.0 
540.74 13.07 0.42 1 111.0 
541.01 12.82 0.42 1 109.8 
541.24 12.63 0.41 1 109.8 
541.59 12.21 0.40 1 109.8 
541.78 11.96 0.40 1 108.6 
542.07 11.64 0.39 1 108.6 
542.29 11.40 0.38 1 108.6 
542.61 11.36 0.38 1 108.6 
542.87 11.13 0.37 1 107.1 
543.13 11.17 0.38 1 107.1 
543.37 11.19 0.38 1 107.1 
543.59 10.84 0.36 1 107.1 
543.87 10.70 0.37 1 103.0 
544.06 10.78 0.38 1 103.0 
544.38 11.23 0.39 1 103.0 
544.61 11.38 0.40 1 103.0 
544.90 11.66 0.42 1 99.9 
545.09 11.57 0.42 1 99.9 
545.41 11.65 0.42 1 99.9 
545.75 11.79 0.42 1 99.9 
546.04 11.97 0.43 1 99.6 
546.27 12.02 0.43 1 99.6 
546.53 12.25 0.44 1 99.6 
546.75 12.40 0.44 1 101.5 
546.94 12.68 0.45 1 101.5 
547.18 12.73 0.45 1 101.5 
547.42 12.77 0.45 1 101.5 
547.67 12.81 0.45 1 101.5 
547.95 13.10 0.46 1 102.6 
548.15 13.14 0.46 1 102.6 
548.39 13.26 0.47 1 102.6 
548.74 13.35 0.47 1 102.6 
548.97 13.52 0.48 1 101.4 
549.26 13.73 0.49 1 101.4 
549.67 13.99 0.50 1 101.4 
549.89 14.00 0.50 1 100.1 
550.12 14.30 0.51 1 100.1 
550.34 14.54 0.52 1 100.1 
550.68 14.72 0.53 1 100.1 
550.90 14.76 0.53 1 100.3 
551.08 14.99 0.54 1 100.3 
551.36 14.97 0.54 1 100.3 
551.70 14.95 0.54 1 100.3 
551.91 15.14 0.53 1 102.1 
552.23 14.99 0.53 1 102.1 
552.56 14.96 0.53 1 102.1 
552.83 14.74 0.50 1 106.1 
553.11 14.49 0.49 1 106.1 
553.31 14.48 0.49 1 106.1 
553.56 14.67 0.50 1 106.1 
553.78 14.42 0.47 1 109.8 
553.99 14.15 0.46 1 109.8 
554.23 14.22 0.47 1 109.8 
554.67 14.08 0.46 1 109.8 
554.93 13.88 0.46 1 109.2 
555.15 13.74 0.45 1 109.2 
555.41 13.72 0.45 1 109.2 
555.69 13.47 0.44 1 109.2 
555.96 13.27 0.44 1 108.0 
556.17 13.04 0.43 1 108.0 
556.45 12.84 0.43 1 108.0 
556.79 12.63 0.42 1 108.0 
557.06 12.47 0.43 1 105.6 
557.30 12.50 0.43 1 105.6 
557.60 12.52 0.43 1 105.6 
557.78 12.61 0.43 1 104.9 
558.08 12.60 0.43 1 104.9 
558.26 12.60 0.43 1 104.9 
558.62 12.59 0.43 1 104.9 
558.95 12.76 0.44 1 104.1 
559.14 12.57 0.43 1 104.1 
559.38 12.94 0.45 1 104.1 
559.70 13.12 0.45 1 104.1 
559.89 13.24 0.45 1 104.9 
560.18 13.33 0.46 1 104.9 
560.35 13.42 0.46 1 104.9 
560.64 13.56 0.47 1 104.9 
560.91 13.67 0.47 1 104.4 
561.25 13.85 0.48 1 104.4 
561.54 13.90 0.48 1 104.4 
561.78 14.03 0.48 1 105.4 
562.00 14.43 0.49 1 105.4 
562.23 14.54 0.50 1 105.4 
562.52 14.52 0.50 1 105.4 
562.79 14.33 0.49 1 105.1 
563.01 14.27 0.49 1 105.1 
563.24 14.31 0.49 1 105.1 
563.65 14.44 0.49 1 105.1 
563.97 14.53 0.50 1 104.2 
564.19 14.61 0.50 1 104.2 
564.50 14.58 0.50 1 104.2 
564.75 14.45 0.51 1 103.0 
565.03 14.27 0.50 1 103.0 
565.23 14.12 0.49 1 103.0 
565.84 13.94 0.48 1 103.8 
566.09 13.79 0.48 1 103.8 
566.37 13.59 0.47 1 103.8 
566.62 13.44 0.47 1 103.8 
566.88 13.24 0.46 1 103.1 
567.13 13.08 0.46 1 103.1 
567.41 12.89 0.45 1 103.1 
567.71 12.74 0.44 1 103.1 
568.01 12.43 0.43 1 103.1 
568.34 12.17 0.42 1 103.1 
568.66 11.85 0.41 1 103.1 
568.93 11.74 0.42 1 99.7 
569.14 11.80 0.43 1 99.7 
569.49 11.70 0.42 2 99.7 
569.87 11.78 0.43 2 99.7 
570.09 11.90 0.45 2 95.4 
570.33 11.93 0.45 2 95.4 
570.63 12.18 0.46 2 95.4 
570.89 12.28 0.46 2 95.4 
571.27 12.45 0.47 2 95.4 
571.57 12.34 0.47 2 95.4 
571.81 12.58 0.47 2 96.1 
572.07 12.75 0.48 2 96.1 
572.29 12.98 0.49 2 96.1 
572.49 12.90 0.48 2 96.1 
572.82 12.99 0.49 2 96.1 
573.09 13.07 0.48 2 98.7 
573.37 13.31 0.49 2 98.7 
573.72 13.32 0.49 2 98.7 
573.94 13.40 0.48 2 99.9 
574.20 13.31 0.48 2 99.9 
574.49 13.32 0.48 2 99.9 
574.84 13.50 0.49 2 98.7 
575.04 13.38 0.49 2 98.7 
575.35 13.45 0.49 2 98.7 
575.67 13.27 0.48 2 98.7 
575.91 13.29 0.49 2 97.7 
576.21 13.13 0.48 2 97.7 
576.42 12.94 0.48 2 97.7 
576.73 12.72 0.47 2 97.7 
576.96 12.62 0.47 2 96.4 
577.22 12.40 0.46 2 96.4 
577.61 12.31 0.46 2 96.4 
577.90 12.23 0.46 2 96.6 
578.16 11.97 0.45 2 96.6 
578.44 11.64 0.43 2 96.6 
578.79 11.52 0.43 2 96.6 
578.99 11.26 0.42 2 96.0 
579.27 11.06 0.41 2 96.0 
579.56 10.84 0.41 2 96.0 
579.88 10.74 0.41 2 94.4 
580.16 10.45 0.40 1 94.4 
580.44 10.24 0.39 1 94.4 
580.67 10.02 0.38 1 94.4 
581.00 9.92 0.38 1 93.2 
581.35 9.57 0.37 1 93.2 
581.59 9.49 0.37 1 93.2 
581.88 9.48 0.37 1 92.4 
582.11 9.34 0.36 1 92.4 
582.30 9.24 0.36 1 92.4 
582.59 9.07 0.35 1 92.4 
582.78 9.68 0.39 1 89.6 
583.02 9.42 0.38 1 89.6 
583.32 9.39 0.38 1 89.6 
583.54 9.42 0.38 1 89.6 
583.82 9.22 0.37 1 88.7 
584.02 9.16 0.37 1 88.7 
584.27 9.32 0.38 1 88.7 
584.62 9.72 0.39 1 88.7 
584.82 9.95 0.40 1 88.8 
585.01 10.13 0.41 1 88.8 
585.31 10.37 0.42 1 88.8 
585.94 11.05 0.45 2 89.4 
586.20 11.41 0.46 2 89.4 
586.51 11.45 0.46 2 89.4 
586.84 11.95 0.48 2 89.2 
587.10 12.33 0.50 2 89.2 
587.36 12.38 0.50 2 89.2 
587.74 12.73 0.51 2 89.2 
587.93 13.00 0.52 1 89.9 
588.18 13.29 0.53 1 89.9 
588.39 13.04 0.52 1 89.9 
588.71 13.06 0.52 1 89.9 
588.97 13.53 0.53 1 92.8 
589.17 13.37 0.52 1 92.8 
589.52 13.31 0.52 1 92.8 
589.79 13.43 0.51 1 95.3 
590.03 13.45 0.51 1 95.3 
590.29 13.29 0.50 1 95.3 
590.54 13.02 0.49 1 95.3 
590.73 12.80 0.48 1 95.0 
591.05 12.71 0.48 1 95.0 
591.24 12.08 0.46 1 95.0 
591.52 12.01 0.46 1 95.0 
591.74 11.83 0.46 1 93.3 
591.94 11.63 0.45 1 93.3 
592.12 11.74 0.45 1 93.3 
592.35 11.45 0.44 1 93.3 
592.66 11.10 0.43 1 93.3 
592.94 11.02 0.44 1 90.8 
593.25 11.02 0.44 1 90.8 
593.52 11.15 0.44 1 90.8 
593.70 11.47 0.48 1 86.1 
593.93 11.71 0.49 1 86.1 
594.14 11.81 0.49 1 86.1 
594.41 11.90 0.50 1 86.1 
594.63 11.95 0.50 1 86.1 
594.84 11.85 0.50 1 85.6 
595.11 12.00 0.50 1 85.6 
595.33 12.18 0.51 1 85.6 
595.61 12.04 0.51 1 85.6 
595.87 12.13 0.51 1 86.5 
596.10 12.20 0.51 1 86.5 
596.34 12.34 0.51 1 86.5 
596.72 12.52 0.52 1 86.5 
596.96 12.57 0.52 1 86.5 
597.23 12.39 0.52 1 86.5 
597.52 12.48 0.52 1 86.5 
597.72 12.71 0.52 1 87.2 
597.98 12.21 0.50 1 87.2 
598.18 12.04 0.50 1 87.2 
598.41 12.06 0.50 1 87.2 
598.74 11.87 0.49 1 87.2 
598.96 11.79 0.49 1 87.2 
599.14 11.66 0.48 1 87.2 
599.43 11.28 0.47 1 87.2 
599.68 10.96 0.45 1 87.2 
599.93 10.63 0.44 1 87.9 
600.19 10.38 0.43 1 87.9 
600.37 10.10 0.41 1 87.9 
600.66 9.80 0.40 1 87.9 
600.86 9.57 0.39 1 87.5 
601.09 9.55 0.39 1 87.5 
601.27 9.32 0.38 1 87.5 
601.62 9.14 0.38 1 87.5 
601.83 9.02 0.39 1 82.8 
602.12 9.02 0.39 1 82.8 
602.34 9.07 0.39 1 82.8 
602.57 9.15 0.40 1 82.8 
602.82 9.26 0.44 1 76.5 
603.03 9.50 0.45 1 76.5 
603.23 9.42 0.44 1 76.5 
603.52 9.62 0.45 1 76.5 
603.77 9.77 0.46 1 75.7 
604.03 10.17 0.48 1 75.7 
604.20 9.98 0.47 1 75.7 
604.51 9.72 0.46 1 75.7 
604.76 9.75 0.46 1 75.6 
604.93 9.81 0.47 1 75.6 
605.19 9.81 0.47 1 75.6 
605.45 9.75 0.46 1 75.6 
605.71 9.57 0.46 1 75.6 
605.97 9.34 0.44 1 76.0 
606.23 9.18 0.43 1 76.0 
606.46 9.40 0.45 1 76.0 
606.76 9.23 0.44 1 76.0 
606.98 9.62 0.46 1 75.1 
607.22 9.68 0.46 1 75.1 
607.51 9.82 0.47 1 75.1 
607.77 10.17 0.53 1 69.7 
608.01 10.19 0.53 1 69.7 
608.21 10.32 0.53 1 69.7 
608.50 10.19 0.53 1 69.7 
608.79 10.31 0.54 1 69.3 
609.03 10.41 0.54 1 69.3 
609.30 10.82 0.56 1 69.3 
609.59 10.85 0.56 1 69.3 
609.76 11.00 0.57 1 69.8 
610.00 11.17 0.58 1 69.8 
610.22 11.17 0.58 1 69.8 
610.43 11.15 0.57 1 69.8 
610.72 11.16 0.58 1 69.8 
610.94 11.57 0.59 1 70.8 
611.09 11.41 0.58 1 70.8 
611.32 11.34 0.58 1 70.8 
611.52 10.95 0.56 1 70.8 
611.74 10.93 0.56 1 70.1 
611.94 11.26 0.58 1 70.1 
612.15 11.65 0.60 1 70.1 
612.37 11.53 0.59 1 70.1 
612.64 11.31 0.58 1 70.1 
612.85 11.26 0.63 1 64.7 
613.01 11.11 0.62 1 64.7 
613.20 11.11 0.62 1 64.7 
613.38 10.88 0.61 1 64.7 
613.58 10.88 0.61 1 64.7 
613.72 10.76 0.60 1 64.5 
613.92 10.79 0.60 1 64.5 
614.14 11.48 0.64 1 64.5 
614.28 11.29 0.63 1 64.5 
614.51 11.02 0.62 1 64.5 
614.73 10.81 0.60 1 64.4 
614.96 10.54 0.59 1 64.4 
615.12 10.35 0.58 1 64.4 
615.31 10.48 0.59 1 64.4 
615.83 10.26 0.58 1 63.8 
616.01 10.24 0.58 1 63.8 
616.26 10.28 0.58 1 63.8 
616.47 10.32 0.58 1 63.8 
616.74 10.40 0.59 1 63.8 
616.89 10.46 0.59 1 63.5 
617.10 10.52 0.60 1 63.5 
617.32 10.44 0.59 1 63.5 
617.58 10.43 0.59 1 63.5 
617.80 10.43 0.61 1 62.0 
617.95 10.37 0.60 1 62.0 
618.11 10.70 0.62 1 62.0 
618.33 10.82 0.63 1 62.0 
618.63 10.96 0.64 1 62.0 
618.86 10.68 0.65 1 59.4 
619.09 10.85 0.66 1 59.4 
619.26 10.60 0.64 1 59.4 
619.53 10.73 0.65 1 59.4 
619.80 10.77 0.70 1 55.4 
620.04 10.74 0.70 1 55.4 
620.27 10.61 0.69 1 55.4 
620.58 10.74 0.70 1 55.4 
620.73 10.77 0.76 1 50.9 
620.97 10.75 0.76 1 50.9 
621.16 10.72 0.76 1 50.9 
621.42 10.96 0.77 1 50.9 
621.64 10.88 0.77 1 50.9 
