18.51 100.0 1 primary 3 1 40.518414 -3.409472 2.030 93.5 
20.62 100.0 1 primary 3 1 40.519150 -3.410153 1.138 101.1 
22.41 100.0 1 primary 3 1 40.519348 -3.410343 0.927 101.5 
23.33 100.0 1 primary 3 1 40.519783 -3.410741 0.850 109.1 
24.27 100.0 1 primary 3 1 40.520004 -3.410949 0.787 109.0 
25.49 100.0 1 primary 2 1 40.520267 -3.411188 1.004 114.5 
28.34 100.0 1 primary 2 1 40.520489 -3.411393 1.858 113.4 
29.77 100.0 1 primary 2 1 40.520939 -3.411812 1.291 112.4 
31.21 100.0 1 primary 2 1 40.521404 -3.412240 0.724 110.1 
32.34 100.0 1 primary 2 1 40.521629 -3.412445 0.857 108.2 
34.11 100.0 1 primary 2 1 40.521854 -3.412648 1.625 106.8 
35.67 100.0 1 primary 2 1 40.522518 -3.413255 1.191 112.4 
37.87 100.0 1 primary 2 1 40.522739 -3.413482 1.393 115.8 
39.50 100.0 1 primary 2 1 40.523178 -3.413975 1.023 112.5 
41.78 90.0 3 tertiary_link 1 1 40.523579 -3.414527 1.299 107.5 
44.93 90.0 3 tertiary_link 1 1 40.524075 -3.415366 2.447 100.1 
46.81 100.0 1 primary 2 1 40.524452 -3.416222 1.326 102.9 
49.23 100.0 1 primary 2 1 40.524567 -3.416521 1.747 106.6 
50.76 100.0 1 primary 2 1 40.524769 -3.417168 1.282 111.7 
53.94 80.0 1 primary 1 1 40.525028 -3.418193 2.458 108.7 
55.17 80.0 1 primary 1 1 40.525253 -3.419215 0.687 107.1 
59.78 80.0 1 primary 1 1 40.525253 -3.419215 4.302 102.8 
73.11 100.0 1 primary 2 1 40.525829 -3.421105 12.630 106.6 
78.64 90.0 1 primary 2 1 40.528183 -3.423941 5.153 110.6 
139.87 -1.0 -1 - -1 -1 40.529919 -3.425115 60.384 111.7 
143.04 90.0 1 primary 2 1 40.533794 -3.445147 2.551 108.1 
144.36 90.0 1 primary 2 1 40.533783 -3.446587 0.876 108.7 
145.39 90.0 1 primary 2 1 40.533783 -3.446587 0.905 106.8 
145.99 90.0 1 primary 2 1 40.533775 -3.447286 0.511 106.8 
147.14 90.0 1 primary 2 1 40.533779 -3.447644 0.662 107.3 
148.15 90.0 1 primary 2 1 40.533779 -3.447644 0.665 107.4 
149.80 90.0 1 primary 2 1 40.533772 -3.447994 1.319 109.1 
151.83 90.0 1 primary 2 1 40.533775 -3.449057 1.354 111.3 
153.49 90.0 1 primary 2 1 40.533772 -3.449794 1.005 109.8 
155.59 90.0 1 primary 2 1 40.533772 -3.450156 1.109 110.8 
157.78 90.0 1 primary 2 1 40.533783 -3.450886 1.295 110.1 
160.04 90.0 1 primary 2 1 40.533775 -3.451597 1.562 109.2 
161.48 90.0 1 primary 2 1 40.533768 -3.452313 0.993 110.7 
163.61 90.0 1 primary 2 1 40.533760 -3.453041 2.129 112.4 
165.66 90.0 1 primary 2 1 40.533764 -3.453777 1.177 118.6 
168.98 90.0 1 primary 2 1 40.533756 -3.454545 2.499 116.7 
170.47 90.0 1 primary 2 1 40.533752 -3.455703 0.991 114.4 
171.80 90.0 1 primary 2 1 40.533752 -3.456460 1.315 117.9 
173.56 90.0 1 primary 2 1 40.533752 -3.456839 1.079 118.3 
176.08 90.0 1 primary 2 1 40.533745 -3.458009 1.593 116.7 
177.64 90.0 1 primary 2 1 40.533737 -3.458394 1.162 117.4 
179.69 90.0 1 primary 2 1 40.533741 -3.459556 1.204 118.4 
181.33 90.0 1 primary 2 1 40.533737 -3.460309 0.852 114.6 
182.35 90.0 1 primary 2 1 40.533733 -3.460685 0.866 112.3 
183.50 90.0 1 primary 2 1 40.533733 -3.460685 1.010 103.1 
185.68 90.0 1 primary 2 1 40.533722 -3.461368 1.204 107.0 
187.48 90.0 1 primary 2 1 40.533722 -3.462056 0.996 105.0 
188.68 90.0 1 primary 2 1 40.533714 -3.462759 1.195 105.0 
190.14 90.0 1 primary 2 1 40.533714 -3.463106 0.653 105.1 
191.26 90.0 1 primary 2 1 40.533710 -3.463450 0.779 102.7 
192.52 90.0 1 primary 2 1 40.533710 -3.464132 1.036 101.9 
194.97 90.0 1 primary 2 1 40.533714 -3.464793 1.484 98.6 
196.40 90.0 1 primary 2 1 40.533745 -3.465448 0.911 96.3 
197.40 90.0 1 primary 2 1 40.533772 -3.465760 0.920 97.3 
199.93 90.0 1 primary 2 1 40.533772 -3.465760 2.443 98.9 
204.30 90.0 1 primary 2 1 40.533928 -3.466718 3.818 90.7 
205.59 90.0 1 primary 2 1 40.534416 -3.468122 1.113 91.0 
207.64 90.0 1 primary 2 1 40.534557 -3.468376 1.160 89.7 
209.30 100.0 3 primary_link 1 1 40.534996 -3.469064 0.820 92.6 
210.82 100.0 3 primary_link 1 1 40.534996 -3.469064 1.339 92.8 
221.17 100.0 3 primary_link 1 1 40.535339 -3.469483 9.686 99.8 
222.51 90.0 1 primary 2 1 40.537731 -3.470887 1.030 100.8 
225.97 90.0 1 primary 2 1 40.537979 -3.470967 2.490 97.7 
227.85 90.0 1 primary 2 1 40.538712 -3.471197 1.367 93.3 
229.92 90.0 1 primary 2 1 40.539169 -3.471347 1.434 89.6 
232.02 90.0 1 primary 2 1 40.539604 -3.471510 1.532 80.7 
234.03 90.0 1 primary 2 1 40.540009 -3.471638 1.552 75.6 
236.74 30.0 1 primary_link 1 1 40.540581 -3.471797 2.257 79.3 
238.27 30.0 1 primary_link 1 1 40.541142 -3.471973 0.786 84.0 
239.62 30.0 1 primary_link 1 1 40.541142 -3.471973 1.137 91.5 
241.36 30.0 1 primary_link 1 1 40.541569 -3.472115 0.878 90.2 
242.57 30.0 1 primary_link 1 1 40.541790 -3.472188 1.081 76.0 
244.62 30.0 1 primary_link 1 1 40.542183 -3.472318 1.142 74.8 
246.46 30.0 1 primary_link 1 1 40.542542 -3.472432 0.977 78.3 
247.20 90.0 1 primary 2 1 40.542728 -3.472492 0.709 80.1 
248.56 90.0 1 primary 2 1 40.542919 -3.472552 1.083 84.0 
250.29 30.0 1 primary_link 1 1 40.543320 -3.472690 0.807 83.0 
251.23 90.0 1 primary 2 1 40.543720 -3.472831 0.753 80.0 
252.51 90.0 1 primary 2 1 40.543907 -3.472899 1.025 76.6 
254.74 90.0 1 primary 2 1 40.544090 -3.472962 1.255 81.5 
256.70 90.0 1 primary 2 1 40.544476 -3.473095 1.220 85.0 
258.54 90.0 1 primary 2 1 40.544876 -3.473233 1.058 84.9 
261.30 90.0 1 primary 2 1 40.545288 -3.473359 1.820 88.4 
263.35 90.0 1 primary 2 1 40.545704 -3.473497 1.864 92.7 
265.63 90.0 1 primary 2 1 40.546162 -3.473650 2.146 95.8 
269.70 90.0 1 primary 2 1 40.547062 -3.473986 3.217 89.5 
271.87 90.0 1 primary 2 1 40.547710 -3.474279 1.390 95.9 
274.10 90.0 1 primary 2 1 40.548138 -3.474497 1.619 91.4 
276.26 90.0 1 primary 2 1 40.548565 -3.474753 1.775 89.6 
278.51 90.0 1 primary 2 1 40.548973 -3.475010 2.031 87.8 
283.73 90.0 1 primary 2 1 40.549576 -3.475424 4.248 89.8 
286.10 90.0 1 primary 2 1 40.550552 -3.476229 1.616 84.3 
287.57 90.0 1 primary 2 1 40.550900 -3.476562 1.092 82.9 
289.39 90.0 1 primary 2 1 40.551228 -3.476899 0.901 83.6 
290.29 90.0 1 primary 2 1 40.551384 -3.477072 0.805 84.2 
291.42 90.0 1 primary 2 1 40.551544 -3.477259 0.938 88.1 
292.23 90.0 1 primary 2 1 40.551708 -3.477444 0.745 90.3 
293.56 90.0 1 primary 2 1 40.551868 -3.477645 1.071 85.0 
295.71 90.0 1 primary 2 1 40.552193 -3.478028 1.226 85.0 
297.56 90.0 1 primary 2 1 40.552490 -3.478418 1.075 86.7 
299.96 90.0 1 primary 2 1 40.552776 -3.478838 1.478 84.0 
302.26 90.0 1 primary 2 1 40.553055 -3.479260 1.780 86.7 
303.40 90.0 1 primary 2 1 40.553459 -3.479937 0.919 85.8 
307.69 90.0 1 primary 2 1 40.553585 -3.480165 4.203 89.0 
310.36 90.0 1 primary 2 1 40.554180 -3.481366 1.880 87.0 
312.93 90.0 1 primary 2 1 40.554298 -3.481600 2.445 85.2 
315.16 90.0 1 primary 2 1 40.554569 -3.482337 1.682 90.4 
317.64 90.0 1 primary 2 1 40.554783 -3.482824 2.162 85.9 
319.48 90.0 1 primary 2 1 40.555031 -3.483627 1.002 86.0 
321.76 90.0 1 primary 2 1 40.555176 -3.484176 1.278 96.3 
324.01 90.0 1 primary 2 1 40.555340 -3.484766 1.524 92.3 
325.82 90.0 1 primary 2 1 40.555489 -3.485347 1.334 90.8 
328.79 90.0 1 primary 2 1 40.555599 -3.485923 2.305 89.6 
331.86 90.0 1 primary 2 1 40.555740 -3.486773 2.375 77.9 
333.82 90.0 1 primary 2 1 40.555832 -3.487586 1.339 80.4 
335.16 90.0 1 primary 2 1 40.555885 -3.488121 0.674 78.8 
336.36 90.0 1 primary 2 1 40.555901 -3.488379 0.880 83.8 
337.39 90.0 1 primary 2 1 40.555916 -3.488653 0.904 85.5 
338.20 90.0 1 primary 2 1 40.555923 -3.489204 0.722 86.2 
340.71 90.0 1 primary 2 1 40.555916 -3.489479 2.228 82.5 
343.26 100.0 3 primary_link 1 1 40.555851 -3.490321 1.782 80.5 
366.96 100.0 3 primary_link 1 1 40.555775 -3.490825 23.474 78.5 
368.93 90.0 3 tertiary_link 1 1 40.554234 -3.496711 1.444 78.8 
371.03 90.0 3 tertiary_link 1 1 40.554230 -3.497237 1.550 80.1 
412.19 90.0 3 tertiary_link 1 1 40.554241 -3.497765 40.710 89.7 
472.67 -1.0 -1 - -1 -1 40.556805 -3.507531 60.189 102.5 
476.35 90.0 1 primary 3 1 40.566143 -3.517877 2.869 104.6 
477.79 90.0 1 primary 3 1 40.566860 -3.518279 1.309 103.9 
479.52 90.0 1 primary 2 1 40.567558 -3.518758 1.039 101.1 
481.39 90.0 1 primary 2 1 40.567772 -3.518938 0.911 106.6 
482.72 90.0 1 primary 2 1 40.568005 -3.519118 1.237 104.5 
485.04 90.0 1 primary 2 1 40.568432 -3.519501 1.565 103.7 
486.73 90.0 1 primary 2 1 40.568855 -3.519905 1.251 109.5 
488.28 90.0 1 primary 2 1 40.569252 -3.520347 0.802 108.1 
489.65 90.0 1 primary 2 1 40.569454 -3.520582 1.176 104.0 
491.52 90.0 1 primary 2 1 40.569836 -3.521049 1.043 102.4 
493.63 90.0 1 primary 2 1 40.570198 -3.521532 1.151 108.0 
495.59 90.0 1 primary 2 1 40.570553 -3.522069 1.113 104.4 
497.60 90.0 1 primary 2 1 40.570885 -3.522621 1.123 103.3 
499.90 90.0 1 primary 2 1 40.571194 -3.523166 1.416 101.6 
502.65 90.0 1 primary 2 1 40.571461 -3.523716 2.172 103.4 
506.14 90.0 1 primary 2 1 40.571846 -3.524601 2.659 105.6 
508.87 90.0 1 primary 2 1 40.572197 -3.525497 2.393 105.0 
510.65 90.0 1 primary 2 1 40.572594 -3.526782 1.165 107.6 
513.51 90.0 1 primary 2 1 40.572685 -3.527110 2.035 105.3 
517.01 90.0 1 primary 2 1 40.572975 -3.528086 2.530 105.2 
522.21 90.0 1 primary 2 1 40.573273 -3.529053 4.733 104.4 
524.92 90.0 1 primary 2 1 40.573849 -3.530597 2.446 103.3 
526.83 90.0 1 primary 2 1 40.574215 -3.531496 1.350 102.2 
528.70 90.0 1 primary 2 1 40.574490 -3.532066 1.224 104.0 
530.42 90.0 1 primary 2 1 40.574780 -3.532640 0.937 105.6 
546.12 90.0 1 primary 2 1 40.574936 -3.532917 15.640 99.6 
547.92 90.0 1 primary 2 1 40.576942 -3.537819 1.446 102.6 
549.87 90.0 1 primary 2 1 40.577156 -3.538430 1.389 100.1 
551.40 90.0 1 primary 2 1 40.577370 -3.539029 0.926 100.3 
552.67 90.0 1 primary 2 1 40.577477 -3.539327 1.187 106.1 
554.43 90.0 1 primary 2 1 40.577713 -3.539942 0.948 109.8 
556.95 90.0 1 primary 2 1 40.577847 -3.540263 2.474 105.6 
558.84 90.0 1 primary 2 1 40.578247 -3.541188 1.358 104.1 
561.39 90.0 1 primary 2 1 40.578522 -3.541774 1.907 104.4 
562.62 90.0 1 primary 2 1 40.578808 -3.542346 1.137 105.1 
564.34 90.0 1 primary 2 1 40.579105 -3.542909 0.854 104.2 
565.53 90.0 1 primary 2 1 40.579262 -3.543195 1.047 103.8 
568.17 90.0 1 primary 2 1 40.579582 -3.543732 1.693 103.1 
569.73 90.0 1 primary 2 1 40.579906 -3.544260 1.249 95.4 
571.69 90.0 1 primary 2 1 40.580238 -3.544736 1.211 96.1 
573.42 90.0 1 primary 2 1 40.580566 -3.545209 0.938 98.7 
574.65 90.0 1 primary 2 1 40.580738 -3.545433 1.176 98.7 
576.55 90.0 1 primary 2 1 40.581089 -3.545880 1.067 96.4 
579.77 90.0 1 primary 2 1 40.581436 -3.546346 2.278 94.4 
581.11 90.0 1 primary 2 1 40.581944 -3.547014 0.631 93.2 
582.68 90.0 1 primary 2 1 40.582104 -3.547243 1.201 89.6 
584.70 90.0 1 primary 2 1 40.582413 -3.547689 1.220 88.8 
586.98 90.0 1 primary 2 1 40.582695 -3.548128 1.498 89.2 
588.18 90.0 1 primary 2 1 40.582970 -3.548603 0.703 89.9 
589.51 90.0 1 primary 2 1 40.583096 -3.548842 1.036 95.3 
591.76 90.0 1 primary 2 1 40.583351 -3.549358 1.278 93.3 
594.72 90.0 1 primary 2 1 40.583565 -3.549898 2.240 85.6 
596.42 90.0 1 primary 2 1 40.583839 -3.550694 0.944 86.5 
597.81 90.0 1 primary 2 1 40.583931 -3.550935 1.324 87.2 
599.83 90.0 1 primary 2 1 40.584087 -3.551469 1.352 87.9 
601.49 90.0 1 primary 2 1 40.584209 -3.552020 1.012 87.5 
603.76 90.0 1 primary 2 1 40.584309 -3.552572 1.284 75.7 
605.36 90.0 1 primary 1 1 40.584404 -3.553318 0.877 75.6 
606.31 90.0 1 primary 1 1 40.584404 -3.553318 0.832 76.0 
607.36 90.0 1 primary 1 1 40.584438 -3.553555 0.882 75.1 
609.12 90.0 1 primary 1 1 40.584465 -3.553799 1.646 69.3 
610.39 90.0 1 primary 1 1 40.584526 -3.554256 0.915 69.8 
611.63 90.0 1 primary 1 1 40.584557 -3.554481 1.152 70.1 
614.38 90.0 1 primary 1 1 40.584610 -3.554940 1.898 64.5 
615.73 90.0 1 primary 1 1 40.584652 -3.555359 1.246 63.8 
617.97 90.0 1 primary 1 1 40.584698 -3.555790 1.487 62.0 
619.63 70.0 1 primary 1 1 40.584751 -3.556210 1.153 55.4 
621.55 70.0 1 primary 1 1 40.584797 -3.556593 1.067 45.2 
