16.5 40.518414 -3.409471 100.0 100.0 100.0 100.0 100.0 100.0 100.0 100.0 1.000 0.000 0.000 0.000 100.0 100.0 100.0 100.0 100.0 100.0 100.0 100.0 1.000 0.000 0.000 0.000 
17.5 40.518585 -3.409622 100.0 100.0 100.0 100.0 100.0 100.0 100.0 100.0 1.000 0.000 0.000 0.000 100.0 100.0 100.0 100.0 100.0 100.0 100.0 100.0 1.000 0.000 0.000 0.000 
18.5 40.518768 -3.409793 100.0 100.0 100.0 100.0 100.0 100.0 100.0 100.0 1.000 0.000 0.000 0.000 100.0 100.0 100.0 100.0 100.0 100.0 100.0 100.0 1.000 0.000 0.000 0.000 
19.5 40.519150 -3.410153 100.0 100.0 100.0 100.0 100.0 100.0 100.0 100.0 1.000 0.000 0.000 0.000 100.0 100.0 100.0 100.0 100.0 100.0 100.0 100.0 1.000 0.000 0.000 0.000 
20.5 40.519150 -3.410153 100.0 100.0 100.0 100.0 100.0 100.0 100.0 100.0 1.000 0.000 0.000 0.000 100.0 100.0 100.0 100.0 100.0 100.0 100.0 100.0 1.000 0.000 0.000 0.000 
21.5 40.519348 -3.410343 98.6 100.0 100.0 100.0 100.0 100.0 90.0 100.0 0.940 0.000 0.060 0.000 98.6 100.0 100.0 100.0 100.0 100.0 90.0 100.0 0.940 0.000 0.060 0.000 
22.5 40.519783 -3.410740 97.9 100.0 100.0 100.0 100.0 100.0 85.0 100.0 0.910 0.000 0.090 0.000 97.9 100.0 100.0 100.0 100.0 100.0 85.0 100.0 0.910 0.000 0.090 0.000 
23.5 40.520004 -3.410949 97.7 100.0 100.0 100.0 100.0 100.0 84.0 100.0 0.904 0.000 0.096 0.000 97.7 100.0 100.0 100.0 100.0 100.0 84.0 100.0 0.904 0.000 0.096 0.000 
24.5 40.520267 -3.411188 81.4 100.0 0.0 100.0 100.0 100.0 70.0 100.0 0.817 0.000 0.183 0.000 81.4 100.0 0.0 100.0 100.0 100.0 70.0 100.0 0.817 0.000 0.183 0.000 
25.5 40.520267 -3.411188 81.4 100.0 0.0 100.0 100.0 100.0 70.0 100.0 0.817 0.000 0.183 0.000 81.4 100.0 0.0 100.0 100.0 100.0 70.0 100.0 0.817 0.000 0.183 0.000 
26.5 40.520489 -3.411392 80.0 100.0 0.0 100.0 100.0 100.0 60.0 100.0 0.758 0.000 0.242 0.000 80.0 100.0 0.0 100.0 100.0 100.0 60.0 100.0 0.758 0.000 0.242 0.000 
27.5 40.520710 -3.411598 78.9 100.0 0.0 100.0 100.0 100.0 52.5 100.0 0.713 0.000 0.287 0.000 78.9 100.0 0.0 100.0 100.0 100.0 52.5 100.0 0.713 0.000 0.287 0.000 
28.5 40.520939 -3.411812 78.1 100.0 0.0 100.0 100.0 100.0 46.7 100.0 0.678 0.000 0.322 0.000 78.1 100.0 0.0 100.0 100.0 100.0 46.7 100.0 0.678 0.000 0.322 0.000 
29.5 40.521404 -3.412239 76.9 100.0 0.0 100.0 100.0 100.0 38.2 100.0 0.627 0.000 0.373 0.000 76.9 100.0 0.0 100.0 100.0 100.0 38.2 100.0 0.627 0.000 0.373 0.000 
30.5 40.521404 -3.412239 76.9 100.0 0.0 100.0 100.0 100.0 38.2 100.0 0.627 0.000 0.373 0.000 76.9 100.0 0.0 100.0 100.0 100.0 38.2 100.0 0.627 0.000 0.373 0.000 
31.5 40.521629 -3.412444 76.5 100.0 0.4 100.0 100.0 100.0 35.0 100.0 0.608 0.000 0.392 0.000 76.5 100.0 0.4 100.0 100.0 100.0 35.0 100.0 0.608 0.000 0.392 0.000 
32.5 40.521854 -3.412648 77.9 100.0 6.9 100.0 100.0 100.0 38.5 100.0 0.629 0.000 0.371 0.000 77.9 100.0 6.9 100.0 100.0 100.0 38.5 100.0 0.629 0.000 0.371 0.000 
33.5 40.522297 -3.413060 80.3 100.0 17.9 100.0 100.0 100.0 44.0 100.0 0.663 0.000 0.337 0.000 80.3 100.0 17.9 100.0 100.0 100.0 44.0 100.0 0.663 0.000 0.337 0.000 
34.5 40.522518 -3.413255 81.2 100.0 22.4 100.0 100.0 100.0 46.2 100.0 0.676 0.000 0.324 0.000 81.2 100.0 22.4 100.0 100.0 100.0 46.3 100.0 0.676 0.000 0.324 0.000 
35.5 40.522518 -3.413255 81.2 100.0 22.4 100.0 100.0 100.0 46.2 100.0 0.676 0.000 0.324 0.000 81.2 100.0 22.4 100.0 100.0 100.0 46.3 100.0 0.676 0.000 0.324 0.000 
36.5 40.522739 -3.413482 81.4 100.0 26.7 100.0 100.0 99.5 43.5 100.0 0.657 0.003 0.340 0.000 81.1 100.0 26.7 100.0 100.0 97.6 43.5 100.0 0.646 0.014 0.340 0.000 
37.5 40.522972 -3.413732 81.5 100.0 30.8 100.0 100.0 98.3 41.1 100.0 0.635 0.010 0.354 0.000 80.8 100.0 30.8 100.0 100.0 93.8 41.1 100.0 0.609 0.037 0.354 0.000 
38.5 40.523178 -3.413975 81.4 100.0 34.3 100.0 100.0 96.8 38.9 100.0 0.614 0.019 0.367 0.000 80.4 100.0 34.3 100.0 100.0 89.5 38.9 100.0 0.570 0.063 0.367 0.000 
39.5 40.523376 -3.414242 76.0 100.0 0.0 100.0 100.0 95.1 37.0 100.0 0.591 0.029 0.380 0.000 74.7 100.0 0.0 100.0 100.0 85.6 37.0 100.0 0.534 0.086 0.380 0.000 
40.5 40.523579 -3.414526 75.5 100.0 0.0 100.0 100.0 93.3 35.2 100.0 0.570 0.040 0.391 0.000 73.9 100.0 0.0 100.0 100.0 82.2 35.2 100.0 0.502 0.107 0.391 0.000 
41.5 40.523762 -3.414803 75.5 100.0 0.0 100.0 100.0 91.4 37.3 100.0 0.570 0.052 0.378 0.000 73.7 100.0 0.0 100.0 100.0 78.6 37.3 100.0 0.493 0.129 0.378 0.000 
42.5 40.524075 -3.415365 75.5 100.0 0.0 100.0 100.0 89.6 39.1 100.0 0.570 0.063 0.367 0.000 73.6 100.0 0.0 100.0 100.0 76.1 39.1 100.0 0.490 0.143 0.367 0.000 
43.5 40.524212 -3.415648 75.2 100.0 0.0 100.0 100.0 87.5 39.1 100.0 0.558 0.075 0.367 0.000 73.2 100.0 0.0 100.0 100.0 72.9 39.1 100.0 0.471 0.162 0.367 0.000 
44.5 40.524212 -3.415648 75.0 100.0 0.0 100.0 100.0 85.6 39.1 100.0 0.547 0.086 0.367 0.000 72.8 100.0 0.0 100.0 100.0 70.2 39.1 100.0 0.454 0.179 0.367 0.000 
45.5 40.524452 -3.416222 74.7 100.0 0.0 100.0 100.0 83.6 39.1 100.0 0.535 0.098 0.367 0.000 72.3 100.0 0.0 100.0 100.0 67.3 39.1 100.0 0.437 0.196 0.367 0.000 
46.5 40.524452 -3.416222 74.4 100.0 0.0 100.0 100.0 81.7 39.1 100.0 0.524 0.110 0.367 0.000 72.1 100.0 0.0 100.0 100.0 65.3 39.1 100.0 0.425 0.208 0.367 0.000 
47.5 40.524567 -3.416521 74.5 100.0 2.7 100.0 100.0 79.9 39.1 100.0 0.512 0.121 0.367 0.000 72.2 100.0 2.7 100.0 100.0 63.4 39.1 100.0 0.413 0.220 0.367 0.000 
48.5 40.524677 -3.416833 75.0 100.0 5.8 100.0 100.0 78.1 40.8 100.0 0.512 0.132 0.357 0.000 72.6 100.0 5.8 100.0 100.0 61.2 40.8 100.0 0.411 0.233 0.357 0.000 
49.5 40.524769 -3.417167 75.4 100.0 8.9 100.0 100.0 76.3 42.4 100.0 0.510 0.142 0.347 0.000 72.9 100.0 8.9 100.0 100.0 59.4 42.4 100.0 0.409 0.244 0.347 0.000 
50.5 40.524868 -3.417492 75.7 100.0 11.7 100.0 100.0 74.6 43.8 100.0 0.509 0.152 0.338 0.000 73.4 100.0 11.7 100.0 100.0 58.6 43.8 100.0 0.413 0.248 0.338 0.000 
51.5 40.525028 -3.418193 75.8 100.0 17.0 100.0 100.0 72.9 40.7 100.0 0.481 0.162 0.357 0.000 73.5 100.0 17.0 100.0 100.0 56.7 40.7 100.0 0.383 0.260 0.357 0.000 
52.5 40.525028 -3.418193 75.6 100.0 17.0 100.0 100.0 71.5 40.7 100.0 0.472 0.171 0.357 0.000 73.5 100.0 17.0 100.0 100.0 56.8 40.7 100.0 0.384 0.259 0.357 0.000 
53.5 40.525108 -3.418531 75.6 100.0 19.4 100.0 100.0 70.2 39.3 100.0 0.456 0.179 0.365 0.000 73.8 100.0 19.4 100.0 100.0 58.0 39.3 100.0 0.383 0.252 0.365 0.000 
54.5 40.525253 -3.419214 74.7 100.0 23.9 100.0 100.0 69.2 29.7 100.0 0.392 0.185 0.423 0.000 73.2 100.0 23.9 100.0 100.0 59.1 29.7 100.0 0.332 0.245 0.423 0.000 
55.5 40.525253 -3.419214 74.6 100.0 23.9 100.0 100.0 68.3 29.7 100.0 0.387 0.190 0.423 0.000 73.4 100.0 23.9 100.0 100.0 60.2 29.7 100.0 0.338 0.239 0.423 0.000 
56.5 40.525337 -3.419547 73.3 100.0 25.9 100.0 100.0 67.5 19.4 100.0 0.320 0.195 0.485 0.000 72.3 100.0 25.9 100.0 100.0 60.6 19.4 100.0 0.279 0.236 0.485 0.000 
57.5 40.525501 -3.420197 71.0 100.0 29.6 100.0 100.0 66.8 0.6 100.0 0.203 0.199 0.598 0.000 70.3 100.0 29.6 100.0 100.0 61.7 0.6 100.0 0.172 0.230 0.598 0.000 
58.5 40.525604 -3.420501 71.1 100.0 31.2 100.0 100.0 66.2 0.0 100.0 0.196 0.203 0.601 0.000 70.6 100.0 31.2 100.0 100.0 62.6 0.0 100.0 0.174 0.224 0.601 0.000 
59.5 40.525715 -3.420805 71.2 100.0 32.9 100.0 100.0 65.7 0.0 100.0 0.193 0.206 0.601 0.000 70.9 100.0 32.9 100.0 100.0 63.6 0.0 100.0 0.180 0.219 0.601 0.000 
60.5 40.525829 -3.421104 71.4 100.0 34.4 100.0 100.0 65.2 0.0 100.0 0.190 0.209 0.601 0.000 71.2 100.0 34.4 100.0 100.0 63.8 0.0 100.0 0.181 0.217 0.601 0.000 
61.5 40.525829 -3.421104 71.3 100.0 34.4 100.0 100.0 64.8 0.0 100.0 0.188 0.211 0.601 0.000 71.3 100.0 34.4 100.0 100.0 64.4 0.0 100.0 0.185 0.214 0.601 0.000 
62.5 40.526115 -3.421691 71.7 100.0 37.4 100.0 100.0 64.5 0.0 100.0 0.186 0.213 0.601 0.000 71.8 100.0 37.4 100.0 100.0 65.1 0.0 100.0 0.190 0.209 0.601 0.000 
63.5 40.526283 -3.421978 71.9 100.0 38.9 100.0 100.0 64.1 0.0 100.0 0.184 0.215 0.601 0.000 72.1 100.0 38.9 100.0 100.0 65.9 0.0 100.0 0.194 0.205 0.601 0.000 
64.5 40.526283 -3.421978 71.8 100.0 38.9 100.0 100.0 63.9 0.0 100.0 0.182 0.217 0.601 0.000 72.2 100.0 38.9 100.0 100.0 66.6 0.0 100.0 0.199 0.200 0.601 0.000 
65.5 40.526463 -3.422255 72.0 100.0 40.3 100.0 100.0 63.7 0.0 100.0 0.181 0.218 0.601 0.000 72.5 100.0 40.3 100.0 100.0 67.3 0.0 100.0 0.203 0.196 0.601 0.000 
66.5 40.526653 -3.422515 72.2 100.0 41.6 100.0 100.0 63.5 0.0 100.0 0.180 0.219 0.601 0.000 72.7 100.0 41.6 100.0 100.0 66.9 0.0 100.0 0.201 0.198 0.601 0.000 
67.5 40.526855 -3.422764 72.3 100.0 42.9 100.0 100.0 63.3 0.0 100.0 0.179 0.220 0.601 0.000 72.9 100.0 42.9 100.0 100.0 67.4 0.0 100.0 0.203 0.196 0.601 0.000 
68.5 40.527279 -3.423218 72.6 100.0 45.4 100.0 100.0 63.1 0.0 100.0 0.178 0.221 0.601 0.000 73.3 100.0 45.4 100.0 100.0 68.0 0.0 100.0 0.207 0.192 0.601 0.000 
69.5 40.527496 -3.423432 72.8 100.0 46.5 100.0 100.0 63.0 0.0 100.0 0.177 0.222 0.601 0.000 73.5 100.0 46.5 100.0 100.0 68.3 0.0 100.0 0.209 0.190 0.601 0.000 
70.5 40.527496 -3.423432 72.8 100.0 46.5 100.0 100.0 62.8 0.0 100.0 0.176 0.223 0.601 0.000 73.4 100.0 46.5 100.0 100.0 67.0 0.0 100.0 0.201 0.198 0.601 0.000 
71.5 40.527721 -3.423604 72.9 100.0 47.6 100.0 100.0 62.6 0.0 100.0 0.175 0.224 0.601 0.000 73.3 100.0 47.6 100.0 100.0 65.7 0.0 100.0 0.193 0.206 0.601 0.000 
72.5 40.528183 -3.423941 73.1 100.0 49.6 100.0 100.0 62.4 0.0 100.0 0.174 0.226 0.601 0.000 73.6 100.0 49.6 100.0 100.0 65.8 0.0 100.0 0.194 0.205 0.601 0.000 
73.5 40.528183 -3.423941 73.1 100.0 49.6 100.0 100.0 62.2 0.0 100.0 0.173 0.227 0.601 0.000 73.7 100.0 49.6 100.0 100.0 66.4 0.0 100.0 0.198 0.201 0.601 0.000 
74.5 40.528431 -3.424110 73.2 100.0 50.6 100.0 100.0 62.1 0.0 100.0 0.172 0.227 0.601 0.000 73.9 100.0 50.6 100.0 100.0 67.0 0.0 100.0 0.201 0.198 0.601 0.000 
75.5 40.528679 -3.424269 73.4 100.0 51.6 100.0 100.0 62.0 0.0 100.0 0.171 0.228 0.601 0.000 74.2 100.0 51.6 100.0 100.0 67.5 0.0 100.0 0.204 0.195 0.601 0.000 
76.5 40.529186 -3.424595 73.6 100.0 53.4 100.0 100.0 61.9 0.0 100.0 0.171 0.229 0.601 0.000 74.3 100.0 52.7 100.0 100.0 67.1 0.0 100.0 0.202 0.197 0.601 0.000 
77.5 40.529186 -3.424595 73.6 100.0 53.4 100.0 100.0 61.8 0.0 100.0 0.170 0.229 0.601 0.000 74.3 100.0 52.7 100.0 100.0 67.1 0.0 100.0 0.202 0.197 0.601 0.000 
78.5 40.529678 -3.424937 73.8 100.0 55.2 100.0 100.0 61.7 0.0 100.0 0.169 0.230 0.601 0.000 74.3 100.0 53.2 100.0 100.0 67.1 0.0 100.0 0.202 0.197 0.601 0.000 
79.5 40.529919 -3.425114 73.9 100.0 56.0 100.0 100.0 61.6 0.0 100.0 0.169 0.230 0.601 0.000 74.4 100.0 53.3 100.0 100.0 67.2 0.0 100.0 0.202 0.197 0.601 0.000 
80.5 40.530151 -3.425306 74.0 100.0 56.8 100.0 100.0 61.5 0.0 100.0 0.168 0.231 0.601 0.000 74.4 100.0 53.4 100.0 100.0 67.2 0.0 100.0 0.203 0.197 0.601 0.000 
81.5 40.530151 -3.425306 74.0 100.0 56.8 100.0 100.0 61.4 0.0 100.0 0.168 0.232 0.601 0.000 74.4 100.0 53.4 100.0 100.0 67.3 0.0 100.0 0.203 0.196 0.601 0.000 
82.5 40.530376 -3.425514 74.1 100.0 57.5 100.0 100.0 61.3 0.0 100.0 0.167 0.232 0.601 0.000 74.4 100.0 53.5 100.0 100.0 67.3 0.0 100.0 0.203 0.196 0.601 0.000 
83.5 40.530605 -3.425726 74.2 100.0 58.3 100.0 100.0 61.3 0.0 100.0 0.167 0.232 0.601 0.000 74.3 100.0 52.7 100.0 100.0 67.4 0.0 100.0 0.204 0.196 0.601 0.000 
84.5 40.531059 -3.426193 74.4 100.0 59.8 100.0 100.0 61.2 0.0 100.0 0.166 0.233 0.601 0.000 78.2 100.0 79.8 100.0 100.0 67.4 0.0 100.0 0.204 0.196 0.600 0.000 
85.5 40.531265 -3.426447 74.5 100.0 60.5 100.0 100.0 61.1 0.0 100.0 0.166 0.233 0.601 0.000 78.2 100.0 80.2 100.0 100.0 67.2 0.0 100.0 0.203 0.197 0.600 0.000 
86.5 40.531265 -3.426447 74.5 100.0 60.5 100.0 100.0 61.1 0.0 100.0 0.166 0.234 0.601 0.000 78.2 100.0 80.2 100.0 100.0 67.3 0.0 100.0 0.203 0.196 0.600 0.000 
87.5 40.531467 -3.426699 74.6 100.0 61.1 100.0 100.0 61.0 0.0 100.0 0.165 0.234 0.601 0.000 78.2 100.0 80.2 100.0 100.0 67.2 0.0 100.0 0.203 0.197 0.600 0.000 
88.5 40.531673 -3.426976 74.7 100.0 61.8 100.0 100.0 60.9 0.0 100.0 0.165 0.234 0.601 0.000 78.2 100.0 80.3 100.0 100.0 67.2 0.0 100.0 0.203 0.197 0.600 0.000 
89.5 40.532066 -3.427560 74.9 100.0 63.1 100.0 100.0 60.9 0.0 100.0 0.165 0.235 0.601 0.000 78.2 100.0 80.3 100.0 100.0 67.3 0.0 100.0 0.203 0.196 0.600 0.000 
90.5 40.532242 -3.427872 74.9 100.0 63.7 100.0 100.0 60.8 0.0 100.0 0.164 0.235 0.601 0.000 78.2 100.0 80.3 100.0 100.0 67.3 0.0 100.0 0.204 0.196 0.600 0.000 
91.5 40.532413 -3.428189 75.0 100.0 64.4 100.0 100.0 60.8 0.0 100.0 0.164 0.235 0.601 0.000 78.2 100.0 80.4 100.0 100.0 67.3 0.0 100.0 0.204 0.196 0.600 0.000 
92.5 40.532413 -3.428189 75.0 100.0 64.4 100.0 100.0 60.7 0.0 100.0 0.164 0.236 0.601 0.000 78.2 100.0 80.4 100.0 100.0 67.4 0.0 100.0 0.204 0.196 0.600 0.000 
93.5 40.532566 -3.428495 75.1 100.0 64.9 100.0 100.0 60.7 0.0 100.0 0.163 0.236 0.601 0.000 78.2 100.0 79.9 100.0 100.0 67.4 0.0 100.0 0.204 0.196 0.600 0.000 
94.5 40.532833 -3.429104 75.2 100.0 65.9 100.0 100.0 60.6 0.0 100.0 0.163 0.236 0.601 0.000 78.2 100.0 79.9 100.0 100.0 67.3 0.0 100.0 0.204 0.196 0.600 0.000 
95.5 40.532833 -3.429104 75.2 100.0 65.9 100.0 100.0 60.6 0.0 100.0 0.163 0.236 0.601 0.000 78.2 100.0 79.9 100.0 100.0 67.5 0.0 100.0 0.205 0.195 0.600 0.000 
96.5 40.532959 -3.429407 75.3 100.0 66.4 100.0 100.0 60.6 0.0 100.0 0.163 0.237 0.601 0.000 78.4 100.0 80.4 100.0 100.0 68.2 0.0 100.0 0.209 0.191 0.600 0.000 
97.5 40.533073 -3.429726 75.4 100.0 66.9 100.0 100.0 60.6 0.0 100.0 0.163 0.236 0.601 0.000 78.6 100.0 80.3 100.0 100.0 69.6 0.0 100.0 0.217 0.182 0.600 0.000 
98.5 40.533295 -3.430396 75.5 100.0 67.9 100.0 100.0 60.6 0.0 100.0 0.163 0.236 0.601 0.000 78.8 100.0 80.3 100.0 100.0 71.2 0.0 100.0 0.227 0.173 0.600 0.000 
99.5 40.533390 -3.430744 75.6 100.0 68.4 100.0 100.0 60.7 0.0 100.0 0.163 0.236 0.601 0.000 81.8 100.0 100.0 100.0 100.0 72.7 0.0 100.0 0.236 0.164 0.600 0.000 
100.5 40.533470 -3.431112 75.7 100.0 68.8 100.0 100.0 60.7 0.0 100.0 0.164 0.236 0.601 0.000 82.0 100.0 100.0 100.0 100.0 74.3 0.0 100.0 0.246 0.154 0.600 0.000 
101.5 40.533558 -3.431471 75.7 100.0 69.3 100.0 100.0 60.8 0.0 100.0 0.164 0.235 0.601 0.000 82.2 100.0 100.0 100.0 100.0 75.7 0.0 100.0 0.254 0.146 0.600 0.000 
102.5 40.533627 -3.431832 75.8 100.0 69.8 100.0 100.0 60.9 0.0 100.0 0.165 0.234 0.601 0.000 82.4 100.0 100.0 100.0 100.0 76.8 0.0 100.0 0.261 0.139 0.600 0.000 
103.5 40.533627 -3.431832 75.8 100.0 69.8 100.0 100.0 61.0 0.0 100.0 0.166 0.234 0.601 0.000 82.7 100.0 100.0 100.0 100.0 78.6 0.0 100.0 0.272 0.128 0.600 0.000 
104.5 40.533691 -3.432196 75.9 100.0 70.2 100.0 100.0 61.2 0.0 100.0 0.166 0.233 0.601 0.000 82.9 100.0 100.0 100.0 100.0 80.4 0.0 100.0 0.282 0.118 0.600 0.000 
105.5 40.533737 -3.432564 76.0 100.0 70.6 100.0 100.0 61.3 0.0 100.0 0.167 0.232 0.601 0.000 83.1 100.0 100.0 100.0 100.0 82.0 0.0 100.0 0.292 0.108 0.600 0.000 
106.5 40.533772 -3.432937 76.1 100.0 71.0 100.0 100.0 61.4 0.0 100.0 0.168 0.231 0.601 0.000 83.2 100.0 100.0 100.0 100.0 82.4 0.0 100.0 0.294 0.106 0.600 0.000 
107.5 40.533806 -3.433296 76.1 100.0 71.4 100.0 100.0 61.6 0.0 100.0 0.169 0.231 0.601 0.000 83.2 100.0 100.0 100.0 100.0 82.2 0.0 100.0 0.293 0.107 0.600 0.000 
108.5 40.533825 -3.433662 76.2 100.0 71.8 100.0 100.0 61.7 0.0 100.0 0.170 0.230 0.601 0.000 83.2 100.0 100.0 100.0 100.0 82.3 0.0 100.0 0.294 0.106 0.600 0.000 
109.5 40.533852 -3.434360 76.3 100.0 72.5 100.0 100.0 61.8 0.0 100.0 0.170 0.229 0.601 0.000 83.2 100.0 100.0 100.0 100.0 82.3 0.0 100.0 0.294 0.106 0.600 0.000 
110.5 40.533852 -3.434360 76.4 100.0 72.5 100.0 100.0 61.9 0.0 100.0 0.171 0.228 0.601 0.000 83.1 100.0 100.0 100.0 100.0 81.6 0.0 100.0 0.290 0.110 0.600 0.000 
111.5 40.533852 -3.435077 76.5 100.0 73.2 100.0 100.0 62.1 0.0 100.0 0.172 0.228 0.601 0.000 83.1 100.0 100.0 100.0 100.0 81.8 0.0 100.0 0.291 0.109 0.600 0.000 
112.5 40.533852 -3.435077 76.2 100.0 73.2 100.0 100.0 62.2 0.0 98.0 0.167 0.227 0.606 0.000 82.6 100.0 100.0 100.0 100.0 80.9 0.0 97.0 0.277 0.114 0.609 0.000 
113.5 40.533855 -3.435788 76.0 100.0 73.9 100.0 100.0 62.3 0.0 96.0 0.162 0.226 0.612 0.000 82.1 100.0 100.0 100.0 100.0 81.0 0.0 94.0 0.268 0.114 0.618 0.000 
114.5 40.533855 -3.436157 75.8 100.0 74.2 100.0 100.0 62.4 0.0 93.8 0.156 0.226 0.619 0.000 81.7 100.0 100.0 100.0 100.0 81.0 0.0 90.6 0.258 0.114 0.628 0.000 
115.5 40.533855 -3.436157 75.5 100.0 74.2 100.0 100.0 62.5 0.0 91.7 0.150 0.225 0.625 0.000 81.2 100.0 100.0 100.0 100.0 81.0 0.0 87.2 0.247 0.114 0.638 0.000 
116.5 40.533855 -3.436879 75.3 100.0 74.9 100.0 100.0 62.6 0.0 89.8 0.145 0.224 0.631 0.000 80.8 100.0 100.0 100.0 100.0 81.3 0.0 84.2 0.240 0.112 0.647 0.000 
117.5 40.533859 -3.437224 75.1 100.0 75.2 100.0 100.0 62.7 0.0 87.8 0.139 0.224 0.637 0.000 80.3 100.0 100.0 100.0 100.0 81.3 0.0 80.8 0.230 0.112 0.658 0.000 
118.5 40.533855 -3.437569 74.9 100.0 75.5 100.0 100.0 62.8 0.0 85.7 0.134 0.223 0.643 0.000 79.8 100.0 100.0 100.0 100.0 81.3 0.0 77.4 0.220 0.112 0.668 0.000 
119.5 40.533855 -3.437569 74.6 100.0 75.5 100.0 100.0 62.9 0.0 84.0 0.129 0.222 0.648 0.000 79.4 100.0 100.0 100.0 100.0 81.2 0.0 74.4 0.211 0.113 0.677 0.000 
120.5 40.533844 -3.438262 74.5 100.0 76.1 100.0 100.0 63.0 0.0 82.3 0.125 0.222 0.653 0.000 79.0 100.0 100.0 100.0 100.0 81.7 0.0 71.4 0.204 0.110 0.686 0.000 
121.5 40.533844 -3.438607 74.3 100.0 76.3 100.0 100.0 63.1 0.0 80.6 0.121 0.221 0.658 0.000 78.6 100.0 100.0 100.0 100.0 81.8 0.0 68.4 0.196 0.109 0.695 0.000 
122.5 40.533844 -3.438607 74.0 100.0 76.3 100.0 100.0 63.2 0.0 78.8 0.116 0.221 0.664 0.000 78.1 100.0 100.0 100.0 100.0 81.8 0.0 65.0 0.186 0.109 0.705 0.000 
123.5 40.533844 -3.438946 73.9 100.0 76.6 100.0 100.0 63.4 0.0 77.2 0.111 0.220 0.669 0.000 77.6 100.0 100.0 100.0 100.0 81.8 0.0 61.5 0.176 0.109 0.715 0.000 
124.5 40.533836 -3.439646 73.7 100.0 77.1 100.0 100.0 63.5 0.0 75.3 0.107 0.219 0.674 0.000 77.2 100.0 100.0 100.0 100.0 81.8 0.0 58.5 0.166 0.109 0.724 0.000 
125.5 40.533833 -3.440002 73.5 100.0 77.4 100.0 100.0 63.5 0.0 73.8 0.103 0.219 0.679 0.000 76.8 100.0 100.0 100.0 100.0 81.8 0.0 55.6 0.157 0.109 0.733 0.000 
126.5 40.533829 -3.440373 73.3 100.0 77.7 100.0 100.0 63.6 0.0 72.1 0.098 0.218 0.684 0.000 76.3 100.0 100.0 100.0 100.0 81.8 0.0 52.1 0.147 0.109 0.744 0.000 
127.5 40.533829 -3.440373 73.1 100.0 77.7 100.0 100.0 63.7 0.0 70.2 0.093 0.218 0.690 0.000 75.6 100.0 100.0 100.0 100.0 80.4 0.0 48.4 0.128 0.117 0.755 0.000 
128.5 40.533821 -3.440740 72.9 100.0 77.9 100.0 100.0 63.8 0.0 68.7 0.089 0.217 0.694 0.000 74.9 100.0 100.0 100.0 100.0 78.8 0.0 45.4 0.109 0.127 0.764 0.000 
129.5 40.533817 -3.441109 72.7 100.0 78.2 100.0 100.0 63.9 0.0 66.9 0.084 0.217 0.700 0.000 74.2 100.0 100.0 100.0 100.0 77.5 0.0 41.7 0.090 0.135 0.775 0.000 
130.5 40.533821 -3.441479 72.6 100.0 78.5 100.0 100.0 63.9 0.0 65.5 0.080 0.216 0.704 0.000 73.8 100.0 100.0 100.0 100.0 77.5 0.0 38.9 0.082 0.135 0.783 0.000 
131.5 40.533821 -3.442214 72.4 100.0 78.9 100.0 100.0 64.0 0.0 63.9 0.076 0.216 0.708 0.000 73.3 100.0 100.0 100.0 100.0 77.7 0.0 35.6 0.073 0.134 0.793 0.000 
132.5 40.533817 -3.442572 72.3 100.0 79.2 100.0 100.0 64.0 0.0 62.5 0.072 0.216 0.713 0.000 72.7 100.0 100.0 100.0 100.0 76.5 0.0 32.6 0.057 0.141 0.802 0.000 
133.5 40.533817 -3.442572 72.0 100.0 79.2 100.0 100.0 64.1 0.0 61.0 0.067 0.216 0.717 0.000 72.0 100.0 100.0 100.0 100.0 74.7 0.0 29.4 0.036 0.152 0.812 0.000 
134.5 40.533817 -3.442942 71.9 100.0 79.4 100.0 100.0 64.1 0.0 60.0 0.064 0.215 0.720 0.000 71.4 100.0 100.0 100.0 100.0 72.9 0.0 27.0 0.018 0.163 0.819 0.000 
135.5 40.533813 -3.443307 72.0 100.0 79.7 100.0 100.0 64.1 0.0 60.4 0.065 0.215 0.719 0.000 71.2 100.0 100.0 100.0 100.0 71.2 0.0 27.0 0.008 0.173 0.819 0.000 
136.5 40.533817 -3.443676 72.1 100.0 79.9 100.0 100.0 64.1 0.0 60.7 0.066 0.216 0.718 0.000 71.0 100.0 100.0 100.0 100.0 70.2 0.0 27.0 0.002 0.179 0.819 0.000 
137.5 40.533817 -3.444049 72.0 100.0 80.1 100.0 100.0 64.0 0.0 60.2 0.065 0.216 0.720 0.000 70.6 100.0 100.0 100.0 100.0 68.6 0.0 25.5 0.000 0.189 0.824 0.000 
138.5 40.533810 -3.444419 71.9 100.0 80.3 100.0 100.0 64.0 0.0 58.8 0.060 0.216 0.724 0.000 70.0 100.0 100.0 100.0 100.0 67.7 0.0 22.3 0.000 0.194 0.833 0.000 
139.5 40.533806 -3.444785 71.7 100.0 80.6 100.0 100.0 63.9 0.0 57.3 0.056 0.216 0.728 0.000 69.5 100.0 100.0 100.0 100.0 67.7 0.0 19.1 0.000 0.194 0.843 0.000 
140.5 40.533794 -3.445147 71.5 100.0 80.8 100.0 100.0 63.9 0.0 56.1 0.052 0.217 0.732 0.000 68.9 100.0 100.0 100.0 100.0 66.1 0.0 16.1 0.000 0.204 0.852 0.000 
141.5 40.533787 -3.445516 71.4 100.0 81.0 100.0 100.0 63.8 0.0 55.0 0.047 0.217 0.735 0.000 68.3 100.0 100.0 100.0 100.0 64.5 0.0 13.4 0.000 0.213 0.860 0.000 
142.5 40.533783 -3.445873 71.2 100.0 81.2 100.0 100.0 63.7 0.0 53.8 0.043 0.218 0.739 0.000 67.7 100.0 100.0 100.0 100.0 63.3 0.0 10.3 0.000 0.220 0.869 0.000 
143.5 40.533783 -3.446587 71.1 100.0 81.6 100.0 100.0 63.6 0.0 52.5 0.039 0.219 0.743 0.000 67.2 100.0 100.0 100.0 100.0 63.3 0.0 6.9 0.000 0.220 0.879 0.000 
144.5 40.533783 -3.446587 70.9 100.0 81.6 100.0 100.0 63.5 0.0 51.3 0.035 0.219 0.746 0.000 66.8 100.0 100.0 100.0 100.0 63.4 0.0 4.0 0.000 0.220 0.888 0.000 
145.5 40.533775 -3.447285 70.8 100.0 82.0 100.0 100.0 63.4 0.0 50.2 0.031 0.220 0.749 0.000 66.4 100.0 100.0 100.0 100.0 63.5 0.0 1.0 0.000 0.219 0.897 0.000 
146.5 40.533779 -3.447643 70.7 100.0 82.1 100.0 100.0 63.3 0.0 49.5 0.028 0.220 0.752 0.000 66.2 100.0 100.0 100.0 100.0 63.5 0.0 0.0 0.000 0.219 0.900 0.000 
147.5 40.533779 -3.447643 70.8 100.0 82.1 100.0 100.0 63.2 0.0 49.9 0.029 0.221 0.750 0.000 66.2 100.0 100.0 100.0 100.0 63.7 0.0 0.0 0.000 0.218 0.900 0.000 
148.5 40.533772 -3.447993 70.8 100.0 82.3 100.0 100.0 63.1 0.0 50.3 0.029 0.221 0.749 0.000 66.2 100.0 100.0 100.0 100.0 63.6 0.0 0.0 0.000 0.218 0.900 0.000 
149.5 40.533775 -3.448698 70.9 100.0 82.7 100.0 100.0 63.0 0.0 50.6 0.030 0.222 0.748 0.000 66.2 100.0 100.0 100.0 100.0 63.7 0.0 0.0 0.000 0.218 0.900 0.000 
150.5 40.533775 -3.449057 71.0 100.0 82.9 100.0 100.0 62.9 0.0 51.0 0.030 0.222 0.747 0.000 66.2 100.0 100.0 100.0 100.0 63.7 0.0 0.0 0.000 0.218 0.900 0.000 
151.5 40.533779 -3.449427 71.0 100.0 83.0 100.0 100.0 62.9 0.0 51.3 0.031 0.223 0.746 0.000 66.2 100.0 100.0 100.0 100.0 63.3 0.0 0.0 0.000 0.220 0.900 0.000 
152.5 40.533772 -3.449794 71.1 100.0 83.2 100.0 100.0 62.7 0.0 51.6 0.031 0.224 0.745 0.000 66.0 100.0 100.0 100.0 100.0 61.7 0.0 0.0 0.000 0.230 0.900 0.000 
153.5 40.533772 -3.449794 71.1 100.0 83.2 100.0 100.0 62.6 0.0 51.9 0.031 0.224 0.744 0.000 65.7 100.0 100.0 100.0 100.0 60.2 0.0 0.0 0.000 0.239 0.900 0.000 
154.5 40.533772 -3.450155 71.2 100.0 83.4 100.0 100.0 62.5 0.0 52.2 0.031 0.225 0.743 0.000 65.5 100.0 100.0 100.0 100.0 58.5 0.0 0.0 0.000 0.249 0.900 0.000 
155.5 40.533783 -3.450886 71.2 100.0 83.7 100.0 100.0 62.3 0.0 52.5 0.031 0.226 0.743 0.000 65.2 100.0 100.0 100.0 100.0 56.7 0.0 0.0 0.000 0.260 0.900 0.000 
156.5 40.533783 -3.450886 71.2 100.0 83.7 100.0 100.0 62.1 0.0 52.8 0.031 0.227 0.742 0.000 65.2 100.0 100.0 100.0 100.0 56.5 0.0 0.0 0.000 0.261 0.900 0.000 
157.5 40.533775 -3.451596 71.3 100.0 84.0 100.0 100.0 61.9 0.0 53.1 0.031 0.228 0.741 0.000 65.2 100.0 100.0 100.0 100.0 56.6 0.0 0.0 0.000 0.261 0.900 0.000 
158.5 40.533775 -3.451596 71.3 100.0 84.0 100.0 100.0 61.8 0.0 53.4 0.031 0.229 0.740 0.000 65.2 100.0 100.0 100.0 100.0 56.6 0.0 0.0 0.000 0.260 0.900 0.000 
159.5 40.533768 -3.452312 71.4 100.0 84.3 100.0 100.0 61.6 0.0 53.7 0.030 0.230 0.739 0.000 65.3 100.0 100.0 100.0 100.0 56.8 0.0 0.0 0.000 0.259 0.900 0.000 
160.5 40.533768 -3.452312 71.4 100.0 84.3 100.0 100.0 61.4 0.0 54.0 0.030 0.231 0.738 0.000 65.2 100.0 100.0 100.0 100.0 56.7 0.0 0.0 0.000 0.260 0.900 0.000 
161.5 40.533760 -3.453040 71.4 100.0 84.7 100.0 100.0 61.3 0.0 54.2 0.030 0.232 0.737 0.000 65.2 100.0 100.0 100.0 100.0 56.6 0.0 0.0 0.000 0.261 0.900 0.000 
162.5 40.533760 -3.453408 71.5 100.0 84.8 100.0 100.0 61.1 0.0 54.5 0.030 0.233 0.737 0.000 65.1 100.0 100.0 100.0 100.0 55.7 0.0 0.0 0.000 0.266 0.900 0.000 
163.5 40.533760 -3.453408 71.5 100.0 84.8 100.0 100.0 60.9 0.0 54.8 0.030 0.235 0.736 0.000 64.9 100.0 100.0 100.0 100.0 54.0 0.0 0.0 0.000 0.276 0.900 0.000 
164.5 40.533764 -3.453776 71.5 100.0 85.0 100.0 100.0 60.7 0.0 55.1 0.029 0.236 0.735 0.000 64.6 100.0 100.0 100.0 100.0 52.2 0.0 0.0 0.000 0.287 0.900 0.000 
165.5 40.533764 -3.454153 71.6 100.0 85.1 100.0 100.0 60.4 0.0 55.4 0.029 0.237 0.734 0.000 64.5 100.0 100.0 100.0 100.0 51.8 0.0 0.0 0.000 0.289 0.900 0.000 
166.5 40.533756 -3.454545 71.6 100.0 85.3 100.0 100.0 60.2 0.0 55.7 0.028 0.239 0.733 0.000 64.7 100.0 100.0 100.0 100.0 52.9 0.0 0.0 0.000 0.283 0.900 0.000 
167.5 40.533756 -3.454930 71.6 100.0 85.4 100.0 100.0 60.1 0.0 55.9 0.028 0.240 0.732 0.000 64.9 100.0 100.0 100.0 100.0 54.2 0.0 0.0 0.000 0.275 0.900 0.000 
168.5 40.533756 -3.455317 71.7 100.0 85.6 100.0 100.0 59.9 0.0 56.2 0.028 0.240 0.731 0.000 65.0 100.0 100.0 100.0 100.0 55.2 0.0 0.0 0.000 0.269 0.900 0.000 
169.5 40.533752 -3.455703 71.7 100.0 85.7 100.0 100.0 59.8 0.0 56.5 0.028 0.241 0.731 0.000 65.1 100.0 100.0 100.0 100.0 55.5 0.0 0.0 0.000 0.267 0.900 0.000 
170.5 40.533752 -3.456459 71.8 100.0 86.0 100.0 100.0 59.7 0.0 56.8 0.028 0.242 0.730 0.000 65.3 100.0 100.0 100.0 100.0 57.1 0.0 0.0 0.000 0.258 0.900 0.000 
171.5 40.533752 -3.456838 71.8 100.0 86.1 100.0 100.0 59.6 0.0 57.0 0.028 0.243 0.729 0.000 65.5 100.0 100.0 100.0 100.0 58.7 0.0 0.0 0.000 0.248 0.900 0.000 
172.5 40.533752 -3.456838 71.8 100.0 86.1 100.0 100.0 59.5 0.0 57.3 0.029 0.243 0.728 0.000 65.7 100.0 100.0 100.0 100.0 60.1 0.0 0.0 0.000 0.240 0.900 0.000 
173.5 40.533752 -3.457234 71.9 100.0 86.3 100.0 100.0 59.4 0.0 57.6 0.029 0.244 0.727 0.000 65.7 100.0 100.0 100.0 100.0 59.7 0.0 0.0 0.000 0.242 0.900 0.000 
174.5 40.533745 -3.458008 71.9 100.0 86.6 100.0 100.0 59.3 0.0 57.8 0.029 0.244 0.727 0.000 65.4 100.0 100.0 100.0 100.0 57.9 0.0 0.0 0.000 0.253 0.900 0.000 
175.5 40.533745 -3.458008 72.0 100.0 86.6 100.0 100.0 59.2 0.0 58.0 0.029 0.245 0.726 0.000 65.3 100.0 100.0 100.0 100.0 56.1 0.0 1.2 0.000 0.263 0.897 0.000 
176.5 40.533737 -3.458393 72.0 100.0 86.7 100.0 100.0 59.0 0.0 58.3 0.029 0.246 0.725 0.000 65.6 100.0 100.0 100.0 100.0 54.6 0.0 4.4 0.000 0.272 0.887 0.000 
177.5 40.533737 -3.458786 72.0 100.0 86.8 100.0 100.0 58.9 0.0 58.6 0.029 0.247 0.724 0.000 65.9 100.0 100.0 100.0 100.0 53.0 0.0 8.4 0.000 0.282 0.875 0.000 
178.5 40.533741 -3.459555 71.6 97.0 87.1 100.0 100.0 58.7 0.0 58.3 0.027 0.248 0.725 0.000 63.2 80.9 100.0 100.0 100.0 51.3 0.0 10.1 0.000 0.292 0.870 0.000 
179.5 40.533733 -3.459941 71.4 97.0 87.2 100.0 100.0 58.5 0.0 57.3 0.023 0.249 0.728 0.000 63.0 80.9 100.0 100.0 100.0 49.8 0.0 10.3 0.000 0.301 0.869 0.000 
180.5 40.533737 -3.460309 71.3 97.1 87.3 100.0 100.0 58.2 0.0 56.5 0.019 0.251 0.731 0.000 62.9 80.9 100.0 100.0 100.0 48.8 0.0 10.6 0.000 0.307 0.868 0.000 
181.5 40.533733 -3.460684 71.1 97.2 87.5 100.0 100.0 58.0 0.0 55.4 0.014 0.252 0.734 0.000 62.8 81.0 100.0 100.0 100.0 48.8 0.0 9.9 0.000 0.307 0.870 0.000 
182.5 40.533733 -3.460684 69.5 97.2 77.7 100.0 100.0 57.8 0.0 53.8 0.008 0.253 0.739 0.000 59.7 81.0 81.0 100.0 100.0 48.3 0.0 8.0 0.000 0.310 0.876 0.000 
183.5 40.533730 -3.461033 69.4 97.2 77.9 100.0 100.0 57.6 0.0 53.0 0.004 0.255 0.741 0.000 59.5 80.6 80.6 100.0 100.0 47.1 0.0 8.5 0.000 0.317 0.875 0.000 
184.5 40.533722 -3.461368 69.3 97.3 78.1 100.0 100.0 57.3 0.0 52.2 0.000 0.256 0.744 0.000 59.4 81.0 81.0 100.0 100.0 45.6 0.0 8.5 0.000 0.327 0.875 0.000 
185.5 40.533722 -3.462056 69.3 97.4 78.4 100.0 100.0 57.1 0.0 52.1 0.000 0.258 0.744 0.000 59.6 80.5 80.5 100.0 100.0 45.3 0.0 11.2 0.000 0.328 0.867 0.000 
186.5 40.533722 -3.462056 69.3 97.4 78.4 100.0 100.0 56.8 0.0 52.4 0.000 0.259 0.743 0.000 60.3 80.5 80.5 100.0 100.0 46.2 0.0 14.8 0.000 0.323 0.856 0.000 
187.5 40.533714 -3.462759 69.3 97.5 78.7 100.0 100.0 56.6 0.0 52.6 0.000 0.260 0.742 0.000 61.1 80.9 80.9 100.0 100.0 47.7 0.0 18.2 0.000 0.314 0.846 0.000 
188.5 40.533714 -3.462759 69.4 97.5 78.7 100.0 100.0 56.5 0.0 52.8 0.000 0.261 0.742 0.000 61.9 80.9 80.9 100.0 100.0 49.5 0.0 21.6 0.000 0.303 0.835 0.000 
189.5 40.533714 -3.463106 69.4 97.5 78.9 100.0 100.0 56.3 0.0 53.1 0.000 0.262 0.741 0.000 62.4 80.5 80.5 100.0 100.0 51.1 0.0 24.8 0.000 0.293 0.826 0.000 
190.5 40.533710 -3.463449 69.4 97.6 79.0 100.0 100.0 56.2 0.0 53.3 0.000 0.263 0.740 0.000 63.2 80.4 80.4 100.0 100.0 52.7 0.0 28.8 0.000 0.284 0.814 0.000 
191.5 40.533710 -3.464132 69.5 97.7 79.3 100.0 100.0 56.1 0.0 53.6 0.000 0.263 0.739 0.000 64.1 80.8 80.8 100.0 100.0 54.4 0.0 32.5 0.000 0.274 0.803 0.000 
192.5 40.533714 -3.464456 69.6 97.7 79.4 100.0 100.0 56.0 0.0 53.8 0.000 0.264 0.739 0.000 64.5 80.3 80.3 100.0 100.0 55.2 0.0 35.9 0.000 0.269 0.793 0.000 
193.5 40.533714 -3.464792 69.6 97.8 79.6 100.0 100.0 55.9 0.0 54.1 0.000 0.265 0.738 0.000 65.1 80.7 80.7 100.0 100.0 55.4 0.0 39.2 0.000 0.268 0.783 0.000 
194.5 40.533726 -3.465121 69.7 97.8 79.7 100.0 100.0 55.8 0.0 54.4 0.000 0.265 0.737 0.000 65.8 80.7 80.7 100.0 100.0 56.9 0.0 42.4 0.000 0.259 0.773 0.000 
195.5 40.533745 -3.465447 69.7 97.9 79.9 100.0 100.0 55.8 0.0 54.6 0.000 0.265 0.736 0.000 66.0 80.6 80.6 100.0 100.0 58.6 0.0 42.3 0.000 0.248 0.773 0.000 
196.5 40.533772 -3.465760 69.8 97.9 80.0 100.0 100.0 55.8 0.0 54.8 0.000 0.265 0.736 0.000 66.2 80.6 80.6 100.0 100.0 60.1 0.0 42.2 0.000 0.239 0.774 0.000 
197.5 40.533772 -3.465760 69.8 97.9 80.0 100.0 100.0 55.7 0.0 55.1 0.000 0.266 0.735 0.000 66.7 80.6 80.6 100.0 100.0 61.7 0.0 44.0 0.002 0.230 0.768 0.000 
198.5 40.533810 -3.466082 69.9 97.9 80.1 100.0 100.0 55.7 0.0 55.3 0.000 0.266 0.734 0.000 67.3 80.5 80.5 100.0 100.0 62.6 0.0 47.8 0.018 0.225 0.757 0.000 
199.5 40.533928 -3.466717 70.0 98.0 80.4 100.0 100.0 55.7 0.0 55.6 0.001 0.266 0.733 0.000 67.8 80.4 80.4 100.0 100.0 62.6 0.0 51.2 0.029 0.224 0.747 0.000 
200.5 40.533928 -3.466717 70.0 98.0 80.4 100.0 100.0 55.7 0.0 55.8 0.001 0.266 0.733 0.000 68.5 80.4 80.4 100.0 100.0 64.1 0.0 54.6 0.048 0.215 0.737 0.000 
201.5 40.534016 -3.467022 70.0 98.1 80.5 100.0 100.0 55.7 0.0 56.0 0.002 0.266 0.732 0.000 69.1 79.9 79.9 100.0 100.0 65.7 0.0 57.9 0.068 0.206 0.727 0.000 
202.5 40.534107 -3.467314 70.1 98.1 80.6 100.0 100.0 55.7 0.0 56.2 0.003 0.266 0.732 0.000 69.8 80.3 80.3 100.0 100.0 66.9 0.0 61.3 0.085 0.199 0.716 0.000 
203.5 40.534210 -3.467599 70.2 98.2 80.8 100.0 100.0 55.8 0.0 56.4 0.004 0.265 0.731 0.000 70.3 79.8 79.8 100.0 100.0 66.8 0.0 65.7 0.098 0.199 0.703 0.000 
204.5 40.534416 -3.468122 70.2 98.2 81.0 100.0 100.0 55.8 0.0 56.6 0.004 0.265 0.730 0.000 70.8 80.1 80.1 100.0 100.0 66.7 0.0 68.7 0.106 0.200 0.694 0.000 
205.5 40.534557 -3.468376 70.3 98.3 81.1 100.0 100.0 55.8 0.0 56.9 0.005 0.265 0.730 0.000 71.2 79.6 79.6 100.0 100.0 66.6 0.0 72.6 0.117 0.200 0.683 0.000 
206.5 40.534557 -3.468376 70.3 98.3 81.1 100.0 100.0 55.8 0.0 57.1 0.006 0.265 0.729 0.000 71.4 79.6 79.6 100.0 100.0 65.6 0.0 75.1 0.119 0.206 0.675 0.000 
207.5 40.534695 -3.468623 70.4 98.3 81.2 100.0 100.0 55.8 0.0 57.3 0.007 0.265 0.728 0.000 71.2 79.6 79.6 100.0 100.0 64.0 0.0 75.1 0.109 0.216 0.675 0.000 
208.5 40.534996 -3.469064 70.5 98.4 81.4 100.0 100.0 55.8 0.0 57.5 0.007 0.265 0.728 0.000 71.0 79.9 79.9 100.0 100.0 62.5 0.0 75.1 0.100 0.225 0.675 0.000 
209.5 40.534996 -3.469064 70.5 98.4 81.4 100.0 100.0 55.8 0.0 57.8 0.008 0.265 0.727 0.000 70.9 79.9 79.9 100.0 100.0 61.8 0.0 75.1 0.096 0.229 0.675 0.000 
210.5 40.535339 -3.469482 70.5 98.5 81.6 100.0 100.0 55.8 0.0 58.0 0.008 0.265 0.726 0.000 70.8 79.3 79.3 100.0 100.0 61.7 0.0 75.1 0.095 0.230 0.675 0.000 
211.5 40.535339 -3.469482 70.6 98.5 81.6 100.0 100.0 55.8 0.0 58.2 0.009 0.265 0.726 0.000 70.8 79.3 79.3 100.0 100.0 62.0 0.0 75.1 0.097 0.228 0.675 0.000 
212.5 40.535534 -3.469661 70.6 98.5 81.8 100.0 100.0 55.7 0.0 58.3 0.009 0.266 0.725 0.000 71.0 79.2 79.2 100.0 100.0 63.8 0.0 75.1 0.108 0.218 0.675 0.000 
213.5 40.535717 -3.469828 70.7 98.5 81.9 100.0 100.0 55.8 0.0 58.5 0.010 0.265 0.725 0.000 71.2 79.1 79.1 100.0 100.0 65.4 0.0 75.1 0.117 0.208 0.675 0.000 
214.5 40.536102 -3.470133 70.7 98.6 82.1 100.0 100.0 55.8 0.0 58.7 0.011 0.265 0.724 0.000 71.6 79.4 79.4 100.0 100.0 67.1 0.0 75.1 0.128 0.197 0.675 0.000 
215.5 40.536102 -3.470133 70.8 98.6 82.1 100.0 100.0 55.8 0.0 58.9 0.011 0.265 0.723 0.000 71.8 79.4 79.4 100.0 100.0 68.9 0.0 75.1 0.139 0.186 0.675 0.000 
216.5 40.536518 -3.470401 70.8 98.7 82.3 100.0 100.0 55.8 0.0 59.1 0.012 0.265 0.723 0.000 71.8 79.3 79.3 100.0 100.0 69.1 0.0 75.1 0.139 0.186 0.675 0.000 
217.5 40.536518 -3.470401 70.9 98.7 82.3 100.0 100.0 55.9 0.0 59.2 0.013 0.265 0.722 0.000 71.8 79.3 79.3 100.0 100.0 69.1 0.0 75.1 0.140 0.185 0.675 0.000 
218.5 40.536762 -3.470523 70.9 98.7 82.4 100.0 100.0 55.9 0.0 59.4 0.014 0.265 0.722 0.000 71.7 78.8 78.8 100.0 100.0 69.1 0.0 75.1 0.140 0.185 0.675 0.000 
219.5 40.537243 -3.470724 71.0 98.8 82.6 100.0 100.0 55.9 0.0 59.6 0.014 0.264 0.721 0.000 71.6 78.7 78.7 100.0 100.0 69.0 0.0 75.1 0.139 0.186 0.675 0.000 
220.5 40.537487 -3.470810 71.0 98.8 82.7 100.0 100.0 56.0 0.0 59.8 0.015 0.264 0.721 0.000 71.5 79.1 79.1 100.0 100.0 67.1 0.0 75.1 0.128 0.197 0.675 0.000 
221.5 40.537731 -3.470887 71.1 98.9 82.8 100.0 100.0 56.0 0.0 60.0 0.016 0.264 0.720 0.000 71.2 78.6 78.6 100.0 100.0 66.0 0.0 75.1 0.121 0.204 0.675 0.000 
222.5 40.537731 -3.470887 71.1 98.9 82.8 100.0 100.0 56.0 0.0 59.9 0.015 0.264 0.721 0.000 71.0 78.6 78.6 100.0 100.0 65.5 0.0 74.1 0.115 0.207 0.678 0.000 
223.5 40.537979 -3.470967 71.0 98.9 82.9 100.0 100.0 56.0 0.0 59.2 0.013 0.264 0.723 0.000 70.5 78.6 78.6 100.0 100.0 65.6 0.0 71.0 0.106 0.206 0.687 0.000 
224.5 40.538227 -3.471047 71.0 98.9 83.0 100.0 100.0 56.0 0.0 58.8 0.012 0.264 0.724 0.000 70.2 78.5 78.5 100.0 100.0 65.6 0.0 68.9 0.100 0.206 0.694 0.000 
225.5 40.538712 -3.471197 70.9 99.0 83.2 100.0 100.0 56.0 0.0 58.2 0.010 0.264 0.726 0.000 69.6 78.3 78.3 100.0 100.0 64.6 0.0 65.8 0.085 0.213 0.703 0.000 
226.5 40.538712 -3.471197 70.8 99.0 83.2 100.0 100.0 56.0 0.0 57.5 0.009 0.264 0.728 0.000 69.0 78.3 78.3 100.0 100.0 63.2 0.0 62.8 0.067 0.221 0.712 0.000 
227.5 40.538940 -3.471277 70.7 99.0 83.3 100.0 100.0 56.0 0.0 56.8 0.006 0.264 0.730 0.000 68.2 78.2 78.2 100.0 100.0 62.1 0.0 59.1 0.050 0.227 0.723 0.000 
228.5 40.539169 -3.471347 70.6 99.1 83.4 100.0 100.0 56.0 0.0 55.9 0.003 0.264 0.733 0.000 67.6 78.7 78.7 100.0 100.0 61.1 0.0 54.8 0.031 0.234 0.736 0.000 
229.5 40.539394 -3.471422 70.4 99.1 83.5 100.0 100.0 56.0 0.0 54.4 0.000 0.264 0.737 0.000 66.7 78.6 78.6 100.0 100.0 60.9 0.0 48.6 0.011 0.234 0.754 0.000 
230.5 40.539604 -3.471510 70.3 99.1 83.6 100.0 100.0 55.9 0.0 53.3 0.000 0.264 0.740 0.000 65.7 77.9 77.9 100.0 100.0 60.6 0.0 43.4 0.000 0.236 0.770 0.000 
231.5 40.539814 -3.471578 70.0 99.1 83.7 100.0 100.0 55.9 0.0 51.6 0.000 0.265 0.745 1.000 64.6 77.7 77.7 100.0 100.0 60.6 0.0 36.2 0.000 0.236 0.792 1.000 
232.5 40.540009 -3.471638 69.8 99.2 83.8 100.0 100.0 55.9 0.0 50.1 0.000 0.265 0.750 0.000 63.5 77.6 77.6 100.0 100.0 60.2 0.0 29.4 0.000 0.239 0.812 0.000 
233.5 40.540199 -3.471680 69.7 99.2 83.9 100.0 100.0 55.8 0.0 48.7 0.000 0.265 0.754 0.000 62.4 77.4 77.4 100.0 100.0 58.8 0.0 23.1 0.000 0.247 0.831 0.000 
234.5 40.540581 -3.471797 69.6 99.2 84.0 100.0 100.0 55.8 0.0 48.1 0.000 0.265 0.756 0.000 64.1 77.0 77.0 100.0 100.0 59.9 14.8 19.8 0.007 0.241 0.752 0.000 
235.5 40.540581 -3.471797 68.5 91.6 84.0 100.0 100.0 55.8 0.0 48.1 0.000 0.265 0.756 0.000 59.9 47.1 77.0 100.0 100.0 61.7 14.8 18.8 0.015 0.230 0.755 0.000 
236.5 40.540939 -3.471904 68.6 91.7 84.2 100.0 100.0 55.8 0.0 48.2 0.000 0.265 0.755 0.000 60.8 47.4 77.1 100.0 100.0 61.7 20.9 18.6 0.044 0.230 0.727 0.000 
237.5 40.541142 -3.471973 68.6 91.8 84.2 100.0 100.0 55.8 0.0 48.4 0.000 0.265 0.755 0.000 61.9 47.0 76.9 100.0 100.0 61.6 29.4 18.3 0.067 0.230 0.702 0.000 
238.5 40.541142 -3.471973 68.6 91.8 84.2 100.0 100.0 55.8 0.0 48.6 0.000 0.265 0.754 0.000 66.3 76.9 76.9 100.0 100.0 61.9 29.4 19.2 0.074 0.228 0.697 0.000 
239.5 40.541348 -3.472045 68.7 91.8 84.3 100.0 100.0 55.8 0.0 48.8 0.000 0.265 0.754 0.000 68.2 76.2 76.2 100.0 100.0 61.8 40.9 22.6 0.129 0.229 0.642 0.000 
240.5 40.541569 -3.472115 67.7 91.9 76.9 100.0 100.0 55.7 0.0 49.0 0.000 0.266 0.753 0.000 65.4 76.0 45.2 100.0 100.0 61.2 49.6 25.7 0.170 0.233 0.597 0.000 
241.5 40.541790 -3.472188 67.7 91.9 77.0 100.0 100.0 55.7 0.0 48.9 0.000 0.266 0.753 0.000 66.0 75.9 45.0 100.0 100.0 59.4 53.9 28.1 0.186 0.244 0.570 0.000 
242.5 40.541996 -3.472253 67.6 92.0 77.1 100.0 100.0 55.7 0.0 48.4 0.000 0.266 0.755 0.000 71.3 75.7 75.7 100.0 100.0 58.3 58.3 31.1 0.210 0.250 0.539 0.000 
243.5 40.542183 -3.472318 67.6 92.0 77.2 100.0 100.0 55.6 0.0 48.2 0.000 0.266 0.756 0.000 71.8 76.2 76.2 100.0 100.0 57.8 59.1 33.0 0.222 0.253 0.525 0.000 
244.5 40.542542 -3.472432 67.6 92.1 77.4 100.0 100.0 55.6 0.0 48.4 0.000 0.266 0.755 0.000 72.8 75.8 75.8 100.0 100.0 58.6 63.4 36.0 0.257 0.248 0.494 0.000 
245.5 40.542542 -3.472432 67.7 92.1 77.4 100.0 100.0 55.6 0.0 48.6 0.000 0.267 0.755 0.000 73.1 75.8 75.8 100.0 100.0 58.9 63.4 37.4 0.268 0.246 0.486 0.000 
246.5 40.542728 -3.472492 67.7 92.2 77.5 100.0 100.0 55.5 0.0 48.8 0.000 0.267 0.754 0.000 73.1 75.1 75.1 100.0 100.0 57.4 67.0 37.0 0.267 0.256 0.477 0.000 
247.5 40.542919 -3.472552 67.7 92.2 77.6 100.0 100.0 55.5 0.0 48.9 0.000 0.267 0.753 0.000 73.1 74.9 74.9 100.0 100.0 55.8 69.1 37.0 0.264 0.265 0.471 0.000 
248.5 40.543125 -3.472618 67.8 92.3 77.7 100.0 100.0 55.4 0.0 49.1 0.000 0.268 0.753 0.000 73.1 74.8 74.8 100.0 100.0 54.0 71.3 37.0 0.260 0.276 0.464 0.000 
249.5 40.543320 -3.472690 67.8 92.3 77.8 100.0 100.0 55.3 0.0 49.3 0.000 0.268 0.752 0.000 73.1 74.7 74.7 100.0 100.0 52.2 73.5 36.9 0.255 0.287 0.459 0.000 
250.5 40.543720 -3.472831 67.9 92.4 78.0 100.0 100.0 55.2 0.0 49.5 0.000 0.269 0.752 0.000 73.4 75.0 75.0 100.0 100.0 50.8 76.2 36.9 0.254 0.295 0.451 0.000 
251.5 40.543907 -3.472899 67.9 92.5 78.1 100.0 100.0 55.1 0.0 49.7 0.000 0.269 0.751 0.000 73.7 74.2 74.2 100.0 100.0 50.8 80.0 36.5 0.264 0.295 0.441 0.000 
252.5 40.543907 -3.472899 67.9 92.5 78.1 100.0 100.0 55.0 0.0 49.8 0.000 0.270 0.751 0.000 73.8 74.2 74.2 100.0 100.0 51.6 80.0 36.5 0.268 0.291 0.441 0.000 
253.5 40.544090 -3.472962 67.9 92.5 78.1 100.0 100.0 55.0 0.0 50.0 0.000 0.270 0.750 0.000 74.3 74.1 74.1 100.0 100.0 53.3 82.2 36.2 0.283 0.280 0.437 0.000 
254.5 40.544277 -3.473029 68.0 92.5 78.2 100.0 100.0 54.9 0.0 50.2 0.000 0.271 0.750 0.000 74.5 74.0 74.0 100.0 100.0 53.0 84.3 36.0 0.287 0.282 0.431 0.000 
255.5 40.544476 -3.473095 68.0 92.6 78.3 100.0 100.0 54.8 0.0 50.3 0.000 0.271 0.749 0.000 74.2 73.8 73.8 100.0 100.0 51.2 84.8 35.7 0.275 0.293 0.432 0.000 
256.5 40.544678 -3.473165 68.0 92.6 78.4 100.0 100.0 54.7 0.0 50.5 0.000 0.272 0.749 0.000 74.0 73.7 73.7 100.0 100.0 49.7 85.2 35.5 0.267 0.302 0.432 0.000 
257.5 40.544876 -3.473233 68.1 92.7 78.5 100.0 100.0 54.6 0.0 50.7 0.000 0.272 0.748 0.000 73.7 73.7 73.7 100.0 100.0 48.1 85.7 35.1 0.256 0.312 0.432 0.000 
258.5 40.545082 -3.473298 68.1 92.7 78.6 100.0 100.0 54.5 0.0 50.8 0.000 0.273 0.748 0.000 73.7 74.2 74.2 100.0 100.0 46.4 86.0 35.0 0.246 0.322 0.433 0.000 
259.5 40.545288 -3.473359 68.1 92.8 78.7 100.0 100.0 54.3 0.0 51.0 0.000 0.274 0.747 0.000 73.7 74.1 74.1 100.0 100.0 44.7 88.1 34.6 0.240 0.332 0.428 0.000 
260.5 40.545490 -3.473428 67.1 85.8 78.8 100.0 100.0 54.1 0.0 51.2 0.000 0.275 0.747 0.000 68.7 39.9 73.4 100.0 100.0 43.1 90.4 34.4 0.236 0.341 0.423 0.000 
261.5 40.545704 -3.473497 67.1 85.9 78.9 100.0 100.0 54.0 0.0 51.3 0.000 0.276 0.746 0.000 68.5 39.7 73.3 100.0 100.0 41.4 90.9 34.3 0.226 0.352 0.422 0.000 
262.5 40.545929 -3.473572 67.2 85.9 79.0 100.0 100.0 53.8 0.0 51.5 0.000 0.277 0.746 0.000 68.5 40.9 73.9 100.0 100.0 39.8 90.6 34.1 0.214 0.361 0.424 0.000 
263.5 40.546162 -3.473650 67.2 86.0 79.1 100.0 100.0 53.6 0.0 51.6 0.000 0.279 0.745 0.000 68.0 39.7 73.3 100.0 100.0 38.7 90.9 33.7 0.206 0.368 0.426 0.000 
264.5 40.546383 -3.473730 67.2 86.1 79.2 100.0 100.0 53.3 0.0 51.7 0.000 0.280 0.745 0.000 68.2 40.8 73.8 100.0 100.0 38.8 90.6 33.5 0.205 0.367 0.427 0.000 
265.5 40.546608 -3.473810 67.1 86.2 79.3 100.0 100.0 53.1 0.0 51.4 0.000 0.281 0.746 0.000 67.6 39.7 73.3 100.0 100.0 38.6 90.9 30.9 0.189 0.368 0.443 0.000 
266.5 40.547062 -3.473986 67.1 86.3 79.5 100.0 100.0 53.0 0.0 51.0 0.000 0.282 0.747 0.000 67.5 40.9 73.9 100.0 100.0 39.6 90.6 27.7 0.175 0.362 0.462 0.000 
267.5 40.547062 -3.473986 66.9 86.3 79.5 100.0 100.0 52.8 0.0 49.9 0.000 0.283 0.751 0.000 66.8 40.9 73.9 100.0 100.0 41.2 90.6 21.2 0.146 0.353 0.501 0.000 
268.5 40.547287 -3.474077 66.8 86.4 79.6 100.0 100.0 52.6 0.0 48.9 0.000 0.284 0.754 0.000 65.9 39.8 73.3 100.0 100.0 42.7 90.4 15.1 0.118 0.344 0.539 0.000 
269.5 40.547501 -3.474174 66.6 86.5 79.7 100.0 100.0 52.5 0.0 47.9 0.000 0.285 0.757 0.000 65.2 39.8 73.3 100.0 100.0 43.3 90.9 8.9 0.085 0.340 0.575 0.000 
270.5 40.547710 -3.474279 66.5 86.5 79.8 100.0 100.0 52.4 0.0 46.9 0.000 0.286 0.760 0.000 64.3 39.7 73.3 100.0 100.0 43.4 91.1 2.6 0.049 0.340 0.612 0.000 
271.5 40.547920 -3.474386 66.4 86.6 79.8 100.0 100.0 52.2 0.0 46.3 0.000 0.287 0.761 0.000 63.9 39.7 73.3 100.0 100.0 43.6 90.8 0.0 0.034 0.338 0.628 0.000 
272.5 40.548138 -3.474497 65.3 86.7 73.2 100.0 100.0 52.1 0.0 45.3 0.000 0.287 0.765 0.000 59.4 40.9 40.9 100.0 100.0 43.5 90.6 0.0 0.032 0.339 0.629 0.000 
273.5 40.548355 -3.474623 65.1 86.7 73.3 100.0 100.0 52.0 0.0 43.7 0.000 0.288 0.769 1.000 59.0 39.8 39.8 100.0 100.0 43.2 90.4 0.0 0.030 0.341 0.629 1.000 
274.5 40.548565 -3.474753 64.9 86.8 73.4 100.0 100.0 51.8 0.0 42.1 0.000 0.289 0.774 1.000 59.0 39.8 39.8 100.0 100.0 43.0 90.2 0.0 0.028 0.342 0.630 1.000 
275.5 40.548771 -3.474875 63.8 80.2 73.5 100.0 100.0 51.7 0.0 41.0 0.000 0.290 0.777 0.000 54.2 6.3 39.8 100.0 100.0 43.0 90.4 0.0 0.029 0.342 0.630 0.000 
276.5 40.548973 -3.475009 63.7 80.3 73.7 100.0 100.0 51.6 0.0 40.3 0.000 0.291 0.779 0.000 54.2 6.2 39.8 100.0 100.0 42.8 90.6 0.0 0.028 0.343 0.629 0.000 
277.5 40.549171 -3.475150 63.6 80.4 73.8 100.0 100.0 51.4 0.0 39.3 0.000 0.291 0.782 0.000 54.2 6.2 39.7 100.0 100.0 42.8 90.4 0.0 0.027 0.343 0.630 0.000 
278.5 40.549576 -3.475424 63.5 80.6 74.0 100.0 100.0 51.3 0.0 38.3 0.000 0.292 0.785 0.000 54.5 7.6 40.7 100.0 100.0 42.8 90.4 0.0 0.027 0.343 0.630 0.000 
279.5 40.549576 -3.475424 63.4 80.6 74.0 100.0 100.0 51.2 0.0 37.8 0.000 0.293 0.787 0.000 54.5 7.6 40.7 100.0 100.0 42.7 90.4 0.0 0.027 0.344 0.630 0.000 
280.5 40.549763 -3.475577 63.3 80.6 74.1 100.0 100.0 51.1 0.0 37.3 0.000 0.294 0.788 0.000 54.2 5.5 39.3 100.0 100.0 44.3 90.5 0.0 0.036 0.334 0.629 0.000 
281.5 40.549961 -3.475734 63.2 80.7 74.2 100.0 100.0 51.0 0.0 36.5 0.000 0.294 0.791 0.000 54.4 5.3 39.2 100.0 100.0 45.9 90.3 0.0 0.045 0.325 0.630 0.000 
282.5 40.550167 -3.475899 63.1 80.8 74.3 100.0 100.0 50.9 0.0 35.6 0.000 0.295 0.794 0.000 54.6 5.2 39.1 100.0 100.0 47.6 90.2 0.0 0.055 0.314 0.630 0.000 
283.5 40.550552 -3.476229 63.0 81.0 74.5 100.0 100.0 50.8 0.0 34.6 0.000 0.295 0.796 0.000 55.2 6.8 40.2 100.0 100.0 49.3 90.2 0.0 0.066 0.304 0.630 0.000 
284.5 40.550552 -3.476229 62.8 81.0 74.5 100.0 100.0 50.7 0.0 33.5 0.000 0.296 0.800 1.000 55.2 6.8 40.2 100.0 100.0 49.4 90.2 0.0 0.066 0.304 0.630 1.000 
285.5 40.550728 -3.476398 62.6 81.1 74.6 100.0 100.0 50.7 0.0 32.0 0.000 0.296 0.804 1.000 55.2 4.6 38.7 100.0 100.0 49.5 93.3 0.0 0.076 0.303 0.621 1.000 
286.5 40.550900 -3.476562 62.5 81.1 74.7 100.0 100.0 50.6 0.0 30.7 0.000 0.296 0.808 0.000 55.3 4.3 38.5 100.0 100.0 50.8 93.7 0.0 0.085 0.295 0.620 0.000 
287.5 40.551060 -3.476726 62.3 81.2 74.8 100.0 100.0 50.6 0.0 29.8 0.000 0.296 0.811 0.000 55.9 5.9 39.5 100.0 100.0 52.3 93.8 0.0 0.094 0.286 0.620 0.000 
288.5 40.551228 -3.476899 62.2 81.3 74.9 100.0 100.0 50.6 0.0 28.9 0.000 0.297 0.814 0.000 55.8 3.9 38.2 100.0 100.0 54.1 94.3 0.0 0.107 0.275 0.618 0.000 
289.5 40.551384 -3.477072 62.1 81.4 75.0 100.0 100.0 50.5 0.0 28.0 0.000 0.297 0.816 0.000 56.2 5.5 39.3 100.0 100.0 54.4 94.4 0.0 0.109 0.274 0.618 0.000 
290.5 40.551544 -3.477259 61.1 75.1 75.1 100.0 100.0 50.5 0.0 27.2 0.000 0.297 0.819 0.000 55.1 0.0 38.0 100.0 100.0 53.3 94.7 0.0 0.103 0.280 0.617 0.000 
291.5 40.551708 -3.477444 61.0 75.2 75.2 100.0 100.0 50.5 0.0 26.4 0.000 0.297 0.821 0.000 55.3 0.0 39.2 100.0 100.0 53.2 94.8 0.0 0.102 0.281 0.617 0.000 
292.5 40.551868 -3.477645 60.0 75.3 69.0 100.0 100.0 50.4 0.0 25.3 0.000 0.297 0.824 0.000 50.5 0.0 5.4 100.0 100.0 53.8 94.4 0.0 0.105 0.277 0.618 0.000 
293.5 40.552036 -3.477838 59.9 75.4 69.1 100.0 100.0 50.4 0.0 24.4 0.000 0.298 0.827 0.000 50.5 0.0 4.0 100.0 100.0 55.4 94.3 0.0 0.114 0.267 0.618 0.000 
294.5 40.552193 -3.478027 59.8 75.5 69.2 100.0 100.0 50.4 0.0 23.6 0.000 0.298 0.830 0.000 50.9 0.0 5.7 100.0 100.0 56.2 94.4 0.0 0.120 0.263 0.618 0.000 
295.5 40.552345 -3.478216 59.7 75.6 69.3 100.0 100.0 50.4 0.0 22.7 0.000 0.298 0.832 0.000 51.3 4.3 4.3 100.0 100.0 56.3 94.3 0.0 0.120 0.262 0.618 0.000 
296.5 40.552490 -3.478418 59.6 75.7 69.4 100.0 100.0 50.4 0.0 21.8 0.000 0.298 0.835 0.000 51.4 4.5 4.5 100.0 100.0 56.8 94.3 0.0 0.123 0.259 0.618 0.000 
297.5 40.552639 -3.478629 59.5 75.8 69.5 100.0 100.0 50.4 0.0 21.0 0.000 0.298 0.837 0.000 51.5 4.8 4.8 100.0 100.0 56.9 94.3 0.0 0.123 0.259 0.618 0.000 
298.5 40.552776 -3.478838 59.4 75.8 69.6 100.0 100.0 50.4 0.0 20.3 0.000 0.298 0.840 0.000 51.5 4.8 4.8 100.0 100.0 56.7 94.3 0.0 0.122 0.260 0.618 0.000 
299.5 40.552917 -3.479052 59.3 75.9 69.7 100.0 100.0 50.3 0.0 19.3 0.000 0.298 0.843 0.000 52.2 6.4 6.4 100.0 100.0 58.0 94.4 0.0 0.130 0.252 0.618 0.000 
300.5 40.553055 -3.479259 59.2 76.0 69.9 100.0 100.0 50.4 0.0 18.4 0.000 0.298 0.845 0.000 57.2 6.4 39.9 100.0 100.0 59.6 94.4 0.0 0.140 0.242 0.618 0.000 
301.5 40.553200 -3.479471 59.1 76.1 70.0 100.0 100.0 50.4 0.0 17.6 0.000 0.298 0.848 0.000 57.0 4.6 38.7 100.0 100.0 61.3 94.3 0.0 0.150 0.232 0.618 0.000 
302.5 40.553459 -3.479937 59.1 76.3 70.2 100.0 100.0 50.4 0.0 16.7 0.000 0.298 0.850 0.000 57.4 6.3 39.8 100.0 100.0 61.5 94.4 0.0 0.152 0.231 0.618 0.000 
303.5 40.553585 -3.480164 59.0 76.4 70.3 100.0 100.0 50.4 0.0 15.9 0.000 0.298 0.853 0.000 57.6 6.5 39.9 100.0 100.0 62.6 94.4 0.0 0.158 0.224 0.618 0.000 
304.5 40.553585 -3.480164 58.9 76.4 70.3 100.0 100.0 50.4 0.0 15.2 0.000 0.298 0.855 0.000 57.8 6.5 39.9 100.0 100.0 63.4 94.4 0.0 0.163 0.220 0.618 0.000 
305.5 40.553707 -3.480386 58.9 76.5 70.4 100.0 100.0 50.4 0.0 14.8 0.000 0.297 0.856 0.000 57.4 5.3 39.1 100.0 100.0 63.4 94.3 0.0 0.163 0.220 0.618 0.000 
306.5 40.553822 -3.480615 58.8 76.5 70.5 100.0 100.0 50.5 0.0 14.5 0.000 0.297 0.857 0.000 57.7 5.4 39.2 100.0 100.0 64.8 94.3 0.0 0.171 0.211 0.618 0.000 
307.5 40.553955 -3.480855 58.8 76.6 70.6 100.0 100.0 50.5 0.0 13.7 0.000 0.297 0.859 0.000 58.3 7.1 40.4 100.0 100.0 66.4 94.4 0.0 0.181 0.201 0.618 0.000 
308.5 40.554180 -3.481366 58.7 76.8 70.8 100.0 100.0 50.5 0.0 12.8 0.000 0.297 0.862 0.000 58.6 7.4 40.6 100.0 100.0 68.0 94.4 0.0 0.191 0.192 0.618 0.000 
309.5 40.554180 -3.481366 58.6 76.8 70.8 100.0 100.0 50.6 0.0 11.9 0.000 0.297 0.865 0.000 58.9 7.4 40.6 100.0 100.0 69.8 94.4 0.0 0.201 0.181 0.618 0.000 
310.5 40.554298 -3.481600 58.5 76.9 70.9 100.0 100.0 50.6 0.0 11.1 0.000 0.296 0.867 0.000 59.1 7.5 40.6 100.0 100.0 71.3 94.4 0.0 0.210 0.172 0.618 0.000 
311.5 40.554394 -3.481841 58.5 77.0 71.0 100.0 100.0 50.6 0.0 10.8 0.000 0.296 0.868 0.000 58.7 5.9 39.6 100.0 100.0 71.3 94.3 0.0 0.210 0.172 0.618 0.000 
312.5 40.554478 -3.482080 57.6 71.1 71.1 100.0 100.0 50.7 0.0 10.5 0.000 0.296 0.869 0.000 57.9 0.0 39.6 100.0 100.0 71.3 94.3 0.0 0.210 0.172 0.618 0.000 
313.5 40.554569 -3.482337 57.6 71.2 71.2 100.0 100.0 50.7 0.0 10.2 0.000 0.296 0.870 0.000 57.9 0.0 39.8 100.0 100.0 71.2 94.3 0.0 0.209 0.173 0.618 0.000 
314.5 40.554684 -3.482563 57.6 71.3 71.3 100.0 100.0 50.8 0.0 10.0 0.000 0.295 0.870 0.000 58.1 0.0 40.8 100.0 100.0 71.8 94.4 0.0 0.213 0.169 0.618 0.000 
315.5 40.554783 -3.482824 57.6 71.4 71.4 100.0 100.0 50.8 0.0 9.7 0.000 0.295 0.871 0.000 58.4 0.0 40.9 100.0 100.0 73.5 94.1 0.0 0.222 0.159 0.619 0.000 
316.5 40.554874 -3.483089 57.6 71.5 71.5 100.0 100.0 50.8 0.0 9.4 0.000 0.295 0.872 0.000 58.6 0.0 41.0 100.0 100.0 75.0 94.1 0.0 0.232 0.150 0.619 0.000 
317.5 40.554955 -3.483356 57.6 71.6 71.6 100.0 100.0 50.9 0.0 9.2 0.000 0.295 0.873 0.000 58.7 0.0 40.0 100.0 100.0 76.8 94.0 0.0 0.242 0.139 0.619 0.000 
318.5 40.555031 -3.483627 57.6 71.7 71.7 100.0 100.0 50.9 0.0 8.9 0.000 0.294 0.874 0.000 58.9 0.0 40.1 100.0 100.0 78.4 94.0 0.0 0.251 0.130 0.619 0.000 
319.5 40.555103 -3.483891 57.6 71.8 71.8 100.0 100.0 51.0 0.0 8.9 0.000 0.294 0.874 0.000 59.3 0.0 41.1 100.0 100.0 80.2 94.1 0.0 0.262 0.119 0.619 0.000 
320.5 40.555176 -3.484176 57.7 71.9 71.9 100.0 100.0 51.0 0.0 8.7 0.000 0.294 0.874 0.000 60.7 8.4 41.2 100.0 100.0 81.7 93.8 0.0 0.271 0.110 0.620 0.000 
321.5 40.555264 -3.484469 56.8 72.0 66.2 100.0 100.0 51.1 0.0 8.5 0.000 0.294 0.875 0.000 56.3 8.6 8.6 100.0 100.0 83.7 93.4 0.0 0.281 0.098 0.621 0.000 
322.5 40.555340 -3.484766 56.8 72.1 66.3 100.0 100.0 51.1 0.0 8.2 0.000 0.293 0.876 0.000 56.1 7.1 7.1 100.0 100.0 85.4 93.3 0.0 0.292 0.087 0.621 0.000 
323.5 40.555420 -3.485049 56.8 72.2 66.4 100.0 100.0 51.2 0.0 7.7 0.000 0.293 0.877 0.000 56.7 8.8 8.8 100.0 100.0 86.5 93.1 0.0 0.297 0.081 0.622 0.000 
324.5 40.555489 -3.485347 56.8 72.3 66.6 100.0 100.0 51.2 0.0 7.2 0.000 0.293 0.879 0.000 56.3 7.1 7.1 100.0 100.0 86.4 93.3 0.0 0.298 0.081 0.621 0.000 
325.5 40.555538 -3.485641 56.7 72.4 66.7 100.0 100.0 51.2 0.0 6.5 0.000 0.293 0.881 0.000 56.3 7.0 7.0 100.0 100.0 86.5 93.3 0.0 0.298 0.081 0.621 0.000 
326.5 40.555599 -3.485923 56.6 72.5 66.8 100.0 100.0 51.3 0.0 5.9 0.000 0.292 0.883 0.000 56.7 8.7 8.7 100.0 100.0 86.5 93.1 0.0 0.297 0.081 0.622 0.000 
327.5 40.555649 -3.486211 56.6 72.6 66.9 100.0 100.0 51.3 0.0 5.6 0.000 0.292 0.884 0.000 56.2 6.8 6.8 100.0 100.0 86.5 93.3 0.0 0.298 0.081 0.621 0.000 
328.5 40.555698 -3.486485 56.6 72.7 67.0 100.0 100.0 51.4 0.0 5.3 0.000 0.292 0.885 0.000 56.2 6.7 6.7 100.0 100.0 86.5 93.7 0.0 0.299 0.081 0.620 0.000 
329.5 40.555740 -3.486773 56.6 72.8 67.1 100.0 100.0 51.4 0.0 5.0 0.000 0.292 0.885 0.000 56.7 8.3 8.3 100.0 100.0 86.5 93.8 0.0 0.299 0.081 0.620 0.000 
330.5 40.555771 -3.487060 53.3 72.9 44.0 100.0 100.0 51.4 0.0 4.5 0.000 0.292 0.887 0.000 55.5 8.3 0.0 100.0 100.0 86.5 93.8 0.0 0.296 0.084 0.620 0.000 
331.5 40.555801 -3.487328 52.5 67.3 44.1 100.0 100.0 51.5 0.0 4.2 0.000 0.292 0.888 0.000 54.3 0.0 0.0 100.0 100.0 86.4 93.8 0.0 0.296 0.084 0.620 0.000 
332.5 40.555832 -3.487586 52.5 67.4 44.3 100.0 100.0 51.5 0.0 4.0 0.000 0.291 0.888 0.000 54.2 0.0 0.0 100.0 100.0 84.9 94.3 0.0 0.288 0.094 0.618 0.000 
333.5 40.555859 -3.487847 52.5 67.5 44.4 100.0 100.0 51.6 0.0 4.0 0.000 0.291 0.888 0.000 54.0 0.0 0.0 100.0 100.0 83.2 94.7 0.0 0.279 0.104 0.617 0.000 
334.5 40.555885 -3.488121 52.6 67.6 44.6 100.0 100.0 51.6 0.0 4.2 0.000 0.291 0.888 0.000 53.8 0.0 0.0 100.0 100.0 81.4 95.0 0.0 0.269 0.114 0.616 0.000 
335.5 40.555901 -3.488379 52.7 67.7 44.7 100.0 100.0 51.7 0.0 4.4 0.000 0.290 0.887 0.000 54.5 5.6 0.0 100.0 100.0 80.8 95.0 0.0 0.266 0.118 0.616 0.000 
336.5 40.555916 -3.488653 52.7 67.8 44.9 100.0 100.0 51.7 0.0 4.6 0.000 0.290 0.887 0.000 54.5 5.4 0.0 100.0 100.0 80.9 95.0 0.0 0.267 0.118 0.616 0.000 
337.5 40.555923 -3.489204 52.8 68.0 45.2 100.0 100.0 51.8 0.0 4.9 0.000 0.290 0.886 0.000 54.7 6.9 0.0 100.0 100.0 80.9 95.4 0.0 0.268 0.118 0.615 0.000 
338.5 40.555916 -3.489478 52.9 68.1 45.4 100.0 100.0 51.8 0.0 5.1 0.000 0.290 0.885 0.000 54.8 6.8 0.0 100.0 100.0 80.9 95.7 0.0 0.269 0.118 0.614 0.000 
339.5 40.555908 -3.489753 53.0 68.2 45.5 100.0 100.0 51.9 0.0 5.3 0.000 0.289 0.884 0.000 54.8 6.7 0.0 100.0 100.0 80.9 95.7 0.0 0.269 0.117 0.614 0.000 
340.5 40.555885 -3.490037 53.1 68.3 45.7 100.0 100.0 51.9 0.0 5.5 0.000 0.289 0.884 0.000 54.8 6.6 0.0 100.0 100.0 81.0 95.7 0.0 0.269 0.117 0.614 0.000 
341.5 40.555851 -3.490320 53.1 68.4 45.8 100.0 100.0 51.9 0.0 5.7 0.000 0.289 0.883 0.000 54.8 6.5 0.0 100.0 100.0 80.8 96.1 0.0 0.269 0.118 0.613 0.000 
342.5 40.555851 -3.490320 53.2 68.4 45.8 100.0 100.0 52.0 0.0 6.0 0.000 0.289 0.883 0.000 54.8 6.5 0.0 100.0 100.0 80.8 96.1 0.0 0.269 0.118 0.613 0.000 
343.5 40.555775 -3.490825 53.3 68.6 46.1 100.0 100.0 52.0 0.0 6.1 0.000 0.288 0.882 0.000 54.5 4.2 0.0 100.0 100.0 80.9 96.6 0.0 0.272 0.117 0.611 0.000 
344.5 40.555775 -3.490825 53.3 68.6 46.1 100.0 100.0 52.1 0.0 6.4 0.000 0.288 0.881 0.000 54.8 4.2 0.0 100.0 100.0 82.6 96.6 0.0 0.282 0.107 0.611 0.000 
345.5 40.555733 -3.491083 53.4 68.7 46.3 100.0 100.0 52.1 0.0 6.6 0.000 0.288 0.881 0.000 55.2 5.7 0.0 100.0 100.0 84.1 96.6 0.0 0.291 0.098 0.611 0.000 
346.5 40.555687 -3.491336 53.5 68.8 46.4 100.0 100.0 52.2 0.0 6.8 0.000 0.287 0.880 0.000 54.9 3.9 0.0 100.0 100.0 84.2 96.5 0.0 0.291 0.098 0.611 0.000 
347.5 40.555565 -3.491861 53.6 69.0 46.7 100.0 100.0 52.2 0.0 7.0 0.000 0.287 0.879 0.000 55.2 5.6 0.0 100.0 100.0 84.2 96.4 0.0 0.291 0.098 0.612 0.000 
348.5 40.555492 -3.492118 53.6 69.1 46.9 100.0 100.0 52.2 0.0 7.2 0.000 0.287 0.879 0.000 55.2 5.6 0.0 100.0 100.0 84.2 96.4 0.0 0.291 0.098 0.612 0.000 
349.5 40.555412 -3.492359 53.7 69.1 47.0 100.0 100.0 52.3 0.0 7.4 0.000 0.287 0.878 0.000 55.3 5.5 0.0 100.0 100.0 85.6 96.3 0.0 0.299 0.089 0.612 0.000 
350.5 40.555412 -3.492359 53.7 69.1 47.0 100.0 100.0 52.3 0.0 7.7 0.000 0.287 0.877 0.000 60.4 39.3 0.0 100.0 100.0 87.2 96.3 0.0 0.309 0.080 0.612 0.000 
351.5 40.555344 -3.492595 53.0 63.9 47.1 100.0 100.0 52.4 0.0 7.9 0.000 0.286 0.877 0.000 55.5 5.4 0.0 100.0 100.0 87.2 96.2 0.0 0.308 0.079 0.612 0.000 
352.5 40.555252 -3.492851 53.1 64.0 47.3 100.0 100.0 52.4 0.0 8.1 0.000 0.286 0.876 0.000 55.3 3.6 0.0 100.0 100.0 87.2 96.5 0.0 0.309 0.079 0.611 0.000 
353.5 40.555157 -3.493114 53.1 64.1 47.4 100.0 100.0 52.4 0.0 8.1 0.000 0.286 0.876 0.000 55.6 5.4 0.0 100.0 100.0 87.3 96.5 0.0 0.310 0.079 0.611 0.000 
354.5 40.554935 -3.493670 53.2 64.3 47.8 100.0 100.0 52.5 0.0 7.8 0.000 0.286 0.877 0.000 55.6 5.7 0.0 100.0 100.0 87.2 96.3 0.0 0.309 0.079 0.612 0.000 
355.5 40.554935 -3.493670 52.4 64.3 42.4 100.0 100.0 52.5 0.0 7.4 0.000 0.285 0.878 0.000 55.6 5.7 0.0 100.0 100.0 87.3 96.3 0.0 0.309 0.079 0.612 0.000 
356.5 40.554832 -3.493932 52.3 64.4 42.6 100.0 100.0 52.6 0.0 6.6 0.000 0.285 0.880 0.000 55.8 5.8 0.0 100.0 100.0 88.4 96.2 0.0 0.315 0.073 0.612 0.000 
357.5 40.554745 -3.494180 52.3 64.5 42.8 100.0 100.0 52.6 0.0 6.1 0.000 0.285 0.882 0.000 56.0 5.8 0.0 100.0 100.0 89.9 96.2 0.0 0.324 0.063 0.612 0.000 
358.5 40.554661 -3.494418 52.3 64.6 42.9 100.0 100.0 52.6 0.0 5.6 0.000 0.285 0.884 0.000 56.0 4.0 0.0 100.0 100.0 91.7 96.0 0.0 0.335 0.053 0.613 0.000 
359.5 40.554520 -3.494899 52.2 64.8 43.2 100.0 100.0 52.7 0.0 5.1 0.000 0.284 0.885 0.000 56.2 5.4 0.0 100.0 100.0 92.0 95.9 0.0 0.336 0.051 0.613 0.000 
360.5 40.554520 -3.494899 52.2 64.8 43.2 100.0 100.0 52.7 0.0 4.9 0.000 0.284 0.886 0.000 56.2 5.4 0.0 100.0 100.0 92.0 95.9 0.0 0.336 0.051 0.613 0.000 
361.5 40.554455 -3.495157 52.2 64.9 43.3 100.0 100.0 52.7 0.0 4.7 0.000 0.284 0.886 0.000 56.2 5.4 0.0 100.0 100.0 92.0 95.8 0.0 0.336 0.051 0.613 0.000 
362.5 40.554394 -3.495420 52.2 65.0 43.5 100.0 100.0 52.8 0.0 4.5 0.000 0.284 0.887 0.000 56.4 5.3 0.0 100.0 100.0 93.5 95.7 0.0 0.344 0.042 0.614 0.000 
363.5 40.554348 -3.495682 52.2 65.1 43.6 100.0 100.0 52.8 0.0 4.2 0.000 0.284 0.888 0.000 56.2 3.4 0.0 100.0 100.0 94.2 95.5 0.0 0.348 0.038 0.614 0.000 
364.5 40.554306 -3.495946 52.3 65.2 43.8 100.0 100.0 52.8 0.0 4.1 0.000 0.284 0.888 0.000 56.1 3.4 0.0 100.0 100.0 94.2 95.4 0.0 0.348 0.038 0.615 0.000 
365.5 40.554276 -3.496199 52.3 65.3 43.9 100.0 100.0 52.8 0.0 3.9 0.000 0.283 0.889 0.000 56.4 4.9 0.0 100.0 100.0 94.2 95.4 0.0 0.347 0.038 0.615 0.000 
366.5 40.554253 -3.496454 52.3 65.4 44.1 100.0 100.0 52.9 0.0 3.7 0.000 0.283 0.889 0.000 56.3 4.8 0.0 100.0 100.0 94.2 95.3 0.0 0.347 0.038 0.615 0.000 
367.5 40.554234 -3.496711 52.3 65.5 44.2 100.0 100.0 52.9 0.0 3.5 0.000 0.283 0.890 0.000 56.0 2.9 0.0 100.0 100.0 94.2 95.0 0.0 0.346 0.038 0.616 0.000 
368.5 40.554234 -3.496975 52.3 65.6 44.3 100.0 100.0 52.9 0.0 3.4 0.000 0.283 0.890 0.000 56.0 2.7 0.0 100.0 100.0 94.2 94.9 0.0 0.346 0.037 0.616 0.000 
369.5 40.554230 -3.497237 52.3 65.7 44.5 100.0 100.0 53.0 0.0 3.2 0.000 0.283 0.891 0.000 55.8 2.5 0.0 100.0 100.0 93.3 94.7 0.0 0.340 0.043 0.617 0.000 
370.5 40.554230 -3.497496 52.3 65.8 44.6 100.0 100.0 53.0 0.0 2.7 0.000 0.282 0.892 0.000 55.8 2.4 0.0 100.0 100.0 93.3 94.5 0.0 0.340 0.043 0.617 0.000 
371.5 40.554241 -3.497764 52.3 65.9 44.8 100.0 100.0 53.0 0.0 2.2 0.000 0.282 0.894 0.000 55.7 2.4 0.0 100.0 100.0 93.1 94.4 0.0 0.338 0.044 0.618 0.000 
372.5 40.554260 -3.498020 51.5 65.9 39.8 100.0 100.0 53.1 0.0 2.0 0.000 0.282 0.894 0.000 60.6 38.3 0.0 100.0 100.0 91.2 94.4 0.0 0.327 0.055 0.618 0.000 
373.5 40.554287 -3.498265 51.5 66.0 39.9 100.0 100.0 53.1 0.0 1.4 0.000 0.282 0.896 0.000 60.3 38.2 0.0 100.0 100.0 89.4 94.2 0.0 0.315 0.067 0.618 0.000 
374.5 40.554321 -3.498505 50.8 61.0 40.1 100.0 100.0 53.1 0.0 1.1 0.000 0.282 0.897 0.000 54.9 1.9 0.0 100.0 100.0 88.5 93.8 0.0 0.309 0.072 0.620 0.000 
375.5 40.554363 -3.498746 50.7 61.1 40.2 100.0 100.0 53.2 0.0 0.5 0.000 0.281 0.899 0.000 54.9 1.7 0.0 100.0 100.0 88.1 94.3 0.0 0.307 0.075 0.618 0.000 
376.5 40.554398 -3.498980 50.7 61.2 40.3 100.0 100.0 53.2 0.0 0.0 0.000 0.281 0.900 0.000 54.7 1.3 0.0 100.0 100.0 87.4 94.1 0.0 0.302 0.079 0.619 0.000 
377.5 40.554447 -3.499200 50.0 61.3 35.4 100.0 100.0 53.3 0.0 0.0 0.000 0.281 0.900 0.000 54.9 2.8 0.0 100.0 100.0 87.3 94.1 0.0 0.302 0.079 0.619 0.000 
378.5 40.554497 -3.499416 50.0 61.4 35.5 100.0 100.0 53.3 0.0 0.0 0.000 0.281 0.900 0.000 54.8 2.4 0.0 100.0 100.0 87.4 93.8 0.0 0.302 0.079 0.620 0.000 
379.5 40.554539 -3.499627 50.1 61.5 35.7 100.0 100.0 53.3 0.0 0.0 0.000 0.280 0.900 0.000 54.4 0.1 0.0 100.0 100.0 87.4 93.3 0.0 0.300 0.079 0.621 0.000 
380.5 40.554585 -3.499836 50.1 61.6 35.8 100.0 100.0 53.4 0.0 0.0 0.000 0.280 0.900 0.000 54.5 0.0 0.0 100.0 100.0 87.3 93.9 0.0 0.302 0.079 0.620 0.000 
381.5 40.554634 -3.500055 50.1 61.6 35.9 100.0 100.0 53.4 0.0 0.0 0.000 0.280 0.900 0.000 54.6 1.1 0.0 100.0 100.0 87.3 93.9 0.0 0.301 0.079 0.619 0.000 
382.5 40.554676 -3.500281 50.2 61.7 36.0 100.0 100.0 53.5 0.0 0.0 0.000 0.280 0.900 0.000 54.6 0.0 0.0 100.0 100.0 87.3 95.2 0.0 0.305 0.079 0.615 0.000 
383.5 40.554737 -3.500506 50.2 61.8 36.2 100.0 100.0 53.5 0.0 0.0 0.000 0.279 0.900 0.000 54.8 0.0 0.0 100.0 100.0 87.3 96.0 0.0 0.308 0.079 0.613 0.000 
384.5 40.554813 -3.500719 50.3 61.9 36.3 100.0 100.0 53.5 0.0 0.0 0.000 0.279 0.900 0.000 54.9 0.0 0.0 100.0 100.0 87.3 96.8 0.0 0.310 0.079 0.611 0.000 
385.5 40.554897 -3.500926 50.3 62.0 36.5 100.0 100.0 53.6 0.0 0.0 0.000 0.279 0.900 0.000 54.9 0.0 0.0 100.0 100.0 87.3 96.8 0.0 0.310 0.079 0.611 0.000 
386.5 40.554989 -3.501127 50.3 62.1 36.6 100.0 100.0 53.6 0.0 0.0 0.000 0.279 0.900 0.000 55.0 0.0 0.0 100.0 100.0 87.3 97.8 0.0 0.313 0.079 0.608 0.000 
387.5 40.555092 -3.501329 50.4 62.2 36.7 100.0 100.0 53.7 0.0 0.0 0.000 0.278 0.900 0.000 55.3 0.0 0.0 100.0 100.0 87.3 100.0 0.0 0.317 0.079 0.603 0.000 
388.5 40.555195 -3.501536 50.4 62.3 36.9 100.0 100.0 53.7 0.0 0.0 0.000 0.278 0.900 0.000 55.3 0.0 0.0 100.0 100.0 87.3 100.0 0.0 0.317 0.079 0.603 0.000 
389.5 40.555309 -3.501741 50.4 62.4 37.0 100.0 100.0 53.7 0.0 0.0 0.000 0.278 0.900 0.000 55.3 0.0 0.0 100.0 100.0 87.3 100.0 0.0 0.317 0.079 0.603 0.000 
390.5 40.555420 -3.501951 50.5 62.4 37.2 100.0 100.0 53.8 0.0 0.0 0.000 0.278 0.900 0.000 55.3 0.0 0.0 100.0 100.0 87.3 100.0 0.0 0.320 0.076 0.603 0.000 
391.5 40.555534 -3.502162 50.5 62.5 37.3 100.0 100.0 53.8 0.0 0.0 0.000 0.277 0.900 0.000 60.2 33.9 0.0 100.0 100.0 87.3 100.0 0.0 0.321 0.076 0.603 0.000 
392.5 40.555645 -3.502377 50.6 62.6 37.5 100.0 100.0 53.9 0.0 0.0 0.000 0.277 0.900 0.000 59.9 32.6 0.0 100.0 100.0 87.0 100.0 0.0 0.319 0.078 0.603 0.000 
393.5 40.555752 -3.502601 50.6 62.7 37.6 100.0 100.0 53.9 0.0 0.0 0.000 0.277 0.900 0.000 60.4 33.8 0.0 100.0 100.0 88.7 100.0 0.0 0.329 0.068 0.603 0.000 
394.5 40.555847 -3.502815 50.6 62.8 37.7 100.0 100.0 53.9 0.0 0.0 0.000 0.277 0.900 0.000 60.6 33.8 0.0 100.0 100.0 90.5 100.0 0.0 0.340 0.057 0.603 0.000 
395.5 40.555946 -3.503040 50.7 62.9 37.9 100.0 100.0 54.0 0.0 0.0 0.000 0.276 0.900 0.000 60.7 33.7 0.0 100.0 100.0 91.0 100.0 0.0 0.343 0.054 0.603 0.000 
396.5 40.556042 -3.503254 50.7 63.0 38.0 100.0 100.0 54.0 0.0 0.0 0.000 0.276 0.900 0.000 60.5 32.3 0.0 100.0 100.0 91.1 100.0 0.0 0.343 0.054 0.603 0.000 
397.5 40.556133 -3.503474 50.8 63.1 38.2 100.0 100.0 54.1 0.0 0.0 0.000 0.276 0.900 0.000 60.5 32.2 0.0 100.0 100.0 91.0 100.0 0.0 0.343 0.054 0.603 0.000 
398.5 40.556213 -3.503701 50.8 63.2 38.3 100.0 100.0 54.1 0.0 0.0 0.000 0.276 0.900 0.000 60.4 32.1 0.0 100.0 100.0 91.0 100.0 0.0 0.343 0.054 0.603 0.000 
399.5 40.556293 -3.503935 50.8 63.3 38.4 100.0 100.0 54.1 0.0 0.0 0.000 0.276 0.900 0.000 60.4 32.0 0.0 100.0 100.0 91.0 100.0 0.0 0.343 0.054 0.603 0.000 
400.5 40.556366 -3.504180 50.9 63.4 38.6 100.0 100.0 54.2 0.0 0.0 0.000 0.275 0.900 0.000 60.4 31.9 0.0 100.0 100.0 91.0 100.0 0.0 0.343 0.054 0.603 0.000 
401.5 40.556431 -3.504430 50.9 63.4 38.7 100.0 100.0 54.2 0.0 0.0 0.000 0.275 0.900 0.000 60.4 31.8 0.0 100.0 100.0 91.2 100.0 0.0 0.344 0.053 0.603 0.000 
402.5 40.556499 -3.504674 50.9 63.5 38.9 100.0 100.0 54.2 0.0 0.0 0.000 0.275 0.900 0.000 60.4 31.7 0.0 100.0 100.0 91.2 100.0 0.0 0.345 0.053 0.603 0.000 
403.5 40.556557 -3.504936 51.0 63.6 39.0 100.0 100.0 54.3 0.0 0.0 0.000 0.275 0.900 0.000 60.4 31.7 0.0 100.0 100.0 91.2 100.0 0.0 0.344 0.053 0.603 0.000 
404.5 40.556610 -3.505211 51.0 63.7 39.2 100.0 100.0 54.3 0.0 0.0 0.000 0.275 0.900 0.000 60.4 31.9 0.0 100.0 100.0 91.2 100.0 0.0 0.344 0.053 0.603 0.000 
405.5 40.556660 -3.505494 51.1 63.8 39.3 100.0 100.0 54.3 0.0 0.0 0.000 0.274 0.900 0.000 60.7 33.3 0.0 100.0 100.0 91.3 100.0 0.0 0.345 0.052 0.603 0.000 
406.5 40.556702 -3.505781 51.1 63.9 39.5 100.0 100.0 54.4 0.0 0.0 0.000 0.274 0.900 0.000 60.5 32.2 0.0 100.0 100.0 91.2 100.0 0.0 0.345 0.053 0.603 0.000 
407.5 40.556767 -3.506359 51.2 64.1 39.8 100.0 100.0 54.4 0.0 0.2 0.000 0.274 0.900 0.000 60.5 32.4 0.0 100.0 100.0 91.2 100.0 0.0 0.344 0.053 0.603 0.000 
408.5 40.556767 -3.506359 51.2 64.1 39.8 100.0 100.0 54.5 0.0 0.4 0.000 0.274 0.899 0.000 60.5 32.4 0.0 100.0 100.0 91.2 100.0 0.0 0.344 0.053 0.603 0.000 
409.5 40.556786 -3.506650 51.3 64.2 39.9 100.0 100.0 54.5 0.0 0.5 0.000 0.273 0.899 0.000 60.5 32.5 0.0 100.0 100.0 91.2 100.0 0.0 0.344 0.053 0.603 0.000 
410.5 40.556801 -3.506938 51.4 64.3 40.1 100.0 100.0 54.5 0.0 0.7 0.000 0.273 0.898 0.000 60.5 32.6 0.0 100.0 100.0 91.2 100.0 0.0 0.344 0.053 0.603 0.000 
411.5 40.556808 -3.507233 51.4 64.4 40.2 100.0 100.0 54.6 0.0 0.9 0.000 0.273 0.898 0.000 65.9 69.8 0.0 100.0 100.0 91.2 100.0 0.0 0.345 0.053 0.602 0.000 
412.5 40.556805 -3.507531 51.5 64.5 40.4 100.0 100.0 54.6 0.0 1.1 0.000 0.273 0.897 0.000 65.9 69.9 0.0 100.0 100.0 91.2 100.0 0.0 0.345 0.053 0.602 0.000 
413.5 40.556793 -3.507826 51.6 64.6 40.5 100.0 100.0 54.6 0.0 1.2 0.000 0.272 0.897 0.000 65.9 69.9 0.0 100.0 100.0 91.2 100.0 0.0 0.345 0.053 0.602 0.000 
414.5 40.556786 -3.508121 51.6 64.7 40.7 100.0 100.0 54.7 0.0 1.4 0.000 0.272 0.896 0.000 66.0 70.5 0.0 100.0 100.0 91.2 100.0 0.0 0.345 0.053 0.602 0.000 
415.5 40.556770 -3.508408 51.7 64.8 40.8 100.0 100.0 54.7 0.0 1.6 0.000 0.272 0.896 0.000 70.5 69.8 32.7 100.0 100.0 91.2 100.0 0.0 0.345 0.053 0.602 0.000 
416.5 40.556763 -3.508690 51.8 64.9 41.0 100.0 100.0 54.8 0.0 1.7 0.000 0.272 0.895 0.000 70.5 69.7 32.6 100.0 100.0 91.1 100.0 0.0 0.345 0.053 0.602 0.000 
417.5 40.556759 -3.508982 51.8 65.0 41.1 100.0 100.0 54.8 0.0 1.9 0.000 0.272 0.895 0.000 70.5 69.8 32.7 100.0 100.0 90.7 100.0 0.0 0.342 0.056 0.602 0.000 
418.5 40.556778 -3.509568 51.9 65.2 41.4 100.0 100.0 54.8 0.0 2.0 0.000 0.271 0.894 0.000 70.8 70.5 34.2 100.0 100.0 90.7 100.0 0.0 0.343 0.056 0.602 0.000 
419.5 40.556778 -3.509568 51.9 65.2 41.4 100.0 100.0 54.9 0.0 2.2 0.000 0.271 0.894 0.000 70.8 70.5 34.2 100.0 100.0 90.8 100.0 0.0 0.343 0.055 0.602 0.000 
420.5 40.556828 -3.510164 52.0 65.4 41.7 100.0 100.0 54.9 0.0 2.3 0.000 0.271 0.893 0.000 70.9 70.7 34.6 100.0 100.0 90.8 100.0 0.0 0.343 0.055 0.602 0.000 
421.5 40.556828 -3.510164 52.1 65.4 41.7 100.0 100.0 55.0 0.0 2.4 0.000 0.271 0.893 0.000 70.9 70.7 34.6 100.0 100.0 90.8 100.0 0.0 0.343 0.055 0.602 0.000 
422.5 40.556870 -3.510466 52.1 65.5 41.9 100.0 100.0 55.0 0.0 2.6 0.000 0.270 0.893 0.000 70.9 70.8 34.7 100.0 100.0 90.8 100.0 0.0 0.343 0.055 0.602 0.000 
423.5 40.556911 -3.510765 52.2 65.6 42.0 100.0 100.0 55.0 0.0 2.8 0.000 0.270 0.892 0.000 70.9 70.9 34.9 100.0 100.0 90.8 100.0 0.0 0.343 0.055 0.602 0.000 
424.5 40.556957 -3.511056 52.3 65.7 42.2 100.0 100.0 55.1 0.0 2.9 0.000 0.270 0.892 0.000 70.6 70.3 33.8 100.0 100.0 89.9 100.0 0.0 0.337 0.061 0.602 0.000 
425.5 40.557022 -3.511349 52.3 65.7 42.3 100.0 100.0 55.1 0.0 3.1 0.000 0.270 0.891 0.000 70.4 70.4 34.0 100.0 100.0 88.2 100.0 0.0 0.327 0.071 0.602 0.000 
426.5 40.557102 -3.511645 52.4 65.8 42.5 100.0 100.0 55.1 0.0 3.0 0.000 0.269 0.891 0.000 70.2 70.6 34.3 100.0 100.0 86.7 100.0 0.0 0.319 0.080 0.602 0.000 
427.5 40.557186 -3.511940 52.4 65.9 42.6 100.0 100.0 55.2 0.0 2.9 0.000 0.269 0.892 0.000 70.3 71.3 35.7 100.0 100.0 85.2 100.0 0.0 0.309 0.089 0.602 0.000 
428.5 40.557285 -3.512223 52.4 66.0 42.8 100.0 100.0 55.2 0.0 2.5 0.000 0.269 0.893 0.000 70.1 71.4 35.9 100.0 100.0 83.6 100.0 0.0 0.300 0.098 0.602 0.000 
429.5 40.557495 -3.512768 52.4 66.2 43.0 100.0 100.0 55.3 0.0 2.0 0.000 0.269 0.895 0.000 70.2 71.6 36.2 100.0 100.0 83.6 100.0 0.0 0.300 0.099 0.602 0.000 
430.5 40.557610 -3.513024 52.4 66.3 43.2 100.0 100.0 55.3 0.0 1.7 0.000 0.269 0.895 0.000 70.2 71.6 36.4 100.0 100.0 83.7 100.0 0.0 0.300 0.098 0.602 0.000 
431.5 40.557610 -3.513024 52.3 66.3 43.2 100.0 100.0 55.3 0.0 1.5 0.000 0.268 0.896 0.000 70.3 71.6 36.4 100.0 100.0 83.9 100.0 0.0 0.302 0.097 0.602 0.000 
432.5 40.557728 -3.513275 52.4 66.4 43.3 100.0 100.0 55.4 0.0 1.4 0.000 0.268 0.896 0.000 75.4 71.1 71.1 100.0 100.0 85.8 100.0 0.0 0.313 0.085 0.601 0.000 
433.5 40.557991 -3.513736 52.4 66.6 43.6 100.0 100.0 55.4 0.0 1.4 0.000 0.268 0.896 0.000 75.9 71.8 71.8 100.0 100.0 87.6 100.0 0.0 0.325 0.074 0.601 0.000 
434.5 40.558144 -3.513968 52.5 66.7 43.7 100.0 100.0 55.5 0.0 1.5 0.000 0.268 0.896 0.000 80.9 100.0 72.0 100.0 100.0 88.4 100.0 6.0 0.366 0.069 0.564 0.000 
435.5 40.558144 -3.513968 52.5 66.7 43.7 100.0 100.0 55.5 0.0 1.7 0.000 0.267 0.895 0.000 81.8 100.0 72.0 100.0 100.0 88.9 100.0 11.6 0.403 0.066 0.531 0.000 
436.5 40.558289 -3.514196 52.6 66.8 43.9 100.0 100.0 55.5 0.0 1.9 0.000 0.267 0.895 0.000 83.0 100.0 71.6 100.0 100.0 89.6 100.0 19.8 0.456 0.062 0.482 0.000 
437.5 40.558605 -3.514629 52.7 66.9 44.1 100.0 100.0 55.6 0.0 2.0 0.000 0.267 0.894 0.000 88.0 100.0 100.0 100.0 100.0 89.7 100.0 26.4 0.497 0.062 0.442 0.000 
438.5 40.558773 -3.514837 52.7 67.0 44.3 100.0 100.0 55.6 0.0 2.1 0.000 0.267 0.894 0.000 88.6 100.0 100.0 100.0 100.0 89.7 100.0 30.7 0.523 0.062 0.416 0.000 
439.5 40.558945 -3.515036 52.8 67.1 44.4 100.0 100.0 55.6 0.0 2.3 0.000 0.266 0.894 0.000 89.1 100.0 100.0 100.0 100.0 89.7 100.0 34.2 0.543 0.062 0.395 0.000 
440.5 40.559128 -3.515219 52.8 67.2 44.6 100.0 100.0 55.7 0.0 2.5 0.000 0.266 0.893 0.000 89.5 100.0 100.0 100.0 100.0 89.7 100.0 36.8 0.559 0.062 0.379 0.000 
441.5 40.559128 -3.515219 52.9 67.2 44.6 100.0 100.0 55.7 0.0 2.6 0.000 0.266 0.893 0.000 89.5 100.0 100.0 100.0 100.0 89.7 100.0 36.5 0.557 0.062 0.381 0.000 
442.5 40.559319 -3.515397 52.9 67.3 44.7 100.0 100.0 55.8 0.0 2.7 0.000 0.266 0.892 0.000 89.5 100.0 100.0 100.0 100.0 89.7 100.0 36.5 0.557 0.062 0.381 0.000 
443.5 40.559509 -3.515566 53.0 67.4 44.8 100.0 100.0 55.8 0.0 2.8 0.000 0.266 0.892 0.000 89.4 100.0 100.0 100.0 100.0 89.7 100.0 36.0 0.554 0.062 0.384 0.000 
444.5 40.559704 -3.515719 53.0 67.5 45.0 100.0 100.0 55.8 0.0 3.0 0.000 0.265 0.892 0.000 89.4 100.0 100.0 100.0 100.0 89.7 100.0 36.0 0.554 0.062 0.384 0.000 
445.5 40.559914 -3.515863 53.1 67.5 45.1 100.0 100.0 55.9 0.0 3.1 0.000 0.265 0.891 0.000 89.4 100.0 100.0 100.0 100.0 89.8 100.0 36.3 0.556 0.061 0.382 0.000 
446.5 40.560123 -3.516003 53.1 67.6 45.2 100.0 100.0 55.9 0.0 3.3 0.000 0.265 0.891 0.000 89.9 100.0 100.0 100.0 100.0 89.7 100.0 39.8 0.577 0.062 0.361 0.000 
447.5 40.560337 -3.516134 53.2 67.7 45.4 100.0 100.0 55.9 0.0 3.4 0.000 0.265 0.890 0.000 90.4 100.0 100.0 100.0 100.0 89.7 100.0 43.1 0.597 0.062 0.341 0.000 
448.5 40.560551 -3.516257 53.3 67.8 45.5 100.0 100.0 56.0 0.0 3.5 0.000 0.264 0.890 0.000 90.8 100.0 100.0 100.0 100.0 89.8 100.0 45.8 0.613 0.061 0.325 0.000 
449.5 40.560768 -3.516356 53.3 67.9 45.6 100.0 100.0 56.0 0.0 3.7 0.000 0.264 0.889 0.000 91.4 100.0 100.0 100.0 100.0 89.8 100.0 50.0 0.639 0.061 0.300 0.000 
450.5 40.560989 -3.516444 53.4 68.0 45.8 100.0 100.0 56.1 0.0 3.8 0.000 0.264 0.889 0.000 91.9 100.0 100.0 100.0 100.0 89.8 100.0 53.4 0.659 0.061 0.280 0.000 
451.5 40.561203 -3.516521 53.4 68.0 45.9 100.0 100.0 56.1 0.0 3.9 0.000 0.264 0.889 0.000 92.3 100.0 100.0 100.0 100.0 89.8 100.0 56.2 0.676 0.061 0.262 0.000 
452.5 40.561649 -3.516646 53.5 68.2 46.1 100.0 100.0 56.1 0.0 4.0 0.000 0.264 0.888 0.000 92.9 100.0 100.0 100.0 100.0 91.6 100.0 58.9 0.703 0.051 0.246 0.000 
453.5 40.561649 -3.516646 53.5 68.2 46.1 100.0 100.0 56.2 0.0 4.2 0.000 0.263 0.888 0.000 93.5 100.0 100.0 100.0 100.0 91.6 100.0 63.2 0.729 0.051 0.221 0.000 
454.5 40.562080 -3.516733 53.6 68.4 46.4 100.0 100.0 56.2 0.0 4.3 0.000 0.263 0.887 0.000 93.7 100.0 100.0 100.0 100.0 90.8 100.0 65.2 0.736 0.055 0.209 0.000 
455.5 40.562080 -3.516733 53.6 68.4 46.4 100.0 100.0 56.2 0.0 4.5 0.000 0.263 0.887 0.000 94.1 100.0 100.0 100.0 100.0 90.4 100.0 68.6 0.754 0.058 0.188 0.000 
456.5 40.562302 -3.516767 53.7 68.4 46.5 100.0 100.0 56.3 0.0 4.6 0.000 0.263 0.887 0.000 94.1 100.0 100.0 100.0 100.0 90.4 100.0 68.6 0.754 0.058 0.188 0.000 
457.5 40.562733 -3.516826 53.8 68.6 46.7 100.0 100.0 56.3 0.0 4.7 0.000 0.262 0.886 0.000 94.1 100.0 100.0 100.0 100.0 90.4 100.0 68.6 0.754 0.058 0.188 0.000 
458.5 40.562733 -3.516826 53.8 68.6 46.7 100.0 100.0 56.3 0.0 4.8 0.000 0.262 0.886 0.000 94.0 100.0 100.0 100.0 100.0 90.4 100.0 67.7 0.749 0.058 0.194 0.000 
459.5 40.562946 -3.516863 53.8 68.7 46.9 100.0 100.0 56.4 0.0 4.9 0.000 0.262 0.886 0.000 94.0 100.0 100.0 100.0 100.0 90.4 100.0 67.7 0.748 0.058 0.194 0.000 
460.5 40.563148 -3.516899 53.9 68.7 47.0 100.0 100.0 56.4 0.0 5.0 0.000 0.262 0.885 0.000 94.0 100.0 100.0 100.0 100.0 90.4 100.0 67.6 0.748 0.058 0.195 0.000 
461.5 40.563354 -3.516930 53.9 68.8 47.1 100.0 100.0 56.5 0.0 5.2 0.000 0.262 0.885 0.000 93.9 100.0 100.0 100.0 100.0 89.6 100.0 67.6 0.743 0.063 0.195 0.000 
462.5 40.563557 -3.516966 54.0 68.9 47.2 100.0 100.0 56.5 0.0 5.3 0.000 0.261 0.885 0.000 93.7 100.0 100.0 100.0 100.0 88.0 100.0 67.6 0.733 0.072 0.195 0.000 
463.5 40.563774 -3.516987 54.0 69.0 47.3 100.0 100.0 56.5 0.0 5.4 0.000 0.261 0.884 0.000 93.7 100.0 100.0 100.0 100.0 88.0 100.0 67.6 0.733 0.072 0.195 0.000 
464.5 40.563999 -3.517030 54.1 69.0 47.4 100.0 100.0 56.6 0.0 5.6 0.000 0.261 0.884 0.000 93.6 100.0 100.0 100.0 100.0 88.0 100.0 67.4 0.732 0.072 0.195 0.000 
465.5 40.564228 -3.517090 54.1 69.1 47.6 100.0 100.0 56.6 0.0 5.7 0.000 0.261 0.883 0.000 93.6 100.0 100.0 100.0 100.0 87.9 100.0 67.6 0.733 0.073 0.195 0.000 
466.5 40.564461 -3.517166 54.2 69.2 47.7 100.0 100.0 56.6 0.0 5.8 0.000 0.261 0.883 0.000 93.6 100.0 100.0 100.0 100.0 87.9 100.0 67.6 0.733 0.072 0.195 0.000 
467.5 40.564701 -3.517243 54.2 69.3 47.8 100.0 100.0 56.7 0.0 6.0 0.000 0.260 0.882 0.000 93.6 100.0 100.0 100.0 100.0 88.0 100.0 67.4 0.732 0.072 0.195 0.000 
468.5 40.564938 -3.517330 54.3 69.4 47.9 100.0 100.0 56.7 0.0 6.1 0.000 0.260 0.882 0.000 93.6 100.0 100.0 100.0 100.0 87.9 100.0 67.4 0.732 0.072 0.195 0.000 
469.5 40.565414 -3.517520 54.4 69.5 48.2 100.0 100.0 56.7 0.0 6.2 0.000 0.260 0.882 0.000 93.3 100.0 100.0 100.0 100.0 86.0 100.0 67.3 0.720 0.084 0.196 0.000 
470.5 40.565659 -3.517631 53.8 65.5 48.3 100.0 100.0 56.8 0.0 6.3 0.000 0.260 0.881 0.000 89.5 75.1 100.0 100.0 100.0 84.6 100.0 67.1 0.710 0.092 0.198 0.000 
471.5 40.565659 -3.517631 53.9 65.5 48.3 100.0 100.0 56.8 0.0 6.4 0.000 0.259 0.881 0.000 89.6 75.1 100.0 100.0 100.0 84.6 100.0 67.1 0.710 0.092 0.198 0.000 
472.5 40.565907 -3.517748 53.9 65.6 48.5 100.0 100.0 56.8 0.0 6.5 0.000 0.259 0.881 0.000 89.5 75.2 100.0 100.0 100.0 84.7 100.0 67.0 0.709 0.092 0.199 0.000 
473.5 40.566143 -3.517877 54.0 65.7 48.6 100.0 100.0 56.9 0.0 6.7 0.000 0.259 0.880 0.000 89.5 75.2 100.0 100.0 100.0 84.6 100.0 66.8 0.708 0.092 0.200 0.000 
474.5 40.566387 -3.518008 54.0 65.8 48.7 100.0 100.0 56.9 0.0 6.8 0.000 0.259 0.880 0.000 89.5 74.8 100.0 100.0 100.0 84.6 100.0 66.8 0.708 0.092 0.200 0.000 
475.5 40.566624 -3.518137 54.1 65.9 48.9 100.0 100.0 56.9 0.0 7.0 0.000 0.259 0.879 0.000 89.5 75.4 100.0 100.0 100.0 84.6 100.0 66.8 0.708 0.092 0.200 0.000 
476.5 40.566860 -3.518279 54.1 66.0 49.0 100.0 100.0 57.0 0.0 7.1 0.000 0.258 0.879 0.000 89.5 75.0 100.0 100.0 100.0 84.7 100.0 66.7 0.708 0.092 0.200 0.000 
477.5 40.567097 -3.518440 54.2 66.1 49.1 100.0 100.0 57.0 0.0 7.2 0.000 0.258 0.879 0.000 75.3 75.6 100.0 100.0 100.0 85.1 0.0 66.7 0.211 0.089 0.700 0.000 
478.5 40.567558 -3.518757 54.3 66.2 49.4 100.0 100.0 57.0 0.0 7.4 0.000 0.258 0.878 0.000 75.4 75.8 100.0 100.0 100.0 85.1 0.0 66.8 0.211 0.090 0.700 0.000 
479.5 40.567558 -3.518757 54.3 66.2 49.4 100.0 100.0 57.1 0.0 7.4 0.000 0.258 0.878 0.000 75.4 75.8 100.0 100.0 100.0 85.1 0.0 66.7 0.210 0.090 0.700 0.000 
480.5 40.567772 -3.518938 54.4 66.3 49.5 100.0 100.0 57.1 0.0 7.6 0.000 0.258 0.878 0.000 75.4 75.8 100.0 100.0 100.0 85.1 0.0 66.7 0.210 0.089 0.700 0.000 
481.5 40.568005 -3.519118 54.4 66.4 49.7 100.0 100.0 57.1 0.0 7.7 0.000 0.257 0.877 0.000 75.3 75.4 100.0 100.0 100.0 85.1 0.0 66.7 0.210 0.089 0.700 0.000 
482.5 40.568222 -3.519315 54.5 66.5 49.8 100.0 100.0 57.2 0.0 7.8 0.000 0.257 0.877 0.000 75.3 75.5 100.0 100.0 100.0 85.1 0.0 66.5 0.210 0.090 0.701 0.000 
483.5 40.568432 -3.519501 54.5 66.6 49.9 100.0 100.0 57.2 0.0 7.9 0.000 0.257 0.877 0.000 75.3 75.5 100.0 100.0 100.0 85.1 0.0 66.5 0.210 0.089 0.701 0.000 
484.5 40.568638 -3.519699 54.6 66.7 50.0 100.0 100.0 57.2 0.0 8.0 0.000 0.257 0.876 0.000 75.5 76.1 100.0 100.0 100.0 86.1 0.0 66.4 0.215 0.084 0.701 0.000 
485.5 40.568855 -3.519905 54.6 66.8 50.2 100.0 100.0 57.3 0.0 8.2 0.000 0.257 0.876 0.000 75.8 76.2 100.0 100.0 100.0 87.8 0.0 66.4 0.225 0.073 0.701 0.000 
486.5 40.569046 -3.520122 54.7 66.9 50.3 100.0 100.0 57.3 0.0 8.3 0.000 0.256 0.876 0.000 76.1 76.2 100.0 100.0 100.0 89.2 0.0 67.3 0.237 0.065 0.698 0.000 
487.5 40.569252 -3.520347 54.7 67.0 50.4 100.0 100.0 57.3 0.0 8.4 0.000 0.256 0.875 0.000 76.9 76.3 100.0 100.0 100.0 90.8 0.0 71.0 0.257 0.055 0.687 0.000 
488.5 40.569454 -3.520581 54.8 67.1 50.5 100.0 100.0 57.4 0.0 8.6 0.000 0.256 0.875 0.000 77.8 75.8 100.0 100.0 100.0 92.2 0.0 76.6 0.283 0.047 0.670 0.000 
489.5 40.569649 -3.520817 54.8 67.2 50.7 100.0 100.0 57.4 0.0 8.7 0.000 0.256 0.874 0.000 79.3 75.9 100.0 100.0 100.0 93.1 0.0 85.9 0.316 0.041 0.642 0.000 
490.5 40.569836 -3.521049 54.9 67.2 50.8 100.0 100.0 57.4 0.0 8.8 0.000 0.256 0.874 0.000 80.0 76.0 100.0 100.0 100.0 93.1 0.0 90.6 0.330 0.041 0.628 0.000 
491.5 40.570023 -3.521283 54.9 67.3 50.9 100.0 100.0 57.5 0.0 8.9 0.000 0.255 0.874 0.000 80.5 76.0 100.0 100.0 100.0 93.1 0.0 94.3 0.342 0.041 0.617 0.000 
492.5 40.570198 -3.521532 55.0 67.4 51.0 100.0 100.0 57.5 0.0 9.0 0.000 0.255 0.873 0.000 80.8 76.1 100.0 100.0 100.0 93.1 0.0 96.2 0.347 0.041 0.611 0.000 
493.5 40.570553 -3.522068 55.1 67.6 51.3 100.0 100.0 57.5 0.0 9.1 0.000 0.255 0.873 0.000 81.2 76.3 100.0 100.0 100.0 93.1 0.0 99.1 0.356 0.041 0.603 0.000 
494.5 40.570553 -3.522068 55.1 67.6 51.3 100.0 100.0 57.6 0.0 9.2 0.000 0.255 0.873 0.000 81.2 76.3 100.0 100.0 100.0 93.1 0.0 99.1 0.356 0.041 0.603 0.000 
495.5 40.570724 -3.522343 55.1 67.7 51.4 100.0 100.0 57.6 0.0 9.3 0.000 0.255 0.872 0.000 81.2 76.4 100.0 100.0 100.0 92.8 0.0 99.0 0.354 0.043 0.603 0.000 
496.5 40.570885 -3.522621 55.2 67.8 51.5 100.0 100.0 57.6 0.0 9.4 0.000 0.255 0.872 0.000 81.0 76.9 100.0 100.0 100.0 91.3 0.0 99.0 0.345 0.052 0.603 0.000 
497.5 40.571037 -3.522887 55.3 67.9 51.7 100.0 100.0 57.7 0.0 9.6 0.000 0.254 0.872 0.000 80.8 76.5 100.0 100.0 100.0 89.9 0.0 99.0 0.336 0.061 0.603 0.000 
498.5 40.571194 -3.523166 55.3 67.9 51.8 100.0 100.0 57.7 0.0 9.7 0.000 0.254 0.871 0.000 80.6 76.6 100.0 100.0 100.0 88.2 0.0 99.0 0.326 0.071 0.603 0.000 
499.5 40.571331 -3.523441 55.3 68.0 51.9 100.0 100.0 57.7 0.0 9.8 0.000 0.254 0.871 0.000 80.3 76.6 100.0 100.0 100.0 86.4 0.0 99.0 0.315 0.082 0.603 0.000 
500.5 40.571461 -3.523716 55.4 68.1 52.0 100.0 100.0 57.8 0.0 9.9 0.000 0.254 0.871 0.000 80.1 76.7 100.0 100.0 100.0 84.8 0.0 99.0 0.306 0.091 0.603 0.000 
501.5 40.571720 -3.524302 55.5 68.3 52.2 100.0 100.0 57.8 0.0 10.0 0.000 0.254 0.870 0.000 79.9 77.2 100.0 100.0 100.0 82.8 0.0 99.0 0.294 0.103 0.603 0.000 
502.5 40.571720 -3.524302 55.5 68.3 52.2 100.0 100.0 57.8 0.0 10.1 0.000 0.253 0.870 0.000 79.6 77.2 100.0 100.0 100.0 81.0 0.0 99.0 0.283 0.114 0.603 0.000 
503.5 40.571846 -3.524601 55.5 68.4 52.4 100.0 100.0 57.8 0.0 10.2 0.000 0.253 0.870 0.000 79.3 76.8 100.0 100.0 100.0 79.2 0.0 99.0 0.272 0.125 0.603 0.000 
504.5 40.571960 -3.524903 55.6 68.4 52.5 100.0 100.0 57.9 0.0 10.3 0.000 0.253 0.869 0.000 79.0 76.9 100.0 100.0 100.0 77.4 0.0 99.0 0.261 0.136 0.603 0.000 
505.5 40.572197 -3.525497 55.7 68.6 52.7 100.0 100.0 57.9 0.0 10.4 0.000 0.253 0.869 0.000 78.9 77.4 100.0 100.0 100.0 75.6 0.0 99.0 0.250 0.147 0.603 0.000 
506.5 40.572197 -3.525497 55.7 68.6 52.7 100.0 100.0 57.9 0.0 10.6 0.000 0.253 0.869 0.000 78.7 77.4 100.0 100.0 100.0 74.2 0.0 99.0 0.242 0.155 0.603 0.000 
507.5 40.572300 -3.525823 55.7 68.7 52.8 100.0 100.0 57.9 0.0 10.7 0.000 0.253 0.868 0.000 78.4 77.0 100.0 100.0 100.0 72.6 0.0 99.0 0.233 0.164 0.603 0.000 
508.5 40.572491 -3.526456 55.8 68.8 53.0 100.0 100.0 57.9 0.0 10.8 0.000 0.253 0.868 0.000 78.2 77.6 100.0 100.0 100.0 70.9 0.0 99.0 0.222 0.175 0.603 0.000 
509.5 40.572594 -3.526781 55.9 68.9 53.2 100.0 100.0 57.9 0.0 10.9 0.000 0.253 0.868 0.000 78.0 77.7 100.0 100.0 100.0 69.2 0.0 99.0 0.212 0.185 0.603 0.000 
510.5 40.572685 -3.527110 55.9 69.0 53.3 100.0 100.0 57.9 0.0 11.0 0.000 0.253 0.867 0.000 77.9 77.7 100.0 100.0 100.0 68.6 0.0 99.0 0.209 0.188 0.603 0.000 
511.5 40.572685 -3.527110 55.9 69.0 53.3 100.0 100.0 57.9 0.0 11.1 0.000 0.253 0.867 0.000 77.9 77.7 100.0 100.0 100.0 68.6 0.0 99.0 0.208 0.189 0.603 0.000 
512.5 40.572781 -3.527442 56.0 69.1 53.4 100.0 100.0 57.9 0.0 11.3 0.000 0.253 0.867 0.000 77.9 77.8 100.0 100.0 100.0 68.6 0.0 99.0 0.209 0.188 0.603 0.000 
513.5 40.572880 -3.527766 56.0 69.2 53.5 100.0 100.0 58.0 0.0 11.4 0.000 0.253 0.866 0.000 77.9 77.5 100.0 100.0 100.0 68.6 0.0 99.0 0.209 0.188 0.603 0.000 
514.5 40.572975 -3.528086 56.0 69.3 53.6 100.0 100.0 58.0 0.0 11.5 0.000 0.253 0.866 0.000 78.0 78.0 100.0 100.0 100.0 68.7 0.0 99.0 0.209 0.188 0.603 0.000 
515.5 40.573170 -3.528725 56.1 69.4 53.8 100.0 100.0 58.0 0.0 11.6 0.000 0.253 0.866 0.000 77.8 78.1 100.0 100.0 100.0 67.2 0.0 99.0 0.200 0.197 0.603 0.000 
516.5 40.573170 -3.528725 56.1 69.4 53.8 100.0 100.0 57.9 0.0 11.7 0.000 0.253 0.865 0.000 77.6 78.1 100.0 100.0 100.0 65.8 0.0 99.0 0.192 0.205 0.603 0.000 
517.5 40.573273 -3.529053 56.2 69.5 53.9 100.0 100.0 57.9 0.0 11.9 0.000 0.253 0.865 0.000 77.4 77.8 100.0 100.0 100.0 64.8 0.0 99.0 0.186 0.211 0.603 0.000 
518.5 40.573383 -3.529367 56.2 69.6 54.1 100.0 100.0 57.9 0.0 12.0 0.000 0.253 0.864 0.000 77.5 77.9 100.0 100.0 100.0 64.4 0.0 100.0 0.186 0.214 0.600 0.000 
519.5 40.573605 -3.529987 56.3 69.7 54.3 100.0 100.0 57.9 0.0 12.1 0.000 0.253 0.864 0.000 77.3 78.5 100.0 100.0 100.0 62.7 0.0 100.0 0.176 0.224 0.600 0.000 
520.5 40.573605 -3.529987 56.3 69.7 54.3 100.0 100.0 57.9 0.0 12.2 0.000 0.253 0.864 0.000 77.0 78.5 100.0 100.0 100.0 60.8 0.0 100.0 0.165 0.235 0.600 0.000 
521.5 40.573727 -3.530294 56.3 69.8 54.4 100.0 100.0 57.9 0.0 12.4 0.000 0.253 0.863 0.000 76.9 78.6 100.0 100.0 100.0 60.0 0.0 100.0 0.159 0.240 0.600 0.000 
522.5 40.573849 -3.530597 56.4 69.9 54.5 100.0 100.0 57.9 0.0 12.5 0.000 0.253 0.863 0.000 76.9 78.7 100.0 100.0 100.0 59.8 0.0 100.0 0.158 0.241 0.600 0.000 
523.5 40.573975 -3.530898 56.4 70.0 54.6 100.0 100.0 57.8 0.0 12.6 0.000 0.253 0.863 0.000 76.7 78.8 100.0 100.0 100.0 58.3 0.0 100.0 0.149 0.250 0.600 0.000 
524.5 40.574081 -3.531206 56.5 70.0 54.7 100.0 100.0 57.8 0.0 12.7 0.000 0.254 0.862 0.000 76.6 78.9 100.0 100.0 100.0 57.3 0.0 100.0 0.143 0.256 0.600 0.000 
525.5 40.574215 -3.531495 56.5 70.1 54.8 100.0 100.0 57.8 0.0 12.8 0.000 0.254 0.862 0.000 76.5 78.5 100.0 100.0 100.0 57.3 0.0 100.0 0.144 0.256 0.600 0.000 
526.5 40.574352 -3.531783 56.5 70.2 54.9 100.0 100.0 57.7 0.0 12.9 0.000 0.254 0.862 0.000 76.5 78.5 100.0 100.0 100.0 57.1 0.0 100.0 0.142 0.257 0.600 0.000 
527.5 40.574490 -3.532065 56.6 70.3 55.0 100.0 100.0 57.7 0.0 13.0 0.000 0.254 0.861 0.000 76.6 79.0 100.0 100.0 100.0 57.1 0.0 100.0 0.142 0.258 0.600 0.000 
528.5 40.574635 -3.532348 56.6 70.3 55.1 100.0 100.0 57.7 0.0 13.1 0.000 0.254 0.861 0.000 76.6 79.0 100.0 100.0 100.0 57.2 0.0 100.0 0.143 0.257 0.600 0.000 
529.5 40.574780 -3.532640 56.6 70.4 55.2 100.0 100.0 57.6 0.0 13.2 0.000 0.254 0.861 0.000 76.9 79.0 100.0 100.0 100.0 59.0 0.0 100.0 0.154 0.246 0.600 0.000 
530.5 40.574936 -3.532916 56.7 70.5 55.3 100.0 100.0 57.6 0.0 13.3 0.000 0.255 0.860 0.000 80.1 100.0 100.0 100.0 100.0 60.5 0.0 100.0 0.163 0.237 0.600 0.000 
531.5 40.575085 -3.533217 56.7 70.6 55.4 100.0 100.0 57.6 0.0 13.4 0.000 0.255 0.860 0.000 80.1 100.0 100.0 100.0 100.0 60.5 0.0 100.0 0.163 0.237 0.600 0.000 
532.5 40.575382 -3.533803 56.8 70.7 55.6 100.0 100.0 57.6 0.0 13.5 0.000 0.255 0.860 0.000 80.1 100.0 100.0 100.0 100.0 60.5 0.0 100.0 0.163 0.237 0.600 0.000 
533.5 40.575382 -3.533803 56.8 70.7 55.6 100.0 100.0 57.6 0.0 13.6 0.000 0.255 0.859 0.000 80.1 100.0 100.0 100.0 100.0 60.7 0.0 100.0 0.164 0.236 0.600 0.000 
534.5 40.575520 -3.534091 56.8 70.8 55.7 100.0 100.0 57.5 0.0 13.7 0.000 0.255 0.859 0.000 80.1 100.0 100.0 100.0 100.0 60.9 0.0 100.0 0.165 0.235 0.600 0.000 
535.5 40.575665 -3.534382 56.9 70.9 55.9 100.0 100.0 57.5 0.0 13.8 0.000 0.255 0.859 0.000 80.1 100.0 100.0 100.0 100.0 60.9 0.0 100.0 0.165 0.235 0.600 0.000 
536.5 40.575794 -3.534679 56.9 70.9 56.0 100.0 100.0 57.5 0.0 14.0 0.000 0.255 0.858 0.000 80.1 100.0 100.0 100.0 100.0 60.8 0.0 100.0 0.165 0.235 0.600 0.000 
537.5 40.575920 -3.534975 56.9 71.0 56.1 100.0 100.0 57.5 0.0 14.1 0.000 0.255 0.858 0.000 80.1 100.0 100.0 100.0 100.0 60.9 0.0 100.0 0.165 0.235 0.600 0.000 
538.5 40.576050 -3.535280 57.0 71.1 56.2 100.0 100.0 57.5 0.0 14.2 0.000 0.255 0.858 0.000 80.1 100.0 100.0 100.0 100.0 61.0 0.0 100.0 0.166 0.234 0.600 0.000 
539.5 40.576176 -3.535601 57.0 71.1 56.3 100.0 100.0 57.4 0.0 14.3 0.000 0.256 0.857 0.000 80.1 100.0 100.0 100.0 100.0 60.9 0.0 100.0 0.165 0.235 0.600 0.000 
540.5 40.576298 -3.535930 57.0 71.2 56.4 100.0 100.0 57.4 0.0 14.1 0.000 0.256 0.858 0.000 79.6 100.0 100.0 100.0 100.0 60.8 0.0 96.2 0.153 0.235 0.611 0.000 
541.5 40.576530 -3.536581 57.1 71.4 56.6 100.0 100.0 57.4 0.0 14.0 0.000 0.256 0.858 0.000 79.1 100.0 100.0 100.0 100.0 60.7 0.0 93.4 0.144 0.236 0.620 0.000 
542.5 40.576530 -3.536581 57.0 71.4 56.6 100.0 100.0 57.4 0.0 13.7 0.000 0.256 0.859 0.000 78.2 100.0 100.0 100.0 100.0 60.7 0.0 86.7 0.125 0.236 0.640 0.000 
543.5 40.576641 -3.536904 56.5 71.4 53.1 100.0 100.0 57.4 0.0 13.2 0.000 0.256 0.861 0.000 74.1 100.0 78.8 100.0 100.0 60.6 0.0 79.1 0.101 0.236 0.663 0.000 
544.5 40.576744 -3.537211 56.4 71.5 53.2 100.0 100.0 57.4 0.0 12.8 0.000 0.256 0.862 0.000 73.1 100.0 79.3 100.0 100.0 60.6 0.0 71.7 0.079 0.236 0.685 0.000 
545.5 40.576843 -3.537516 56.4 71.6 53.3 100.0 100.0 57.3 0.0 12.5 0.000 0.256 0.863 0.000 72.4 100.0 79.3 100.0 100.0 60.6 0.0 67.0 0.065 0.236 0.699 0.000 
546.5 40.576942 -3.537819 55.9 68.1 53.4 100.0 100.0 57.3 0.0 12.4 0.000 0.256 0.863 0.000 69.0 79.2 79.2 100.0 100.0 60.6 0.0 64.2 0.056 0.236 0.708 0.000 
547.5 40.577053 -3.538123 55.9 68.2 53.5 100.0 100.0 57.3 0.0 12.2 0.000 0.256 0.864 0.000 68.4 79.2 79.2 100.0 100.0 60.7 0.0 59.6 0.043 0.236 0.721 0.000 
548.5 40.577156 -3.538429 55.9 68.3 53.6 100.0 100.0 57.3 0.0 12.1 0.000 0.257 0.864 0.000 67.9 79.2 79.2 100.0 100.0 60.8 0.0 55.9 0.032 0.235 0.733 0.000 
549.5 40.577370 -3.539028 55.9 68.4 53.8 100.0 100.0 57.3 0.0 12.0 0.000 0.257 0.865 0.000 67.5 79.2 79.2 100.0 100.0 60.9 0.0 53.1 0.024 0.235 0.741 0.000 
550.5 40.577370 -3.539028 55.9 68.4 53.8 100.0 100.0 57.2 0.0 12.0 0.000 0.257 0.864 0.000 67.4 79.2 79.2 100.0 100.0 60.9 0.0 52.3 0.022 0.235 0.743 0.000 
551.5 40.577477 -3.539326 56.0 68.5 53.9 100.0 100.0 57.2 0.0 12.1 0.000 0.257 0.864 0.000 67.2 78.7 78.7 100.0 100.0 60.9 0.0 52.3 0.022 0.235 0.743 0.000 
552.5 40.577591 -3.539629 56.0 68.6 54.0 100.0 100.0 57.2 0.0 12.2 0.000 0.257 0.864 0.000 67.4 79.1 79.1 100.0 100.0 60.9 0.0 52.3 0.022 0.234 0.743 0.000 
553.5 40.577713 -3.539941 56.0 68.6 54.1 100.0 100.0 57.2 0.0 12.2 0.000 0.257 0.864 0.000 67.1 79.2 79.2 100.0 100.0 60.8 0.0 50.7 0.016 0.235 0.748 0.000 
554.5 40.577847 -3.540262 56.0 68.7 54.3 100.0 100.0 57.2 0.0 12.0 0.000 0.257 0.864 0.000 66.3 78.7 78.7 100.0 100.0 59.1 0.0 47.2 0.000 0.245 0.759 0.000 
555.5 40.577972 -3.540578 56.0 68.8 54.4 100.0 100.0 57.2 0.0 11.9 0.000 0.257 0.865 0.000 65.7 79.2 79.2 100.0 100.0 57.8 0.0 43.5 0.000 0.253 0.770 0.000 
556.5 40.578110 -3.540890 56.0 68.9 54.5 100.0 100.0 57.1 0.0 11.7 0.000 0.258 0.865 0.000 65.3 79.2 79.2 100.0 100.0 58.4 0.0 40.1 0.000 0.250 0.780 0.000 
557.5 40.578247 -3.541188 56.0 68.9 54.6 100.0 100.0 57.1 0.0 11.6 0.000 0.258 0.866 0.000 64.9 78.7 78.7 100.0 100.0 59.8 0.0 37.3 0.000 0.241 0.788 0.000 
558.5 40.578384 -3.541483 56.0 69.0 54.7 100.0 100.0 57.1 0.0 11.5 0.000 0.258 0.866 0.000 64.8 79.2 79.2 100.0 100.0 61.3 0.0 33.6 0.000 0.232 0.799 0.000 
559.5 40.578522 -3.541773 56.0 69.1 54.8 100.0 100.0 57.1 0.0 11.3 0.000 0.258 0.866 0.000 64.5 79.2 79.2 100.0 100.0 63.1 0.0 30.3 0.000 0.221 0.809 0.000 
560.5 40.578663 -3.542060 56.0 69.2 54.9 100.0 100.0 57.1 0.0 11.2 0.000 0.258 0.867 0.000 64.2 78.8 78.8 100.0 100.0 64.7 0.0 26.9 0.000 0.212 0.819 0.000 
561.5 40.578808 -3.542345 56.0 69.2 55.0 100.0 100.0 57.1 0.0 11.1 0.000 0.258 0.867 0.000 64.0 78.8 78.8 100.0 100.0 66.5 0.0 24.2 0.000 0.201 0.828 0.000 
562.5 40.578953 -3.542630 56.0 69.3 55.1 100.0 100.0 57.1 0.0 10.9 0.000 0.258 0.868 0.000 63.8 78.8 78.8 100.0 100.0 68.2 0.0 20.5 0.000 0.191 0.839 0.000 
563.5 40.579105 -3.542909 56.1 69.4 55.2 100.0 100.0 57.1 0.0 10.7 0.000 0.258 0.868 0.000 63.7 79.2 79.2 100.0 100.0 69.9 0.0 17.3 0.000 0.180 0.848 0.000 
564.5 40.579262 -3.543195 56.1 69.5 55.3 100.0 100.0 57.1 0.0 10.8 0.000 0.258 0.868 0.000 63.6 78.8 78.8 100.0 100.0 71.2 0.0 16.4 0.000 0.173 0.851 0.000 
565.5 40.579422 -3.543468 56.1 69.5 55.3 100.0 100.0 57.1 0.0 10.8 0.000 0.258 0.868 0.000 63.4 78.8 78.8 100.0 100.0 71.5 0.0 14.9 0.000 0.171 0.855 0.000 
566.5 40.579582 -3.543732 56.1 69.6 55.4 100.0 100.0 57.1 0.0 10.6 0.000 0.257 0.869 0.000 62.9 78.8 78.8 100.0 100.0 71.6 0.0 10.9 0.000 0.170 0.868 0.000 
567.5 40.579746 -3.543997 56.1 69.7 55.5 100.0 100.0 57.1 0.0 10.5 0.000 0.257 0.869 0.000 62.4 78.8 78.8 100.0 100.0 71.8 0.0 7.3 0.000 0.169 0.878 0.000 
568.5 40.579906 -3.544259 56.1 69.7 55.6 100.0 100.0 57.2 0.0 10.3 0.000 0.257 0.869 0.000 62.4 79.3 79.3 100.0 100.0 73.5 0.0 4.5 0.000 0.159 0.887 0.000 
569.5 40.580070 -3.544503 55.7 69.8 52.4 100.0 100.0 57.2 0.0 10.2 0.000 0.257 0.870 0.000 58.1 78.8 50.7 100.0 100.0 75.2 0.0 1.8 0.000 0.149 0.895 0.000 
570.5 40.580238 -3.544736 55.7 69.9 52.4 100.0 100.0 57.2 0.0 10.1 0.000 0.257 0.870 0.000 57.9 78.7 50.6 100.0 100.0 75.7 0.0 0.0 0.000 0.146 0.900 0.000 
571.5 40.580395 -3.544968 55.7 69.9 52.5 100.0 100.0 57.2 0.0 10.0 0.000 0.257 0.870 0.000 57.9 78.7 50.5 100.0 100.0 75.8 0.0 0.0 0.000 0.145 0.900 0.000 
572.5 40.580566 -3.545208 55.7 70.0 52.6 100.0 100.0 57.2 0.0 9.8 0.000 0.257 0.871 0.000 57.8 78.7 50.4 100.0 100.0 75.6 0.0 0.0 0.000 0.146 0.900 0.000 
573.5 40.580738 -3.545432 55.7 70.1 52.7 100.0 100.0 57.3 0.0 9.7 0.000 0.257 0.871 0.000 57.8 78.6 50.4 100.0 100.0 75.6 0.0 0.0 0.000 0.146 0.900 0.000 
574.5 40.580914 -3.545656 55.7 70.1 52.8 100.0 100.0 57.3 0.0 9.6 0.000 0.257 0.872 0.000 58.1 79.0 51.2 100.0 100.0 76.3 0.0 0.0 0.000 0.142 0.900 0.000 
575.5 40.581089 -3.545880 55.7 70.2 52.9 100.0 100.0 57.3 0.0 9.4 0.000 0.257 0.872 0.000 58.1 78.5 50.2 100.0 100.0 78.2 0.0 0.0 0.000 0.131 0.900 0.000 
576.5 40.581264 -3.546120 55.7 70.3 53.0 100.0 100.0 57.3 0.0 9.3 0.000 0.256 0.873 0.000 58.3 78.5 50.2 100.0 100.0 79.6 0.0 0.0 0.000 0.122 0.900 0.000 
577.5 40.581436 -3.546346 55.7 70.3 53.1 100.0 100.0 57.3 0.0 9.2 0.000 0.256 0.873 0.000 58.7 79.0 51.1 100.0 100.0 80.7 0.0 0.0 0.000 0.116 0.900 0.000 
578.5 40.581608 -3.546572 55.7 70.4 53.2 100.0 100.0 57.4 0.0 9.0 0.000 0.256 0.873 0.000 58.5 78.4 50.0 100.0 100.0 81.2 0.0 0.0 0.000 0.113 0.900 0.000 
579.5 40.581776 -3.546795 55.7 70.4 53.3 100.0 100.0 57.4 0.0 8.9 0.000 0.256 0.874 0.000 58.8 78.4 49.9 100.0 100.0 82.9 0.3 0.0 0.000 0.102 0.899 0.000 
580.5 40.581944 -3.547014 55.7 70.5 53.4 100.0 100.0 57.4 0.0 8.6 0.000 0.256 0.875 0.000 59.3 78.4 49.9 100.0 100.0 85.0 1.7 0.0 0.014 0.090 0.895 0.000 
581.5 40.582104 -3.547242 55.7 70.6 53.5 100.0 100.0 57.4 0.0 8.3 0.000 0.256 0.875 0.000 59.7 78.3 49.8 100.0 100.0 86.8 3.0 0.0 0.029 0.079 0.891 0.000 
582.5 40.582264 -3.547471 55.6 70.6 53.5 100.0 100.0 57.5 0.0 7.9 0.000 0.255 0.877 0.000 60.1 78.3 49.7 100.0 100.0 88.3 4.3 0.0 0.043 0.070 0.887 0.000 
583.5 40.582413 -3.547689 55.6 70.7 53.6 100.0 100.0 57.5 0.0 7.5 0.000 0.255 0.878 0.000 60.5 78.2 49.5 100.0 100.0 90.1 6.0 0.0 0.058 0.059 0.882 0.000 
584.5 40.582558 -3.547907 55.6 70.7 53.7 100.0 100.0 57.5 0.0 7.1 0.000 0.255 0.879 0.000 60.9 78.1 49.4 100.0 100.0 91.2 7.7 0.0 0.069 0.053 0.877 0.000 
585.5 40.582695 -3.548128 55.6 70.8 53.8 100.0 100.0 57.5 0.0 6.9 0.000 0.255 0.880 0.000 61.3 78.5 50.2 100.0 100.0 91.3 9.2 0.0 0.075 0.052 0.873 0.000 
586.5 40.582840 -3.548361 55.6 70.8 53.9 100.0 100.0 57.6 0.0 6.8 0.000 0.255 0.880 0.000 61.3 78.0 49.1 100.0 100.0 91.3 11.0 0.0 0.080 0.052 0.867 0.000 
587.5 40.582970 -3.548603 55.6 70.9 54.0 100.0 100.0 57.6 0.0 6.6 0.000 0.255 0.881 0.000 61.6 77.9 49.0 100.0 100.0 91.3 12.7 0.0 0.085 0.052 0.862 0.000 
588.5 40.583096 -3.548842 55.6 71.0 54.0 100.0 100.0 57.6 0.0 6.7 0.000 0.254 0.880 0.000 61.9 78.3 49.8 100.0 100.0 91.2 14.1 0.0 0.089 0.053 0.858 0.000 
589.5 40.583225 -3.549089 55.7 71.0 54.1 100.0 100.0 57.7 0.0 6.8 0.000 0.254 0.880 0.000 61.9 77.8 48.7 100.0 100.0 91.2 15.7 0.0 0.094 0.053 0.853 0.000 
590.5 40.583351 -3.549358 55.7 71.1 54.2 100.0 100.0 57.7 0.0 7.0 0.000 0.254 0.880 0.000 62.3 78.2 49.6 100.0 100.0 91.2 16.7 0.0 0.097 0.053 0.850 0.000 
591.5 40.583469 -3.549630 55.7 71.1 54.3 100.0 100.0 57.7 0.0 6.8 0.000 0.254 0.880 0.000 62.4 78.2 49.5 100.0 100.0 91.2 18.0 0.0 0.101 0.053 0.846 0.000 
592.5 40.583565 -3.549897 55.7 71.2 54.4 100.0 100.0 57.7 0.0 6.6 0.000 0.254 0.880 0.000 62.4 77.6 48.3 100.0 100.0 91.2 19.7 0.0 0.106 0.053 0.841 0.000 
593.5 40.583668 -3.550159 55.7 71.2 54.5 100.0 100.0 57.8 0.0 6.5 0.000 0.254 0.881 0.000 62.5 77.5 48.2 100.0 100.0 91.2 21.0 0.0 0.109 0.053 0.837 0.000 
594.5 40.583759 -3.550426 55.7 71.3 54.5 100.0 100.0 57.8 0.0 6.4 0.000 0.254 0.881 0.000 62.8 77.4 48.0 100.0 100.0 91.1 22.7 0.0 0.114 0.053 0.832 0.000 
595.5 40.583839 -3.550693 55.7 71.4 54.6 100.0 100.0 57.8 0.0 6.3 0.000 0.253 0.881 0.000 62.9 77.4 47.9 100.0 100.0 91.1 24.3 0.0 0.119 0.053 0.827 0.000 
596.5 40.583931 -3.550935 55.8 71.4 54.7 100.0 100.0 57.8 0.0 6.5 0.000 0.253 0.881 0.000 63.3 77.8 48.6 100.0 100.0 91.1 25.6 0.0 0.123 0.053 0.824 0.000 
597.5 40.584015 -3.551193 55.8 71.5 54.8 100.0 100.0 57.9 0.0 6.6 0.000 0.253 0.881 0.000 63.3 77.2 47.5 100.0 100.0 91.1 27.7 0.0 0.129 0.053 0.817 0.000 
598.5 40.584087 -3.551469 55.8 71.5 54.8 100.0 100.0 57.9 0.0 6.6 0.000 0.253 0.881 0.000 63.5 77.1 47.3 100.0 100.0 91.1 29.3 0.0 0.134 0.053 0.812 0.000 
599.5 40.584148 -3.551749 55.8 71.6 54.9 100.0 100.0 57.9 0.0 6.4 0.000 0.253 0.881 0.000 64.0 77.0 47.1 100.0 100.0 91.1 32.7 0.0 0.144 0.053 0.802 0.000 
600.5 40.584209 -3.552020 55.8 71.6 55.0 100.0 100.0 57.9 0.0 6.3 0.000 0.253 0.881 0.000 64.4 76.8 46.8 100.0 100.0 91.1 36.0 0.0 0.154 0.053 0.792 0.000 
601.5 40.584267 -3.552299 55.8 71.7 55.1 100.0 100.0 58.0 0.0 6.0 0.000 0.252 0.882 0.000 64.5 77.3 47.7 100.0 100.0 89.4 37.0 0.0 0.147 0.064 0.789 0.000 
602.5 40.584309 -3.552572 55.3 71.7 51.9 100.0 100.0 58.0 0.0 5.6 0.000 0.252 0.884 0.000 60.6 76.6 16.1 100.0 100.0 88.5 42.7 0.0 0.159 0.069 0.773 0.000 
603.5 40.584343 -3.552828 55.3 71.8 52.0 100.0 100.0 58.0 0.0 5.4 0.000 0.252 0.884 0.000 65.1 76.5 46.0 100.0 100.0 88.5 44.3 0.0 0.164 0.069 0.767 0.000 
604.5 40.584404 -3.553318 55.3 71.9 52.2 100.0 100.0 58.0 0.0 5.2 0.000 0.252 0.885 0.000 65.5 76.7 46.6 100.0 100.0 88.6 46.9 0.0 0.172 0.069 0.760 0.000 
605.5 40.584404 -3.553318 55.3 71.9 52.2 100.0 100.0 58.1 0.0 5.1 0.000 0.252 0.885 0.000 65.5 76.7 46.6 100.0 100.0 88.6 46.9 0.0 0.172 0.069 0.760 0.000 
606.5 40.584438 -3.553555 55.3 71.9 52.2 100.0 100.0 58.1 0.0 4.9 0.000 0.252 0.886 0.000 69.0 100.0 45.2 100.0 100.0 88.6 49.3 0.0 0.179 0.068 0.752 0.000 
607.5 40.584465 -3.553799 54.9 71.9 49.1 100.0 100.0 58.1 0.0 4.8 0.000 0.252 0.886 0.000 64.9 100.0 15.6 100.0 100.0 88.6 50.2 0.0 0.182 0.068 0.750 0.000 
608.5 40.584496 -3.554033 54.9 72.0 49.2 100.0 100.0 58.1 0.0 4.9 0.000 0.251 0.886 0.000 65.0 100.0 13.5 100.0 100.0 88.6 52.7 0.0 0.189 0.068 0.742 0.000 
609.5 40.584526 -3.554256 54.9 72.0 49.3 100.0 100.0 58.2 0.0 5.0 0.000 0.251 0.885 0.000 65.1 100.0 12.9 100.0 100.0 88.6 54.3 0.0 0.194 0.068 0.737 0.000 
610.5 40.584557 -3.554481 55.0 72.1 49.3 100.0 100.0 58.2 0.0 5.2 0.000 0.251 0.885 0.000 65.3 100.0 12.4 100.0 100.0 88.6 56.0 0.0 0.199 0.068 0.732 0.000 
611.5 40.584583 -3.554708 55.0 72.1 49.4 100.0 100.0 58.2 0.3 5.3 0.000 0.251 0.883 0.000 65.6 100.0 13.6 100.0 100.0 88.6 56.7 0.0 0.201 0.068 0.730 0.000 
612.5 40.584610 -3.554940 53.2 72.1 36.2 100.0 100.0 58.2 0.5 5.4 0.000 0.251 0.881 0.000 63.9 100.0 0.0 100.0 100.0 88.6 58.4 0.0 0.204 0.071 0.725 0.000 
613.5 40.584629 -3.555147 53.3 72.2 36.3 100.0 100.0 58.3 0.7 5.6 0.000 0.251 0.879 0.000 64.1 100.0 0.0 100.0 100.0 88.7 60.0 0.0 0.209 0.070 0.720 0.000 
614.5 40.584652 -3.555358 53.4 72.2 36.4 100.0 100.0 58.3 0.9 5.7 0.000 0.251 0.877 0.000 64.6 100.0 0.0 100.0 100.0 90.3 61.6 0.0 0.224 0.061 0.716 0.000 
615.5 40.584675 -3.555570 53.4 72.3 36.5 100.0 100.0 58.3 1.2 5.9 0.000 0.251 0.876 0.000 65.7 100.0 0.0 100.0 100.0 91.9 67.7 0.0 0.251 0.051 0.697 0.000 
616.5 40.584698 -3.555790 53.5 72.3 36.5 100.0 100.0 58.4 1.4 6.0 0.000 0.250 0.874 0.000 66.3 100.0 0.0 100.0 100.0 92.8 71.0 0.0 0.267 0.046 0.688 0.000 
617.5 40.584732 -3.556010 53.6 72.3 36.6 100.0 100.0 58.4 1.6 6.2 0.000 0.250 0.872 0.000 66.5 100.0 0.0 100.0 100.0 92.8 72.7 0.0 0.272 0.046 0.683 0.000 
618.5 40.584751 -3.556210 53.7 72.4 36.7 100.0 100.0 58.4 1.8 6.3 0.000 0.250 0.870 0.000 66.6 100.0 0.0 100.0 100.0 92.8 73.1 0.0 0.273 0.046 0.681 0.000 
619.5 40.584778 -3.556401 53.7 72.4 36.8 100.0 100.0 58.4 2.1 6.4 0.000 0.250 0.869 0.000 66.8 100.0 0.0 100.0 100.0 92.8 74.8 0.0 0.278 0.046 0.676 0.000 
620.5 40.584797 -3.556592 53.8 72.4 36.8 100.0 100.0 58.5 2.3 6.5 0.000 0.250 0.867 0.000 67.0 100.0 0.0 100.0 100.0 92.7 76.4 0.0 0.282 0.046 0.671 0.000 
621.5 40.584816 -3.556767 53.9 72.5 36.9 100.0 100.0 58.5 2.5 6.7 0.000 0.250 0.865 0.000 67.2 100.0 0.0 100.0 100.0 92.6 78.0 0.0 0.287 0.047 0.666 0.000 
