22.31 -1.00 -1.00 0 82.7 
22.43 -1.00 -1.00 0 82.9 
22.53 -1.00 -1.00 0 82.9 
22.65 -1.00 -1.00 0 82.9 
22.78 -1.00 -1.00 0 82.9 
22.89 -1.00 -1.00 0 82.9 
23.03 -1.00 -1.00 0 82.9 
23.15 -1.00 -1.00 0 82.9 
23.30 -1.00 -1.00 0 82.9 
23.42 -1.00 -1.00 0 83.9 
23.54 -1.00 -1.00 0 83.9 
23.65 -1.00 -1.00 0 83.9 
23.76 -1.00 -1.00 0 83.9 
23.88 -1.00 -1.00 0 83.9 
23.98 -1.00 -1.00 0 83.9 
24.10 -1.00 -1.00 0 83.9 
24.21 -1.00 -1.00 0 83.9 
24.34 -1.00 -1.00 0 83.9 
24.47 -1.00 -1.00 0 84.0 
24.57 -1.00 -1.00 0 84.0 
24.70 -1.00 -1.00 1 84.0 
24.83 -1.00 -1.00 0 84.0 
24.92 -1.00 -1.00 0 84.0 
25.04 -1.00 -1.00 0 84.0 
25.16 -1.00 -1.00 0 84.0 
25.29 -1.00 -1.00 0 84.0 
25.41 -1.00 -1.00 0 84.4 
25.53 -1.00 -1.00 0 84.4 
25.63 -1.00 -1.00 0 84.4 
25.72 -1.00 -1.00 0 84.4 
25.85 -1.00 -1.00 0 84.4 
25.95 -1.00 -1.00 0 84.4 
26.08 -1.00 -1.00 0 84.4 
26.19 -1.00 -1.00 0 84.4 
26.32 -1.00 -1.00 0 84.4 
26.42 -1.00 -1.00 0 84.1 
26.56 -1.00 -1.00 0 84.1 
26.65 -1.00 -1.00 0 84.1 
26.77 -1.00 -1.00 0 84.1 
26.88 -1.00 -1.00 0 84.1 
27.00 -1.00 -1.00 0 84.1 
27.12 -1.00 -1.00 0 84.1 
27.21 -1.00 -1.00 0 84.1 
27.35 -1.00 -1.00 0 84.1 
27.47 -1.00 -1.00 0 86.0 
27.58 -1.00 -1.00 0 86.0 
27.70 -1.00 -1.00 0 86.0 
27.82 -1.00 -1.00 0 86.0 
27.92 -1.00 -1.00 0 86.0 
28.04 -1.00 -1.00 0 86.0 
28.15 -1.00 -1.00 0 86.0 
28.31 -1.00 -1.00 0 86.0 
28.42 -1.00 -1.00 0 88.1 
28.53 -1.00 -1.00 0 88.1 
28.65 -1.00 -1.00 0 88.1 
28.75 -1.00 -1.00 0 88.1 
28.85 -1.00 -1.00 0 88.1 
28.96 -1.00 -1.00 0 88.1 
29.08 -1.00 -1.00 0 88.1 
29.21 -1.00 -1.00 0 88.1 
29.39 -1.00 -1.00 0 88.1 
29.53 -1.00 -1.00 0 90.4 
29.63 -1.00 -1.00 0 90.4 
29.75 -1.00 -1.00 0 90.4 
29.86 -1.00 -1.00 0 90.4 
29.98 -1.00 -1.00 0 90.4 
30.10 -1.00 -1.00 0 90.4 
30.22 -1.00 -1.00 0 90.4 
30.35 -1.00 -1.00 0 90.4 
30.44 -1.00 -1.00 0 90.7 
30.56 -1.00 -1.00 0 90.7 
30.68 -1.00 -1.00 0 90.7 
30.78 -1.00 -1.00 0 90.7 
30.87 -1.00 -1.00 0 90.7 
30.99 -1.00 -1.00 0 90.7 
31.08 -1.00 -1.00 0 90.7 
31.19 -1.00 -1.00 0 90.7 
31.31 -1.00 -1.00 0 90.7 
31.43 -1.00 -1.00 0 90.3 
31.52 -1.00 -1.00 0 90.3 
31.64 -1.00 -1.00 0 90.3 
31.77 -1.00 -1.00 0 90.3 
31.89 -1.00 -1.00 0 90.3 
31.98 -1.00 -1.00 0 90.3 
32.30 -1.00 -1.00 0 90.3 
32.41 -1.00 -1.00 0 92.6 
32.51 -1.00 -1.00 0 92.6 
32.61 -1.00 -1.00 0 92.6 
32.72 -1.00 -1.00 0 92.6 
32.84 -1.00 -1.00 0 92.6 
32.97 -1.00 -1.00 0 92.6 
33.07 -1.00 -1.00 0 92.6 
33.19 -1.00 -1.00 0 92.6 
33.28 -1.00 -1.00 0 92.6 
33.40 -1.00 -1.00 0 92.6 
33.52 -1.00 -1.00 0 95.0 
33.62 -1.00 -1.00 0 95.0 
33.75 -1.00 -1.00 0 95.0 
33.85 -1.00 -1.00 0 95.0 
33.97 -1.00 -1.00 0 95.0 
34.11 -1.00 -1.00 0 95.0 
34.23 -1.00 -1.00 0 95.0 
34.38 -1.00 -1.00 0 95.0 
34.48 -1.00 -1.00 0 94.4 
34.58 -1.00 -1.00 0 94.4 
34.69 -1.00 -1.00 0 94.4 
34.80 -1.00 -1.00 0 94.4 
34.91 -1.00 -1.00 0 94.4 
35.02 -1.00 -1.00 0 94.4 
35.12 -1.00 -1.00 0 94.4 
35.25 -1.00 -1.00 0 94.4 
35.36 -1.00 -1.00 0 94.4 
35.46 -1.00 -1.00 0 94.4 
35.57 -1.00 -1.00 0 94.4 
35.65 -1.00 -1.00 0 94.4 
35.75 -1.00 -1.00 0 94.4 
35.85 -1.00 -1.00 0 94.4 
35.96 -1.00 -1.00 0 94.4 
36.06 -1.00 -1.00 0 94.4 
36.15 -1.00 -1.00 0 94.4 
36.27 -1.00 -1.00 0 94.4 
36.36 -1.00 -1.00 0 91.1 
36.47 -1.00 -1.00 0 91.1 
36.56 -1.00 -1.00 0 91.1 
36.68 -1.00 -1.00 0 91.1 
36.78 -1.00 -1.00 0 91.1 
36.91 -1.00 -1.00 0 91.1 
37.02 -1.00 -1.00 0 91.1 
37.13 -1.00 -1.00 0 91.1 
37.26 -1.00 -1.00 0 91.1 
37.36 -1.00 -1.00 0 90.1 
37.47 -1.00 -1.00 0 90.1 
37.59 -1.00 -1.00 0 90.1 
37.69 -1.00 -1.00 0 90.1 
37.78 -1.00 -1.00 0 90.1 
37.90 -1.00 -1.00 0 90.1 
38.04 -1.00 -1.00 0 90.1 
38.17 -1.00 -1.00 0 90.1 
38.28 -1.00 -1.00 0 90.1 
38.39 -1.00 -1.00 0 90.6 
38.49 -1.00 -1.00 0 90.6 
38.59 -1.00 -1.00 0 90.6 
38.68 -1.00 -1.00 0 90.6 
38.77 -1.00 -1.00 0 90.6 
38.87 -1.00 -1.00 0 90.6 
38.99 -1.00 -1.00 0 90.6 
39.08 -1.00 -1.00 0 90.6 
39.20 -1.00 -1.00 0 90.6 
39.36 -1.00 -1.00 0 90.6 
39.45 -1.00 -1.00 0 90.1 
39.55 -1.00 -1.00 0 90.1 
39.65 -1.00 -1.00 0 90.1 
39.75 -1.00 -1.00 0 90.1 
39.86 -1.00 -1.00 0 90.1 
39.97 -1.00 -1.00 0 90.1 
40.07 -1.00 -1.00 0 90.1 
40.17 -1.00 -1.00 0 90.1 
40.29 -1.00 -1.00 0 90.1 
40.40 -1.00 -1.00 0 90.3 
40.51 -1.00 -1.00 0 90.3 
40.62 -1.00 -1.00 0 90.3 
40.74 -1.00 -1.00 0 90.3 
40.82 -1.00 -1.00 0 90.3 
40.94 -1.00 -1.00 0 90.3 
41.03 -1.00 -1.00 0 90.3 
41.14 -1.00 -1.00 0 90.3 
41.26 -1.00 -1.00 0 90.3 
41.36 -1.00 -1.00 0 90.7 
41.46 -1.00 -1.00 0 90.7 
41.55 -1.00 -1.00 0 90.7 
41.66 -1.00 -1.00 0 90.7 
41.75 -1.00 -1.00 0 90.7 
41.85 -1.00 -1.00 0 90.7 
41.94 -1.00 -1.00 0 90.7 
42.06 -1.00 -1.00 0 90.7 
42.18 -1.00 -1.00 0 90.7 
42.34 -1.00 -1.00 0 90.7 
42.45 -1.00 -1.00 0 91.4 
42.54 -1.00 -1.00 0 91.4 
42.64 -1.00 -1.00 0 91.4 
42.74 -1.00 -1.00 0 91.4 
42.85 -1.00 -1.00 0 91.4 
42.96 -1.00 -1.00 0 91.4 
43.07 -1.00 -1.00 0 91.4 
43.18 -1.00 -1.00 0 91.4 
43.32 -1.00 -1.00 0 91.4 
43.42 -1.00 -1.00 0 91.1 
43.53 -1.00 -1.00 0 91.1 
43.64 -1.00 -1.00 0 91.1 
43.74 -1.00 -1.00 0 91.1 
43.87 -1.00 -1.00 0 91.1 
43.98 -1.00 -1.00 0 91.1 
44.09 -1.00 -1.00 0 91.1 
44.18 -1.00 -1.00 0 91.1 
44.33 -1.00 -1.00 0 91.1 
44.43 -1.00 -1.00 0 90.3 
44.54 -1.00 -1.00 0 90.3 
44.65 -1.00 -1.00 0 90.3 
44.78 -1.00 -1.00 0 90.3 
44.91 -1.00 -1.00 0 90.3 
45.05 -1.00 -1.00 0 90.3 
45.18 -1.00 -1.00 0 90.3 
45.33 -1.00 -1.00 0 90.3 
45.44 -1.00 -1.00 0 90.8 
45.53 -1.00 -1.00 0 90.8 
45.64 -1.00 -1.00 0 90.8 
45.74 -1.00 -1.00 0 90.8 
45.84 -1.00 -1.00 0 90.8 
45.93 -1.00 -1.00 0 90.8 
46.05 -1.00 -1.00 0 90.8 
46.16 -1.00 -1.00 0 90.8 
46.25 -1.00 -1.00 0 90.8 
46.36 -1.00 -1.00 0 90.8 
46.49 -1.00 -1.00 0 91.9 
46.59 -1.00 -1.00 0 91.9 
46.69 -1.00 -1.00 0 91.9 
46.79 -1.00 -1.00 0 91.9 
46.88 -1.00 -1.00 0 91.9 
46.99 -1.00 -1.00 1 91.9 
47.12 -1.00 -1.00 0 91.9 
47.23 -1.00 -1.00 0 91.9 
47.36 -1.00 -1.00 0 91.9 
47.46 -1.00 -1.00 0 92.5 
47.55 -1.00 -1.00 0 92.5 
47.66 -1.00 -1.00 0 92.5 
47.76 -1.00 -1.00 0 92.5 
47.88 -1.00 -1.00 1 92.5 
48.00 -1.00 -1.00 0 92.5 
48.09 -1.00 -1.00 0 92.5 
48.21 -1.00 -1.00 0 92.5 
48.35 -1.00 -1.00 0 92.5 
48.46 -1.00 -1.00 0 93.9 
48.56 -1.00 -1.00 0 93.9 
48.66 -1.00 -1.00 0 93.9 
48.77 -1.00 -1.00 0 93.9 
48.88 -1.00 -1.00 0 93.9 
49.00 -1.00 -1.00 0 93.9 
49.12 -1.00 -1.00 0 93.9 
49.23 -1.00 -1.00 0 93.9 
49.37 -1.00 -1.00 0 93.9 
49.46 -1.00 -1.00 0 94.0 
49.59 -1.00 -1.00 0 94.0 
49.72 -1.00 -1.00 0 94.0 
49.83 -1.00 -1.00 0 94.0 
49.96 -1.00 -1.00 0 94.0 
50.12 -1.00 -1.00 0 94.0 
50.24 -1.00 -1.00 0 94.0 
50.37 -1.00 -1.00 0 94.0 
50.52 -1.00 -1.00 0 93.5 
50.65 -1.00 -1.00 0 93.5 
50.78 -1.00 -1.00 0 93.5 
50.91 -1.00 -1.00 0 93.5 
51.04 -1.00 -1.00 0 93.5 
51.15 -1.00 -1.00 0 93.5 
51.33 -1.00 -1.00 0 93.5 
51.45 -1.00 -1.00 0 92.5 
51.57 -1.00 -1.00 0 92.5 
51.67 -1.00 -1.00 0 92.5 
51.79 -1.00 -1.00 0 92.5 
51.92 -1.00 -1.00 0 92.5 
52.19 -1.00 -1.00 0 92.5 
52.33 -1.00 -1.00 0 92.5 
52.46 -1.00 -1.00 0 92.4 
52.58 -1.00 -1.00 0 92.4 
52.71 -1.00 -1.00 0 92.4 
52.84 -1.00 -1.00 0 92.4 
52.98 -1.00 -1.00 0 92.4 
53.08 -1.00 -1.00 0 92.4 
53.23 -1.00 -1.00 0 92.4 
53.38 -1.00 -1.00 0 92.4 
53.51 -1.00 -1.00 0 92.7 
53.63 -1.00 -1.00 0 92.7 
53.74 -1.00 -1.00 0 92.7 
53.85 -1.00 -1.00 0 92.7 
53.99 -1.00 -1.00 0 92.7 
54.11 -1.00 -1.00 0 92.7 
54.28 -1.00 -1.00 0 92.7 
54.41 -1.00 -1.00 0 91.9 
54.54 -1.00 -1.00 0 91.9 
54.67 -1.00 -1.00 0 91.9 
54.78 -1.00 -1.00 0 91.9 
54.91 -1.00 -1.00 0 91.9 
55.03 -1.00 -1.00 0 91.9 
55.16 -1.00 -1.00 0 91.9 
55.34 -1.00 -1.00 0 91.9 
55.47 -1.00 -1.00 0 90.4 
55.60 -1.00 -1.00 0 90.4 
55.71 -1.00 -1.00 0 90.4 
55.85 -1.00 -1.00 0 90.4 
55.99 -1.00 -1.00 0 90.4 
56.13 -1.00 -1.00 0 90.4 
56.26 -1.00 -1.00 0 90.4 
56.41 -1.00 -1.00 0 90.4 
56.53 -1.00 -1.00 0 89.6 
56.65 -1.00 -1.00 0 89.6 
56.75 -1.00 -1.00 0 89.6 
56.88 -1.00 -1.00 0 89.6 
57.04 -1.00 -1.00 0 89.6 
57.15 -1.00 -1.00 0 89.6 
57.33 -1.00 -1.00 0 89.6 
57.46 -1.00 -1.00 0 89.2 
57.60 -1.00 -1.00 0 89.2 
57.74 -1.00 -1.00 0 89.2 
57.86 -1.00 -1.00 0 89.2 
58.00 -1.00 -1.00 0 89.2 
58.12 -1.00 -1.00 0 89.2 
58.30 -1.00 -1.00 0 89.2 
58.41 -1.00 -1.00 0 88.6 
58.53 -1.00 -1.00 0 88.6 
58.68 -1.00 -1.00 0 88.6 
58.81 -1.00 -1.00 0 88.6 
58.91 -1.00 -1.00 0 88.6 
59.03 -1.00 -1.00 0 88.6 
59.17 -1.00 -1.00 0 88.6 
59.33 -1.00 -1.00 0 88.6 
59.45 -1.00 -1.00 0 88.5 
59.59 -1.00 -1.00 0 88.5 
59.73 -1.00 -1.00 0 88.5 
59.86 -1.00 -1.00 0 88.5 
60.01 -1.00 -1.00 0 88.5 
60.15 -1.00 -1.00 0 88.5 
60.31 -1.00 -1.00 0 88.5 
60.43 -1.00 -1.00 0 87.3 
60.57 -1.00 -1.00 0 87.3 
60.73 -1.00 -1.00 0 87.3 
60.88 -1.00 -1.00 0 87.3 
60.99 -1.00 -1.00 0 87.3 
61.10 -1.00 -1.00 0 87.3 
61.25 -1.00 -1.00 0 87.3 
61.42 -1.00 -1.00 0 87.3 
61.52 -1.00 -1.00 0 87.5 
61.66 -1.00 -1.00 0 87.5 
61.84 -1.00 -1.00 0 87.5 
62.13 -1.00 -1.00 0 87.5 
62.25 -1.00 -1.00 0 87.5 
62.41 -1.00 -1.00 0 87.5 
62.55 -1.00 -1.00 0 86.3 
62.68 -1.00 -1.00 0 86.3 
62.79 -1.00 -1.00 0 86.3 
62.95 -1.00 -1.00 0 86.3 
63.09 -1.00 -1.00 0 86.3 
63.24 -1.00 -1.00 0 86.3 
63.43 -1.00 -1.00 0 86.3 
63.56 -1.00 -1.00 0 87.3 
63.72 -1.00 -1.00 0 87.3 
63.85 -1.00 -1.00 0 87.3 
64.00 -1.00 -1.00 0 87.3 
64.14 -1.00 -1.00 0 87.3 
64.32 -1.00 -1.00 0 87.3 
64.43 -1.00 -1.00 0 87.4 
64.57 -1.00 -1.00 0 87.4 
64.71 -1.00 -1.00 0 87.4 
64.82 -1.00 -1.00 0 87.4 
64.93 -1.00 -1.00 0 87.4 
65.05 -1.00 -1.00 0 87.4 
65.20 -1.00 -1.00 0 87.4 
65.32 -1.00 -1.00 0 87.4 
65.50 -1.00 -1.00 0 87.4 
65.63 -1.00 -1.00 0 87.3 
65.77 -1.00 -1.00 0 87.3 
65.91 -1.00 -1.00 0 87.3 
66.06 -1.00 -1.00 0 87.3 
66.19 -1.00 -1.00 0 87.3 
66.38 -1.00 -1.00 0 87.3 
66.50 -1.00 -1.00 0 87.0 
66.64 -1.00 -1.00 0 87.0 
66.79 -1.00 -1.00 0 87.0 
66.95 -1.00 -1.00 0 87.0 
67.06 -1.00 -1.00 0 87.0 
67.20 -1.00 -1.00 0 87.0 
67.33 -1.00 -1.00 0 87.0 
67.51 -1.00 -1.00 0 88.3 
67.64 -1.00 -1.00 0 88.3 
67.79 -1.00 -1.00 0 88.3 
67.92 -1.00 -1.00 0 88.3 
68.07 -1.00 -1.00 0 88.3 
68.19 -1.00 -1.00 0 88.3 
68.35 -1.00 -1.00 0 88.3 
68.50 -1.00 -1.00 0 88.8 
68.63 -1.00 -1.00 0 88.8 
68.78 -1.00 -1.00 0 88.8 
68.89 -1.00 -1.00 0 88.8 
69.03 -1.00 -1.00 0 88.8 
69.18 -1.00 -1.00 0 88.8 
69.31 -1.00 -1.00 0 88.8 
69.48 -1.00 -1.00 0 89.2 
69.60 -1.00 -1.00 0 89.2 
69.74 -1.00 -1.00 0 89.2 
69.87 -1.00 -1.00 0 89.2 
69.98 -1.00 -1.00 0 89.2 
70.14 -1.00 -1.00 0 89.2 
70.29 -1.00 -1.00 0 89.2 
70.44 -1.00 -1.00 0 90.1 
70.57 -1.00 -1.00 0 90.1 
70.73 -1.00 -1.00 0 90.1 
70.87 -1.00 -1.00 0 90.1 
71.01 -1.00 -1.00 0 90.1 
71.15 -1.00 -1.00 0 90.1 
71.34 -1.00 -1.00 0 90.1 
71.46 -1.00 -1.00 0 91.0 
71.59 -1.00 -1.00 0 91.0 
71.71 -1.00 -1.00 0 91.0 
71.84 -1.00 -1.00 0 91.0 
71.95 -1.00 -1.00 0 91.0 
72.29 -1.00 -1.00 0 91.0 
72.42 -1.00 -1.00 0 91.0 
72.57 -1.00 -1.00 0 91.0 
72.70 -1.00 -1.00 0 91.0 
72.84 -1.00 -1.00 0 91.0 
72.97 -1.00 -1.00 0 91.0 
73.12 -1.00 -1.00 0 91.0 
73.23 -1.00 -1.00 0 91.0 
73.39 -1.00 -1.00 0 91.0 
73.53 -1.00 -1.00 0 89.6 
73.68 -1.00 -1.00 0 89.6 
73.79 -1.00 -1.00 0 89.6 
73.93 -1.00 -1.00 0 89.6 
74.08 -1.00 -1.00 0 89.6 
74.20 -1.00 -1.00 0 89.6 
74.38 -1.00 -1.00 0 89.6 
74.50 -1.00 -1.00 0 89.6 
74.60 -1.00 -1.00 0 89.6 
74.74 -1.00 -1.00 0 89.6 
74.86 -1.00 -1.00 0 89.6 
75.00 -1.00 -1.00 0 89.6 
75.12 -1.00 -1.00 0 89.6 
75.29 -1.00 -1.00 0 89.6 
75.42 -1.00 -1.00 0 90.6 
75.56 -1.00 -1.00 0 90.6 
75.67 -1.00 -1.00 0 90.6 
75.80 -1.00 -1.00 0 90.6 
75.92 -1.00 -1.00 0 90.6 
76.06 -1.00 -1.00 0 90.6 
76.19 -1.00 -1.00 0 90.6 
76.35 -1.00 -1.00 0 90.6 
76.46 -1.00 -1.00 0 91.8 
76.61 -1.00 -1.00 0 91.8 
76.75 -1.00 -1.00 0 91.8 
76.89 -1.00 -1.00 0 91.8 
77.03 -1.00 -1.00 0 91.8 
77.17 -1.00 -1.00 0 91.8 
77.35 -1.00 -1.00 0 91.8 
77.47 -1.00 -1.00 0 91.7 
77.62 -1.00 -1.00 0 91.7 
77.73 -1.00 -1.00 0 91.7 
77.87 -1.00 -1.00 0 91.7 
78.02 -1.00 -1.00 0 91.7 
78.13 -1.00 -1.00 0 91.7 
78.33 -1.00 -1.00 0 91.7 
78.46 -1.00 -1.00 0 92.3 
78.62 -1.00 -1.00 0 92.3 
78.74 -1.00 -1.00 0 92.3 
78.89 -1.00 -1.00 0 92.3 
79.01 -1.00 -1.00 0 92.3 
79.15 -1.00 -1.00 0 92.3 
79.29 -1.00 -1.00 0 92.3 
79.42 -1.00 -1.00 0 92.2 
79.53 -1.00 -1.00 0 92.2 
79.67 -1.00 -1.00 0 92.2 
79.80 -1.00 -1.00 0 92.2 
79.94 -1.00 -1.00 0 92.2 
80.07 -1.00 -1.00 0 92.2 
80.21 -1.00 -1.00 0 92.2 
80.37 -1.00 -1.00 0 92.2 
80.51 -1.00 -1.00 0 92.7 
80.67 -1.00 -1.00 0 92.7 
80.83 -1.00 -1.00 0 92.7 
81.00 -1.00 -1.00 0 92.7 
81.15 -1.00 -1.00 0 92.7 
81.27 -1.00 -1.00 0 92.7 
81.43 -1.00 -1.00 0 92.7 
81.54 -1.00 -1.00 0 91.4 
81.64 -1.00 -1.00 0 91.4 
81.77 -1.00 -1.00 0 91.4 
81.90 -1.00 -1.00 0 91.4 
82.05 -1.00 -1.00 0 91.4 
82.19 -1.00 -1.00 0 91.4 
82.37 -1.00 -1.00 0 91.4 
82.50 -1.00 -1.00 0 90.4 
82.63 -1.00 -1.00 0 90.4 
82.76 -1.00 -1.00 0 90.4 
82.88 -1.00 -1.00 0 90.4 
83.00 -1.00 -1.00 0 90.4 
83.11 -1.00 -1.00 1 90.4 
83.26 -1.00 -1.00 1 90.4 
83.44 -1.00 -1.00 1 90.4 
83.58 -1.00 -1.00 1 90.4 
83.73 -1.00 -1.00 0 90.4 
83.87 -1.00 -1.00 0 90.4 
84.01 -1.00 -1.00 0 90.4 
84.16 -1.00 -1.00 0 90.4 
84.33 -1.00 -1.00 0 90.4 
84.47 -1.00 -1.00 0 89.4 
84.60 -1.00 -1.00 0 89.4 
84.73 -1.00 -1.00 0 89.4 
84.89 -1.00 -1.00 0 89.4 
85.04 -1.00 -1.00 0 89.4 
85.16 -1.00 -1.00 0 89.4 
85.29 -1.00 -1.00 0 89.4 
85.43 -1.00 -1.00 0 88.6 
85.55 -1.00 -1.00 0 88.6 
85.70 -1.00 -1.00 0 88.6 
85.83 -1.00 -1.00 0 88.6 
85.97 -1.00 -1.00 0 88.6 
86.10 -1.00 -1.00 0 88.6 
86.26 -1.00 -1.00 0 88.6 
86.41 -1.00 -1.00 0 87.7 
86.54 -1.00 -1.00 0 87.7 
86.69 -1.00 -1.00 0 87.7 
86.82 -1.00 -1.00 0 87.7 
86.95 -1.00 -1.00 0 87.7 
87.08 -1.00 -1.00 0 87.7 
87.20 -1.00 -1.00 0 87.7 
87.30 -1.00 -1.00 0 87.7 
87.46 -1.00 -1.00 0 87.7 
87.56 -1.00 -1.00 0 87.4 
87.72 -1.00 -1.00 1 87.4 
87.87 -1.00 -1.00 0 87.4 
88.04 -1.00 -1.00 0 87.4 
88.18 -1.00 -1.00 0 87.4 
88.38 -1.00 -1.00 0 87.4 
88.51 -1.00 -1.00 0 87.6 
88.61 -1.00 -1.00 0 87.6 
88.74 -1.00 -1.00 0 87.6 
88.87 -1.00 -1.00 0 87.6 
89.01 -1.00 -1.00 0 87.6 
89.16 -1.00 -1.00 0 87.6 
89.33 -1.00 -1.00 0 87.6 
89.46 -1.00 -1.00 0 89.2 
89.57 -1.00 -1.00 0 89.2 
89.68 -1.00 -1.00 0 89.2 
89.82 -1.00 -1.00 0 89.2 
89.97 -1.00 -1.00 0 89.2 
90.12 -1.00 -1.00 0 89.2 
90.29 -1.00 -1.00 0 89.2 
90.43 -1.00 -1.00 0 88.7 
90.58 -1.00 -1.00 0 88.7 
90.71 -1.00 -1.00 0 88.7 
90.86 -1.00 -1.00 0 88.7 
90.99 -1.00 -1.00 0 88.7 
91.13 -1.00 -1.00 0 88.7 
91.28 -1.00 -1.00 0 88.7 
91.45 -1.00 -1.00 0 87.9 
91.57 -1.00 -1.00 0 87.9 
91.67 -1.00 -1.00 0 87.9 
91.81 -1.00 -1.00 0 87.9 
91.93 -1.00 -1.00 0 87.9 
92.20 -1.00 -1.00 0 87.9 
92.38 -1.00 -1.00 0 87.9 
92.52 -1.00 -1.00 0 87.7 
92.64 -1.00 -1.00 0 87.7 
92.78 -1.00 -1.00 1 87.7 
92.92 -1.00 -1.00 0 87.7 
93.07 -1.00 -1.00 0 87.7 
93.20 -1.00 -1.00 0 87.7 
93.35 -1.00 -1.00 0 87.7 
93.48 -1.00 -1.00 0 89.3 
93.61 -1.00 -1.00 0 89.3 
93.75 -1.00 -1.00 0 89.3 
93.87 -1.00 -1.00 0 89.3 
94.00 -1.00 -1.00 0 89.3 
94.15 -1.00 -1.00 0 89.3 
94.29 -1.00 -1.00 0 89.3 
94.42 -1.00 -1.00 0 90.0 
94.55 -1.00 -1.00 0 90.0 
94.70 -1.00 -1.00 0 90.0 
94.84 -1.00 -1.00 0 90.0 
94.95 -1.00 -1.00 0 90.0 
95.08 -1.00 -1.00 0 90.0 
95.22 -1.00 -1.00 0 90.0 
95.39 -1.00 -1.00 0 90.0 
95.50 -1.00 -1.00 0 89.7 
95.64 -1.00 -1.00 0 89.7 
95.78 -1.00 -1.00 0 89.7 
95.88 -1.00 -1.00 0 89.7 
96.02 -1.00 -1.00 0 89.7 
96.15 -1.00 -1.00 0 89.7 
96.33 -1.00 -1.00 0 89.7 
96.47 -1.00 -1.00 0 90.4 
96.58 -1.00 -1.00 0 90.4 
96.73 -1.00 -1.00 0 90.4 
96.84 -1.00 -1.00 0 90.4 
96.99 -1.00 -1.00 0 90.4 
97.11 -1.00 -1.00 0 90.4 
97.29 -1.00 -1.00 0 90.4 
97.44 -1.00 -1.00 0 90.6 
97.58 -1.00 -1.00 0 90.6 
97.71 -1.00 -1.00 0 90.6 
97.84 -1.00 -1.00 0 90.6 
97.97 -1.00 -1.00 0 90.6 
98.10 -1.00 -1.00 0 90.6 
98.20 -1.00 -1.00 0 90.6 
98.39 -1.00 -1.00 0 90.6 
98.50 -1.00 -1.00 0 90.1 
98.65 -1.00 -1.00 0 90.1 
98.77 -1.00 -1.00 0 90.1 
98.91 -1.00 -1.00 0 90.1 
99.03 -1.00 -1.00 0 90.1 
99.17 -1.00 -1.00 0 90.1 
99.35 -1.00 -1.00 0 90.1 
99.47 -1.00 -1.00 0 90.0 
99.59 -1.00 -1.00 0 90.0 
99.73 -1.00 -1.00 0 90.0 
99.85 -1.00 -1.00 0 90.0 
99.99 -1.00 -1.00 0 90.0 
100.10 -1.00 -1.00 0 90.0 
100.22 -1.00 -1.00 0 90.0 
100.36 -1.00 -1.00 0 90.0 
100.50 -1.00 -1.00 0 89.2 
100.60 -1.00 -1.00 0 89.2 
100.72 -1.00 -1.00 0 89.2 
100.84 -1.00 -1.00 0 89.2 
100.95 -1.00 -1.00 0 89.2 
101.05 -1.00 -1.00 0 89.2 
101.16 -1.00 -1.00 0 89.2 
101.29 -1.00 -1.00 0 89.2 
101.43 -1.00 -1.00 0 89.3 
101.53 -1.00 -1.00 0 89.3 
101.64 -1.00 -1.00 0 89.3 
101.76 -1.00 -1.00 0 89.3 
101.86 -1.00 -1.00 0 89.3 
101.96 -1.00 -1.00 0 89.3 
102.11 -1.00 -1.00 0 89.3 
102.25 -1.00 -1.00 0 89.3 
102.40 -1.00 -1.00 0 89.8 
102.50 -1.00 -1.00 0 89.8 
102.59 -1.00 -1.00 0 89.8 
102.73 -1.00 -1.00 0 89.8 
102.85 -1.00 -1.00 0 89.8 
102.99 -1.00 -1.00 0 89.8 
103.10 -1.00 -1.00 0 89.8 
103.19 -1.00 -1.00 0 89.8 
103.35 -1.00 -1.00 0 89.8 
103.47 -1.00 -1.00 0 90.1 
103.60 -1.00 -1.00 0 90.1 
103.71 -1.00 -1.00 0 90.1 
103.84 -1.00 -1.00 0 90.1 
103.98 -1.00 -1.00 0 90.1 
104.11 -1.00 -1.00 0 90.1 
104.28 -1.00 -1.00 0 90.1 
104.43 -1.00 -1.00 0 89.6 
104.53 -1.00 -1.00 0 89.6 
104.65 -1.00 -1.00 0 89.6 
104.77 -1.00 -1.00 0 89.6 
104.90 -1.00 -1.00 0 89.6 
105.01 -1.00 -1.00 0 89.6 
105.11 -1.00 -1.00 0 89.6 
105.26 -1.00 -1.00 0 89.6 
105.37 -1.00 -1.00 0 89.5 
105.50 -1.00 -1.00 0 89.5 
105.63 -1.00 -1.00 0 89.5 
105.74 -1.00 -1.00 0 89.5 
105.88 -1.00 -1.00 1 89.5 
106.01 -1.00 -1.00 0 89.5 
106.15 -1.00 -1.00 0 89.5 
106.31 -1.00 -1.00 0 89.5 
106.43 -1.00 -1.00 0 89.5 
106.57 -1.00 -1.00 0 89.5 
106.68 -1.00 -1.00 0 89.5 
106.80 -1.00 -1.00 0 89.5 
106.95 -1.00 -1.00 0 89.5 
107.07 -1.00 -1.00 0 89.5 
107.22 -1.00 -1.00 0 89.5 
107.39 -1.00 -1.00 0 89.5 
107.50 -1.00 -1.00 0 89.3 
107.64 -1.00 -1.00 0 89.3 
107.80 -1.00 -1.00 0 89.3 
107.92 -1.00 -1.00 0 89.3 
108.06 -1.00 -1.00 0 89.3 
108.21 -1.00 -1.00 0 89.3 
108.38 -1.00 -1.00 0 89.3 
108.50 -1.00 -1.00 0 89.6 
108.61 -1.00 -1.00 0 89.6 
108.76 -1.00 -1.00 0 89.6 
108.88 -1.00 -1.00 0 89.6 
109.02 -1.00 -1.00 0 89.6 
109.16 -1.00 -1.00 0 89.6 
109.30 -1.00 -1.00 0 89.6 
109.43 -1.00 -1.00 0 90.1 
109.56 -1.00 -1.00 0 90.1 
109.67 -1.00 -1.00 0 90.1 
109.81 -1.00 -1.00 0 90.1 
109.94 -1.00 -1.00 0 90.1 
110.07 -1.00 -1.00 0 90.1 
110.17 -1.00 -1.00 0 90.1 
110.33 -1.00 -1.00 0 90.1 
110.46 -1.00 -1.00 0 89.1 
110.58 -1.00 -1.00 0 89.1 
110.72 -1.00 -1.00 0 89.1 
110.85 -1.00 -1.00 0 89.1 
110.99 -1.00 -1.00 0 89.1 
111.13 -1.00 -1.00 0 89.1 
111.28 -1.00 -1.00 0 89.1 
111.43 -1.00 -1.00 0 88.7 
111.55 -1.00 -1.00 0 88.7 
111.70 -1.00 -1.00 0 88.7 
111.84 -1.00 -1.00 0 88.7 
111.98 -1.00 -1.00 0 88.7 
112.12 -1.00 -1.00 0 88.7 
112.33 -1.00 -1.00 0 88.7 
112.45 -1.00 -1.00 0 88.1 
112.61 -1.00 -1.00 0 88.1 
112.73 -1.00 -1.00 0 88.1 
112.84 -1.00 -1.00 0 88.1 
113.00 -1.00 -1.00 0 88.1 
113.15 -1.00 -1.00 0 88.1 
113.31 -1.00 -1.00 0 88.1 
113.47 -1.00 -1.00 0 87.9 
113.59 -1.00 -1.00 0 87.9 
113.70 -1.00 -1.00 0 87.9 
113.83 -1.00 -1.00 0 87.9 
113.96 -1.00 -1.00 0 87.9 
114.12 -1.00 -1.00 0 87.9 
114.28 -1.00 -1.00 0 87.9 
114.43 -1.00 -1.00 0 87.8 
114.57 -1.00 -1.00 0 87.8 
114.70 -1.00 -1.00 0 87.8 
114.82 -1.00 -1.00 0 87.8 
114.95 -1.00 -1.00 0 87.8 
115.09 -1.00 -1.00 0 87.8 
115.26 -1.00 -1.00 0 87.8 
115.40 -1.00 -1.00 0 88.1 
115.55 -1.00 -1.00 0 88.1 
115.69 -1.00 -1.00 0 88.1 
115.83 -1.00 -1.00 0 88.1 
115.97 -1.00 -1.00 0 88.1 
116.13 -1.00 -1.00 0 88.1 
116.26 -1.00 -1.00 0 88.1 
116.44 -1.00 -1.00 0 88.1 
116.58 -1.00 -1.00 0 87.8 
116.71 -1.00 -1.00 0 87.8 
116.85 -1.00 -1.00 0 87.8 
116.99 -1.00 -1.00 0 87.8 
117.13 -1.00 -1.00 0 87.8 
117.36 -1.00 -1.00 0 87.8 
117.54 -1.00 -1.00 0 87.2 
117.70 -1.00 -1.00 0 87.2 
117.87 -1.00 -1.00 0 87.2 
118.00 -1.00 -1.00 0 87.2 
118.15 -1.00 -1.00 0 87.2 
118.35 -1.00 -1.00 0 87.2 
118.53 -1.00 -1.00 0 88.8 
118.70 -1.00 -1.00 0 88.8 
118.84 -1.00 -1.00 0 88.8 
119.00 -1.00 -1.00 0 88.8 
119.18 -1.00 -1.00 0 88.8 
119.40 -1.00 -1.00 0 88.8 
119.58 -1.00 -1.00 1 88.3 
119.74 -1.00 -1.00 1 88.3 
119.93 -1.00 -1.00 0 88.3 
120.14 -1.00 -1.00 0 88.3 
120.36 -1.00 -1.00 0 88.3 
120.51 -1.00 -1.00 0 88.0 
120.69 -1.00 -1.00 1 88.0 
120.86 -1.00 -1.00 1 88.0 
121.06 -1.00 -1.00 1 88.0 
121.21 -1.00 -1.00 1 88.0 
121.43 -1.00 -1.00 1 88.0 
121.58 -1.00 -1.00 1 88.3 
121.74 -1.00 -1.00 0 88.3 
121.86 -1.00 -1.00 0 88.3 
122.01 -1.00 -1.00 0 88.3 
122.34 -1.00 -1.00 0 88.3 
122.52 -1.00 -1.00 0 88.8 
122.68 -1.00 -1.00 0 88.8 
122.84 -1.00 -1.00 0 88.8 
123.01 -1.00 -1.00 0 88.8 
123.13 -1.00 -1.00 0 88.8 
123.35 -1.00 -1.00 0 88.8 
123.49 -1.00 -1.00 0 88.3 
123.66 -1.00 -1.00 0 88.3 
123.82 -1.00 -1.00 0 88.3 
123.96 -1.00 -1.00 0 88.3 
124.08 -1.00 -1.00 0 88.3 
124.24 -1.00 -1.00 0 88.3 
124.46 -1.00 -1.00 0 88.3 
124.60 -1.00 -1.00 0 87.2 
124.78 -1.00 -1.00 1 87.2 
124.97 -1.00 -1.00 0 87.2 
125.10 -1.00 -1.00 0 87.2 
125.30 -1.00 -1.00 0 87.2 
125.46 -1.00 -1.00 0 87.8 
125.60 -1.00 -1.00 0 87.8 
125.75 -1.00 -1.00 0 87.8 
125.92 -1.00 -1.00 0 87.8 
126.10 -1.00 -1.00 0 87.8 
126.30 -1.00 -1.00 0 87.8 
126.45 -1.00 -1.00 0 87.2 
126.59 -1.00 -1.00 0 87.2 
126.72 -1.00 -1.00 0 87.2 
126.90 -1.00 -1.00 0 87.2 
127.04 -1.00 -1.00 0 87.2 
127.19 -1.00 -1.00 0 87.2 
127.38 -1.00 -1.00 0 87.2 
127.51 -1.00 -1.00 0 85.2 
127.66 -1.00 -1.00 0 85.2 
127.82 -1.00 -1.00 0 85.2 
127.97 -1.00 -1.00 0 85.2 
128.13 -1.00 -1.00 0 85.2 
128.33 -1.00 -1.00 0 85.2 
128.46 -1.00 -1.00 0 83.8 
128.59 -1.00 -1.00 0 83.8 
128.72 -1.00 -1.00 0 83.8 
128.83 -1.00 -1.00 0 83.8 
128.98 -1.00 -1.00 0 83.8 
129.11 -1.00 -1.00 0 83.8 
129.23 -1.00 -1.00 0 83.8 
129.38 -1.00 -1.00 0 83.8 
129.52 -1.00 -1.00 0 82.9 
129.65 -1.00 -1.00 0 82.9 
129.79 -1.00 -1.00 0 82.9 
129.91 -1.00 -1.00 0 82.9 
130.07 -1.00 -1.00 0 82.9 
130.19 -1.00 -1.00 0 82.9 
130.36 -1.00 -1.00 0 82.9 
130.51 -1.00 -1.00 0 82.8 
130.62 -1.00 -1.00 0 82.8 
130.77 -1.00 -1.00 0 82.8 
130.90 -1.00 -1.00 0 82.8 
131.03 -1.00 -1.00 0 82.8 
131.16 -1.00 -1.00 0 82.8 
131.34 -1.00 -1.00 0 82.8 
131.48 -1.00 -1.00 0 82.3 
131.63 -1.00 -1.00 0 82.3 
131.77 -1.00 -1.00 0 82.3 
131.93 -1.00 -1.00 0 82.3 
132.31 -1.00 -1.00 0 82.3 
132.47 -1.00 -1.00 0 84.3 
132.60 -1.00 -1.00 0 84.3 
132.75 -1.00 -1.00 0 84.3 
132.86 -1.00 -1.00 0 84.3 
132.97 -1.00 -1.00 0 84.3 
133.11 -1.00 -1.00 0 84.3 
133.23 -1.00 -1.00 0 84.3 
133.40 -1.00 -1.00 0 84.3 
133.56 -1.00 -1.00 0 85.9 
133.69 -1.00 -1.00 0 85.9 
133.83 -1.00 -1.00 0 85.9 
133.97 -1.00 -1.00 0 85.9 
134.12 -1.00 -1.00 0 85.9 
134.31 -1.00 -1.00 0 85.9 
134.44 -1.00 -1.00 0 86.8 
134.58 -1.00 -1.00 0 86.8 
134.74 -1.00 -1.00 0 86.8 
134.87 -1.00 -1.00 0 86.8 
134.99 -1.00 -1.00 0 86.8 
135.14 -1.00 -1.00 0 86.8 
135.30 -1.00 -1.00 0 86.8 
135.44 -1.00 -1.00 0 87.3 
135.58 -1.00 -1.00 0 87.3 
135.74 -1.00 -1.00 0 87.3 
135.87 -1.00 -1.00 0 87.3 
136.03 -1.00 -1.00 0 87.3 
136.18 -1.00 -1.00 0 87.3 
136.33 -1.00 -1.00 0 87.3 
136.48 -1.00 -1.00 0 85.9 
136.60 -1.00 -1.00 0 85.9 
136.75 -1.00 -1.00 0 85.9 
136.87 -1.00 -1.00 0 85.9 
137.01 -1.00 -1.00 0 85.9 
137.13 -1.00 -1.00 0 85.9 
137.31 -1.00 -1.00 0 85.9 
137.44 -1.00 -1.00 0 86.9 
137.58 -1.00 -1.00 0 86.9 
137.68 -1.00 -1.00 0 86.9 
137.81 -1.00 -1.00 0 86.9 
137.97 -1.00 -1.00 0 86.9 
138.10 -1.00 -1.00 0 86.9 
138.24 -1.00 -1.00 0 86.9 
138.39 -1.00 -1.00 0 86.9 
138.54 -1.00 -1.00 0 87.3 
138.70 -1.00 -1.00 0 87.3 
138.83 -1.00 -1.00 0 87.3 
138.95 -1.00 -1.00 0 87.3 
139.11 -1.00 -1.00 0 87.3 
139.24 -1.00 -1.00 0 87.3 
139.41 -1.00 -1.00 0 87.3 
139.57 -1.00 -1.00 0 87.5 
139.71 -1.00 -1.00 0 87.5 
139.87 -1.00 -1.00 0 87.5 
140.04 -1.00 -1.00 0 87.5 
140.17 -1.00 -1.00 0 87.5 
140.32 -1.00 -1.00 0 87.5 
140.45 -1.00 -1.00 0 87.3 
140.59 -1.00 -1.00 0 87.3 
140.74 -1.00 -1.00 0 87.3 
140.86 -1.00 -1.00 0 87.3 
141.01 -1.00 -1.00 0 87.3 
141.13 -1.00 -1.00 0 87.3 
141.30 -1.00 -1.00 0 87.3 
141.46 -1.00 -1.00 0 87.6 
141.59 -1.00 -1.00 0 87.6 
141.75 -1.00 -1.00 0 87.6 
141.91 -1.00 -1.00 0 87.6 
142.04 -1.00 -1.00 0 87.6 
142.18 -1.00 -1.00 0 87.6 
142.35 -1.00 -1.00 0 87.6 
142.47 -1.00 -1.00 0 87.4 
142.60 -1.00 -1.00 0 87.4 
142.75 -1.00 -1.00 0 87.4 
142.87 -1.00 -1.00 0 87.4 
143.02 -1.00 -1.00 0 87.4 
143.14 -1.00 -1.00 0 87.4 
143.32 -1.00 -1.00 0 87.4 
143.46 -1.00 -1.00 0 88.1 
143.59 -1.00 -1.00 0 88.1 
143.74 -1.00 -1.00 0 88.1 
143.91 -1.00 -1.00 0 88.1 
144.04 -1.00 -1.00 0 88.1 
144.18 -1.00 -1.00 0 88.1 
144.30 -1.00 -1.00 0 88.1 
144.47 -1.00 -1.00 0 88.3 
144.60 -1.00 -1.00 0 88.3 
144.74 -1.00 -1.00 0 88.3 
144.88 -1.00 -1.00 0 88.3 
145.03 -1.00 -1.00 0 88.3 
145.20 -1.00 -1.00 0 88.3 
145.34 -1.00 -1.00 0 88.3 
145.48 -1.00 -1.00 0 87.0 
145.62 -1.00 -1.00 0 87.0 
145.76 -1.00 -1.00 0 87.0 
145.90 -1.00 -1.00 0 87.0 
146.04 -1.00 -1.00 0 87.0 
146.17 -1.00 -1.00 0 87.0 
146.34 -1.00 -1.00 0 87.0 
146.50 -1.00 -1.00 0 86.0 
146.63 -1.00 -1.00 0 86.0 
146.74 -1.00 -1.00 0 86.0 
146.89 -1.00 -1.00 0 86.0 
147.03 -1.00 -1.00 0 86.0 
147.18 -1.00 -1.00 0 86.0 
147.34 -1.00 -1.00 0 86.0 
147.47 -1.00 -1.00 0 85.1 
147.62 -1.00 -1.00 0 85.1 
147.74 -1.00 -1.00 0 85.1 
147.89 -1.00 -1.00 0 85.1 
148.03 -1.00 -1.00 0 85.1 
148.18 -1.00 -1.00 0 85.1 
148.36 -1.00 -1.00 0 85.1 
148.50 -1.00 -1.00 0 83.9 
148.63 -1.00 -1.00 0 83.9 
148.74 -1.00 -1.00 0 83.9 
148.89 -1.00 -1.00 0 83.9 
149.01 -1.00 -1.00 0 83.9 
149.15 -1.00 -1.00 1 83.9 
149.31 -1.00 -1.00 0 83.9 
149.41 -1.00 -1.00 0 83.1 
149.56 -1.00 -1.00 0 83.1 
149.67 -1.00 -1.00 0 83.1 
149.79 -1.00 -1.00 0 83.1 
149.91 -1.00 -1.00 0 83.1 
150.06 -1.00 -1.00 0 83.1 
150.17 -1.00 -1.00 0 83.1 
150.36 -1.00 -1.00 0 83.1 
150.51 -1.00 -1.00 0 83.0 
150.64 -1.00 -1.00 0 83.0 
150.77 -1.00 -1.00 0 83.0 
150.88 -1.00 -1.00 0 83.0 
151.00 -1.00 -1.00 0 83.0 
151.14 -1.00 -1.00 0 83.0 
151.30 -1.00 -1.00 0 83.0 
151.42 -1.00 -1.00 0 84.7 
151.56 -1.00 -1.00 0 84.7 
151.68 -1.00 -1.00 0 84.7 
151.80 -1.00 -1.00 0 84.7 
151.94 -1.00 -1.00 0 84.7 
152.20 -1.00 -1.00 0 84.7 
152.30 -1.00 -1.00 0 84.7 
152.47 -1.00 -1.00 0 84.7 
152.61 -1.00 -1.00 0 87.1 
152.76 -1.00 -1.00 0 87.1 
152.88 -1.00 -1.00 0 87.1 
153.04 -1.00 -1.00 0 87.1 
153.18 -1.00 -1.00 0 87.1 
153.37 -1.00 -1.00 0 87.1 
153.55 -1.00 -1.00 0 86.7 
153.67 -1.00 -1.00 0 86.7 
153.81 -1.00 -1.00 0 86.7 
153.95 -1.00 -1.00 0 86.7 
154.09 -1.00 -1.00 0 86.7 
154.20 -1.00 -1.00 0 86.7 
154.33 -1.00 -1.00 0 86.7 
154.46 -1.00 -1.00 0 88.2 
154.56 -1.00 -1.00 0 88.2 
154.68 -1.00 -1.00 0 88.2 
154.80 -1.00 -1.00 0 88.2 
154.93 -1.00 -1.00 0 88.2 
155.04 -1.00 -1.00 0 88.2 
155.18 -1.00 -1.00 0 88.2 
155.33 -1.00 -1.00 0 88.2 
155.46 -1.00 -1.00 0 87.9 
155.58 -1.00 -1.00 0 87.9 
155.71 -1.00 -1.00 0 87.9 
155.85 -1.00 -1.00 0 87.9 
155.97 -1.00 -1.00 0 87.9 
156.12 -1.00 -1.00 0 87.9 
156.24 -1.00 -1.00 0 87.9 
156.40 -1.00 -1.00 0 87.9 
156.52 -1.00 -1.00 0 87.7 
156.64 -1.00 -1.00 0 87.7 
156.75 -1.00 -1.00 0 87.7 
156.87 -1.00 -1.00 0 87.7 
157.02 -1.00 -1.00 0 87.7 
157.14 -1.00 -1.00 0 87.7 
157.32 -1.00 -1.00 0 87.7 
157.43 -1.00 -1.00 0 88.1 
157.56 -1.00 -1.00 0 88.1 
157.67 -1.00 -1.00 0 88.1 
157.76 -1.00 -1.00 0 88.1 
157.89 -1.00 -1.00 0 88.1 
158.00 -1.00 -1.00 0 88.1 
158.13 -1.00 -1.00 0 88.1 
158.25 -1.00 -1.00 0 88.1 
158.39 -1.00 -1.00 0 88.1 
158.51 -1.00 -1.00 0 86.5 
158.63 -1.00 -1.00 0 86.5 
158.74 -1.00 -1.00 0 86.5 
158.84 -1.00 -1.00 0 86.5 
158.96 -1.00 -1.00 0 86.5 
159.09 -1.00 -1.00 0 86.5 
159.20 -1.00 -1.00 0 86.5 
159.36 -1.00 -1.00 0 86.5 
159.46 -1.00 -1.00 0 87.3 
159.58 -1.00 -1.00 0 87.3 
159.70 -1.00 -1.00 0 87.3 
159.83 -1.00 -1.00 0 87.3 
159.94 -1.00 -1.00 0 87.3 
160.07 -1.00 -1.00 0 87.3 
160.19 -1.00 -1.00 0 87.3 
160.33 -1.00 -1.00 0 87.3 
160.47 -1.00 -1.00 0 87.8 
160.59 -1.00 -1.00 0 87.8 
160.73 -1.00 -1.00 0 87.8 
160.84 -1.00 -1.00 0 87.8 
160.99 -1.00 -1.00 1 87.8 
161.12 -1.00 -1.00 1 87.8 
161.24 -1.00 -1.00 0 87.8 
161.36 -1.00 -1.00 0 87.8 
161.52 -1.00 -1.00 0 88.6 
161.67 -1.00 -1.00 0 88.6 
161.81 -1.00 -1.00 0 88.6 
162.14 -1.00 -1.00 0 88.6 
162.31 -1.00 -1.00 0 88.6 
162.48 -1.00 -1.00 0 90.1 
162.62 -1.00 -1.00 0 90.1 
162.73 -1.00 -1.00 0 90.1 
162.89 -1.00 -1.00 0 90.1 
163.03 -1.00 -1.00 0 90.1 
163.19 -1.00 -1.00 0 90.1 
163.35 -1.00 -1.00 0 90.1 
163.50 -1.00 -1.00 0 91.4 
163.61 -1.00 -1.00 0 91.4 
163.72 -1.00 -1.00 0 91.4 
163.88 -1.00 -1.00 0 91.4 
164.03 -1.00 -1.00 0 91.4 
164.17 -1.00 -1.00 0 91.4 
164.31 -1.00 -1.00 0 91.4 
164.46 -1.00 -1.00 0 92.6 
164.59 -1.00 -1.00 0 92.6 
164.71 -1.00 -1.00 0 92.6 
164.87 -1.00 -1.00 0 92.6 
165.03 -1.00 -1.00 0 92.6 
165.15 -1.00 -1.00 0 92.6 
165.35 -1.00 -1.00 0 92.6 
165.52 -1.00 -1.00 0 95.4 
165.66 -1.00 -1.00 0 95.4 
165.79 -1.00 -1.00 0 95.4 
165.92 -1.00 -1.00 0 95.4 
166.09 -1.00 -1.00 0 95.4 
166.21 -1.00 -1.00 0 95.4 
166.38 -1.00 -1.00 0 95.4 
166.54 -1.00 -1.00 0 95.0 
166.68 -1.00 -1.00 0 95.0 
166.85 -1.00 -1.00 0 95.0 
166.99 -1.00 -1.00 0 95.0 
167.16 -1.00 -1.00 0 95.0 
167.33 -1.00 -1.00 0 95.0 
167.49 -1.00 -1.00 0 94.0 
167.64 -1.00 -1.00 0 94.0 
167.78 -1.00 -1.00 0 94.0 
167.94 -1.00 -1.00 0 94.0 
168.10 -1.00 -1.00 0 94.0 
168.23 -1.00 -1.00 0 94.0 
168.42 -1.00 -1.00 0 94.0 
168.56 -1.00 -1.00 0 92.3 
168.69 -1.00 -1.00 0 92.3 
168.82 -1.00 -1.00 0 92.3 
168.96 -1.00 -1.00 0 92.3 
169.12 -1.00 -1.00 0 92.3 
169.25 -1.00 -1.00 0 92.3 
169.43 -1.00 -1.00 0 92.3 
169.55 -1.00 -1.00 0 92.4 
169.68 -1.00 -1.00 0 92.4 
169.82 -1.00 -1.00 0 92.4 
169.96 -1.00 -1.00 0 92.4 
170.10 -1.00 -1.00 0 92.4 
170.21 -1.00 -1.00 0 92.4 
170.34 -1.00 -1.00 0 92.4 
170.49 -1.00 -1.00 0 92.6 
170.61 -1.00 -1.00 0 92.6 
170.74 -1.00 -1.00 0 92.6 
170.89 -1.00 -1.00 0 92.6 
171.01 -1.00 -1.00 0 92.6 
171.12 -1.00 -1.00 0 92.6 
171.33 -1.00 -1.00 0 92.6 
171.46 -1.00 -1.00 0 94.7 
171.59 -1.00 -1.00 0 94.7 
171.70 -1.00 -1.00 0 94.7 
171.83 -1.00 -1.00 0 94.7 
171.97 -1.00 -1.00 0 94.7 
172.09 -1.00 -1.00 0 94.7 
172.24 -1.00 -1.00 0 94.7 
172.39 -1.00 -1.00 0 94.7 
172.52 -1.00 -1.00 0 93.9 
172.65 -1.00 -1.00 0 93.9 
172.78 -1.00 -1.00 0 93.9 
172.92 -1.00 -1.00 0 93.9 
173.05 -1.00 -1.00 0 93.9 
173.17 -1.00 -1.00 0 93.9 
173.31 -1.00 -1.00 0 93.9 
173.44 -1.00 -1.00 0 93.6 
173.56 -1.00 -1.00 0 93.6 
173.72 -1.00 -1.00 0 93.6 
173.85 -1.00 -1.00 0 93.6 
174.00 -1.00 -1.00 0 93.6 
174.13 -1.00 -1.00 0 93.6 
174.30 -1.00 -1.00 0 93.6 
174.41 -1.00 -1.00 0 91.5 
174.54 -1.00 -1.00 0 91.5 
174.64 -1.00 -1.00 0 91.5 
174.78 -1.00 -1.00 0 91.5 
174.93 -1.00 -1.00 0 91.5 
175.05 -1.00 -1.00 0 91.5 
175.18 -1.00 -1.00 0 91.5 
175.35 -1.00 -1.00 0 91.5 
175.47 -1.00 -1.00 0 89.6 
175.62 -1.00 -1.00 0 89.6 
175.75 -1.00 -1.00 0 89.6 
175.86 -1.00 -1.00 0 89.6 
176.00 -1.00 -1.00 0 89.6 
176.12 -1.00 -1.00 0 89.6 
176.27 -1.00 -1.00 0 89.6 
176.42 -1.00 -1.00 0 89.6 
176.55 -1.00 -1.00 0 87.1 
176.69 -1.00 -1.00 0 87.1 
176.82 -1.00 -1.00 0 87.1 
176.95 -1.00 -1.00 0 87.1 
177.09 -1.00 -1.00 0 87.1 
177.22 -1.00 -1.00 0 87.1 
177.40 -1.00 -1.00 0 87.1 
177.53 -1.00 -1.00 0 87.4 
177.68 -1.00 -1.00 1 87.4 
177.83 -1.00 -1.00 1 87.4 
177.96 -1.00 -1.00 1 87.4 
178.12 -1.00 -1.00 1 87.4 
178.30 -1.00 -1.00 1 87.4 
178.42 -1.00 -1.00 1 88.2 
178.54 -1.00 -1.00 1 88.2 
178.70 -1.00 -1.00 1 88.2 
178.82 -1.00 -1.00 1 88.2 
178.93 -1.00 -1.00 1 88.2 
179.07 -1.00 -1.00 1 88.2 
179.20 -1.00 -1.00 1 88.2 
179.35 -1.00 -1.00 1 88.2 
179.51 -1.00 -1.00 1 88.6 
179.66 27.37 1.11 1 88.6 
179.79 28.83 1.17 1 88.6 
179.95 30.09 1.22 1 88.6 
180.10 31.93 1.30 1 88.6 
180.28 33.96 1.38 1 88.6 
180.45 36.86 1.51 1 87.8 
180.61 40.01 1.64 1 87.8 
180.76 42.66 1.75 1 87.8 
180.92 46.87 1.92 1 87.8 
181.06 50.41 2.07 1 87.8 
181.24 53.49 2.19 1 87.8 
181.37 59.08 2.42 1 87.8 
181.53 63.86 2.62 1 87.7 
181.66 66.49 2.73 1 87.7 
181.80 72.53 2.98 1 87.7 
181.94 75.73 3.11 1 87.7 
182.10 77.16 3.17 1 87.7 
182.25 79.95 3.28 1 87.7 
182.43 82.46 3.39 1 87.7 
182.57 84.72 3.48 2 87.7 
182.73 86.77 3.56 2 87.7 
182.89 88.62 3.64 2 87.7 
183.07 90.30 3.71 2 87.7 
183.21 91.80 3.77 2 87.7 
183.33 93.16 3.83 2 87.7 
183.52 94.38 3.88 2 87.6 
183.67 95.42 3.92 2 87.6 
183.80 96.36 3.96 2 87.6 
183.94 97.21 4.00 2 87.6 
184.08 97.96 4.03 2 87.6 
184.30 103.88 4.27 2 87.6 
184.43 102.57 4.17 2 88.5 
184.57 102.82 4.18 2 88.5 
184.71 103.02 4.19 2 88.5 
184.83 103.18 4.20 2 88.5 
184.94 18.50 0.75 2 88.5 
185.11 103.38 4.21 2 88.5 
185.28 105.58 4.30 2 88.5 
185.45 -1.00 -1.00 1 89.0 
185.57 -1.00 -1.00 1 89.0 
185.73 -1.00 -1.00 1 89.0 
185.87 -1.00 -1.00 1 89.0 
186.04 -1.00 -1.00 1 89.0 
186.17 -1.00 -1.00 1 89.0 
186.32 -1.00 -1.00 1 89.0 
186.49 -1.00 -1.00 1 89.2 
186.66 -1.00 -1.00 1 89.2 
186.82 -1.00 -1.00 1 89.2 
187.00 -1.00 -1.00 1 89.2 
187.14 -1.00 -1.00 1 89.2 
187.33 39.48 1.59 1 89.2 
187.47 41.10 1.66 1 89.3 
187.60 -1.00 -1.00 1 89.3 
187.77 -1.00 -1.00 1 89.3 
187.90 -1.00 -1.00 1 89.3 
188.07 47.30 1.91 1 89.3 
188.20 -1.00 -1.00 1 89.3 
188.41 -1.00 -1.00 1 89.3 
188.53 -1.00 -1.00 1 89.3 
188.73 -1.00 -1.00 1 89.3 
188.89 -1.00 -1.00 1 89.3 
189.03 -1.00 -1.00 1 89.3 
189.15 -1.00 -1.00 1 89.3 
189.34 -1.00 -1.00 1 89.3 
189.46 -1.00 -1.00 1 89.6 
189.60 -1.00 -1.00 1 89.6 
189.74 -1.00 -1.00 1 89.6 
189.91 -1.00 -1.00 1 89.6 
190.03 -1.00 -1.00 1 89.6 
190.17 -1.00 -1.00 1 89.6 
190.30 -1.00 -1.00 1 89.6 
190.47 -1.00 -1.00 1 89.7 
190.60 -1.00 -1.00 1 89.7 
190.73 -1.00 -1.00 1 89.7 
190.88 -1.00 -1.00 1 89.7 
191.00 -1.00 -1.00 1 89.7 
191.15 94.84 3.80 1 89.7 
191.30 94.72 3.80 1 89.7 
191.43 95.99 3.84 1 90.1 
191.58 95.65 3.82 1 90.1 
191.69 95.26 3.81 1 90.1 
191.80 94.86 3.79 1 90.1 
191.94 98.23 3.93 1 90.1 
192.24 99.75 3.99 1 90.1 
192.41 100.37 4.01 1 90.1 
192.55 100.91 4.02 1 90.4 
192.65 103.55 4.12 1 90.4 
192.78 105.89 4.22 1 90.4 
192.90 105.88 4.22 1 90.4 
193.03 104.31 4.15 1 90.4 
193.17 104.38 4.16 1 90.4 
193.35 104.41 4.16 1 90.4 
193.49 104.38 4.16 1 90.4 
193.63 104.33 4.15 1 90.4 
193.76 104.27 4.15 1 90.4 
193.90 104.20 4.15 1 90.4 
194.03 102.52 4.08 1 90.4 
194.18 102.56 4.08 1 90.4 
194.39 104.82 4.17 1 90.4 
194.54 104.62 4.17 1 90.3 
194.66 104.42 4.16 1 90.3 
194.83 104.22 4.15 1 90.3 
194.97 104.01 4.15 1 90.3 
195.11 103.80 4.14 1 90.3 
195.24 103.59 4.13 1 90.3 
195.40 -1.00 -1.00 1 90.3 
195.53 103.17 4.18 1 88.8 
195.67 -1.00 -1.00 1 88.8 
195.80 -1.00 -1.00 1 88.8 
195.94 102.56 4.16 1 88.8 
196.06 102.37 4.15 1 88.8 
196.21 102.17 4.14 1 88.8 
196.38 -1.00 -1.00 1 88.8 
196.50 100.33 4.06 1 89.0 
196.64 100.28 4.06 1 89.0 
196.76 -1.00 -1.00 1 89.0 
196.90 -1.00 -1.00 1 89.0 
197.07 -1.00 -1.00 1 89.0 
197.25 -1.00 -1.00 1 89.0 
197.40 -1.00 -1.00 0 87.2 
197.55 -1.00 -1.00 0 87.2 
197.68 -1.00 -1.00 0 87.2 
197.83 -1.00 -1.00 0 87.2 
197.96 -1.00 -1.00 0 87.2 
198.11 -1.00 -1.00 0 87.2 
198.23 -1.00 -1.00 0 87.2 
198.39 -1.00 -1.00 0 87.2 
198.52 -1.00 -1.00 0 88.0 
198.65 -1.00 -1.00 0 88.0 
198.76 -1.00 -1.00 0 88.0 
198.87 -1.00 -1.00 0 88.0 
199.04 -1.00 -1.00 0 88.0 
199.16 -1.00 -1.00 0 88.0 
199.35 -1.00 -1.00 0 88.0 
199.49 -1.00 -1.00 0 87.2 
199.61 -1.00 -1.00 0 87.2 
199.72 -1.00 -1.00 0 87.2 
199.85 -1.00 -1.00 0 87.2 
199.97 -1.00 -1.00 0 87.2 
200.07 -1.00 -1.00 0 87.2 
200.21 -1.00 -1.00 0 87.2 
200.36 -1.00 -1.00 0 87.2 
200.50 -1.00 -1.00 0 88.6 
200.65 -1.00 -1.00 0 88.6 
200.81 -1.00 -1.00 0 88.6 
200.97 -1.00 -1.00 0 88.6 
201.12 -1.00 -1.00 0 88.6 
201.31 -1.00 -1.00 0 88.6 
201.44 -1.00 -1.00 0 87.8 
201.57 -1.00 -1.00 0 87.8 
201.71 -1.00 -1.00 0 87.8 
201.86 -1.00 -1.00 0 87.8 
202.03 -1.00 -1.00 0 87.8 
202.17 -1.00 -1.00 0 87.8 
202.33 -1.00 -1.00 0 87.8 
202.48 -1.00 -1.00 0 90.1 
202.65 -1.00 -1.00 0 90.1 
202.82 -1.00 -1.00 0 90.1 
202.95 -1.00 -1.00 0 90.1 
203.09 -1.00 -1.00 0 90.1 
203.23 -1.00 -1.00 0 90.1 
203.38 -1.00 -1.00 0 91.6 
203.52 -1.00 -1.00 0 91.6 
203.63 -1.00 -1.00 0 91.6 
203.78 -1.00 -1.00 0 91.6 
203.90 -1.00 -1.00 0 91.6 
204.04 -1.00 -1.00 0 91.6 
204.17 -1.00 -1.00 0 91.6 
204.32 -1.00 -1.00 0 91.6 
204.44 -1.00 -1.00 0 92.4 
204.59 -1.00 -1.00 0 92.4 
204.74 -1.00 -1.00 0 92.4 
204.87 -1.00 -1.00 0 92.4 
205.02 -1.00 -1.00 0 92.4 
205.14 -1.00 -1.00 0 92.4 
205.34 -1.00 -1.00 0 92.4 
205.50 -1.00 -1.00 0 91.8 
205.64 -1.00 -1.00 0 91.8 
205.79 -1.00 -1.00 0 91.8 
205.93 -1.00 -1.00 0 91.8 
206.07 -1.00 -1.00 0 91.8 
206.21 -1.00 -1.00 0 91.8 
206.37 -1.00 -1.00 0 91.8 
206.53 -1.00 -1.00 0 93.6 
206.64 -1.00 -1.00 0 93.6 
206.79 -1.00 -1.00 0 93.6 
206.92 -1.00 -1.00 0 93.6 
207.06 -1.00 -1.00 1 93.6 
207.19 -1.00 -1.00 0 93.6 
207.33 -1.00 -1.00 0 93.6 
207.49 -1.00 -1.00 0 91.7 
207.61 -1.00 -1.00 0 91.7 
207.75 -1.00 -1.00 1 91.7 
207.88 -1.00 -1.00 0 91.7 
208.01 -1.00 -1.00 0 91.7 
208.16 -1.00 -1.00 0 91.7 
208.34 -1.00 -1.00 0 91.7 
208.52 -1.00 -1.00 0 92.1 
208.67 -1.00 -1.00 0 92.1 
208.79 -1.00 -1.00 0 92.1 
208.94 -1.00 -1.00 0 92.1 
209.07 -1.00 -1.00 0 92.1 
209.25 -1.00 -1.00 0 92.1 
209.42 -1.00 -1.00 0 90.4 
209.57 -1.00 -1.00 0 90.4 
209.72 -1.00 -1.00 0 90.4 
209.87 -1.00 -1.00 0 90.4 
210.04 -1.00 -1.00 0 90.4 
210.18 -1.00 -1.00 0 90.4 
210.38 -1.00 -1.00 0 90.4 
210.51 -1.00 -1.00 0 88.8 
210.65 -1.00 -1.00 0 88.8 
210.78 -1.00 -1.00 0 88.8 
210.94 -1.00 -1.00 0 88.8 
211.11 -1.00 -1.00 0 88.8 
211.28 -1.00 -1.00 0 88.8 
211.45 -1.00 -1.00 0 87.3 
211.59 -1.00 -1.00 0 87.3 
211.71 -1.00 -1.00 0 87.3 
211.84 -1.00 -1.00 0 87.3 
212.16 -1.00 -1.00 0 87.3 
212.28 -1.00 -1.00 0 87.3 
212.49 -1.00 -1.00 0 87.3 
212.64 -1.00 -1.00 0 86.7 
212.78 -1.00 -1.00 0 86.7 
212.92 -1.00 -1.00 0 86.7 
213.08 -1.00 -1.00 0 86.7 
213.22 -1.00 -1.00 0 86.7 
213.39 -1.00 -1.00 0 86.7 
213.54 -1.00 -1.00 0 85.2 
213.68 -1.00 -1.00 0 85.2 
213.82 -1.00 -1.00 0 85.2 
213.97 -1.00 -1.00 0 85.2 
214.10 -1.00 -1.00 0 85.2 
214.28 -1.00 -1.00 0 85.2 
214.41 -1.00 -1.00 0 86.8 
214.57 -1.00 -1.00 0 86.8 
214.73 -1.00 -1.00 0 86.8 
214.87 -1.00 -1.00 0 86.8 
215.02 -1.00 -1.00 0 86.8 
215.19 -1.00 -1.00 0 86.8 
215.34 -1.00 -1.00 0 86.8 
215.50 -1.00 -1.00 0 88.3 
215.65 -1.00 -1.00 0 88.3 
215.81 -1.00 -1.00 0 88.3 
215.96 -1.00 -1.00 0 88.3 
216.08 -1.00 -1.00 0 88.3 
216.22 -1.00 -1.00 0 88.3 
216.39 -1.00 -1.00 0 88.3 
216.53 -1.00 -1.00 0 89.9 
216.67 -1.00 -1.00 0 89.9 
216.78 -1.00 -1.00 0 89.9 
216.91 -1.00 -1.00 0 89.9 
217.04 -1.00 -1.00 0 89.9 
217.16 -1.00 -1.00 0 89.9 
217.30 -1.00 -1.00 0 89.9 
217.43 -1.00 -1.00 0 91.6 
217.58 -1.00 -1.00 0 91.6 
217.70 -1.00 -1.00 0 91.6 
217.82 -1.00 -1.00 0 91.6 
217.98 -1.00 -1.00 0 91.6 
218.10 -1.00 -1.00 0 91.6 
218.21 -1.00 -1.00 0 91.6 
218.43 -1.00 -1.00 0 91.6 
218.55 -1.00 -1.00 0 91.6 
218.66 -1.00 -1.00 0 91.6 
218.81 -1.00 -1.00 0 91.6 
218.97 -1.00 -1.00 0 91.6 
219.11 -1.00 -1.00 0 91.6 
219.27 -1.00 -1.00 0 91.6 
219.43 -1.00 -1.00 0 91.0 
219.55 -1.00 -1.00 0 91.0 
219.71 -1.00 -1.00 0 91.0 
219.88 -1.00 -1.00 0 91.0 
220.01 -1.00 -1.00 0 91.0 
220.18 -1.00 -1.00 0 91.0 
220.38 -1.00 -1.00 0 91.0 
220.56 -1.00 -1.00 0 90.3 
220.70 -1.00 -1.00 0 90.3 
220.87 -1.00 -1.00 0 90.3 
221.02 -1.00 -1.00 0 90.3 
221.15 -1.00 -1.00 0 90.3 
221.31 -1.00 -1.00 0 90.3 
221.48 -1.00 -1.00 0 90.4 
221.64 -1.00 -1.00 0 90.4 
221.79 -1.00 -1.00 0 90.4 
221.95 -1.00 -1.00 0 90.4 
222.31 -1.00 -1.00 0 90.4 
222.43 -1.00 -1.00 0 91.1 
222.59 -1.00 -1.00 0 91.1 
222.75 -1.00 -1.00 0 91.1 
222.89 -1.00 -1.00 0 91.1 
223.02 -1.00 -1.00 0 91.1 
223.16 -1.00 -1.00 0 91.1 
223.36 -1.00 -1.00 0 91.1 
223.49 -1.00 -1.00 0 91.0 
223.63 -1.00 -1.00 0 91.0 
223.74 -1.00 -1.00 0 91.0 
223.88 -1.00 -1.00 0 91.0 
224.01 -1.00 -1.00 0 91.0 
224.16 -1.00 -1.00 0 91.0 
224.31 -1.00 -1.00 0 91.0 
224.43 -1.00 -1.00 0 91.5 
224.55 -1.00 -1.00 0 91.5 
224.68 -1.00 -1.00 0 91.5 
224.82 -1.00 -1.00 0 91.5 
224.95 -1.00 -1.00 0 91.5 
225.07 -1.00 -1.00 0 91.5 
225.22 -1.00 -1.00 0 91.5 
225.37 -1.00 -1.00 0 91.5 
225.52 -1.00 -1.00 0 92.0 
225.66 -1.00 -1.00 0 92.0 
225.78 -1.00 -1.00 0 92.0 
225.94 -1.00 -1.00 0 92.0 
226.09 -1.00 -1.00 0 92.0 
226.21 -1.00 -1.00 0 92.0 
226.43 -1.00 -1.00 0 92.0 
226.55 -1.00 -1.00 0 91.1 
226.71 -1.00 -1.00 0 91.1 
226.85 -1.00 -1.00 0 91.1 
226.99 -1.00 -1.00 0 91.1 
227.11 -1.00 -1.00 0 91.1 
227.32 -1.00 -1.00 0 91.1 
227.45 -1.00 -1.00 0 90.8 
227.62 -1.00 -1.00 0 90.8 
227.77 -1.00 -1.00 0 90.8 
227.88 -1.00 -1.00 0 90.8 
228.03 -1.00 -1.00 0 90.8 
228.15 -1.00 -1.00 0 90.8 
228.31 -1.00 -1.00 0 90.8 
228.44 -1.00 -1.00 0 93.0 
228.56 -1.00 -1.00 0 93.0 
228.67 -1.00 -1.00 0 93.0 
228.82 -1.00 -1.00 0 93.0 
228.95 -1.00 -1.00 0 93.0 
229.09 -1.00 -1.00 0 93.0 
229.21 -1.00 -1.00 0 93.0 
229.35 -1.00 -1.00 0 93.0 
229.50 -1.00 -1.00 0 92.9 
229.62 -1.00 -1.00 0 92.9 
229.76 -1.00 -1.00 0 92.9 
229.89 -1.00 -1.00 0 92.9 
230.05 -1.00 -1.00 1 92.9 
230.20 -1.00 -1.00 0 92.9 
230.37 -1.00 -1.00 0 92.9 
230.52 -1.00 -1.00 0 92.1 
230.65 -1.00 -1.00 0 92.1 
230.77 -1.00 -1.00 0 92.1 
230.92 -1.00 -1.00 0 92.1 
231.07 -1.00 -1.00 0 92.1 
231.19 -1.00 -1.00 0 92.1 
231.36 -1.00 -1.00 0 92.1 
231.49 -1.00 -1.00 0 90.9 
231.63 -1.00 -1.00 0 90.9 
231.75 -1.00 -1.00 0 90.9 
231.88 -1.00 -1.00 0 90.9 
232.20 -1.00 -1.00 0 90.9 
232.39 -1.00 -1.00 0 90.9 
232.52 -1.00 -1.00 0 90.9 
232.68 -1.00 -1.00 0 90.9 
232.83 -1.00 -1.00 0 90.9 
232.96 -1.00 -1.00 0 90.9 
233.09 -1.00 -1.00 0 90.9 
233.22 -1.00 -1.00 0 90.9 
233.41 -1.00 -1.00 0 90.9 
233.55 -1.00 -1.00 0 89.4 
233.68 -1.00 -1.00 0 89.4 
233.82 -1.00 -1.00 0 89.4 
233.97 -1.00 -1.00 0 89.4 
234.09 -1.00 -1.00 0 89.4 
234.26 -1.00 -1.00 0 89.4 
234.42 -1.00 -1.00 0 90.6 
234.55 -1.00 -1.00 0 90.6 
234.68 -1.00 -1.00 0 90.6 
234.81 -1.00 -1.00 0 90.6 
234.96 -1.00 -1.00 0 90.6 
235.10 -1.00 -1.00 0 90.6 
235.22 -1.00 -1.00 0 90.6 
235.40 -1.00 -1.00 0 90.6 
235.52 -1.00 -1.00 0 90.4 
235.67 -1.00 -1.00 0 90.4 
235.82 -1.00 -1.00 0 90.4 
235.97 -1.00 -1.00 0 90.4 
236.09 -1.00 -1.00 0 90.4 
236.22 -1.00 -1.00 0 90.4 
236.37 -1.00 -1.00 0 90.4 
236.51 -1.00 -1.00 0 90.4 
236.61 -1.00 -1.00 0 90.4 
236.72 -1.00 -1.00 0 90.4 
236.82 -1.00 -1.00 0 90.4 
236.96 -1.00 -1.00 0 90.4 
237.10 -1.00 -1.00 0 90.4 
237.21 -1.00 -1.00 0 90.4 
237.39 -1.00 -1.00 1 90.4 
237.53 -1.00 -1.00 1 91.0 
237.68 -1.00 -1.00 1 91.0 
237.80 -1.00 -1.00 1 91.0 
237.94 -1.00 -1.00 1 91.0 
238.09 -1.00 -1.00 1 91.0 
238.21 -1.00 -1.00 1 91.0 
238.42 -1.00 -1.00 1 91.0 
238.58 -1.00 -1.00 1 90.1 
238.73 -1.00 -1.00 1 90.1 
238.87 -1.00 -1.00 1 90.1 
239.00 -1.00 -1.00 1 90.1 
239.17 -1.00 -1.00 1 90.1 
239.33 -1.00 -1.00 1 90.1 
239.49 -1.00 -1.00 1 89.1 
239.64 -1.00 -1.00 1 89.1 
239.82 -1.00 -1.00 1 89.1 
239.95 -1.00 -1.00 1 89.1 
240.13 -1.00 -1.00 1 89.1 
240.34 -1.00 -1.00 1 89.1 
240.50 -1.00 -1.00 1 91.0 
240.67 -1.00 -1.00 1 91.0 
240.80 -1.00 -1.00 1 91.0 
240.97 -1.00 -1.00 1 91.0 
241.10 -1.00 -1.00 1 91.0 
241.28 -1.00 -1.00 1 91.0 
241.45 -1.00 -1.00 1 92.8 
241.61 -1.00 -1.00 1 92.8 
241.77 -1.00 -1.00 1 92.8 
241.90 -1.00 -1.00 1 92.8 
242.27 -1.00 -1.00 1 92.8 
242.42 -1.00 -1.00 1 93.6 
242.58 -1.00 -1.00 1 93.6 
242.73 -1.00 -1.00 1 93.6 
242.87 -1.00 -1.00 1 93.6 
243.04 -1.00 -1.00 1 93.6 
243.19 -1.00 -1.00 1 93.6 
243.37 -1.00 -1.00 1 93.6 
243.50 -1.00 -1.00 1 95.0 
243.67 37.19 1.41 1 95.0 
243.80 38.17 1.45 1 95.0 
243.96 39.49 1.50 1 95.0 
244.11 40.65 1.54 1 95.0 
244.27 41.12 1.56 1 95.0 
244.45 42.57 1.61 1 95.0 
244.60 43.25 1.68 1 92.4 
244.75 44.39 1.73 1 92.4 
244.89 45.37 1.77 1 92.4 
245.01 46.21 1.80 1 92.4 
245.17 47.57 1.85 1 92.4 
245.36 48.74 1.90 1 92.4 
245.49 49.12 1.89 1 93.7 
245.64 50.08 1.92 1 93.7 
245.76 51.67 1.99 1 93.7 
245.92 52.29 2.01 2 93.7 
246.08 52.17 2.01 1 93.7 
246.20 52.06 2.00 1 93.7 
246.39 51.96 2.00 1 93.7 
246.52 51.30 1.95 1 94.5 
246.66 51.89 1.98 1 94.5 
246.83 54.13 2.06 1 94.5 
246.96 55.10 2.10 1 94.5 
247.10 55.95 2.13 1 94.5 
247.29 56.69 2.16 1 94.5 
247.43 57.33 2.16 1 95.8 
247.57 57.15 2.15 1 95.8 
247.69 57.71 2.17 1 95.8 
247.79 58.20 2.19 1 95.8 
247.93 58.63 2.20 1 95.8 
248.06 58.99 2.22 1 95.8 
248.22 59.28 2.23 1 95.8 
248.41 63.03 2.37 1 95.8 
248.54 63.73 2.38 1 96.2 
248.65 63.46 2.37 1 96.2 
248.79 63.20 2.36 1 96.2 
248.95 62.96 2.36 1 96.2 
249.06 63.60 2.38 1 96.2 
249.22 64.17 2.40 1 96.2 
249.39 63.77 2.39 1 96.2 
249.53 64.30 2.39 1 96.9 
249.66 63.85 2.37 1 96.9 
249.78 63.44 2.36 1 96.9 
249.93 62.33 2.32 1 96.9 
250.07 61.31 2.28 1 96.9 
250.19 60.37 2.24 1 96.9 
250.37 61.23 2.28 1 96.9 
250.49 61.05 2.25 1 97.8 
250.65 60.88 2.24 1 97.8 
250.78 60.71 2.23 1 97.8 
250.90 59.81 2.20 1 97.8 
251.06 59.00 2.17 1 97.8 
251.17 57.63 2.12 1 97.8 
251.31 57.84 2.13 1 97.8 
251.47 58.01 2.14 1 97.4 
251.59 58.13 2.15 1 97.4 
251.75 56.86 2.10 1 97.4 
251.86 57.10 2.11 1 97.4 
251.98 57.35 2.12 1 97.4 
252.16 56.76 2.10 1 97.4 
252.31 57.98 2.14 1 97.4 
252.44 -1.00 -1.00 1 96.3 
252.54 -1.00 -1.00 1 96.3 
252.69 -1.00 -1.00 1 96.3 
252.84 -1.00 -1.00 1 96.3 
252.98 -1.00 -1.00 1 96.3 
253.10 -1.00 -1.00 1 96.3 
253.25 -1.00 -1.00 1 96.3 
253.39 -1.00 -1.00 1 96.3 
253.53 -1.00 -1.00 1 95.7 
253.68 -1.00 -1.00 1 95.7 
253.85 -1.00 -1.00 1 95.7 
254.01 -1.00 -1.00 1 95.7 
254.14 -1.00 -1.00 1 95.7 
254.34 -1.00 -1.00 1 95.7 
254.47 -1.00 -1.00 1 93.1 
254.61 -1.00 -1.00 1 93.1 
254.78 -1.00 -1.00 1 93.1 
254.91 -1.00 -1.00 1 93.1 
255.04 -1.00 -1.00 2 93.1 
255.22 -1.00 -1.00 1 93.1 
255.41 -1.00 -1.00 1 93.1 
255.58 -1.00 -1.00 1 90.7 
255.72 -1.00 -1.00 1 90.7 
255.88 -1.00 -1.00 1 90.7 
256.01 -1.00 -1.00 1 90.7 
256.16 -1.00 -1.00 1 90.7 
256.35 -1.00 -1.00 1 90.7 
256.53 -1.00 -1.00 1 88.0 
256.67 -1.00 -1.00 1 88.0 
256.84 -1.00 -1.00 1 88.0 
256.98 -1.00 -1.00 1 88.0 
257.13 -1.00 -1.00 1 88.0 
257.34 -1.00 -1.00 1 88.0 
257.51 -1.00 -1.00 1 87.8 
257.64 -1.00 -1.00 1 87.8 
257.77 -1.00 -1.00 1 87.8 
257.91 -1.00 -1.00 1 87.8 
258.05 -1.00 -1.00 1 87.8 
258.20 -1.00 -1.00 1 87.8 
258.41 -1.00 -1.00 1 87.8 
258.57 -1.00 -1.00 1 86.9 
258.76 -1.00 -1.00 1 86.9 
258.92 -1.00 -1.00 1 86.9 
259.06 60.77 2.52 1 86.9 
259.22 60.50 2.51 1 86.9 
259.40 58.32 2.42 1 86.9 
259.53 56.35 2.34 1 86.8 
259.70 55.15 2.29 1 86.8 
259.88 53.01 2.20 1 86.8 
260.07 49.98 2.07 1 86.8 
260.29 47.28 1.96 1 86.8 
260.48 44.29 1.80 1 88.6 
260.67 41.42 1.68 1 88.6 
260.83 38.66 1.57 1 88.6 
261.01 36.27 1.47 1 88.6 
261.21 35.52 1.44 1 88.6 
261.38 36.87 1.50 1 88.6 
261.53 37.89 1.54 1 88.5 
261.71 40.16 1.63 1 88.5 
261.89 42.00 1.71 1 88.5 
262.22 47.11 1.92 1 88.5 
262.44 49.55 2.02 1 88.5 
262.61 50.68 2.09 1 87.2 
262.75 50.30 2.08 1 87.2 
262.92 50.60 2.09 1 87.2 
263.05 53.76 2.22 1 87.2 
263.17 56.45 2.33 1 87.2 
263.40 60.14 2.48 1 87.2 
263.54 61.96 2.60 1 85.8 
263.69 63.55 2.67 1 85.8 
263.84 63.94 2.68 1 85.8 
263.98 64.25 2.70 1 85.8 
264.15 65.59 2.75 1 85.8 
264.37 64.83 2.72 1 85.8 
264.49 64.16 2.73 1 84.5 
264.63 62.79 2.68 1 84.5 
264.82 60.91 2.60 1 84.5 
264.97 59.82 2.55 1 84.5 
265.11 59.62 2.54 1 84.5 
265.35 59.46 2.53 1 84.5 
265.53 59.35 2.48 1 86.3 
265.70 58.48 2.44 1 86.3 
265.82 57.11 2.38 1 86.3 
266.02 56.46 2.36 1 86.3 
266.16 55.29 2.31 1 86.3 
266.40 54.22 2.26 1 86.3 
266.56 52.72 2.17 1 87.5 
266.73 51.93 2.14 1 87.5 
266.92 51.24 2.11 1 87.5 
267.08 50.67 2.08 1 87.5 
267.31 50.20 2.06 1 87.5 
267.49 50.42 2.07 1 87.6 
267.63 50.64 2.08 1 87.6 
267.82 51.61 2.12 2 87.6 
267.98 51.02 2.10 1 87.6 
268.12 51.99 2.14 1 87.6 
268.35 52.80 2.17 1 87.6 
268.54 52.76 2.14 1 88.8 
268.74 52.10 2.11 1 88.8 
268.90 51.47 2.09 1 88.8 
269.08 51.59 2.09 1 88.8 
269.24 49.97 2.03 1 88.8 
269.43 49.02 1.99 1 88.8 
269.57 48.74 1.96 1 89.7 
269.78 49.21 1.97 1 89.7 
269.94 49.60 1.99 1 89.7 
270.13 49.29 1.98 1 89.7 
270.35 49.02 1.97 1 89.7 
270.53 47.30 1.90 1 89.8 
270.72 46.71 1.87 1 89.8 
270.86 46.20 1.85 1 89.8 
271.06 44.78 1.80 1 89.8 
271.31 45.16 1.81 1 89.8 
271.49 44.33 1.79 1 89.1 
271.66 45.47 1.84 1 89.1 
271.79 44.64 1.80 1 89.1 
272.19 43.31 1.75 1 89.1 
272.40 41.29 1.67 1 89.1 
272.59 40.15 1.62 1 89.2 
272.74 38.84 1.57 1 89.2 
272.97 36.58 1.48 1 89.2 
273.14 35.43 1.43 1 89.2 
273.38 34.48 1.39 1 89.2 
273.53 32.61 1.33 1 88.0 
273.69 32.90 1.35 1 88.0 
273.85 33.60 1.37 1 88.0 
274.02 34.18 1.40 1 88.0 
274.20 33.49 1.37 1 88.0 
274.38 32.96 1.35 1 88.0 
274.55 33.68 1.40 1 86.7 
274.68 32.55 1.35 1 86.7 
274.87 32.15 1.33 1 86.7 
275.01 31.24 1.30 1 86.7 
275.16 30.48 1.27 1 86.7 
275.36 31.20 1.30 1 86.7 
275.50 30.00 1.24 1 87.2 
275.67 28.97 1.20 1 87.2 
275.85 28.12 1.16 1 87.2 
275.99 27.93 1.15 1 87.2 
276.14 28.42 1.17 1 87.2 
276.36 28.81 1.19 1 87.2 
276.49 28.82 1.15 1 89.9 
276.66 28.05 1.12 1 89.9 
276.79 28.19 1.13 1 89.9 
276.91 28.33 1.13 1 89.9 
277.11 27.64 1.11 1 89.9 
277.29 29.02 1.16 1 89.9 
277.46 29.35 1.16 1 91.0 
277.59 29.02 1.15 1 91.0 
277.72 28.26 1.12 1 91.0 
277.89 27.20 1.08 1 91.0 
278.05 27.29 1.08 1 91.0 
278.21 28.35 1.12 1 91.0 
278.40 29.60 1.17 1 91.0 
278.55 29.88 1.19 1 90.7 
278.72 30.45 1.21 1 90.7 
278.85 30.59 1.21 1 90.7 
279.01 31.87 1.27 1 90.7 
279.17 31.78 1.26 1 90.7 
279.36 31.70 1.26 1 90.7 
279.52 31.98 1.28 1 89.9 
279.66 32.60 1.31 1 89.9 
279.84 32.41 1.30 1 89.9 
279.99 32.97 1.32 1 89.9 
280.12 32.44 1.30 1 89.9 
280.30 31.97 1.28 1 89.9 
280.45 32.25 1.31 1 88.9 
280.57 31.82 1.29 1 88.9 
280.73 31.18 1.26 1 88.9 
280.87 31.98 1.30 1 88.9 
280.98 31.89 1.29 1 88.9 
281.16 31.53 1.28 1 88.9 
281.32 31.88 1.29 1 88.9 
281.49 31.53 1.28 1 88.8 
281.61 32.71 1.33 1 88.8 
281.73 33.25 1.35 1 88.8 
281.87 33.71 1.37 1 88.8 
281.99 34.10 1.38 1 88.8 
282.12 34.41 1.39 1 88.8 
282.29 35.11 1.42 1 88.8 
282.48 35.68 1.44 1 89.0 
282.63 35.76 1.45 1 89.0 
282.77 36.69 1.48 1 89.0 
282.90 37.03 1.50 1 89.0 
283.04 36.91 1.49 1 89.0 
283.21 36.80 1.49 1 89.0 
283.39 38.74 1.57 1 89.0 
283.52 38.77 1.58 1 88.5 
283.70 38.40 1.56 1 88.5 
283.86 38.07 1.55 1 88.5 
284.04 37.79 1.54 1 88.5 
284.19 37.95 1.54 1 88.5 
284.36 39.06 1.59 1 88.5 
284.52 40.02 1.63 1 88.5 
284.69 40.30 1.64 1 88.5 
284.83 41.05 1.67 1 88.5 
284.96 43.01 1.75 1 88.5 
285.13 42.88 1.74 1 88.5 
285.25 42.79 1.74 1 88.5 
285.43 42.69 1.74 1 88.5 
285.58 41.80 1.67 1 90.0 
285.73 41.37 1.65 1 90.0 
285.85 43.31 1.73 1 90.0 
285.99 44.22 1.77 1 90.0 
286.15 46.51 1.86 1 90.0 
286.31 46.96 1.88 1 90.0 
286.45 46.78 1.82 1 92.5 
286.60 46.14 1.80 1 92.5 
286.73 45.12 1.76 1 92.5 
286.89 44.65 1.74 1 92.5 
287.02 44.75 1.74 1 92.5 
287.16 44.84 1.75 1 92.5 
287.31 47.07 1.83 1 92.5 
287.45 48.87 1.88 1 93.7 
287.58 49.03 1.88 1 93.7 
287.72 49.77 1.91 1 93.7 
287.85 49.77 1.91 1 93.7 
287.99 49.75 1.91 1 93.7 
288.15 50.36 1.93 1 93.7 
288.28 49.67 1.91 1 93.7 
288.45 49.05 1.88 1 93.7 
288.61 49.05 1.87 1 94.6 
288.78 49.74 1.89 1 94.6 
288.95 49.70 1.89 1 94.6 
289.10 49.60 1.89 1 94.6 
289.30 49.55 1.89 1 94.6 
289.44 49.49 1.87 1 95.1 
289.59 50.08 1.89 1 95.1 
289.75 49.93 1.89 1 95.1 
289.92 49.80 1.88 1 95.1 
290.06 50.36 1.91 1 95.1 
290.19 50.19 1.90 1 95.1 
290.36 50.02 1.89 1 95.1 
290.49 49.87 1.90 1 94.4 
290.64 51.20 1.95 1 94.4 
290.79 51.56 1.97 1 94.4 
290.92 50.17 1.91 1 94.4 
291.03 48.94 1.87 1 94.4 
291.14 48.34 1.84 1 94.4 
291.33 47.81 1.82 1 94.4 
291.48 47.36 1.82 1 93.6 
291.62 46.95 1.81 1 93.6 
291.78 47.17 1.81 1 93.6 
291.96 46.28 1.78 1 93.6 
292.29 47.54 1.83 1 93.6 
292.42 46.20 1.78 1 93.2 
292.55 47.22 1.82 1 93.2 
292.70 47.41 1.83 1 93.2 
292.82 46.05 1.78 1 93.2 
292.97 45.29 1.75 1 93.2 
293.13 45.14 1.74 1 93.2 
293.30 44.07 1.70 1 93.2 
293.47 43.57 1.67 1 94.2 
293.59 43.15 1.65 1 94.2 
293.74 42.77 1.63 1 94.2 
293.87 42.97 1.64 1 94.2 
294.01 42.63 1.63 1 94.2 
294.17 42.90 1.64 1 94.2 
294.33 41.73 1.60 1 94.2 
294.51 41.57 1.61 1 93.0 
294.63 39.92 1.55 1 93.0 
294.77 39.55 1.53 1 93.0 
294.89 38.84 1.50 1 93.0 
295.06 38.64 1.50 1 93.0 
295.19 38.08 1.47 1 93.0 
295.31 36.35 1.41 1 93.0 
295.46 36.11 1.39 2 93.3 
295.62 35.94 1.39 2 93.3 
295.78 36.22 1.40 1 93.3 
295.93 35.66 1.38 1 93.3 
296.06 35.19 1.36 1 93.3 
296.18 35.17 1.36 2 93.3 
296.32 35.17 1.36 1 93.3 
296.50 34.44 1.33 1 93.3 
296.63 33.83 1.29 1 94.6 
296.77 33.66 1.28 1 94.6 
296.90 33.91 1.29 1 94.6 
297.04 33.10 1.26 1 94.6 
297.21 32.41 1.23 1 94.6 
297.43 31.54 1.20 1 94.6 
297.56 31.09 1.24 1 90.5 
297.72 31.07 1.24 1 90.5 
297.89 32.74 1.30 1 90.5 
298.05 32.44 1.29 1 90.5 
298.20 32.20 1.28 1 90.5 
298.32 32.33 1.29 1 90.5 
298.49 32.10 1.28 1 90.5 
298.64 31.94 1.28 1 90.0 
298.80 31.48 1.26 1 90.0 
298.93 31.11 1.24 1 90.0 
299.09 31.45 1.26 1 90.0 
299.27 32.13 1.29 1 90.0 
299.40 31.96 1.24 1 92.7 
299.58 31.52 1.22 1 92.7 
299.72 32.19 1.25 1 92.7 
299.90 32.75 1.27 1 92.7 
300.05 32.86 1.28 1 92.7 
300.20 32.05 1.24 1 92.7 
300.38 32.26 1.25 1 92.7 
300.53 32.45 1.27 1 91.8 
300.66 32.99 1.29 1 91.8 
300.83 33.44 1.31 1 91.8 
300.97 33.82 1.33 1 91.8 
301.12 34.15 1.34 1 91.8 
301.31 34.05 1.34 1 91.8 
301.43 33.64 1.31 1 92.8 
301.58 33.29 1.29 1 92.8 
301.71 33.70 1.31 1 92.8 
301.82 34.08 1.32 1 92.8 
301.93 34.79 1.35 1 92.8 
302.08 34.98 1.36 1 92.8 
302.27 35.15 1.36 1 92.8 
302.41 34.91 1.35 1 93.3 
302.57 34.71 1.34 1 93.3 
302.69 34.91 1.35 1 93.3 
302.85 34.71 1.34 1 93.3 
303.01 34.92 1.35 1 93.3 
303.13 36.00 1.39 1 93.3 
303.34 36.43 1.40 1 93.3 
303.47 35.69 1.36 1 94.1 
303.59 36.16 1.38 1 94.1 
303.73 36.15 1.38 1 94.1 
303.88 37.02 1.42 1 94.1 
304.05 37.75 1.44 1 94.1 
304.17 38.88 1.49 1 94.1 
304.32 39.85 1.52 1 94.1 
304.44 39.70 1.54 1 93.0 
304.61 39.59 1.53 1 93.0 
304.73 39.47 1.53 1 93.0 
304.88 38.96 1.51 1 93.0 
305.01 39.92 1.55 1 93.0 
305.13 40.22 1.56 1 93.0 
305.35 40.46 1.57 1 93.0 
305.48 41.17 1.59 1 93.2 
305.62 41.27 1.59 1 93.2 
305.78 40.51 1.57 1 93.2 
305.90 40.25 1.56 1 93.2 
306.03 39.63 1.53 1 93.2 
306.17 38.72 1.50 1 93.2 
306.29 37.92 1.47 1 93.2 
306.47 37.24 1.44 1 93.2 
306.59 36.66 1.39 1 94.9 
306.73 36.17 1.37 1 94.9 
306.90 35.75 1.36 1 94.9 
307.04 35.06 1.33 1 94.9 
307.21 33.89 1.29 1 94.9 
307.35 33.82 1.28 1 94.9 
307.49 33.76 1.28 1 94.9 
307.62 34.52 1.31 1 94.9 
307.78 34.75 1.32 1 94.9 
307.89 35.34 1.34 1 94.9 
308.03 35.43 1.34 1 94.9 
308.18 34.82 1.32 1 94.9 
308.32 35.42 1.34 1 94.9 
308.47 35.90 1.38 1 93.9 
308.60 35.90 1.38 1 93.9 
308.76 35.23 1.35 1 93.9 
308.89 34.96 1.34 1 93.9 
309.05 34.41 1.32 1 93.9 
309.18 33.93 1.30 1 93.9 
309.38 33.53 1.29 1 93.9 
309.50 33.19 1.29 1 92.8 
309.64 33.25 1.29 1 92.8 
309.77 32.98 1.28 1 92.8 
309.90 32.15 1.25 1 92.8 
310.07 32.78 1.27 1 92.8 
310.25 33.29 1.29 1 92.8 
310.41 33.36 1.29 1 93.1 
310.54 33.76 1.31 1 93.1 
310.71 33.42 1.29 1 93.1 
310.88 33.82 1.31 1 93.1 
311.01 34.16 1.32 1 93.1 
311.21 34.09 1.32 1 93.1 
311.42 33.69 1.30 1 93.1 
311.58 33.69 1.29 1 94.3 
311.75 33.34 1.27 1 94.3 
311.92 32.78 1.25 1 94.3 
312.12 32.58 1.24 1 94.3 
312.34 32.40 1.24 1 94.3 
312.52 31.97 1.21 1 95.4 
312.68 32.65 1.23 1 95.4 
312.83 33.21 1.25 1 95.4 
312.99 32.98 1.24 1 95.4 
313.12 33.11 1.25 1 95.4 
313.31 32.88 1.24 1 95.4 
313.48 32.38 1.22 1 95.9 
313.61 32.63 1.22 1 95.9 
313.78 33.62 1.26 1 95.9 
313.91 34.05 1.28 1 95.9 
314.08 33.69 1.26 1 95.9 
314.31 33.72 1.27 1 95.9 
314.47 33.76 1.25 1 97.1 
314.61 33.78 1.25 1 97.1 
314.75 33.80 1.25 1 97.1 
314.94 32.91 1.22 1 97.1 
315.08 33.07 1.23 1 97.1 
315.29 32.85 1.22 1 97.1 
315.46 32.66 1.23 1 95.5 
315.65 32.85 1.24 1 95.5 
315.83 33.02 1.24 1 95.5 
315.98 33.15 1.25 1 95.5 
316.17 32.92 1.24 1 95.5 
316.34 33.08 1.25 1 95.5 
316.51 32.30 1.23 1 94.4 
316.68 32.20 1.23 1 94.4 
316.83 32.47 1.24 1 94.4 
317.00 32.69 1.25 1 94.4 
317.14 32.24 1.23 1 94.4 
317.36 32.50 1.24 1 94.4 
317.51 32.73 1.27 1 93.1 
317.64 32.57 1.26 1 93.1 
317.81 32.79 1.27 1 93.1 
317.99 32.64 1.26 1 93.1 
318.17 32.53 1.26 1 93.1 
318.40 32.73 1.27 1 93.1 
318.56 32.59 1.25 1 94.0 
318.75 31.42 1.20 1 94.0 
318.88 31.47 1.20 1 94.0 
319.07 31.53 1.21 1 94.0 
319.22 30.53 1.17 2 94.0 
319.41 30.12 1.15 1 94.0 
319.56 30.07 1.12 1 96.3 
319.73 30.37 1.14 1 96.3 
319.89 30.02 1.12 1 96.3 
320.08 29.70 1.11 1 96.3 
320.24 30.06 1.12 1 96.3 
320.42 30.05 1.12 1 96.3 
320.58 29.75 1.10 1 97.7 
320.71 29.00 1.07 1 97.7 
320.88 28.38 1.05 1 97.7 
321.05 28.96 1.07 1 97.7 
321.17 29.14 1.07 1 97.7 
321.33 29.29 1.08 1 97.7 
321.48 30.08 1.11 1 97.8 
321.66 30.39 1.12 1 97.8 
321.82 30.35 1.12 1 97.8 
321.95 30.02 1.11 1 97.8 
322.11 29.28 1.08 1 97.8 
322.32 28.87 1.06 1 97.8 
322.50 28.54 1.06 1 97.0 
322.73 28.29 1.05 1 97.0 
322.89 28.65 1.06 1 97.0 
323.11 28.91 1.07 1 97.0 
323.29 29.15 1.08 1 97.0 
323.47 29.33 1.09 1 97.1 
323.63 28.72 1.07 1 97.1 
323.83 28.43 1.05 1 97.1 
324.00 27.93 1.04 1 97.1 
324.15 27.76 1.03 1 97.1 
324.38 27.62 1.02 1 97.1 
324.54 27.76 1.03 1 97.3 
324.72 27.39 1.01 1 97.3 
324.88 27.07 1.00 1 97.3 
325.09 26.82 0.99 1 97.3 
325.22 26.84 0.99 1 97.3 
325.44 26.89 0.99 1 97.3 
325.60 27.16 1.03 1 94.6 
325.77 27.14 1.03 1 94.6 
325.92 26.88 1.02 1 94.6 
326.11 26.92 1.02 1 94.6 
326.30 26.49 1.01 1 94.6 
326.47 26.14 1.01 1 93.1 
326.62 26.07 1.01 1 93.1 
326.80 26.53 1.03 1 93.1 
326.97 27.21 1.05 1 93.1 
327.13 27.46 1.06 1 93.1 
327.35 27.68 1.07 1 93.1 
327.50 27.59 1.08 1 91.7 
327.65 27.28 1.07 1 91.7 
327.83 27.26 1.07 1 91.7 
328.01 27.52 1.08 1 91.7 
328.17 27.72 1.09 1 91.7 
328.35 27.41 1.08 1 91.7 
328.52 27.65 1.07 1 93.2 
328.65 28.13 1.09 1 93.2 
328.83 27.77 1.07 1 93.2 
328.95 27.69 1.07 1 93.2 
329.12 27.62 1.07 1 93.2 
329.33 28.45 1.10 1 93.2 
329.50 29.13 1.14 1 92.1 
329.67 29.66 1.16 1 92.1 
329.80 29.51 1.15 1 92.1 
329.96 29.98 1.17 1 92.1 
330.08 30.38 1.19 1 92.1 
330.32 31.05 1.21 1 92.1 
330.46 31.25 1.20 1 93.7 
330.65 31.77 1.22 1 93.7 
330.79 32.19 1.24 1 93.7 
330.96 32.94 1.26 1 93.7 
331.15 33.55 1.29 1 93.7 
331.38 33.70 1.29 1 93.7 
331.57 33.22 1.28 1 93.8 
331.83 33.10 1.27 1 93.8 
332.22 33.20 1.27 1 93.8 
332.41 33.06 1.27 1 93.8 
332.61 32.95 1.26 1 94.2 
332.75 32.86 1.26 1 94.2 
332.93 32.21 1.23 1 94.2 
333.09 32.22 1.23 1 94.2 
333.39 32.24 1.23 1 94.2 
333.55 32.99 1.23 1 96.2 
333.69 33.60 1.26 1 96.2 
333.88 35.55 1.33 1 96.2 
334.05 35.77 1.34 1 96.2 
334.27 35.27 1.32 1 96.2 
334.41 35.13 1.29 1 97.9 
334.62 35.40 1.30 1 97.9 
334.76 34.93 1.28 1 97.9 
334.93 35.20 1.29 1 97.9 
335.12 35.08 1.29 1 97.9 
335.29 34.96 1.29 1 97.9 
335.46 34.54 1.28 1 96.9 
335.60 34.90 1.30 1 96.9 
335.77 34.80 1.29 1 96.9 
335.92 35.08 1.30 1 96.9 
336.09 35.76 1.33 1 96.9 
336.28 35.22 1.31 1 96.9 
336.46 35.86 1.31 1 98.6 
336.60 36.87 1.35 1 98.6 
336.77 37.74 1.38 1 98.6 
336.96 38.46 1.40 1 98.6 
337.15 39.06 1.43 1 98.6 
337.33 38.73 1.41 1 98.6 
337.53 39.26 1.49 1 94.9 
337.66 38.87 1.47 1 94.9 
337.83 38.94 1.48 1 94.9 
337.98 38.98 1.48 1 94.9 
338.19 38.61 1.46 1 94.9 
338.46 39.17 1.49 1 94.9 
338.60 40.15 1.51 1 95.5 
338.80 40.48 1.53 1 95.5 
338.93 40.75 1.54 1 95.5 
339.12 41.47 1.56 1 95.5 
339.27 42.10 1.59 1 95.5 
339.45 42.64 1.61 1 95.5 
339.64 43.11 1.62 1 96.0 
339.80 42.99 1.61 1 96.0 
339.99 43.97 1.65 1 96.0 
340.14 43.74 1.64 1 96.0 
340.34 44.02 1.65 1 96.0 
340.53 42.91 1.58 1 97.7 
340.72 42.77 1.58 1 97.7 
340.86 43.15 1.59 1 97.7 
340.99 43.50 1.60 1 97.7 
341.20 43.77 1.61 1 97.7 
341.36 44.00 1.62 1 97.7 
341.54 44.24 1.62 1 98.2 
341.73 44.40 1.63 1 98.2 
341.86 45.15 1.66 1 98.2 
342.06 44.70 1.64 1 98.2 
342.24 44.30 1.62 1 98.2 
342.44 43.98 1.61 1 98.2 
342.61 43.67 1.57 1 100.4 
342.80 43.40 1.56 1 100.4 
342.99 43.15 1.55 1 100.4 
343.14 43.45 1.56 1 100.4 
343.34 43.18 1.55 1 100.4 
343.51 42.94 1.54 1 100.5 
343.67 42.73 1.53 1 100.5 
343.86 42.10 1.51 1 100.5 
344.01 41.55 1.49 1 100.5 
344.23 41.05 1.47 1 100.5 
344.39 40.62 1.46 1 100.5 
344.60 39.88 1.43 1 100.6 
344.73 40.08 1.43 1 100.6 
344.95 39.42 1.41 1 100.6 
345.15 39.23 1.40 1 100.6 
345.33 38.30 1.37 1 100.6 
345.54 37.87 1.35 1 101.0 
345.70 37.49 1.34 1 101.0 
345.87 36.51 1.30 1 101.0 
346.07 35.97 1.28 1 101.0 
346.32 35.52 1.27 1 101.0 
346.55 34.52 1.24 1 99.9 
346.76 33.96 1.22 1 99.9 
346.98 33.85 1.22 1 99.9 
347.16 33.11 1.19 1 99.9 
347.35 32.19 1.16 1 99.9 
347.53 31.71 1.15 1 99.0 
347.74 30.78 1.12 1 99.0 
347.91 30.26 1.10 1 99.0 
348.08 29.82 1.08 1 99.0 
348.30 29.47 1.07 1 99.0 
348.54 29.78 1.08 1 98.9 
348.75 29.74 1.08 1 98.9 
348.95 29.69 1.08 1 98.9 
349.17 29.37 1.07 1 98.9 
349.35 29.13 1.06 1 98.9 
349.54 28.92 1.06 1 98.2 
349.76 28.75 1.05 1 98.2 
349.99 28.35 1.04 1 98.2 
350.20 27.78 1.02 1 98.2 
350.41 27.54 1.01 1 98.2 
350.55 27.35 1.01 1 97.1 
350.79 27.47 1.02 1 97.1 
351.00 26.62 0.99 1 97.1 
351.15 25.91 0.96 1 97.1 
351.36 25.33 0.94 1 97.1 
351.59 24.83 0.92 1 96.9 
351.79 24.45 0.91 1 96.9 
351.96 24.14 0.90 1 96.9 
352.18 23.69 0.88 1 96.9 
352.44 23.54 0.87 1 96.9 
352.61 23.03 0.86 1 96.5 
352.83 22.46 0.84 1 96.5 
353.05 21.82 0.81 1 96.5 
353.30 21.31 0.80 1 96.5 
353.45 21.08 0.80 1 94.5 
353.66 20.74 0.79 1 94.5 
353.86 20.45 0.78 1 94.5 
354.11 19.94 0.76 1 94.5 
354.37 19.29 0.73 1 94.5 
354.53 18.31 0.68 1 96.7 
354.72 17.52 0.65 1 96.7 
354.98 17.25 0.64 1 96.7 
355.17 16.72 0.62 1 96.7 
355.45 16.09 0.60 1 96.7 
355.69 14.83 0.56 1 94.8 
355.91 13.58 0.52 1 94.8 
356.14 12.73 0.48 1 94.8 
356.43 11.75 0.45 1 94.8 
356.65 11.52 0.44 1 94.9 
356.88 11.22 0.43 1 94.9 
357.11 10.65 0.40 1 94.9 
357.37 10.61 0.40 1 94.9 
357.58 10.22 0.45 1 82.6 
357.80 10.45 0.46 1 82.6 
357.96 10.35 0.45 1 82.6 
358.17 10.54 0.46 1 82.6 
358.40 10.84 0.47 1 82.6 
358.61 11.21 0.50 1 80.8 
358.80 11.48 0.51 1 80.8 
359.01 11.85 0.53 1 80.8 
359.19 12.22 0.54 1 80.8 
359.40 12.32 0.55 1 80.8 
359.55 12.58 0.56 1 81.2 
359.77 13.06 0.58 1 81.2 
360.01 13.42 0.60 1 81.2 
360.16 13.80 0.61 1 81.2 
360.35 14.21 0.63 1 81.2 
360.54 14.32 0.62 1 83.1 
360.69 15.24 0.66 1 83.1 
360.90 15.23 0.66 1 83.1 
361.05 15.54 0.67 1 83.1 
361.27 15.80 0.68 1 83.1 
361.50 16.37 0.71 1 83.1 
361.68 16.70 0.71 1 84.2 
361.87 16.82 0.72 1 84.2 
362.21 17.27 0.74 1 84.2 
362.47 17.40 0.74 1 84.2 
362.63 17.78 0.75 1 84.8 
362.86 17.81 0.76 1 84.8 
363.03 17.96 0.76 1 84.8 
363.27 17.96 0.76 1 84.8 
363.49 18.23 0.76 1 85.9 
363.70 18.17 0.76 1 85.9 
363.85 18.54 0.78 1 85.9 
364.07 18.83 0.79 1 85.9 
364.31 19.57 0.82 1 85.9 
364.51 19.82 0.83 1 85.9 
364.67 20.35 0.85 1 85.9 
364.89 20.60 0.86 1 85.9 
365.08 20.64 0.87 1 85.9 
365.31 21.01 0.88 1 85.9 
365.46 21.14 0.88 1 86.5 
365.67 21.60 0.90 1 86.5 
365.83 21.97 0.91 1 86.5 
366.04 22.46 0.93 1 86.5 
366.19 22.48 0.94 1 86.5 
366.45 22.68 0.94 1 86.5 
366.59 22.83 0.96 1 86.0 
366.82 23.15 0.97 1 86.0 
367.03 23.84 1.00 1 86.0 
367.24 23.96 1.00 1 86.0 
367.50 24.49 1.02 1 86.0 
367.71 25.45 1.06 1 86.7 
367.88 26.25 1.09 1 86.7 
368.10 26.61 1.11 1 86.7 
368.35 26.93 1.12 1 86.7 
368.52 27.45 1.13 1 87.6 
368.73 27.87 1.15 1 87.6 
368.92 27.95 1.15 1 87.6 
369.12 27.78 1.14 1 87.6 
369.40 28.41 1.17 1 87.6 
369.56 28.62 1.16 1 88.7 
369.75 28.82 1.17 1 88.7 
369.90 29.24 1.19 1 88.7 
370.11 29.60 1.20 1 88.7 
370.31 29.64 1.20 1 88.7 
370.49 29.94 1.19 1 90.5 
370.66 30.48 1.21 1 90.5 
370.88 30.35 1.21 1 90.5 
371.08 30.51 1.21 1 90.5 
371.32 30.65 1.22 1 90.5 
371.48 31.06 1.22 1 91.7 
371.71 31.41 1.23 1 91.7 
371.87 31.14 1.22 1 91.7 
372.37 31.60 1.24 1 91.7 
372.56 31.57 1.23 1 92.4 
372.74 31.85 1.24 1 92.4 
372.95 32.04 1.25 1 92.4 
373.15 31.89 1.24 1 92.4 
373.38 32.09 1.25 1 92.4 
373.61 32.23 1.25 1 92.7 
373.76 32.35 1.26 1 92.7 
373.96 32.45 1.26 1 92.7 
374.18 32.26 1.25 1 92.7 
374.45 31.80 1.24 1 92.7 
374.61 31.41 1.22 1 92.4 
374.76 31.64 1.23 1 92.4 
374.98 31.82 1.24 1 92.4 
375.13 31.98 1.25 1 92.4 
375.38 32.11 1.25 1 92.4 
375.52 31.61 1.24 1 91.9 
375.73 31.78 1.25 1 91.9 
375.94 31.35 1.23 1 91.9 
376.16 31.55 1.24 1 91.9 
376.42 32.88 1.29 1 91.9 
376.62 32.86 1.29 1 91.4 
376.80 33.95 1.34 1 91.4 
377.03 34.42 1.36 1 91.4 
377.31 35.72 1.41 1 91.4 
377.46 36.80 1.44 1 91.9 
377.62 37.28 1.46 1 91.9 
377.81 37.66 1.48 1 91.9 
377.96 37.58 1.47 1 91.9 
378.15 36.34 1.42 1 91.9 
378.38 36.83 1.44 1 91.9 
378.55 37.72 1.43 1 94.6 
378.72 37.66 1.43 1 94.6 
378.86 37.98 1.44 1 94.6 
379.10 -1.00 -1.00 1 94.6 
379.30 39.84 1.52 1 94.6 
379.53 115.30 4.35 2 95.5 
379.74 39.84 1.50 2 95.5 
379.94 40.27 1.52 2 95.5 
380.09 40.19 1.51 2 95.5 
380.38 41.07 1.55 2 95.5 
380.60 41.31 1.52 2 97.6 
380.81 41.51 1.53 2 97.6 
380.99 41.23 1.52 2 97.6 
381.29 41.42 1.53 2 97.6 
381.53 41.14 1.47 2 100.7 
381.71 41.32 1.48 2 100.7 
381.88 40.00 1.43 2 100.7 
382.38 39.90 1.43 2 100.7 
382.58 39.40 1.39 2 101.8 
382.83 38.96 1.38 2 101.8 
383.05 38.59 1.36 1 101.8 
383.35 38.24 1.35 1 101.8 
383.55 37.96 1.35 1 101.5 
383.71 37.35 1.32 2 101.5 
383.95 37.59 1.33 2 101.5 
384.13 37.40 1.33 2 101.5 
384.41 36.55 1.30 2 101.5 
384.63 35.80 1.28 2 100.5 
384.84 35.85 1.28 2 100.5 
385.07 35.21 1.26 2 100.5 
385.35 34.63 1.24 1 100.5 
385.51 34.14 1.23 1 99.8 
385.74 33.42 1.21 1 99.8 
385.95 34.29 1.24 1 99.8 
386.11 34.21 1.23 1 99.8 
386.39 33.81 1.22 1 99.8 
386.55 33.48 1.22 1 99.2 
386.77 33.18 1.20 1 99.2 
387.02 34.10 1.24 1 99.2 
387.22 34.45 1.25 1 99.2 
387.40 34.36 1.25 1 99.2 
387.63 34.65 1.27 1 98.3 
387.83 34.52 1.26 1 98.3 
388.02 34.79 1.27 1 98.3 
388.28 35.92 1.32 1 98.3 
388.44 35.97 1.32 1 98.0 
388.62 36.89 1.35 1 98.0 
388.82 38.21 1.40 1 98.0 
388.97 39.92 1.47 1 98.0 
389.12 40.24 1.48 1 98.0 
389.41 40.50 1.49 1 98.0 
389.60 40.75 1.51 1 97.2 
389.76 40.50 1.50 1 97.2 
389.91 40.70 1.51 1 97.2 
390.14 42.03 1.56 1 97.2 
390.38 43.13 1.60 1 97.2 
390.58 43.47 1.58 1 99.2 
390.77 43.77 1.59 1 99.2 
390.98 43.10 1.56 1 99.2 
391.15 42.94 1.56 1 99.2 
391.42 42.78 1.55 1 99.2 
391.60 42.64 1.51 1 101.4 
391.79 43.05 1.53 1 101.4 
391.97 43.37 1.54 1 101.4 
392.32 42.52 1.51 1 101.4 
392.56 41.98 1.45 1 104.3 
392.78 41.94 1.45 1 104.3 
392.97 43.03 1.49 1 104.3 
393.18 43.96 1.52 1 104.3 
393.38 43.67 1.51 1 104.3 
393.59 43.88 1.49 1 105.9 
393.75 43.14 1.47 1 105.9 
393.88 43.41 1.48 1 105.9 
394.09 44.97 1.53 1 105.9 
394.27 44.50 1.51 1 105.9 
394.45 44.59 1.52 1 105.9 
394.65 43.72 1.50 1 104.8 
394.86 43.42 1.49 1 104.8 
395.02 44.26 1.52 1 104.8 
395.26 44.40 1.53 1 104.8 
395.42 43.98 1.53 1 103.2 
395.65 43.17 1.51 1 103.2 
395.89 43.44 1.52 1 103.2 
396.12 44.26 1.54 1 103.2 
396.43 43.46 1.52 1 103.2 
396.66 43.15 1.50 1 103.6 
396.88 42.43 1.47 1 103.6 
397.07 42.27 1.47 1 103.6 
397.37 41.68 1.45 1 103.6 
397.60 41.65 1.48 1 101.2 
397.82 41.59 1.48 1 101.2 
398.01 41.54 1.48 1 101.2 
398.17 42.62 1.52 1 101.2 
398.41 41.27 1.47 1 101.2 
398.64 41.78 1.49 1 101.0 
398.86 42.24 1.51 1 101.0 
399.10 43.21 1.54 1 101.0 
399.46 -1.00 -1.00 1 101.0 
399.74 44.93 1.65 1 98.3 
399.99 44.45 1.63 1 98.3 
400.31 45.10 1.65 1 98.3 
400.57 44.60 1.60 1 100.6 
400.84 44.66 1.60 1 100.6 
401.09 -1.00 -1.00 1 100.6 
401.41 44.23 1.58 1 100.6 
401.61 44.31 1.55 1 102.6 
401.86 44.99 1.58 1 102.6 
402.14 45.54 1.60 1 102.6 
402.34 46.00 1.61 1 102.6 
402.55 45.37 1.58 1 103.1 
402.77 45.27 1.58 1 103.1 
403.03 46.48 1.62 1 103.1 
403.29 47.52 1.66 1 103.1 
403.54 47.17 1.66 1 102.3 
403.81 48.91 1.72 1 102.3 
404.09 49.61 1.74 1 102.3 
404.37 51.00 1.79 1 102.3 
404.62 50.77 1.80 1 101.3 
404.91 50.58 1.80 1 101.3 
405.15 51.05 1.81 1 101.3 
405.46 50.24 1.79 1 101.3 
405.68 49.50 1.77 1 100.5 
405.87 49.41 1.77 1 100.5 
406.12 48.72 1.75 1 100.5 
406.35 48.71 1.75 1 100.5 
406.57 51.17 1.84 1 99.9 
406.72 53.25 1.92 1 99.9 
406.98 52.73 1.90 1 99.9 
407.22 51.70 1.86 1 99.9 
407.50 51.30 1.85 1 99.9 
407.71 52.43 1.90 1 99.3 
407.93 52.63 1.91 1 99.3 
408.12 55.67 2.02 1 99.3 
408.40 57.11 2.07 1 99.3 
408.60 56.72 2.10 1 97.2 
408.76 57.07 2.11 1 97.2 
409.00 56.64 2.10 1 97.2 
409.16 56.22 2.08 1 97.2 
409.43 55.89 2.07 1 97.2 
409.63 56.35 2.11 1 96.1 
409.85 56.74 2.13 1 96.1 
410.09 56.33 2.11 1 96.1 
410.29 57.65 2.16 1 96.1 
410.60 58.81 2.20 1 96.1 
410.77 59.81 2.23 1 96.4 
410.99 61.78 2.31 1 96.4 
411.17 62.36 2.33 1 96.4 
411.47 60.70 2.27 1 96.4 
411.71 60.54 2.25 1 96.9 
411.94 59.65 2.21 1 96.9 
412.11 58.79 2.18 1 96.9 
412.35 57.40 2.13 1 96.9 
412.57 56.78 2.04 1 100.2 
412.85 57.04 2.05 1 100.2 
413.12 58.20 2.09 1 100.2 
413.36 59.18 2.13 1 100.2 
413.54 60.04 2.13 1 101.5 
413.77 59.16 2.10 1 101.5 
413.98 58.36 2.07 1 101.5 
414.18 58.42 2.07 1 101.5 
414.47 57.06 2.02 1 101.5 
414.67 56.50 2.00 1 101.6 
414.85 54.79 1.94 1 101.6 
415.07 54.46 1.93 1 101.6 
415.35 53.50 1.90 1 101.6 
415.60 52.68 1.86 1 102.0 
415.79 50.88 1.80 1 102.0 
416.06 49.28 1.74 1 102.0 
416.26 48.44 1.71 1 102.0 
416.54 47.68 1.67 1 102.5 
416.77 45.69 1.60 1 102.5 
416.94 44.34 1.56 1 102.5 
417.20 43.18 1.52 1 102.5 
417.44 41.42 1.45 1 102.5 
417.70 41.14 1.45 1 102.1 
417.93 39.64 1.40 1 102.1 
418.17 38.01 1.34 1 102.1 
418.42 36.63 1.29 1 102.1 
418.64 35.17 1.25 1 101.1 
418.85 33.93 1.21 1 101.1 
419.09 32.91 1.17 1 101.1 
419.36 31.76 1.13 1 101.1 
419.58 30.81 1.10 1 100.8 
419.82 30.05 1.07 1 100.8 
420.07 29.13 1.04 1 100.8 
420.33 28.39 1.01 1 100.8 
420.60 28.05 1.01 1 99.9 
420.82 27.51 0.99 1 99.9 
421.06 27.08 0.98 1 99.9 
421.35 26.77 0.96 1 99.9 
421.59 25.82 0.94 1 99.3 
421.82 25.75 0.93 1 99.3 
422.01 25.45 0.92 1 99.3 
422.23 25.22 0.91 1 99.3 
422.46 25.30 0.92 1 99.3 
422.68 25.66 0.94 1 98.4 
422.93 25.67 0.94 1 98.4 
423.15 25.98 0.95 1 98.4 
423.44 26.21 0.96 1 98.4 
423.61 25.90 0.97 1 96.1 
423.86 25.66 0.96 2 96.1 
424.16 25.99 0.97 1 96.1 
424.42 25.98 0.97 1 96.1 
424.65 25.73 0.97 1 95.9 
424.90 25.55 0.96 1 95.9 
425.12 25.65 0.96 1 95.9 
425.42 25.50 0.96 1 95.9 
425.66 25.37 0.96 1 95.0 
425.86 25.53 0.97 1 95.0 
426.14 25.67 0.97 1 95.0 
426.35 26.06 0.99 1 95.0 
426.61 26.11 1.00 1 93.6 
426.79 26.17 1.01 1 93.6 
427.00 26.21 1.01 1 93.6 
427.22 26.26 1.01 1 93.6 
427.50 26.88 1.03 1 93.6 
427.75 26.36 1.02 1 93.4 
428.00 26.40 1.02 1 93.4 
428.29 26.74 1.03 1 93.4 
428.55 26.73 1.04 1 92.1 
428.74 26.74 1.04 1 92.1 
428.99 26.73 1.04 1 92.1 
429.20 26.47 1.03 1 92.1 
429.52 26.78 1.05 1 92.1 
429.81 27.32 1.08 1 91.3 
430.01 26.98 1.06 1 91.3 
430.22 26.70 1.05 1 91.3 
430.48 26.72 1.05 1 91.3 
430.71 26.49 1.05 1 90.8 
430.95 26.32 1.04 1 90.8 
431.13 25.96 1.03 1 90.8 
431.39 25.44 1.01 1 90.8 
431.64 25.45 0.99 1 92.6 
431.92 25.48 0.99 1 92.6 
432.10 25.48 0.99 1 92.6 
432.37 25.49 0.99 1 92.6 
432.60 25.48 0.99 1 92.6 
432.86 25.73 1.00 1 92.6 
433.11 25.26 0.98 1 92.6 
433.36 24.88 0.97 1 92.6 
433.58 25.01 0.98 1 91.6 
433.81 24.52 0.96 1 91.6 
433.99 24.31 0.96 1 91.6 
434.29 23.58 0.93 1 91.6 
434.52 23.00 0.91 1 91.2 
434.73 22.51 0.89 1 91.2 
434.96 22.29 0.88 1 91.2 
435.17 22.30 0.88 1 91.2 
435.49 22.12 0.87 1 91.2 
435.72 21.98 0.87 1 90.6 
435.93 21.88 0.87 1 90.6 
436.19 21.45 0.85 1 90.6 
436.48 21.26 0.85 1 90.6 
436.67 20.81 0.84 1 89.4 
436.97 20.44 0.82 1 89.4 
437.33 20.02 0.81 1 89.4 
437.55 19.69 0.80 1 88.8 
437.79 19.73 0.80 1 88.8 
438.04 19.33 0.78 2 88.8 
438.38 19.14 0.78 1 88.8 
438.67 18.99 0.78 1 88.1 
438.90 18.33 0.75 1 88.1 
439.20 17.83 0.73 1 88.1 
439.58 17.33 0.71 1 88.1 
439.84 16.55 0.69 1 86.9 
440.15 16.13 0.67 1 86.9 
440.49 15.92 0.66 1 86.9 
440.73 15.36 0.64 1 86.5 
441.09 14.94 0.62 1 86.5 
441.41 14.61 0.61 1 86.5 
441.63 14.29 0.60 1 85.6 
441.92 13.95 0.59 1 85.6 
442.37 12.71 0.53 1 85.6 
442.63 12.95 0.55 1 84.9 
442.85 12.64 0.54 1 84.9 
443.11 12.27 0.52 1 84.9 
443.36 11.99 0.51 1 84.9 
443.60 11.80 0.50 1 85.2 
443.83 12.32 0.52 1 85.2 
444.04 12.51 0.53 1 85.2 
444.34 12.56 0.53 1 85.2 
444.53 12.86 0.60 1 76.7 
444.74 13.01 0.61 1 76.7 
445.07 13.22 0.62 1 76.7 
445.34 13.38 0.63 1 76.7 
445.61 13.80 0.64 1 77.9 
445.84 14.47 0.67 1 77.9 
446.12 14.97 0.69 1 77.9 
446.43 15.62 0.72 1 77.9 
446.63 15.86 0.71 1 80.3 
446.86 16.72 0.75 1 80.3 
447.09 16.96 0.76 1 80.3 
447.39 17.43 0.78 1 80.3 
447.62 17.81 0.77 1 82.8 
447.82 18.11 0.79 1 82.8 
448.01 18.49 0.80 1 82.8 
448.36 18.80 0.82 1 82.8 
448.65 18.75 0.81 1 83.1 
448.86 18.59 0.81 1 83.1 
449.16 19.02 0.82 1 83.1 
449.44 19.37 0.84 1 83.1 
449.71 18.84 0.82 1 83.1 
449.90 19.60 0.85 1 83.1 
450.15 19.83 0.86 1 83.1 
450.47 19.59 0.85 1 83.1 
450.71 19.25 0.82 1 84.8 
450.90 19.11 0.81 1 84.8 
451.13 19.13 0.81 1 84.8 
451.43 18.77 0.80 1 84.8 
451.65 18.86 0.80 1 84.6 
451.88 18.67 0.79 1 84.6 
452.12 18.08 0.77 1 84.6 
452.43 18.04 0.77 1 84.6 
452.69 17.77 0.76 1 83.9 
452.91 17.55 0.75 1 83.9 
453.19 17.65 0.76 1 83.9 
453.46 17.37 0.75 1 83.9 
453.71 17.50 0.76 1 83.0 
454.03 17.04 0.74 1 83.0 
454.23 16.56 0.72 1 83.0 
454.55 16.28 0.71 1 83.0 
454.79 15.96 0.70 1 82.5 
455.05 15.92 0.69 1 82.5 
455.38 15.87 0.69 1 82.5 
455.58 15.64 0.69 1 81.4 
455.89 15.77 0.70 1 81.4 
456.17 15.70 0.69 1 81.4 
456.52 15.94 0.70 1 81.4 
456.80 15.64 0.70 1 80.9 
457.02 15.58 0.69 1 80.9 
457.27 15.86 0.71 1 80.9 
457.52 15.73 0.68 1 83.1 
457.83 16.23 0.70 1 83.1 
458.04 16.36 0.71 1 83.1 
458.33 16.46 0.71 1 83.1 
458.51 16.54 0.70 1 84.9 
458.80 16.62 0.70 1 84.9 
459.11 16.68 0.71 1 84.9 
459.42 16.62 0.70 1 84.9 
459.64 16.68 0.71 1 84.1 
459.90 16.43 0.70 1 84.1 
460.14 16.34 0.70 1 84.1 
460.45 16.15 0.69 1 84.1 
460.76 16.33 0.71 1 82.8 
461.00 16.72 0.73 1 82.8 
461.25 16.77 0.73 1 82.8 
461.57 16.81 0.73 1 82.8 
461.79 16.96 0.73 1 84.1 
462.37 17.53 0.75 1 84.1 
462.64 17.94 0.76 1 85.2 
462.92 17.86 0.75 1 85.2 
463.21 17.92 0.76 1 85.2 
463.54 17.96 0.76 1 85.2 
463.86 18.14 0.77 1 84.9 
464.11 18.14 0.77 1 84.9 
464.46 18.00 0.76 1 84.9 
464.69 17.89 0.75 1 85.6 
464.93 17.91 0.75 1 85.6 
465.32 17.92 0.75 1 85.6 
465.56 18.51 0.77 1 86.5 
465.81 18.68 0.78 1 86.5 
466.08 18.81 0.78 1 86.5 
466.39 19.07 0.79 1 86.5 
466.67 18.99 0.81 1 84.8 
466.90 19.22 0.82 1 84.8 
467.19 19.12 0.81 1 84.8 
467.41 19.48 0.83 1 84.8 
467.65 19.47 0.84 1 83.4 
468.00 19.59 0.85 1 83.4 
468.21 19.83 0.86 1 83.4 
468.56 20.19 0.87 1 83.4 
468.75 20.31 0.88 1 83.4 
469.00 20.43 0.88 1 83.4 
469.39 20.83 0.90 1 83.4 
469.68 20.43 0.87 1 84.9 
469.99 20.70 0.88 1 84.9 
470.35 20.90 0.89 1 84.9 
470.58 21.24 0.88 1 86.6 
470.87 21.70 0.90 1 86.6 
471.15 21.70 0.90 1 86.6 
471.44 21.69 0.90 1 86.6 
471.75 21.67 0.88 1 88.6 
472.06 22.20 0.90 1 88.6 
472.36 22.64 0.92 1 88.6 
472.64 22.80 0.94 1 86.9 
472.95 22.75 0.94 1 86.9 
473.20 22.72 0.94 1 86.9 
473.55 23.07 0.96 1 86.9 
473.73 23.36 0.97 1 86.8 
474.06 23.80 0.99 1 86.8 
474.44 23.95 0.99 1 86.8 
474.72 23.88 0.99 1 87.0 
474.93 24.01 0.99 1 87.0 
475.31 23.92 0.99 1 87.0 
475.58 24.50 1.01 1 87.0 
475.92 24.32 1.01 1 87.0 
476.20 24.01 0.99 1 87.0 
476.49 23.40 0.97 1 87.0 
476.79 23.41 0.98 1 86.1 
477.08 23.42 0.98 1 86.1 
477.40 23.62 0.99 1 86.1 
477.68 23.57 0.99 1 85.4 
477.94 23.74 1.00 1 85.4 
478.28 23.66 1.00 1 85.4 
478.52 23.08 0.98 1 85.1 
478.78 22.92 0.97 1 85.1 
479.04 22.79 0.96 1 85.1 
479.43 23.08 0.98 1 85.1 
479.66 23.51 0.98 1 85.9 
479.99 23.27 0.97 1 85.9 
480.39 22.91 0.96 1 85.9 
480.71 22.96 0.95 1 87.2 
481.01 22.81 0.94 1 87.2 
481.27 22.88 0.94 1 87.2 
481.60 22.75 0.94 1 87.2 
481.86 22.65 0.92 1 88.8 
482.42 22.05 0.89 1 88.8 
482.69 22.29 0.91 1 88.5 
483.01 22.91 0.93 1 88.5 
483.40 23.19 0.94 1 88.5 
483.68 23.24 0.96 1 86.9 
483.94 23.06 0.96 1 86.9 
484.16 23.10 0.96 1 86.9 
484.49 22.95 0.95 1 86.9 
484.77 23.42 0.99 1 85.4 
485.00 23.40 0.99 1 85.4 
485.31 23.18 0.98 1 85.4 
485.67 23.01 0.99 1 83.8 
485.87 22.87 0.98 1 83.8 
486.13 23.12 0.99 1 83.8 
486.45 23.34 1.00 1 83.8 
486.76 22.81 0.99 1 82.9 
486.97 22.52 0.98 1 82.9 
487.33 22.64 0.98 1 82.9 
487.55 22.56 0.98 1 82.5 
487.80 22.15 0.97 1 82.5 
488.15 22.16 0.97 1 82.5 
488.36 22.55 0.98 1 82.5 
488.67 22.87 0.99 1 83.2 
488.93 23.33 1.01 1 83.2 
489.18 23.50 1.02 1 83.2 
489.54 23.63 1.02 1 83.2 
489.76 23.54 1.02 1 82.9 
490.03 23.88 1.04 1 82.9 
490.41 23.56 1.02 1 82.9 
490.67 23.90 1.04 1 82.8 
490.95 24.17 1.05 1 82.8 
491.19 24.86 1.08 1 82.8 
491.46 24.74 1.08 1 82.8 
491.82 24.86 1.06 1 84.7 
492.53 25.95 1.10 1 84.7 
492.79 26.31 1.09 1 86.7 
493.12 26.61 1.11 1 86.7 
493.49 26.61 1.11 1 86.7 
493.76 26.37 1.07 2 88.4 
494.08 25.97 1.06 3 88.4 
494.49 26.07 1.06 1 88.4 
494.75 -1.00 -1.00 1 89.5 
494.96 25.98 1.05 1 89.5 
495.37 26.08 1.05 1 89.5 
495.62 25.95 1.04 1 89.9 
495.90 26.56 1.06 1 89.9 
496.18 26.34 1.05 1 89.9 
496.63 26.37 1.06 1 89.9 
497.00 26.17 1.07 1 88.0 
497.35 25.79 1.06 1 88.0 
497.64 25.68 1.05 1 88.3 
497.92 25.02 1.02 1 88.3 
498.18 24.63 1.00 1 88.3 
498.48 24.32 0.99 1 88.3 
498.73 24.27 1.00 1 87.0 
499.00 24.42 1.01 1 87.0 
499.25 24.56 1.02 1 87.0 
499.59 24.09 1.00 1 87.0 
499.92 24.50 0.99 1 89.1 
500.27 24.86 1.00 1 89.1 
500.48 24.91 1.02 1 88.2 
500.79 24.75 1.01 1 88.2 
501.10 24.64 1.01 1 88.2 
501.40 24.33 0.99 1 88.2 
501.72 23.92 0.97 1 89.0 
502.34 23.76 0.96 1 89.0 
502.65 23.26 0.94 1 89.4 
502.92 22.68 0.91 1 89.4 
503.34 22.54 0.91 1 89.4 
503.54 22.42 0.91 1 89.1 
503.84 22.70 0.92 1 89.1 
504.13 22.23 0.90 1 89.1 
504.39 21.99 0.89 1 89.1 
504.71 21.65 0.89 1 87.2 
504.93 21.37 0.88 1 87.2 
505.18 20.71 0.86 1 87.2 
505.54 20.62 0.85 1 87.2 
505.82 20.58 0.87 1 84.9 
506.20 20.54 0.87 1 84.9 
506.55 20.37 0.86 1 84.9 
506.87 20.71 0.90 1 83.3 
507.13 20.63 0.89 1 83.3 
507.59 20.90 0.90 1 83.3 
507.87 21.11 0.93 1 81.9 
508.24 21.11 0.93 1 81.9 
508.57 21.12 0.93 1 81.9 
508.85 21.12 0.91 1 83.1 
509.22 21.11 0.91 1 83.1 
509.55 20.76 0.90 1 83.1 
509.84 20.51 0.87 1 84.4 
510.13 20.18 0.86 1 84.4 
510.42 20.20 0.86 1 84.4 
510.78 20.38 0.86 1 85.4 
511.09 20.20 0.85 1 85.4 
511.50 20.08 0.85 1 85.4 
511.82 20.12 0.83 1 86.8 
512.56 19.94 0.83 1 86.8 
512.88 19.87 0.81 1 88.8 
513.18 19.67 0.80 1 88.8 
513.53 19.69 0.80 1 88.8 
513.82 19.55 0.77 1 90.8 
514.19 19.44 0.77 1 90.8 
514.52 18.99 0.75 1 90.8 
514.74 18.27 0.71 1 92.9 
515.11 18.14 0.70 1 92.9 
515.40 17.92 0.69 1 92.9 
515.66 17.74 0.67 1 95.4 
515.99 17.47 0.66 1 95.4 
516.37 17.38 0.66 1 95.4 
516.82 17.18 0.65 1 95.3 
517.15 17.89 0.68 1 95.3 
517.54 17.28 0.65 1 95.3 
517.77 17.00 0.65 1 94.5 
518.17 16.47 0.63 1 94.5 
518.53 16.05 0.61 1 94.5 
518.76 15.64 0.60 1 93.6 
519.17 15.32 0.59 1 93.6 
519.60 14.91 0.57 1 93.6 
519.89 14.53 0.57 1 92.3 
520.20 14.13 0.55 1 92.3 
520.46 14.18 0.55 1 92.3 
520.73 13.96 0.54 1 92.9 
521.00 13.80 0.53 1 92.9 
521.36 13.85 0.54 1 92.9 
521.56 13.88 0.54 1 92.4 
521.90 13.72 0.53 1 92.4 
522.18 13.60 0.53 1 92.4 
522.56 13.61 0.53 1 92.4 
522.93 13.53 0.52 1 92.8 
523.20 13.55 0.53 1 92.8 
523.50 13.57 0.53 1 92.8 
523.74 13.77 0.53 1 92.9 
524.01 13.66 0.53 1 92.9 
524.34 13.76 0.53 1 92.9 
524.63 13.75 0.54 1 92.5 
524.99 13.68 0.53 1 92.5 
525.35 13.88 0.54 1 92.5 
525.71 14.02 0.54 1 93.9 
526.06 14.22 0.55 1 93.9 
526.42 14.50 0.56 1 93.9 
526.78 14.60 0.57 1 92.7 
527.12 14.68 0.57 2 92.7 
527.46 14.66 0.57 3 92.7 
527.85 14.74 0.57 1 92.6 
528.04 14.61 0.57 1 92.6 
528.48 14.91 0.58 1 92.6 
528.80 14.60 0.56 1 93.1 
529.18 14.20 0.55 1 93.1 
529.50 14.38 0.56 1 93.1 
529.95 14.03 0.54 1 93.3 
530.18 13.99 0.54 1 93.3 
530.51 14.24 0.55 1 93.3 
530.84 14.15 0.54 1 93.7 
531.13 14.26 0.55 1 93.7 
531.44 13.94 0.54 1 93.7 
531.79 13.92 0.53 1 94.1 
532.55 13.81 0.53 2 94.1 
532.85 13.58 0.52 1 94.9 
533.17 13.75 0.52 1 94.9 
533.51 13.78 0.52 1 94.9 
533.92 13.57 0.52 1 94.1 
534.16 13.40 0.51 1 94.1 
534.46 13.14 0.50 1 94.1 
534.77 13.24 0.51 1 93.7 
535.07 13.32 0.51 1 93.7 
535.42 13.57 0.52 1 93.7 
535.64 13.75 0.53 1 93.1 
535.93 13.80 0.53 1 93.1 
536.20 14.01 0.54 1 93.1 
536.55 14.29 0.55 1 93.1 
536.79 14.56 0.58 1 90.8 
537.02 14.70 0.58 1 90.8 
537.31 15.12 0.60 1 90.8 
537.61 15.35 0.60 1 92.1 
537.93 15.85 0.62 1 92.1 
538.15 16.37 0.64 1 92.1 
538.41 16.55 0.65 1 92.1 
538.70 16.79 0.65 1 93.5 
538.89 16.87 0.65 1 93.5 
539.22 16.82 0.65 1 93.5 
539.62 16.76 0.65 1 93.5 
539.93 16.72 0.64 1 93.3 
540.13 16.49 0.64 1 93.3 
540.48 16.62 0.64 1 93.3 
540.72 16.50 0.63 1 93.7 
541.03 16.05 0.62 1 93.7 
541.33 16.27 0.62 2 93.7 
541.69 16.12 0.61 1 94.5 
542.42 15.54 0.59 1 94.5 
542.66 15.11 0.57 1 94.7 
542.93 14.92 0.57 1 94.7 
543.19 14.70 0.56 1 94.7 
543.52 14.61 0.56 1 94.7 
543.77 13.95 0.54 1 93.6 
544.13 13.18 0.51 1 93.6 
544.38 12.57 0.48 1 93.6 
544.66 12.00 0.49 1 89.0 
544.92 11.61 0.47 1 89.0 
545.19 11.07 0.45 1 89.0 
545.52 10.76 0.44 1 89.0 
545.75 10.53 0.46 1 82.6 
546.05 10.27 0.45 1 82.6 
546.42 10.08 0.44 1 82.6 
546.71 9.85 0.43 1 82.8 
546.93 9.69 0.42 1 82.8 
547.17 9.56 0.42 1 82.8 
547.55 9.79 0.43 1 82.8 
547.80 9.65 0.42 1 82.3 
548.10 10.03 0.44 1 82.3 
548.49 10.19 0.45 1 82.3 
548.75 9.88 0.42 1 83.9 
549.08 9.64 0.41 1 83.9 
549.45 9.46 0.41 1 83.9 
549.72 9.32 0.40 1 84.1 
550.05 9.14 0.39 1 84.1 
550.45 10.52 0.45 1 84.1 
550.74 10.00 0.43 1 84.5 
551.00 9.65 0.41 1 84.5 
551.35 9.33 0.40 1 84.5 
551.67 9.08 0.38 1 85.2 
552.45 8.56 0.36 1 85.2 
552.78 8.61 0.37 1 84.6 
553.12 9.15 0.39 1 84.6 
553.56 8.99 0.38 1 84.6 
553.85 8.79 0.36 1 88.0 
554.13 9.08 0.37 1 88.0 
554.55 9.10 0.37 1 88.0 
554.81 9.21 0.40 1 82.3 
555.16 9.65 0.42 1 82.3 
555.49 10.03 0.44 1 82.3 
555.81 10.29 0.47 1 79.2 
556.01 11.21 0.51 1 79.2 
556.33 11.55 0.53 1 79.2 
556.59 12.30 0.55 1 80.2 
556.82 12.95 0.58 1 80.2 
557.04 13.54 0.61 1 80.2 
557.34 14.41 0.65 1 80.2 
557.61 15.19 0.66 1 82.9 
557.90 15.92 0.69 1 82.9 
558.12 16.37 0.71 1 82.9 
558.42 17.27 0.75 1 82.9 
558.68 17.98 0.78 1 83.2 
558.90 18.68 0.81 1 83.2 
559.33 19.10 0.83 1 83.2 
559.69 19.74 0.84 1 84.2 
560.00 19.79 0.85 1 84.2 
560.31 20.11 0.86 1 84.2 
560.68 20.38 0.86 1 85.0 
560.98 20.61 0.87 1 85.0 
561.20 20.94 0.89 1 85.0 
561.60 21.19 0.90 1 85.0 
561.89 21.41 0.85 1 90.8 
562.53 21.55 0.85 1 90.8 
562.79 21.52 0.86 1 90.2 
563.09 21.32 0.85 1 90.2 
563.37 21.45 0.86 1 90.2 
563.67 21.56 0.85 1 91.0 
564.03 21.64 0.86 1 91.0 
564.41 21.69 0.86 1 91.0 
564.66 22.09 0.89 1 89.6 
565.07 22.24 0.89 1 89.6 
565.42 22.21 0.89 1 89.6 
565.68 22.02 0.90 1 88.5 
565.97 22.58 0.92 1 88.5 
566.38 24.68 1.00 1 88.5 
566.59 23.85 0.97 1 88.4 
566.89 23.69 0.96 1 88.4 
567.11 23.37 0.95 1 88.4 
567.42 23.46 0.96 1 88.4 
567.77 23.02 0.93 1 88.9 
568.06 22.80 0.92 1 88.9 
568.35 22.62 0.92 1 88.9 
568.65 23.01 0.93 1 89.5 
568.97 22.62 0.91 1 89.5 
569.24 22.28 0.90 1 89.5 
569.58 21.86 0.88 1 89.5 
569.87 21.22 0.85 1 90.1 
570.35 20.58 0.82 1 90.1 
570.62 20.20 0.82 1 88.4 
570.90 19.51 0.79 1 88.4 
571.20 19.04 0.78 1 88.4 
571.51 18.35 0.75 1 88.4 
571.80 17.78 0.74 1 86.0 
572.37 17.25 0.72 1 86.0 
572.63 17.13 0.73 1 84.0 
572.88 17.05 0.73 1 84.0 
573.19 16.99 0.73 1 84.0 
573.44 16.72 0.72 1 84.0 
573.79 16.73 0.71 1 85.3 
574.08 17.43 0.74 1 85.3 
574.43 17.31 0.73 1 85.3 
574.77 17.21 0.74 1 83.8 
575.09 17.12 0.74 1 83.8 
575.51 17.29 0.74 1 83.8 
575.80 17.44 0.74 1 84.7 
576.21 17.21 0.73 1 84.7 
576.65 17.02 0.72 1 84.7 
576.87 17.51 0.73 1 86.8 
577.15 18.02 0.75 1 86.8 
577.51 18.59 0.77 1 86.8 
577.81 18.26 0.77 1 85.0 
578.13 17.98 0.76 1 85.0 
578.47 18.44 0.78 1 85.0 
578.70 18.96 0.82 1 83.1 
579.05 19.34 0.84 1 83.1 
579.29 19.10 0.83 1 83.1 
579.57 18.89 0.81 1 83.5 
579.87 19.14 0.83 1 83.5 
580.17 19.19 0.83 1 83.5 
580.49 19.51 0.84 1 83.5 
580.80 19.93 0.87 1 82.5 
581.13 20.27 0.88 1 82.5 
581.49 20.39 0.89 1 82.5 
581.84 20.49 0.91 1 80.9 
582.14 20.90 0.93 1 80.9 
582.53 21.03 0.94 1 80.9 
582.77 20.97 0.92 1 81.7 
583.06 21.66 0.95 1 81.7 
583.46 21.84 0.96 1 81.7 
583.70 22.13 0.93 1 85.6 
584.08 22.21 0.93 1 85.6 
584.42 22.28 0.94 1 85.6 
584.66 22.74 0.93 1 87.7 
585.11 22.89 0.94 1 87.7 
585.43 -1.00 -1.00 1 87.7 
585.67 23.33 0.94 1 89.4 
585.92 23.20 0.93 1 89.4 
586.17 23.09 0.93 1 89.4 
586.50 22.99 0.93 1 89.4 
586.82 23.09 0.93 1 88.9 
587.09 22.81 0.92 1 88.9 
587.36 22.75 0.92 1 88.9 
587.56 22.70 0.92 1 88.7 
587.84 22.47 0.91 1 88.7 
588.09 22.47 0.91 1 88.7 
588.37 22.12 0.90 1 88.7 
588.67 21.82 0.88 1 89.5 
589.00 21.44 0.86 1 89.5 
589.24 20.96 0.84 1 89.5 
589.54 20.44 0.82 1 89.5 
589.73 20.17 0.79 1 92.2 
590.05 19.68 0.77 1 92.2 
590.43 19.29 0.75 1 92.2 
590.66 18.99 0.75 1 91.7 
590.94 19.01 0.75 1 91.7 
591.29 18.53 0.73 1 91.7 
591.57 17.81 0.71 1 90.0 
591.82 17.43 0.70 1 90.0 
592.12 16.80 0.67 1 90.0 
592.38 16.32 0.65 1 90.0 
592.63 15.95 0.65 1 88.0 
592.93 15.66 0.64 1 88.0 
593.16 15.18 0.62 1 88.0 
593.53 15.17 0.62 1 88.0 
593.77 15.41 0.64 1 86.4 
593.97 15.69 0.65 1 86.4 
594.23 15.69 0.65 1 86.4 
594.56 16.16 0.67 1 86.4 
594.82 16.42 0.70 1 84.6 
595.10 16.49 0.70 1 84.6 
595.51 16.79 0.71 1 84.6 
595.79 16.81 0.71 1 85.6 
596.08 16.83 0.71 1 85.6 
596.39 16.95 0.71 1 85.6 
596.64 17.05 0.69 1 88.8 
596.88 17.24 0.70 1 88.8 
597.14 17.40 0.71 1 88.8 
597.46 17.65 0.72 1 88.8 
597.70 18.00 0.71 1 90.7 
597.96 18.26 0.72 1 90.7 
598.21 18.33 0.73 1 90.7 
598.53 18.67 0.74 1 90.7 
598.82 18.66 0.74 1 90.5 
599.13 19.09 0.76 1 90.5 
599.46 19.11 0.76 1 90.5 
599.78 19.29 0.79 1 87.4 
600.12 20.12 0.83 1 87.4 
600.47 20.40 0.84 1 87.4 
600.67 20.05 0.83 1 87.4 
600.99 20.04 0.83 1 87.4 
601.35 20.36 0.84 1 87.4 
601.60 21.00 0.84 1 90.4 
601.90 21.49 0.86 1 90.4 
602.16 -1.00 -1.00 1 90.4 
602.57 22.94 0.91 1 90.4 
602.77 23.25 0.89 1 93.7 
603.07 23.49 0.90 1 93.7 
603.40 24.13 0.93 1 93.7 
603.65 24.88 0.94 1 95.6 
603.97 -1.00 -1.00 1 95.6 
604.16 26.78 1.01 1 95.6 
604.49 27.62 1.04 1 95.6 
604.79 27.30 1.03 1 95.8 
605.10 27.25 1.02 1 95.8 
605.38 26.96 1.01 1 95.8 
605.64 26.54 0.99 1 96.6 
605.89 26.16 0.97 1 96.6 
606.24 26.27 0.98 1 96.6 
606.46 25.94 0.97 1 96.6 
606.70 25.47 0.94 1 97.7 
606.93 25.05 0.92 1 97.7 
607.21 24.37 0.90 1 97.7 
607.53 24.35 0.90 1 97.7 
607.80 24.78 0.89 1 100.4 
608.13 24.50 0.88 1 100.4 
608.44 24.27 0.87 1 100.4 
608.72 24.27 0.86 1 101.3 
609.05 24.10 0.86 1 101.3 
609.37 23.60 0.84 1 101.3 
609.69 23.18 0.83 1 100.0 
609.93 22.52 0.81 1 100.0 
610.35 22.29 0.80 1 100.0 
610.65 22.46 0.83 1 97.9 
610.97 22.24 0.82 1 97.9 
611.42 21.89 0.80 1 97.9 
611.73 21.95 0.82 2 96.1 
612.06 21.82 0.82 2 96.1 
612.35 21.88 0.82 2 96.1 
612.71 21.75 0.82 2 95.0 
612.92 22.20 0.84 2 95.0 
613.32 22.21 0.84 2 95.0 
613.60 21.87 0.81 2 97.1 
613.88 21.60 0.80 2 97.1 
614.19 21.39 0.79 2 97.1 
614.61 21.21 0.79 2 97.1 
614.92 21.39 0.78 2 99.3 
615.33 21.57 0.78 2 99.3 
615.66 21.69 0.76 2 102.3 
616.00 21.77 0.77 2 102.3 
616.43 21.51 0.76 2 102.3 
616.74 21.44 0.74 2 104.0 
617.02 21.40 0.74 2 104.0 
617.42 21.73 0.75 2 104.0 
617.70 21.82 0.75 2 104.7 
617.97 21.71 0.75 2 104.7 
618.38 21.47 0.74 2 104.7 
618.62 21.43 0.72 2 106.9 
618.86 21.59 0.73 2 106.9 
619.13 21.71 0.73 2 106.9 
619.43 21.81 0.73 2 106.9 
619.72 21.41 0.74 2 104.9 
619.98 21.57 0.74 2 104.9 
620.27 21.36 0.73 2 104.9 
620.57 21.54 0.74 2 104.1 
620.92 21.66 0.75 2 104.1 
621.32 21.77 0.75 2 104.1 
621.64 21.67 0.75 2 103.6 
621.84 21.79 0.76 2 103.6 
622.14 21.86 0.76 2 103.6 
622.44 22.11 0.77 2 103.6 
622.71 22.13 0.77 2 103.1 
622.99 22.15 0.77 2 103.1 
623.33 22.17 0.77 2 103.1 
623.65 22.57 0.79 2 102.8 
623.84 23.10 0.81 2 102.8 
624.12 22.94 0.80 2 102.8 
624.48 23.18 0.81 2 102.8 
624.68 23.38 0.80 2 105.0 
625.01 23.34 0.80 2 105.0 
625.40 -1.00 -1.00 1 105.0 
625.70 24.35 0.81 1 107.6 
625.94 24.78 0.83 1 107.6 
626.18 25.13 0.84 1 107.6 
626.45 24.32 0.81 2 107.6 
626.89 23.77 0.79 2 107.7 
627.22 23.67 0.79 1 107.7 
627.55 23.39 0.78 1 107.7 
627.91 -1.00 -1.00 1 107.7 
628.27 23.93 0.80 1 107.7 
628.58 24.17 0.82 1 106.2 
628.91 24.15 0.82 1 106.2 
629.13 23.78 0.81 1 106.2 
629.43 23.48 0.80 1 106.2 
629.77 23.22 0.77 1 109.2 
630.01 23.18 0.76 1 109.2 
630.39 22.99 0.76 1 109.2 
630.70 22.81 0.75 1 109.6 
631.03 23.01 0.76 1 109.6 
631.32 -1.00 -1.00 1 109.6 
631.58 -1.00 -1.00 1 109.8 
631.87 -1.00 -1.00 1 109.8 
632.13 -1.00 -1.00 1 109.8 
632.42 -1.00 -1.00 1 109.8 
632.69 -1.00 -1.00 1 110.0 
632.98 -1.00 -1.00 1 110.0 
633.26 -1.00 -1.00 1 110.0 
633.55 -1.00 -1.00 1 110.0 
633.76 -1.00 -1.00 1 109.4 
634.00 -1.00 -1.00 1 109.4 
634.36 -1.00 -1.00 1 109.4 
634.63 -1.00 -1.00 1 108.1 
634.97 -1.00 -1.00 1 108.1 
635.30 -1.00 -1.00 1 108.1 
635.52 -1.00 -1.00 1 107.0 
635.82 -1.00 -1.00 1 107.0 
636.01 -1.00 -1.00 1 107.0 
636.33 -1.00 -1.00 1 107.0 
636.58 -1.00 -1.00 1 105.5 
636.86 21.26 0.73 1 105.5 
637.11 20.96 0.72 1 105.5 
637.37 20.71 0.71 1 105.5 
637.65 20.66 0.72 1 103.1 
637.87 20.62 0.72 1 103.1 
638.09 20.74 0.72 1 103.1 
638.43 20.85 0.73 1 103.1 
638.71 21.11 0.73 1 103.6 
639.01 21.32 0.74 1 103.6 
639.32 21.31 0.74 1 103.6 
639.60 21.48 0.76 1 101.8 
639.94 21.29 0.75 1 101.8 
640.22 21.66 0.77 1 101.8 
640.59 21.75 0.77 1 101.8 
640.78 21.84 0.77 1 101.8 
641.00 22.49 0.80 1 101.8 
641.32 22.26 0.79 1 101.8 
641.52 23.05 0.83 1 99.6 
641.84 23.27 0.84 1 99.6 
642.13 23.43 0.85 1 99.6 
642.53 24.02 0.87 1 99.6 
642.82 25.00 0.91 1 98.4 
643.07 25.54 0.93 2 98.4 
643.43 26.25 0.96 2 98.4 
643.74 26.84 0.99 2 97.9 
644.00 27.31 1.00 2 97.9 
644.39 27.71 1.02 2 97.9 
644.60 28.05 1.04 2 96.9 
644.91 28.59 1.06 2 96.9 
645.23 29.04 1.08 2 96.9 
645.63 29.73 1.10 2 96.9 
645.86 30.65 1.13 2 97.4 
646.22 31.07 1.15 2 97.4 
646.54 33.05 1.22 2 97.4 
646.85 33.75 1.23 2 98.4 
647.12 34.33 1.26 2 98.4 
647.44 35.24 1.29 2 98.4 
647.69 35.59 1.30 2 98.4 
648.00 35.23 1.29 2 98.4 
648.37 35.20 1.29 2 98.4 
648.72 35.55 1.29 2 99.4 
648.98 34.67 1.26 2 99.4 
649.22 34.09 1.24 2 99.4 
649.53 35.04 1.27 2 99.4 
649.74 35.41 1.28 2 99.3 
650.11 34.73 1.26 2 99.3 
650.50 34.79 1.26 2 99.3 
650.77 35.22 1.21 2 105.0 
651.07 34.87 1.20 2 105.0 
651.41 34.89 1.20 2 105.0 
651.72 35.30 1.22 2 103.8 
652.03 35.25 1.22 2 103.8 
652.33 34.88 1.21 2 103.8 
652.64 34.25 1.20 2 102.4 
652.97 -1.00 -1.00 2 102.4 
653.33 34.41 1.21 1 102.4 
653.68 34.13 1.21 1 101.2 
653.98 34.18 1.22 1 101.2 
654.35 34.21 1.22 1 101.2 
654.61 33.92 1.22 1 100.4 
654.96 33.64 1.21 1 100.4 
655.18 34.58 1.24 1 100.4 
655.56 34.58 1.24 1 100.4 
655.82 35.33 1.28 1 99.1 
656.04 35.57 1.29 1 99.1 
656.35 35.77 1.30 1 99.1 
656.68 35.58 1.31 1 98.1 
656.93 35.78 1.31 1 98.1 
657.18 35.95 1.32 1 98.1 
