26.45 90.0 1 primary 2 1 40.584267 -3.552670 3.503 84.1 
27.70 90.0 1 primary 2 1 40.584053 -3.551580 0.752 86.0 
29.10 90.0 1 primary 2 1 40.583992 -3.551313 1.145 88.1 
31.35 90.0 1 primary 2 1 40.583832 -3.550776 1.400 90.3 
34.22 90.0 1 primary 2 1 40.583649 -3.550220 2.267 95.0 
36.27 90.0 1 primary 2 1 40.583332 -3.549406 1.316 91.1 
37.82 90.0 1 primary 2 1 40.583088 -3.548917 0.867 90.1 
38.64 90.0 1 primary 2 1 40.582958 -3.548676 0.688 90.6 
39.75 90.0 1 primary 2 1 40.582825 -3.548448 0.798 90.1 
40.91 90.0 1 primary 2 1 40.582687 -3.548213 0.958 90.3 
42.11 90.0 1 primary 2 1 40.582550 -3.547983 1.154 90.7 
44.15 90.0 1 primary 2 1 40.582260 -3.547519 1.200 91.1 
45.69 90.0 1 primary 2 1 40.581944 -3.547091 0.743 90.8 
47.46 90.0 1 primary 2 1 40.581787 -3.546868 1.502 92.5 
48.96 90.0 1 primary 2 1 40.581459 -3.546430 1.012 93.9 
51.32 90.0 1 primary 2 1 40.581131 -3.545993 1.375 92.5 
53.27 90.0 1 primary 2 1 40.580803 -3.545555 1.317 92.7 
55.04 90.0 1 primary 2 1 40.580513 -3.545145 1.083 91.9 
57.27 90.0 1 primary 2 1 40.580196 -3.544698 1.318 89.6 
59.00 90.0 1 primary 2 1 40.579895 -3.544253 1.048 88.6 
60.75 90.0 1 primary 2 1 40.579605 -3.543805 0.794 87.3 
61.66 90.0 1 primary 2 1 40.579464 -3.543579 0.711 87.5 
62.60 90.0 1 primary 2 1 40.579330 -3.543354 0.645 86.3 
63.91 90.0 1 primary 2 1 40.579205 -3.543137 0.955 87.3 
65.16 90.0 1 primary 2 1 40.579075 -3.542909 1.212 87.4 
66.95 90.0 1 primary 2 1 40.578827 -3.542437 1.000 87.0 
69.39 90.0 1 primary 2 1 40.578575 -3.541951 1.443 89.2 
70.98 90.0 1 primary 2 1 40.578350 -3.541490 1.030 90.1 
73.08 90.0 1 primary 2 1 40.578110 -3.540965 1.124 91.0 
75.18 90.0 1 primary 2 1 40.577892 -3.540434 1.229 89.6 
77.02 90.0 1 primary 2 1 40.577675 -3.539899 1.069 91.8 
79.74 90.0 1 primary 2 1 40.577469 -3.539361 1.784 92.2 
81.64 90.0 1 primary 2 1 40.577267 -3.538826 1.688 91.4 
83.98 90.0 1 primary 2 1 40.577068 -3.538286 2.033 90.4 
86.54 90.0 1 primary 2 1 40.576786 -3.537472 1.593 87.7 
87.58 90.0 1 primary 2 1 40.576599 -3.536928 0.624 87.4 
89.97 90.0 1 primary 2 1 40.576515 -3.536673 2.015 89.2 
92.34 90.0 1 primary 2 1 40.576241 -3.535884 1.379 87.7 
94.53 90.0 1 primary 2 1 40.576035 -3.535358 1.580 90.0 
96.53 90.0 1 primary 2 1 40.575829 -3.534851 1.576 90.4 
98.25 90.0 1 primary 2 1 40.575611 -3.534345 1.298 90.6 
100.17 90.0 1 primary 2 1 40.575363 -3.533842 1.214 90.0 
102.72 90.0 1 primary 2 1 40.575119 -3.533335 1.774 89.8 
103.98 90.0 1 primary 2 1 40.574875 -3.532846 1.032 90.1 
106.01 90.0 1 primary 2 1 40.574627 -3.532345 1.055 89.5 
108.77 90.0 1 primary 2 1 40.574390 -3.531862 1.814 89.6 
110.51 90.0 1 primary 2 1 40.574158 -3.531346 1.560 89.1 
112.45 90.0 1 primary 2 1 40.573936 -3.530859 1.497 88.1 
114.09 90.0 1 primary 2 1 40.573727 -3.530349 1.138 87.9 
117.50 90.0 1 primary 2 1 40.573521 -3.529843 2.545 87.2 
150.28 90.0 1 primary 2 1 40.573254 -3.529050 32.325 83.0 
152.95 90.0 1 primary 2 1 40.569771 -3.520981 1.996 87.1 
153.93 90.0 1 primary 2 1 40.569447 -3.520602 0.968 86.7 
155.67 90.0 1 primary 2 1 40.569283 -3.520413 1.714 87.9 
156.70 90.0 1 primary 2 1 40.568939 -3.520027 0.746 87.7 
158.89 90.0 1 primary 2 1 40.568771 -3.519842 1.935 86.5 
160.48 90.0 1 primary 2 1 40.568424 -3.519513 1.529 87.8 
164.31 90.0 1 primary 2 1 40.568050 -3.519199 3.355 92.6 
165.99 90.0 1 primary 3 2 40.567299 -3.518579 1.040 95.4 
168.06 90.0 1 primary 3 2 40.566868 -3.518289 1.106 94.0 
169.90 90.0 1 primary 3 2 40.566448 -3.518036 0.948 92.4 
178.11 90.0 1 primary 3 1 40.566238 -3.517926 8.163 87.4 
180.07 90.0 1 primary 3 1 40.564270 -3.517206 1.121 88.6 
181.70 90.0 1 primary 3 1 40.563831 -3.517101 0.752 87.7 
183.13 90.0 1 primary 3 1 40.563618 -3.517059 1.182 87.7 
185.06 90.0 1 primary 3 1 40.563175 -3.516979 1.111 88.5 
187.33 90.0 1 primary 3 1 40.562733 -3.516894 1.379 89.3 
192.06 100.0 3 primary_link 1 1 40.562286 -3.516824 4.106 90.1 
194.17 90.0 1 primary 3 1 40.561184 -3.516608 1.221 90.4 
197.14 90.0 1 primary 3 1 40.560753 -3.516448 2.189 89.0 
199.40 90.0 1 primary 3 2 40.560143 -3.516119 1.448 87.2 
201.03 100.0 3 primary_link 1 2 40.559753 -3.515847 1.079 88.6 
203.90 100.0 3 primary_link 1 2 40.559368 -3.515529 1.945 91.6 
205.34 100.0 3 primary_link 1 2 40.559006 -3.515168 1.389 91.8 
206.52 90.0 1 primary 3 2 40.558659 -3.514778 0.567 93.6 
208.72 90.0 1 primary 3 2 40.558491 -3.514566 1.768 92.1 
210.18 90.0 1 primary 3 2 40.558170 -3.514109 1.227 90.4 
212.48 90.0 1 primary 3 1 40.557884 -3.513661 1.524 86.7 
213.65 90.0 1 primary 3 1 40.557625 -3.513199 0.699 85.2 
214.56 90.0 1 primary 3 1 40.557507 -3.512962 0.607 86.8 
216.29 90.0 1 primary 3 1 40.557396 -3.512717 1.337 89.9 
218.37 90.0 1 primary 3 1 40.557198 -3.512197 1.418 91.6 
221.15 90.0 1 primary 3 1 40.557037 -3.511634 2.203 90.3 
223.15 90.0 1 primary 3 1 40.556850 -3.510772 1.195 91.1 
225.20 90.0 1 primary 3 1 40.556763 -3.510191 1.248 91.5 
226.99 90.0 1 primary 3 1 40.556717 -3.509601 1.041 91.1 
229.41 90.0 1 primary 3 1 40.556698 -3.508989 1.459 92.9 
231.49 90.0 1 primary 3 1 40.556694 -3.508384 1.539 90.9 
233.40 90.0 1 primary 3 1 40.556705 -3.507781 1.443 89.4 
235.67 90.0 1 primary 3 1 40.556713 -3.507180 1.713 90.4 
239.53 90.0 1 primary 3 1 40.556690 -3.506593 3.582 89.1 
241.48 90.0 1 primary 3 1 40.556591 -3.505413 1.527 92.8 
243.19 90.0 1 primary 3 1 40.556488 -3.504817 1.240 93.6 
245.36 90.0 1 primary 3 1 40.556343 -3.504219 1.413 93.7 
247.63 90.0 1 primary 3 1 40.556171 -3.503652 1.681 95.8 
249.99 90.0 1 primary 3 1 40.555958 -3.503108 2.036 96.9 
252.03 90.0 1 primary 3 1 40.555580 -3.502321 1.077 97.4 
253.68 90.0 1 primary 3 1 40.555302 -3.501801 0.728 95.7 
261.04 90.0 1 primary 3 2 40.555161 -3.501546 7.086 88.6 
262.68 90.0 1 primary 2 2 40.554482 -3.499393 0.729 87.2 
264.31 90.0 1 primary 2 2 40.554420 -3.499116 1.363 84.5 
266.98 90.0 1 primary 2 2 40.554317 -3.498567 2.026 87.5 
269.24 90.0 3 tertiary_link 1 2 40.554214 -3.497714 1.287 88.8 
272.00 90.0 3 tertiary_link 1 2 40.554207 -3.497135 2.044 89.1 
275.48 90.0 3 tertiary_link 1 2 40.554249 -3.496268 2.525 87.2 
277.07 100.0 3 primary_link 1 2 40.554363 -3.495428 1.121 89.9 
279.31 100.0 3 primary_link 1 2 40.554485 -3.494858 1.358 89.9 
281.11 90.0 1 primary 2 2 40.554657 -3.494315 1.158 88.9 
283.20 90.0 1 primary 2 2 40.554836 -3.493791 1.252 89.0 
284.79 90.0 1 primary 2 2 40.555035 -3.493268 0.843 88.5 
287.86 90.0 1 primary 2 2 40.555138 -3.493014 2.914 93.7 
289.40 90.0 1 primary 2 2 40.555431 -3.492205 1.451 95.1 
290.97 90.0 3 tertiary_link 1 2 40.555584 -3.491620 1.023 94.4 
293.19 100.0 3 primary_link 1 2 40.555721 -3.491033 1.237 93.2 
295.77 100.0 3 primary_link 1 2 40.555801 -3.490431 1.820 93.3 
296.98 90.0 1 primary 2 2 40.555862 -3.489825 1.024 94.6 
298.62 90.0 1 primary 2 2 40.555874 -3.489206 0.667 90.0 
301.18 90.0 1 primary 2 2 40.555874 -3.488922 2.227 91.8 
302.82 90.0 1 primary 2 2 40.555828 -3.487995 0.859 93.3 
303.97 90.0 1 primary 2 2 40.555798 -3.487678 1.020 94.1 
306.22 90.0 1 primary 2 2 40.555725 -3.487080 1.272 93.2 
308.17 90.0 1 primary 2 2 40.555645 -3.486466 1.217 94.9 
310.09 90.0 1 primary 2 2 40.555538 -3.485858 1.136 92.8 
313.06 90.0 1 primary 2 2 40.555412 -3.485273 2.106 95.4 
315.36 90.0 1 primary 2 2 40.555202 -3.484378 1.404 95.5 
317.68 90.0 1 primary 2 2 40.555035 -3.483786 1.730 93.1 
319.22 90.0 1 primary 2 2 40.554855 -3.483218 1.265 94.0 
321.18 90.0 1 primary 2 1 40.554665 -3.482663 1.225 97.7 
324.32 90.0 1 primary 2 1 40.554455 -3.482083 2.370 97.3 
326.57 90.0 1 primary 2 1 40.554070 -3.481267 1.623 93.1 
327.82 90.0 1 primary 2 1 40.553825 -3.480775 0.865 91.7 
329.45 90.0 1 primary 2 1 40.553699 -3.480522 1.496 92.1 
331.36 90.0 1 primary 2 1 40.553425 -3.480007 1.413 93.8 
346.30 90.0 1 primary 2 1 40.553143 -3.479513 14.346 99.9 
347.93 90.0 1 primary 2 1 40.550488 -3.476207 0.974 99.0 
348.76 90.0 1 primary 2 1 40.550274 -3.476022 0.804 98.9 
349.62 90.0 1 primary 2 1 40.550064 -3.475847 0.673 98.2 
350.79 90.0 1 primary 2 1 40.549854 -3.475689 0.830 97.1 
351.97 90.0 1 primary 2 1 40.549641 -3.475541 1.014 96.9 
353.81 90.0 1 primary 2 1 40.549221 -3.475230 0.861 94.5 
354.94 90.0 1 primary 2 1 40.549015 -3.475076 0.982 96.7 
356.99 90.0 1 primary 2 1 40.548801 -3.474925 2.040 94.9 
359.04 90.0 1 primary 2 1 40.548172 -3.474586 1.086 80.8 
362.73 90.0 1 primary 2 1 40.547794 -3.474376 2.782 84.8 
364.06 90.0 1 primary 2 1 40.547203 -3.474092 1.113 85.9 
366.00 90.0 1 primary 2 1 40.546803 -3.473933 1.049 86.5 
368.27 90.0 1 primary 2 1 40.546383 -3.473782 1.310 87.6 
370.77 90.0 1 primary 2 1 40.545963 -3.473638 1.815 90.5 
372.27 90.0 1 primary 2 1 40.545536 -3.473480 1.322 91.7 
375.01 90.0 1 primary 2 1 40.545082 -3.473332 2.059 92.4 
377.39 90.0 1 primary 2 1 40.544411 -3.473109 1.438 91.9 
380.14 90.0 1 primary 2 1 40.543957 -3.472966 2.187 95.5 
382.79 30.0 1 primary_link 1 1 40.543270 -3.472727 1.841 101.8 
384.33 30.0 1 primary_link 1 1 40.542786 -3.472574 1.379 100.5 
386.89 30.0 1 primary_link 1 1 40.542290 -3.472416 1.933 99.2 
388.62 30.0 1 primary_link 1 1 40.541801 -3.472263 1.671 98.0 
390.07 30.0 1 primary_link 1 1 40.541325 -3.472110 1.122 97.2 
392.42 90.0 1 primary 2 1 40.540852 -3.471968 1.466 104.3 
394.36 90.0 1 primary 2 1 40.540352 -3.471796 1.411 104.8 
396.62 90.0 1 primary 2 1 40.539856 -3.471622 1.666 103.6 
397.59 90.0 1 primary 2 1 40.539341 -3.471452 0.642 101.2 
399.39 90.0 1 primary 2 1 40.539093 -3.471371 1.438 98.3 
400.96 90.0 1 primary 2 1 40.538609 -3.471213 1.008 100.6 
403.02 90.0 1 primary 2 1 40.538128 -3.471057 1.068 103.1 
405.33 90.0 1 primary 2 1 40.537624 -3.470908 1.378 100.5 
406.83 90.0 1 primary 2 1 40.537128 -3.470741 0.872 99.9 
408.04 90.0 1 primary 2 1 40.536888 -3.470653 1.086 99.3 
410.00 100.0 3 primary_link 1 1 40.536427 -3.470434 1.041 96.1 
411.63 100.0 3 primary_link 1 1 40.536007 -3.470147 0.681 96.9 
412.69 100.0 3 primary_link 1 1 40.535786 -3.470004 0.732 100.2 
413.63 100.0 3 primary_link 1 1 40.535599 -3.469814 0.680 101.5 
414.54 100.0 3 primary_link 1 1 40.535404 -3.469609 0.584 101.6 
415.46 100.0 3 primary_link 1 1 40.535206 -3.469398 0.510 102.0 
416.53 100.0 3 primary_link 1 1 40.535015 -3.469169 0.575 102.5 
417.71 100.0 3 primary_link 1 1 40.534832 -3.468906 0.757 102.1 
419.16 100.0 3 primary_link 1 1 40.534664 -3.468650 1.213 101.1 
420.68 90.0 1 primary 2 1 40.534370 -3.468114 0.729 99.9 
421.81 90.0 1 primary 2 1 40.534256 -3.467832 0.858 99.3 
422.73 90.0 1 primary 2 1 40.534149 -3.467539 0.776 98.4 
424.06 90.0 1 primary 2 1 40.534050 -3.467242 1.113 96.1 
425.95 90.0 1 primary 2 1 40.533909 -3.466648 1.001 95.0 
429.08 90.0 1 primary 2 1 40.533798 -3.466028 2.133 92.1 
431.23 90.0 1 primary 2 1 40.533722 -3.465113 1.278 90.8 
432.76 90.0 1 primary 2 1 40.533710 -3.464511 0.813 92.6 
434.62 90.0 1 primary 2 1 40.533710 -3.464207 1.667 91.2 
437.18 90.0 1 primary 2 1 40.533714 -3.463620 2.226 89.4 
440.41 90.0 1 primary 2 1 40.533726 -3.462740 2.460 86.5 
442.90 90.0 1 primary 2 1 40.533726 -3.461893 1.952 84.9 
444.95 90.0 1 primary 2 1 40.533737 -3.461326 1.996 76.7 
445.99 90.0 1 primary 2 1 40.533733 -3.460783 1.026 77.9 
447.92 90.0 1 primary 2 1 40.533722 -3.460258 0.966 82.8 
448.75 90.0 1 primary 2 1 40.533726 -3.459978 0.796 83.1 
449.81 90.0 1 primary 2 1 40.533722 -3.459707 0.856 83.1 
450.81 90.0 1 primary 2 1 40.533726 -3.459427 0.859 84.8 
453.79 90.0 1 primary 2 1 40.533733 -3.459146 2.843 83.0 
454.92 90.0 1 primary 2 1 40.533741 -3.458327 0.967 82.5 
456.31 90.0 1 primary 2 1 40.533741 -3.458052 1.354 80.9 
457.86 90.0 1 primary 2 1 40.533749 -3.457519 0.905 83.1 
459.00 90.0 1 primary 2 1 40.533745 -3.457260 1.051 84.9 
460.89 90.0 1 primary 2 1 40.533756 -3.456709 0.939 82.8 
462.00 90.0 1 primary 2 1 40.533756 -3.456433 1.050 84.1 
463.81 90.0 1 primary 2 1 40.533741 -3.455884 0.855 84.9 
465.13 90.0 1 primary 2 1 40.533741 -3.455600 1.179 85.6 
466.86 90.0 1 primary 2 1 40.533756 -3.455034 0.911 84.8 
467.79 90.0 1 primary 2 1 40.533760 -3.454752 0.840 83.4 
469.33 90.0 1 primary 2 1 40.533764 -3.454478 1.372 84.9 
470.58 90.0 1 primary 2 1 40.533760 -3.453934 0.619 86.6 
471.78 90.0 1 primary 2 1 40.533752 -3.453659 0.818 88.6 
472.83 90.0 1 primary 2 1 40.533749 -3.453375 0.879 86.9 
474.20 90.0 1 primary 2 1 40.533752 -3.453084 1.244 86.8 
475.77 90.0 1 primary 2 1 40.533764 -3.452515 0.820 87.0 
476.91 90.0 1 primary 2 1 40.533768 -3.452229 0.962 86.1 
477.63 90.0 1 primary 2 1 40.533772 -3.451933 0.678 85.4 
479.35 90.0 1 primary 2 1 40.533772 -3.451652 1.403 85.9 
480.81 90.0 1 primary 2 1 40.533772 -3.451095 0.862 87.2 
481.61 90.0 1 primary 2 1 40.533775 -3.450812 0.649 88.8 
482.94 90.0 1 primary 2 1 40.533791 -3.450533 0.991 88.5 
483.98 90.0 1 primary 2 1 40.533794 -3.450240 1.026 86.9 
486.42 90.0 1 primary 2 1 40.533794 -3.449665 1.470 82.9 
487.94 90.0 1 primary 2 1 40.533798 -3.449114 0.983 82.5 
488.78 90.0 1 primary 2 1 40.533798 -3.448841 0.823 83.2 
490.11 90.0 1 primary 2 1 40.533794 -3.448570 1.152 82.9 
492.65 90.0 1 primary 2 1 40.533794 -3.448025 1.701 86.7 
494.04 90.0 1 primary 2 1 40.533794 -3.447469 1.093 88.4 
496.06 90.0 1 primary 2 1 40.533798 -3.446887 1.115 89.9 
498.84 90.0 1 primary 2 1 40.533802 -3.446294 1.882 87.0 
500.06 90.0 1 primary 2 1 40.533798 -3.445729 1.113 89.1 
501.81 90.0 1 primary 2 1 40.533806 -3.445149 0.863 89.0 
502.60 90.0 1 primary 2 1 40.533802 -3.444859 0.644 89.4 
503.83 90.0 1 primary 2 1 40.533810 -3.444566 0.887 89.1 
505.47 90.0 1 primary 2 1 40.533806 -3.444273 1.516 84.9 
507.21 90.0 1 primary 2 1 40.533810 -3.443700 1.263 83.3 
509.15 90.0 1 primary 2 1 40.533810 -3.443159 1.202 83.1 
511.35 90.0 1 primary 2 1 40.533810 -3.442611 1.408 86.8 
512.99 90.0 1 primary 2 1 40.533821 -3.442048 1.039 88.8 
515.07 90.0 1 primary 2 1 40.533833 -3.441448 1.121 92.9 
517.28 90.0 1 primary 2 1 40.533833 -3.440837 1.330 95.3 
519.11 90.0 1 primary 2 1 40.533833 -3.440212 1.164 93.6 
521.24 90.0 1 primary 2 1 40.533859 -3.439629 1.293 92.9 
523.08 90.0 1 primary 2 1 40.533859 -3.439023 1.119 92.8 
524.93 90.0 1 primary 2 1 40.533848 -3.438411 0.984 92.5 
526.42 90.0 1 primary 2 1 40.533844 -3.438107 1.471 92.7 
528.21 90.0 1 primary 2 1 40.533848 -3.437496 1.260 92.6 
530.61 90.0 1 primary 2 1 40.533855 -3.436886 1.669 93.7 
532.33 90.0 1 primary 2 1 40.533859 -3.436272 1.389 94.9 
534.44 90.0 1 primary 2 1 40.533859 -3.435664 1.497 93.7 
536.40 90.0 1 primary 2 1 40.533852 -3.435051 1.452 90.8 
538.67 90.0 1 primary 2 1 40.533825 -3.434455 1.718 93.5 
540.25 90.0 1 primary 2 1 40.533798 -3.433843 1.306 93.3 
542.37 90.0 1 primary 2 1 40.533756 -3.433218 1.424 94.7 
545.51 90.0 1 primary 2 1 40.533699 -3.432598 2.566 82.6 
547.41 90.0 1 primary 2 1 40.533569 -3.431715 1.468 82.3 
549.29 90.0 1 primary 2 1 40.533463 -3.431197 1.344 84.1 
551.50 90.0 1 primary 2 1 40.533321 -3.430683 1.555 85.2 
554.01 90.0 1 primary 2 1 40.533176 -3.430161 2.060 88.0 
556.33 90.0 1 primary 2 1 40.532913 -3.429405 1.383 80.2 
558.00 90.0 1 primary 2 1 40.532726 -3.428966 1.056 82.9 
560.58 90.0 1 primary 2 1 40.532509 -3.428503 1.631 85.0 
562.40 90.0 1 primary 2 1 40.532269 -3.428057 1.445 90.2 
564.85 90.0 1 primary 2 1 40.531979 -3.427586 1.908 89.6 
566.99 90.0 1 primary 2 1 40.531689 -3.427110 2.042 88.4 
569.48 90.0 1 primary 2 1 40.531219 -3.426476 1.531 90.1 
571.06 90.0 1 primary 2 1 40.530880 -3.426086 1.112 88.4 
573.03 90.0 1 primary 2 1 40.530540 -3.425726 1.086 84.0 
574.82 90.0 1 primary 2 1 40.530201 -3.425396 0.872 83.8 
575.92 90.0 1 primary 2 1 40.530045 -3.425262 0.977 84.7 
578.17 90.0 1 primary 2 1 40.529865 -3.425115 2.218 85.0 
579.80 90.0 1 primary 2 1 40.529305 -3.424710 0.857 83.5 
581.33 90.0 1 primary 2 1 40.529118 -3.424590 1.385 80.9 
582.62 90.0 1 primary 2 1 40.528755 -3.424350 0.672 81.7 
583.94 90.0 1 primary 2 1 40.528576 -3.424227 0.994 85.6 
584.66 90.0 1 primary 2 1 40.528393 -3.424099 0.712 87.7 
586.05 90.0 1 primary 2 1 40.528198 -3.423976 1.107 89.4 
587.94 90.0 1 primary 2 1 40.527813 -3.423712 0.992 88.7 
588.83 90.0 1 primary 2 1 40.527618 -3.423563 0.888 89.5 
589.66 90.0 1 primary 2 1 40.527431 -3.423399 0.711 92.2 
590.66 90.0 1 primary 2 1 40.527245 -3.423229 0.711 91.7 
591.96 90.0 1 primary 2 1 40.527069 -3.423036 1.017 90.0 
593.95 90.0 1 primary 2 1 40.526726 -3.422645 1.005 86.4 
596.33 90.0 1 primary 2 1 40.526428 -3.422230 1.389 88.8 
597.96 90.0 1 primary 2 1 40.526150 -3.421779 1.013 90.7 
600.29 100.0 1 primary 2 1 40.525879 -3.421293 1.344 87.4 
602.06 100.0 1 primary 2 1 40.525654 -3.420796 1.117 90.4 
604.15 100.0 1 primary 2 1 40.525448 -3.420268 1.209 95.6 
606.53 100.0 1 primary 2 1 40.525265 -3.419683 1.587 97.7 
608.30 100.0 1 primary 2 1 40.525116 -3.419079 1.352 101.3 
610.22 100.0 1 primary 2 1 40.524986 -3.418445 1.274 100.0 
612.50 100.0 1 primary 2 1 40.524837 -3.417821 1.559 95.0 
614.44 100.0 1 primary 2 1 40.524693 -3.417239 1.479 99.3 
616.13 100.0 1 primary 2 1 40.524521 -3.416627 1.181 102.3 
618.92 100.0 1 primary 2 1 40.524284 -3.416033 1.971 106.9 
620.74 100.0 1 primary 2 1 40.524010 -3.415442 1.797 104.1 
622.94 100.0 3 primary_link 1 1 40.523693 -3.414904 1.990 103.1 
625.07 90.0 3 tertiary_link 1 1 40.523357 -3.414383 2.120 105.0 
627.42 100.0 1 primary 2 1 40.522781 -3.413680 1.475 107.7 
629.13 100.0 1 primary 2 1 40.522358 -3.413255 1.184 106.2 
630.92 100.0 1 primary 2 1 40.521915 -3.412840 0.973 109.6 
632.13 100.0 1 primary 2 1 40.521690 -3.412647 1.181 109.8 
634.72 100.0 1 primary 2 1 40.521252 -3.412224 1.777 108.1 
636.23 100.0 1 primary 2 1 40.520802 -3.411802 1.281 107.0 
638.69 100.0 1 primary 2 1 40.520355 -3.411416 1.743 103.6 
640.23 100.0 1 primary 3 2 40.519928 -3.411042 1.283 101.8 
642.49 100.0 1 primary 3 2 40.519508 -3.410655 1.544 98.4 
645.56 100.0 1 primary 3 2 40.519104 -3.410266 2.611 97.4 
647.19 100.0 1 primary 3 2 40.518490 -3.409706 1.240 98.4 
648.72 100.0 1 primary 3 2 40.518085 -3.409333 0.779 99.4 
650.09 100.0 1 primary 2 2 40.517887 -3.409143 1.141 99.3 
653.65 100.0 1 primary 2 2 40.517467 -3.408755 2.702 101.2 
655.07 100.0 1 primary 2 2 40.516819 -3.408222 1.126 100.4 
