22.97 82.9 40.584267 -3.552670 615.1 4 5 100.9 1.055 0 0 0 
23.98 83.9 40.584221 -3.552398 615.9 4 5 102.3 2.461 0 0 0 
24.96 84.0 40.584171 -3.552128 616.2 4 5 104.1 3.164 0 0 0 
25.96 84.4 40.584114 -3.551856 616.3 4 5 105.8 3.516 0 0 0 
26.97 84.1 40.584053 -3.551580 616.3 4 5 106.2 2.109 0 0 0 
27.97 86.0 40.583992 -3.551313 616.8 4 5 107.9 2.109 0 0 0 
28.97 88.1 40.583920 -3.551044 617.3 4 5 110.4 4.219 0 0 0 
29.98 90.4 40.583832 -3.550776 617.5 4 5 112.1 4.219 0 0 0 
30.97 90.7 40.583748 -3.550488 617.7 4 5 113.6 3.164 0 0 0 
31.98 90.3 40.583649 -3.550221 618.1 4 5 115.3 3.164 0 0 0 
32.97 92.6 40.583549 -3.549949 618.5 4 5 116.7 3.164 0 0 0 
33.97 95.0 40.583443 -3.549681 618.9 4 5 118.5 3.164 0 0 0 
35.02 94.4 40.583332 -3.549406 618.6 4 5 119.5 2.812 0 0 0 
35.97 94.4 40.583214 -3.549137 618.6 4 5 119.5 1.055 0 0 0 
37.02 91.1 40.583088 -3.548917 618.9 4 5 123.0 3.516 0 0 0 
37.98 90.1 40.582958 -3.548677 619.2 3 5 125.2 5.625 0 0 0 
38.97 90.6 40.582825 -3.548449 619.6 3 5 126.9 3.867 1 0 0 
39.97 90.1 40.582687 -3.548213 619.8 3 5 128.3 3.164 1 0 0 
40.99 90.3 40.582550 -3.547983 619.8 3 5 129.0 2.109 0 1 0 
41.96 90.7 40.582409 -3.547748 620.3 3 5 130.8 2.461 0 1 0 
42.97 91.4 40.582260 -3.547520 620.3 3 5 132.5 3.516 0 1 0 
43.97 91.1 40.582104 -3.547301 620.8 3 5 134.3 3.516 1 1 0 
44.99 90.3 40.581944 -3.547091 621.4 3 5 135.0 2.461 1 1 0 
45.98 90.8 40.581787 -3.546868 621.6 3 5 134.6 0.352 1 1 0 
46.98 91.9 40.581627 -3.546647 621.7 3 5 134.6 0.352 1 2 0 
47.99 92.5 40.581459 -3.546431 622.0 3 5 134.6 0 0 2 0 
49.00 93.9 40.581295 -3.546212 622.2 3 5 134.6 0 0 2 0 
49.97 94.0 40.581131 -3.545994 622.1 3 5 135.0 0.352 1 2 0 
50.95 93.5 40.580971 -3.545773 623.3 3 5 134.6 0.352 1 2 0 
52.00 92.5 40.580803 -3.545555 623.5 4 5 133.9 1.055 1 2 0 
52.98 92.4 40.580658 -3.545347 623.5 4 5 132.5 2.109 0 2 0 
53.98 92.7 40.580513 -3.545145 623.5 4 5 131.8 2.109 0 2 0 
54.97 91.9 40.580353 -3.544920 624.0 4 5 132.5 0.703 0 2 0 
56.00 90.4 40.580196 -3.544698 624.1 4 5 132.2 0.352 0 2 0 
56.98 89.6 40.580044 -3.544477 624.6 4 5 131.1 1.406 0 2 0 
57.97 89.2 40.579895 -3.544253 625.0 3 5 131.1 1.055 0 2 0 
59.03 88.6 40.579746 -3.544027 625.3 3 5 130.1 1.055 2 2 0 
59.95 88.5 40.579605 -3.543805 625.7 3 5 129.7 1.406 2 2 0 
61.00 87.3 40.579464 -3.543580 626.2 3 5 128.7 1.406 2 2 0 
61.95 87.5 40.579330 -3.543354 626.6 3 5 127.3 2.461 1 3 0 
62.95 86.3 40.579205 -3.543137 626.5 3 5 126.9 1.758 1 3 0 
63.96 87.3 40.579075 -3.542909 626.5 3 5 126.2 1.055 1 3 0 
65.03 87.4 40.578949 -3.542673 626.8 3 5 124.8 2.109 0 3 0 
65.98 87.3 40.578827 -3.542438 627.2 3 5 124.1 2.109 0 3 0 
66.96 87.0 40.578697 -3.542201 627.2 4 5 123.4 1.406 0 3 0 
67.99 88.3 40.578575 -3.541951 627.6 3 5 122.7 1.406 1 3 0 
68.96 88.8 40.578468 -3.541739 628.0 4 5 122.7 0.703 1 3 0 
69.98 89.2 40.578350 -3.541490 628.2 4 5 122.3 0.352 0 3 0 
71.02 90.1 40.578224 -3.541232 628.1 4 5 122.3 0.352 0 3 0 
71.95 91.0 40.578110 -3.540965 628.0 4 5 120.6 1.758 0 3 0 
72.97 91.0 40.577995 -3.540708 628.5 4 5 120.6 1.758 1 3 0 
73.98 89.6 40.577892 -3.540434 628.7 4 5 118.8 1.758 1 3 0 
74.96 89.6 40.577785 -3.540160 628.9 4 5 118.8 1.758 1 3 0 
75.96 90.6 40.577675 -3.539899 629.1 6 5 118.1 0.703 0 3 0 
76.96 91.8 40.577560 -3.539609 629.8 4 5 116.4 2.461 2 3 0 
77.97 91.7 40.577469 -3.539362 630.0 4 5 116.0 2.109 2 3 0 
79.01 92.3 40.577370 -3.539100 630.6 4 5 116.4 0.352 1 3 0 
79.96 92.2 40.577267 -3.538826 630.7 4 5 116.4 0.352 0 3 0 
80.96 92.7 40.577164 -3.538557 631.0 4 5 115.3 1.055 0 3 0 
81.96 91.4 40.577068 -3.538286 631.2 4 5 113.9 2.461 0 3 0 
83.00 90.4 40.576973 -3.538007 631.3 4 5 114.6 0.703 0 3 0 
84.01 90.4 40.576878 -3.537737 631.4 4 5 114.6 0.703 0 3 0 
84.96 89.4 40.576786 -3.537472 631.8 4 5 114.3 0.352 0 3 0 
85.97 88.6 40.576691 -3.537205 632.0 4 5 113.6 1.055 1 3 0 
86.96 87.7 40.576599 -3.536928 632.1 4 5 114.3 0.703 2 4 0 
87.97 87.4 40.576515 -3.536673 632.4 4 5 114.6 1.055 1 4 0 
88.97 87.6 40.576424 -3.536410 632.5 4 5 114.3 0.352 0 4 0 
89.97 89.2 40.576332 -3.536143 632.9 4 5 114.3 0.352 0 4 0 
91.00 88.7 40.576241 -3.535884 633.5 4 5 114.6 0.352 0 4 0 
92.00 87.9 40.576145 -3.535627 634.0 4 5 116.7 2.461 0 4 0 
92.97 87.7 40.576035 -3.535358 634.8 4 5 118.8 4.219 2 4 0 
94.01 89.3 40.575935 -3.535116 635.7 4 5 119.5 2.812 2 4 0 
94.96 90.0 40.575829 -3.534851 636.1 4 5 118.1 1.406 0 4 0 
95.97 89.7 40.575722 -3.534591 636.9 4 5 119.2 1.055 0 4 0 
96.97 90.4 40.575611 -3.534345 637.5 4 5 120.9 2.812 0 4 0 
97.97 90.6 40.575485 -3.534090 638.5 4 5 122.0 2.812 0 4 0 
98.97 90.1 40.575363 -3.533842 639.0 4 5 122.3 1.406 1 4 0 
99.97 90.0 40.575241 -3.533587 639.8 4 5 123.0 1.055 1 4 0 
100.96 89.2 40.575119 -3.533336 640.5 4 5 122.7 0.352 1 4 0 
101.96 89.3 40.574997 -3.533091 640.9 4 5 122.7 0.352 1 4 0 
102.97 89.8 40.574875 -3.532846 641.5 4 5 123.8 1.055 1 5 1 
103.99 90.1 40.574753 -3.532596 642.6 4 5 124.1 1.406 1 5 1 
105.01 89.6 40.574627 -3.532345 643.4 4 5 123.8 0.352 2 5 1 
105.99 89.5 40.574505 -3.532099 643.8 4 5 123.0 1.055 2 5 1 
106.98 89.5 40.574390 -3.531862 644.7 4 5 122.0 1.758 2 5 1 
107.96 89.3 40.574272 -3.531600 645.0 4 5 120.6 2.461 1 5 1 
108.96 89.6 40.574158 -3.531346 645.8 3 5 119.5 2.461 0 5 1 
109.98 90.1 40.574051 -3.531107 646.6 4 5 119.9 0.703 0 5 1 
111.00 89.1 40.573936 -3.530859 647.4 4 5 119.9 0.352 1 5 1 
111.98 88.7 40.573833 -3.530609 647.7 3 5 118.8 1.055 2 5 1 
112.98 88.1 40.573727 -3.530349 648.2 3 5 117.8 2.109 2 5 1 
113.97 87.9 40.573616 -3.530094 649.1 3 5 117.1 1.758 2 5 1 
114.96 87.8 40.573521 -3.529843 649.7 4 5 116.4 1.406 2 5 1 
115.98 88.1 40.573425 -3.529583 650.2 3 5 114.3 2.812 0 5 1 
116.95 87.8 40.573341 -3.529312 650.7 3 5 113.2 3.164 0 5 1 
118.01 87.2 40.573254 -3.529050 651.2 3 5 113.9 0.703 0 5 1 
119.01 88.8 40.573166 -3.528785 651.6 4 5 112.1 1.758 0 5 1 
119.95 88.3 40.573078 -3.528523 652.4 3 5 112.9 1.055 0 5 1 
120.96 88.0 40.572994 -3.528255 652.9 3 5 112.1 0.703 0 5 1 
122.01 88.3 40.572910 -3.527992 653.2 3 5 111.4 1.406 0 5 1 
122.95 88.8 40.572830 -3.527721 654.1 4 5 111.1 1.055 0 5 1 
123.97 88.3 40.572742 -3.527457 655.5 4 5 111.4 0.352 0 4 0 
124.95 87.2 40.572666 -3.527184 655.3 4 5 112.1 1.055 0 4 0 
125.96 87.8 40.572582 -3.526915 655.9 3 5 111.4 0.703 1 4 0 
126.98 87.2 40.572506 -3.526645 656.8 4 5 111.8 0.352 1 5 1 
127.96 85.2 40.572422 -3.526383 656.9 3 5 111.4 0.352 1 5 1 
128.96 83.8 40.572346 -3.526126 657.4 4 5 112.1 0.703 1 5 1 
129.98 82.9 40.572262 -3.525874 657.8 4 5 112.9 1.406 2 5 1 
130.96 82.8 40.572178 -3.525612 658.2 4 5 113.9 1.758 2 5 1 
131.96 82.3 40.572098 -3.525368 659.0 4 5 113.9 1.055 1 5 1 
132.97 84.3 40.572014 -3.525128 659.7 4 5 115.7 1.758 1 5 1 
133.97 85.9 40.571918 -3.524880 660.2 4 5 116.0 2.109 1 5 1 
135.00 86.8 40.571819 -3.524634 660.9 4 5 118.5 2.812 2 5 1 
135.96 87.3 40.571716 -3.524381 661.4 4 5 120.2 4.219 2 5 1 
136.98 85.9 40.571613 -3.524136 661.9 4 5 118.8 1.406 1 5 1 
137.96 86.9 40.571503 -3.523890 662.0 4 5 119.5 0.703 0 5 1 
138.95 87.3 40.571396 -3.523637 662.4 4 5 121.3 2.461 0 5 1 
139.96 87.5 40.571281 -3.523403 662.6 4 5 122.7 3.164 2 5 1 
140.98 87.3 40.571163 -3.523169 662.8 4 5 123.8 2.461 2 5 1 
142.05 87.6 40.571049 -3.522926 662.9 4 5 125.5 2.812 2 5 1 
142.96 87.4 40.570919 -3.522696 663.0 4 5 126.9 3.164 0 5 1 
144.04 88.1 40.570786 -3.522464 663.1 4 5 129.0 3.516 0 5 1 
144.96 88.3 40.570641 -3.522236 663.0 4 5 129.4 2.461 0 5 1 
145.96 87.0 40.570503 -3.522005 662.9 4 5 129.4 0.352 1 5 1 
146.96 86.0 40.570362 -3.521788 662.5 3 5 131.1 1.758 0 5 1 
147.97 85.1 40.570213 -3.521581 662.1 4 5 133.9 4.570 0 5 1 
149.01 83.9 40.570068 -3.521378 661.6 4 5 133.2 2.109 0 5 1 
149.99 83.1 40.569920 -3.521175 661.2 4 5 134.3 1.055 0 5 1 
151.01 83.0 40.569771 -3.520981 660.9 4 5 135.7 2.461 1 5 1 
151.97 84.7 40.569614 -3.520798 660.8 4 5 136.8 2.461 0 5 1 
152.97 87.1 40.569447 -3.520602 660.5 4 5 138.5 2.812 0 5 1 
153.96 86.7 40.569283 -3.520413 660.3 4 5 138.9 2.109 0 5 1 
154.97 88.2 40.569111 -3.520214 659.9 4 5 139.6 1.055 0 5 1 
155.97 87.9 40.568939 -3.520028 659.8 4 5 141.0 2.109 1 5 1 
156.97 87.7 40.568771 -3.519842 659.7 4 5 141.7 2.109 1 5 1 
158.00 88.1 40.568596 -3.519671 659.2 3 5 143.4 2.461 0 5 1 
158.97 86.5 40.568424 -3.519513 658.8 4 5 146.2 4.570 0 5 1 
159.97 87.3 40.568241 -3.519360 658.3 4 5 146.6 3.164 0 5 1 
160.97 87.8 40.568050 -3.519200 658.1 3 5 146.2 0.352 0 5 1 
161.95 88.6 40.567871 -3.519042 657.8 3 5 147.3 1.055 0 5 1 
162.98 90.1 40.567684 -3.518888 657.7 3 5 149.1 2.812 0 4 0 
163.96 91.4 40.567490 -3.518732 657.8 3 5 150.1 2.812 0 4 0 
164.98 92.6 40.567299 -3.518579 657.2 3 5 151.2 2.109 0 4 0 
165.98 95.4 40.567085 -3.518433 657.4 3 5 152.2 2.109 0 4 0 
166.99 95.0 40.566868 -3.518289 657.1 3 5 154.0 2.812 0 4 0 
167.98 94.0 40.566654 -3.518154 657.1 3 5 154.7 2.461 0 4 0 
168.96 92.3 40.566448 -3.518036 656.6 3 5 156.1 2.109 0 4 0 
169.96 92.4 40.566238 -3.517926 656.8 3 5 158.2 3.516 0 4 0 
171.02 92.6 40.566017 -3.517828 656.8 3 5 160.3 4.219 2 4 0 
171.98 94.7 40.565784 -3.517729 656.9 3 5 162.1 3.867 0 3 0 
172.98 93.9 40.565567 -3.517639 657.1 3 5 163.1 2.812 0 3 0 
173.95 93.6 40.565346 -3.517553 657.4 3 5 163.5 1.406 0 3 0 
174.99 91.5 40.565125 -3.517471 657.7 3 5 164.2 1.055 0 3 0 
175.97 89.6 40.564907 -3.517395 657.9 3 5 165.6 2.109 1 3 0 
176.96 87.1 40.564690 -3.517333 657.8 3 5 165.9 1.758 1 3 0 
177.96 87.4 40.564480 -3.517267 658.4 3 5 167.0 1.406 1 3 0 
179.00 88.2 40.564270 -3.517206 658.2 3 5 168.4 2.461 1 3 0 
179.96 88.6 40.564053 -3.517154 659.0 3 5 169.8 2.812 2 4 0 
180.95 87.8 40.563831 -3.517101 660.3 3 5 170.2 1.758 2 4 0 
181.95 87.7 40.563618 -3.517059 661.6 3 5 170.5 0.703 1 4 0 
182.96 87.7 40.563396 -3.517015 661.8 3 5 172.6 2.461 2 4 0 
184.00 87.6 40.563175 -3.516979 662.4 3 5 173.3 2.812 2 4 0 
184.96 88.5 40.562954 -3.516940 663.2 3 5 172.6 0.703 1 4 0 
185.96 89.0 40.562733 -3.516894 664.2 3 5 172.6 0.703 0 4 0 
186.95 89.2 40.562511 -3.516860 664.6 3 5 173.0 0.352 2 4 0 
187.96 89.3 40.562286 -3.516824 665.4 3 5 173.3 0.703 2 4 0 
188.96 89.3 40.562061 -3.516790 666.3 3 5 173.0 0.352 2 4 0 
190.03 89.6 40.561840 -3.516753 667.4 3 5 171.6 1.758 2 4 0 
191.00 89.7 40.561619 -3.516710 668.6 3 5 170.9 2.109 2 4 0 
191.96 90.1 40.561401 -3.516658 669.0 4 5 169.5 2.109 0 4 0 
193.01 90.4 40.561184 -3.516608 669.4 4 5 167.0 3.867 0 4 0 
194.03 90.4 40.560966 -3.516538 670.6 4 5 163.8 5.625 0 4 0 
194.97 90.3 40.560753 -3.516448 671.3 4 5 161.0 5.977 0 4 0 
195.96 88.8 40.560547 -3.516346 671.7 4 5 159.3 4.570 1 4 0 
196.98 89.0 40.560337 -3.516245 672.4 4 5 157.1 3.867 1 4 0 
197.96 87.2 40.560143 -3.516120 672.9 4 5 154.7 4.570 2 4 0 
198.96 88.0 40.559948 -3.515988 673.5 4 5 152.6 4.570 2 4 0 
199.97 87.2 40.559753 -3.515848 674.8 4 5 150.8 3.867 0 4 0 
200.96 88.6 40.559563 -3.515691 675.3 4 5 148.7 3.867 0 4 0 
201.96 87.8 40.559368 -3.515529 676.0 4 5 146.2 4.570 0 4 0 
203.00 90.1 40.559189 -3.515358 676.7 4 5 143.4 5.273 0 3 0 
203.97 91.6 40.559006 -3.515169 677.8 4 5 141.3 4.922 0 3 0 
204.97 92.4 40.558830 -3.514979 678.7 4 5 139.6 3.867 0 3 0 
205.97 91.8 40.558659 -3.514779 679.5 4 5 137.5 3.867 0 3 0 
206.98 93.6 40.558491 -3.514567 680.2 4 5 135.7 3.867 0 3 0 
208.02 91.7 40.558331 -3.514342 681.3 4 5 133.6 3.867 0 3 0 
208.97 92.1 40.558170 -3.514109 681.8 4 5 131.5 4.219 1 3 0 
209.98 90.4 40.558025 -3.513883 682.7 4 5 129.7 3.867 2 4 0 
210.97 88.8 40.557884 -3.513661 684.0 4 5 127.6 3.867 2 4 0 
211.97 87.3 40.557747 -3.513426 684.6 4 5 125.9 3.867 0 4 0 
213.02 86.7 40.557625 -3.513199 685.3 4 5 124.1 3.516 2 4 0 
213.97 85.2 40.557507 -3.512963 686.5 4 5 122.0 3.867 1 4 0 
214.96 86.8 40.557396 -3.512717 687.6 4 5 118.8 5.273 1 4 0 
215.97 88.3 40.557289 -3.512460 689.1 3 5 116.7 5.273 1 4 0 
217.01 89.9 40.557198 -3.512197 690.4 4 5 114.3 4.570 1 4 0 
217.97 91.6 40.557117 -3.511913 691.8 4 5 112.1 4.570 1 4 0 
218.98 91.6 40.557037 -3.511634 693.0 4 5 110.0 4.219 0 4 0 
220.02 91.0 40.556965 -3.511353 693.8 4 5 107.9 4.219 1 4 0 
220.97 90.3 40.556900 -3.511060 694.7 4 5 104.8 5.273 2 4 0 
221.97 90.4 40.556850 -3.510772 696.2 4 5 102.7 5.273 2 5 1 
222.98 91.1 40.556805 -3.510485 698.0 4 5 101.2 3.516 2 5 1 
224.02 91.0 40.556763 -3.510191 698.8 4 5 99.8 2.812 0 5 1 
224.95 91.5 40.556740 -3.509899 699.5 3 5 97.0 4.219 0 5 1 
225.99 92.0 40.556717 -3.509601 700.7 3 5 94.2 5.625 0 5 1 
227.00 91.1 40.556705 -3.509296 702.0 3 5 91.8 5.273 1 5 1 
227.98 90.8 40.556698 -3.508989 702.5 3 5 89.6 4.570 2 5 1 
228.95 93.0 40.556694 -3.508686 704.0 3 5 89.3 2.461 2 5 1 
229.95 92.9 40.556694 -3.508384 705.5 3 5 88.9 0.703 0 5 1 
230.99 92.1 40.556698 -3.508076 706.5 3 5 88.6 0.703 0 5 1 
231.98 90.9 40.556705 -3.507781 707.4 3 5 88.2 0.703 0 5 1 
232.97 90.9 40.556709 -3.507478 708.5 3 5 88.6 0.352 0 5 1 
233.98 89.4 40.556713 -3.507180 709.4 3 5 89.6 1.406 0 5 1 
234.98 90.6 40.556713 -3.506885 710.6 3 5 91.4 2.812 0 5 1 
235.98 90.4 40.556690 -3.506593 712.4 3 5 94.6 4.922 0 5 1 
236.98 90.4 40.556679 -3.506300 713.5 3 5 95.6 4.219 0 5 1 
237.98 91.0 40.556652 -3.506003 713.7 3 5 97.0 2.461 0 5 1 
238.99 90.1 40.556625 -3.505707 714.9 3 5 99.1 3.516 0 5 1 
239.96 89.1 40.556591 -3.505413 716.5 3 5 99.8 2.812 2 5 1 
240.95 91.0 40.556545 -3.505123 717.6 4 5 103.0 3.867 2 5 1 
241.98 92.8 40.556488 -3.504817 719.2 4 5 105.8 5.977 1 5 1 
242.97 93.6 40.556423 -3.504519 720.6 4 5 107.9 4.922 0 4 0 
243.96 95.0 40.556343 -3.504219 721.6 4 5 110.4 4.570 0 4 0 
245.03 92.4 40.556259 -3.503940 722.5 4 5 112.1 4.219 1 4 0 
245.98 93.7 40.556171 -3.503652 723.8 4 5 113.6 3.164 1 4 0 
246.97 94.5 40.556072 -3.503386 725.4 4 5 115.7 3.516 1 4 0 
247.96 95.8 40.555958 -3.503108 726.2 4 5 117.4 3.867 1 4 0 
248.96 96.2 40.555851 -3.502847 727.9 4 5 119.9 4.219 1 4 0 
250.01 96.9 40.555717 -3.502587 729.2 4 5 122.3 4.922 1 4 0 
250.97 97.8 40.555580 -3.502321 730.7 4 5 124.1 4.219 2 4 0 
251.98 97.4 40.555439 -3.502059 732.3 4 5 124.8 2.461 1 4 0 
252.96 96.3 40.555302 -3.501801 733.3 4 5 124.1 0.703 0 4 0 
253.96 95.7 40.555161 -3.501546 734.4 4 5 123.8 1.055 2 4 0 
254.97 93.1 40.555031 -3.501285 735.3 4 5 123.0 1.055 2 5 1 
256.01 90.7 40.554909 -3.501028 736.2 4 5 121.3 2.461 2 5 1 
256.98 88.0 40.554806 -3.500788 737.2 4 5 117.8 5.273 2 5 1 
258.05 87.8 40.554718 -3.500525 738.0 4 5 112.9 8.438 2 5 1 
259.07 86.9 40.554646 -3.500260 738.8 4 5 107.2 10.547 0 5 1 
259.96 86.8 40.554592 -3.499976 739.6 4 5 105.1 7.734 0 5 1 
260.96 88.6 40.554539 -3.499675 740.4 4 5 103.0 4.219 0 5 1 
261.97 88.5 40.554482 -3.499393 740.9 4 5 105.1 2.109 0 5 1 
263.05 87.2 40.554420 -3.499116 741.2 3 5 106.5 3.516 0 5 1 
263.98 85.8 40.554367 -3.498841 741.3 3 5 103.7 2.812 0 5 1 
264.97 84.5 40.554317 -3.498568 740.7 3 5 102.0 4.570 0 5 1 
265.97 86.3 40.554272 -3.498283 741.1 3 5 98.1 5.625 1 5 1 
267.00 87.5 40.554237 -3.497996 741.3 3 5 97.4 4.570 1 5 1 
267.97 87.6 40.554214 -3.497715 741.3 3 5 94.6 3.516 0 5 1 
268.98 88.8 40.554199 -3.497426 741.2 3 5 92.1 5.273 1 5 1 
269.96 89.7 40.554207 -3.497136 741.3 4 5 90.4 4.219 1 5 1 
270.97 89.8 40.554207 -3.496851 741.0 4 5 86.8 5.273 2 5 1 
271.97 89.1 40.554218 -3.496557 740.8 4 5 85.1 5.273 2 5 1 
272.97 89.2 40.554249 -3.496268 740.1 3 5 82.6 4.219 2 5 1 
274.02 88.0 40.554279 -3.495980 739.6 3 5 80.2 4.922 2 5 1 
274.97 86.7 40.554317 -3.495699 739.2 3 5 78.4 4.219 2 5 1 
275.99 87.2 40.554363 -3.495428 739.2 3 5 76.3 3.867 1 5 1 
276.97 89.9 40.554417 -3.495142 739.2 3 5 76.3 2.109 0 5 1 
277.97 91.0 40.554485 -3.494859 739.4 3 5 71.4 4.922 0 5 1 
279.01 90.7 40.554562 -3.494572 739.3 3 5 69.3 7.031 0 5 1 
279.98 89.9 40.554657 -3.494315 738.7 3 5 66.8 4.570 1 5 1 
280.99 88.9 40.554741 -3.494055 738.8 3 5 64.7 4.570 1 5 1 
281.99 88.8 40.554836 -3.493792 738.4 3 5 63.3 3.516 2 5 1 
282.97 89.0 40.554932 -3.493528 738.4 3 5 63.3 1.406 2 5 1 
283.99 88.5 40.555035 -3.493268 738.1 3 5 62.9 0.352 2 5 1 
284.97 88.5 40.555138 -3.493014 738.2 3 5 63.3 0.352 2 5 1 
286.00 90.0 40.555241 -3.492756 738.0 3 5 63.6 0.703 2 5 1 
287.02 92.5 40.555340 -3.492479 738.3 3 5 66.8 3.516 2 5 1 
288.00 93.7 40.555431 -3.492205 738.1 3 5 68.2 4.570 2 5 1 
288.98 94.6 40.555511 -3.491916 737.8 3 5 70.7 3.867 2 5 1 
289.95 95.1 40.555584 -3.491621 737.8 3 5 72.1 3.867 2 6 1 
291.04 94.4 40.555656 -3.491331 737.6 3 5 73.8 3.164 2 6 1 
291.98 93.6 40.555721 -3.491033 737.4 3 5 76.6 4.570 2 6 1 
292.98 93.2 40.555763 -3.490735 737.1 3 5 79.1 5.273 1 6 1 
294.01 94.2 40.555801 -3.490432 737.0 3 5 80.9 4.219 1 6 1 
294.95 93.0 40.555836 -3.490136 737.0 3 5 83.3 4.219 2 6 1 
296.06 93.3 40.555862 -3.489826 736.5 3 5 86.1 5.273 2 7 1 
297.05 94.6 40.555874 -3.489515 736.1 3 5 88.6 5.273 2 7 1 
298.02 90.5 40.555874 -3.489207 735.8 3 5 89.6 3.516 1 7 1 
298.98 90.0 40.555874 -3.488922 735.7 3 5 90.7 2.109 1 7 1 
300.02 92.7 40.555866 -3.488617 735.5 3 5 93.2 3.516 1 7 1 
300.98 91.8 40.555847 -3.488307 735.2 3 5 93.5 2.812 0 7 1 
301.97 92.8 40.555828 -3.487995 735.1 3 5 95.3 2.109 0 7 1 
302.96 93.3 40.555798 -3.487678 735.1 3 5 97.0 3.516 0 7 1 
303.96 94.1 40.555771 -3.487381 735.0 3 5 98.8 3.516 0 7 1 
304.96 93.0 40.555725 -3.487080 734.6 3 5 99.5 2.461 0 7 1 
305.95 93.2 40.555691 -3.486774 734.5 3 5 100.5 1.758 0 7 1 
306.98 94.9 40.555645 -3.486466 734.5 3 5 101.2 1.758 0 6 1 
307.96 94.9 40.555592 -3.486161 734.5 3 5 102.7 2.109 0 6 1 
308.96 93.9 40.555538 -3.485858 734.0 3 5 103.7 2.461 0 6 1 
309.96 92.8 40.555473 -3.485572 733.7 3 5 104.8 2.109 1 6 1 
311.02 93.1 40.555412 -3.485273 733.8 3 5 105.8 2.109 1 6 1 
311.96 94.3 40.555351 -3.484969 733.3 3 5 106.9 2.109 1 6 1 
313.00 95.4 40.555283 -3.484668 733.1 3 5 107.6 1.758 1 6 1 
313.97 95.9 40.555202 -3.484379 733.0 3 5 109.3 2.461 1 6 1 
314.96 97.1 40.555122 -3.484078 733.0 3 5 110.4 2.812 1 6 1 
315.98 95.5 40.555035 -3.483786 732.4 4 5 111.8 2.461 0 6 1 
316.96 94.4 40.554947 -3.483498 731.8 4 5 112.9 2.461 0 6 1 
317.96 93.1 40.554855 -3.483218 731.8 4 5 113.6 1.758 0 6 1 
318.96 94.0 40.554768 -3.482948 731.2 4 5 115.0 2.109 0 6 1 
319.96 96.3 40.554665 -3.482663 731.2 4 5 116.0 2.461 0 6 1 
320.96 97.7 40.554562 -3.482373 731.2 4 5 116.4 1.406 0 6 1 
321.96 97.8 40.554455 -3.482083 731.0 3 5 116.4 0.352 1 6 1 
322.96 97.0 40.554333 -3.481802 730.9 3 5 118.1 1.758 1 6 1 
323.96 97.1 40.554207 -3.481533 730.4 3 5 121.3 4.922 0 6 1 
324.96 97.3 40.554070 -3.481268 729.9 4 5 122.3 4.219 0 6 1 
325.97 94.6 40.553940 -3.481006 729.5 4 5 122.3 1.055 0 6 1 
326.97 93.1 40.553825 -3.480775 728.9 4 5 123.0 0.703 0 6 1 
327.98 91.7 40.553699 -3.480522 728.5 4 5 124.1 1.758 0 6 1 
328.95 93.2 40.553558 -3.480258 727.6 4 5 124.8 1.758 0 5 1 
329.97 92.1 40.553425 -3.480007 727.3 4 5 126.9 2.812 0 5 1 
330.97 93.7 40.553284 -3.479760 726.7 4 5 127.3 2.461 0 5 1 
331.99 93.8 40.553143 -3.479514 726.2 4 5 127.6 0.703 0 5 1 
332.97 94.2 40.553001 -3.479272 725.5 4 5 128.7 1.406 1 5 1 
333.97 96.2 40.552856 -3.479033 725.1 4 5 130.8 3.164 1 5 1 
334.97 97.9 40.552692 -3.478799 724.5 4 5 131.8 3.164 1 5 1 
336.05 96.9 40.552532 -3.478554 723.7 4 5 133.2 2.461 0 5 1 
336.97 98.6 40.552361 -3.478325 722.6 4 5 135.4 3.516 0 5 1 
337.97 94.9 40.552189 -3.478111 721.7 3 5 136.1 2.812 1 5 1 
338.95 95.5 40.552017 -3.477893 720.7 3 5 136.8 1.406 1 5 1 
339.98 96.0 40.551842 -3.477666 720.0 3 5 137.5 1.406 2 5 1 
340.99 97.7 40.551651 -3.477450 719.7 3 5 138.5 1.758 2 5 1 
341.98 98.2 40.551468 -3.477243 719.5 3 5 138.9 1.406 2 5 1 
342.97 100.4 40.551277 -3.477031 718.9 3 5 140.6 2.109 2 5 1 
344.02 100.5 40.551083 -3.476826 717.6 4 5 141.7 2.812 2 5 1 
344.98 100.6 40.550884 -3.476616 717.1 4 5 141.7 1.055 0 5 1 
346.04 101.0 40.550686 -3.476408 716.4 4 5 142.4 0.703 0 5 1 
346.96 99.9 40.550488 -3.476207 715.6 4 5 144.1 2.461 1 5 1 
347.99 99.0 40.550274 -3.476023 714.3 4 5 145.5 3.164 1 5 1 
348.96 98.9 40.550064 -3.475848 713.3 4 5 147.7 3.516 0 5 1 
349.98 98.2 40.549854 -3.475689 712.4 3 5 149.4 3.867 0 4 0 
350.98 97.1 40.549641 -3.475541 711.4 3 5 150.8 3.164 1 4 0 
351.96 96.9 40.549427 -3.475380 710.1 3 5 151.2 1.758 0 4 0 
352.95 96.5 40.549221 -3.475230 709.4 3 5 150.8 0.352 0 4 0 
353.98 94.5 40.549015 -3.475076 708.6 3 5 150.8 0.352 1 4 0 
354.98 96.7 40.548801 -3.474925 707.9 3 5 152.2 1.406 1 4 0 
355.96 94.8 40.548588 -3.474803 706.8 3 5 156.1 5.273 0 4 0 
356.98 94.9 40.548367 -3.474686 705.6 3 5 157.1 4.922 0 4 0 
357.96 82.6 40.548172 -3.474586 703.8 3 5 157.5 1.406 0 3 0 
358.95 80.8 40.547981 -3.474469 702.8 3 5 158.2 1.055 0 3 0 
359.96 81.2 40.547794 -3.474376 702.2 3 5 158.6 1.055 0 3 0 
361.05 83.1 40.547604 -3.474278 701.3 3 5 158.9 0.703 0 3 0 
362.01 84.2 40.547405 -3.474187 700.3 3 5 160.7 2.109 0 3 0 
363.04 84.8 40.547203 -3.474092 699.8 3 5 161.7 2.812 0 3 0 
363.96 85.9 40.547005 -3.474016 699.4 3 5 162.1 1.406 0 3 0 
364.96 85.9 40.546803 -3.473933 698.7 3 5 163.1 1.406 0 3 0 
365.96 86.5 40.546600 -3.473849 698.1 3 5 163.5 1.406 0 3 0 
366.97 86.0 40.546383 -3.473782 697.3 3 5 164.5 1.406 0 3 0 
367.96 86.7 40.546177 -3.473706 696.7 3 5 164.2 0.703 0 3 0 
368.97 87.6 40.545963 -3.473638 696.2 3 5 165.2 1.055 0 3 0 
369.96 88.7 40.545753 -3.473552 695.3 3 5 165.2 1.055 0 3 0 
370.97 90.5 40.545536 -3.473480 694.8 3 5 165.2 0 1 3 0 
372.03 91.7 40.545311 -3.473407 694.3 3 5 165.2 0 2 3 0 
372.96 92.4 40.545082 -3.473332 693.2 3 5 165.9 0.703 1 3 0 
373.97 92.7 40.544857 -3.473258 692.8 3 5 166.3 1.055 1 3 0 
374.96 92.4 40.544636 -3.473184 692.0 3 5 166.3 0.352 0 3 0 
375.96 91.9 40.544411 -3.473109 690.9 3 5 166.3 0 0 3 0 
376.97 91.4 40.544186 -3.473040 690.2 3 5 165.9 0.352 0 3 0 
377.96 91.9 40.543957 -3.472966 689.0 3 5 164.9 1.406 1 3 0 
378.96 94.6 40.543728 -3.472884 688.2 3 5 165.2 0.703 2 3 0 
380.09 95.5 40.543499 -3.472808 687.6 3 5 165.9 1.055 2 3 0 
380.99 97.6 40.543270 -3.472727 687.6 3 5 166.3 1.055 1 3 0 
381.97 100.7 40.543030 -3.472653 687.1 3 5 165.9 0.352 0 3 0 
382.97 101.8 40.542786 -3.472574 686.7 3 5 165.9 0.352 0 3 0 
383.95 101.5 40.542538 -3.472497 686.0 3 5 166.3 0.352 0 3 0 
384.99 100.5 40.542290 -3.472416 685.1 3 5 166.3 0.352 0 3 0 
385.97 99.8 40.542046 -3.472340 684.2 3 5 165.9 0.352 0 3 0 
386.97 99.2 40.541801 -3.472263 683.4 3 5 165.6 0.703 0 3 0 
387.97 98.3 40.541565 -3.472187 682.4 3 5 165.9 0.352 0 3 0 
388.97 98.0 40.541325 -3.472110 682.0 3 5 166.3 0.703 1 3 0 
389.96 97.2 40.541088 -3.472040 681.6 3 5 166.6 0.703 2 3 0 
390.97 99.2 40.540852 -3.471968 680.8 3 5 165.9 0.703 2 3 0 
391.97 101.4 40.540600 -3.471888 680.7 3 5 165.6 1.055 1 4 0 
392.98 104.3 40.540352 -3.471796 680.3 3 5 165.2 0.703 0 4 0 
393.98 105.9 40.540104 -3.471717 680.4 3 5 165.2 0.352 0 3 0 
395.01 104.8 40.539856 -3.471622 679.7 3 5 164.9 0.352 0 3 0 
395.97 103.2 40.539597 -3.471537 679.1 3 5 165.6 0.703 0 3 0 
397.05 103.6 40.539341 -3.471452 678.5 3 5 165.9 1.055 1 3 0 
398.02 101.2 40.539093 -3.471371 677.8 3 5 165.6 0.352 1 3 0 
398.98 101.0 40.538849 -3.471288 676.9 3 5 165.6 0.352 2 3 0 
400.01 98.3 40.538609 -3.471213 676.0 4 5 165.9 0.352 2 3 0 
400.98 100.6 40.538372 -3.471137 675.9 3 5 165.6 0.352 2 3 0 
401.98 102.6 40.538128 -3.471057 675.8 3 5 165.9 0.352 2 3 0 
402.95 103.1 40.537880 -3.470980 675.3 3 5 165.6 0.352 2 3 0 
403.96 102.3 40.537624 -3.470908 674.4 3 5 165.9 0.352 2 3 0 
405.02 101.3 40.537380 -3.470829 674.2 3 5 165.6 0.352 1 3 0 
405.98 100.5 40.537128 -3.470741 672.9 3 5 165.2 0.703 0 3 0 
406.98 99.9 40.536888 -3.470653 671.9 3 5 163.5 2.109 0 3 0 
408.03 99.3 40.536652 -3.470555 671.6 3 5 162.1 3.164 0 3 0 
408.98 97.2 40.536427 -3.470434 670.8 3 5 158.6 4.922 0 3 0 
409.97 96.1 40.536209 -3.470304 670.1 3 5 154.3 7.734 0 3 0 
410.95 96.4 40.536007 -3.470148 669.5 3 5 151.2 7.383 0 3 0 
412.11 96.9 40.535786 -3.470004 669.3 3 5 148.0 6.328 0 3 0 
412.98 100.2 40.535599 -3.469815 668.9 4 5 144.5 6.680 0 3 0 
413.99 101.5 40.535404 -3.469609 668.5 3 5 142.0 5.977 0 3 0 
414.96 101.6 40.535206 -3.469398 667.6 3 5 139.2 5.273 0 3 0 
415.95 102.0 40.535015 -3.469169 667.5 3 5 135.7 6.328 0 3 0 
416.96 102.5 40.534832 -3.468906 666.9 3 5 132.2 7.031 0 3 0 
417.96 102.1 40.534664 -3.468651 666.7 3 5 129.0 6.680 0 3 0 
418.96 101.1 40.534515 -3.468384 665.5 3 5 125.5 6.680 0 3 0 
419.96 100.8 40.534370 -3.468115 665.5 3 5 124.1 4.922 1 3 0 
420.96 99.9 40.534256 -3.467833 665.0 3 5 118.8 6.680 0 3 0 
422.01 99.3 40.534149 -3.467539 664.1 3 5 115.3 8.789 0 3 0 
422.96 98.4 40.534050 -3.467242 663.2 3 5 113.2 5.625 0 3 0 
423.98 96.1 40.533966 -3.466955 662.8 3 5 111.1 4.219 0 3 0 
425.01 95.9 40.533909 -3.466648 662.0 3 5 106.9 6.328 0 3 0 
425.96 95.0 40.533836 -3.466347 661.3 3 5 103.4 7.734 1 3 0 
427.00 93.6 40.533798 -3.466029 661.1 4 5 99.8 7.031 2 3 0 
427.96 93.4 40.533760 -3.465722 660.4 4 5 97.4 5.977 2 3 0 
428.96 92.1 40.533730 -3.465415 659.9 4 5 96.0 3.867 1 4 0 
429.97 91.3 40.533722 -3.465113 659.3 4 5 93.2 4.219 0 4 0 
430.96 90.8 40.533714 -3.464808 658.6 4 5 91.1 4.922 0 4 0 
432.10 92.6 40.533710 -3.464512 658.6 3 5 91.1 2.109 0 3 0 
432.96 92.6 40.533710 -3.464208 658.4 3 5 89.3 1.758 0 3 0 
433.99 91.6 40.533714 -3.463907 657.5 3 5 88.6 2.461 0 3 0 
434.97 91.2 40.533714 -3.463621 657.4 3 5 90.0 1.406 0 3 0 
435.96 90.6 40.533718 -3.463321 657.0 3 5 90.4 1.758 0 3 0 
436.96 89.4 40.533718 -3.463026 656.4 3 5 89.3 1.055 0 3 0 
438.01 88.8 40.533726 -3.462740 655.8 3 5 89.6 0.703 0 3 0 
438.97 88.1 40.533726 -3.462457 655.5 3 5 89.6 0.352 1 3 0 
439.97 86.9 40.533722 -3.462174 654.9 3 5 88.6 1.055 2 3 0 
440.99 86.5 40.533726 -3.461893 654.5 3 5 89.6 1.055 2 3 0 
442.09 85.6 40.533737 -3.461608 654.1 3 5 90.4 1.758 1 3 0 
442.97 84.9 40.533737 -3.461327 653.7 3 5 90.7 1.055 0 3 0 
444.00 85.2 40.533737 -3.461046 653.3 3 5 89.6 1.055 0 3 0 
444.99 76.7 40.533733 -3.460783 652.0 3 5 90.0 0.703 0 3 0 
445.97 77.9 40.533726 -3.460528 652.2 3 5 90.0 0.352 0 3 0 
446.97 80.3 40.533722 -3.460258 652.1 3 5 90.7 0.703 0 3 0 
448.01 82.8 40.533726 -3.459978 652.2 3 5 89.6 1.055 0 3 0 
449.00 83.1 40.533722 -3.459707 651.8 3 5 90.0 0.703 0 3 0 
450.00 83.1 40.533726 -3.459427 651.5 3 5 88.9 1.055 0 3 0 
450.99 84.8 40.533733 -3.459146 651.7 3 5 89.3 0.703 0 3 0 
451.97 84.6 40.533737 -3.458876 651.3 3 5 88.9 0.352 1 3 0 
452.95 83.9 40.533741 -3.458597 651.1 3 5 89.6 0.703 2 3 0 
453.97 83.0 40.533741 -3.458327 651.0 4 5 90.4 1.406 1 3 0 
454.97 82.5 40.533741 -3.458052 650.7 3 5 90.4 0.703 0 3 0 
455.96 81.4 40.533745 -3.457781 650.9 3 5 89.3 1.055 1 3 0 
456.96 80.9 40.533749 -3.457520 650.6 3 5 89.3 1.055 1 3 0 
458.03 83.1 40.533745 -3.457261 651.2 3 5 89.6 0.352 1 3 0 
458.97 84.9 40.533752 -3.456981 651.3 3 5 88.9 0.703 2 3 0 
460.00 84.1 40.533756 -3.456709 651.5 3 5 88.2 1.406 2 3 0 
461.00 82.8 40.533756 -3.456433 651.6 3 5 91.1 2.812 0 3 0 
462.00 84.1 40.533749 -3.456162 652.0 3 5 90.4 2.109 0 3 0 
462.96 85.2 40.533741 -3.455884 652.5 3 5 90.4 0.703 0 3 0 
463.98 84.9 40.533741 -3.455600 652.5 3 5 90.4 0 1 3 0 
464.98 85.6 40.533745 -3.455313 653.1 3 5 90.4 0 1 3 0 
466.00 86.5 40.533756 -3.455034 653.7 3 5 88.6 1.758 0 3 0 
466.95 84.8 40.533760 -3.454752 654.1 3 5 88.6 1.758 0 3 0 
467.98 83.4 40.533764 -3.454478 653.9 3 5 89.3 0.703 0 3 0 
469.00 83.4 40.533764 -3.454209 654.3 3 5 89.3 0.703 1 3 0 
469.99 84.9 40.533760 -3.453934 654.9 3 5 89.6 0.352 0 3 0 
471.01 86.6 40.533752 -3.453659 655.4 3 5 90.7 1.406 0 3 0 
471.96 88.6 40.533749 -3.453375 655.8 4 5 88.6 2.109 0 3 0 
472.95 86.9 40.533752 -3.453085 655.9 4 5 88.2 2.461 2 3 0 
473.95 86.8 40.533756 -3.452804 656.5 3 5 88.9 0.703 2 3 0 
474.98 87.0 40.533764 -3.452515 656.6 4 5 89.6 1.406 2 3 0 
475.96 87.0 40.533768 -3.452229 657.4 3 5 90.0 1.055 2 3 0 
476.97 86.1 40.533772 -3.451933 657.2 3 5 91.1 1.406 1 4 0 
477.96 85.4 40.533772 -3.451652 657.7 3 5 90.7 0.703 0 4 0 
479.04 85.1 40.533772 -3.451376 657.9 3 5 90.0 1.055 0 4 0 
479.96 85.9 40.533772 -3.451095 658.5 3 5 89.3 1.406 0 4 0 
481.01 87.2 40.533775 -3.450812 658.8 3 5 88.9 1.055 1 4 0 
481.97 88.8 40.533791 -3.450533 659.3 3 5 88.6 0.703 2 4 0 
483.02 88.5 40.533794 -3.450240 659.6 3 5 89.3 0.703 2 4 0 
483.96 86.9 40.533794 -3.449949 659.5 3 5 90.4 1.758 1 4 0 
484.98 85.4 40.533794 -3.449665 659.6 3 5 90.4 1.055 0 4 0 
485.96 83.8 40.533798 -3.449381 660.0 3 5 90.4 0 0 4 0 
486.97 82.9 40.533798 -3.449114 660.0 3 5 90.4 0 0 4 0 
487.97 82.5 40.533798 -3.448841 660.5 4 5 90.4 0 1 4 0 
488.98 83.2 40.533794 -3.448570 660.7 4 5 90.0 0.352 1 4 0 
490.03 82.9 40.533794 -3.448299 661.0 4 5 90.0 0.352 2 4 0 
490.95 82.8 40.533794 -3.448025 661.6 4 5 90.0 0 2 4 0 
491.95 84.7 40.533794 -3.447750 662.0 3 5 89.6 0.352 2 4 0 
492.98 86.7 40.533794 -3.447469 662.6 3 5 90.0 0.352 2 4 0 
494.06 88.4 40.533794 -3.447177 663.2 3 5 89.6 0.352 2 4 0 
494.96 89.5 40.533798 -3.446887 664.0 3 5 88.9 1.055 0 5 1 
495.96 89.9 40.533798 -3.446584 663.7 3 5 88.9 0.703 0 5 1 
496.96 88.0 40.533802 -3.446294 663.7 3 5 89.3 0.352 0 5 1 
498.00 88.3 40.533798 -3.446007 664.9 3 5 91.1 2.109 0 5 1 
499.01 87.0 40.533798 -3.445730 665.0 3 5 89.6 1.406 0 5 1 
499.97 89.1 40.533802 -3.445440 665.0 3 5 89.3 1.758 1 5 1 
500.96 88.2 40.533806 -3.445149 665.4 3 5 89.3 0.352 2 5 1 
501.97 89.0 40.533802 -3.444860 665.8 3 5 89.6 0.352 2 5 1 
502.97 89.4 40.533810 -3.444566 666.2 3 5 90.0 0.703 1 5 1 
503.99 89.1 40.533806 -3.444273 666.8 3 5 91.1 1.406 1 5 1 
504.96 87.2 40.533806 -3.443984 667.0 3 5 89.6 1.406 1 5 1 
505.97 84.9 40.533810 -3.443700 667.0 3 5 89.3 1.758 1 5 1 
507.00 83.3 40.533806 -3.443430 667.0 3 5 90.4 1.055 0 5 1 
507.97 81.9 40.533810 -3.443160 667.1 3 5 90.7 1.406 0 5 1 
508.99 83.1 40.533810 -3.442884 667.5 3 5 90.0 0.703 0 5 1 
509.96 84.4 40.533810 -3.442611 667.9 3 5 89.6 1.055 0 5 1 
510.99 85.4 40.533813 -3.442336 668.6 3 5 88.6 1.406 1 5 1 
512.02 86.8 40.533821 -3.442048 669.0 3 5 88.9 0.703 2 5 1 
512.99 88.8 40.533825 -3.441752 669.5 3 5 89.3 0.703 2 5 1 
513.96 90.8 40.533833 -3.441448 669.7 3 5 89.3 0.352 2 5 1 
514.99 92.9 40.533836 -3.441148 670.1 3 5 90.0 0.703 1 5 1 
515.97 95.4 40.533833 -3.440837 670.5 3 5 90.7 1.406 0 5 1 
516.96 95.3 40.533829 -3.440521 670.6 3 5 90.4 0.352 0 5 1 
517.97 94.5 40.533833 -3.440213 670.2 3 5 89.3 1.406 1 5 1 
518.95 93.6 40.533836 -3.439911 669.7 3 5 88.6 1.758 2 5 1 
519.97 92.3 40.533859 -3.439629 669.0 3 5 88.6 0.703 2 5 1 
521.01 92.9 40.533863 -3.439324 668.2 4 5 90.0 1.406 1 5 1 
521.98 92.4 40.533859 -3.439023 667.2 4 5 91.1 2.461 0 5 1 
522.95 92.8 40.533852 -3.438718 666.5 4 5 91.1 1.055 0 5 1 
524.00 92.9 40.533848 -3.438411 665.7 6 5 90.4 0.703 0 5 1 
524.96 92.5 40.533844 -3.438107 664.8 6 5 89.3 1.758 0 5 1 
525.96 93.9 40.533844 -3.437801 663.7 6 5 90.0 0.703 0 5 1 
526.94 92.7 40.533848 -3.437497 662.8 6 5 90.0 0.703 0 5 1 
528.05 92.6 40.533848 -3.437196 661.6 6 5 88.9 1.055 0 5 1 
528.96 93.1 40.533855 -3.436886 660.1 6 5 89.3 0.703 1 5 1 
529.95 93.3 40.533855 -3.436572 658.8 6 5 90.0 1.055 1 5 1 
530.96 93.7 40.533859 -3.436273 658.0 6 5 89.3 0.703 1 5 1 
531.99 94.1 40.533859 -3.435973 656.9 6 5 90.0 0.703 1 5 1 
532.95 94.9 40.533859 -3.435664 655.6 6 5 91.1 1.758 0 5 1 
533.95 94.1 40.533855 -3.435358 654.3 4 5 90.0 1.055 0 5 1 
534.95 93.7 40.533852 -3.435051 653.0 4 5 90.7 0.703 0 5 1 
535.96 93.1 40.533833 -3.434755 651.7 4 5 90.7 0.703 0 5 1 
537.01 90.8 40.533825 -3.434456 650.7 4 5 91.1 0.352 0 5 1 
537.95 92.1 40.533806 -3.434148 649.2 4 5 91.8 1.055 0 5 1 
539.00 93.5 40.533798 -3.433844 648.1 3 5 93.2 2.109 0 5 1 
539.95 93.3 40.533779 -3.433528 646.8 3 5 94.6 2.812 1 5 1 
540.96 93.7 40.533756 -3.433219 645.6 3 5 96.0 2.812 1 5 1 
541.97 94.5 40.533730 -3.432911 644.2 3 5 97.7 3.164 1 5 1 
542.96 94.7 40.533699 -3.432599 642.5 3 5 98.4 2.461 1 5 1 
543.96 93.6 40.533669 -3.432292 640.9 3 5 98.4 0.703 1 5 1 
544.95 89.0 40.533630 -3.431986 640.1 3 5 102.3 3.867 1 5 1 
545.96 82.6 40.533569 -3.431716 638.2 3 5 102.7 4.219 1 5 1 
546.97 82.8 40.533516 -3.431450 636.8 3 5 104.4 2.109 0 5 1 
548.01 82.3 40.533463 -3.431198 635.7 3 5 106.9 4.219 0 5 1 
548.96 83.9 40.533394 -3.430935 634.5 3 5 108.3 3.867 0 5 1 
550.05 84.1 40.533321 -3.430684 633.2 3 5 109.7 2.812 0 4 0 
550.97 84.5 40.533253 -3.430421 632.0 3 5 110.0 1.758 0 4 0 
551.99 85.2 40.533176 -3.430162 630.6 4 5 111.8 2.109 0 4 0 
552.96 84.6 40.533100 -3.429907 629.2 4 5 113.2 3.164 1 4 0 
553.96 88.0 40.533005 -3.429653 627.8 4 5 116.0 4.219 0 4 0 
554.95 82.3 40.532913 -3.429405 626.8 4 5 118.1 4.922 0 4 0 
556.02 79.2 40.532822 -3.429188 625.0 4 5 119.9 3.867 1 4 0 
557.04 80.2 40.532726 -3.428966 623.8 3 5 120.2 2.109 2 4 0 
558.09 82.9 40.532619 -3.428732 623.3 3 5 121.6 1.758 2 4 0 
558.97 83.2 40.532509 -3.428503 623.1 4 5 123.0 2.812 2 4 0 
560.00 84.2 40.532387 -3.428277 621.8 4 5 124.8 3.164 1 5 1 
560.97 85.0 40.532269 -3.428057 621.1 4 5 125.5 2.461 1 5 1 
561.98 90.8 40.532124 -3.427827 619.9 4 5 128.0 3.164 2 5 1 
562.97 90.2 40.531979 -3.427586 619.6 4 5 129.7 4.219 2 5 1 
563.97 91.0 40.531837 -3.427346 618.9 4 5 129.7 1.758 2 5 1 
564.96 89.6 40.531689 -3.427110 618.5 4 5 131.1 1.406 1 5 1 
565.95 88.5 40.531540 -3.426885 618.1 4 5 133.2 3.516 1 5 1 
567.08 88.4 40.531380 -3.426670 617.8 4 5 136.1 4.922 2 5 1 
567.97 88.9 40.531219 -3.426476 617.8 4 5 137.5 4.219 2 5 1 
568.96 89.5 40.531048 -3.426291 617.8 4 5 138.9 2.812 2 5 1 
569.95 90.1 40.530880 -3.426086 618.5 4 5 139.2 1.758 2 5 1 
570.96 88.4 40.530708 -3.425902 619.2 4 5 141.3 2.461 2 5 1 
571.96 86.0 40.530540 -3.425726 619.6 4 5 142.0 2.812 1 5 1 
572.97 84.0 40.530376 -3.425557 619.9 4 5 143.4 2.109 0 5 1 
573.97 85.3 40.530201 -3.425396 620.6 3 5 144.1 2.109 0 5 1 
574.96 83.8 40.530045 -3.425262 620.7 4 5 146.6 3.164 2 5 1 
575.98 84.7 40.529865 -3.425115 621.3 4 5 148.4 4.219 2 5 1 
576.97 86.8 40.529678 -3.424969 622.1 3 5 150.5 3.867 2 5 1 
577.97 85.0 40.529491 -3.424828 622.6 3 5 151.2 2.812 2 5 1 
578.98 83.1 40.529305 -3.424710 622.5 3 5 152.9 2.461 1 5 1 
580.00 83.5 40.529118 -3.424590 623.0 3 5 153.6 2.461 0 5 1 
580.98 82.5 40.528934 -3.424470 623.5 3 5 153.6 0.703 0 5 1 
581.96 80.9 40.528755 -3.424350 624.3 3 5 153.6 0 0 5 1 
582.95 81.7 40.528576 -3.424227 624.3 3 5 153.6 0 0 5 1 
583.98 85.6 40.528393 -3.424099 624.5 3 5 152.6 1.055 2 5 1 
584.96 87.7 40.528198 -3.423976 626.1 3 5 152.2 1.406 2 5 1 
585.99 89.4 40.528000 -3.423844 626.6 3 5 152.2 0.352 1 6 1 
586.97 88.9 40.527813 -3.423712 627.4 3 5 151.2 1.055 0 6 1 
587.98 88.7 40.527618 -3.423564 627.7 3 5 149.1 3.164 0 6 1 
588.95 89.5 40.527431 -3.423400 628.0 3 5 146.2 4.922 0 6 1 
589.97 92.2 40.527245 -3.423229 628.4 3 5 142.4 6.680 0 5 1 
590.96 91.7 40.527069 -3.423036 629.4 3 5 141.3 4.922 0 5 1 
591.95 90.0 40.526894 -3.422843 629.5 3 5 139.6 2.812 0 5 1 
592.95 88.0 40.526726 -3.422645 629.8 3 5 135.7 5.625 0 5 1 
593.97 86.4 40.526573 -3.422441 630.1 3 5 132.9 6.680 1 5 1 
594.95 84.6 40.526428 -3.422230 630.5 3 5 131.1 4.570 2 5 1 
595.95 85.6 40.526295 -3.422010 630.7 3 5 129.4 3.516 2 5 1 
596.98 88.8 40.526150 -3.421779 631.1 3 5 128.3 2.812 0 6 1 
597.97 90.7 40.526009 -3.421535 632.2 3 5 125.2 4.219 0 6 1 
598.96 90.5 40.525879 -3.421294 632.7 3 5 123.4 4.922 0 6 1 
599.96 87.4 40.525757 -3.421046 633.1 3 5 120.6 4.570 0 6 1 
600.95 87.4 40.525654 -3.420796 633.4 3 5 117.8 5.625 0 5 1 
601.95 90.4 40.525551 -3.420539 634.4 3 5 116.0 4.570 0 5 1 
602.98 93.7 40.525448 -3.420269 635.4 3 5 115.0 2.812 0 5 1 
603.96 95.6 40.525356 -3.419981 636.2 3 5 111.8 4.219 0 5 1 
604.95 95.8 40.525265 -3.419683 636.9 3 5 111.1 3.867 1 5 1 
605.96 96.6 40.525185 -3.419394 637.5 3 5 108.3 3.516 1 5 1 
606.95 97.7 40.525116 -3.419079 638.0 3 5 106.5 4.570 0 5 1 
607.96 100.4 40.525051 -3.418771 638.8 3 5 105.8 2.461 0 5 1 
608.96 101.3 40.524986 -3.418445 639.0 4 5 106.5 0.703 0 5 1 
609.96 100.0 40.524914 -3.418121 639.4 4 5 107.2 1.406 0 5 1 
610.95 97.9 40.524837 -3.417821 639.5 4 5 107.9 1.406 0 5 1 
611.96 96.1 40.524769 -3.417528 640.0 4 5 108.3 1.055 1 5 1 
613.02 95.0 40.524693 -3.417239 640.0 4 5 109.3 1.406 0 5 1 
613.97 97.1 40.524620 -3.416927 640.2 4 5 111.4 3.164 0 5 1 
614.96 99.3 40.524521 -3.416627 640.4 4 5 113.9 4.570 0 5 1 
615.99 102.3 40.524406 -3.416331 641.0 4 5 116.4 4.922 0 5 1 
616.97 104.0 40.524284 -3.416033 641.3 4 5 118.5 4.570 0 5 1 
617.96 104.7 40.524155 -3.415733 641.6 4 5 120.6 4.219 1 4 0 
618.98 106.9 40.524010 -3.415442 641.2 4 5 123.8 5.273 1 4 0 
619.98 104.9 40.523853 -3.415168 640.8 4 5 125.9 5.273 1 4 0 
620.96 104.1 40.523693 -3.414904 640.6 3 5 128.7 4.922 2 4 0 
622.00 103.6 40.523529 -3.414641 639.8 3 5 130.4 4.570 1 4 0 
622.99 103.1 40.523357 -3.414384 638.7 3 5 132.9 4.219 2 4 0 
623.96 102.8 40.523178 -3.414142 637.7 3 5 135.7 5.273 1 4 0 
624.96 105.0 40.522984 -3.413907 636.5 3 5 137.8 4.922 0 4 0 
625.97 107.6 40.522781 -3.413681 635.4 3 5 140.3 4.570 0 4 0 
627.00 107.7 40.522572 -3.413470 634.1 3 5 142.7 4.922 1 4 0 
628.02 107.7 40.522358 -3.413255 632.9 3 5 142.7 2.461 1 4 0 
629.14 106.2 40.522148 -3.413047 632.0 3 5 142.7 0 2 4 0 
630.02 109.2 40.521915 -3.412840 631.9 4 5 144.5 1.758 2 4 0 
631.00 109.6 40.521690 -3.412647 632.4 4 5 145.5 2.812 1 4 0 
631.95 109.8 40.521469 -3.412434 632.1 4 5 144.5 1.055 1 4 0 
632.96 110.0 40.521252 -3.412224 632.4 3 5 144.1 1.406 1 4 0 
634.00 109.4 40.521023 -3.412004 629.4 4 5 145.2 1.055 0 4 0 
634.98 108.1 40.520802 -3.411803 627.5 4 5 146.2 2.109 2 4 0 
636.01 107.0 40.520580 -3.411613 627.2 4 5 146.6 1.406 2 4 0 
636.97 105.5 40.520355 -3.411416 627.0 4 5 145.9 0.703 0 4 0 
637.97 103.1 40.520138 -3.411226 626.4 4 5 146.6 0.703 0 4 0 
638.95 103.6 40.519928 -3.411042 625.5 4 5 145.5 1.055 0 4 0 
639.98 101.8 40.519714 -3.410847 624.9 4 5 144.8 1.758 0 4 0 
640.95 101.8 40.519508 -3.410655 624.5 4 5 144.8 0.703 0 4 0 
641.95 99.6 40.519306 -3.410460 625.5 4 5 144.1 0.703 0 4 0 
642.99 98.4 40.519104 -3.410266 624.7 4 5 143.4 1.406 1 4 0 
643.98 97.9 40.518906 -3.410079 623.5 4 5 144.1 0.703 2 4 0 
644.95 96.9 40.518700 -3.409883 623.5 4 5 144.8 1.406 1 4 0 
646.00 97.4 40.518490 -3.409706 623.2 4 5 145.2 1.055 0 4 0 
647.01 98.4 40.518291 -3.409518 622.9 4 5 145.5 0.703 0 4 0 
647.97 98.4 40.518085 -3.409333 623.0 4 5 144.1 1.406 0 4 0 
648.95 99.4 40.517887 -3.409143 622.8 4 5 143.8 1.758 1 4 0 
649.95 99.3 40.517677 -3.408951 622.2 4 5 145.2 1.406 2 4 0 
650.96 105.0 40.517467 -3.408755 622.2 4 5 145.2 1.406 2 4 0 
651.95 103.8 40.517258 -3.408579 622.2 4 5 146.2 1.055 1 4 0 
652.94 102.4 40.517029 -3.408401 621.9 4 5 147.0 1.758 0 4 0 
653.95 101.2 40.516819 -3.408222 621.6 4 5 147.3 1.055 0 4 0 
654.95 100.4 40.516613 -3.408039 621.1 4 5 146.6 0.703 0 4 0 
656.04 99.1 40.516407 -3.407865 620.6 4 5 146.6 0.703 0 4 0 
656.96 98.1 40.516201 -3.407682 620.0 4 5 146.6 0 0 4 0 
