9.24 90.0 3 motorway_link 1 1 40.505589 -3.361175 1.298 0.0 
23.58 90.0 3 motorway_link 1 1 40.505589 -3.361175 13.643 105.3 
25.15 70.0 1 motorway_link 2 1 40.505844 -3.362299 1.215 106.4 
26.64 70.0 1 motorway_link 2 1 40.505718 -3.362982 0.704 107.2 
27.99 70.0 1 motorway_link 2 1 40.505650 -3.363318 1.059 107.0 
29.81 70.0 2 motorway_link 2 1 40.505478 -3.363980 0.878 107.5 
30.56 70.0 1 motorway_link 2 1 40.505375 -3.364311 0.625 107.3 
31.81 120.0 1 motorway 3 1 40.505276 -3.364635 0.880 107.4 
33.44 120.0 1 motorway 3 1 40.505165 -3.364954 1.514 106.1 
35.43 120.0 1 motorway 3 1 40.504921 -3.365576 1.494 103.5 
36.70 120.0 1 motorway 3 1 40.504658 -3.366166 0.769 104.7 
38.05 120.0 1 motorway 3 1 40.504517 -3.366455 1.117 105.1 
39.74 120.0 1 motorway 3 1 40.504238 -3.367030 0.811 104.8 
40.46 120.0 1 motorway 3 1 40.504097 -3.367315 0.529 106.7 
41.59 120.0 1 motorway 3 1 40.503952 -3.367609 0.660 107.7 
42.52 120.0 1 motorway 3 1 40.503807 -3.367907 0.590 109.6 
43.55 120.0 1 motorway 3 1 40.503662 -3.368212 0.623 109.4 
44.49 120.0 1 motorway 3 1 40.503513 -3.368513 0.561 110.7 
45.58 120.0 1 motorway 3 1 40.503365 -3.368829 0.653 109.2 
47.44 120.0 1 motorway 3 1 40.503216 -3.369134 1.510 106.0 
48.97 120.0 1 motorway 3 1 40.502926 -3.369728 1.038 100.1 
50.50 120.0 1 motorway 3 1 40.502651 -3.370281 0.565 98.7 
51.61 120.0 1 motorway 3 1 40.502525 -3.370551 0.683 99.6 
52.45 120.0 1 motorway 3 1 40.502392 -3.370818 0.518 100.4 
54.12 120.0 1 motorway 3 1 40.502262 -3.371092 1.190 102.4 
55.63 120.0 1 motorway 3 2 40.501980 -3.371644 0.694 104.0 
56.64 120.0 1 motorway 3 2 40.501827 -3.371927 0.707 104.9 
58.26 120.0 1 motorway 3 2 40.501686 -3.372201 1.320 109.7 
60.16 120.0 1 motorway 3 2 40.501392 -3.372780 1.230 111.9 
61.76 120.0 1 motorway 3 2 40.501091 -3.373389 0.832 113.1 
63.30 120.0 1 motorway 3 2 40.500938 -3.373698 1.364 116.9 
65.55 120.0 1 motorway 3 2 40.500629 -3.374323 1.616 119.2 
67.25 120.0 1 motorway 3 2 40.500305 -3.374968 1.322 120.0 
70.16 120.0 1 motorway 3 2 40.499962 -3.375629 2.225 120.4 
72.72 120.0 1 motorway 3 2 40.499466 -3.376614 1.785 120.2 
75.60 120.0 1 motorway 3 2 40.499134 -3.377261 2.665 122.9 
77.53 120.0 1 motorway 3 2 40.498634 -3.378242 1.600 123.2 
79.78 120.0 1 motorway 3 2 40.498295 -3.378913 1.852 123.1 
82.35 120.0 1 motorway 3 2 40.497952 -3.379586 2.422 124.5 
93.20 120.0 1 motorway 3 2 40.497437 -3.380584 10.269 120.3 
94.77 120.0 1 motorway 3 2 40.495510 -3.384234 0.839 119.5 
95.78 120.0 1 motorway 3 2 40.495331 -3.384549 0.849 123.4 
96.73 120.0 1 motorway 3 2 40.495144 -3.384859 0.794 123.8 
97.43 120.0 1 motorway 3 2 40.494961 -3.385179 0.494 122.9 
99.13 120.0 1 motorway 3 2 40.494770 -3.385500 1.198 120.2 
101.38 120.0 1 motorway 3 2 40.494385 -3.386124 1.452 121.3 
102.72 120.0 1 motorway 3 2 40.493996 -3.386750 0.792 120.5 
103.86 120.0 1 motorway 3 2 40.493793 -3.387068 0.915 119.7 
104.49 120.0 1 motorway 3 2 40.493599 -3.387372 0.555 118.4 
105.51 120.0 1 motorway 3 2 40.493408 -3.387681 0.575 116.4 
106.42 120.0 1 motorway 3 2 40.493214 -3.387966 0.489 119.3 
107.33 120.0 1 motorway 3 2 40.493011 -3.388274 0.399 120.7 
108.43 120.0 1 motorway 3 2 40.492817 -3.388578 0.494 122.3 
109.89 120.0 1 motorway 3 2 40.492619 -3.388892 0.955 123.5 
110.30 120.0 1 motorway 3 2 40.492416 -3.389185 0.368 124.2 
111.61 120.0 1 motorway 3 2 40.492203 -3.389492 0.677 125.3 
112.54 120.0 1 motorway 3 2 40.491985 -3.389785 0.610 124.7 
113.69 120.0 1 motorway 3 2 40.491772 -3.390084 0.756 123.1 
115.32 120.0 1 motorway 3 2 40.491554 -3.390382 1.383 119.8 
116.56 120.0 1 motorway 3 2 40.491127 -3.390936 0.627 117.8 
117.88 120.0 1 motorway 3 2 40.490917 -3.391211 0.943 116.9 
118.81 120.0 1 motorway 3 2 40.490711 -3.391493 0.878 116.7 
120.13 120.0 1 motorway 3 2 40.490505 -3.391775 1.196 118.4 
121.77 120.0 1 motorway 3 2 40.490086 -3.392341 0.837 117.0 
122.69 120.0 1 motorway 3 2 40.489880 -3.392621 0.761 114.9 
123.65 120.0 1 motorway 3 2 40.489677 -3.392897 0.718 113.1 
126.27 120.0 1 motorway 3 3 40.489475 -3.393165 2.335 110.1 
128.44 120.0 1 motorway 3 3 40.488880 -3.393942 1.504 112.6 
130.70 120.0 1 motorway 3 3 40.488491 -3.394462 1.766 116.4 
131.91 120.0 1 motorway 3 3 40.488091 -3.394993 0.983 117.9 
132.44 120.0 1 motorway 3 3 40.487877 -3.395262 0.503 119.3 
133.87 120.0 1 motorway 3 3 40.487671 -3.395543 0.941 120.8 
134.84 120.0 1 motorway 3 3 40.487457 -3.395822 0.902 121.6 
135.54 120.0 1 motorway 3 3 40.487247 -3.396102 0.604 123.3 
136.53 120.0 1 motorway 3 3 40.487026 -3.396377 0.591 120.4 
137.96 120.0 1 motorway 3 3 40.486805 -3.396657 1.028 118.5 
139.90 120.0 1 motorway 3 2 40.486370 -3.397204 0.967 115.0 
141.23 120.0 1 motorway 3 2 40.486149 -3.397464 1.294 111.4 
142.78 120.0 1 motorway 3 2 40.485729 -3.397953 0.844 109.8 
143.84 120.0 1 motorway 3 2 40.485519 -3.398187 0.911 110.5 
144.71 120.0 1 motorway 3 2 40.485306 -3.398413 0.768 112.8 
146.41 120.0 1 motorway 3 2 40.485092 -3.398636 1.470 114.1 
147.88 120.0 1 motorway 3 2 40.484642 -3.399102 0.949 113.4 
149.24 120.0 1 motorway 3 1 40.484421 -3.399338 1.310 111.8 
151.52 120.0 1 motorway 3 1 40.483978 -3.399784 1.584 114.9 
152.50 120.0 1 motorway 3 1 40.483517 -3.400242 0.565 115.3 
154.65 120.0 1 motorway 3 1 40.483288 -3.400472 1.723 114.0 
156.29 120.0 1 motorway 3 1 40.482838 -3.400917 1.355 112.3 
159.16 120.0 1 motorway 3 1 40.482380 -3.401369 2.224 104.7 
161.75 120.0 1 motorway 3 1 40.481716 -3.402003 1.818 93.4 
162.63 120.0 1 motorway 3 1 40.481319 -3.402379 0.692 87.9 
163.66 120.0 1 motorway 3 1 40.481140 -3.402556 0.728 86.7 
165.19 120.0 1 motorway 3 1 40.480968 -3.402728 1.256 85.5 
166.51 120.0 1 motorway 3 2 40.480625 -3.403055 0.583 88.8 
167.74 120.0 1 motorway 3 2 40.480446 -3.403222 0.813 91.5 
168.55 120.0 1 motorway 3 2 40.480255 -3.403389 0.621 92.2 
169.91 120.0 1 motorway 3 2 40.480068 -3.403564 0.978 96.4 
170.43 120.0 1 motorway 3 2 40.479881 -3.403748 0.502 98.8 
171.66 120.0 1 motorway 3 2 40.479687 -3.403938 0.728 100.0 
173.27 120.0 1 motorway 3 2 40.479485 -3.404140 1.335 104.8 
175.55 120.0 1 motorway 3 2 40.479076 -3.404568 1.613 109.0 
176.80 120.0 1 motorway 3 2 40.478668 -3.405015 0.867 111.0 
177.50 120.0 1 motorway 3 2 40.478470 -3.405253 0.574 112.8 
179.35 120.0 1 motorway 3 2 40.478279 -3.405522 1.417 115.2 
180.34 120.0 1 motorway 3 2 40.477890 -3.406034 0.413 115.5 
181.41 120.0 1 motorway 3 2 40.477699 -3.406312 0.475 116.5 
182.93 120.0 1 motorway 3 2 40.477505 -3.406585 0.997 120.5 
183.86 120.0 1 motorway 3 2 40.477306 -3.406866 0.928 123.0 
186.39 120.0 1 motorway 3 2 40.477104 -3.407173 2.457 125.2 
190.59 120.0 1 motorway 3 2 40.476513 -3.408136 3.652 124.1 
191.81 120.0 1 motorway 3 2 40.475800 -3.409448 0.877 123.1 
193.24 120.0 1 motorway 3 2 40.475616 -3.409778 1.312 118.4 
196.02 120.0 1 motorway 3 2 40.475296 -3.410450 2.079 113.5 
198.34 120.0 1 motorway 3 2 40.474869 -3.411429 1.399 100.2 
199.80 120.0 1 motorway 3 2 40.474636 -3.412028 0.857 96.8 
201.77 120.0 1 motorway 3 2 40.474529 -3.412328 1.823 97.2 
226.92 120.0 1 motorway 3 2 40.474327 -3.412912 24.993 96.5 
228.23 120.0 1 motorway 3 2 40.472412 -3.420191 1.303 100.4 
229.44 120.0 1 motorway 3 2 40.472260 -3.420806 0.506 98.6 
230.51 120.0 1 motorway 3 2 40.472176 -3.421113 0.583 97.8 
231.95 120.0 1 motorway 3 2 40.472095 -3.421412 1.018 87.7 
233.43 120.0 1 motorway 3 2 40.471958 -3.421965 0.497 83.9 
234.94 120.0 1 motorway 3 2 40.471886 -3.422226 1.003 85.8 
237.38 120.0 1 motorway 3 2 40.471737 -3.422747 1.450 89.7 
239.43 120.0 1 motorway 3 2 40.471584 -3.423277 1.497 92.4 
240.45 120.0 1 motorway 3 2 40.471413 -3.423836 0.510 91.4 
242.83 120.0 1 motorway 3 2 40.471344 -3.424124 1.902 90.5 
244.03 120.0 1 motorway 3 2 40.471176 -3.424683 1.102 92.8 
246.64 120.0 1 motorway 3 2 40.470997 -3.425241 1.704 87.8 
250.80 120.0 1 motorway 3 2 40.470829 -3.425791 3.866 82.0 
252.75 120.0 1 motorway 3 2 40.470528 -3.426830 1.819 83.9 
254.99 120.0 1 motorway 3 2 40.470390 -3.427341 2.059 86.8 
257.74 120.0 1 motorway 3 2 40.470165 -3.428144 1.805 83.4 
259.70 120.0 1 motorway 3 2 40.470024 -3.428663 1.769 83.1 
260.95 120.0 1 motorway 3 2 40.469891 -3.429183 1.023 81.9 
264.53 120.0 1 motorway 3 2 40.469749 -3.429701 2.596 79.8 
265.85 120.0 1 motorway 3 2 40.469585 -3.430457 0.914 80.8 
267.83 120.0 1 motorway 3 2 40.469540 -3.430710 1.894 83.2 
268.41 120.0 1 motorway 3 2 40.469440 -3.431225 0.483 85.4 
269.43 120.0 1 motorway 3 2 40.469391 -3.431501 0.492 84.6 
270.45 120.0 1 motorway 3 2 40.469353 -3.431767 0.523 85.2 
271.48 120.0 1 motorway 3 2 40.469307 -3.432042 0.548 85.9 
272.57 120.0 1 motorway 3 2 40.469257 -3.432317 0.639 87.2 
273.83 120.0 1 motorway 3 2 40.469215 -3.432581 0.900 86.9 
274.51 120.0 1 motorway 3 2 40.469173 -3.432866 0.576 86.9 
275.57 120.0 1 motorway 3 2 40.469120 -3.433149 0.633 86.5 
276.29 120.0 1 motorway 3 2 40.469078 -3.433427 0.363 87.7 
278.03 120.0 1 motorway 3 2 40.469028 -3.433718 1.089 89.2 
279.37 120.0 1 motorway 3 2 40.468929 -3.434298 0.438 92.3 
280.75 120.0 1 motorway 3 2 40.468876 -3.434589 0.819 93.5 
281.92 120.0 1 motorway 3 2 40.468826 -3.434895 0.991 95.6 
282.66 120.0 1 motorway 3 2 40.468773 -3.435196 0.724 94.6 
283.46 120.0 1 motorway 3 2 40.468719 -3.435494 0.529 98.4 
284.95 120.0 1 motorway 3 2 40.468670 -3.435810 1.015 100.4 
286.55 120.0 1 motorway 3 2 40.468571 -3.436442 0.618 103.6 
287.36 120.0 1 motorway 3 2 40.468506 -3.436775 0.427 104.8 
288.48 120.0 1 motorway 3 2 40.468449 -3.437107 0.546 107.8 
289.40 120.0 1 motorway 3 2 40.468388 -3.437454 0.467 109.1 
290.47 120.0 1 motorway 3 2 40.468327 -3.437804 0.539 110.5 
291.49 120.0 1 motorway 3 2 40.468258 -3.438155 0.561 112.3 
292.39 120.0 1 motorway 3 2 40.468197 -3.438513 0.460 113.9 
293.54 120.0 1 motorway 3 2 40.468132 -3.438869 0.611 112.7 
294.42 120.0 1 motorway 3 2 40.468075 -3.439232 0.485 110.7 
295.34 120.0 1 motorway 3 1 40.468021 -3.439600 0.403 110.2 
296.47 120.0 1 motorway 3 1 40.467964 -3.439953 0.538 111.9 
297.69 120.0 1 motorway 3 1 40.467911 -3.440312 0.762 113.3 
298.54 120.0 1 motorway 3 1 40.467854 -3.440679 0.613 115.6 
299.55 120.0 1 motorway 3 1 40.467796 -3.441048 0.611 116.9 
300.49 120.0 1 motorway 3 1 40.467739 -3.441420 0.561 118.1 
301.49 120.0 1 motorway 3 1 40.467693 -3.441806 0.548 119.5 
302.40 120.0 1 motorway 3 1 40.467655 -3.442192 0.468 117.1 
303.80 120.0 1 motorway 3 1 40.467617 -3.442576 0.856 112.8 
305.02 120.0 1 motorway 3 1 40.467571 -3.442950 1.085 107.7 
307.01 120.0 1 motorway 3 1 40.467518 -3.443633 1.070 102.8 
308.84 120.0 1 motorway 3 1 40.467468 -3.444299 0.913 104.0 
309.50 120.0 1 motorway 3 1 40.467442 -3.444640 0.566 105.2 
311.19 120.0 1 motorway 3 1 40.467411 -3.444980 1.259 109.2 
312.87 120.0 1 motorway 3 1 40.467346 -3.445677 0.933 105.5 
313.99 120.0 1 motorway 3 1 40.467308 -3.446024 1.055 103.2 
315.84 120.0 1 motorway 3 1 40.467258 -3.446673 0.909 93.2 
317.56 120.0 1 motorway 3 1 40.467251 -3.446959 1.622 94.6 
318.99 120.0 1 motorway 3 1 40.467190 -3.447562 1.054 95.8 
321.07 120.0 1 motorway 3 1 40.467152 -3.448182 1.126 95.5 
323.19 120.0 2 motorway 3 1 40.467106 -3.448800 1.256 88.7 
325.45 120.0 1 motorway 3 1 40.467049 -3.449376 1.513 90.2 
333.33 120.0 2 motorway 3 1 40.466999 -3.449964 7.397 91.6 
347.07 120.0 1 motorway 3 1 40.466866 -3.452304 13.139 88.7 
348.70 120.0 1 motorway 3 1 40.466805 -3.456447 0.766 87.5 
349.43 120.0 1 motorway 3 1 40.466812 -3.456737 0.503 89.2 
350.44 120.0 1 motorway 3 1 40.466827 -3.457034 0.504 90.9 
352.69 120.0 1 motorway 3 1 40.466843 -3.457335 1.759 89.6 
353.60 120.0 1 motorway 3 1 40.466850 -3.457941 0.670 90.0 
354.54 120.0 1 motorway 3 1 40.466877 -3.458246 0.608 88.6 
355.47 120.0 1 motorway 3 1 40.466888 -3.458530 0.535 86.8 
356.78 120.0 1 motorway 3 1 40.466900 -3.458825 0.850 86.0 
357.94 120.0 1 motorway 3 1 40.466915 -3.459113 1.007 86.5 
359.95 120.0 1 motorway 3 1 40.466930 -3.459685 1.022 87.8 
361.69 120.0 1 motorway 3 1 40.466965 -3.460254 0.758 88.9 
362.98 120.0 1 motorway 3 1 40.466995 -3.460523 1.051 89.6 
365.48 120.0 1 motorway 3 1 40.467022 -3.461123 1.545 96.4 
366.91 120.0 1 motorway 3 1 40.467064 -3.461791 0.984 97.9 
367.63 120.0 1 motorway 3 1 40.467098 -3.462112 0.702 99.3 
368.63 120.0 1 motorway 3 1 40.467102 -3.462421 0.702 101.3 
369.44 120.0 1 motorway 3 1 40.467125 -3.462744 0.504 101.8 
370.64 120.0 1 motorway 3 1 40.467152 -3.463079 0.711 101.8 
371.52 120.0 1 motorway 3 1 40.467171 -3.463399 0.593 102.4 
372.45 120.0 1 motorway 3 1 40.467178 -3.463736 0.521 100.6 
373.89 90.0 3 motorway_link 1 1 40.467209 -3.464073 0.953 101.6 
374.81 90.0 3 motorway_link 1 1 40.467205 -3.464391 0.867 101.6 
375.70 90.0 3 motorway_link 1 1 40.467213 -3.464717 0.767 99.4 
376.55 90.0 3 motorway_link 1 1 40.467220 -3.465048 0.616 89.4 
378.08 90.0 3 motorway_link 1 1 40.467232 -3.465343 1.147 86.5 
380.23 90.0 3 motorway_link 1 1 40.467239 -3.465920 1.295 86.5 
381.66 90.0 3 motorway_link 1 1 40.467228 -3.466478 0.718 84.7 
382.95 90.0 3 motorway_link 1 1 40.467232 -3.466757 1.014 84.2 
385.04 90.0 3 motorway_link 1 1 40.467236 -3.467314 1.107 87.6 
387.77 90.0 3 motorway_link 1 1 40.467239 -3.467872 1.841 94.3 
390.36 120.0 1 motorway 3 1 40.467243 -3.468480 2.434 99.1 
392.22 120.0 1 motorway 3 1 40.467197 -3.469475 1.285 101.5 
394.49 120.0 1 motorway 3 1 40.467167 -3.470137 1.554 104.3 
395.66 120.0 1 motorway 3 1 40.467125 -3.470819 0.730 106.7 
396.94 120.0 1 motorway 3 1 40.467094 -3.471167 1.006 108.1 
400.91 120.0 1 motorway 3 1 40.467022 -3.471874 2.981 112.6 
402.15 120.0 1 motorway 3 1 40.466911 -3.472958 1.223 114.9 
403.47 120.0 1 motorway 3 1 40.466812 -3.473704 0.541 113.0 
404.62 120.0 1 motorway 3 1 40.466759 -3.474071 0.682 110.6 
405.96 120.0 1 motorway 3 1 40.466702 -3.474431 1.025 108.3 
407.67 120.0 1 motorway 3 1 40.466591 -3.475124 0.729 110.3 
408.75 120.0 1 motorway 3 1 40.466530 -3.475477 0.818 111.2 
409.72 120.0 1 motorway 3 1 40.466469 -3.475836 0.785 112.4 
410.64 120.0 1 motorway 3 1 40.466396 -3.476189 0.707 112.4 
411.87 120.0 1 motorway 3 1 40.466324 -3.476539 0.936 110.3 
413.02 120.0 1 motorway 3 1 40.466255 -3.476888 1.087 108.1 
414.97 80.0 1 primary_link 1 1 40.466122 -3.477575 1.034 106.8 
416.70 80.0 1 primary_link 1 1 40.465992 -3.478239 0.769 100.0 
417.84 80.0 1 primary_link 1 1 40.465942 -3.478552 0.908 98.2 
419.29 80.0 1 primary_link 1 1 40.465885 -3.478869 1.362 93.6 
421.29 80.0 1 primary_link 1 1 40.465786 -3.479498 1.355 89.8 
422.73 70.0 1 primary_link 1 1 40.465736 -3.480083 0.800 90.5 
423.75 70.0 1 primary_link 1 1 40.465744 -3.480375 0.814 86.4 
424.88 70.0 1 primary_link 1 1 40.465782 -3.480647 0.944 89.8 
426.29 70.0 1 primary_link 1 1 40.465839 -3.480920 1.354 90.4 
427.64 70.0 1 primary_link 1 1 40.465992 -3.481460 0.704 88.4 
428.83 70.0 1 primary_link 1 1 40.466084 -3.481735 0.894 87.8 
430.13 70.0 1 primary_link 1 1 40.466179 -3.481993 1.199 83.6 
432.04 70.0 1 primary_link 1 1 40.466366 -3.482497 1.111 81.2 
434.27 70.0 1 primary_link 1 1 40.466534 -3.482992 1.342 79.1 
436.76 70.0 1 primary_link 1 1 40.466656 -3.483484 1.820 79.7 
440.03 70.0 1 primary_link 1 1 40.466736 -3.483961 3.097 81.8 
442.77 70.0 1 primary_link 1 1 40.466591 -3.485028 1.834 79.1 
445.66 70.0 1 primary_link 1 1 40.466373 -3.485498 2.728 79.5 
448.74 90.0 3 motorway_link 1 1 40.465981 -3.486109 2.812 74.5 
454.77 90.0 3 motorway_link 1 1 40.465622 -3.486702 5.843 57.3 
460.20 50.0 1 primary 1 1 40.464931 -3.487707 5.271 50.8 
462.99 50.0 1 primary 1 1 40.464199 -3.487906 2.055 52.9 
464.71 50.0 1 primary 1 1 40.463856 -3.487656 0.776 54.3 
465.64 50.0 1 primary 1 1 40.463760 -3.487528 0.712 54.2 
466.58 50.0 1 primary 1 1 40.463688 -3.487390 0.648 53.7 
468.41 50.0 1 primary 1 1 40.463627 -3.487240 1.479 51.5 
470.49 50.0 1 primary 1 1 40.463573 -3.486884 1.551 53.7 
473.82 50.0 1 primary 1 1 40.463619 -3.486575 2.890 61.6 
475.77 90.0 1 motorway_link 1 1 40.463779 -3.486034 1.839 63.3 
476.50 90.0 1 motorway_link 1 1 40.463902 -3.485666 0.573 63.9 
477.67 90.0 1 motorway_link 1 1 40.463959 -3.485469 0.739 64.6 
479.66 90.0 1 motorway_link 1 1 40.464012 -3.485269 1.734 65.4 
480.85 90.0 1 motorway_link 1 1 40.464111 -3.484862 0.919 64.6 
482.01 90.0 1 motorway_link 1 1 40.464161 -3.484653 1.082 64.7 
483.69 90.0 1 motorway_link 1 1 40.464252 -3.484226 0.750 59.3 
484.64 90.0 1 motorway_link 1 1 40.464283 -3.484065 0.710 58.5 
485.61 90.0 1 motorway_link 1 1 40.464325 -3.483877 0.681 62.2 
486.83 90.0 1 motorway_link 1 1 40.464375 -3.483683 0.894 62.9 
487.55 90.0 1 motorway_link 1 1 40.464424 -3.483493 0.613 62.2 
488.37 90.0 1 motorway_link 1 1 40.464466 -3.483298 0.435 66.6 
489.60 90.0 1 motorway_link 1 1 40.464500 -3.483091 0.664 67.3 
491.40 90.0 1 motorway_link 1 1 40.464565 -3.482899 1.457 69.6 
492.46 90.0 1 motorway_link 1 1 40.464676 -3.482464 0.527 69.6 
493.50 90.0 1 motorway_link 1 1 40.464725 -3.482245 0.572 66.7 
494.52 90.0 1 motorway_link 1 1 40.464771 -3.482039 0.586 64.6 
495.54 90.0 1 motorway_link 1 1 40.464832 -3.481854 0.608 64.9 
496.92 90.0 1 motorway_link 1 1 40.464878 -3.481651 0.992 66.0 
498.43 90.0 1 motorway_link 1 1 40.464928 -3.481463 1.499 64.2 
499.83 90.0 1 motorway_link 1 1 40.465027 -3.481052 0.889 64.9 
502.43 90.0 1 motorway_link 1 1 40.465084 -3.480848 2.483 72.4 
505.69 90.0 1 motorway_link 1 1 40.465244 -3.480192 2.760 68.0 
506.90 90.0 1 motorway_link 1 1 40.465424 -3.479537 0.967 65.3 
507.72 90.0 1 motorway_link 1 1 40.465473 -3.479334 0.789 64.8 
508.85 90.0 1 motorway_link 1 1 40.465519 -3.479129 0.911 69.1 
509.87 90.0 1 motorway_link 1 1 40.465580 -3.478918 0.942 71.7 
511.30 90.0 1 motorway_link 1 1 40.465630 -3.478694 1.369 74.6 
512.82 90.0 1 motorway_link 1 1 40.465717 -3.478207 0.892 73.4 
513.97 90.0 1 motorway_link 1 1 40.465775 -3.477970 1.032 73.1 
515.94 90.0 1 motorway_link 1 1 40.465885 -3.477515 0.999 79.2 
517.82 90.0 1 motorway_link 1 1 40.465984 -3.477009 0.888 84.2 
518.60 120.0 1 motorway 4 1 40.466045 -3.476738 0.670 86.4 
519.70 120.0 1 motorway 4 1 40.466110 -3.476474 0.763 89.0 
520.86 120.0 1 motorway 4 1 40.466171 -3.476197 0.925 90.5 
522.21 120.0 1 motorway 4 1 40.466232 -3.475913 1.281 88.8 
523.87 120.0 1 motorway 4 1 40.466343 -3.475353 0.937 86.4 
525.32 120.0 1 motorway 4 1 40.466404 -3.475092 1.386 77.9 
526.88 120.0 1 motorway 4 1 40.466480 -3.474551 0.947 69.9 
527.95 120.0 1 motorway 4 1 40.466515 -3.474310 1.016 62.4 
529.88 120.0 1 motorway 4 1 40.466579 -3.473907 0.951 55.1 
530.69 120.0 1 motorway 4 1 40.466599 -3.473715 0.759 51.8 
531.59 120.0 1 motorway 4 1 40.466618 -3.473547 0.662 52.6 
532.61 120.0 1 motorway 4 1 40.466652 -3.473387 0.673 56.5 
533.63 120.0 1 motorway 4 1 40.466671 -3.473210 0.694 57.7 
534.54 120.0 1 motorway 4 1 40.466690 -3.473019 0.610 56.4 
535.58 120.0 1 motorway 4 1 40.466705 -3.472829 0.648 54.0 
536.50 120.0 1 motorway 4 1 40.466728 -3.472648 0.565 52.2 
537.42 120.0 1 motorway 4 1 40.466755 -3.472478 0.491 49.0 
539.48 120.0 1 motorway 4 1 40.466793 -3.472162 0.544 51.6 
540.49 120.0 1 motorway 4 1 40.466808 -3.471996 0.545 50.4 
541.62 120.0 1 motorway 4 1 40.466827 -3.471833 0.686 49.3 
543.66 120.0 1 motorway 4 1 40.466854 -3.471504 0.717 50.7 
544.79 120.0 1 motorway 4 1 40.466866 -3.471327 0.855 52.1 
545.56 120.0 1 motorway 4 1 40.466877 -3.471150 0.626 52.2 
546.75 120.0 1 motorway 4 1 40.466896 -3.470982 0.814 54.6 
547.46 120.0 1 motorway 4 1 40.466919 -3.470778 0.528 56.8 
548.48 120.0 1 motorway 4 1 40.466930 -3.470579 0.548 55.7 
549.70 120.0 1 motorway 4 1 40.466946 -3.470408 0.773 56.4 
551.20 120.0 1 motorway 4 1 40.466942 -3.470223 1.270 52.8 
554.03 120.0 1 motorway 4 1 40.466953 -3.469861 2.097 51.1 
556.18 120.0 1 motorway 3 1 40.466980 -3.469372 1.248 48.3 
568.77 120.0 1 motorway 3 2 40.467033 -3.467727 2.842 55.9 
575.61 120.0 1 motorway 3 2 40.467052 -3.467218 6.674 64.4 
577.36 120.0 1 motorway 3 2 40.467052 -3.465884 1.427 70.1 
578.99 120.0 1 motorway 3 2 40.467041 -3.465435 1.062 72.9 
580.63 120.0 1 motorway 3 2 40.467022 -3.464953 0.693 73.7 
581.61 120.0 1 motorway 3 2 40.467014 -3.464715 0.677 73.9 
582.47 120.0 1 motorway 3 2 40.467007 -3.464474 0.538 73.0 
583.60 120.0 1 motorway 3 2 40.467003 -3.464234 0.673 75.7 
585.03 120.0 1 motorway 3 2 40.466991 -3.463984 1.100 77.2 
586.47 120.0 1 motorway 3 2 40.466976 -3.463490 0.536 72.8 
587.50 120.0 1 motorway 3 2 40.466965 -3.463253 0.564 74.3 
588.72 120.0 1 motorway 3 2 40.466953 -3.463010 0.779 74.6 
590.42 120.0 1 motorway 3 2 40.466942 -3.462762 1.473 78.7 
592.17 120.0 1 motorway 3 2 40.466911 -3.462251 1.234 84.2 
594.52 120.0 1 motorway 3 2 40.466881 -3.461712 1.591 89.1 
595.83 120.0 1 motorway 3 2 40.466846 -3.461145 0.899 90.5 
600.19 120.0 1 motorway 3 1 40.466827 -3.460846 4.262 93.7 
602.42 120.0 1 motorway 3 1 40.466732 -3.459331 1.483 97.4 
604.03 120.0 1 motorway 3 1 40.466694 -3.458701 1.082 99.2 
606.23 120.0 1 motorway 3 1 40.466675 -3.458054 1.301 96.8 
608.48 120.0 1 motorway 3 1 40.466644 -3.457424 1.548 100.3 
610.26 120.0 1 motorway 3 1 40.466621 -3.456778 1.333 100.2 
620.87 120.0 1 motorway 3 2 40.466606 -3.456108 9.934 105.9 
640.35 120.0 1 motorway 3 2 40.466648 -3.452728 19.422 104.2 
643.39 120.0 1 motorway 3 2 40.467163 -3.445909 2.465 110.1 
645.78 120.0 1 motorway 3 2 40.467247 -3.444859 1.849 112.5 
647.80 120.0 1 motorway 3 2 40.467312 -3.444138 1.873 113.8 
649.33 120.0 1 motorway 3 2 40.467369 -3.443393 1.397 114.9 
651.99 120.0 1 motorway 3 2 40.467442 -3.442652 2.059 117.0 
653.73 120.0 1 motorway 3 2 40.467575 -3.441509 0.805 120.1 
661.06 120.0 1 motorway 3 1 40.467621 -3.441122 7.132 124.8 
668.00 120.0 1 motorway 3 1 40.468151 -3.438010 6.076 126.9 
672.19 120.0 1 motorway 3 1 40.468643 -3.435173 3.262 128.3 
674.32 120.0 1 motorway 3 1 40.468899 -3.433559 1.390 118.7 
677.08 120.0 1 motorway 3 1 40.469017 -3.432764 2.157 115.6 
684.19 120.0 1 motorway 3 1 40.469193 -3.431626 6.260 122.9 
691.93 120.0 1 motorway 3 1 40.469784 -3.429029 7.003 130.5 
693.78 120.0 1 motorway 3 1 40.470627 -3.425874 0.849 129.4 
705.66 120.0 1 motorway 3 1 40.470737 -3.425476 11.735 118.3 
720.47 120.0 1 motorway 3 1 40.472050 -3.420831 14.538 113.1 
736.78 120.0 1 motorway 3 1 40.473446 -3.415462 15.851 113.7 
742.90 120.0 1 motorway 3 1 40.475346 -3.410017 5.964 123.1 
763.61 120.0 1 motorway 3 1 40.476330 -3.408079 20.686 108.1 
765.26 120.0 1 motorway 3 1 40.481014 -3.402393 1.318 102.5 
766.69 120.0 1 motorway 3 1 40.481430 -3.401983 0.758 100.8 
773.73 120.0 1 motorway 3 1 40.481628 -3.401787 6.804 105.1 
777.13 120.0 1 motorway 3 1 40.483070 -3.400392 3.193 105.4 
780.10 120.0 1 motorway 3 1 40.483913 -3.399561 2.166 94.3 
782.66 120.0 1 motorway 3 1 40.484501 -3.399009 1.729 92.7 
784.69 120.0 1 motorway 3 1 40.484879 -3.398647 1.757 95.8 
786.91 120.0 1 motorway 3 1 40.485249 -3.398282 1.977 95.3 
791.12 120.0 1 motorway 3 1 40.485619 -3.397875 4.194 100.2 
793.22 120.0 1 motorway 3 1 40.486504 -3.396827 1.287 100.3 
794.85 120.0 1 motorway 3 1 40.486870 -3.396383 0.921 101.3 
795.70 120.0 1 motorway 3 1 40.487057 -3.396145 0.774 102.2 
798.34 120.0 1 motorway 3 1 40.487164 -3.395975 2.417 100.4 
799.97 120.0 1 motorway 3 1 40.487766 -3.395154 1.046 100.9 
801.89 120.0 1 motorway 3 1 40.488125 -3.394686 0.962 102.0 
802.87 120.0 1 motorway 3 1 40.488304 -3.394433 0.936 103.5 
804.27 120.0 1 motorway 3 1 40.488487 -3.394217 1.338 107.2 
806.12 120.0 1 motorway 3 1 40.488838 -3.393712 1.188 107.8 
808.10 120.0 1 motorway 3 2 40.489208 -3.393227 1.171 111.5 
810.06 120.0 1 motorway 3 2 40.489586 -3.392688 1.137 114.4 
812.27 120.0 1 motorway 3 2 40.489998 -3.392157 1.341 118.4 
814.61 120.0 1 motorway 3 2 40.490402 -3.391623 1.681 120.9 
816.76 120.0 1 motorway 3 2 40.490822 -3.391058 1.821 112.8 
817.74 120.0 1 motorway 3 2 40.491219 -3.390509 0.800 107.1 
822.26 120.0 1 motorway 3 2 40.491409 -3.390260 4.332 103.8 
823.42 120.0 1 motorway 3 2 40.492317 -3.389015 0.489 104.1 
825.25 120.0 1 motorway 3 2 40.492496 -3.388765 1.326 101.5 
827.94 120.0 1 motorway 3 1 40.492825 -3.388265 2.015 104.2 
829.46 120.0 1 motorway 3 1 40.493324 -3.387478 0.535 105.0 
830.68 120.0 1 motorway 3 1 40.493500 -3.387221 0.757 105.4 
831.41 120.0 1 motorway 3 1 40.493668 -3.386955 0.477 105.5 
834.32 120.0 1 motorway 3 1 40.493828 -3.386677 2.380 104.5 
835.56 120.0 1 motorway 3 1 40.494328 -3.385866 0.632 104.3 
836.83 120.0 1 motorway 3 1 40.494484 -3.385601 0.907 103.0 
837.45 120.0 1 motorway 3 1 40.494648 -3.385325 0.509 105.4 
839.39 120.0 1 motorway 3 1 40.494801 -3.385058 1.463 106.1 
840.43 120.0 1 motorway 3 1 40.495129 -3.384506 0.499 108.4 
841.46 120.0 1 motorway 3 1 40.495293 -3.384257 0.533 108.1 
842.60 120.0 1 motorway 3 1 40.495468 -3.383954 0.673 107.0 
843.48 120.0 1 motorway 3 1 40.495621 -3.383670 0.551 106.6 
844.51 120.0 1 motorway 3 1 40.495773 -3.383390 0.584 108.6 
845.96 120.0 1 motorway 3 1 40.495930 -3.383114 1.034 110.3 
847.81 120.0 1 motorway 3 1 40.496243 -3.382512 0.878 112.8 
848.72 120.0 1 motorway 3 1 40.496395 -3.382207 0.781 112.0 
849.64 120.0 1 motorway 3 1 40.496544 -3.381906 0.704 112.0 
850.99 120.0 1 motorway 3 1 40.496704 -3.381602 1.060 113.4 
853.83 120.0 1 motorway 3 1 40.497021 -3.380995 1.896 114.9 
855.15 120.0 1 motorway 3 1 40.497349 -3.380356 1.214 108.8 
857.40 120.0 1 motorway 3 1 40.497669 -3.379728 1.467 106.5 
858.64 120.0 1 motorway 3 1 40.497963 -3.379159 0.715 107.4 
859.36 120.0 1 motorway 3 1 40.498116 -3.378859 0.435 108.1 
860.40 120.0 1 motorway 3 1 40.498272 -3.378571 0.469 109.2 
861.51 120.0 1 motorway 3 1 40.498425 -3.378257 0.581 108.4 
862.43 120.0 1 motorway 3 1 40.498577 -3.377945 0.500 107.5 
864.10 120.0 1 motorway 3 1 40.498726 -3.377647 1.177 108.1 
866.35 120.0 1 motorway 3 1 40.499023 -3.377073 1.418 109.0 
867.44 120.0 1 motorway 3 1 40.499325 -3.376490 0.516 110.5 
868.88 120.0 1 motorway 3 1 40.499466 -3.376197 0.952 112.4 
869.81 120.0 1 motorway 3 1 40.499622 -3.375884 0.883 113.7 
870.44 120.0 1 motorway 3 1 40.499786 -3.375561 0.517 115.0 
871.64 120.0 1 motorway 3 1 40.499935 -3.375242 0.716 116.2 
872.47 120.0 1 motorway 3 1 40.500099 -3.374929 0.542 117.9 
873.61 120.0 1 motorway 3 1 40.500248 -3.374613 0.681 118.5 
874.81 120.0 1 motorway 3 1 40.500408 -3.374290 0.885 119.6 
875.73 120.0 1 motorway 3 1 40.500572 -3.373960 0.802 120.7 
876.56 120.0 1 motorway 3 1 40.500732 -3.373623 0.634 121.9 
877.51 120.0 1 motorway 3 1 40.500893 -3.373308 0.586 120.3 
878.43 120.0 1 motorway 3 1 40.501053 -3.372956 0.498 118.6 
879.53 120.0 1 motorway 3 1 40.501213 -3.372609 0.604 115.5 
880.56 120.0 1 motorway 3 1 40.501369 -3.372282 0.631 113.9 
881.70 120.0 1 motorway 3 1 40.501522 -3.371972 0.774 112.3 
883.03 120.0 1 motorway 3 1 40.501663 -3.371664 1.105 109.5 
884.98 120.0 1 motorway 3 1 40.501957 -3.371064 1.056 105.0 
886.90 120.0 1 motorway 3 1 40.502213 -3.370479 0.978 101.2 
887.88 120.0 1 motorway 4 2 40.502338 -3.370205 0.953 100.3 
889.08 120.0 1 motorway 4 2 40.502464 -3.369911 1.148 101.2 
891.21 120.0 1 motorway 4 2 40.502724 -3.369343 1.282 99.0 
892.75 120.0 1 motorway 4 2 40.502979 -3.368781 0.824 96.6 
894.07 120.0 1 motorway 4 1 40.503105 -3.368509 1.145 95.2 
895.61 120.0 1 motorway 4 1 40.503345 -3.367969 0.681 97.6 
896.43 120.0 1 motorway 4 1 40.503471 -3.367699 0.498 96.8 
897.87 120.0 1 motorway 4 1 40.503590 -3.367439 0.945 97.0 
899.23 120.0 1 motorway 4 1 40.503716 -3.367171 1.299 93.1 
900.73 120.0 1 motorway 4 1 40.503963 -3.366662 0.804 90.2 
901.55 120.0 1 motorway 4 1 40.504082 -3.366386 0.618 90.8 
903.15 120.0 1 motorway 4 1 40.504204 -3.366134 1.221 94.2 
905.04 120.0 1 motorway 4 1 40.504444 -3.365615 1.105 94.8 
906.98 120.0 1 motorway 4 1 40.504692 -3.365058 1.054 95.2 
909.18 120.0 1 motorway 4 1 40.504894 -3.364496 1.254 91.4 
911.68 120.0 1 motorway 4 1 40.505074 -3.363950 1.756 92.7 
913.94 120.0 1 motorway 4 1 40.505219 -3.363379 2.018 91.7 
917.01 120.0 1 motorway 3 1 40.505421 -3.362501 2.082 92.8 
920.09 120.0 1 motorway 3 1 40.505566 -3.361622 2.154 84.0 
922.38 90.0 3 motorway_link 1 1 40.505615 -3.360792 1.449 87.6 
926.22 90.0 3 motorway_link 1 1 40.505627 -3.360227 3.296 88.9 
928.14 90.0 1 motorway_link 2 1 40.505638 -3.359058 1.216 91.2 
929.91 90.0 1 motorway_link 2 1 40.505634 -3.358464 0.984 91.2 
930.57 90.0 1 motorway_link 2 1 40.505619 -3.358168 0.649 91.3 
