7.98 0.0 40.505589 -3.361175 606.1 33 201 -1 -1 0 0 0 
8.96 0.0 40.505589 -3.361175 606.1 33 201 -1 -1 0 0 0 
9.96 0.0 40.505589 -3.361175 606.1 33 201 -1 -1 0 0 0 
10.97 97.8 40.505936 -3.358076 598.6 24 10 276.3 83.672 0 0 0 
12.15 95.7 40.505966 -3.358672 602.1 4 5 276.0 84.375 0 0 0 
12.97 95.7 40.505966 -3.358672 602.1 4 5 276.0 0.352 0 0 0 
13.97 95.8 40.505962 -3.358979 603.4 4 5 275.6 0.352 0 0 0 
14.95 96.4 40.506039 -3.359275 603.7 6 5 273.9 2.109 0 0 0 
15.96 95.8 40.506023 -3.359612 604.1 4 5 272.8 2.812 0 0 0 
16.96 99.5 40.506023 -3.359937 604.1 4 5 270.4 3.516 0 0 0 
17.94 100.8 40.506008 -3.360272 603.7 4 5 268.6 4.219 0 0 0 
18.97 101.8 40.506001 -3.360610 604.4 4 5 267.5 2.812 0 0 0 
19.96 102.3 40.505989 -3.360943 607.1 4 5 266.1 2.461 0 0 0 
20.94 103.1 40.505966 -3.361280 606.0 4 5 264.4 3.164 0 0 0 
22.00 103.7 40.505932 -3.361622 606.1 4 5 262.6 3.516 0 0 0 
22.94 104.4 40.505894 -3.361960 607.1 3 5 260.9 3.516 0 0 0 
24.00 105.3 40.505844 -3.362299 607.8 4 5 259.1 3.516 0 0 0 
24.93 105.8 40.505783 -3.362641 608.2 4 5 257.7 3.164 0 0 0 
25.96 106.4 40.505718 -3.362981 608.9 3 5 256.3 2.812 0 0 0 
26.94 107.2 40.505650 -3.363317 609.5 3 5 254.5 3.164 0 0 0 
27.93 107.0 40.505566 -3.363649 610.0 3 5 252.8 3.516 0 0 0 
28.94 107.4 40.505478 -3.363979 610.6 3 5 250.7 3.867 0 0 0 
29.95 107.5 40.505375 -3.364311 610.6 3 5 248.9 3.867 0 0 0 
30.93 107.3 40.505276 -3.364635 610.9 3 5 247.1 3.516 0 0 0 
31.98 107.4 40.505165 -3.364953 610.8 3 5 245.7 3.164 0 0 0 
32.93 107.2 40.505047 -3.365269 610.7 3 5 244.0 3.164 0 0 0 
33.94 106.1 40.504921 -3.365576 610.7 3 5 242.2 3.516 0 0 0 
34.94 104.3 40.504791 -3.365874 610.4 3 5 240.8 3.164 0 0 0 
35.94 103.5 40.504658 -3.366166 612.1 3 5 239.1 3.164 0 0 0 
36.96 104.7 40.504517 -3.366455 611.2 3 5 238.4 2.461 0 0 0 
37.95 105.1 40.504379 -3.366742 610.1 3 5 238.0 1.055 0 0 0 
38.94 105.2 40.504238 -3.367029 609.9 3 5 237.3 1.055 0 0 0 
39.94 104.8 40.504097 -3.367315 607.2 3 5 237.3 0.703 0 0 0 
40.95 106.7 40.503952 -3.367609 605.9 3 5 237.3 0 0 0 0 
42.00 107.7 40.503807 -3.367906 605.3 3 5 237.3 0 0 0 0 
42.95 109.6 40.503662 -3.368212 605.0 3 5 237.0 0.352 0 0 0 
43.97 109.4 40.503513 -3.368512 605.2 3 5 237.3 0.352 0 0 0 
44.95 110.7 40.503365 -3.368829 604.2 3 5 237.3 0.352 0 0 0 
45.95 109.2 40.503216 -3.369133 603.2 3 5 237.3 0 0 0 0 
46.94 107.4 40.503067 -3.369426 602.8 3 5 237.3 0 0 0 0 
47.94 106.0 40.502926 -3.369728 601.8 3 5 237.0 0.352 0 0 0 
48.94 100.1 40.502781 -3.370012 601.4 3 5 237.3 0.352 0 0 0 
49.95 96.2 40.502651 -3.370281 601.1 3 5 237.3 0.352 0 0 0 
50.96 98.7 40.502525 -3.370551 600.9 3 5 237.3 0 0 0 0 
51.95 99.6 40.502392 -3.370818 600.9 4 5 237.3 0 0 0 0 
52.96 100.4 40.502262 -3.371092 601.0 4 5 237.0 0.352 0 0 0 
54.00 101.3 40.502117 -3.371366 601.4 4 5 236.6 0.703 1 0 0 
54.97 102.4 40.501980 -3.371644 600.6 4 5 235.2 1.758 0 0 0 
55.95 104.0 40.501827 -3.371927 600.4 3 5 235.2 1.406 0 0 0 
56.95 104.9 40.501686 -3.372201 600.7 3 5 235.9 0.703 0 0 0 
57.96 106.9 40.501541 -3.372484 600.8 3 5 236.6 1.406 0 0 0 
59.13 109.1 40.501247 -3.373082 602.2 3 5 237.0 1.055 0 0 0 
59.94 109.1 40.501247 -3.373082 602.2 3 5 237.0 0.352 0 0 0 
60.96 111.9 40.501091 -3.373388 601.1 3 5 237.0 0 0 0 0 
61.95 113.1 40.500938 -3.373698 600.1 3 5 237.3 0.352 0 0 0 
62.95 114.3 40.500790 -3.374010 600.9 3 5 237.7 0.703 0 0 0 
63.97 116.9 40.500629 -3.374323 603.9 3 5 237.3 0.352 0 0 0 
65.02 117.3 40.500465 -3.374644 602.7 3 5 237.3 0.352 0 0 0 
65.95 119.2 40.500305 -3.374967 601.2 3 5 237.0 0.352 0 0 0 
66.95 120.4 40.500134 -3.375293 600.7 3 5 236.6 0.703 0 0 0 
67.95 120.0 40.499962 -3.375629 600.5 3 5 237.0 0.352 0 0 0 
68.95 120.2 40.499798 -3.375960 600.0 3 5 237.0 0.352 0 0 0 
69.96 120.5 40.499630 -3.376286 599.9 3 5 236.2 0.703 0 0 0 
71.10 121.0 40.499298 -3.376943 599.1 3 5 236.2 0.703 0 0 0 
71.96 121.0 40.499298 -3.376943 599.1 3 5 236.2 0 0 0 0 
72.94 120.2 40.499134 -3.377260 599.5 3 5 236.2 0 0 0 0 
73.95 120.3 40.498966 -3.377586 599.8 3 5 236.2 0 0 0 0 
74.96 122.1 40.498806 -3.377913 599.1 3 5 236.2 0 0 0 0 
75.93 122.9 40.498634 -3.378242 598.4 3 5 236.2 0 0 0 0 
76.95 122.0 40.498466 -3.378574 597.8 3 5 236.6 0.352 0 0 0 
77.94 123.2 40.498295 -3.378912 598.4 3 5 236.2 0.352 0 0 0 
78.96 124.3 40.498123 -3.379250 598.1 3 5 236.2 0.352 0 0 0 
80.01 123.1 40.497952 -3.379585 598.0 3 5 236.6 0.352 0 0 0 
81.13 123.7 40.497612 -3.380234 597.8 3 5 236.6 0.352 0 0 0 
81.96 123.7 40.497612 -3.380234 597.8 3 5 236.6 0.352 0 0 0 
82.93 124.5 40.497437 -3.380583 597.4 3 5 236.2 0.352 0 0 0 
83.94 126.0 40.497261 -3.380924 597.1 3 5 236.2 0.352 0 0 0 
84.93 126.4 40.497086 -3.381272 597.1 3 5 236.2 0 0 0 0 
85.94 127.4 40.496910 -3.381622 596.6 3 5 236.2 0 0 0 0 
86.94 127.7 40.496727 -3.381970 596.5 3 5 236.2 0 0 0 0 
87.95 126.5 40.496559 -3.382297 596.5 3 5 236.2 0 0 0 0 
88.94 125.8 40.496387 -3.382638 596.3 3 5 235.9 0.352 1 0 0 
89.94 123.6 40.496216 -3.382967 596.7 3 5 235.2 1.055 1 0 0 
91.09 122.0 40.496044 -3.383289 596.4 3 5 234.5 1.406 1 0 0 
91.94 122.5 40.495869 -3.383605 596.2 4 5 234.1 1.055 0 0 0 
92.94 121.5 40.495693 -3.383924 596.5 4 5 233.1 1.406 0 0 0 
93.96 120.3 40.495510 -3.384234 596.4 3 5 232.7 1.406 0 0 0 
94.94 119.5 40.495331 -3.384549 596.4 3 5 233.1 0.352 0 0 0 
95.97 123.4 40.495144 -3.384859 596.2 3 5 233.1 0.352 0 0 0 
96.95 123.8 40.494961 -3.385178 596.5 3 5 232.4 0.703 0 0 0 
97.94 122.9 40.494770 -3.385500 597.2 3 5 232.0 1.055 0 0 0 
98.95 122.2 40.494587 -3.385816 597.1 3 5 231.7 0.703 0 0 0 
99.96 120.2 40.494385 -3.386123 596.4 3 5 231.0 1.055 0 0 0 
100.95 120.8 40.494190 -3.386439 596.3 3 5 230.3 1.406 0 0 0 
101.95 121.3 40.493996 -3.386750 596.3 4 5 230.3 0.703 0 0 0 
102.95 120.5 40.493793 -3.387067 596.0 4 5 229.9 0.352 0 0 0 
103.96 119.7 40.493599 -3.387372 595.9 4 5 229.6 0.703 0 0 0 
104.94 118.4 40.493408 -3.387681 595.8 4 5 229.2 0.703 0 0 0 
105.95 116.4 40.493214 -3.387965 595.2 4 5 229.2 0.352 0 0 0 
106.99 119.3 40.493011 -3.388273 595.3 4 5 228.9 0.352 0 0 0 
107.95 120.7 40.492817 -3.388578 595.5 4 5 229.2 0.352 0 0 0 
108.95 122.3 40.492619 -3.388892 595.8 4 5 228.2 1.055 0 0 0 
109.95 123.5 40.492416 -3.389185 595.2 4 5 227.5 1.758 0 0 0 
110.95 124.2 40.492203 -3.389492 595.2 4 5 226.8 1.406 0 0 0 
111.95 125.3 40.491985 -3.389785 595.4 4 5 226.1 1.406 0 0 0 
112.95 124.7 40.491772 -3.390083 595.0 4 5 226.1 0.703 0 0 0 
113.95 123.1 40.491554 -3.390381 594.8 4 5 225.7 0.352 0 0 0 
114.95 121.4 40.491341 -3.390658 594.3 4 5 225.7 0.352 0 0 0 
115.95 119.8 40.491127 -3.390936 594.3 3 5 225.7 0 0 0 0 
116.95 117.8 40.490917 -3.391210 593.7 4 5 226.1 0.352 0 0 0 
118.01 116.9 40.490711 -3.391492 594.7 4 5 226.1 0.352 0 0 0 
118.98 116.7 40.490505 -3.391775 592.7 4 5 226.1 0 0 0 0 
119.95 118.2 40.490299 -3.392059 591.9 4 5 226.1 0 0 0 0 
120.95 118.4 40.490086 -3.392341 592.9 4 5 226.1 0 0 0 0 
121.95 117.0 40.489880 -3.392621 592.6 3 5 226.1 0 0 0 0 
122.95 114.9 40.489677 -3.392897 591.9 3 5 226.1 0 0 0 0 
123.96 113.1 40.489475 -3.393165 592.1 3 5 225.4 0.703 2 0 0 
124.95 112.7 40.489273 -3.393437 591.5 3 5 224.6 1.406 0 0 0 
125.97 111.6 40.489082 -3.393683 591.1 3 5 224.3 1.055 0 0 0 
126.98 110.1 40.488880 -3.393942 591.2 3 5 224.6 0.352 0 0 0 
127.99 111.1 40.488682 -3.394201 591.2 3 5 225.4 1.055 0 0 0 
128.95 112.6 40.488491 -3.394462 590.9 3 5 226.1 1.406 0 0 0 
129.95 114.4 40.488293 -3.394727 591.3 3 5 226.1 0.703 0 0 0 
131.05 116.4 40.488091 -3.394993 591.8 3 5 226.1 0 0 0 0 
132.00 117.9 40.487877 -3.395261 591.6 3 5 226.1 0 0 0 0 
132.95 119.3 40.487671 -3.395543 591.7 3 5 226.1 0 0 0 0 
133.96 120.8 40.487457 -3.395822 589.2 3 5 225.0 1.055 0 0 0 
135.12 123.3 40.487026 -3.396377 592.7 3 5 223.9 1.055 0 0 0 
136.01 123.3 40.487026 -3.396377 592.7 3 5 223.9 1.055 0 0 0 
136.98 120.4 40.486805 -3.396657 590.5 3 5 223.9 0.352 0 0 0 
137.99 118.5 40.486588 -3.396925 591.4 4 5 222.5 1.406 1 0 0 
138.95 116.7 40.486370 -3.397203 592.0 4 5 222.5 1.406 2 0 0 
139.96 115.0 40.486149 -3.397464 591.2 4 5 222.5 0 0 1 0 
140.96 111.5 40.485947 -3.397709 591.0 4 5 222.5 0 0 1 0 
141.94 111.4 40.485729 -3.397952 590.6 4 5 220.8 1.758 0 1 0 
142.93 109.8 40.485519 -3.398187 591.9 4 5 220.1 2.461 0 1 0 
143.96 110.5 40.485306 -3.398412 591.3 4 5 219.0 1.758 0 1 0 
144.96 112.8 40.485092 -3.398635 592.3 4 5 219.0 1.055 0 1 0 
145.97 113.9 40.484863 -3.398873 589.8 4 5 217.3 1.764 0 1 0 
147.00 114.1 40.484642 -3.399102 590.2 4 5 216.4 2.623 2 1 0 
147.95 113.4 40.484421 -3.399337 590.8 4 5 216.4 0.859 2 1 0 
148.95 111.8 40.484203 -3.399551 590.4 4 5 216.4 0 0 1 0 
149.93 111.8 40.483978 -3.399783 589.9 4 5 216.8 0.358 0 1 0 
150.93 113.4 40.483749 -3.400013 590.0 4 5 216.9 0.516 0 0 0 
151.94 114.9 40.483517 -3.400242 589.7 3 5 216.9 0.158 0 0 0 
152.95 115.3 40.483288 -3.400472 590.0 3 5 216.9 0 0 0 0 
153.95 114.4 40.483055 -3.400707 589.9 3 5 217.6 0.636 0 0 0 
155.00 114.0 40.482838 -3.400917 588.9 3 5 217.6 0.636 0 0 0 
156.01 113.4 40.482605 -3.401147 587.9 4 5 216.7 0.861 0 0 0 
156.98 112.3 40.482380 -3.401369 587.3 4 5 217.3 0.612 0 0 0 
157.94 111.0 40.482151 -3.401587 585.8 4 5 216.3 0.960 0 0 0 
158.94 109.5 40.481930 -3.401799 585.6 4 5 216.3 0.960 0 0 0 
159.96 104.7 40.481716 -3.402002 585.1 4 5 216.3 0 0 0 0 
160.94 99.1 40.481510 -3.402198 584.0 4 5 216.3 0 1 0 0 
161.98 93.4 40.481319 -3.402379 583.2 4 5 216.3 0 0 0 0 
162.95 87.9 40.481140 -3.402556 582.3 4 5 216.3 0 1 1 0 
163.98 86.7 40.480968 -3.402728 582.4 4 5 216.2 0.133 0 1 0 
165.02 85.7 40.480793 -3.402890 581.7 4 5 215.9 0.485 1 1 0 
165.94 85.5 40.480625 -3.403055 581.4 4 5 215.5 0.703 0 1 0 
166.99 88.8 40.480446 -3.403222 581.9 4 5 215.2 0.703 0 1 0 
167.95 91.5 40.480255 -3.403389 582.2 4 5 214.8 0.703 0 1 0 
168.96 92.2 40.480068 -3.403564 581.7 4 5 215.5 0.703 0 1 0 
170.02 96.4 40.479881 -3.403748 583.2 4 5 216.9 2.109 0 1 0 
170.97 98.8 40.479687 -3.403938 581.4 4 5 217.6 2.109 0 1 0 
171.95 100.0 40.479485 -3.404139 581.3 4 5 218.7 1.758 2 1 0 
172.95 103.2 40.479282 -3.404352 584.0 4 5 219.0 1.406 1 1 0 
173.94 104.8 40.479076 -3.404568 582.7 4 5 219.7 1.055 1 1 0 
174.95 104.7 40.478874 -3.404782 583.0 4 5 220.8 1.758 0 1 0 
175.95 109.0 40.478668 -3.405015 582.6 4 5 222.5 2.812 0 1 0 
176.97 111.0 40.478470 -3.405253 583.4 4 5 222.9 2.109 0 1 0 
177.94 112.8 40.478279 -3.405522 581.4 4 5 223.9 1.406 0 1 0 
178.98 114.0 40.478088 -3.405757 581.7 4 5 224.6 1.758 0 1 0 
179.95 115.2 40.477890 -3.406034 581.8 4 5 225.4 1.406 0 1 0 
180.96 115.5 40.477699 -3.406312 582.4 4 5 226.4 1.758 0 1 0 
182.01 116.5 40.477505 -3.406585 581.9 6 5 227.5 2.109 0 1 0 
182.95 120.5 40.477306 -3.406866 581.6 6 5 228.2 1.758 0 1 0 
183.95 123.0 40.477104 -3.407173 581.3 6 5 229.6 2.109 0 1 0 
184.98 124.5 40.476902 -3.407489 581.4 4 5 230.3 2.109 0 1 0 
186.06 125.4 40.476704 -3.407814 581.6 4 5 231.3 1.758 0 1 0 
186.96 125.2 40.476513 -3.408135 581.6 4 5 232.4 2.109 0 1 0 
188.01 123.8 40.476330 -3.408461 581.8 4 5 233.8 2.461 0 1 0 
188.96 123.2 40.476151 -3.408791 581.7 4 5 234.5 2.109 0 1 0 
189.95 123.1 40.475971 -3.409115 581.2 4 5 235.2 1.406 0 1 0 
190.96 124.1 40.475800 -3.409447 581.6 4 5 235.9 1.406 0 1 0 
192.04 123.1 40.475616 -3.409777 581.6 4 5 237.0 1.758 0 1 0 
192.93 121.0 40.475464 -3.410113 581.1 4 5 238.4 2.461 0 1 0 
193.96 118.4 40.475296 -3.410450 581.5 4 5 239.1 2.109 0 1 0 
194.95 115.2 40.475143 -3.410780 581.3 4 5 239.4 1.055 0 1 0 
195.96 113.5 40.474995 -3.411114 581.1 4 5 240.8 1.758 0 1 0 
197.12 105.1 40.474751 -3.411737 581.0 3 5 243.3 2.812 0 1 0 
198.00 105.1 40.474751 -3.411737 581.0 3 5 243.3 2.461 0 1 0 
198.97 100.2 40.474636 -3.412028 580.4 4 5 244.0 1.758 0 1 0 
199.97 96.8 40.474529 -3.412328 580.0 4 5 244.7 1.406 0 1 0 
200.98 96.4 40.474434 -3.412617 579.7 4 5 245.0 1.055 0 1 0 
202.00 97.2 40.474327 -3.412912 580.0 4 5 245.7 1.055 0 1 0 
202.93 97.4 40.474232 -3.413191 580.1 4 5 245.7 0.703 0 1 0 
203.94 96.4 40.474144 -3.413472 580.2 4 5 246.8 1.055 0 1 0 
204.95 95.7 40.474049 -3.413769 580.3 4 5 247.9 2.109 0 1 0 
205.98 93.9 40.473965 -3.414058 580.7 4 5 248.6 1.758 0 1 0 
206.94 94.4 40.473877 -3.414357 582.1 4 5 250.7 2.812 0 1 0 
207.94 95.0 40.473801 -3.414643 583.0 4 5 251.0 2.461 0 1 0 
209.00 94.2 40.473724 -3.414944 583.0 4 5 252.4 1.758 0 1 0 
209.93 92.1 40.473648 -3.415238 583.5 4 5 251.4 1.055 0 1 0 
210.96 86.5 40.473576 -3.415513 582.6 4 5 252.4 1.055 0 1 0 
211.94 86.3 40.473507 -3.415784 582.4 4 5 252.4 1.055 0 1 0 
212.99 85.2 40.473446 -3.416051 582.8 4 5 252.8 0.352 0 1 0 
213.93 91.1 40.473373 -3.416336 584.2 4 5 251.4 1.406 0 1 0 
214.93 90.8 40.473301 -3.416629 585.2 4 5 251.7 1.055 0 1 0 
215.96 93.3 40.473236 -3.416911 585.3 4 5 251.7 0.352 0 1 0 
217.01 97.5 40.473160 -3.417216 584.8 4 5 252.4 0.703 0 1 0 
217.95 97.5 40.473087 -3.417520 585.1 4 5 252.4 0.703 0 1 0 
218.97 99.1 40.473007 -3.417848 585.0 4 5 252.1 0.352 0 1 0 
219.94 98.4 40.472931 -3.418152 584.8 4 5 251.4 1.055 0 1 0 
220.94 96.7 40.472855 -3.418452 584.1 4 5 251.4 0.703 0 0 0 
222.01 93.3 40.472775 -3.418750 584.1 4 5 251.7 0.352 1 0 0 
223.00 89.5 40.472710 -3.419026 584.1 4 5 252.1 0.703 0 0 0 
223.93 88.5 40.472641 -3.419305 583.9 4 5 251.7 0.352 0 0 0 
224.95 91.3 40.472565 -3.419601 583.1 4 5 252.1 0.352 0 0 0 
225.96 93.8 40.472488 -3.419890 583.1 4 5 251.7 0.352 0 0 0 
226.96 96.5 40.472412 -3.420190 583.0 3 5 251.7 0.352 0 0 0 
227.95 98.7 40.472340 -3.420498 581.1 3 5 251.4 0.352 0 0 0 
228.96 100.4 40.472260 -3.420806 581.2 3 5 250.7 1.055 0 0 0 
229.93 98.6 40.472176 -3.421113 581.3 3 5 251.0 0.352 0 0 0 
230.97 97.8 40.472095 -3.421412 580.8 3 5 251.0 0.352 0 0 0 
231.96 87.7 40.472027 -3.421694 580.2 3 5 251.0 0 0 0 0 
232.95 83.4 40.471958 -3.421965 579.4 3 5 250.7 0.352 0 0 0 
233.95 83.9 40.471886 -3.422226 580.2 3 5 250.3 0.703 0 0 0 
234.95 85.8 40.471817 -3.422486 579.6 3 5 250.0 0.703 0 0 0 
235.98 87.7 40.471737 -3.422746 579.8 3 5 249.6 0.703 0 0 0 
236.96 86.9 40.471657 -3.423011 579.2 3 5 249.6 0.352 0 0 0 
237.98 89.7 40.471584 -3.423277 579.5 3 5 249.6 0 0 0 0 
238.95 90.8 40.471497 -3.423554 579.9 3 5 249.6 0 0 0 0 
240.00 92.4 40.471413 -3.423836 579.6 3 5 249.6 0 0 0 0 
241.01 91.4 40.471344 -3.424123 579.2 3 5 249.6 0 0 0 0 
242.00 91.9 40.471264 -3.424403 578.7 3 5 249.3 0.352 0 0 0 
242.94 90.5 40.471176 -3.424683 578.3 3 5 248.6 1.055 0 0 0 
243.96 92.8 40.471085 -3.424959 578.0 3 5 247.5 1.758 0 0 0 
244.95 91.9 40.470997 -3.425241 578.3 3 5 247.5 1.055 0 0 0 
246.05 89.4 40.470913 -3.425519 578.3 3 5 248.6 1.055 1 0 0 
246.94 87.8 40.470829 -3.425791 578.4 3 5 248.6 1.055 1 0 0 
248.02 86.7 40.470757 -3.426039 577.8 3 5 249.3 0.703 0 0 0 
248.95 87.1 40.470676 -3.426313 579.4 3 5 249.3 0.703 0 0 0 
249.95 85.6 40.470600 -3.426577 577.1 3 5 249.6 0.352 0 0 0 
250.96 82.0 40.470528 -3.426830 576.5 3 5 249.3 0.352 0 0 0 
251.99 81.9 40.470459 -3.427085 577.3 3 5 250.0 0.703 0 0 0 
252.96 83.9 40.470390 -3.427341 578.0 3 5 250.0 0.703 0 0 0 
253.99 86.4 40.470306 -3.427609 578.6 3 5 250.3 0.352 0 0 0 
254.94 86.8 40.470238 -3.427877 579.2 3 5 250.3 0.352 0 0 0 
255.96 87.0 40.470165 -3.428144 579.5 3 5 250.3 0 0 0 0 
256.96 85.3 40.470097 -3.428409 579.6 3 5 251.0 0.703 0 0 0 
257.96 83.4 40.470024 -3.428663 581.2 3 5 251.0 0.703 0 0 0 
259.00 83.7 40.469955 -3.428923 580.4 3 5 251.4 0.352 0 0 0 
259.94 83.1 40.469891 -3.429183 580.8 3 5 251.7 0.703 0 0 0 
260.96 81.9 40.469818 -3.429442 581.4 3 5 251.4 0.352 0 0 0 
261.98 82.9 40.469749 -3.429701 582.6 3 5 251.4 0.352 0 0 0 
262.95 83.1 40.469688 -3.429955 582.3 3 5 252.1 0.703 0 0 0 
263.95 80.7 40.469639 -3.430205 582.8 3 5 254.9 3.516 0 0 0 
264.96 79.8 40.469585 -3.430457 583.4 3 5 254.9 2.812 0 0 0 
266.00 80.8 40.469540 -3.430710 584.1 3 5 254.9 0 1 0 0 
266.96 81.9 40.469486 -3.430968 584.0 3 5 256.3 1.406 0 0 0 
267.95 83.2 40.469440 -3.431225 584.5 3 5 256.6 1.758 0 0 0 
268.97 85.4 40.469391 -3.431501 584.3 3 5 256.6 0.352 0 0 0 
269.96 84.6 40.469353 -3.431767 584.6 3 5 257.0 0.352 0 0 0 
270.96 85.2 40.469307 -3.432042 585.5 3 5 257.0 0.352 0 0 0 
272.08 85.9 40.469257 -3.432316 586.9 3 5 258.4 1.406 0 0 0 
272.94 87.2 40.469215 -3.432580 588.3 4 5 258.8 1.758 0 0 0 
273.94 86.9 40.469173 -3.432866 588.3 4 5 257.7 1.055 0 0 0 
274.96 86.9 40.469120 -3.433149 588.1 4 5 258.0 0.703 0 0 0 
275.95 86.5 40.469078 -3.433427 587.8 4 5 258.8 1.055 0 0 0 
276.97 87.7 40.469028 -3.433718 588.5 4 5 259.1 1.055 1 0 0 
277.94 89.2 40.468979 -3.434006 589.4 3 5 257.0 2.109 0 0 0 
278.96 89.9 40.468929 -3.434297 590.1 3 5 257.0 2.109 0 0 0 
279.97 92.3 40.468876 -3.434588 590.7 3 5 256.6 0.352 0 0 0 
280.94 93.5 40.468826 -3.434895 591.1 3 5 257.3 0.703 0 0 0 
281.95 95.6 40.468773 -3.435196 591.7 3 5 257.3 0.703 0 0 0 
282.94 94.6 40.468719 -3.435494 592.1 3 5 258.0 0.703 0 0 0 
283.97 98.4 40.468670 -3.435810 593.0 3 5 258.0 0.703 0 0 0 
284.94 100.4 40.468620 -3.436132 593.6 3 5 257.7 0.352 0 0 0 
285.94 101.8 40.468571 -3.436442 593.9 3 5 257.0 1.055 0 0 0 
287.02 103.6 40.468506 -3.436775 593.7 3 5 257.0 0.703 0 0 0 
287.96 104.8 40.468449 -3.437107 592.7 4 5 256.3 0.703 0 0 0 
288.95 107.8 40.468388 -3.437453 592.3 3 5 257.0 0.703 0 0 0 
289.96 109.1 40.468327 -3.437804 594.3 3 5 256.6 0.352 0 0 0 
290.97 110.5 40.468258 -3.438154 595.0 3 5 256.3 0.703 0 0 0 
292.02 112.3 40.468197 -3.438513 594.6 3 5 257.0 0.703 0 0 0 
292.95 113.9 40.468132 -3.438869 594.0 3 5 257.3 1.055 0 0 0 
293.96 112.7 40.468075 -3.439231 591.0 3 5 258.0 1.055 2 0 0 
294.95 110.7 40.468021 -3.439600 591.5 3 5 257.7 0.352 0 0 0 
295.95 110.2 40.467964 -3.439953 591.1 3 5 258.8 1.055 0 0 0 
296.98 111.9 40.467911 -3.440312 589.8 3 5 259.1 1.406 0 0 0 
297.96 113.3 40.467854 -3.440679 589.8 3 5 259.5 0.703 0 0 0 
299.00 115.6 40.467796 -3.441048 589.7 3 5 259.1 0.352 0 0 0 
300.02 116.9 40.467739 -3.441420 589.7 3 5 259.8 0.703 0 0 0 
300.98 118.1 40.467693 -3.441805 589.5 3 5 260.5 1.406 0 0 0 
301.95 119.5 40.467655 -3.442191 589.6 3 5 261.2 1.406 0 0 0 
302.96 117.1 40.467617 -3.442575 589.3 3 5 261.2 0.703 0 0 0 
303.95 112.8 40.467571 -3.442950 590.1 3 5 261.6 0.352 0 0 0 
304.94 107.7 40.467537 -3.443301 588.1 4 5 262.3 1.055 1 0 0 
305.96 102.1 40.467518 -3.443633 587.5 4 5 263.7 2.109 1 0 0 
307.11 103.4 40.467468 -3.444298 587.6 4 5 263.7 1.758 0 0 0 
307.98 103.4 40.467468 -3.444298 587.6 4 5 263.7 0.352 0 0 0 
308.96 104.0 40.467442 -3.444640 588.5 4 5 263.7 0.352 0 0 0 
309.94 105.2 40.467411 -3.444980 588.7 4 5 263.3 0.352 0 0 0 
310.93 106.4 40.467381 -3.445322 587.3 4 5 263.7 0.352 0 0 0 
311.96 109.2 40.467346 -3.445677 587.6 4 5 263.0 0.703 0 0 0 
312.96 105.5 40.467308 -3.446024 587.4 4 5 263.3 0.352 0 0 0 
314.00 103.2 40.467281 -3.446349 587.3 4 5 263.0 0.352 0 0 0 
314.94 98.4 40.467258 -3.446673 587.0 4 5 263.0 0.352 0 0 0 
315.96 93.2 40.467251 -3.446959 586.0 4 5 263.7 0.703 0 0 0 
316.98 93.9 40.467224 -3.447258 585.6 6 5 263.0 0.703 0 0 0 
317.96 94.6 40.467190 -3.447562 585.9 6 5 264.0 1.055 0 0 0 
319.02 95.8 40.467167 -3.447869 587.5 6 5 263.7 0.703 0 0 0 
319.99 100.1 40.467152 -3.448181 588.4 6 5 263.3 0.703 0 0 0 
320.96 95.5 40.467125 -3.448492 587.9 6 5 263.7 0.352 1 0 0 
321.94 89.1 40.467106 -3.448800 586.5 4 5 264.7 1.406 1 0 0 
322.94 87.5 40.467079 -3.449079 585.8 4 5 264.0 0.703 0 1 0 
324.00 88.7 40.467049 -3.449376 586.0 4 5 263.3 1.406 0 1 0 
325.00 90.2 40.467022 -3.449667 586.1 4 5 264.0 0.703 0 1 0 
325.95 90.2 40.466999 -3.449964 586.9 4 5 264.4 1.055 0 1 0 
326.93 87.8 40.466976 -3.450248 587.1 4 5 264.0 0.352 0 0 0 
327.93 88.4 40.466961 -3.450554 586.2 4 5 265.1 1.055 0 0 0 
328.94 86.5 40.466942 -3.450850 586.4 4 5 265.4 1.406 0 0 0 
329.93 88.8 40.466923 -3.451145 586.8 4 5 265.4 0.352 0 1 0 
330.93 90.3 40.466911 -3.451436 586.7 4 5 265.4 0 0 0 0 
332.10 93.4 40.466888 -3.452001 587.9 4 5 264.7 0.352 1 0 0 
332.94 93.4 40.466888 -3.452001 587.9 4 5 264.7 1.055 1 1 0 
334.04 91.6 40.466866 -3.452304 589.2 6 5 265.8 1.055 2 1 0 
334.93 93.1 40.466850 -3.452609 589.4 6 5 266.8 2.109 0 1 0 
335.96 93.3 40.466835 -3.452913 589.2 6 5 266.8 1.055 1 1 0 
336.96 92.4 40.466824 -3.453224 588.5 4 5 267.5 0.703 0 1 0 
337.96 91.5 40.466820 -3.453518 588.2 4 5 268.2 1.406 0 1 0 
338.95 91.5 40.466816 -3.453813 589.8 4 5 268.2 0.703 0 1 0 
339.96 91.2 40.466812 -3.454113 588.3 4 5 268.9 0.703 0 1 0 
340.96 90.6 40.466808 -3.454406 587.0 4 5 269.6 1.406 0 1 0 
341.94 91.2 40.466808 -3.454705 587.3 4 5 270.0 1.055 0 1 0 
343.13 91.6 40.466808 -3.455297 589.5 6 5 270.4 0.703 0 1 0 
343.95 91.6 40.466808 -3.455297 589.5 6 5 270.4 0.352 0 1 0 
344.95 91.1 40.466812 -3.455576 588.5 4 5 271.4 1.055 1 1 0 
345.95 91.1 40.466820 -3.455874 589.0 6 5 271.4 1.055 0 1 0 
346.95 88.7 40.466812 -3.456144 588.9 4 5 271.8 0.352 0 1 0 
347.95 86.4 40.466805 -3.456446 589.2 4 5 271.8 0.352 0 1 0 
349.10 89.2 40.466827 -3.457034 589.8 6 5 272.5 0.703 0 1 0 
349.95 89.2 40.466827 -3.457034 589.8 6 5 272.5 0.703 0 1 0 
350.97 90.9 40.466843 -3.457335 589.9 6 5 272.5 0 0 1 0 
351.97 91.3 40.466850 -3.457644 589.9 6 5 271.8 0.703 0 1 0 
352.97 89.6 40.466850 -3.457940 589.9 6 5 271.4 1.055 0 1 0 
353.98 90.0 40.466877 -3.458246 591.2 6 5 272.8 1.406 0 1 0 
354.96 88.6 40.466888 -3.458530 589.8 6 5 273.5 2.109 0 1 0 
355.96 86.8 40.466900 -3.458825 589.8 4 5 274.6 1.758 0 1 0 
356.97 86.0 40.466915 -3.459113 590.3 4 5 273.9 0.703 0 1 0 
357.96 86.5 40.466927 -3.459392 590.2 4 5 272.8 1.758 0 1 0 
358.96 87.3 40.466930 -3.459684 590.7 4 5 273.2 0.703 0 1 0 
359.96 87.8 40.466942 -3.459970 590.9 6 5 273.5 0.703 0 1 0 
361.01 87.2 40.466965 -3.460254 590.7 6 5 273.5 0.352 0 1 0 
362.01 88.9 40.466995 -3.460523 591.3 6 5 273.9 0.352 0 1 0 
362.93 89.6 40.467014 -3.460816 591.8 6 5 273.9 0.352 0 1 0 
363.96 92.1 40.467022 -3.461122 591.4 6 5 272.5 1.406 0 1 0 
364.96 94.0 40.467041 -3.461428 590.9 6 5 274.9 2.461 2 1 0 
366.18 97.9 40.467098 -3.462112 592.1 4 5 275.6 0.703 0 1 0 
366.97 97.9 40.467098 -3.462112 592.1 4 5 275.6 0.703 0 1 0 
367.94 99.3 40.467102 -3.462420 591.8 4 5 274.9 0.703 0 1 0 
369.16 101.8 40.467152 -3.463079 592.4 4 5 274.2 1.406 0 1 0 
369.94 101.8 40.467152 -3.463079 592.4 4 5 274.2 0.703 0 1 0 
371.03 101.8 40.467171 -3.463399 592.2 6 5 273.9 0.352 0 1 0 
372.03 102.4 40.467178 -3.463735 592.4 6 5 273.2 1.055 0 1 0 
373.09 100.6 40.467209 -3.464072 593.4 6 5 273.9 0.703 0 1 0 
373.98 101.6 40.467205 -3.464391 593.1 6 5 272.8 1.055 0 1 0 
374.98 101.6 40.467213 -3.464716 592.1 6 5 272.8 1.055 0 1 0 
375.95 99.4 40.467220 -3.465048 591.7 6 5 271.8 1.055 0 1 0 
376.98 89.4 40.467232 -3.465343 590.5 6 5 272.1 0.703 0 1 0 
377.96 86.5 40.467243 -3.465626 589.6 6 5 271.8 0.352 0 1 0 
378.94 87.7 40.467239 -3.465920 589.3 6 5 271.1 1.055 0 1 0 
379.93 84.9 40.467239 -3.466202 589.6 4 5 271.4 0.352 0 1 0 
380.96 86.5 40.467228 -3.466477 590.1 4 5 270.4 1.055 0 1 0 
381.95 84.7 40.467232 -3.466757 590.7 4 5 270.0 1.406 0 1 0 
382.97 84.2 40.467228 -3.467028 590.9 4 5 270.0 0.352 0 0 0 
384.03 86.7 40.467236 -3.467314 590.6 4 5 269.6 0.352 0 0 0 
385.00 87.6 40.467220 -3.467593 590.9 4 5 270.4 0.703 1 1 0 
385.94 88.9 40.467239 -3.467872 590.9 4 5 271.1 1.406 0 1 0 
386.94 91.4 40.467247 -3.468165 591.3 4 5 271.4 1.055 1 1 0 
387.94 94.3 40.467243 -3.468480 591.4 4 5 269.6 1.758 1 1 0 
389.00 96.1 40.467232 -3.468812 591.1 4 5 268.2 3.164 0 1 0 
389.94 96.3 40.467220 -3.469131 591.5 4 5 267.5 2.109 0 1 0 
390.96 99.1 40.467197 -3.469474 591.5 4 5 267.2 1.055 0 1 0 
391.94 100.5 40.467186 -3.469804 591.5 4 5 266.5 1.055 0 1 0 
392.95 101.5 40.467167 -3.470137 591.8 4 5 265.1 2.109 0 1 0 
393.94 104.5 40.467152 -3.470477 591.9 3 5 264.7 1.758 0 1 0 
394.94 104.3 40.467125 -3.470819 593.0 3 5 265.4 0.703 0 1 0 
395.95 106.7 40.467094 -3.471166 594.1 4 5 264.0 1.406 0 1 0 
396.94 108.1 40.467060 -3.471518 594.7 4 5 263.0 2.461 0 1 0 
397.94 109.5 40.467022 -3.471874 595.2 4 5 262.6 1.406 0 1 0 
398.94 110.6 40.466999 -3.472222 594.9 4 5 262.3 0.703 0 1 0 
399.94 112.0 40.466953 -3.472587 592.0 4 5 261.2 1.406 0 1 0 
400.95 112.6 40.466911 -3.472957 593.0 4 5 260.2 2.109 0 1 0 
401.94 114.1 40.466862 -3.473326 593.3 4 5 260.2 1.055 0 1 0 
402.95 114.9 40.466812 -3.473704 593.3 4 5 259.8 0.352 0 1 0 
403.97 113.0 40.466759 -3.474071 593.5 4 5 259.1 1.055 0 1 0 
404.95 110.6 40.466702 -3.474431 593.2 4 5 258.4 1.406 0 1 0 
405.95 108.3 40.466644 -3.474782 592.4 4 5 258.0 1.055 0 1 0 
406.95 108.6 40.466591 -3.475124 592.3 4 5 257.7 0.703 0 1 0 
408.08 110.3 40.466530 -3.475477 592.3 4 5 257.7 0.352 0 1 0 
408.94 111.2 40.466469 -3.475835 592.1 4 5 256.6 1.055 0 0 0 
409.94 112.4 40.466396 -3.476188 592.0 4 5 255.9 1.758 0 0 0 
410.95 112.4 40.466324 -3.476539 592.2 3 5 255.9 0.703 0 0 0 
411.97 110.3 40.466255 -3.476888 592.0 3 5 255.6 0.352 0 0 0 
412.95 108.1 40.466194 -3.477239 591.3 3 5 255.2 0.703 0 0 0 
413.95 106.5 40.466122 -3.477575 590.8 3 5 255.2 0.352 0 0 0 
414.95 106.8 40.466053 -3.477913 590.4 3 5 255.6 0.352 0 0 0 
415.94 101.7 40.465992 -3.478239 589.8 3 5 255.9 0.703 0 0 0 
416.96 100.0 40.465942 -3.478552 590.0 4 5 256.3 0.703 0 0 0 
417.95 98.2 40.465885 -3.478868 590.6 4 5 257.7 1.758 0 0 0 
418.95 96.2 40.465828 -3.479193 590.3 3 5 257.3 1.055 0 0 0 
419.96 93.6 40.465786 -3.479498 589.8 3 5 259.5 2.109 0 0 0 
421.04 91.3 40.465755 -3.479794 590.1 3 5 262.6 5.273 1 0 0 
422.02 89.8 40.465736 -3.480083 590.1 3 5 267.2 7.734 0 1 0 
422.97 90.5 40.465744 -3.480375 589.8 3 5 272.8 10.195 0 1 0 
423.99 86.4 40.465782 -3.480647 589.9 3 5 282.3 15.117 0 1 0 
424.96 89.8 40.465839 -3.480920 590.0 3 5 286.9 14.062 0 0 0 
425.95 89.0 40.465912 -3.481200 590.5 3 5 289.7 7.383 0 0 0 
426.99 90.4 40.465992 -3.481460 590.8 3 5 292.9 5.977 0 0 0 
428.01 88.4 40.466084 -3.481735 590.9 4 5 292.9 3.164 0 0 0 
428.96 87.8 40.466179 -3.481993 590.9 4 5 293.9 1.055 0 0 0 
429.96 85.8 40.466274 -3.482247 591.0 4 5 295.0 2.109 0 0 0 
430.98 83.6 40.466366 -3.482497 590.9 4 5 293.9 1.055 0 0 0 
431.96 81.2 40.466457 -3.482747 591.2 4 5 294.3 0.703 0 0 0 
432.99 80.6 40.466534 -3.482992 591.1 4 5 293.2 1.055 0 0 0 
433.98 81.4 40.466606 -3.483241 591.2 4 5 290.7 3.516 0 0 0 
434.97 79.1 40.466656 -3.483484 591.5 4 5 285.5 7.734 0 0 0 
435.95 77.7 40.466705 -3.483734 591.7 3 5 281.6 9.141 0 0 0 
436.93 79.7 40.466736 -3.483961 591.9 3 5 272.1 13.359 1 1 0 
438.03 79.7 40.466736 -3.484228 592.5 4 5 270.4 11.250 1 1 0 
438.94 79.8 40.466721 -3.484498 592.5 4 5 266.1 5.977 1 1 0 
439.95 81.8 40.466663 -3.484764 592.7 4 5 254.9 15.469 1 1 0 
440.98 80.1 40.466591 -3.485027 592.7 4 5 247.5 18.633 2 1 0 
441.94 80.1 40.466484 -3.485278 592.7 4 5 240.1 14.766 1 1 0 
442.97 79.1 40.466373 -3.485498 592.5 4 5 235.9 11.602 1 1 0 
443.96 82.9 40.466232 -3.485713 592.9 3 5 229.2 10.898 0 1 0 
445.13 79.5 40.465981 -3.486109 592.5 4 5 230.3 5.273 0 1 0 
445.95 79.5 40.465981 -3.486109 592.5 4 5 230.3 1.055 0 1 0 
446.97 77.3 40.465858 -3.486299 592.4 4 5 229.9 0.703 0 1 0 
447.98 76.2 40.465736 -3.486516 592.3 3 5 230.3 0.352 0 1 0 
449.01 74.5 40.465622 -3.486702 592.7 3 5 229.9 0.352 0 1 0 
450.05 74.9 40.465500 -3.486889 592.8 3 5 230.6 0.703 0 1 0 
450.96 71.3 40.465385 -3.487075 592.2 3 5 229.9 0.703 0 1 0 
451.98 68.9 40.465279 -3.487254 591.6 3 5 230.3 0.352 0 1 0 
452.94 65.7 40.465168 -3.487424 591.5 3 5 228.9 1.406 0 1 0 
453.95 61.3 40.465054 -3.487578 591.4 3 5 226.1 4.219 0 1 0 
454.94 57.3 40.464931 -3.487707 591.7 3 5 218.0 10.898 0 1 0 
455.94 53.8 40.464809 -3.487797 592.3 3 5 209.9 16.172 0 1 0 
456.96 50.3 40.464695 -3.487874 593.4 3 5 201.4 16.523 0 1 0 
457.95 51.4 40.464573 -3.487924 594.3 3 5 194.8 15.117 0 1 0 
458.97 51.9 40.464443 -3.487953 595.6 3 5 186.7 14.766 0 1 0 
459.98 51.5 40.464317 -3.487961 596.5 3 5 182.1 12.656 0 1 0 
460.99 50.8 40.464199 -3.487906 597.2 3 5 165.6 21.094 0 1 0 
461.95 52.3 40.464073 -3.487837 597.7 3 5 156.4 25.664 0 1 0 
463.01 52.9 40.463955 -3.487763 598.3 3 5 147.3 18.281 0 1 0 
463.95 51.8 40.463856 -3.487657 598.6 3 5 138.2 18.281 0 1 0 
464.98 54.3 40.463760 -3.487528 598.8 3 5 130.1 17.227 0 1 0 
465.96 54.2 40.463688 -3.487390 598.9 3 5 122.7 15.469 0 1 0 
466.94 53.7 40.463627 -3.487241 598.6 3 5 110.4 19.688 0 1 0 
467.96 52.4 40.463589 -3.487071 598.6 3 5 104.1 18.633 0 1 0 
468.99 51.5 40.463573 -3.486884 598.4 3 5 93.5 16.875 0 1 0 
469.94 50.7 40.463593 -3.486730 598.3 3 5 86.5 17.578 0 1 0 
470.95 53.7 40.463619 -3.486576 598.3 3 5 77.7 15.820 0 1 0 
471.97 57.2 40.463657 -3.486404 598.7 3 5 68.2 18.281 0 1 0 
472.95 59.9 40.463715 -3.486219 598.7 3 5 63.6 14.062 0 1 0 
473.96 61.6 40.463779 -3.486035 598.5 3 5 63.3 4.922 0 1 0 
474.95 62.2 40.463844 -3.485840 598.1 3 5 65.0 1.758 0 1 0 
475.95 63.3 40.463902 -3.485666 597.2 3 5 68.9 5.625 0 1 0 
476.96 63.9 40.463959 -3.485469 596.2 3 5 70.0 4.922 0 1 0 
477.97 64.6 40.464012 -3.485269 595.0 3 5 72.4 3.516 0 1 0 
479.00 64.9 40.464066 -3.485065 594.0 3 5 72.8 2.812 0 1 0 
479.97 65.4 40.464111 -3.484862 592.8 3 5 74.2 1.758 0 1 0 
480.95 64.6 40.464161 -3.484653 591.9 3 5 73.8 1.055 0 1 0 
481.96 64.7 40.464203 -3.484429 591.3 3 5 73.1 1.055 0 1 0 
483.00 64.6 40.464252 -3.484227 590.8 4 5 73.1 0.703 0 1 0 
483.99 59.3 40.464283 -3.484065 590.6 4 5 72.4 0.703 0 1 0 
484.95 58.5 40.464325 -3.483878 590.6 4 5 73.8 1.406 0 1 0 
485.97 62.2 40.464375 -3.483683 590.6 4 5 73.5 1.055 0 1 0 
486.97 62.9 40.464424 -3.483494 590.6 4 5 73.5 0.352 0 1 0 
487.93 62.2 40.464466 -3.483299 590.5 4 5 74.2 0.703 0 1 0 
488.94 66.6 40.464500 -3.483091 590.8 4 5 75.2 1.758 0 1 0 
489.99 67.3 40.464565 -3.482899 590.8 4 5 74.5 0.703 0 1 0 
490.97 70.9 40.464622 -3.482684 590.9 4 5 73.1 2.109 0 1 0 
491.94 69.6 40.464676 -3.482464 591.1 4 5 74.2 1.055 0 1 0 
493.12 66.7 40.464771 -3.482039 590.6 4 5 73.5 1.055 0 1 0 
493.96 66.7 40.464771 -3.482039 590.6 4 5 73.5 0.703 0 1 0 
494.94 64.6 40.464832 -3.481854 590.4 4 5 72.8 1.406 0 1 0 
495.93 64.9 40.464878 -3.481652 590.4 4 5 72.8 0.703 0 1 0 
496.93 66.0 40.464928 -3.481463 590.4 4 5 72.4 0.352 0 1 0 
497.95 63.9 40.464977 -3.481259 590.3 4 5 71.0 1.758 1 0 0 
498.96 64.2 40.465027 -3.481052 590.1 4 5 70.7 1.758 1 0 0 
499.97 64.9 40.465084 -3.480848 590.0 4 5 70.7 0.352 1 0 0 
500.93 66.7 40.465149 -3.480642 590.0 4 5 71.0 0.352 0 0 0 
501.98 69.2 40.465191 -3.480427 590.0 4 5 70.3 0.703 0 0 0 
503.03 72.4 40.465244 -3.480193 590.0 4 5 69.3 1.758 0 0 0 
503.96 72.5 40.465305 -3.479972 590.1 4 5 69.6 0.703 0 0 0 
504.94 71.6 40.465374 -3.479761 590.0 4 5 69.6 0.352 0 0 0 
505.98 68.0 40.465424 -3.479538 589.8 4 5 71.7 2.109 0 0 0 
507.01 65.3 40.465473 -3.479334 589.4 4 5 72.8 3.164 2 0 0 
507.96 64.8 40.465519 -3.479129 589.1 4 5 72.4 0.703 2 0 0 
509.01 69.1 40.465580 -3.478918 589.2 4 5 73.5 1.055 2 0 0 
509.98 71.7 40.465630 -3.478694 589.2 4 5 72.8 0.703 0 0 0 
511.04 73.8 40.465664 -3.478449 589.3 4 5 72.4 1.055 0 0 0 
511.99 74.6 40.465717 -3.478207 589.5 4 5 73.1 0.703 0 0 0 
512.98 73.4 40.465775 -3.477970 589.1 4 5 72.4 0.703 0 0 0 
514.01 73.1 40.465832 -3.477757 589.1 4 5 73.5 1.055 0 0 0 
515.00 76.1 40.465885 -3.477515 589.2 4 5 74.5 2.109 0 0 0 
515.96 79.2 40.465935 -3.477269 589.3 4 5 74.9 1.406 0 0 0 
516.97 82.3 40.465984 -3.477009 589.4 4 5 74.5 0.352 1 0 0 
517.95 84.2 40.466045 -3.476738 589.5 6 5 74.9 0.352 2 1 0 
518.95 86.4 40.466110 -3.476474 589.9 6 5 73.8 1.055 0 1 0 
519.95 89.0 40.466171 -3.476197 589.8 4 5 73.8 1.055 0 1 0 
520.94 90.5 40.466232 -3.475913 590.1 4 5 74.5 0.703 0 1 0 
521.95 90.5 40.466286 -3.475630 590.1 4 5 76.3 2.461 0 1 0 
522.95 88.8 40.466343 -3.475353 589.9 6 5 76.6 2.109 0 1 0 
523.94 86.4 40.466404 -3.475092 589.8 6 5 75.9 0.703 0 1 0 
524.97 84.2 40.466442 -3.474820 589.7 6 5 77.3 1.406 0 1 0 
525.98 77.9 40.466480 -3.474551 589.5 6 5 78.0 2.109 0 1 0 
527.01 69.9 40.466515 -3.474310 589.0 3 5 78.0 0.703 0 1 0 
528.01 62.4 40.466553 -3.474092 588.6 3 5 78.8 0.703 0 1 0 
528.96 59.2 40.466579 -3.473908 588.8 3 5 80.2 2.109 0 1 0 
529.94 55.1 40.466599 -3.473715 588.5 3 5 79.8 1.055 0 1 0 
530.96 51.8 40.466618 -3.473547 588.4 3 5 79.5 0.703 0 1 0 
531.96 52.6 40.466652 -3.473387 588.7 3 5 80.2 0.703 0 1 0 
532.94 56.5 40.466671 -3.473211 588.9 3 5 80.5 1.055 0 1 0 
533.96 57.7 40.466690 -3.473020 589.0 3 5 80.2 0.352 0 1 0 
534.95 56.4 40.466705 -3.472830 588.9 3 5 81.2 1.055 0 1 0 
535.95 54.0 40.466728 -3.472648 589.3 3 5 80.5 0.703 0 1 0 
536.95 52.2 40.466755 -3.472478 589.2 3 5 81.2 0.703 0 1 0 
537.94 49.0 40.466774 -3.472326 589.0 3 5 80.2 0 -9 -9 0 
538.95 50.0 40.466793 -3.472163 588.9 3 5 82.3 2.109 0 1 0 
539.95 51.6 40.466808 -3.471996 589.2 3 5 82.6 2.461 0 1 0 
540.95 50.4 40.466827 -3.471833 589.5 3 5 81.9 0.703 0 1 0 
541.94 49.3 40.466843 -3.471674 589.1 3 5 82.3 0 -9 -9 0 
542.96 52.1 40.466854 -3.471505 589.2 3 5 84.7 2.812 0 1 0 
543.96 50.7 40.466866 -3.471327 589.3 3 5 85.1 2.812 0 1 0 
544.96 52.1 40.466877 -3.471150 589.3 3 5 83.7 1.406 1 1 0 
545.95 52.2 40.466896 -3.470982 589.3 3 5 84.0 1.055 0 1 0 
546.97 54.6 40.466919 -3.470779 589.5 4 5 84.4 0.703 0 1 0 
547.94 56.8 40.466930 -3.470579 589.9 3 5 84.7 0.703 0 1 0 
548.94 55.7 40.466946 -3.470408 589.8 3 5 85.4 1.055 0 1 0 
549.96 56.4 40.466942 -3.470224 589.9 3 5 87.9 3.164 0 1 0 
551.00 53.2 40.466949 -3.470036 589.9 3 5 85.1 2.812 0 1 0 
551.94 52.8 40.466953 -3.469861 589.8 3 5 86.1 1.758 0 1 0 
552.93 53.0 40.466961 -3.469687 590.0 3 5 88.6 3.516 0 1 0 
553.94 51.1 40.466969 -3.469520 589.8 3 5 85.8 2.812 0 1 0 
554.95 53.4 40.466980 -3.469372 589.7 3 5 86.8 1.758 0 1 0 
555.93 52.5 40.466984 -3.469199 589.9 3 5 87.2 1.406 0 1 0 
556.95 48.3 40.466988 -3.469034 589.8 3 5 87.5 0 -9 -9 0 
557.95 42.0 40.466995 -3.468884 589.3 3 5 86.8 0 -9 -9 0 
558.95 40.9 40.466999 -3.468755 589.3 3 5 88.2 0 -9 -9 0 
559.96 41.6 40.466999 -3.468615 589.4 3 5 88.6 0 -9 -9 0 
560.95 42.6 40.467003 -3.468470 589.4 3 5 88.2 0 -9 -9 0 
561.96 42.7 40.467010 -3.468327 589.7 3 5 88.2 0 -9 -9 0 
562.96 44.9 40.467014 -3.468187 589.3 3 5 88.6 0 -9 -9 0 
563.96 47.9 40.467026 -3.468047 589.5 3 5 88.2 0 -9 -9 0 
564.96 48.4 40.467033 -3.467895 589.7 3 5 88.2 0 -9 -9 0 
566.01 50.4 40.467033 -3.467727 589.9 3 5 88.2 0 0 0 0 
566.95 52.1 40.467037 -3.467561 589.9 3 5 89.3 1.055 1 0 0 
567.94 54.3 40.467037 -3.467386 590.0 3 5 87.5 1.758 0 0 0 
569.00 55.9 40.467052 -3.467218 589.9 3 5 86.5 2.812 0 0 0 
569.95 56.2 40.467060 -3.467047 590.1 3 5 86.8 0.703 0 0 0 
570.96 56.7 40.467064 -3.466874 590.3 3 5 88.9 2.461 0 0 0 
571.94 56.2 40.467060 -3.466680 590.0 3 5 90.7 3.867 0 0 0 
572.93 57.3 40.467060 -3.466482 590.0 3 5 90.7 1.758 0 0 0 
574.02 58.6 40.467060 -3.466290 590.4 3 5 92.1 1.406 0 0 0 
574.94 61.2 40.467056 -3.466088 590.3 3 5 90.0 2.109 0 0 0 
575.94 64.4 40.467052 -3.465884 590.8 3 5 91.4 1.406 0 0 0 
576.96 66.6 40.467049 -3.465669 590.8 3 5 91.1 1.055 0 0 0 
578.11 70.1 40.467041 -3.465435 590.8 3 5 91.4 0.352 0 0 0 
578.95 72.9 40.467033 -3.465193 591.0 3 5 91.8 0.703 0 0 0 
579.96 73.1 40.467022 -3.464953 591.2 3 5 91.8 0.352 0 0 0 
580.95 73.7 40.467014 -3.464715 591.0 3 5 92.1 0.352 0 0 0 
581.95 73.9 40.467007 -3.464474 591.1 3 5 92.5 0.703 0 0 0 
582.96 73.0 40.467003 -3.464234 591.1 3 5 92.8 0.703 0 0 0 
583.94 75.7 40.466991 -3.463984 591.1 3 5 93.2 0.703 0 0 0 
585.01 77.2 40.466984 -3.463734 591.2 3 5 93.2 0.352 0 0 0 
586.01 75.5 40.466976 -3.463490 590.9 3 5 93.2 0 0 0 0 
587.02 72.8 40.466965 -3.463253 590.6 3 5 93.5 0.352 0 0 0 
587.95 74.3 40.466953 -3.463011 590.6 3 5 93.2 0.352 0 0 0 
588.98 74.6 40.466942 -3.462763 590.5 3 5 93.5 0.352 0 0 0 
589.97 76.6 40.466927 -3.462514 590.5 3 5 93.9 0.703 0 0 0 
591.03 78.7 40.466911 -3.462251 590.7 3 5 93.9 0.352 0 0 0 
591.93 81.4 40.466896 -3.461987 590.7 3 5 93.9 0 0 0 0 
592.97 84.2 40.466881 -3.461713 590.6 3 5 93.5 0.352 0 0 0 
593.95 86.9 40.466866 -3.461432 590.9 3 5 93.9 0.352 0 0 0 
594.98 89.1 40.466846 -3.461145 590.8 3 5 93.9 0.352 1 0 0 
595.95 90.5 40.466827 -3.460846 591.1 3 5 94.6 0.703 2 0 0 
597.02 91.5 40.466812 -3.460555 591.0 3 5 95.6 1.758 0 0 0 
597.96 92.2 40.466789 -3.460255 591.0 3 5 96.0 1.406 0 0 0 
598.95 94.5 40.466766 -3.459947 591.2 3 5 94.6 1.406 0 0 0 
599.96 93.2 40.466747 -3.459640 591.1 3 5 93.9 2.109 0 0 0 
600.98 93.7 40.466732 -3.459332 590.9 3 5 93.9 0.703 0 0 0 
601.97 95.9 40.466709 -3.459019 590.6 3 5 94.9 1.055 0 0 0 
602.97 97.4 40.466694 -3.458702 590.5 3 5 93.5 1.406 0 0 0 
603.93 99.2 40.466686 -3.458371 590.6 3 5 93.5 1.406 0 0 0 
604.96 98.1 40.466675 -3.458055 591.6 3 5 93.2 0.352 0 0 0 
605.96 96.9 40.466660 -3.457740 592.1 3 5 92.8 0.703 0 0 0 
606.98 96.8 40.466644 -3.457424 591.7 3 5 92.5 0.703 0 0 0 
607.96 98.6 40.466629 -3.457109 590.2 3 5 92.1 0.703 1 0 0 
608.97 100.3 40.466621 -3.456778 589.3 3 5 92.1 0.352 1 0 0 
609.97 99.7 40.466618 -3.456448 589.2 3 5 92.1 0 0 0 0 
610.95 100.2 40.466606 -3.456108 589.1 3 5 91.8 0.352 0 0 0 
611.93 100.2 40.466599 -3.455780 589.0 3 5 91.8 0.352 0 0 0 
612.93 100.9 40.466591 -3.455450 588.8 3 5 91.8 0 0 0 0 
613.96 102.6 40.466591 -3.455115 588.4 3 5 91.1 0.703 0 0 0 
614.93 104.0 40.466595 -3.454774 588.4 3 5 90.4 1.406 0 0 0 
615.94 104.1 40.466595 -3.454433 588.4 3 5 90.0 1.055 0 0 0 
616.93 103.9 40.466599 -3.454093 587.9 3 5 89.3 1.055 0 0 0 
617.98 103.5 40.466606 -3.453751 588.1 3 5 88.6 1.406 0 0 0 
618.93 103.9 40.466614 -3.453413 589.0 3 5 87.9 1.406 2 1 0 
619.96 104.9 40.466629 -3.453075 589.4 3 5 86.5 2.109 0 1 0 
620.99 105.9 40.466648 -3.452728 589.2 3 5 85.4 2.461 0 1 0 
621.93 107.2 40.466671 -3.452384 588.3 3 5 85.1 1.406 0 1 0 
622.94 108.1 40.466694 -3.452030 587.8 3 5 85.4 0.352 0 1 0 
623.94 108.0 40.466717 -3.451675 587.3 3 5 85.4 0.352 0 1 0 
624.95 107.7 40.466736 -3.451327 587.8 3 5 85.8 0.352 0 1 0 
625.93 107.5 40.466759 -3.450975 588.0 3 5 85.4 0.352 1 1 0 
626.93 108.9 40.466785 -3.450622 588.1 3 5 85.1 0.703 0 1 0 
627.94 109.9 40.466808 -3.450265 587.7 3 5 85.1 0.352 0 1 0 
628.95 108.4 40.466831 -3.449906 586.9 3 5 84.7 0.352 0 1 0 
629.98 106.7 40.466854 -3.449560 586.7 3 5 84.4 0.703 0 1 0 
630.93 105.0 40.466881 -3.449221 585.9 3 5 84.4 0.352 0 1 0 
631.94 103.0 40.466908 -3.448888 585.5 3 5 84.0 0.352 0 1 0 
632.94 98.5 40.466934 -3.448570 585.0 3 5 83.7 0.703 0 1 0 
634.00 97.9 40.466965 -3.448253 584.7 3 5 84.0 0.352 0 1 0 
635.00 99.3 40.466995 -3.447936 584.8 3 5 84.0 0.352 0 1 0 
636.00 101.6 40.467026 -3.447600 585.1 3 5 83.7 0.352 0 1 0 
636.99 103.1 40.467056 -3.447266 586.6 3 5 83.3 0.703 0 1 0 
638.02 100.6 40.467087 -3.446938 587.5 3 5 83.7 0.352 0 1 0 
638.93 105.3 40.467110 -3.446592 587.8 3 5 84.0 0.703 1 1 0 
639.93 103.9 40.467133 -3.446251 587.8 3 5 83.7 0.352 0 1 0 
640.94 104.2 40.467163 -3.445909 586.4 3 5 83.7 0.352 0 1 0 
642.00 106.5 40.467197 -3.445564 585.0 3 5 83.0 0.703 0 1 0 
642.93 108.2 40.467228 -3.445215 585.8 3 5 84.0 1.055 0 1 0 
643.97 110.1 40.467247 -3.444860 586.2 3 5 84.0 1.055 0 1 0 
644.95 110.9 40.467274 -3.444504 586.1 3 5 84.0 0 0 1 0 
645.93 112.5 40.467312 -3.444138 586.8 3 5 83.7 0.352 0 1 0 
646.94 112.9 40.467339 -3.443762 586.6 3 5 83.7 0.352 0 1 0 
648.02 113.8 40.467369 -3.443393 586.6 3 5 83.7 0 0 1 0 
649.02 113.6 40.467407 -3.443029 587.0 4 5 83.3 0.352 0 1 0 
649.98 114.9 40.467442 -3.442652 587.1 3 5 83.0 0.703 0 1 0 
651.00 118.2 40.467476 -3.442266 587.3 4 5 80.9 2.461 0 1 0 
652.03 117.0 40.467522 -3.441887 587.4 3 5 80.2 2.812 0 1 0 
652.93 118.7 40.467575 -3.441509 587.3 4 5 80.2 0.703 0 1 0 
653.96 120.1 40.467621 -3.441122 587.6 4 5 79.5 0.703 0 1 0 
654.95 121.2 40.467674 -3.440741 588.2 4 5 79.8 0.352 2 1 0 
655.97 122.1 40.467728 -3.440350 588.4 3 5 79.5 0.352 0 1 0 
656.95 122.8 40.467785 -3.439955 589.3 3 5 78.4 1.406 0 0 0 
657.95 122.8 40.467846 -3.439561 589.4 3 5 78.4 1.055 0 0 0 
658.97 123.4 40.467918 -3.439184 589.6 3 5 77.0 1.406 0 0 0 
659.93 123.2 40.467999 -3.438787 590.0 4 5 76.6 1.758 0 0 0 
660.95 124.8 40.468075 -3.438397 590.5 4 5 77.0 0.352 0 0 0 
661.95 124.7 40.468151 -3.438010 591.4 4 5 76.6 0.352 0 0 0 
662.95 125.5 40.468224 -3.437603 591.3 4 5 76.6 0.352 0 0 0 
663.96 126.4 40.468296 -3.437211 591.6 4 5 77.0 0.352 0 0 0 
664.96 125.8 40.468361 -3.436808 592.0 4 5 77.0 0.352 0 0 0 
665.95 128.2 40.468433 -3.436408 592.5 4 5 77.3 0.352 0 0 0 
666.95 128.8 40.468502 -3.435992 592.7 4 5 77.7 0.703 0 0 0 
668.09 126.9 40.468575 -3.435577 593.0 4 5 77.7 0.352 0 0 0 
668.96 125.2 40.468643 -3.435173 592.6 3 5 77.7 0 0 0 0 
669.95 123.9 40.468708 -3.434775 592.2 4 5 78.4 0.703 0 0 0 
670.94 126.5 40.468769 -3.434372 591.7 3 5 78.8 1.055 0 0 0 
672.00 126.8 40.468819 -3.433957 591.4 4 5 78.4 0.352 0 0 0 
672.95 128.3 40.468899 -3.433560 590.9 4 5 78.0 0.703 0 0 0 
673.96 124.6 40.468952 -3.433155 589.9 4 5 78.4 0.352 0 0 0 
674.93 118.7 40.469017 -3.432765 588.5 4 5 78.4 0.352 0 0 0 
675.95 116.3 40.469082 -3.432395 589.6 4 5 78.4 0 0 0 0 
676.96 115.6 40.469131 -3.432008 586.9 4 5 78.4 0 0 0 0 
678.01 114.4 40.469193 -3.431627 586.5 4 5 77.3 1.055 0 0 0 
678.94 114.3 40.469257 -3.431260 585.6 4 5 76.6 1.758 0 0 0 
679.93 117.2 40.469337 -3.430896 585.0 4 5 74.9 2.461 0 0 0 
680.93 118.3 40.469414 -3.430514 584.6 4 5 74.9 1.758 0 0 0 
681.93 120.5 40.469494 -3.430136 584.6 4 5 73.8 1.055 0 0 0 
682.93 121.3 40.469593 -3.429762 584.1 4 5 72.8 2.109 0 0 0 
683.98 120.4 40.469688 -3.429403 583.7 4 5 71.0 2.812 0 0 0 
684.95 122.9 40.469784 -3.429029 583.0 4 5 71.7 1.055 0 0 0 
685.93 124.4 40.469879 -3.428638 582.8 4 5 71.0 0.703 0 0 0 
686.94 126.0 40.469971 -3.428248 582.3 4 5 71.4 0.352 0 0 0 
687.94 127.0 40.470078 -3.427851 581.5 4 5 71.0 0.352 0 0 0 
688.96 126.5 40.470177 -3.427458 581.0 4 5 70.7 0.703 0 0 0 
689.93 128.2 40.470287 -3.427072 581.9 4 5 69.6 1.406 0 0 0 
690.93 130.0 40.470394 -3.426677 580.0 4 5 69.6 1.055 0 0 0 
691.94 130.5 40.470512 -3.426286 580.0 4 5 68.9 0.703 0 0 0 
692.95 129.6 40.470627 -3.425875 580.2 4 5 68.9 0.703 0 0 0 
693.94 129.4 40.470737 -3.425476 578.7 4 5 68.6 0.352 0 0 0 
694.96 129.1 40.470848 -3.425098 579.2 4 5 68.6 0.352 0 0 0 
695.96 125.8 40.470963 -3.424704 579.2 4 5 69.3 0.703 0 0 0 
696.94 124.6 40.471085 -3.424341 578.9 4 5 69.3 0.703 0 0 0 
697.95 126.1 40.471203 -3.423960 578.8 4 5 69.3 0 0 0 0 
699.00 127.4 40.471325 -3.423573 579.3 4 5 69.3 0 0 0 0 
699.94 128.3 40.471443 -3.423175 580.1 4 5 69.6 0.352 0 0 0 
700.94 128.7 40.471546 -3.422766 580.9 4 5 70.3 1.055 0 0 0 
701.94 128.2 40.471649 -3.422366 580.5 4 5 70.3 0.703 0 0 0 
702.96 125.5 40.471748 -3.421967 580.0 6 5 70.7 0.352 0 0 0 
703.94 123.0 40.471855 -3.421583 580.2 6 5 71.0 0.703 0 0 0 
704.95 120.9 40.471954 -3.421198 580.4 6 5 70.7 0.352 0 0 0 
705.94 118.3 40.472050 -3.420832 580.2 4 5 71.0 0.352 0 0 0 
706.96 117.4 40.472145 -3.420454 580.0 6 5 71.7 1.055 0 0 0 
708.00 117.5 40.472221 -3.420078 580.3 6 5 71.7 0.703 0 0 0 
708.94 116.2 40.472313 -3.419710 580.7 4 5 71.4 0.352 0 0 0 
709.94 116.0 40.472416 -3.419373 581.1 4 5 71.4 0.352 0 0 0 
710.94 115.0 40.472515 -3.419013 581.7 4 5 71.7 0.352 0 0 0 
711.94 114.5 40.472599 -3.418651 582.2 4 5 71.7 0.352 0 0 0 
712.94 115.4 40.472698 -3.418294 582.8 6 5 72.8 1.055 0 0 0 
713.95 115.4 40.472786 -3.417933 584.0 6 5 72.8 1.055 0 0 0 
714.95 113.5 40.472897 -3.417583 585.3 4 5 71.0 1.758 0 0 0 
715.94 117.3 40.472996 -3.417223 585.4 4 5 71.4 1.406 0 0 0 
717.05 113.5 40.473095 -3.416888 584.7 4 5 71.7 0.703 0 0 0 
717.94 113.5 40.473190 -3.416523 583.8 4 5 71.7 0.352 0 0 0 
718.95 114.0 40.473270 -3.416182 583.4 4 5 71.7 0 0 0 0 
719.98 114.3 40.473354 -3.415821 582.9 4 5 72.1 0.352 0 0 0 
721.02 113.1 40.473446 -3.415462 582.5 4 5 72.1 0.352 0 0 0 
721.94 111.8 40.473526 -3.415109 582.3 4 5 72.1 0 0 0 0 
722.95 113.1 40.473610 -3.414761 583.1 4 5 71.0 1.055 0 0 0 
723.94 116.4 40.473701 -3.414399 582.2 4 5 70.7 1.406 0 0 0 
724.95 116.2 40.473804 -3.414047 581.4 4 5 68.9 2.109 0 0 0 
725.94 116.5 40.473915 -3.413695 581.0 4 5 67.5 3.164 0 0 0 
726.95 116.5 40.474030 -3.413352 580.3 4 5 66.8 2.109 0 0 0 
727.96 116.5 40.474140 -3.412998 580.0 4 5 66.4 1.055 0 0 0 
728.99 117.1 40.474262 -3.412650 580.2 4 5 65.7 1.055 0 0 0 
730.01 116.0 40.474388 -3.412297 580.7 4 5 64.7 1.758 0 0 0 
730.95 114.0 40.474514 -3.411960 579.3 4 5 64.0 1.758 0 0 0 
732.00 113.3 40.474655 -3.411632 579.2 4 5 62.9 1.758 0 0 0 
732.93 110.7 40.474789 -3.411297 579.0 4 5 62.2 1.758 0 0 0 
734.02 111.8 40.474918 -3.410973 579.0 4 5 61.2 1.758 0 0 0 
735.06 111.3 40.475067 -3.410630 578.6 4 5 60.1 2.109 0 0 0 
735.94 111.8 40.475201 -3.410327 578.7 4 5 59.4 1.758 0 0 0 
736.95 113.7 40.475346 -3.410018 578.7 4 5 58.4 1.758 0 0 0 
738.05 115.3 40.475491 -3.409698 578.7 4 5 57.3 2.109 0 0 0 
738.93 117.1 40.475651 -3.409379 578.9 4 5 56.2 2.109 0 0 0 
739.96 118.7 40.475807 -3.409056 578.7 4 5 55.5 1.758 0 0 0 
740.99 120.6 40.475971 -3.408722 579.0 4 5 55.2 1.055 0 0 0 
741.93 121.9 40.476151 -3.408402 579.4 4 5 54.1 1.406 0 0 0 
742.94 123.1 40.476330 -3.408080 580.3 4 5 52.7 2.461 0 0 0 
743.94 124.1 40.476521 -3.407756 579.5 4 5 52.0 2.109 0 0 0 
744.98 125.4 40.476715 -3.407437 579.3 4 5 50.6 2.109 0 0 0 
746.00 126.7 40.476921 -3.407119 579.7 4 5 50.3 1.758 0 0 0 
746.93 127.3 40.477131 -3.406797 580.8 4 5 48.9 1.758 0 0 0 
747.93 127.4 40.477341 -3.406491 582.2 4 5 47.8 2.461 1 0 0 
748.96 127.5 40.477566 -3.406203 582.1 4 5 46.8 2.109 2 0 0 
750.00 127.1 40.477783 -3.405889 581.6 4 5 45.7 2.109 1 0 0 
750.96 124.1 40.478004 -3.405606 580.9 4 5 44.6 2.109 1 0 0 
751.99 125.0 40.478237 -3.405317 580.9 4 5 43.6 2.109 0 0 0 
752.93 125.0 40.478466 -3.405034 581.1 4 5 42.9 1.758 1 0 0 
753.98 123.8 40.478703 -3.404761 581.5 6 5 41.8 1.758 1 0 0 
754.93 122.1 40.478928 -3.404496 581.5 4 5 40.8 2.109 2 1 0 
755.94 122.3 40.479156 -3.404244 581.9 4 5 40.1 1.758 1 1 0 
756.94 123.2 40.479393 -3.403989 582.7 6 5 39.0 1.758 0 1 0 
757.96 122.8 40.479633 -3.403739 582.7 6 5 38.3 1.758 0 1 0 
758.94 120.5 40.479874 -3.403495 582.9 6 5 37.3 1.758 0 1 0 
760.00 116.5 40.480103 -3.403280 583.2 6 5 36.6 1.758 0 1 0 
760.93 115.4 40.480335 -3.403061 582.9 6 5 36.6 0.703 0 1 0 
761.94 111.7 40.480560 -3.402840 583.0 6 5 36.6 0 0 1 0 
762.95 110.0 40.480789 -3.402614 583.2 6 5 36.6 0 0 1 0 
764.01 108.1 40.481014 -3.402393 583.3 4 5 36.9 0.352 0 1 0 
764.96 106.2 40.481224 -3.402187 583.3 4 5 36.6 0.352 1 1 0 
766.11 100.8 40.481628 -3.401787 583.8 4 5 36.7 0.352 0 1 0 
766.94 100.8 40.481628 -3.401787 583.8 4 5 36.7 0.154 0 1 0 
767.96 100.4 40.481838 -3.401584 583.9 4 5 36.1 0.590 0 1 0 
768.94 100.2 40.482040 -3.401389 584.4 4 5 36.5 0.405 0 1 0 
769.95 99.2 40.482250 -3.401191 584.8 4 5 36.5 0.405 0 1 0 
770.94 99.4 40.482452 -3.400988 586.0 4 5 36.5 0 0 1 0 
771.94 100.8 40.482655 -3.400793 587.9 4 5 36.5 0 0 1 0 
772.96 102.6 40.482857 -3.400591 588.3 4 5 36.6 0.097 0 1 0 
773.95 105.1 40.483070 -3.400393 588.4 4 5 36.6 0.097 0 1 0 
774.95 104.5 40.483276 -3.400189 589.0 4 5 36.6 0 0 1 0 
775.98 104.1 40.483479 -3.399984 589.6 4 5 36.6 0 0 1 0 
776.94 105.4 40.483704 -3.399765 590.3 4 5 36.6 0 0 1 0 
777.94 105.4 40.483913 -3.399561 590.8 4 5 35.7 0.953 0 1 0 
778.94 100.8 40.484112 -3.399365 591.0 4 5 36.8 1.138 0 1 0 
779.95 94.3 40.484303 -3.399180 590.5 4 5 36.8 1.138 0 1 0 
780.96 95.1 40.484501 -3.399009 590.7 4 5 37.3 0.438 0 1 0 
781.96 94.2 40.484692 -3.398833 590.8 4 5 37.8 1.025 0 1 0 
782.95 92.7 40.484879 -3.398647 590.6 4 5 37.8 0.587 0 1 0 
783.98 94.9 40.485062 -3.398473 590.8 4 5 37.8 0 0 1 0 
784.95 95.8 40.485249 -3.398283 591.0 4 5 37.8 0 0 1 0 
786.03 97.1 40.485439 -3.398074 591.4 4 5 39.9 2.097 0 1 0 
786.94 95.3 40.485619 -3.397876 591.9 4 5 40.3 2.429 0 1 0 
787.95 94.6 40.485802 -3.397679 591.2 4 5 40.3 0.332 0 1 0 
788.93 95.3 40.485966 -3.397481 591.6 4 5 41.6 1.292 0 1 0 
789.95 96.9 40.486145 -3.397260 592.7 4 5 43.2 2.935 0 1 0 
790.95 98.6 40.486324 -3.397034 592.2 4 5 43.2 1.643 0 1 0 
791.94 100.2 40.486504 -3.396827 592.2 4 5 43.2 0 0 1 0 
793.03 100.2 40.486691 -3.396608 592.4 4 5 44.1 0.851 0 1 0 
793.93 100.3 40.486870 -3.396383 592.5 4 5 44.1 0.851 0 1 0 
794.94 101.3 40.487057 -3.396145 592.7 4 5 44.1 0 0 1 0 
795.93 102.2 40.487164 -3.395975 593.1 4 5 44.1 0 0 1 0 
797.12 103.2 40.487583 -3.395404 593.1 6 5 45.4 13.167 0 1 0 
797.93 103.2 40.487583 -3.395404 593.1 6 5 45.4 11.870 0 1 0 
798.95 100.4 40.487766 -3.395154 592.9 6 5 45.4 11.870 0 1 0 
799.93 100.9 40.487949 -3.394911 592.9 6 5 45.7 0.352 0 1 0 
800.94 100.5 40.488125 -3.394686 592.3 6 5 45.7 0.352 0 1 0 
802.01 102.0 40.488304 -3.394433 592.9 6 5 46.4 0.703 0 1 0 
802.95 103.5 40.488487 -3.394217 593.2 6 5 46.1 0.352 0 1 0 
803.99 103.3 40.488655 -3.393978 593.4 6 5 46.1 0.352 0 1 0 
804.96 107.2 40.488838 -3.393713 593.8 6 5 46.1 0 1 1 0 
805.97 107.8 40.489025 -3.393452 594.0 6 5 46.1 0 1 1 0 
806.96 109.4 40.489208 -3.393227 594.3 6 5 46.1 0 2 1 0 
807.95 111.5 40.489391 -3.392954 594.7 6 5 45.0 1.055 2 1 0 
808.94 112.9 40.489586 -3.392688 594.8 6 5 44.6 1.406 0 1 0 
809.95 114.4 40.489796 -3.392418 594.8 6 5 44.6 0.352 0 1 0 
810.94 115.5 40.489998 -3.392158 595.3 6 5 45.4 0.703 0 1 0 
811.95 116.8 40.490204 -3.391882 595.6 6 5 45.7 1.055 0 1 0 
812.93 118.4 40.490402 -3.391623 596.1 6 5 46.1 0.703 0 1 0 
813.95 119.6 40.490612 -3.391339 596.1 6 5 46.1 0.352 0 1 0 
814.95 120.9 40.490822 -3.391058 596.6 6 5 46.1 0 0 0 0 
815.93 115.0 40.491024 -3.390783 596.6 6 5 46.1 0 0 0 0 
816.96 112.8 40.491219 -3.390509 596.8 4 5 46.1 0 0 0 0 
818.04 107.1 40.491409 -3.390260 596.7 4 5 46.2 0.152 0 0 0 
818.98 106.6 40.491596 -3.390008 596.5 4 5 46.2 0.152 0 0 0 
819.95 105.9 40.491783 -3.389754 596.7 4 5 46.4 0.200 0 0 0 
820.94 104.2 40.491955 -3.389514 596.8 4 5 46.8 0.551 0 0 0 
821.94 104.1 40.492142 -3.389263 597.1 4 5 46.8 0.352 0 0 0 
822.95 103.8 40.492317 -3.389015 597.0 4 5 47.5 0.703 0 0 0 
823.98 104.1 40.492496 -3.388765 597.2 4 5 48.2 1.406 1 0 0 
825.00 103.2 40.492664 -3.388512 597.5 4 5 48.9 1.406 2 0 0 
825.95 101.5 40.492825 -3.388265 597.3 4 5 50.3 2.109 0 0 0 
826.95 103.1 40.492985 -3.388005 597.5 4 5 51.0 2.109 0 0 0 
827.94 104.2 40.493156 -3.387738 597.7 4 5 49.9 1.055 0 0 0 
828.95 105.7 40.493324 -3.387479 598.6 4 5 49.6 1.406 0 0 0 
829.93 105.0 40.493500 -3.387221 598.4 4 5 49.6 0.352 0 0 0 
830.96 105.4 40.493668 -3.386955 598.5 4 5 49.9 0.352 0 0 0 
831.97 105.5 40.493828 -3.386677 598.8 4 5 51.0 1.406 0 0 0 
832.93 103.5 40.493992 -3.386405 599.7 4 5 51.7 1.758 0 0 0 
833.98 104.5 40.494156 -3.386144 599.2 4 5 51.3 0.352 0 0 0 
834.96 104.5 40.494328 -3.385866 599.0 4 5 51.1 0.540 0 0 0 
835.96 104.3 40.494484 -3.385601 598.9 4 5 51.5 0.387 0 0 0 
836.95 103.0 40.494648 -3.385325 598.8 4 5 51.5 0.387 0 0 0 
837.97 105.4 40.494801 -3.385059 598.9 4 5 52.4 0.905 0 0 0 
838.96 105.8 40.494968 -3.384785 598.9 4 5 53.0 1.521 0 0 0 
839.93 106.1 40.495129 -3.384507 599.1 4 5 52.6 0.429 0 0 0 
840.97 108.4 40.495293 -3.384258 598.9 4 5 52.3 0.729 0 0 0 
841.96 108.1 40.495468 -3.383954 600.4 4 5 54.0 1.674 0 0 0 
842.95 107.0 40.495621 -3.383670 601.3 3 5 53.8 1.518 0 0 0 
843.94 106.6 40.495773 -3.383390 599.0 3 5 54.9 1.109 0 0 0 
844.95 108.6 40.495930 -3.383114 598.6 3 5 56.7 2.821 0 0 0 
845.95 110.3 40.496086 -3.382814 598.9 3 5 56.7 1.712 0 0 0 
846.94 111.8 40.496243 -3.382513 599.3 3 5 56.7 0 0 0 0 
847.95 112.8 40.496395 -3.382207 598.8 3 5 55.9 0.772 0 0 0 
848.97 112.0 40.496544 -3.381906 599.2 3 5 55.9 0.772 0 0 0 
849.96 112.0 40.496704 -3.381603 598.8 3 5 56.5 0.661 0 0 0 
850.93 113.4 40.496868 -3.381297 599.3 3 5 56.5 0.661 0 0 0 
851.95 114.9 40.497021 -3.380995 599.4 3 5 55.9 0.640 0 0 0 
852.96 116.4 40.497192 -3.380667 599.5 3 5 56.5 0.573 0 0 0 
853.96 114.9 40.497349 -3.380357 599.8 3 5 56.5 0.573 0 0 0 
854.95 111.4 40.497509 -3.380036 599.6 3 5 56.5 0 0 0 0 
855.96 108.8 40.497669 -3.379728 599.4 3 5 56.5 0 0 0 0 
856.94 107.9 40.497818 -3.379446 599.2 3 5 56.3 0.210 0 0 0 
857.93 106.5 40.497963 -3.379159 599.4 3 5 56.3 0.210 0 0 0 
858.95 107.4 40.498116 -3.378859 599.2 3 5 55.9 0.332 0 0 0 
859.95 108.1 40.498272 -3.378572 599.6 3 5 55.9 0.332 1 0 0 
860.97 109.2 40.498425 -3.378257 600.0 4 5 55.9 0 1 1 0 
862.02 108.4 40.498577 -3.377946 600.0 4 5 55.6 0.365 0 1 0 
862.95 107.5 40.498726 -3.377647 600.2 3 5 56.2 0.622 0 1 0 
863.93 107.3 40.498875 -3.377362 600.3 3 5 56.2 0.622 0 1 0 
864.94 108.1 40.499023 -3.377073 600.6 3 5 56.2 0 1 1 0 
865.93 107.6 40.499168 -3.376791 600.6 3 5 56.2 0 0 1 0 
866.96 109.0 40.499325 -3.376490 600.8 3 5 57.0 0.762 0 0 0 
867.94 110.5 40.499466 -3.376197 601.0 3 5 57.0 0.762 0 0 0 
868.93 112.4 40.499622 -3.375884 601.2 3 5 57.0 0 0 0 0 
869.95 113.7 40.499786 -3.375561 601.5 3 5 56.7 0.286 0 0 0 
870.95 115.0 40.499935 -3.375243 601.7 3 5 56.7 0.286 0 0 0 
871.93 116.2 40.500099 -3.374929 602.0 3 5 55.9 0.767 0 0 0 
872.94 117.9 40.500248 -3.374614 602.3 4 5 55.9 0.767 0 0 0 
873.95 118.5 40.500408 -3.374290 602.5 4 5 57.9 2.006 0 0 0 
874.94 119.6 40.500572 -3.373960 603.0 4 5 57.9 2.006 0 0 0 
875.94 120.7 40.500732 -3.373623 604.1 3 5 57.7 0.237 0 0 0 
876.94 121.9 40.500893 -3.373309 603.4 3 5 57.7 0.237 0 0 0 
877.93 120.3 40.501053 -3.372956 603.2 3 5 57.7 0 0 0 0 
878.98 118.6 40.501213 -3.372609 603.5 4 5 57.7 0.054 0 0 0 
879.94 115.5 40.501369 -3.372282 603.2 4 5 57.7 0.054 0 0 0 
880.94 113.9 40.501522 -3.371973 603.4 4 5 57.7 0 0 0 0 
881.96 112.3 40.501663 -3.371665 603.4 3 5 57.4 0.311 1 0 0 
882.95 109.5 40.501812 -3.371353 603.6 3 5 57.4 0.311 1 1 0 
884.08 107.1 40.501957 -3.371064 604.2 3 5 57.4 0 2 1 0 
884.94 105.0 40.502087 -3.370771 603.9 3 5 57.4 0 0 1 0 
885.95 102.8 40.502213 -3.370479 603.4 3 5 54.2 3.222 0 1 0 
886.96 101.2 40.502338 -3.370205 603.0 3 5 55.2 2.215 0 1 0 
887.97 100.3 40.502464 -3.369911 603.0 3 5 57.8 3.579 0 1 0 
889.03 101.2 40.502590 -3.369632 603.0 3 5 58.4 3.244 0 1 0 
889.93 101.9 40.502724 -3.369344 603.5 3 5 57.5 0.980 0 1 0 
890.99 100.8 40.502853 -3.369060 603.5 3 5 57.9 0.508 0 1 0 
891.94 99.0 40.502979 -3.368781 603.7 3 5 57.9 0.472 1 1 0 
892.99 96.6 40.503105 -3.368509 603.6 3 5 57.9 0 2 1 0 
893.96 95.2 40.503227 -3.368237 603.4 3 5 57.9 0 0 1 0 
894.95 95.2 40.503345 -3.367969 603.6 3 5 58.6 0.636 0 1 0 
895.95 97.6 40.503471 -3.367699 604.1 3 5 57.9 0.677 0 1 0 
897.01 96.8 40.503590 -3.367439 604.2 3 5 57.9 0.677 0 1 0 
897.95 97.0 40.503716 -3.367171 604.0 3 5 58.3 0.444 0 1 0 
898.96 94.7 40.503841 -3.366920 603.9 3 5 58.3 0.444 0 1 0 
899.94 93.1 40.503963 -3.366662 604.1 3 5 57.8 0.512 0 1 0 
901.02 90.2 40.504082 -3.366386 603.9 3 5 58.3 0.475 0 1 0 
901.93 90.8 40.504204 -3.366134 604.1 3 5 58.3 0.475 0 1 0 
902.99 92.3 40.504326 -3.365871 603.8 3 5 58.3 0 0 1 0 
903.96 94.2 40.504444 -3.365615 604.0 3 5 60.1 1.800 0 1 0 
904.95 94.8 40.504574 -3.365356 604.0 4 5 61.9 3.627 0 1 0 
905.95 96.3 40.504692 -3.365058 604.1 4 5 63.4 3.334 0 1 0 
906.93 95.2 40.504791 -3.364787 604.0 4 5 64.4 2.448 0 1 0 
907.94 94.1 40.504894 -3.364496 603.8 4 5 65.9 2.426 0 1 0 
908.96 93.3 40.504978 -3.364218 604.2 4 5 67.6 3.220 0 1 0 
909.96 91.4 40.505074 -3.363950 606.2 3 5 67.6 1.735 1 1 0 
911.01 92.2 40.505146 -3.363669 606.6 3 5 69.0 1.366 1 1 0 
912.00 92.7 40.505219 -3.363379 606.2 3 5 71.8 4.204 0 1 0 
912.98 92.9 40.505295 -3.363101 605.3 3 5 72.5 3.554 0 1 0 
913.96 91.7 40.505356 -3.362809 604.4 4 5 72.5 0.716 0 1 0 
914.96 91.6 40.505421 -3.362501 603.5 4 5 75.3 2.766 0 1 0 
915.94 92.8 40.505463 -3.362231 603.1 4 5 76.1 3.538 1 1 0 
916.98 92.8 40.505524 -3.361917 602.8 6 5 78.4 3.116 2 1 0 
918.00 89.7 40.505566 -3.361622 602.3 6 5 80.2 4.102 1 2 0 
918.97 84.6 40.505596 -3.361346 601.5 6 5 82.6 4.219 1 2 0 
919.95 84.0 40.505604 -3.361064 601.0 4 5 86.8 6.680 0 2 0 
920.94 84.9 40.505615 -3.360792 601.0 4 5 88.6 5.977 0 2 0 
921.96 85.5 40.505615 -3.360515 600.9 4 5 88.9 2.109 0 2 0 
923.03 87.6 40.505627 -3.360227 600.7 4 5 88.6 0.352 0 2 0 
923.93 86.6 40.505634 -3.359926 600.4 4 5 89.6 1.055 0 2 0 
924.93 86.1 40.505642 -3.359640 600.2 4 5 89.3 0.703 0 1 0 
925.94 85.6 40.505642 -3.359350 599.9 4 5 91.4 2.109 1 1 0 
926.97 88.9 40.505638 -3.359059 599.6 4 5 90.0 1.406 2 2 0 
927.93 90.6 40.505642 -3.358763 599.9 4 5 90.7 0.703 2 2 0 
928.94 91.2 40.505634 -3.358464 600.1 4 5 92.8 2.812 0 2 0 
929.99 91.2 40.505619 -3.358168 600.3 3 5 94.9 4.219 0 2 0 
930.94 91.3 40.505592 -3.357867 600.2 3 5 96.0 3.164 0 2 0 
931.94 92.6 40.505566 -3.357564 600.5 3 5 96.3 1.406 0 2 0 
932.93 94.4 40.505539 -3.357253 600.7 3 5 96.7 0.703 0 2 0 
933.94 95.4 40.505512 -3.356949 600.8 3 5 96.0 0.703 0 2 0 
934.94 96.4 40.505489 -3.356640 601.8 3 5 96.7 0.703 0 2 0 
935.94 95.4 40.505466 -3.356334 602.5 3 5 96.7 0.703 0 2 0 
936.93 93.4 40.505440 -3.356030 601.6 3 5 96.7 0 0 2 0 
937.94 90.8 40.505409 -3.355728 601.9 3 5 96.7 0 0 2 0 
938.95 83.4 40.505386 -3.355447 601.8 3 5 96.7 0 0 2 0 
940.07 79.3 40.505356 -3.355180 601.6 3 5 97.0 0.352 0 2 0 
