11.18 -1.00 -1.00 0 57.9 
11.44 -1.00 -1.00 0 62.7 
11.64 -1.00 -1.00 0 62.7 
11.83 -1.00 -1.00 0 62.7 
12.10 -1.00 -1.00 0 62.7 
12.33 -1.00 -1.00 0 67.1 
12.52 -1.00 -1.00 0 67.1 
12.74 -1.00 -1.00 0 67.1 
12.95 -1.00 -1.00 0 67.1 
13.21 -1.00 -1.00 0 67.1 
13.38 -1.00 -1.00 0 66.1 
13.61 -1.00 -1.00 0 66.1 
13.79 -1.00 -1.00 0 66.1 
14.04 -1.00 -1.00 0 66.1 
14.26 -1.00 -1.00 0 66.1 
14.48 -1.00 -1.00 0 66.7 
14.71 -1.00 -1.00 0 66.7 
14.93 -1.00 -1.00 0 66.7 
15.11 -1.00 -1.00 0 66.7 
15.33 -1.00 -1.00 0 69.0 
15.56 -1.00 -1.00 0 69.0 
15.72 -1.00 -1.00 0 69.0 
15.96 -1.00 -1.00 0 69.0 
16.21 -1.00 -1.00 0 69.0 
16.39 -1.00 -1.00 0 73.1 
16.58 -1.00 -1.00 0 73.1 
16.79 -1.00 -1.00 0 73.1 
16.98 -1.00 -1.00 0 73.1 
17.22 -1.00 -1.00 0 73.1 
17.40 -1.00 -1.00 0 74.2 
17.58 -1.00 -1.00 0 74.2 
17.80 -1.00 -1.00 0 74.2 
17.96 -1.00 -1.00 0 74.2 
18.23 -1.00 -1.00 0 74.2 
18.38 -1.00 -1.00 0 72.3 
18.63 -1.00 -1.00 0 72.3 
18.80 -1.00 -1.00 0 72.3 
19.03 -1.00 -1.00 0 72.3 
19.22 -1.00 -1.00 0 72.3 
19.41 -1.00 -1.00 0 73.8 
19.58 -1.00 -1.00 0 73.8 
19.78 -1.00 -1.00 0 73.8 
20.00 -1.00 -1.00 0 73.8 
20.25 -1.00 -1.00 0 73.8 
20.46 -1.00 -1.00 0 75.6 
20.70 -1.00 -1.00 0 75.6 
21.16 -1.00 -1.00 0 75.6 
21.35 -1.00 -1.00 0 78.0 
21.56 -1.00 -1.00 0 78.0 
21.75 -1.00 -1.00 0 78.0 
21.93 -1.00 -1.00 0 78.0 
22.22 -1.00 -1.00 0 78.0 
22.43 -1.00 -1.00 0 80.0 
22.63 -1.00 -1.00 0 80.0 
22.88 -1.00 -1.00 0 80.0 
23.11 -1.00 -1.00 0 80.0 
23.36 -1.00 -1.00 0 81.6 
23.53 -1.00 -1.00 0 81.6 
23.76 -1.00 -1.00 0 81.6 
24.00 -1.00 -1.00 0 81.6 
24.18 -1.00 -1.00 0 81.6 
24.39 -1.00 -1.00 0 81.8 
24.60 -1.00 -1.00 0 81.8 
24.76 -1.00 -1.00 0 81.8 
24.97 -1.00 -1.00 0 81.8 
25.17 -1.00 -1.00 0 81.8 
25.34 -1.00 -1.00 0 86.4 
25.56 -1.00 -1.00 0 86.4 
25.72 -1.00 -1.00 0 86.4 
25.91 -1.00 -1.00 0 86.4 
26.14 -1.00 -1.00 0 86.4 
26.31 -1.00 -1.00 0 86.4 
26.50 -1.00 -1.00 0 86.4 
26.68 -1.00 -1.00 0 86.4 
26.89 -1.00 -1.00 0 86.4 
27.05 -1.00 -1.00 0 86.4 
27.28 -1.00 -1.00 0 86.4 
27.49 -1.00 -1.00 0 89.8 
27.67 -1.00 -1.00 0 89.8 
27.89 -1.00 -1.00 0 89.8 
28.05 -1.00 -1.00 0 89.8 
28.30 -1.00 -1.00 0 89.8 
28.46 -1.00 -1.00 0 89.2 
28.68 -1.00 -1.00 0 89.2 
28.89 -1.00 -1.00 0 89.2 
29.17 -1.00 -1.00 0 89.2 
29.34 -1.00 -1.00 0 94.3 
29.56 -1.00 -1.00 0 94.3 
29.73 -1.00 -1.00 0 94.3 
29.92 -1.00 -1.00 0 94.3 
30.19 -1.00 -1.00 0 94.3 
30.40 -1.00 -1.00 0 96.2 
30.56 -1.00 -1.00 0 96.2 
30.78 -1.00 -1.00 0 96.2 
31.01 -1.00 -1.00 0 96.2 
31.24 -1.00 -1.00 0 96.2 
31.42 -1.00 -1.00 0 98.2 
31.59 -1.00 -1.00 0 98.2 
31.81 -1.00 -1.00 0 98.2 
32.05 -1.00 -1.00 0 98.2 
32.30 -1.00 -1.00 0 98.2 
32.49 -1.00 -1.00 0 100.3 
32.69 -1.00 -1.00 0 100.3 
32.90 -1.00 -1.00 0 100.3 
33.10 -1.00 -1.00 0 100.3 
33.30 -1.00 -1.00 0 99.9 
33.48 -1.00 -1.00 0 99.9 
33.67 -1.00 -1.00 0 99.9 
33.85 -1.00 -1.00 0 99.9 
34.05 -1.00 -1.00 0 99.9 
34.28 -1.00 -1.00 0 99.9 
34.44 -1.00 -1.00 0 99.1 
34.65 -1.00 -1.00 0 99.1 
34.82 -1.00 -1.00 0 99.1 
34.98 -1.00 -1.00 0 99.1 
35.20 -1.00 -1.00 0 99.1 
35.38 -1.00 -1.00 0 97.4 
35.60 -1.00 -1.00 0 97.4 
35.81 -1.00 -1.00 0 97.4 
36.00 -1.00 -1.00 0 97.4 
36.24 -1.00 -1.00 0 97.4 
36.47 -1.00 -1.00 0 95.9 
36.63 -1.00 -1.00 0 95.9 
36.82 -1.00 -1.00 0 95.9 
37.01 -1.00 -1.00 0 95.9 
37.19 -1.00 -1.00 0 95.9 
37.40 -1.00 -1.00 0 93.1 
37.63 -1.00 -1.00 0 93.1 
37.80 -1.00 -1.00 0 93.1 
38.00 -1.00 -1.00 0 93.1 
38.25 -1.00 -1.00 0 93.1 
38.46 -1.00 -1.00 0 93.1 
38.62 -1.00 -1.00 0 93.1 
38.82 -1.00 -1.00 0 93.1 
38.99 -1.00 -1.00 0 93.1 
39.25 -1.00 -1.00 0 93.1 
39.44 -1.00 -1.00 0 92.9 
39.60 -1.00 -1.00 0 92.9 
39.80 -1.00 -1.00 1 92.9 
39.99 -1.00 -1.00 0 92.9 
40.26 -1.00 -1.00 1 92.9 
40.47 -1.00 -1.00 0 91.8 
40.64 -1.00 -1.00 0 91.8 
41.12 -1.00 -1.00 0 91.8 
41.33 -1.00 -1.00 0 93.0 
41.49 -1.00 -1.00 0 93.0 
41.71 -1.00 -1.00 0 93.0 
41.87 -1.00 -1.00 0 93.0 
42.05 -1.00 -1.00 0 93.0 
42.27 -1.00 -1.00 0 93.0 
42.41 -1.00 -1.00 0 90.5 
42.59 -1.00 -1.00 0 90.5 
42.87 -1.00 -1.00 0 90.5 
43.03 -1.00 -1.00 0 90.5 
43.27 -1.00 -1.00 0 90.5 
43.47 -1.00 -1.00 0 92.8 
43.65 -1.00 -1.00 0 92.8 
43.86 -1.00 -1.00 0 92.8 
44.03 -1.00 -1.00 0 92.8 
44.23 -1.00 -1.00 0 92.8 
44.43 -1.00 -1.00 0 93.8 
44.64 -1.00 -1.00 0 93.8 
44.80 -1.00 -1.00 0 93.8 
44.95 -1.00 -1.00 0 93.8 
45.16 -1.00 -1.00 0 93.8 
45.36 -1.00 -1.00 0 94.1 
45.60 -1.00 -1.00 0 94.1 
45.81 -1.00 -1.00 0 94.1 
45.96 -1.00 -1.00 0 94.1 
46.23 -1.00 -1.00 0 94.1 
46.44 -1.00 -1.00 0 92.8 
46.60 -1.00 -1.00 0 92.8 
46.77 -1.00 -1.00 0 92.8 
46.98 -1.00 -1.00 0 92.8 
47.17 -1.00 -1.00 0 92.8 
47.38 -1.00 -1.00 0 92.0 
47.54 -1.00 -1.00 0 92.0 
47.73 -1.00 -1.00 0 92.0 
47.94 -1.00 -1.00 0 92.0 
48.21 -1.00 -1.00 0 92.0 
48.36 -1.00 -1.00 0 91.5 
48.54 -1.00 -1.00 0 91.5 
48.73 -1.00 -1.00 0 91.5 
48.95 -1.00 -1.00 0 91.5 
49.13 -1.00 -1.00 0 91.5 
49.36 -1.00 -1.00 0 87.1 
49.54 -1.00 -1.00 0 87.1 
49.73 -1.00 -1.00 0 87.1 
49.92 -1.00 -1.00 0 87.1 
50.12 -1.00 -1.00 0 87.1 
50.29 -1.00 -1.00 0 84.7 
50.44 -1.00 -1.00 0 84.7 
50.64 -1.00 -1.00 0 84.7 
50.80 -1.00 -1.00 0 84.7 
51.00 -1.00 -1.00 0 84.7 
51.24 -1.00 -1.00 0 84.7 
51.44 -1.00 -1.00 0 83.7 
51.58 -1.00 -1.00 0 83.7 
51.77 -1.00 -1.00 0 83.7 
51.98 -1.00 -1.00 0 83.7 
52.17 -1.00 -1.00 0 83.7 
52.39 -1.00 -1.00 0 83.8 
52.57 -1.00 -1.00 0 83.8 
52.79 -1.00 -1.00 0 83.8 
52.99 -1.00 -1.00 0 83.8 
53.25 -1.00 -1.00 0 83.8 
53.41 -1.00 -1.00 0 81.4 
53.62 -1.00 -1.00 0 81.4 
53.85 -1.00 -1.00 0 81.4 
54.01 -1.00 -1.00 0 81.4 
54.26 -1.00 -1.00 0 81.4 
54.48 -1.00 -1.00 0 81.4 
54.64 -1.00 -1.00 0 81.4 
54.86 -1.00 -1.00 0 81.4 
55.04 -1.00 -1.00 0 81.4 
55.23 -1.00 -1.00 0 81.4 
55.45 -1.00 -1.00 0 81.0 
55.63 -1.00 -1.00 0 81.0 
55.88 -1.00 -1.00 0 81.0 
56.09 -1.00 -1.00 0 81.0 
56.28 -1.00 -1.00 0 81.0 
56.46 -1.00 -1.00 0 81.0 
56.64 -1.00 -1.00 0 81.0 
56.85 -1.00 -1.00 0 81.0 
57.05 -1.00 -1.00 0 81.0 
57.27 -1.00 -1.00 0 81.0 
57.44 -1.00 -1.00 0 80.9 
57.63 -1.00 -1.00 0 80.9 
57.82 -1.00 -1.00 0 80.9 
58.01 -1.00 -1.00 0 80.9 
58.23 -1.00 -1.00 0 80.9 
58.44 -1.00 -1.00 0 81.1 
58.64 -1.00 -1.00 0 81.1 
58.80 -1.00 -1.00 0 81.1 
59.02 -1.00 -1.00 0 81.1 
59.20 -1.00 -1.00 0 81.1 
59.40 -1.00 -1.00 0 80.7 
59.59 -1.00 -1.00 0 80.7 
59.80 -1.00 -1.00 0 80.7 
59.99 -1.00 -1.00 0 80.7 
60.24 -1.00 -1.00 0 80.7 
60.40 -1.00 -1.00 0 80.5 
60.61 -1.00 -1.00 0 80.5 
60.79 -1.00 -1.00 0 80.5 
60.99 -1.00 -1.00 0 80.5 
61.20 -1.00 -1.00 0 80.5 
61.38 -1.00 -1.00 0 80.2 
61.60 -1.00 -1.00 0 80.2 
61.77 -1.00 -1.00 0 80.2 
61.93 -1.00 -1.00 0 80.2 
62.19 -1.00 -1.00 0 80.2 
62.37 -1.00 -1.00 0 79.7 
62.56 -1.00 -1.00 0 79.7 
62.77 -1.00 -1.00 0 79.7 
62.99 -1.00 -1.00 0 79.7 
63.22 -1.00 -1.00 0 79.7 
63.42 -1.00 -1.00 0 79.8 
63.62 -1.00 -1.00 0 79.8 
63.80 -1.00 -1.00 0 79.8 
64.00 -1.00 -1.00 0 79.8 
64.22 -1.00 -1.00 0 79.8 
64.43 -1.00 -1.00 0 80.3 
64.62 -1.00 -1.00 0 80.3 
64.77 -1.00 -1.00 0 80.3 
65.00 -1.00 -1.00 0 80.3 
65.25 -1.00 -1.00 0 80.3 
65.42 -1.00 -1.00 0 79.8 
65.61 -1.00 -1.00 0 79.8 
65.81 -1.00 -1.00 0 79.8 
66.02 -1.00 -1.00 0 79.8 
66.21 -1.00 -1.00 0 79.8 
66.40 -1.00 -1.00 0 80.1 
66.57 -1.00 -1.00 0 80.1 
66.78 -1.00 -1.00 0 80.1 
67.00 -1.00 -1.00 0 80.1 
67.25 -1.00 -1.00 0 80.1 
67.44 -1.00 -1.00 0 79.8 
67.65 -1.00 -1.00 0 79.8 
67.84 -1.00 -1.00 0 79.8 
68.05 -1.00 -1.00 0 79.8 
68.31 -1.00 -1.00 0 79.8 
68.50 -1.00 -1.00 0 80.3 
68.69 -1.00 -1.00 0 80.3 
68.91 -1.00 -1.00 0 80.3 
69.16 -1.00 -1.00 0 80.3 
69.35 -1.00 -1.00 0 79.9 
69.51 -1.00 -1.00 0 79.9 
69.73 -1.00 -1.00 0 79.9 
69.88 -1.00 -1.00 0 79.9 
70.09 -1.00 -1.00 0 79.9 
70.31 -1.00 -1.00 0 80.4 
70.52 -1.00 -1.00 0 80.4 
70.72 -1.00 -1.00 0 80.4 
71.13 -1.00 -1.00 0 80.4 
71.35 -1.00 -1.00 0 80.6 
71.51 -1.00 -1.00 0 80.6 
71.75 -1.00 -1.00 0 80.6 
71.92 -1.00 -1.00 0 80.6 
72.19 -1.00 -1.00 0 80.6 
72.35 -1.00 -1.00 0 80.2 
72.56 -1.00 -1.00 0 80.2 
72.79 -1.00 -1.00 0 80.2 
72.97 -1.00 -1.00 0 80.2 
73.24 -1.00 -1.00 0 80.2 
73.43 -1.00 -1.00 0 80.6 
73.57 -1.00 -1.00 0 80.6 
73.79 -1.00 -1.00 0 80.6 
73.95 -1.00 -1.00 0 80.6 
74.24 -1.00 -1.00 0 80.6 
74.41 -1.00 -1.00 0 80.4 
74.60 -1.00 -1.00 0 80.4 
74.78 -1.00 -1.00 0 80.4 
74.94 -1.00 -1.00 0 80.4 
75.17 -1.00 -1.00 0 80.4 
75.34 -1.00 -1.00 0 80.4 
75.54 -1.00 -1.00 0 80.4 
75.71 -1.00 -1.00 0 80.4 
75.93 -1.00 -1.00 0 80.4 
76.18 -1.00 -1.00 0 80.4 
76.39 -1.00 -1.00 0 80.1 
76.59 -1.00 -1.00 0 80.1 
76.75 -1.00 -1.00 0 80.1 
76.96 -1.00 -1.00 0 80.1 
77.22 -1.00 -1.00 0 80.1 
77.43 -1.00 -1.00 0 77.7 
77.60 -1.00 -1.00 0 77.7 
77.79 -1.00 -1.00 0 77.7 
78.02 -1.00 -1.00 0 77.7 
78.29 -1.00 -1.00 0 77.7 
78.50 -1.00 -1.00 0 79.7 
78.68 -1.00 -1.00 0 79.7 
78.91 -1.00 -1.00 0 79.7 
79.12 -1.00 -1.00 0 79.7 
79.34 -1.00 -1.00 0 79.4 
79.53 -1.00 -1.00 0 79.4 
79.73 -1.00 -1.00 0 79.4 
79.89 -1.00 -1.00 0 79.4 
80.07 -1.00 -1.00 0 79.4 
80.28 -1.00 -1.00 0 79.4 
80.49 -1.00 -1.00 0 78.2 
80.65 -1.00 -1.00 0 78.2 
80.92 -1.00 -1.00 0 78.2 
81.14 -1.00 -1.00 0 78.2 
81.36 -1.00 -1.00 0 77.0 
81.52 -1.00 -1.00 0 77.0 
81.73 -1.00 -1.00 0 77.0 
81.92 -1.00 -1.00 0 77.0 
82.16 -1.00 -1.00 0 77.0 
82.33 -1.00 -1.00 0 74.3 
82.54 -1.00 -1.00 0 74.3 
82.75 -1.00 -1.00 0 74.3 
82.95 -1.00 -1.00 0 74.3 
83.20 -1.00 -1.00 0 74.3 
83.35 -1.00 -1.00 0 72.6 
83.57 -1.00 -1.00 0 72.6 
83.74 -1.00 -1.00 0 72.6 
83.94 -1.00 -1.00 0 72.6 
84.20 -1.00 -1.00 0 72.6 
84.38 -1.00 -1.00 0 72.2 
84.59 -1.00 -1.00 0 72.2 
84.83 -1.00 -1.00 0 72.2 
84.99 -1.00 -1.00 0 72.2 
85.27 -1.00 -1.00 0 72.2 
85.42 -1.00 -1.00 0 72.9 
85.60 -1.00 -1.00 0 72.9 
85.78 -1.00 -1.00 0 72.9 
86.01 -1.00 -1.00 0 72.9 
86.25 -1.00 -1.00 0 72.9 
86.42 -1.00 -1.00 0 73.6 
86.62 -1.00 -1.00 0 73.6 
86.83 -1.00 -1.00 0 73.6 
86.98 -1.00 -1.00 0 73.6 
87.27 -1.00 -1.00 0 73.6 
87.42 -1.00 -1.00 0 73.7 
87.59 -1.00 -1.00 0 73.7 
87.75 -1.00 -1.00 0 73.7 
87.95 -1.00 -1.00 0 73.7 
88.21 -1.00 -1.00 0 73.7 
88.41 -1.00 -1.00 0 74.8 
88.60 -1.00 -1.00 0 74.8 
88.79 -1.00 -1.00 0 74.8 
88.96 -1.00 -1.00 0 74.8 
89.19 -1.00 -1.00 0 74.8 
89.36 -1.00 -1.00 0 76.6 
89.56 -1.00 -1.00 0 76.6 
89.76 -1.00 -1.00 0 76.6 
89.95 -1.00 -1.00 0 76.6 
90.19 -1.00 -1.00 0 76.6 
90.36 -1.00 -1.00 0 78.1 
90.55 -1.00 -1.00 0 78.1 
90.71 -1.00 -1.00 0 78.1 
90.94 -1.00 -1.00 0 78.1 
91.18 -1.00 -1.00 0 78.1 
91.36 -1.00 -1.00 0 79.1 
91.59 -1.00 -1.00 0 79.1 
91.78 -1.00 -1.00 0 79.1 
91.94 -1.00 -1.00 0 79.1 
92.15 -1.00 -1.00 0 79.1 
92.35 -1.00 -1.00 0 80.4 
92.53 -1.00 -1.00 0 80.4 
92.69 -1.00 -1.00 0 80.4 
92.87 -1.00 -1.00 0 80.4 
93.07 -1.00 -1.00 0 80.4 
93.30 -1.00 -1.00 0 80.4 
93.46 -1.00 -1.00 0 81.5 
93.67 -1.00 -1.00 0 81.5 
93.82 -1.00 -1.00 0 81.5 
93.99 -1.00 -1.00 0 81.5 
94.22 -1.00 -1.00 0 81.5 
94.41 -1.00 -1.00 0 82.4 
94.61 -1.00 -1.00 0 82.4 
94.81 -1.00 -1.00 0 82.4 
95.01 -1.00 -1.00 0 82.4 
95.22 -1.00 -1.00 0 82.4 
95.37 -1.00 -1.00 0 83.4 
95.54 -1.00 -1.00 0 83.4 
95.67 -1.00 -1.00 0 83.4 
95.84 -1.00 -1.00 0 83.4 
96.00 -1.00 -1.00 0 83.4 
96.23 -1.00 -1.00 0 83.4 
96.44 -1.00 -1.00 0 84.7 
96.59 -1.00 -1.00 0 84.7 
96.73 -1.00 -1.00 0 84.7 
96.94 -1.00 -1.00 0 84.7 
97.12 -1.00 -1.00 0 84.7 
97.28 -1.00 -1.00 0 86.0 
97.45 -1.00 -1.00 0 86.0 
97.67 -1.00 -1.00 0 86.0 
97.85 -1.00 -1.00 0 86.0 
98.02 -1.00 -1.00 0 86.0 
98.21 -1.00 -1.00 0 86.0 
98.40 -1.00 -1.00 0 86.9 
98.61 -1.00 -1.00 0 86.9 
98.76 -1.00 -1.00 0 86.9 
98.93 -1.00 -1.00 0 86.9 
99.20 -1.00 -1.00 0 86.9 
99.36 -1.00 -1.00 0 85.9 
99.52 -1.00 -1.00 0 85.9 
99.67 -1.00 -1.00 0 85.9 
99.86 -1.00 -1.00 0 85.9 
100.07 -1.00 -1.00 0 85.9 
100.28 -1.00 -1.00 0 87.3 
100.46 -1.00 -1.00 0 87.3 
100.64 -1.00 -1.00 0 87.3 
101.07 -1.00 -1.00 0 87.3 
101.27 -1.00 -1.00 0 87.3 
101.45 -1.00 -1.00 0 88.5 
101.64 -1.00 -1.00 0 88.5 
101.84 -1.00 -1.00 0 88.5 
102.00 -1.00 -1.00 0 88.5 
102.22 -1.00 -1.00 0 88.5 
102.39 -1.00 -1.00 0 89.1 
102.59 -1.00 -1.00 0 89.1 
102.75 -1.00 -1.00 0 89.1 
102.94 -1.00 -1.00 0 89.1 
103.18 -1.00 -1.00 0 89.1 
103.32 -1.00 -1.00 0 90.0 
103.51 -1.00 -1.00 0 90.0 
103.71 -1.00 -1.00 0 90.0 
103.87 -1.00 -1.00 0 90.0 
104.06 -1.00 -1.00 0 90.0 
104.28 -1.00 -1.00 0 90.0 
104.43 -1.00 -1.00 0 90.3 
104.60 -1.00 -1.00 0 90.3 
104.76 -1.00 -1.00 0 90.3 
104.94 -1.00 -1.00 0 90.3 
105.18 -1.00 -1.00 0 90.3 
105.36 -1.00 -1.00 0 89.4 
105.51 -1.00 -1.00 0 89.4 
105.67 -1.00 -1.00 0 89.4 
105.86 -1.00 -1.00 0 89.4 
106.12 -1.00 -1.00 0 89.4 
106.28 -1.00 -1.00 0 89.0 
106.49 -1.00 -1.00 0 89.0 
106.67 -1.00 -1.00 0 89.0 
106.82 -1.00 -1.00 0 89.0 
106.97 -1.00 -1.00 0 89.0 
107.22 -1.00 -1.00 0 89.0 
107.36 -1.00 -1.00 0 88.3 
107.57 -1.00 -1.00 0 88.3 
107.72 -1.00 -1.00 0 88.3 
107.93 -1.00 -1.00 0 88.3 
108.12 -1.00 -1.00 0 88.3 
108.30 -1.00 -1.00 0 88.7 
108.50 -1.00 -1.00 0 88.7 
108.69 -1.00 -1.00 0 88.7 
108.85 -1.00 -1.00 0 88.7 
109.04 -1.00 -1.00 0 88.7 
109.25 -1.00 -1.00 0 88.7 
109.42 -1.00 -1.00 0 87.5 
109.57 -1.00 -1.00 0 87.5 
109.75 -1.00 -1.00 0 87.5 
109.92 -1.00 -1.00 0 87.5 
110.13 -1.00 -1.00 0 87.5 
110.32 -1.00 -1.00 0 87.1 
110.48 -1.00 -1.00 0 87.1 
110.66 -1.00 -1.00 0 87.1 
110.82 -1.00 -1.00 0 87.1 
111.16 -1.00 -1.00 0 87.1 
111.33 -1.00 -1.00 0 86.4 
111.47 -1.00 -1.00 0 86.4 
111.67 -1.00 -1.00 0 86.4 
111.82 -1.00 -1.00 0 86.4 
112.01 -1.00 -1.00 0 86.4 
112.24 -1.00 -1.00 0 86.4 
112.42 -1.00 -1.00 0 86.0 
112.61 -1.00 -1.00 0 86.0 
112.78 -1.00 -1.00 0 86.0 
112.94 -1.00 -1.00 0 86.0 
113.16 -1.00 -1.00 0 86.0 
113.36 -1.00 -1.00 0 85.2 
113.55 -1.00 -1.00 0 85.2 
113.69 -1.00 -1.00 0 85.2 
113.88 -1.00 -1.00 0 85.2 
114.03 -1.00 -1.00 0 85.2 
114.29 -1.00 -1.00 0 85.2 
114.48 -1.00 -1.00 0 86.0 
114.65 -1.00 -1.00 0 86.0 
114.83 -1.00 -1.00 0 86.0 
114.97 -1.00 -1.00 0 86.0 
115.23 -1.00 -1.00 0 86.0 
115.42 -1.00 -1.00 0 86.0 
115.56 -1.00 -1.00 0 86.0 
115.71 -1.00 -1.00 0 86.0 
115.91 -1.00 -1.00 0 86.0 
116.07 -1.00 -1.00 0 86.0 
116.22 -1.00 -1.00 0 86.0 
116.41 -1.00 -1.00 0 85.0 
116.56 -1.00 -1.00 0 85.0 
116.75 -1.00 -1.00 0 85.0 
116.93 -1.00 -1.00 0 85.0 
117.13 -1.00 -1.00 0 85.0 
117.34 -1.00 -1.00 0 85.8 
117.53 -1.00 -1.00 0 85.8 
117.74 -1.00 -1.00 0 85.8 
117.93 -1.00 -1.00 0 85.8 
118.15 -1.00 -1.00 0 85.8 
118.33 -1.00 -1.00 0 85.8 
118.49 -1.00 -1.00 0 85.8 
118.67 -1.00 -1.00 0 85.8 
118.87 -1.00 -1.00 0 85.8 
119.04 -1.00 -1.00 0 85.8 
119.25 -1.00 -1.00 0 85.8 
119.46 -1.00 -1.00 0 85.6 
119.62 -1.00 -1.00 0 85.6 
119.80 -1.00 -1.00 1 85.6 
119.97 -1.00 -1.00 0 85.6 
120.16 -1.00 -1.00 0 85.6 
120.34 -1.00 -1.00 0 85.9 
120.52 -1.00 -1.00 0 85.9 
120.71 -1.00 -1.00 0 85.9 
120.95 -1.00 -1.00 0 85.9 
121.18 -1.00 -1.00 0 85.9 
121.34 -1.00 -1.00 0 85.6 
121.52 -1.00 -1.00 0 85.6 
121.67 -1.00 -1.00 0 85.6 
121.89 -1.00 -1.00 1 85.6 
122.08 -1.00 -1.00 1 85.6 
122.31 -1.00 -1.00 0 85.6 
122.47 -1.00 -1.00 0 86.1 
122.65 -1.00 -1.00 0 86.1 
122.81 -1.00 -1.00 0 86.1 
123.02 -1.00 -1.00 0 86.1 
123.23 -1.00 -1.00 0 86.1 
123.44 -1.00 -1.00 0 85.9 
123.65 -1.00 -1.00 0 85.9 
123.83 -1.00 -1.00 0 85.9 
124.00 -1.00 -1.00 0 85.9 
124.24 -1.00 -1.00 0 85.9 
124.43 -1.00 -1.00 0 85.4 
124.57 -1.00 -1.00 0 85.4 
124.77 -1.00 -1.00 0 85.4 
124.97 -1.00 -1.00 0 85.4 
125.20 -1.00 -1.00 0 85.4 
125.40 -1.00 -1.00 0 86.1 
125.60 -1.00 -1.00 0 86.1 
125.78 -1.00 -1.00 0 86.1 
126.01 -1.00 -1.00 0 86.1 
126.25 -1.00 -1.00 0 86.1 
126.45 -1.00 -1.00 0 86.3 
126.61 -1.00 -1.00 0 86.3 
126.82 -1.00 -1.00 0 86.3 
126.98 -1.00 -1.00 0 86.3 
127.22 -1.00 -1.00 0 86.3 
127.38 -1.00 -1.00 0 87.4 
127.59 -1.00 -1.00 0 87.4 
127.75 -1.00 -1.00 0 87.4 
127.95 -1.00 -1.00 0 87.4 
128.17 -1.00 -1.00 0 87.4 
128.38 -1.00 -1.00 0 87.7 
128.55 -1.00 -1.00 0 87.7 
128.79 -1.00 -1.00 0 87.7 
128.94 -1.00 -1.00 0 87.7 
129.19 -1.00 -1.00 0 87.7 
129.34 -1.00 -1.00 0 86.0 
129.54 -1.00 -1.00 0 86.0 
129.72 -1.00 -1.00 0 86.0 
129.94 -1.00 -1.00 0 86.0 
130.18 -1.00 -1.00 0 86.0 
130.38 -1.00 -1.00 0 86.9 
130.60 -1.00 -1.00 0 86.9 
130.81 -1.00 -1.00 0 86.9 
131.03 -1.00 -1.00 0 86.9 
131.31 -1.00 -1.00 0 86.9 
131.47 -1.00 -1.00 0 87.2 
131.69 -1.00 -1.00 0 87.2 
131.89 -1.00 -1.00 0 87.2 
132.10 -1.00 -1.00 0 87.2 
132.29 -1.00 -1.00 0 87.5 
132.46 -1.00 -1.00 0 87.5 
132.66 -1.00 -1.00 0 87.5 
132.85 -1.00 -1.00 0 87.5 
133.02 -1.00 -1.00 0 87.5 
133.25 -1.00 -1.00 0 87.5 
133.45 -1.00 -1.00 0 87.6 
133.65 -1.00 -1.00 0 87.6 
133.84 -1.00 -1.00 0 87.6 
134.11 -1.00 -1.00 0 87.6 
134.29 -1.00 -1.00 0 87.6 
134.49 -1.00 -1.00 0 87.6 
134.69 -1.00 -1.00 0 87.6 
134.85 -1.00 -1.00 0 87.6 
135.02 -1.00 -1.00 0 87.6 
135.25 -1.00 -1.00 0 87.6 
135.44 -1.00 -1.00 0 88.5 
135.64 -1.00 -1.00 0 88.5 
135.82 -1.00 -1.00 0 88.5 
135.96 -1.00 -1.00 0 88.5 
136.16 -1.00 -1.00 0 88.5 
136.36 -1.00 -1.00 0 88.3 
136.52 -1.00 -1.00 0 88.3 
136.72 -1.00 -1.00 0 88.3 
136.88 -1.00 -1.00 0 88.3 
137.15 -1.00 -1.00 0 88.3 
137.32 -1.00 -1.00 0 88.2 
137.54 -1.00 -1.00 0 88.2 
137.72 -1.00 -1.00 0 88.2 
137.94 -1.00 -1.00 0 88.2 
138.18 -1.00 -1.00 0 88.2 
138.34 -1.00 -1.00 0 88.9 
138.53 -1.00 -1.00 0 88.9 
138.68 -1.00 -1.00 0 88.9 
138.84 -1.00 -1.00 0 88.9 
139.05 -1.00 -1.00 0 88.9 
139.23 -1.00 -1.00 0 88.9 
139.43 -1.00 -1.00 0 89.3 
139.58 -1.00 -1.00 0 89.3 
139.79 -1.00 -1.00 0 89.3 
139.95 -1.00 -1.00 0 89.3 
140.14 -1.00 -1.00 0 89.3 
140.34 -1.00 -1.00 0 90.3 
140.54 -1.00 -1.00 0 90.3 
140.76 -1.00 -1.00 0 90.3 
140.92 -1.00 -1.00 0 90.3 
141.11 -1.00 -1.00 0 90.3 
141.31 -1.00 -1.00 0 89.6 
141.51 -1.00 -1.00 0 89.6 
141.67 -1.00 -1.00 0 89.6 
141.90 -1.00 -1.00 0 89.6 
142.06 -1.00 -1.00 0 89.6 
142.29 -1.00 -1.00 0 89.6 
142.46 -1.00 -1.00 0 90.7 
142.68 -1.00 -1.00 0 90.7 
142.86 -1.00 -1.00 0 90.7 
143.10 -1.00 -1.00 0 90.7 
143.31 -1.00 -1.00 0 91.5 
143.52 -1.00 -1.00 0 91.5 
143.69 -1.00 -1.00 0 91.5 
143.86 -1.00 -1.00 0 91.5 
144.02 -1.00 -1.00 0 91.5 
144.28 -1.00 -1.00 0 91.5 
144.47 -1.00 -1.00 0 91.8 
144.67 -1.00 -1.00 0 91.8 
144.87 -1.00 -1.00 0 91.8 
145.02 -1.00 -1.00 0 91.8 
145.25 -1.00 -1.00 0 91.8 
145.46 -1.00 -1.00 0 91.3 
145.63 -1.00 -1.00 0 91.3 
145.81 -1.00 -1.00 0 91.3 
146.00 -1.00 -1.00 0 91.3 
146.21 -1.00 -1.00 0 91.3 
146.43 -1.00 -1.00 0 92.1 
146.58 -1.00 -1.00 0 92.1 
146.76 -1.00 -1.00 0 92.1 
146.92 -1.00 -1.00 0 92.1 
147.20 -1.00 -1.00 0 92.1 
147.36 -1.00 -1.00 0 93.0 
147.58 -1.00 -1.00 0 93.0 
147.78 -1.00 -1.00 0 93.0 
147.95 -1.00 -1.00 0 93.0 
148.14 -1.00 -1.00 0 93.0 
148.32 -1.00 -1.00 0 94.5 
148.47 -1.00 -1.00 0 94.5 
148.65 -1.00 -1.00 0 94.5 
148.80 -1.00 -1.00 0 94.5 
149.01 -1.00 -1.00 0 94.5 
149.29 -1.00 -1.00 0 94.5 
149.47 -1.00 -1.00 0 95.7 
149.65 -1.00 -1.00 0 95.7 
149.82 -1.00 -1.00 0 95.7 
150.02 -1.00 -1.00 0 95.7 
150.26 -1.00 -1.00 0 95.7 
150.46 -1.00 -1.00 0 93.6 
150.67 -1.00 -1.00 0 93.6 
150.85 -1.00 -1.00 0 93.6 
151.29 -1.00 -1.00 0 93.6 
151.49 -1.00 -1.00 0 93.6 
151.67 -1.00 -1.00 0 93.6 
151.88 -1.00 -1.00 0 93.6 
152.13 -1.00 -1.00 0 93.6 
152.32 -1.00 -1.00 0 92.6 
152.50 -1.00 -1.00 0 92.6 
152.65 -1.00 -1.00 0 92.6 
152.87 -1.00 -1.00 0 92.6 
153.07 -1.00 -1.00 0 92.6 
153.28 -1.00 -1.00 0 92.6 
153.44 -1.00 -1.00 0 90.3 
153.65 -1.00 -1.00 0 90.3 
153.86 -1.00 -1.00 0 90.3 
154.02 -1.00 -1.00 0 90.3 
154.27 -1.00 -1.00 0 90.3 
154.47 -1.00 -1.00 0 89.7 
154.62 -1.00 -1.00 0 89.7 
154.82 -1.00 -1.00 0 89.7 
154.99 -1.00 -1.00 0 89.7 
155.24 -1.00 -1.00 0 89.7 
155.42 -1.00 -1.00 0 87.7 
155.58 -1.00 -1.00 0 87.7 
155.74 -1.00 -1.00 0 87.7 
155.93 -1.00 -1.00 0 87.7 
156.11 -1.00 -1.00 0 87.7 
156.28 -1.00 -1.00 0 88.8 
156.44 -1.00 -1.00 0 88.8 
156.63 -1.00 -1.00 0 88.8 
156.78 -1.00 -1.00 0 88.8 
156.98 -1.00 -1.00 0 88.8 
157.19 -1.00 -1.00 0 88.8 
157.37 -1.00 -1.00 0 88.2 
157.56 -1.00 -1.00 0 88.2 
157.74 -1.00 -1.00 0 88.2 
157.88 -1.00 -1.00 0 88.2 
158.03 -1.00 -1.00 0 88.2 
158.21 -1.00 -1.00 0 88.2 
158.37 -1.00 -1.00 0 87.7 
158.54 -1.00 -1.00 0 87.7 
158.67 -1.00 -1.00 0 87.7 
158.85 -1.00 -1.00 0 87.7 
159.00 -1.00 -1.00 0 87.7 
159.20 -1.00 -1.00 0 87.7 
159.39 -1.00 -1.00 0 87.2 
159.54 -1.00 -1.00 0 87.2 
159.70 -1.00 -1.00 0 87.2 
159.89 -1.00 -1.00 0 87.2 
160.10 -1.00 -1.00 0 87.2 
160.24 -1.00 -1.00 0 86.8 
160.44 -1.00 -1.00 0 86.8 
160.59 -1.00 -1.00 0 86.8 
160.79 -1.00 -1.00 0 86.8 
160.92 -1.00 -1.00 0 86.8 
161.30 -1.00 -1.00 0 86.5 
161.50 -1.00 -1.00 0 86.5 
161.68 -1.00 -1.00 0 86.5 
161.87 -1.00 -1.00 0 86.5 
162.01 -1.00 -1.00 0 86.5 
162.20 -1.00 -1.00 0 86.5 
162.40 -1.00 -1.00 0 86.3 
162.57 -1.00 -1.00 0 86.3 
162.77 -1.00 -1.00 0 86.3 
162.97 -1.00 -1.00 0 86.3 
163.14 -1.00 -1.00 0 86.3 
163.33 -1.00 -1.00 0 86.6 
163.50 -1.00 -1.00 0 86.6 
163.68 -1.00 -1.00 0 86.6 
163.87 -1.00 -1.00 0 86.6 
164.02 -1.00 -1.00 0 86.6 
164.26 -1.00 -1.00 0 86.6 
164.44 -1.00 -1.00 0 87.3 
164.61 -1.00 -1.00 0 87.3 
164.79 -1.00 -1.00 0 87.3 
164.97 -1.00 -1.00 0 87.3 
165.14 -1.00 -1.00 0 87.3 
165.33 -1.00 -1.00 0 87.3 
165.49 -1.00 -1.00 0 87.3 
165.68 -1.00 -1.00 1 87.3 
165.85 -1.00 -1.00 1 87.3 
166.04 -1.00 -1.00 1 87.3 
166.22 -1.00 -1.00 1 87.3 
166.39 -1.00 -1.00 2 87.0 
166.60 -1.00 -1.00 2 87.0 
166.83 -1.00 -1.00 2 87.0 
167.02 -1.00 -1.00 2 87.0 
167.30 -1.00 -1.00 2 87.0 
167.46 -1.00 -1.00 1 86.2 
167.67 -1.00 -1.00 1 86.2 
167.86 -1.00 -1.00 1 86.2 
168.03 -1.00 -1.00 1 86.2 
168.31 -1.00 -1.00 1 86.2 
168.51 -1.00 -1.00 1 86.2 
168.67 -1.00 -1.00 1 86.2 
168.87 -1.00 -1.00 1 86.2 
169.16 -1.00 -1.00 1 86.2 
169.38 -1.00 -1.00 1 85.0 
169.59 -1.00 -1.00 0 85.0 
169.77 -1.00 -1.00 0 85.0 
169.98 -1.00 -1.00 0 85.0 
170.27 -1.00 -1.00 0 85.0 
170.44 -1.00 -1.00 0 83.0 
170.61 -1.00 -1.00 0 83.0 
170.79 -1.00 -1.00 0 83.0 
171.29 -1.00 -1.00 1 83.0 
171.52 -1.00 -1.00 1 84.6 
171.72 -1.00 -1.00 1 84.6 
171.94 -1.00 -1.00 1 84.6 
172.18 -1.00 -1.00 1 84.6 
172.43 -1.00 -1.00 1 82.4 
172.64 -1.00 -1.00 1 82.4 
172.87 -1.00 -1.00 1 82.4 
173.16 -1.00 -1.00 1 82.4 
173.38 -1.00 -1.00 1 81.3 
173.63 -1.00 -1.00 1 81.3 
173.88 -1.00 -1.00 1 81.3 
174.06 -1.00 -1.00 1 81.3 
174.30 -1.00 -1.00 1 81.3 
174.52 -1.00 -1.00 1 81.2 
174.69 -1.00 -1.00 1 81.2 
174.92 -1.00 -1.00 1 81.2 
175.20 -1.00 -1.00 1 81.2 
175.40 -1.00 -1.00 1 80.8 
175.64 -1.00 -1.00 2 80.8 
175.90 -1.00 -1.00 1 80.8 
176.10 -1.00 -1.00 1 80.8 
176.33 -1.00 -1.00 1 81.8 
176.51 -1.00 -1.00 1 81.8 
176.70 -1.00 -1.00 1 81.8 
176.90 -1.00 -1.00 1 81.8 
177.14 -1.00 -1.00 1 81.8 
177.35 -1.00 -1.00 1 82.3 
177.56 -1.00 -1.00 1 82.3 
177.75 -1.00 -1.00 1 82.3 
177.91 18.91 0.83 1 82.3 
178.19 20.51 0.90 1 82.3 
178.35 22.08 0.96 1 82.5 
178.56 23.30 1.02 1 82.5 
178.71 24.57 1.07 1 82.5 
178.91 26.67 1.16 1 82.5 
179.17 27.97 1.22 1 82.5 
179.38 29.09 1.25 1 83.7 
179.54 31.87 1.37 1 83.7 
179.74 34.10 1.47 1 83.7 
179.95 34.60 1.49 1 83.7 
180.14 35.42 1.52 1 83.7 
180.34 35.74 1.52 1 84.6 
180.50 36.85 1.57 1 84.6 
180.71 38.97 1.66 1 84.6 
181.19 47.60 2.03 1 84.6 
181.35 49.64 2.10 1 85.0 
181.58 51.43 2.18 1 85.0 
181.78 55.21 2.34 1 85.0 
181.99 58.48 2.48 1 85.0 
182.17 60.16 2.55 1 85.0 
182.40 61.67 2.68 1 82.8 
182.60 -1.00 -1.00 1 82.8 
182.80 60.95 2.65 1 82.8 
183.02 59.98 2.61 2 82.8 
183.26 64.41 2.80 2 82.8 
183.45 -1.00 -1.00 2 83.7 
183.61 66.23 2.85 2 83.7 
183.84 75.43 3.24 2 83.7 
184.01 -1.00 -1.00 2 83.7 
184.23 -1.00 -1.00 2 83.7 
184.39 -1.00 -1.00 2 82.2 
184.54 -1.00 -1.00 2 82.2 
184.72 -1.00 -1.00 2 82.2 
184.89 20.97 0.92 2 82.2 
185.06 22.53 0.99 2 82.2 
185.26 24.11 1.06 2 82.2 
185.45 25.72 1.14 2 80.9 
185.60 27.81 1.24 2 80.9 
185.80 29.13 1.30 2 80.9 
186.00 30.62 1.36 1 80.9 
186.24 33.49 1.49 1 80.9 
186.39 35.22 1.57 1 80.7 
186.58 38.03 1.70 1 80.7 
186.73 39.67 1.77 1 80.7 
186.92 42.61 1.90 1 80.7 
187.16 45.08 2.01 1 80.7 
187.34 48.19 2.13 1 81.3 
187.50 50.86 2.25 1 81.3 
187.70 53.18 2.35 1 81.3 
187.88 56.41 2.50 1 81.3 
188.11 59.23 2.62 1 81.3 
188.28 63.23 2.82 1 80.7 
188.48 66.73 2.98 1 80.7 
188.68 69.82 3.11 1 80.7 
188.85 72.57 3.24 1 80.7 
189.11 75.04 3.35 1 80.7 
189.26 77.25 3.47 1 80.2 
189.48 79.24 3.56 1 80.2 
189.64 81.03 3.64 1 80.2 
189.86 82.64 3.71 1 80.2 
190.04 84.09 3.78 1 80.2 
190.28 85.39 3.83 1 80.2 
190.47 86.55 3.92 2 79.5 
190.69 87.59 3.97 2 79.5 
191.18 87.91 3.98 2 79.5 
191.40 88.78 4.04 2 79.2 
191.62 88.10 4.00 2 79.2 
191.86 87.43 3.97 2 79.2 
192.13 -1.00 -1.00 1 79.2 
192.33 -1.00 -1.00 1 80.4 
192.52 -1.00 -1.00 1 80.4 
192.73 -1.00 -1.00 1 80.4 
192.94 -1.00 -1.00 1 80.4 
193.22 -1.00 -1.00 1 80.4 
193.42 -1.00 -1.00 1 80.5 
193.62 -1.00 -1.00 1 80.5 
193.83 -1.00 -1.00 1 80.5 
194.01 -1.00 -1.00 1 80.5 
194.22 -1.00 -1.00 1 80.5 
194.38 -1.00 -1.00 1 80.2 
194.55 -1.00 -1.00 1 80.2 
194.74 -1.00 -1.00 1 80.2 
194.92 -1.00 -1.00 1 80.2 
195.11 -1.00 -1.00 1 80.2 
195.32 -1.00 -1.00 1 80.9 
195.48 -1.00 -1.00 1 80.9 
195.68 -1.00 -1.00 1 80.9 
195.87 -1.00 -1.00 1 80.9 
196.11 -1.00 -1.00 1 80.9 
196.28 -1.00 -1.00 1 79.9 
196.52 -1.00 -1.00 1 79.9 
196.71 -1.00 -1.00 1 79.9 
196.95 -1.00 -1.00 1 79.9 
197.24 -1.00 -1.00 1 79.9 
197.47 -1.00 -1.00 1 79.0 
197.65 -1.00 -1.00 1 79.0 
197.85 -1.00 -1.00 1 79.0 
198.12 -1.00 -1.00 1 79.0 
198.35 -1.00 -1.00 1 79.5 
198.52 31.86 1.44 1 79.5 
198.81 32.73 1.48 1 79.5 
199.01 33.88 1.53 1 79.5 
199.25 34.85 1.58 1 79.5 
199.47 35.67 1.61 1 79.6 
199.69 37.40 1.69 1 79.6 
199.96 37.83 1.71 1 79.6 
200.26 38.66 1.75 1 79.6 
200.45 39.90 1.84 1 77.9 
200.77 42.35 1.96 1 77.9 
201.26 -1.00 -1.00 1 77.9 
201.48 45.33 2.08 1 78.3 
201.68 -1.00 -1.00 1 78.3 
201.89 -1.00 -1.00 1 78.3 
202.16 -1.00 -1.00 1 78.3 
202.32 52.39 2.39 1 78.8 
202.62 53.90 2.46 1 78.8 
202.80 54.39 2.48 1 78.8 
202.98 54.79 2.50 1 78.8 
203.19 55.13 2.52 1 78.8 
203.43 55.41 2.54 1 78.6 
203.59 55.64 2.55 1 78.6 
203.80 55.82 2.56 1 78.6 
203.97 55.95 2.56 1 78.6 
204.21 56.04 2.57 1 78.6 
204.41 56.09 2.57 1 78.6 
204.62 56.99 2.61 1 78.6 
204.80 -1.00 -1.00 0 78.6 
205.12 -1.00 -1.00 0 78.6 
205.30 -1.00 -1.00 0 78.7 
205.51 -1.00 -1.00 0 78.7 
205.67 -1.00 -1.00 0 78.7 
205.90 -1.00 -1.00 0 78.7 
206.06 -1.00 -1.00 0 78.7 
206.27 -1.00 -1.00 0 78.7 
206.48 -1.00 -1.00 0 78.8 
206.68 -1.00 -1.00 0 78.8 
206.85 -1.00 -1.00 0 78.8 
207.12 -1.00 -1.00 0 78.8 
207.33 -1.00 -1.00 0 78.8 
207.53 -1.00 -1.00 0 78.8 
207.68 -1.00 -1.00 0 78.8 
207.90 -1.00 -1.00 0 78.8 
208.17 -1.00 -1.00 0 78.8 
208.32 -1.00 -1.00 0 78.9 
208.53 -1.00 -1.00 0 78.9 
208.69 -1.00 -1.00 0 78.9 
208.92 -1.00 -1.00 0 78.9 
209.10 -1.00 -1.00 0 78.9 
209.34 -1.00 -1.00 0 78.7 
209.49 -1.00 -1.00 0 78.7 
209.67 -1.00 -1.00 0 78.7 
209.88 -1.00 -1.00 0 78.7 
210.04 -1.00 -1.00 0 78.7 
210.28 -1.00 -1.00 0 78.7 
210.44 -1.00 -1.00 0 80.1 
210.63 -1.00 -1.00 0 80.1 
210.79 -1.00 -1.00 0 80.1 
211.01 -1.00 -1.00 0 80.1 
211.23 -1.00 -1.00 0 80.1 
211.41 -1.00 -1.00 0 79.2 
211.58 -1.00 -1.00 0 79.2 
211.78 -1.00 -1.00 0 79.2 
211.97 -1.00 -1.00 0 79.2 
212.17 -1.00 -1.00 0 79.2 
212.32 -1.00 -1.00 0 80.4 
212.54 -1.00 -1.00 0 80.4 
212.70 -1.00 -1.00 0 80.4 
212.91 -1.00 -1.00 0 80.4 
213.09 -1.00 -1.00 0 80.4 
213.33 -1.00 -1.00 0 80.4 
213.58 -1.00 -1.00 0 79.6 
213.72 -1.00 -1.00 0 79.6 
213.95 -1.00 -1.00 0 79.6 
214.16 -1.00 -1.00 0 79.6 
214.39 -1.00 -1.00 0 78.4 
214.56 -1.00 -1.00 0 78.4 
214.80 -1.00 -1.00 0 78.4 
214.97 -1.00 -1.00 0 78.4 
215.24 -1.00 -1.00 0 78.4 
215.44 -1.00 -1.00 0 80.3 
215.63 -1.00 -1.00 0 80.3 
215.86 -1.00 -1.00 0 80.3 
216.04 -1.00 -1.00 0 80.3 
216.27 -1.00 -1.00 0 80.3 
216.43 -1.00 -1.00 0 80.2 
216.60 -1.00 -1.00 0 80.2 
216.80 -1.00 -1.00 0 80.2 
217.03 -1.00 -1.00 0 80.2 
217.29 -1.00 -1.00 0 80.2 
217.48 -1.00 -1.00 0 80.8 
217.64 -1.00 -1.00 0 80.8 
217.83 -1.00 -1.00 0 80.8 
218.03 -1.00 -1.00 0 80.8 
218.29 -1.00 -1.00 0 80.8 
218.48 -1.00 -1.00 0 79.5 
218.70 -1.00 -1.00 0 79.5 
218.88 -1.00 -1.00 0 79.5 
219.16 -1.00 -1.00 0 79.5 
219.37 -1.00 -1.00 0 79.5 
219.58 -1.00 -1.00 0 79.5 
219.74 -1.00 -1.00 0 79.5 
219.97 -1.00 -1.00 0 79.5 
220.17 -1.00 -1.00 0 79.5 
220.40 -1.00 -1.00 0 80.7 
220.57 -1.00 -1.00 0 80.7 
220.77 -1.00 -1.00 0 80.7 
221.00 -1.00 -1.00 0 80.7 
221.21 -1.00 -1.00 0 80.7 
221.40 -1.00 -1.00 0 79.5 
221.61 -1.00 -1.00 0 79.5 
221.80 -1.00 -1.00 0 79.5 
222.03 -1.00 -1.00 0 79.5 
222.30 -1.00 -1.00 0 79.5 
222.50 -1.00 -1.00 0 79.7 
222.72 -1.00 -1.00 0 79.7 
222.94 -1.00 -1.00 0 79.7 
223.15 -1.00 -1.00 0 79.7 
223.39 -1.00 -1.00 0 78.8 
223.59 -1.00 -1.00 0 78.8 
223.83 -1.00 -1.00 0 78.8 
224.10 -1.00 -1.00 0 78.8 
224.30 -1.00 -1.00 0 77.9 
224.51 -1.00 -1.00 0 77.9 
224.76 -1.00 -1.00 0 77.9 
225.01 -1.00 -1.00 0 77.9 
225.30 -1.00 -1.00 0 77.9 
225.49 -1.00 -1.00 0 75.9 
225.75 -1.00 -1.00 0 75.9 
226.00 -1.00 -1.00 0 75.9 
226.22 -1.00 -1.00 0 75.9 
226.48 -1.00 -1.00 0 76.9 
226.67 -1.00 -1.00 0 76.9 
226.92 -1.00 -1.00 0 76.9 
227.21 -1.00 -1.00 0 76.9 
227.43 -1.00 -1.00 0 77.1 
227.61 -1.00 -1.00 0 77.1 
227.86 -1.00 -1.00 0 77.1 
228.03 -1.00 -1.00 0 77.1 
228.31 -1.00 -1.00 0 77.1 
228.55 -1.00 -1.00 0 76.3 
228.71 -1.00 -1.00 0 76.3 
228.96 -1.00 -1.00 0 76.3 
229.19 -1.00 -1.00 0 76.3 
229.38 -1.00 -1.00 0 76.2 
229.61 -1.00 -1.00 0 76.2 
229.84 -1.00 -1.00 0 76.2 
230.10 -1.00 -1.00 0 76.2 
230.34 -1.00 -1.00 0 76.0 
230.57 -1.00 -1.00 0 76.0 
230.75 -1.00 -1.00 0 76.0 
231.25 -1.00 -1.00 0 76.0 
231.41 -1.00 -1.00 0 76.2 
231.61 -1.00 -1.00 0 76.2 
231.83 -1.00 -1.00 0 76.2 
232.03 -1.00 -1.00 0 76.2 
232.22 -1.00 -1.00 0 76.2 
232.44 -1.00 -1.00 0 76.2 
232.61 -1.00 -1.00 0 76.2 
232.86 -1.00 -1.00 0 76.2 
233.12 -1.00 -1.00 0 76.2 
233.37 -1.00 -1.00 0 76.2 
233.60 -1.00 -1.00 0 76.2 
233.86 -1.00 -1.00 0 76.2 
234.03 -1.00 -1.00 0 76.2 
234.30 -1.00 -1.00 0 76.2 
234.51 -1.00 -1.00 0 76.6 
234.78 -1.00 -1.00 0 76.6 
234.97 -1.00 -1.00 0 76.6 
235.28 -1.00 -1.00 0 76.6 
235.59 -1.00 -1.00 0 77.6 
235.82 -1.00 -1.00 0 77.6 
236.15 -1.00 -1.00 0 77.6 
236.37 -1.00 -1.00 0 76.4 
236.61 -1.00 -1.00 0 76.4 
236.80 -1.00 -1.00 0 76.4 
237.11 -1.00 -1.00 0 76.4 
237.36 -1.00 -1.00 0 77.0 
237.58 -1.00 -1.00 0 77.0 
237.86 -1.00 -1.00 0 77.0 
238.11 -1.00 -1.00 0 77.0 
238.38 -1.00 -1.00 0 78.1 
238.63 -1.00 -1.00 0 78.1 
238.82 -1.00 -1.00 0 78.1 
239.13 -1.00 -1.00 0 78.1 
239.36 -1.00 -1.00 0 78.3 
239.52 -1.00 -1.00 0 78.3 
239.71 -1.00 -1.00 0 78.3 
239.93 -1.00 -1.00 0 78.3 
240.21 -1.00 -1.00 0 78.3 
240.40 -1.00 -1.00 0 78.3 
240.66 -1.00 -1.00 0 78.3 
240.82 -1.00 -1.00 0 78.3 
241.02 -1.00 -1.00 0 78.3 
241.27 -1.00 -1.00 0 78.3 
241.49 -1.00 -1.00 0 78.2 
241.70 -1.00 -1.00 0 78.2 
241.93 -1.00 -1.00 0 78.2 
242.21 -1.00 -1.00 0 78.2 
242.42 -1.00 -1.00 0 78.1 
242.65 -1.00 -1.00 0 78.1 
242.81 -1.00 -1.00 0 78.1 
243.06 -1.00 -1.00 0 78.1 
243.31 -1.00 -1.00 0 78.1 
243.56 -1.00 -1.00 0 79.3 
243.73 -1.00 -1.00 0 79.3 
243.98 -1.00 -1.00 0 79.3 
244.20 -1.00 -1.00 0 79.3 
244.42 -1.00 -1.00 0 79.5 
244.66 -1.00 -1.00 0 79.5 
244.85 -1.00 -1.00 0 79.5 
245.07 -1.00 -1.00 0 79.5 
245.33 -1.00 -1.00 0 79.5 
245.48 -1.00 -1.00 0 80.1 
245.73 -1.00 -1.00 0 80.1 
245.95 -1.00 -1.00 0 80.1 
246.19 -1.00 -1.00 0 80.1 
246.44 -1.00 -1.00 0 81.0 
246.67 -1.00 -1.00 0 81.0 
246.93 -1.00 -1.00 0 81.0 
247.23 -1.00 -1.00 0 81.0 
247.42 -1.00 -1.00 0 81.8 
247.61 -1.00 -1.00 0 81.8 
247.88 -1.00 -1.00 0 81.8 
248.11 -1.00 -1.00 0 81.8 
248.32 -1.00 -1.00 0 82.1 
248.56 -1.00 -1.00 0 82.1 
248.82 -1.00 -1.00 0 82.1 
249.02 -1.00 -1.00 0 82.1 
249.28 -1.00 -1.00 0 82.1 
249.50 -1.00 -1.00 0 83.6 
249.74 -1.00 -1.00 1 83.6 
250.01 -1.00 -1.00 0 83.6 
250.30 -1.00 -1.00 0 83.6 
250.55 -1.00 -1.00 0 82.7 
250.82 -1.00 -1.00 1 82.7 
251.18 -1.00 -1.00 1 82.7 
251.43 -1.00 -1.00 0 82.9 
251.64 -1.00 -1.00 0 82.9 
251.84 -1.00 -1.00 0 82.9 
252.15 -1.00 -1.00 0 82.9 
252.31 -1.00 -1.00 0 82.5 
252.47 -1.00 -1.00 0 82.5 
252.68 -1.00 -1.00 0 82.5 
252.89 -1.00 -1.00 0 82.5 
253.12 -1.00 -1.00 0 82.5 
253.36 -1.00 -1.00 0 82.3 
253.54 -1.00 -1.00 0 82.3 
253.74 -1.00 -1.00 0 82.3 
253.93 -1.00 -1.00 0 82.3 
254.15 -1.00 -1.00 0 82.3 
254.30 -1.00 -1.00 0 83.3 
254.47 -1.00 -1.00 0 83.3 
254.66 -1.00 -1.00 0 83.3 
254.82 -1.00 -1.00 0 83.3 
254.99 -1.00 -1.00 0 83.3 
255.23 -1.00 -1.00 0 83.3 
255.45 -1.00 -1.00 0 83.0 
255.63 -1.00 -1.00 0 83.0 
255.83 -1.00 -1.00 0 83.0 
256.07 -1.00 -1.00 0 83.0 
256.36 -1.00 -1.00 0 83.0 
256.54 -1.00 -1.00 0 84.0 
256.79 -1.00 -1.00 0 84.0 
257.02 -1.00 -1.00 0 84.0 
257.27 -1.00 -1.00 0 84.0 
257.51 -1.00 -1.00 0 82.0 
257.72 -1.00 -1.00 0 82.0 
257.94 -1.00 -1.00 0 82.0 
258.14 -1.00 -1.00 0 82.0 
258.38 -1.00 -1.00 0 85.5 
258.58 -1.00 -1.00 0 85.5 
258.80 -1.00 -1.00 0 85.5 
259.01 -1.00 -1.00 0 85.5 
259.26 -1.00 -1.00 0 85.5 
259.43 -1.00 -1.00 0 86.5 
259.66 -1.00 -1.00 0 86.5 
259.88 -1.00 -1.00 0 86.5 
260.14 -1.00 -1.00 0 86.5 
260.35 -1.00 -1.00 0 86.3 
260.54 -1.00 -1.00 0 86.3 
260.74 -1.00 -1.00 0 86.3 
260.98 -1.00 -1.00 0 86.3 
261.27 -1.00 -1.00 0 86.3 
261.46 -1.00 -1.00 0 83.6 
261.65 -1.00 -1.00 0 83.6 
261.87 -1.00 -1.00 0 83.6 
262.06 -1.00 -1.00 0 83.6 
262.30 -1.00 -1.00 0 83.6 
262.50 -1.00 -1.00 0 80.5 
262.74 -1.00 -1.00 0 80.5 
262.90 -1.00 -1.00 0 80.5 
263.12 -1.00 -1.00 0 80.5 
263.32 -1.00 -1.00 0 79.9 
263.53 -1.00 -1.00 0 79.9 
263.70 -1.00 -1.00 0 79.9 
263.89 -1.00 -1.00 0 79.9 
264.14 -1.00 -1.00 0 79.9 
264.35 -1.00 -1.00 0 78.4 
264.52 -1.00 -1.00 0 78.4 
264.75 -1.00 -1.00 0 78.4 
264.97 -1.00 -1.00 0 78.4 
265.16 -1.00 -1.00 0 78.4 
265.37 -1.00 -1.00 0 79.8 
265.64 -1.00 -1.00 0 79.8 
265.80 -1.00 -1.00 0 79.8 
266.01 4.15 0.19 1 79.8 
266.33 -1.00 -1.00 1 79.8 
266.55 -1.00 -1.00 0 82.3 
266.76 -1.00 -1.00 0 82.3 
266.99 -1.00 -1.00 0 82.3 
267.20 -1.00 -1.00 0 82.3 
267.42 -1.00 -1.00 0 81.7 
267.62 -1.00 -1.00 0 81.7 
267.82 -1.00 -1.00 0 81.7 
268.02 -1.00 -1.00 0 81.7 
268.26 -1.00 -1.00 0 81.7 
268.44 -1.00 -1.00 0 80.9 
268.60 -1.00 -1.00 0 80.9 
268.81 -1.00 -1.00 0 80.9 
268.98 -1.00 -1.00 0 80.9 
269.23 -1.00 -1.00 0 80.9 
269.41 -1.00 -1.00 0 82.1 
269.62 -1.00 -1.00 0 82.1 
269.79 -1.00 -1.00 0 82.1 
270.03 -1.00 -1.00 0 82.1 
270.23 -1.00 -1.00 0 82.1 
270.44 -1.00 -1.00 0 81.8 
270.65 -1.00 -1.00 0 81.8 
270.96 -1.00 -1.00 0 81.8 
271.22 -1.00 -1.00 0 81.8 
271.40 -1.00 -1.00 0 81.8 
271.59 -1.00 -1.00 0 81.8 
271.79 -1.00 -1.00 0 81.8 
272.03 -1.00 -1.00 0 81.8 
272.31 -1.00 -1.00 0 81.8 
272.54 -1.00 -1.00 0 83.1 
272.73 -1.00 -1.00 0 83.1 
272.98 -1.00 -1.00 0 83.1 
273.28 -1.00 -1.00 0 83.1 
273.44 -1.00 -1.00 0 81.2 
273.72 -1.00 -1.00 0 81.2 
273.91 -1.00 -1.00 0 81.2 
274.20 -1.00 -1.00 0 81.2 
274.38 -1.00 -1.00 0 79.2 
274.61 -1.00 -1.00 0 79.2 
274.87 -1.00 -1.00 0 79.2 
275.12 -1.00 -1.00 0 79.2 
275.41 -1.00 -1.00 0 79.6 
275.62 -1.00 -1.00 0 79.6 
275.87 -1.00 -1.00 0 79.6 
276.08 -1.00 -1.00 0 79.6 
276.34 -1.00 -1.00 0 79.6 
276.53 -1.00 -1.00 0 81.6 
276.77 -1.00 -1.00 0 81.6 
277.00 -1.00 -1.00 0 81.6 
277.26 -1.00 -1.00 0 81.6 
277.47 -1.00 -1.00 0 80.7 
277.67 -1.00 -1.00 0 80.7 
277.94 -1.00 -1.00 0 80.7 
278.16 -1.00 -1.00 0 80.7 
278.41 -1.00 -1.00 0 80.9 
278.65 -1.00 -1.00 0 80.9 
278.93 -1.00 -1.00 0 80.9 
279.23 -1.00 -1.00 0 80.9 
279.49 -1.00 -1.00 0 81.5 
279.72 -1.00 -1.00 0 81.5 
279.98 -1.00 -1.00 0 81.5 
280.24 -1.00 -1.00 0 81.5 
280.49 -1.00 -1.00 0 81.9 
280.72 -1.00 -1.00 0 81.9 
281.08 -1.00 -1.00 0 81.9 
281.29 -1.00 -1.00 0 83.1 
281.56 -1.00 -1.00 0 83.1 
281.81 -1.00 -1.00 0 83.1 
282.12 -1.00 -1.00 0 83.1 
282.38 -1.00 -1.00 0 84.0 
282.68 -1.00 -1.00 0 84.0 
282.91 -1.00 -1.00 0 84.0 
283.22 -1.00 -1.00 0 84.0 
283.49 -1.00 -1.00 0 82.9 
283.72 -1.00 -1.00 0 82.9 
283.98 -1.00 -1.00 0 82.9 
284.22 -1.00 -1.00 0 82.9 
284.50 -1.00 -1.00 0 81.1 
284.78 -1.00 -1.00 0 81.1 
285.10 -1.00 -1.00 0 81.1 
285.40 -1.00 -1.00 0 82.5 
285.71 -1.00 -1.00 0 82.5 
285.91 -1.00 -1.00 0 82.5 
286.24 -1.00 -1.00 0 82.5 
286.51 -1.00 -1.00 0 83.0 
286.77 -1.00 -1.00 0 83.0 
287.08 -1.00 -1.00 0 83.0 
287.35 -1.00 -1.00 0 83.0 
287.53 -1.00 -1.00 0 84.6 
287.82 -1.00 -1.00 0 84.6 
288.11 -1.00 -1.00 0 84.6 
288.37 -1.00 -1.00 0 85.8 
288.56 -1.00 -1.00 0 85.8 
288.79 -1.00 -1.00 0 85.8 
289.13 -1.00 -1.00 0 85.8 
289.34 -1.00 -1.00 0 87.4 
289.59 -1.00 -1.00 0 87.4 
289.86 -1.00 -1.00 0 87.4 
290.20 -1.00 -1.00 0 87.4 
290.45 -1.00 -1.00 0 85.8 
290.64 -1.00 -1.00 0 85.8 
291.21 -1.00 -1.00 0 85.8 
291.45 -1.00 -1.00 0 86.7 
291.71 -1.00 -1.00 0 86.7 
291.95 -1.00 -1.00 0 86.7 
292.21 -1.00 -1.00 0 86.7 
292.46 -1.00 -1.00 0 88.1 
292.69 -1.00 -1.00 0 88.1 
292.89 -1.00 -1.00 0 88.1 
293.16 -1.00 -1.00 0 88.1 
293.37 -1.00 -1.00 0 89.1 
293.63 -1.00 -1.00 0 89.1 
293.84 -1.00 -1.00 0 89.1 
294.14 -1.00 -1.00 0 89.1 
294.36 -1.00 -1.00 0 89.4 
294.64 -1.00 -1.00 0 89.4 
294.87 -1.00 -1.00 0 89.4 
295.22 -1.00 -1.00 0 89.4 
295.47 -1.00 -1.00 0 87.7 
295.69 -1.00 -1.00 0 87.7 
295.97 -1.00 -1.00 0 87.7 
296.34 -1.00 -1.00 0 87.7 
296.57 -1.00 -1.00 0 88.7 
296.82 -1.00 -1.00 0 88.7 
297.03 -1.00 -1.00 0 88.7 
297.27 -1.00 -1.00 0 88.7 
297.52 -1.00 -1.00 0 89.0 
297.70 -1.00 -1.00 0 89.0 
297.93 -1.00 -1.00 0 89.0 
298.28 -1.00 -1.00 0 89.0 
298.50 -1.00 -1.00 0 89.2 
298.71 -1.00 -1.00 0 89.2 
298.95 -1.00 -1.00 0 89.2 
299.25 -1.00 -1.00 0 89.2 
299.52 -1.00 -1.00 0 90.8 
299.71 -1.00 -1.00 0 90.8 
299.99 -1.00 -1.00 0 90.8 
300.34 -1.00 -1.00 0 90.8 
300.65 -1.00 -1.00 0 89.7 
300.86 -1.00 -1.00 0 89.7 
301.20 -1.00 -1.00 0 89.7 
301.48 -1.00 -1.00 0 90.1 
301.71 -1.00 -1.00 0 90.1 
301.94 -1.00 -1.00 0 90.1 
302.31 -1.00 -1.00 0 90.1 
302.60 -1.00 -1.00 0 90.2 
302.84 -1.00 -1.00 0 90.2 
303.19 -1.00 -1.00 0 90.2 
303.47 -1.00 -1.00 0 90.7 
303.69 -1.00 -1.00 0 90.7 
303.97 -1.00 -1.00 0 90.7 
304.33 -1.00 -1.00 0 90.7 
304.57 -1.00 -1.00 0 91.6 
304.85 -1.00 -1.00 0 91.6 
305.23 -1.00 -1.00 0 91.6 
305.44 -1.00 -1.00 0 92.2 
305.70 -1.00 -1.00 0 92.2 
305.95 -1.00 -1.00 0 92.2 
306.31 -1.00 -1.00 0 92.2 
306.58 -1.00 -1.00 0 93.4 
306.83 -1.00 -1.00 0 93.4 
307.11 -1.00 -1.00 0 93.4 
307.36 -1.00 -1.00 0 94.5 
307.59 -1.00 -1.00 0 94.5 
307.78 -1.00 -1.00 0 94.5 
308.14 -1.00 -1.00 0 94.5 
308.39 -1.00 -1.00 0 95.7 
308.64 -1.00 -1.00 0 95.7 
308.93 -1.00 -1.00 1 95.7 
309.28 -1.00 -1.00 1 95.7 
309.51 -1.00 -1.00 1 96.3 
309.81 -1.00 -1.00 1 96.3 
310.14 -1.00 -1.00 1 96.3 
310.46 -1.00 -1.00 1 97.2 
310.68 -1.00 -1.00 1 97.2 
311.36 -1.00 -1.00 1 97.2 
311.64 -1.00 -1.00 0 97.2 
311.92 -1.00 -1.00 0 97.2 
312.26 -1.00 -1.00 0 97.2 
312.54 -1.00 -1.00 0 97.3 
312.82 29.53 1.09 1 97.3 
313.14 -1.00 -1.00 1 97.3 
313.41 -1.00 -1.00 0 96.1 
313.66 -1.00 -1.00 0 96.1 
313.92 -1.00 -1.00 0 96.1 
314.23 -1.00 -1.00 0 96.1 
314.46 -1.00 -1.00 0 96.8 
314.70 -1.00 -1.00 0 96.8 
315.00 -1.00 -1.00 0 96.8 
315.30 -1.00 -1.00 0 96.8 
315.59 -1.00 -1.00 0 99.1 
315.91 -1.00 -1.00 0 99.1 
316.28 -1.00 -1.00 0 99.1 
316.61 -1.00 -1.00 0 97.9 
316.89 -1.00 -1.00 0 97.9 
317.31 -1.00 -1.00 0 97.9 
317.56 -1.00 -1.00 0 98.0 
317.77 -1.00 -1.00 0 98.0 
318.14 -1.00 -1.00 0 98.0 
318.42 -1.00 -1.00 0 98.1 
318.68 -1.00 -1.00 0 98.1 
319.05 -1.00 -1.00 0 98.1 
319.44 -1.00 -1.00 0 98.1 
319.73 -1.00 -1.00 0 98.0 
320.01 -1.00 -1.00 0 98.0 
320.37 -1.00 -1.00 0 98.0 
320.75 -1.00 -1.00 0 95.8 
321.02 -1.00 -1.00 0 95.8 
321.34 -1.00 -1.00 0 95.8 
321.56 -1.00 -1.00 0 95.8 
321.95 -1.00 -1.00 0 95.8 
322.25 -1.00 -1.00 0 95.8 
322.49 -1.00 -1.00 0 92.4 
322.77 -1.00 -1.00 0 92.4 
323.01 -1.00 -1.00 0 92.4 
323.32 -1.00 -1.00 0 92.4 
323.58 -1.00 -1.00 0 90.2 
323.81 -1.00 -1.00 0 90.2 
324.01 -1.00 -1.00 0 90.2 
324.35 -1.00 -1.00 0 90.2 
324.67 -1.00 -1.00 0 89.7 
324.98 -1.00 -1.00 0 89.7 
325.32 -1.00 -1.00 0 89.7 
325.52 -1.00 -1.00 0 88.1 
325.79 -1.00 -1.00 0 88.1 
326.16 -1.00 -1.00 0 88.1 
326.45 -1.00 -1.00 0 86.2 
326.73 -1.00 -1.00 0 86.2 
326.94 -1.00 -1.00 0 86.2 
327.34 -1.00 -1.00 0 86.2 
327.60 -1.00 -1.00 0 81.9 
327.87 -1.00 -1.00 0 81.9 
328.22 -1.00 -1.00 0 81.9 
328.52 -1.00 -1.00 0 81.3 
328.82 -1.00 -1.00 0 81.3 
329.13 -1.00 -1.00 0 81.3 
329.45 -1.00 -1.00 0 81.7 
329.67 -1.00 -1.00 0 81.7 
329.97 -1.00 -1.00 0 81.7 
330.32 -1.00 -1.00 0 81.7 
330.61 -1.00 -1.00 0 83.3 
331.27 -1.00 -1.00 0 83.3 
331.60 -1.00 -1.00 0 84.6 
331.86 -1.00 -1.00 0 84.6 
332.19 -1.00 -1.00 0 84.6 
332.46 -1.00 -1.00 0 86.0 
332.81 -1.00 -1.00 0 86.0 
333.16 -1.00 -1.00 0 86.0 
333.49 -1.00 -1.00 0 86.8 
333.90 -1.00 -1.00 0 86.8 
334.16 -1.00 -1.00 0 86.8 
334.46 -1.00 -1.00 0 89.6 
334.71 -1.00 -1.00 0 89.6 
334.94 -1.00 -1.00 0 89.6 
335.31 -1.00 -1.00 0 89.6 
335.59 -1.00 -1.00 0 90.1 
335.88 -1.00 -1.00 0 90.1 
336.30 -1.00 -1.00 0 90.1 
336.58 -1.00 -1.00 0 90.1 
336.87 -1.00 -1.00 0 90.1 
337.19 -1.00 -1.00 0 90.1 
337.50 -1.00 -1.00 0 88.6 
337.84 -1.00 -1.00 0 88.6 
338.15 -1.00 -1.00 0 88.6 
338.37 -1.00 -1.00 0 88.3 
338.70 -1.00 -1.00 0 88.3 
339.02 -1.00 -1.00 0 88.3 
339.26 -1.00 -1.00 0 88.3 
339.52 -1.00 -1.00 0 88.1 
339.84 -1.00 -1.00 0 88.1 
340.18 -1.00 -1.00 0 88.1 
340.43 -1.00 -1.00 0 88.0 
341.23 -1.00 -1.00 0 88.0 
341.54 -1.00 -1.00 0 88.1 
341.78 -1.00 -1.00 0 88.1 
342.02 -1.00 -1.00 0 88.1 
342.40 -1.00 -1.00 0 88.1 
342.70 -1.00 -1.00 0 88.5 
343.04 -1.00 -1.00 0 88.5 
343.34 -1.00 -1.00 0 88.5 
343.60 -1.00 -1.00 0 88.9 
343.90 -1.00 -1.00 0 88.9 
344.27 -1.00 -1.00 0 88.9 
344.56 -1.00 -1.00 0 88.3 
344.87 -1.00 -1.00 1 88.3 
345.28 -1.00 -1.00 1 88.3 
345.66 -1.00 -1.00 1 90.0 
345.92 -1.00 -1.00 0 90.0 
346.30 -1.00 -1.00 0 90.0 
346.55 -1.00 -1.00 0 86.5 
346.89 -1.00 -1.00 0 86.5 
347.21 -1.00 -1.00 0 86.5 
347.51 -1.00 -1.00 0 85.7 
347.85 -1.00 -1.00 0 85.7 
348.18 -1.00 -1.00 0 85.7 
348.42 -1.00 -1.00 0 84.2 
348.70 -1.00 -1.00 0 84.2 
349.00 -1.00 -1.00 0 84.2 
349.26 -1.00 -1.00 0 84.2 
349.56 -1.00 -1.00 0 83.5 
349.78 -1.00 -1.00 0 83.5 
350.04 -1.00 -1.00 0 83.5 
350.34 -1.00 -1.00 0 83.5 
350.66 -1.00 -1.00 0 82.4 
350.93 -1.00 -1.00 0 82.4 
351.30 -1.00 -1.00 0 82.4 
351.55 -1.00 -1.00 0 81.1 
351.95 -1.00 -1.00 0 81.1 
352.26 -1.00 -1.00 1 81.1 
352.55 -1.00 -1.00 1 80.6 
352.94 -1.00 -1.00 0 80.6 
353.19 -1.00 -1.00 0 80.6 
353.41 -1.00 -1.00 0 78.9 
353.70 -1.00 -1.00 0 78.9 
354.11 -1.00 -1.00 0 78.9 
354.41 -1.00 -1.00 0 81.4 
354.74 -1.00 -1.00 0 81.4 
355.08 -1.00 -1.00 0 81.4 
355.39 -1.00 -1.00 0 81.4 
355.61 -1.00 -1.00 0 81.8 
355.87 -1.00 -1.00 0 81.8 
356.18 -1.00 -1.00 0 81.8 
356.46 -1.00 -1.00 0 82.4 
356.74 -1.00 -1.00 0 82.4 
357.03 -1.00 -1.00 0 82.4 
357.40 -1.00 -1.00 0 82.4 
357.77 -1.00 -1.00 0 84.0 
358.07 -1.00 -1.00 0 84.0 
358.30 -1.00 -1.00 0 84.0 
358.57 -1.00 -1.00 0 86.5 
358.87 -1.00 -1.00 0 86.5 
359.17 -1.00 -1.00 0 86.5 
359.43 -1.00 -1.00 0 86.5 
359.64 -1.00 -1.00 0 86.5 
359.88 -1.00 -1.00 0 86.5 
360.20 -1.00 -1.00 0 86.5 
360.47 -1.00 -1.00 0 87.4 
360.73 -1.00 -1.00 0 87.4 
361.38 -1.00 -1.00 0 87.4 
361.61 -1.00 -1.00 0 88.2 
361.96 -1.00 -1.00 0 88.2 
362.36 -1.00 -1.00 0 88.2 
362.56 -1.00 -1.00 0 88.6 
362.87 -1.00 -1.00 0 88.6 
363.18 -1.00 -1.00 0 88.6 
363.59 -1.00 -1.00 0 86.5 
363.86 -1.00 -1.00 0 86.5 
364.26 -1.00 -1.00 0 86.5 
364.63 -1.00 -1.00 0 86.8 
364.95 -1.00 -1.00 0 86.8 
365.36 -1.00 -1.00 0 86.8 
365.71 -1.00 -1.00 0 85.6 
366.15 -1.00 -1.00 0 85.6 
366.48 -1.00 -1.00 0 86.3 
366.91 -1.00 -1.00 0 86.3 
367.25 -1.00 -1.00 0 86.3 
367.62 -1.00 -1.00 0 84.5 
368.04 -1.00 -1.00 0 84.5 
368.45 -1.00 -1.00 0 84.5 
368.82 -1.00 -1.00 0 84.1 
369.27 -1.00 -1.00 0 84.1 
369.61 -1.00 -1.00 0 83.4 
369.94 -1.00 -1.00 0 83.4 
370.37 -1.00 -1.00 0 83.4 
370.65 -1.00 -1.00 0 82.7 
371.32 -1.00 -1.00 0 82.7 
371.62 -1.00 -1.00 0 82.4 
371.87 -1.00 -1.00 0 82.4 
372.30 -1.00 -1.00 0 82.4 
372.60 -1.00 -1.00 0 81.8 
372.93 -1.00 -1.00 0 81.8 
373.30 -1.00 -1.00 0 81.8 
373.62 -1.00 -1.00 0 83.3 
373.90 -1.00 -1.00 0 83.3 
374.34 -1.00 -1.00 0 83.3 
374.69 -1.00 -1.00 0 83.8 
375.00 -1.00 -1.00 0 83.8 
375.37 -1.00 -1.00 0 83.8 
375.65 -1.00 -1.00 0 83.3 
375.95 -1.00 -1.00 0 83.3 
376.33 -1.00 -1.00 0 83.3 
376.66 -1.00 -1.00 0 82.7 
377.01 -1.00 -1.00 0 82.7 
377.44 -1.00 -1.00 0 82.7 
377.72 -1.00 -1.00 0 82.3 
378.14 -1.00 -1.00 1 82.3 
378.53 -1.00 -1.00 1 81.6 
378.88 -1.00 -1.00 1 81.6 
379.30 -1.00 -1.00 0 81.6 
379.53 -1.00 -1.00 0 81.5 
379.87 -1.00 -1.00 0 81.5 
380.19 -1.00 -1.00 0 81.5 
380.57 -1.00 -1.00 0 81.5 
380.97 -1.00 -1.00 0 81.5 
381.30 -1.00 -1.00 0 81.5 
381.66 -1.00 -1.00 0 81.6 
382.13 -1.00 -1.00 0 81.6 
382.47 -1.00 -1.00 0 82.5 
382.83 -1.00 -1.00 0 82.5 
383.06 -1.00 -1.00 0 82.5 
383.50 -1.00 -1.00 0 82.5 
383.77 -1.00 -1.00 0 83.6 
384.20 -1.00 -1.00 0 83.6 
384.49 -1.00 -1.00 0 84.3 
384.80 -1.00 -1.00 0 84.3 
385.15 -1.00 -1.00 0 84.3 
385.44 -1.00 -1.00 0 84.5 
385.80 -1.00 -1.00 0 84.5 
386.17 -1.00 -1.00 0 84.5 
386.45 -1.00 -1.00 0 83.4 
386.81 -1.00 -1.00 0 83.4 
387.20 -1.00 -1.00 0 83.4 
387.52 -1.00 -1.00 0 83.5 
387.85 -1.00 -1.00 0 83.5 
388.17 -1.00 -1.00 0 83.5 
388.53 -1.00 -1.00 0 83.8 
388.84 -1.00 -1.00 0 83.8 
389.12 -1.00 -1.00 0 83.8 
389.43 -1.00 -1.00 0 83.5 
389.77 -1.00 -1.00 0 83.5 
390.06 -1.00 -1.00 0 83.5 
390.37 -1.00 -1.00 0 83.5 
390.78 -1.00 -1.00 0 83.8 
391.24 -1.00 -1.00 0 83.8 
391.53 -1.00 -1.00 0 83.5 
391.87 -1.00 -1.00 0 83.5 
392.20 -1.00 -1.00 0 83.5 
392.53 -1.00 -1.00 0 83.6 
392.77 -1.00 -1.00 0 83.6 
393.20 -1.00 -1.00 0 83.6 
393.56 -1.00 -1.00 0 82.8 
393.92 -1.00 -1.00 0 82.8 
394.25 -1.00 -1.00 0 82.8 
394.62 -1.00 -1.00 0 83.5 
394.98 -1.00 -1.00 0 83.5 
395.34 -1.00 -1.00 0 83.5 
395.64 -1.00 -1.00 0 83.6 
395.93 -1.00 -1.00 0 83.6 
396.28 -1.00 -1.00 0 83.6 
396.52 -1.00 -1.00 0 83.8 
396.85 -1.00 -1.00 0 83.8 
397.16 -1.00 -1.00 0 83.8 
397.48 -1.00 -1.00 0 84.0 
397.70 -1.00 -1.00 0 84.0 
398.05 -1.00 -1.00 0 84.0 
398.47 -1.00 -1.00 0 84.0 
398.73 -1.00 -1.00 0 83.8 
399.07 -1.00 -1.00 0 83.8 
399.44 -1.00 -1.00 0 83.8 
399.83 -1.00 -1.00 0 83.7 
400.28 -1.00 -1.00 0 83.7 
400.59 -1.00 -1.00 0 84.3 
401.27 -1.00 -1.00 0 84.3 
401.58 -1.00 -1.00 0 84.5 
401.86 -1.00 -1.00 0 84.5 
402.25 -1.00 -1.00 0 84.5 
402.61 -1.00 -1.00 0 86.4 
402.84 -1.00 -1.00 0 86.4 
403.19 -1.00 -1.00 0 86.4 
403.50 -1.00 -1.00 0 85.0 
403.86 -1.00 -1.00 0 85.0 
404.20 -1.00 -1.00 0 85.0 
404.51 -1.00 -1.00 0 84.6 
404.84 -1.00 -1.00 0 84.6 
405.15 -1.00 -1.00 0 84.6 
405.41 -1.00 -1.00 0 84.6 
405.78 -1.00 -1.00 0 84.6 
405.99 -1.00 -1.00 0 84.6 
406.50 -1.00 -1.00 0 84.6 
406.76 -1.00 -1.00 0 84.1 
407.20 -1.00 -1.00 0 84.1 
407.54 -1.00 -1.00 0 84.0 
407.87 -1.00 -1.00 0 84.0 
408.22 -1.00 -1.00 0 84.0 
408.57 -1.00 -1.00 0 84.9 
408.85 -1.00 -1.00 0 84.9 
409.21 -1.00 -1.00 0 84.9 
409.48 -1.00 -1.00 0 82.8 
409.78 -1.00 -1.00 0 82.8 
410.26 -1.00 -1.00 0 82.8 
410.54 -1.00 -1.00 0 82.1 
410.97 -1.00 -1.00 0 82.1 
411.41 -1.00 -1.00 0 82.1 
411.74 -1.00 -1.00 0 81.5 
412.03 -1.00 -1.00 0 81.5 
412.35 -1.00 -1.00 0 81.5 
412.62 -1.00 -1.00 0 79.1 
412.85 -1.00 -1.00 0 79.1 
413.14 -1.00 -1.00 0 79.1 
413.39 -1.00 -1.00 0 79.8 
413.64 -1.00 -1.00 0 79.8 
413.89 -1.00 -1.00 0 79.8 
414.17 -1.00 -1.00 0 79.8 
414.42 -1.00 -1.00 0 79.4 
414.75 -1.00 -1.00 0 79.4 
415.02 -1.00 -1.00 0 79.4 
415.34 -1.00 -1.00 0 79.4 
415.59 -1.00 -1.00 0 78.5 
415.84 -1.00 -1.00 0 78.5 
416.12 -1.00 -1.00 0 78.5 
416.42 -1.00 -1.00 0 78.3 
416.64 -1.00 -1.00 0 78.3 
416.87 -1.00 -1.00 0 78.3 
417.14 -1.00 -1.00 0 78.3 
417.46 -1.00 -1.00 0 79.6 
417.66 -1.00 -1.00 0 79.6 
417.99 -1.00 -1.00 0 79.6 
418.31 -1.00 -1.00 0 79.6 
418.54 -1.00 -1.00 0 77.9 
418.77 -1.00 -1.00 0 77.9 
419.08 -1.00 -1.00 0 77.9 
419.37 -1.00 -1.00 0 77.9 
419.63 -1.00 -1.00 0 77.1 
419.86 -1.00 -1.00 0 77.1 
420.24 -1.00 -1.00 0 77.1 
420.42 -1.00 -1.00 0 76.7 
420.69 -1.00 -1.00 0 76.7 
421.20 -1.00 -1.00 0 76.7 
421.53 -1.00 -1.00 0 76.1 
421.81 -1.00 -1.00 0 76.1 
422.16 -1.00 -1.00 0 76.1 
422.40 -1.00 -1.00 0 77.1 
422.62 -1.00 -1.00 0 77.1 
422.84 -1.00 -1.00 0 77.1 
423.07 -1.00 -1.00 0 77.1 
423.36 -1.00 -1.00 0 77.1 
423.67 -1.00 -1.00 0 76.4 
424.02 -1.00 -1.00 0 76.4 
424.35 -1.00 -1.00 0 76.4 
424.57 -1.00 -1.00 0 77.3 
424.90 -1.00 -1.00 0 77.3 
425.19 -1.00 -1.00 0 77.3 
425.45 -1.00 -1.00 0 77.6 
425.78 -1.00 -1.00 0 77.6 
426.00 -1.00 -1.00 0 77.6 
426.38 -1.00 -1.00 0 77.6 
426.60 -1.00 -1.00 0 78.4 
426.89 -1.00 -1.00 0 78.4 
427.20 -1.00 -1.00 0 78.4 
427.44 -1.00 -1.00 0 78.9 
427.71 -1.00 -1.00 0 78.9 
427.95 -1.00 -1.00 0 78.9 
428.25 -1.00 -1.00 0 78.9 
428.49 -1.00 -1.00 0 79.8 
428.74 -1.00 -1.00 0 79.8 
428.97 -1.00 -1.00 0 79.8 
429.38 -1.00 -1.00 0 79.8 
429.64 -1.00 -1.00 0 81.0 
429.91 -1.00 -1.00 0 81.0 
430.19 -1.00 -1.00 0 81.0 
430.49 -1.00 -1.00 0 81.0 
430.83 -1.00 -1.00 0 80.9 
431.46 -1.00 -1.00 0 80.9 
431.72 -1.00 -1.00 0 82.5 
432.11 -1.00 -1.00 0 82.5 
432.37 -1.00 -1.00 0 82.2 
432.68 -1.00 -1.00 0 82.2 
432.97 -1.00 -1.00 0 82.2 
433.31 -1.00 -1.00 0 82.2 
433.66 -1.00 -1.00 0 83.2 
433.96 -1.00 -1.00 0 83.2 
434.26 -1.00 -1.00 0 83.2 
434.46 -1.00 -1.00 0 83.4 
434.71 -1.00 -1.00 0 83.4 
434.96 -1.00 -1.00 0 83.4 
435.27 -1.00 -1.00 0 83.4 
435.50 -1.00 -1.00 0 84.0 
435.74 -1.00 -1.00 0 84.0 
436.04 -1.00 -1.00 0 84.0 
436.35 -1.00 -1.00 0 84.0 
436.57 -1.00 -1.00 0 84.3 
436.85 -1.00 -1.00 0 84.3 
437.21 -1.00 -1.00 0 84.3 
437.41 -1.00 -1.00 0 84.8 
437.64 -1.00 -1.00 0 84.8 
437.88 -1.00 -1.00 0 84.8 
438.22 -1.00 -1.00 0 84.8 
438.44 -1.00 -1.00 0 84.8 
438.67 -1.00 -1.00 0 84.8 
438.93 -1.00 -1.00 0 84.8 
439.29 -1.00 -1.00 0 84.8 
439.54 -1.00 -1.00 0 85.4 
439.81 -1.00 -1.00 0 85.4 
440.16 -1.00 -1.00 0 85.4 
440.39 -1.00 -1.00 0 85.6 
440.63 -1.00 -1.00 0 85.6 
441.19 -1.00 -1.00 0 85.6 
441.45 -1.00 -1.00 0 85.5 
441.80 -1.00 -1.00 0 85.5 
442.03 -1.00 -1.00 0 85.5 
442.32 -1.00 -1.00 0 85.5 
442.56 -1.00 -1.00 0 85.9 
442.76 -1.00 -1.00 0 85.9 
443.02 -1.00 -1.00 0 85.9 
443.29 -1.00 -1.00 0 85.9 
443.55 -1.00 -1.00 0 85.9 
443.78 -1.00 -1.00 0 85.9 
444.15 -1.00 -1.00 0 85.9 
444.37 -1.00 -1.00 0 85.8 
444.57 -1.00 -1.00 0 85.8 
444.80 -1.00 -1.00 0 85.8 
445.01 -1.00 -1.00 0 85.8 
445.32 -1.00 -1.00 0 85.8 
445.56 -1.00 -1.00 0 86.2 
445.83 -1.00 -1.00 0 86.2 
446.08 -1.00 -1.00 0 86.2 
446.38 -1.00 -1.00 0 85.9 
446.64 -1.00 -1.00 0 85.9 
446.90 -1.00 -1.00 0 85.9 
447.21 -1.00 -1.00 0 85.9 
447.44 -1.00 -1.00 0 86.7 
447.74 -1.00 -1.00 0 86.7 
448.19 -1.00 -1.00 0 86.7 
448.45 -1.00 -1.00 0 86.2 
448.70 -1.00 -1.00 0 86.2 
449.01 -1.00 -1.00 0 86.2 
449.38 -1.00 -1.00 0 86.2 
449.63 -1.00 -1.00 0 86.5 
449.94 -1.00 -1.00 0 86.5 
450.38 -1.00 -1.00 0 86.5 
450.68 -1.00 -1.00 0 86.9 
451.26 -1.00 -1.00 0 86.9 
451.54 -1.00 -1.00 0 86.4 
451.84 -1.00 -1.00 0 86.4 
452.04 -1.00 -1.00 0 86.4 
452.31 -1.00 -1.00 0 86.4 
452.56 -1.00 -1.00 0 85.9 
452.84 -1.00 -1.00 0 85.9 
453.21 -1.00 -1.00 0 85.9 
453.46 -1.00 -1.00 0 86.6 
453.79 -1.00 -1.00 0 86.6 
454.01 -1.00 -1.00 0 86.6 
454.36 -1.00 -1.00 0 86.6 
454.61 -1.00 -1.00 0 88.0 
454.83 -1.00 -1.00 0 88.0 
455.12 -1.00 -1.00 0 88.0 
455.35 -1.00 -1.00 0 86.8 
455.66 -1.00 -1.00 0 86.8 
455.92 -1.00 -1.00 0 86.8 
456.19 -1.00 -1.00 0 86.8 
456.49 -1.00 -1.00 0 86.9 
456.80 -1.00 -1.00 0 86.9 
457.05 -1.00 -1.00 0 86.9 
457.30 -1.00 -1.00 0 86.9 
457.56 -1.00 -1.00 0 86.5 
457.91 -1.00 -1.00 0 86.5 
458.22 -1.00 -1.00 0 86.5 
458.52 -1.00 -1.00 0 86.7 
458.90 -1.00 -1.00 0 86.7 
459.20 -1.00 -1.00 0 86.7 
459.45 -1.00 -1.00 0 86.7 
459.73 -1.00 -1.00 0 86.7 
459.95 -1.00 -1.00 0 86.7 
460.24 -1.00 -1.00 0 86.7 
460.44 -1.00 -1.00 0 87.1 
460.74 -1.00 -1.00 0 87.1 
461.01 -1.00 -1.00 0 87.1 
461.34 -1.00 -1.00 0 87.1 
461.58 -1.00 -1.00 0 85.9 
461.89 -1.00 -1.00 0 85.9 
462.18 -1.00 -1.00 0 85.9 
462.40 -1.00 -1.00 0 88.2 
462.74 -1.00 -1.00 0 88.2 
462.96 -1.00 -1.00 0 88.2 
463.32 -1.00 -1.00 0 88.2 
463.66 -1.00 -1.00 0 87.2 
464.02 -1.00 -1.00 0 87.2 
464.40 -1.00 -1.00 0 87.2 
464.67 -1.00 -1.00 0 87.2 
464.87 -1.00 -1.00 0 87.2 
465.08 -1.00 -1.00 0 87.2 
465.44 -1.00 -1.00 0 87.2 
465.69 -1.00 -1.00 0 86.8 
466.00 -1.00 -1.00 0 86.8 
466.33 -1.00 -1.00 0 86.8 
466.62 -1.00 -1.00 0 86.8 
466.87 -1.00 -1.00 0 86.8 
467.15 -1.00 -1.00 0 86.8 
467.38 -1.00 -1.00 0 86.4 
467.61 -1.00 -1.00 0 86.4 
467.92 -1.00 -1.00 0 86.4 
468.17 -1.00 -1.00 0 86.4 
468.44 -1.00 -1.00 0 86.0 
468.69 -1.00 -1.00 0 86.0 
468.94 -1.00 -1.00 0 86.0 
469.23 -1.00 -1.00 0 86.0 
469.44 -1.00 -1.00 0 85.8 
469.69 -1.00 -1.00 0 85.8 
469.99 -1.00 -1.00 0 85.8 
470.33 -1.00 -1.00 0 85.8 
470.69 -1.00 -1.00 0 84.7 
470.89 -1.00 -1.00 0 84.7 
471.17 -1.00 -1.00 0 84.7 
471.44 -1.00 -1.00 0 82.7 
471.71 -1.00 -1.00 0 82.7 
472.06 -1.00 -1.00 0 82.7 
472.36 -1.00 -1.00 0 82.7 
472.56 -1.00 -1.00 0 83.3 
472.93 -1.00 -1.00 0 83.3 
473.36 -1.00 -1.00 0 83.3 
473.63 -1.00 -1.00 0 83.1 
474.00 -1.00 -1.00 1 83.1 
474.44 -1.00 -1.00 1 83.1 
474.70 12.15 0.53 1 82.4 
474.95 13.23 0.58 1 82.4 
475.28 14.68 0.64 1 82.4 
475.60 16.34 0.71 1 82.5 
475.92 18.30 0.80 1 82.5 
476.20 20.36 0.89 1 82.5 
476.51 22.62 0.99 1 81.9 
476.77 24.80 1.09 1 81.9 
477.26 27.46 1.21 1 81.9 
477.54 30.16 1.32 1 82.2 
477.86 33.00 1.44 1 82.2 
478.18 36.93 1.62 1 82.2 
478.43 42.45 1.90 1 80.5 
478.72 43.46 1.94 1 80.5 
478.98 45.75 2.05 1 80.5 
479.31 47.76 2.14 1 80.5 
479.53 51.63 2.28 1 81.4 
479.85 53.81 2.38 1 81.4 
480.15 56.93 2.52 1 81.4 
480.45 59.65 2.67 1 80.5 
480.72 62.09 2.78 1 80.5 
481.34 66.25 2.96 1 80.5 
481.56 68.02 3.02 1 81.0 
481.82 69.59 3.09 1 81.0 
482.21 70.97 3.15 1 81.0 
482.49 72.20 3.19 1 81.4 
482.75 73.30 3.24 1 81.4 
483.02 74.27 3.28 1 81.4 
483.33 76.65 3.39 1 81.4 
483.61 77.25 3.43 1 81.0 
483.87 77.77 3.46 1 81.0 
484.14 78.23 3.48 1 81.0 
484.35 78.63 3.50 1 81.0 
484.61 78.96 3.51 1 81.0 
484.85 79.25 3.52 1 81.0 
485.19 79.48 3.53 1 81.0 
485.45 79.67 3.55 1 80.7 
485.70 79.83 3.56 1 80.7 
485.97 79.94 3.57 1 80.7 
486.28 80.03 3.57 1 80.7 
486.53 80.09 3.64 1 79.2 
486.78 80.12 3.64 1 79.2 
487.03 78.92 3.59 1 79.2 
487.38 79.03 3.59 1 79.2 
487.61 79.12 3.56 1 80.1 
487.89 -1.00 -1.00 0 80.1 
488.23 -1.00 -1.00 0 80.1 
488.51 -1.00 -1.00 0 80.0 
488.76 -1.00 -1.00 0 80.0 
489.01 -1.00 -1.00 0 80.0 
489.32 -1.00 -1.00 0 80.0 
489.57 -1.00 -1.00 0 79.5 
489.85 -1.00 -1.00 0 79.5 
490.12 -1.00 -1.00 0 79.5 
490.34 -1.00 -1.00 0 80.3 
490.61 -1.00 -1.00 0 80.3 
490.83 -1.00 -1.00 0 80.3 
491.23 -1.00 -1.00 0 80.3 
491.52 -1.00 -1.00 0 79.5 
491.76 -1.00 -1.00 0 79.5 
492.13 -1.00 -1.00 0 79.5 
492.43 -1.00 -1.00 0 79.5 
492.68 -1.00 -1.00 0 79.5 
492.92 -1.00 -1.00 0 79.5 
493.18 -1.00 -1.00 0 79.5 
493.49 -1.00 -1.00 0 79.6 
493.71 -1.00 -1.00 0 79.6 
493.97 -1.00 -1.00 0 79.6 
494.33 -1.00 -1.00 0 79.6 
494.53 -1.00 -1.00 0 79.0 
494.76 -1.00 -1.00 0 79.0 
495.00 -1.00 -1.00 0 79.0 
495.28 -1.00 -1.00 0 79.0 
495.54 -1.00 -1.00 0 78.7 
495.78 -1.00 -1.00 0 78.7 
496.02 -1.00 -1.00 0 78.7 
496.32 -1.00 -1.00 0 78.7 
496.54 -1.00 -1.00 0 77.8 
496.79 -1.00 -1.00 0 77.8 
497.06 -1.00 -1.00 0 77.8 
497.33 -1.00 -1.00 0 77.8 
497.67 -1.00 -1.00 0 77.4 
497.89 -1.00 -1.00 0 77.4 
498.18 -1.00 -1.00 1 77.4 
498.45 -1.00 -1.00 0 77.1 
498.67 -1.00 -1.00 0 77.1 
498.88 -1.00 -1.00 0 77.1 
499.18 -1.00 -1.00 0 77.1 
499.40 -1.00 -1.00 0 76.7 
499.70 -1.00 -1.00 0 76.7 
500.00 -1.00 -1.00 0 76.7 
500.30 -1.00 -1.00 0 76.7 
500.51 -1.00 -1.00 0 75.9 
500.77 -1.00 -1.00 0 75.9 
501.32 -1.00 -1.00 0 75.9 
501.62 -1.00 -1.00 0 75.3 
501.84 -1.00 -1.00 0 75.3 
502.12 -1.00 -1.00 0 75.3 
502.44 -1.00 -1.00 0 75.2 
502.66 -1.00 -1.00 0 75.2 
502.97 -1.00 -1.00 0 75.2 
503.27 -1.00 -1.00 0 75.2 
503.53 -1.00 -1.00 0 76.1 
503.79 -1.00 -1.00 0 76.1 
504.14 -1.00 -1.00 0 76.1 
504.36 -1.00 -1.00 0 77.0 
504.66 -1.00 -1.00 0 77.0 
504.91 -1.00 -1.00 0 77.0 
505.23 -1.00 -1.00 0 77.0 
505.52 -1.00 -1.00 0 76.9 
505.91 -1.00 -1.00 0 76.9 
506.26 -1.00 -1.00 0 76.9 
506.58 -1.00 -1.00 0 78.3 
506.82 -1.00 -1.00 0 78.3 
507.09 -1.00 -1.00 0 78.3 
507.36 -1.00 -1.00 0 78.3 
507.59 -1.00 -1.00 0 80.4 
507.87 -1.00 -1.00 0 80.4 
508.15 -1.00 -1.00 0 80.4 
508.39 -1.00 -1.00 0 80.7 
508.67 -1.00 -1.00 0 80.7 
508.88 -1.00 -1.00 0 80.7 
509.20 -1.00 -1.00 0 80.7 
509.41 -1.00 -1.00 0 81.5 
509.65 -1.00 -1.00 0 81.5 
509.86 -1.00 -1.00 0 81.5 
510.23 -1.00 -1.00 0 81.5 
510.46 -1.00 -1.00 0 83.1 
510.73 -1.00 -1.00 0 83.1 
511.30 -1.00 -1.00 0 83.1 
511.54 -1.00 -1.00 0 83.4 
511.81 -1.00 -1.00 0 83.4 
512.20 -1.00 -1.00 0 83.4 
512.42 -1.00 -1.00 0 84.5 
512.74 -1.00 -1.00 0 84.5 
513.03 -1.00 -1.00 0 84.5 
513.41 -1.00 -1.00 0 84.5 
513.62 -1.00 -1.00 0 84.3 
513.88 -1.00 -1.00 0 84.3 
514.21 -1.00 -1.00 0 84.3 
514.51 -1.00 -1.00 0 84.8 
514.73 -1.00 -1.00 0 84.8 
514.97 -1.00 -1.00 0 84.8 
515.24 -1.00 -1.00 0 84.8 
515.45 -1.00 -1.00 0 85.3 
515.67 -1.00 -1.00 0 85.3 
516.01 -1.00 -1.00 0 85.3 
516.26 -1.00 -1.00 0 85.3 
516.50 -1.00 -1.00 0 86.1 
516.73 -1.00 -1.00 0 86.1 
517.04 -1.00 -1.00 0 86.1 
517.34 -1.00 -1.00 0 86.1 
517.62 -1.00 -1.00 0 85.0 
517.84 -1.00 -1.00 0 85.0 
518.10 -1.00 -1.00 0 85.0 
518.41 -1.00 -1.00 0 84.9 
518.65 -1.00 -1.00 0 84.9 
518.86 -1.00 -1.00 0 84.9 
519.11 -1.00 -1.00 0 84.9 
519.43 -1.00 -1.00 0 85.1 
519.63 -1.00 -1.00 0 85.1 
519.88 -1.00 -1.00 0 85.1 
520.18 -1.00 -1.00 0 85.1 
520.41 -1.00 -1.00 0 84.8 
520.72 -1.00 -1.00 0 84.8 
521.33 -1.00 -1.00 0 84.8 
521.52 -1.00 -1.00 0 84.7 
521.87 -1.00 -1.00 0 84.7 
522.24 -1.00 -1.00 0 84.7 
522.48 -1.00 -1.00 0 84.7 
522.80 -1.00 -1.00 0 84.7 
523.14 -1.00 -1.00 0 84.7 
523.45 -1.00 -1.00 0 84.0 
523.70 -1.00 -1.00 0 84.0 
523.99 -1.00 -1.00 0 84.0 
524.35 -1.00 -1.00 0 84.0 
524.55 -1.00 -1.00 0 84.3 
524.88 -1.00 -1.00 0 84.3 
525.14 -1.00 -1.00 0 84.3 
525.41 -1.00 -1.00 0 84.0 
525.68 -1.00 -1.00 0 84.0 
525.97 -1.00 -1.00 0 84.0 
526.31 -1.00 -1.00 0 84.0 
526.55 -1.00 -1.00 0 84.3 
526.75 -1.00 -1.00 0 84.3 
526.96 -1.00 -1.00 0 84.3 
527.33 -1.00 -1.00 0 84.3 
527.60 -1.00 -1.00 0 82.8 
527.83 -1.00 -1.00 0 82.8 
528.18 -1.00 -1.00 0 82.8 
528.52 -1.00 -1.00 0 83.2 
528.80 -1.00 -1.00 0 83.2 
529.04 -1.00 -1.00 0 83.2 
529.32 -1.00 -1.00 0 83.2 
529.58 -1.00 -1.00 0 82.8 
529.81 -1.00 -1.00 0 82.8 
530.05 -1.00 -1.00 0 82.8 
530.31 -1.00 -1.00 0 82.8 
530.51 -1.00 -1.00 0 82.7 
530.73 -1.00 -1.00 0 82.7 
531.25 -1.00 -1.00 0 82.7 
531.57 -1.00 -1.00 0 82.7 
531.81 -1.00 -1.00 0 82.7 
532.00 -1.00 -1.00 0 82.7 
532.40 -1.00 -1.00 0 82.7 
532.64 -1.00 -1.00 0 81.5 
532.95 -1.00 -1.00 0 81.5 
533.32 -1.00 -1.00 0 81.5 
533.64 -1.00 -1.00 0 82.9 
533.93 -1.00 -1.00 0 82.9 
534.25 -1.00 -1.00 0 82.9 
534.55 -1.00 -1.00 0 83.4 
534.83 -1.00 -1.00 0 83.4 
535.18 -1.00 -1.00 0 83.4 
535.50 -1.00 -1.00 0 84.0 
535.78 -1.00 -1.00 0 84.0 
536.08 -1.00 -1.00 0 84.0 
536.37 -1.00 -1.00 0 84.0 
536.71 -1.00 -1.00 0 83.6 
536.95 -1.00 -1.00 0 83.6 
537.28 -1.00 -1.00 0 83.6 
537.48 -1.00 -1.00 0 84.2 
537.74 -1.00 -1.00 0 84.2 
538.13 -1.00 -1.00 0 84.2 
538.45 -1.00 -1.00 0 84.7 
538.73 -1.00 -1.00 0 84.7 
538.98 -1.00 -1.00 0 84.7 
539.31 -1.00 -1.00 0 84.7 
539.57 -1.00 -1.00 0 85.6 
539.83 -1.00 -1.00 0 85.6 
540.10 -1.00 -1.00 0 85.6 
540.43 -1.00 -1.00 0 85.1 
540.80 -1.00 -1.00 0 85.1 
541.34 -1.00 -1.00 0 85.1 
541.62 -1.00 -1.00 0 85.1 
541.94 -1.00 -1.00 0 85.1 
542.23 -1.00 -1.00 0 85.1 
542.48 -1.00 -1.00 0 85.8 
542.83 -1.00 -1.00 0 85.8 
543.04 -1.00 -1.00 0 85.8 
543.30 -1.00 -1.00 0 85.8 
543.52 -1.00 -1.00 0 86.4 
543.84 -1.00 -1.00 0 86.4 
544.13 -1.00 -1.00 0 86.4 
544.42 -1.00 -1.00 0 86.6 
544.64 -1.00 -1.00 0 86.6 
544.94 -1.00 -1.00 0 86.6 
545.31 -1.00 -1.00 0 86.6 
545.60 -1.00 -1.00 0 86.4 
545.86 -1.00 -1.00 0 86.4 
546.18 -1.00 -1.00 0 86.4 
546.40 -1.00 -1.00 0 87.5 
546.61 -1.00 -1.00 0 87.5 
546.85 -1.00 -1.00 0 87.5 
547.12 -1.00 -1.00 0 87.5 
547.39 -1.00 -1.00 0 87.6 
547.61 -1.00 -1.00 0 87.6 
547.82 -1.00 -1.00 0 87.6 
548.05 -1.00 -1.00 0 87.6 
548.33 -1.00 -1.00 0 87.6 
548.62 -1.00 -1.00 0 87.3 
548.91 -1.00 -1.00 0 87.3 
549.26 4.29 0.18 1 87.3 
549.61 4.29 0.18 1 86.3 
549.88 4.31 0.18 1 86.3 
550.20 4.30 0.18 1 86.3 
550.50 4.30 0.18 1 86.3 
550.81 4.30 0.18 1 86.3 
551.21 4.30 0.18 1 86.3 
551.59 4.29 0.18 1 86.1 
551.88 4.29 0.18 1 86.1 
552.23 4.30 0.18 1 86.1 
552.58 4.30 0.18 1 84.3 
552.89 4.29 0.18 1 84.3 
553.30 4.29 0.18 1 84.3 
553.65 4.29 0.18 1 83.9 
554.10 4.29 0.18 1 83.9 
554.43 4.29 0.18 1 83.8 
554.90 4.29 0.18 1 83.8 
555.26 -1.00 -1.00 0 83.8 
555.59 -1.00 -1.00 0 83.7 
555.99 -1.00 -1.00 0 83.7 
556.22 -1.00 -1.00 0 83.7 
556.46 -1.00 -1.00 0 83.7 
556.79 -1.00 -1.00 0 83.7 
557.04 -1.00 -1.00 0 83.7 
557.38 -1.00 -1.00 0 83.7 
557.60 -1.00 -1.00 0 83.7 
557.82 -1.00 -1.00 0 83.7 
558.07 -1.00 -1.00 0 83.7 
558.32 -1.00 -1.00 0 83.7 
558.62 -1.00 -1.00 0 83.9 
558.86 -1.00 -1.00 0 83.9 
559.15 -1.00 -1.00 0 83.9 
559.44 -1.00 -1.00 0 84.3 
559.65 -1.00 -1.00 0 84.3 
559.90 -1.00 -1.00 0 84.3 
560.29 -1.00 -1.00 0 84.3 
560.53 -1.00 -1.00 0 84.5 
560.77 -1.00 -1.00 0 84.5 
561.36 -1.00 -1.00 0 84.5 
561.61 -1.00 -1.00 0 84.7 
561.87 -1.00 -1.00 0 84.7 
562.24 -1.00 -1.00 0 84.7 
562.54 -1.00 -1.00 0 84.2 
562.85 -1.00 -1.00 0 84.2 
563.10 -1.00 -1.00 0 84.2 
563.39 -1.00 -1.00 0 83.6 
563.58 -1.00 -1.00 0 83.6 
563.78 -1.00 -1.00 0 83.6 
564.06 -1.00 -1.00 0 83.6 
564.33 -1.00 -1.00 0 83.6 
564.54 -1.00 -1.00 0 83.1 
564.83 -1.00 -1.00 0 83.1 
565.11 -1.00 -1.00 0 83.1 
565.30 -1.00 -1.00 0 82.8 
565.49 -1.00 -1.00 0 82.8 
565.71 -1.00 -1.00 0 82.8 
565.95 -1.00 -1.00 0 82.8 
566.26 -1.00 -1.00 0 82.8 
566.49 -1.00 -1.00 0 82.5 
566.68 -1.00 -1.00 0 82.5 
566.87 -1.00 -1.00 0 82.5 
567.07 -1.00 -1.00 0 82.5 
567.38 -1.00 -1.00 0 82.5 
567.61 -1.00 -1.00 0 82.0 
567.86 -1.00 -1.00 0 82.0 
568.10 -1.00 -1.00 0 82.0 
568.34 -1.00 -1.00 0 82.0 
568.59 -1.00 -1.00 0 82.0 
568.84 -1.00 -1.00 0 82.0 
569.16 -1.00 -1.00 0 82.0 
569.49 -1.00 -1.00 0 82.0 
569.71 -1.00 -1.00 0 82.0 
569.98 -1.00 -1.00 0 82.0 
570.34 -1.00 -1.00 0 82.0 
570.60 -1.00 -1.00 0 81.9 
571.19 -1.00 -1.00 0 81.9 
571.45 -1.00 -1.00 0 82.0 
571.68 -1.00 -1.00 0 82.0 
571.97 -1.00 -1.00 0 82.0 
572.42 -1.00 -1.00 0 82.0 
572.68 -1.00 -1.00 0 83.7 
572.89 -1.00 -1.00 0 83.7 
573.30 -1.00 -1.00 0 83.7 
573.59 -1.00 -1.00 0 82.8 
573.88 -1.00 -1.00 0 82.8 
574.26 -1.00 -1.00 0 82.8 
574.59 -1.00 -1.00 0 83.1 
574.87 -1.00 -1.00 0 83.1 
575.17 -1.00 -1.00 0 83.1 
575.43 -1.00 -1.00 0 83.7 
575.70 -1.00 -1.00 0 83.7 
575.89 -1.00 -1.00 0 83.7 
576.20 -1.00 -1.00 0 83.7 
576.43 -1.00 -1.00 0 84.4 
576.68 -1.00 -1.00 0 84.4 
576.87 -1.00 -1.00 0 84.4 
577.11 -1.00 -1.00 0 84.4 
577.35 -1.00 -1.00 0 84.9 
577.58 -1.00 -1.00 0 84.9 
577.84 -1.00 -1.00 0 84.9 
578.13 -1.00 -1.00 0 84.9 
578.38 -1.00 -1.00 0 85.0 
578.58 -1.00 -1.00 0 85.0 
578.78 -1.00 -1.00 0 85.0 
579.14 -1.00 -1.00 0 85.0 
579.39 -1.00 -1.00 0 85.4 
579.65 -1.00 -1.00 0 85.4 
579.88 -1.00 -1.00 0 85.4 
580.16 -1.00 -1.00 0 85.4 
580.45 -1.00 -1.00 0 85.2 
580.76 -1.00 -1.00 0 85.2 
581.31 -1.00 -1.00 0 85.2 
581.57 -1.00 -1.00 0 85.3 
581.79 -1.00 -1.00 0 85.3 
582.11 -1.00 -1.00 0 85.3 
582.31 -1.00 -1.00 0 84.9 
582.57 -1.00 -1.00 0 84.9 
582.83 -1.00 -1.00 0 84.9 
583.04 -1.00 -1.00 0 84.9 
583.37 -1.00 -1.00 0 84.9 
583.57 -1.00 -1.00 0 85.2 
583.86 -1.00 -1.00 0 85.2 
584.07 -1.00 -1.00 0 85.2 
584.34 -1.00 -1.00 0 85.2 
584.59 -1.00 -1.00 0 85.2 
584.76 -1.00 -1.00 0 85.2 
585.04 -1.00 -1.00 0 85.2 
585.29 -1.00 -1.00 0 85.2 
585.53 -1.00 -1.00 0 85.1 
585.78 -1.00 -1.00 0 85.1 
586.09 -1.00 -1.00 0 85.1 
586.35 -1.00 -1.00 0 85.3 
586.54 -1.00 -1.00 0 85.3 
586.77 -1.00 -1.00 0 85.3 
587.10 -1.00 -1.00 0 85.3 
587.29 -1.00 -1.00 0 85.3 
587.55 -1.00 -1.00 0 85.3 
587.80 -1.00 -1.00 0 85.3 
588.12 -1.00 -1.00 0 85.3 
588.37 -1.00 -1.00 0 85.5 
588.62 -1.00 -1.00 0 85.5 
588.95 -1.00 -1.00 0 85.5 
589.31 -1.00 -1.00 0 85.5 
589.53 -1.00 -1.00 0 85.6 
589.85 -1.00 -1.00 0 85.6 
590.17 -1.00 -1.00 0 85.6 
590.46 -1.00 -1.00 0 85.8 
590.71 -1.00 -1.00 0 85.8 
591.32 -1.00 -1.00 0 85.8 
591.54 -1.00 -1.00 0 84.8 
591.74 -1.00 -1.00 0 84.8 
592.01 -1.00 -1.00 0 84.8 
592.27 -1.00 -1.00 0 84.8 
592.49 -1.00 -1.00 0 84.7 
592.66 -1.00 -1.00 0 84.7 
592.88 -1.00 -1.00 0 84.7 
593.13 -1.00 -1.00 0 84.7 
593.40 -1.00 -1.00 0 84.6 
593.61 -1.00 -1.00 0 84.6 
593.85 -1.00 -1.00 0 84.6 
594.06 -1.00 -1.00 0 84.6 
594.32 -1.00 -1.00 0 84.6 
594.56 -1.00 -1.00 0 85.0 
594.78 -1.00 -1.00 0 85.0 
595.03 -1.00 -1.00 0 85.0 
595.30 -1.00 -1.00 1 85.0 
595.63 -1.00 -1.00 1 85.7 
595.93 -1.00 -1.00 0 85.7 
596.23 -1.00 -1.00 1 85.7 
596.44 -1.00 -1.00 0 87.9 
596.66 -1.00 -1.00 0 87.9 
596.96 -1.00 -1.00 0 87.9 
597.24 -1.00 -1.00 0 87.9 
597.52 -1.00 -1.00 0 85.9 
597.78 -1.00 -1.00 0 85.9 
598.13 -1.00 -1.00 0 85.9 
598.42 -1.00 -1.00 0 85.8 
598.67 -1.00 -1.00 0 85.8 
598.88 -1.00 -1.00 0 85.8 
599.26 -1.00 -1.00 0 85.8 
599.53 -1.00 -1.00 0 86.1 
599.80 -1.00 -1.00 0 86.1 
600.03 -1.00 -1.00 0 86.1 
600.30 -1.00 -1.00 0 86.1 
600.49 -1.00 -1.00 0 86.5 
600.72 -1.00 -1.00 0 86.5 
601.24 -1.00 -1.00 0 86.5 
601.45 -1.00 -1.00 0 86.6 
601.66 -1.00 -1.00 0 86.6 
601.88 -1.00 -1.00 0 86.6 
602.27 -1.00 -1.00 0 86.6 
602.51 -1.00 -1.00 0 87.4 
602.75 -1.00 -1.00 0 87.4 
603.16 -1.00 -1.00 0 87.4 
603.40 -1.00 -1.00 0 89.4 
603.59 -1.00 -1.00 0 89.4 
603.82 -1.00 -1.00 0 89.4 
604.14 -1.00 -1.00 0 89.4 
604.39 -1.00 -1.00 0 89.6 
604.66 -1.00 -1.00 0 89.6 
604.96 -1.00 -1.00 0 89.6 
605.33 -1.00 -1.00 0 89.6 
605.63 -1.00 -1.00 0 89.6 
605.90 -1.00 -1.00 0 89.6 
606.20 -1.00 -1.00 0 89.6 
606.56 -1.00 -1.00 0 90.1 
606.85 -1.00 -1.00 0 90.1 
607.08 -1.00 -1.00 0 90.1 
607.38 -1.00 -1.00 0 90.1 
607.68 -1.00 -1.00 0 90.4 
607.88 -1.00 -1.00 0 90.4 
608.17 -1.00 -1.00 0 90.4 
608.49 -1.00 -1.00 0 89.8 
608.71 -1.00 -1.00 0 89.8 
609.00 -1.00 -1.00 0 89.8 
609.30 -1.00 -1.00 0 89.8 
609.55 -1.00 -1.00 0 91.0 
609.82 -1.00 -1.00 0 91.0 
610.00 -1.00 -1.00 0 91.0 
610.31 -1.00 -1.00 0 91.0 
610.50 -1.00 -1.00 0 91.0 
610.71 -1.00 -1.00 0 91.0 
611.20 -1.00 -1.00 0 91.0 
611.42 -1.00 -1.00 0 88.3 
611.73 -1.00 -1.00 0 88.3 
611.98 -1.00 -1.00 0 88.3 
612.25 -1.00 -1.00 0 88.3 
612.57 -1.00 -1.00 0 88.2 
612.82 -1.00 -1.00 0 88.2 
613.17 -1.00 -1.00 0 88.2 
613.37 -1.00 -1.00 0 85.3 
613.62 -1.00 -1.00 0 85.3 
613.90 -1.00 -1.00 0 85.3 
614.18 -1.00 -1.00 0 85.3 
614.45 -1.00 -1.00 0 85.6 
614.64 -1.00 -1.00 0 85.6 
614.86 -1.00 -1.00 0 85.6 
615.12 -1.00 -1.00 0 85.6 
615.37 -1.00 -1.00 0 85.3 
615.67 -1.00 -1.00 0 85.3 
615.90 -1.00 -1.00 0 85.3 
616.27 -1.00 -1.00 0 85.3 
616.56 -1.00 -1.00 0 85.0 
616.84 -1.00 -1.00 0 85.0 
617.04 -1.00 -1.00 0 85.0 
617.34 -1.00 -1.00 0 85.0 
617.64 -1.00 -1.00 0 84.8 
617.94 -1.00 -1.00 0 84.8 
618.27 -1.00 -1.00 0 84.8 
618.52 -1.00 -1.00 0 85.0 
618.77 -1.00 -1.00 0 85.0 
619.03 -1.00 -1.00 0 85.0 
619.39 -1.00 -1.00 0 85.0 
619.72 -1.00 -1.00 0 85.4 
619.95 -1.00 -1.00 0 85.4 
620.23 -1.00 -1.00 0 85.4 
620.49 -1.00 -1.00 0 84.0 
620.69 -1.00 -1.00 0 84.0 
621.25 -1.00 -1.00 0 84.0 
621.51 -1.00 -1.00 0 83.6 
621.73 -1.00 -1.00 0 83.6 
621.93 -1.00 -1.00 0 83.6 
622.18 -1.00 -1.00 0 83.6 
622.42 -1.00 -1.00 0 83.4 
622.63 -1.00 -1.00 0 83.4 
622.91 -1.00 -1.00 0 83.4 
623.18 -1.00 -1.00 0 83.4 
623.41 -1.00 -1.00 0 82.7 
623.63 -1.00 -1.00 0 82.7 
623.83 -1.00 -1.00 0 82.7 
624.06 -1.00 -1.00 0 82.7 
624.30 -1.00 -1.00 0 82.7 
624.52 -1.00 -1.00 0 82.6 
624.74 -1.00 -1.00 0 82.6 
625.12 -1.00 -1.00 0 82.6 
625.33 -1.00 -1.00 0 82.4 
625.60 -1.00 -1.00 0 82.4 
625.80 -1.00 -1.00 0 82.4 
626.04 -1.00 -1.00 0 82.4 
626.34 -1.00 -1.00 0 82.4 
626.56 -1.00 -1.00 0 82.4 
626.84 -1.00 -1.00 0 82.4 
627.11 -1.00 -1.00 0 82.4 
627.37 -1.00 -1.00 0 82.7 
627.61 -1.00 -1.00 0 82.7 
627.81 -1.00 -1.00 0 82.7 
628.07 -1.00 -1.00 0 82.7 
628.39 -1.00 -1.00 0 82.7 
628.63 -1.00 -1.00 0 81.6 
628.91 -1.00 -1.00 0 81.6 
629.17 -1.00 -1.00 0 81.6 
629.37 -1.00 -1.00 0 80.6 
629.63 -1.00 -1.00 0 80.6 
629.82 -1.00 -1.00 0 80.6 
630.10 -1.00 -1.00 0 80.6 
630.32 -1.00 -1.00 0 79.2 
630.54 -1.00 -1.00 0 79.2 
630.74 -1.00 -1.00 0 79.2 
631.01 -1.00 -1.00 0 79.2 
631.31 -1.00 -1.00 0 79.2 
631.55 -1.00 -1.00 0 78.8 
631.77 -1.00 -1.00 0 78.8 
632.02 -1.00 -1.00 0 78.8 
632.27 -1.00 -1.00 0 78.8 
632.48 -1.00 -1.00 0 80.5 
632.69 -1.00 -1.00 0 80.5 
632.89 -1.00 -1.00 0 80.5 
633.19 -1.00 -1.00 0 80.5 
633.44 -1.00 -1.00 0 79.0 
633.69 -1.00 -1.00 0 79.0 
633.96 -1.00 -1.00 0 79.0 
634.25 -1.00 -1.00 0 79.0 
634.54 -1.00 -1.00 0 79.9 
634.74 -1.00 -1.00 0 79.9 
634.96 -1.00 -1.00 0 79.9 
635.25 -1.00 -1.00 0 79.9 
635.49 -1.00 -1.00 0 80.1 
635.79 -1.00 -1.00 0 80.1 
636.06 -1.00 -1.00 0 80.1 
636.34 -1.00 -1.00 0 80.1 
636.55 -1.00 -1.00 0 80.7 
636.81 -1.00 -1.00 0 80.7 
637.13 -1.00 -1.00 0 80.7 
637.38 -1.00 -1.00 0 80.8 
637.67 -1.00 -1.00 0 80.8 
637.90 -1.00 -1.00 0 80.8 
638.22 -1.00 -1.00 0 80.8 
638.43 -1.00 -1.00 0 81.5 
638.68 -1.00 -1.00 0 81.5 
638.89 -1.00 -1.00 0 81.5 
639.11 -1.00 -1.00 0 81.5 
639.35 -1.00 -1.00 0 81.7 
639.54 -1.00 -1.00 0 81.7 
639.77 -1.00 -1.00 0 81.7 
639.96 -1.00 -1.00 0 81.7 
640.22 -1.00 -1.00 0 81.7 
640.42 -1.00 -1.00 0 82.3 
640.68 -1.00 -1.00 0 82.3 
641.30 -1.00 -1.00 0 82.3 
641.48 -1.00 -1.00 0 82.9 
641.69 -1.00 -1.00 0 82.9 
641.98 -1.00 -1.00 0 82.9 
642.27 -1.00 -1.00 0 82.9 
642.48 -1.00 -1.00 0 82.8 
642.67 -1.00 -1.00 0 82.8 
642.89 -1.00 -1.00 0 82.8 
643.11 -1.00 -1.00 0 82.8 
643.30 -1.00 -1.00 0 83.3 
643.55 -1.00 -1.00 0 83.3 
643.77 -1.00 -1.00 0 83.3 
644.04 -1.00 -1.00 0 83.3 
644.31 -1.00 -1.00 0 83.3 
644.59 -1.00 -1.00 0 82.1 
644.82 -1.00 -1.00 0 82.1 
645.04 -1.00 -1.00 0 82.1 
645.36 -1.00 -1.00 0 82.1 
645.68 -1.00 -1.00 0 83.9 
645.93 -1.00 -1.00 0 83.9 
646.22 -1.00 -1.00 0 83.9 
646.45 -1.00 -1.00 0 83.5 
646.70 -1.00 -1.00 0 83.5 
646.96 -1.00 -1.00 0 83.5 
647.33 -1.00 -1.00 0 83.5 
647.54 -1.00 -1.00 0 84.2 
647.85 -1.00 -1.00 0 84.2 
648.15 -1.00 -1.00 0 84.2 
648.38 -1.00 -1.00 0 84.1 
648.65 -1.00 -1.00 0 84.1 
648.92 -1.00 -1.00 0 84.1 
649.25 -1.00 -1.00 0 84.1 
649.59 -1.00 -1.00 0 84.4 
649.89 -1.00 -1.00 0 84.4 
650.16 -1.00 -1.00 0 84.4 
650.51 -1.00 -1.00 0 81.5 
650.73 -1.00 -1.00 0 81.5 
651.37 -1.00 -1.00 0 81.5 
651.67 -1.00 -1.00 0 83.6 
652.01 -1.00 -1.00 0 83.6 
652.31 -1.00 -1.00 0 83.6 
652.61 -1.00 -1.00 0 81.3 
652.96 -1.00 -1.00 0 81.3 
653.29 -1.00 -1.00 0 81.3 
653.56 -1.00 -1.00 0 80.1 
653.84 -1.00 -1.00 0 80.1 
654.12 -1.00 -1.00 0 80.1 
654.50 -1.00 -1.00 0 77.7 
654.78 -1.00 -1.00 0 77.7 
655.02 -1.00 -1.00 0 77.7 
655.26 -1.00 -1.00 0 77.7 
655.51 -1.00 -1.00 0 77.4 
655.77 -1.00 -1.00 0 77.4 
656.03 -1.00 -1.00 0 77.4 
656.31 -1.00 -1.00 0 77.4 
656.57 -1.00 -1.00 0 77.4 
656.79 -1.00 -1.00 0 77.4 
657.03 -1.00 -1.00 0 77.4 
657.30 -1.00 -1.00 0 77.4 
657.54 -1.00 -1.00 0 76.6 
657.76 -1.00 -1.00 0 76.6 
657.97 -1.00 -1.00 0 76.6 
658.31 -1.00 -1.00 0 76.6 
658.58 -1.00 -1.00 0 76.1 
658.86 -1.00 -1.00 0 76.1 
659.17 -1.00 -1.00 0 76.1 
659.43 -1.00 -1.00 0 76.0 
659.65 -1.00 -1.00 0 76.0 
659.89 -1.00 -1.00 0 76.0 
660.19 -1.00 -1.00 0 76.0 
660.40 -1.00 -1.00 0 73.7 
660.65 -1.00 -1.00 0 73.7 
661.26 -1.00 -1.00 0 73.7 
661.58 -1.00 -1.00 0 74.2 
661.84 -1.00 -1.00 0 74.2 
662.10 -1.00 -1.00 0 74.2 
662.42 -1.00 -1.00 0 75.2 
662.72 -1.00 -1.00 0 75.2 
663.00 -1.00 -1.00 0 75.2 
663.34 -1.00 -1.00 0 75.2 
663.61 -1.00 -1.00 0 76.4 
663.98 -1.00 -1.00 0 76.4 
664.24 -1.00 -1.00 0 76.4 
664.53 -1.00 -1.00 0 75.6 
664.82 -1.00 -1.00 0 75.6 
665.20 -1.00 -1.00 0 75.6 
665.51 -1.00 -1.00 0 76.2 
665.83 -1.00 -1.00 0 76.2 
666.12 -1.00 -1.00 0 76.2 
666.36 -1.00 -1.00 0 79.5 
666.59 -1.00 -1.00 0 79.5 
666.87 -1.00 -1.00 0 79.5 
667.31 -1.00 -1.00 0 79.5 
667.63 -1.00 -1.00 0 81.1 
667.94 -1.00 -1.00 0 81.1 
668.24 -1.00 -1.00 0 81.1 
668.48 -1.00 -1.00 0 83.2 
668.80 -1.00 -1.00 0 83.2 
669.11 -1.00 -1.00 0 83.2 
669.40 -1.00 -1.00 0 84.9 
669.64 -1.00 -1.00 0 84.9 
669.88 -1.00 -1.00 0 84.9 
670.21 -1.00 -1.00 0 84.9 
670.46 -1.00 -1.00 0 85.6 
670.69 -1.00 -1.00 0 85.6 
671.23 -1.00 -1.00 0 85.6 
671.51 -1.00 -1.00 0 87.2 
671.87 -1.00 -1.00 0 87.2 
672.13 -1.00 -1.00 0 87.2 
672.38 -1.00 -1.00 0 88.4 
672.64 -1.00 -1.00 0 88.4 
672.88 -1.00 -1.00 0 88.4 
673.21 -1.00 -1.00 0 88.4 
673.53 -1.00 -1.00 0 87.7 
673.84 -1.00 -1.00 1 87.7 
674.26 -1.00 -1.00 1 87.7 
674.62 -1.00 -1.00 1 89.0 
674.93 -1.00 -1.00 1 89.0 
675.30 -1.00 -1.00 1 89.0 
675.60 -1.00 -1.00 1 89.9 
675.80 -1.00 -1.00 1 89.9 
676.01 -1.00 -1.00 1 89.9 
676.33 -1.00 -1.00 1 89.9 
676.59 13.64 0.54 1 91.4 
676.78 14.83 0.58 1 91.4 
677.21 16.03 0.63 1 91.4 
677.51 16.97 0.67 1 91.8 
677.77 18.04 0.71 1 91.8 
678.15 18.90 0.74 1 91.8 
678.45 19.58 0.77 1 91.1 
678.83 20.53 0.81 1 91.1 
679.27 21.51 0.85 1 91.1 
679.62 22.80 0.90 1 91.3 
679.93 23.82 0.94 1 91.3 
680.38 25.28 1.00 1 91.3 
680.62 27.62 1.09 1 91.3 
680.98 29.98 1.18 1 91.3 
681.32 33.09 1.30 1 91.3 
681.52 35.02 1.37 1 91.8 
681.81 37.25 1.46 1 91.8 
682.03 38.57 1.51 1 91.8 
682.33 40.29 1.58 1 91.8 
682.55 42.47 1.68 1 90.9 
682.85 43.66 1.73 2 90.9 
683.19 45.36 1.80 2 90.9 
683.54 47.68 1.86 2 92.2 
683.89 49.68 1.94 2 92.2 
684.20 50.61 1.98 2 92.2 
684.41 53.21 2.08 2 92.2 
684.72 54.49 2.13 2 92.2 
684.97 57.83 2.26 2 92.2 
685.27 58.56 2.29 2 92.2 
685.53 60.16 2.35 2 92.2 
685.84 60.61 2.37 2 92.2 
686.19 67.11 2.62 2 92.2 
686.42 67.73 2.65 2 92.0 
686.65 67.39 2.64 2 92.0 
687.03 67.96 2.66 2 92.0 
687.35 69.64 2.73 2 92.0 
687.60 -1.00 -1.00 1 92.0 
687.91 23.46 0.92 1 92.0 
688.33 24.82 0.97 1 92.0 
688.59 28.03 1.10 1 91.9 
688.84 30.08 1.18 1 91.9 
689.16 30.66 1.20 1 91.9 
689.44 31.49 1.24 1 91.8 
689.66 33.51 1.31 1 91.8 
689.91 35.20 1.38 1 91.8 
690.27 36.63 1.44 1 91.8 
690.50 37.36 1.46 1 92.2 
690.79 39.02 1.52 1 92.2 
691.02 40.42 1.58 1 92.2 
691.36 41.06 1.60 1 92.2 
691.63 41.12 1.59 1 93.1 
691.93 42.20 1.63 1 93.1 
692.26 42.54 1.65 1 93.1 
692.49 43.41 1.66 1 93.9 
692.82 44.14 1.69 1 93.9 
693.11 44.73 1.72 1 93.9 
693.44 45.21 1.72 1 94.8 
693.65 46.28 1.76 1 94.8 
694.00 47.97 1.82 1 94.8 
694.34 48.62 1.85 1 94.8 
694.66 49.93 1.88 1 95.8 
694.88 50.29 1.89 1 95.8 
695.23 50.59 1.90 1 95.8 
695.56 50.81 1.89 1 96.8 
695.87 51.00 1.90 1 96.8 
696.16 51.13 1.90 1 96.8 
696.44 52.00 1.93 1 96.8 
696.73 54.86 2.04 1 96.8 
696.97 58.71 2.18 1 96.8 
697.23 -1.00 -1.00 0 96.8 
697.52 -1.00 -1.00 0 97.1 
697.77 -1.00 -1.00 0 97.1 
698.00 -1.00 -1.00 0 97.1 
698.27 -1.00 -1.00 0 97.1 
698.49 -1.00 -1.00 0 94.9 
698.73 -1.00 -1.00 0 94.9 
698.98 -1.00 -1.00 0 94.9 
699.32 -1.00 -1.00 0 94.9 
699.59 -1.00 -1.00 0 96.8 
699.89 -1.00 -1.00 0 96.8 
700.20 -1.00 -1.00 0 96.8 
700.48 -1.00 -1.00 0 96.2 
700.82 -1.00 -1.00 0 96.2 
701.13 -1.00 -1.00 0 96.2 
701.46 -1.00 -1.00 0 96.6 
701.75 -1.00 -1.00 0 96.6 
702.01 -1.00 -1.00 0 96.6 
702.37 -1.00 -1.00 0 96.6 
702.66 -1.00 -1.00 0 97.1 
702.96 -1.00 -1.00 0 97.1 
703.27 -1.00 -1.00 0 97.1 
703.48 -1.00 -1.00 0 97.2 
703.72 -1.00 -1.00 0 97.2 
704.03 -1.00 -1.00 0 97.2 
704.32 -1.00 -1.00 0 97.2 
704.58 -1.00 -1.00 0 97.7 
704.90 -1.00 -1.00 0 97.7 
705.30 -1.00 -1.00 0 97.7 
705.64 -1.00 -1.00 0 97.7 
705.87 -1.00 -1.00 0 97.7 
706.13 -1.00 -1.00 0 97.7 
706.35 -1.00 -1.00 0 98.3 
706.70 -1.00 -1.00 0 98.3 
706.99 -1.00 -1.00 0 98.3 
707.36 -1.00 -1.00 0 98.3 
707.74 -1.00 -1.00 0 99.0 
