13.82 90.0 1 primary 1 1 40.584526 -3.556387 2.015 66.1 
16.39 90.0 1 primary 1 1 40.584522 -3.555738 1.583 73.1 
18.52 90.0 1 primary 1 1 40.584526 -3.555283 1.707 72.3 
20.77 90.0 1 primary 1 1 40.584515 -3.554796 1.957 75.6 
25.58 90.0 1 primary 1 1 40.584488 -3.554337 4.769 86.4 
31.42 90.0 1 primary 2 1 40.584324 -3.553012 5.606 98.2 
37.50 90.0 1 primary 2 1 40.584003 -3.551242 5.686 93.1 
39.94 90.0 1 primary 2 1 40.583378 -3.549506 2.128 92.9 
42.17 90.0 1 primary 2 1 40.582985 -3.548700 1.361 90.5 
46.11 90.0 1 primary 2 1 40.582722 -3.548225 3.295 92.8 
48.01 90.0 1 primary 2 1 40.582096 -3.547321 1.203 92.0 
49.54 90.0 1 primary 2 1 40.581779 -3.546903 0.730 87.1 
53.46 90.0 1 primary 2 1 40.581631 -3.546714 3.647 81.4 
55.58 90.0 1 primary 2 1 40.581039 -3.545931 1.771 81.0 
57.55 90.0 1 primary 2 1 40.580761 -3.545539 1.736 80.9 
60.83 90.0 1 primary 2 1 40.580482 -3.545141 3.015 80.5 
62.98 90.0 1 primary 2 1 40.579945 -3.544345 1.174 79.7 
64.52 90.0 1 primary 2 1 40.579685 -3.543946 0.708 80.3 
65.42 90.0 1 primary 2 1 40.579563 -3.543731 0.600 79.8 
66.87 90.0 1 primary 2 1 40.579437 -3.543527 1.057 80.1 
68.82 90.0 1 primary 2 1 40.579197 -3.543109 1.011 80.3 
71.05 90.0 1 primary 2 1 40.578964 -3.542682 1.243 80.4 
72.58 90.0 1 primary 2 1 40.578720 -3.542250 0.774 80.2 
74.22 90.0 1 primary 2 1 40.578613 -3.542040 1.406 80.4 
75.45 90.0 1 primary 2 1 40.578384 -3.541600 0.644 80.4 
79.69 90.0 1 primary 2 1 40.578274 -3.541373 3.880 79.4 
80.57 90.0 1 primary 2 1 40.577873 -3.540485 0.763 78.2 
82.21 90.0 1 primary 2 1 40.577770 -3.540258 1.397 74.3 
84.18 90.0 1 primary 2 1 40.577602 -3.539816 1.365 72.2 
85.58 90.0 1 primary 2 1 40.577446 -3.539383 0.774 72.9 
87.10 90.0 1 primary 2 1 40.577370 -3.539166 1.291 73.6 
88.36 90.0 1 primary 2 1 40.577217 -3.538726 0.551 74.8 
91.43 90.0 1 primary 2 1 40.577152 -3.538512 2.615 79.1 
93.43 90.0 1 primary 2 1 40.576920 -3.537812 1.618 81.5 
95.01 90.0 1 primary 2 1 40.576756 -3.537329 1.195 82.4 
97.57 90.0 1 primary 2 1 40.576584 -3.536830 1.753 86.0 
101.77 90.0 1 primary 2 1 40.576412 -3.536326 3.951 88.5 
104.33 90.0 1 primary 2 1 40.576042 -3.535325 2.515 90.3 
107.50 90.0 1 primary 2 1 40.575706 -3.534551 2.693 88.3 
108.77 90.0 1 primary 2 1 40.575348 -3.533816 0.959 88.7 
111.60 90.0 1 primary 2 1 40.575233 -3.533576 2.795 86.4 
113.24 90.0 1 primary 2 1 40.574867 -3.532858 1.425 85.2 
114.87 90.0 1 primary 2 1 40.574623 -3.532375 1.065 86.0 
117.13 90.0 1 primary 2 1 40.574394 -3.531911 1.319 85.8 
119.99 90.0 1 primary 2 1 40.574173 -3.531424 2.182 85.6 
131.47 90.0 1 primary 2 1 40.573845 -3.530675 10.658 87.2 
133.25 90.0 1 primary 2 1 40.572876 -3.527814 1.440 87.6 
135.76 90.0 1 primary 2 1 40.572720 -3.527268 1.952 88.5 
137.43 90.0 1 primary 2 1 40.572571 -3.526733 1.615 88.2 
139.34 90.0 1 primary 2 1 40.572414 -3.526196 1.530 89.3 
140.60 90.0 1 primary 2 1 40.572247 -3.525668 0.787 90.3 
144.16 90.0 1 primary 2 1 40.572155 -3.525400 3.348 91.8 
146.21 90.0 1 primary 2 1 40.571743 -3.524336 1.403 92.1 
149.16 90.0 1 primary 2 1 40.571526 -3.523827 2.348 95.7 
152.87 90.0 1 primary 2 1 40.571110 -3.523010 3.055 92.6 
156.16 90.0 1 primary 2 1 40.570503 -3.522046 2.352 88.8 
159.40 90.0 1 primary 2 1 40.570061 -3.521390 2.585 87.2 
172.44 90.0 1 primary 2 1 40.569592 -3.520775 12.626 82.4 
174.57 90.0 1 primary 3 2 40.567333 -3.518615 1.761 81.2 
180.00 90.0 1 primary 3 1 40.566963 -3.518373 5.189 83.7 
183.89 90.0 1 primary 3 1 40.565853 -3.517791 3.078 83.7 
186.12 90.0 1 primary 3 1 40.565071 -3.517475 1.311 80.7 
188.30 90.0 1 primary 3 1 40.564678 -3.517334 1.483 80.7 
190.89 90.0 1 primary 3 1 40.564278 -3.517208 2.081 79.5 
193.62 90.0 1 primary 3 1 40.563694 -3.517079 1.803 80.5 
197.22 90.0 1 primary 3 1 40.563282 -3.517003 3.408 79.0 
211.13 100.0 3 primary_link 1 1 40.562469 -3.516883 13.320 79.2 
212.57 100.0 3 primary_link 1 1 40.559818 -3.515908 0.756 80.4 
213.49 100.0 3 primary_link 1 1 40.559643 -3.515777 0.684 79.6 
214.27 100.0 3 primary_link 1 1 40.559483 -3.515647 0.456 78.4 
224.44 100.0 3 primary_link 1 1 40.559315 -3.515507 9.631 77.9 
225.40 90.0 1 primary 3 1 40.557884 -3.513705 0.586 75.9 
226.90 90.0 1 primary 3 1 40.557766 -3.513500 1.094 76.9 
228.44 90.0 1 primary 3 1 40.557575 -3.513091 0.626 76.3 
230.07 90.0 1 primary 3 1 40.557476 -3.512879 1.261 76.2 
232.03 90.0 1 primary 3 1 40.557289 -3.512428 1.219 76.2 
233.97 90.0 1 primary 3 1 40.557140 -3.511982 1.155 76.2 
235.52 90.0 1 primary 3 1 40.557034 -3.511516 0.710 77.6 
236.92 90.0 1 primary 3 1 40.556973 -3.511275 1.099 76.4 
238.78 90.0 1 primary 3 1 40.556889 -3.510783 0.967 78.1 
239.70 90.0 1 primary 3 1 40.556850 -3.510531 0.890 78.3 
242.21 90.0 1 primary 3 1 40.556812 -3.510284 2.396 78.1 
243.49 90.0 1 primary 3 1 40.556751 -3.509517 0.680 79.3 
244.42 90.0 1 primary 3 1 40.556740 -3.509248 0.606 79.5 
246.43 90.0 1 primary 3 1 40.556736 -3.508992 1.620 81.0 
247.69 90.0 1 primary 3 1 40.556744 -3.508462 0.871 81.8 
248.62 90.0 1 primary 3 1 40.556755 -3.508191 0.806 82.1 
250.88 90.0 1 primary 3 1 40.556763 -3.507923 2.071 82.7 
254.60 90.0 1 primary 3 1 40.556774 -3.507104 2.786 83.3 
256.29 90.0 1 primary 3 1 40.556732 -3.506284 1.476 84.0 
258.54 90.0 1 primary 3 1 40.556652 -3.505750 1.730 85.5 
260.54 90.0 1 primary 3 1 40.556534 -3.505204 1.727 86.3 
266.02 90.0 1 primary 3 2 40.556416 -3.504657 5.205 79.8 
272.98 90.0 1 primary 3 2 40.555981 -3.503179 6.174 83.1 
276.26 90.0 1 primary 3 2 40.555222 -3.501621 2.454 81.6 
283.63 90.0 1 primary 3 2 40.554878 -3.500954 6.816 82.9 
284.86 90.0 1 primary 2 2 40.554409 -3.499199 1.047 81.1 
287.01 90.0 1 primary 2 2 40.554314 -3.498687 1.198 83.0 
289.40 90.0 1 primary 2 2 40.554241 -3.498142 1.588 87.4 
292.03 90.0 3 tertiary_link 1 2 40.554203 -3.497565 2.215 86.7 
294.90 90.0 3 tertiary_link 1 2 40.554226 -3.496715 2.087 89.4 
304.83 100.0 3 primary_link 1 2 40.554310 -3.495851 9.016 91.6 
307.21 90.0 1 primary 2 2 40.555157 -3.493113 1.396 94.5 
308.82 90.0 1 primary 2 2 40.555351 -3.492549 0.998 95.7 
311.03 90.0 3 tertiary_link 1 2 40.555527 -3.491964 1.215 97.2 
312.71 90.0 3 tertiary_link 1 2 40.555676 -3.491337 0.899 97.3 
318.14 90.0 3 tertiary_link 1 2 40.555744 -3.491050 5.332 98.1 
320.26 90.0 1 primary 2 2 40.555923 -3.489105 1.446 95.8 
323.77 90.0 1 primary 2 2 40.555916 -3.488479 2.959 90.2 
325.93 90.0 1 primary 2 2 40.555832 -3.487589 2.119 88.1 
327.26 90.0 1 primary 2 2 40.555717 -3.486739 0.449 81.9 
328.38 90.0 1 primary 2 2 40.555683 -3.486479 0.571 81.3 
330.44 90.0 1 primary 2 2 40.555649 -3.486223 1.631 83.3 
331.47 90.0 1 primary 2 2 40.555561 -3.485703 0.655 84.6 
332.37 90.0 1 primary 2 2 40.555508 -3.485437 0.559 86.0 
334.01 90.0 1 primary 2 2 40.555454 -3.485164 1.201 86.8 
336.64 90.0 1 primary 2 2 40.555317 -3.484611 1.826 90.1 
337.68 90.0 1 primary 2 2 40.555161 -3.484054 0.863 88.6 
338.44 90.0 1 primary 2 2 40.555077 -3.483776 0.627 88.3 
339.74 90.0 1 primary 2 2 40.554993 -3.483509 0.934 88.1 
340.48 90.0 1 primary 2 2 40.554901 -3.483243 0.666 88.0 
341.37 90.0 1 primary 2 2 40.554813 -3.482976 0.559 88.1 
344.20 90.0 1 primary 2 2 40.554722 -3.482725 2.386 88.3 
346.24 90.0 1 primary 2 2 40.554409 -3.481955 1.429 86.5 
347.53 90.0 1 primary 2 2 40.554188 -3.481453 0.718 85.7 
349.47 90.0 1 primary 2 2 40.554085 -3.481206 1.663 83.5 
350.91 90.0 1 primary 2 2 40.553841 -3.480734 1.097 82.4 
354.19 90.0 1 primary 2 1 40.553604 -3.480299 2.380 81.4 
356.89 90.0 1 primary 2 1 40.553230 -3.479658 2.075 82.4 
359.16 90.0 1 primary 2 1 40.552822 -3.479028 1.349 86.5 
364.86 90.0 1 primary 2 1 40.552532 -3.478612 5.046 86.8 
370.87 90.0 1 primary 2 1 40.551605 -3.477439 5.061 82.7 
395.87 90.0 1 primary 2 1 40.550613 -3.476408 24.063 83.6 
397.50 90.0 1 primary 2 1 40.545910 -3.473661 0.687 84.0 
399.04 90.0 1 primary 2 1 40.545708 -3.473590 1.218 83.8 
400.27 90.0 1 primary 2 1 40.545307 -3.473450 0.451 84.3 
401.40 90.0 1 primary 2 1 40.545105 -3.473383 0.594 84.5 
403.86 90.0 1 primary 2 1 40.544899 -3.473312 2.052 85.0 
406.35 90.0 1 primary 2 1 40.544281 -3.473106 1.534 84.1 
408.57 90.0 1 primary 2 1 40.543869 -3.472965 1.764 84.9 
410.26 30.0 1 primary_link 1 1 40.543468 -3.472820 1.452 82.1 
412.03 30.0 1 primary_link 1 1 40.543064 -3.472687 1.220 81.5 
415.83 30.0 1 primary_link 1 1 40.542675 -3.472560 3.025 78.5 
418.42 30.0 1 primary_link 1 1 40.541908 -3.472293 1.605 77.9 
419.48 30.0 1 primary_link 1 1 40.541512 -3.472171 0.672 77.1 
420.90 30.0 1 primary_link 1 1 40.541317 -3.472120 1.093 76.7 
424.34 30.0 1 primary_link 1 1 40.540939 -3.472006 2.527 77.3 
426.37 90.0 1 primary 2 1 40.540386 -3.471818 1.560 78.4 
427.64 90.0 1 primary 2 1 40.540012 -3.471698 0.825 78.9 
428.32 90.0 1 primary 2 1 40.539825 -3.471636 0.513 79.8 
430.76 90.0 1 primary 2 1 40.539631 -3.471575 1.953 80.9 
432.04 90.0 1 primary 2 1 40.539246 -3.471461 1.233 82.5 
433.75 90.0 1 primary 2 1 40.538845 -3.471334 0.941 83.2 
434.26 90.0 1 primary 2 1 40.538643 -3.471268 0.447 83.4 
435.69 90.0 1 primary 2 1 40.538433 -3.471189 0.883 84.0 
436.57 90.0 1 primary 2 1 40.538235 -3.471119 0.760 84.3 
437.74 90.0 1 primary 2 1 40.538052 -3.471057 0.930 84.8 
438.82 90.0 1 primary 2 1 40.537846 -3.470994 1.005 84.8 
441.63 90.0 1 primary 2 1 40.537437 -3.470855 1.806 85.5 
443.19 90.0 1 primary 2 1 40.537018 -3.470704 1.384 85.9 
445.76 100.0 3 primary_link 1 1 40.536617 -3.470521 1.947 86.2 
447.74 100.0 3 primary_link 1 1 40.536221 -3.470286 1.932 86.7 
450.68 100.0 3 primary_link 1 1 40.535839 -3.470019 2.865 86.9 
452.49 100.0 3 primary_link 1 1 40.535316 -3.469516 1.677 85.9 
453.90 100.0 3 primary_link 1 1 40.535000 -3.469124 1.090 86.6 
455.36 100.0 3 primary_link 1 1 40.534714 -3.468706 0.552 86.8 
457.32 90.0 1 primary 2 1 40.534580 -3.468488 1.507 86.5 
458.50 90.0 1 primary 2 1 40.534340 -3.468024 0.692 86.7 
459.55 90.0 1 primary 2 1 40.534229 -3.467779 0.745 86.7 
461.91 90.0 1 primary 2 1 40.534130 -3.467517 2.101 85.9 
463.45 90.0 1 primary 2 1 40.533897 -3.466714 0.635 87.2 
466.18 90.0 1 primary 2 1 40.533840 -3.466442 2.363 86.8 
468.32 90.0 1 primary 2 1 40.533726 -3.465607 1.507 86.0 
470.14 90.0 1 primary 2 1 40.533722 -3.465026 1.334 84.7 
472.05 90.0 1 primary 2 1 40.533730 -3.464486 1.241 82.7 
473.78 90.0 1 primary 2 1 40.533749 -3.463970 0.970 83.1 
474.40 90.0 1 primary 2 1 40.533745 -3.463694 0.593 82.4 
476.01 90.0 1 primary 2 1 40.533745 -3.463416 1.202 82.5 
477.89 90.0 1 primary 2 1 40.533741 -3.462859 1.076 82.2 
480.45 90.0 1 primary 2 1 40.533745 -3.462308 1.639 80.5 
481.88 90.0 1 primary 2 1 40.533764 -3.461773 1.067 81.0 
483.31 90.0 1 primary 2 1 40.533749 -3.461240 0.499 81.0 
484.75 90.0 1 primary 2 1 40.533749 -3.460973 0.935 81.0 
485.59 90.0 1 primary 2 1 40.533749 -3.460712 0.783 80.7 
486.95 90.0 1 primary 2 1 40.533745 -3.460441 1.139 79.2 
489.46 90.0 1 primary 2 1 40.533749 -3.459911 1.655 79.5 
491.10 90.0 1 primary 2 1 40.533749 -3.459399 1.287 80.3 
492.68 90.0 1 primary 2 1 40.533752 -3.458878 0.861 79.5 
495.28 90.0 1 primary 2 1 40.533756 -3.458621 2.469 78.7 
497.46 90.0 1 primary 2 1 40.533772 -3.457845 1.650 77.4 
499.51 90.0 1 primary 2 1 40.533772 -3.457319 1.704 76.7 
501.56 90.0 1 primary 2 1 40.533772 -3.456825 1.750 75.3 
503.08 90.0 1 primary 2 1 40.533772 -3.456331 1.268 75.2 
507.08 90.0 1 primary 2 1 40.533772 -3.455842 3.270 78.3 
512.12 90.0 1 primary 2 1 40.533772 -3.454827 4.309 84.5 
515.06 90.0 1 primary 2 1 40.533768 -3.453462 2.250 84.8 
517.62 90.0 1 primary 2 1 40.533779 -3.452623 1.807 85.0 
525.58 90.0 1 primary 2 1 40.533794 -3.452072 7.772 84.0 
528.28 90.0 1 primary 2 1 40.533791 -3.449824 2.465 83.2 
529.82 90.0 1 primary 2 1 40.533791 -3.449003 1.013 82.8 
531.54 90.0 1 primary 2 1 40.533794 -3.448463 0.731 82.7 
533.18 90.0 1 primary 2 1 40.533794 -3.448189 1.374 82.9 
535.75 90.0 1 primary 2 1 40.533798 -3.447647 1.941 84.0 
536.62 90.0 1 primary 2 1 40.533791 -3.447106 0.810 83.6 
537.85 90.0 1 primary 2 1 40.533794 -3.446841 1.042 84.2 
539.84 90.0 1 primary 2 1 40.533802 -3.446297 1.025 85.6 
541.63 90.0 1 primary 2 1 40.533798 -3.445739 0.815 85.1 
542.64 90.0 1 primary 2 1 40.533802 -3.445458 0.826 85.8 
543.52 90.0 1 primary 2 1 40.533806 -3.445176 0.710 86.4 
544.80 90.0 1 primary 2 1 40.533810 -3.444893 0.991 86.6 
546.17 90.0 1 primary 2 1 40.533821 -3.444607 1.354 87.5 
548.15 90.0 1 primary 2 1 40.533825 -3.444043 1.340 87.3 
549.59 90.0 1 primary 2 1 40.533829 -3.443470 0.769 86.3 
551.61 90.0 1 primary 2 1 40.533821 -3.443173 1.803 86.1 
552.69 90.0 1 primary 2 1 40.533825 -3.442612 0.880 84.3 
553.67 90.0 1 primary 2 1 40.533821 -3.442341 0.852 83.9 
554.82 90.0 1 primary 2 1 40.533817 -3.442064 1.011 83.8 
556.78 90.0 1 primary 2 1 40.533806 -3.441516 0.984 83.7 
557.71 90.0 1 primary 2 1 40.533810 -3.441242 0.911 83.7 
560.99 90.0 1 primary 2 1 40.533806 -3.440969 3.191 84.5 
563.40 90.0 1 primary 2 1 40.533806 -3.439873 1.600 83.6 
567.89 90.0 1 primary 2 1 40.533802 -3.439324 4.093 82.0 
569.62 90.0 1 primary 2 1 40.533802 -3.437976 0.819 82.0 
571.01 90.0 1 primary 2 1 40.533806 -3.437712 1.210 81.9 
572.70 90.0 1 primary 2 1 40.533813 -3.437174 0.896 83.7 
574.06 90.0 1 primary 2 1 40.533813 -3.436897 1.261 82.8 
576.16 90.0 1 primary 2 1 40.533813 -3.436357 1.353 84.4 
578.29 90.0 1 primary 2 1 40.533810 -3.435802 1.491 85.0 
580.06 90.0 1 primary 2 1 40.533806 -3.435242 1.255 85.4 
582.12 90.0 1 primary 2 1 40.533802 -3.434681 1.314 84.9 
584.30 90.0 1 primary 2 1 40.533787 -3.434126 1.499 85.2 
586.12 90.0 1 primary 2 1 40.533760 -3.433565 1.318 85.3 
587.55 90.0 1 primary 2 1 40.533722 -3.433006 0.746 85.3 
588.95 90.0 1 primary 2 1 40.533691 -3.432726 1.153 85.5 
591.23 90.0 1 primary 2 1 40.533615 -3.432171 1.428 84.8 
593.13 90.0 1 primary 2 1 40.533520 -3.431624 1.326 84.6 
594.51 90.0 1 primary 2 1 40.533421 -3.431101 0.706 85.0 
596.00 90.0 1 primary 2 1 40.533352 -3.430837 1.195 85.7 
597.68 90.0 1 primary 2 1 40.533192 -3.430311 0.882 85.9 
598.89 90.0 1 primary 2 1 40.533112 -3.430045 1.083 85.8 
600.86 90.0 1 primary 2 1 40.532936 -3.429533 1.056 86.5 
602.64 90.0 1 primary 2 1 40.532738 -3.429035 0.835 87.4 
603.70 90.0 1 primary 2 1 40.532639 -3.428793 0.896 89.4 
605.55 90.0 1 primary 2 1 40.532524 -3.428545 1.746 89.6 
606.79 90.0 1 primary 2 1 40.532269 -3.428063 0.990 90.1 
607.88 90.0 1 primary 2 1 40.532143 -3.427825 1.076 90.4 
610.71 90.0 1 primary 2 1 40.531857 -3.427365 1.909 91.0 
611.53 90.0 1 primary 2 1 40.531544 -3.426926 0.733 88.3 
613.10 90.0 1 primary 2 1 40.531391 -3.426728 1.296 88.2 
616.20 90.0 1 primary 2 1 40.531063 -3.426318 2.403 85.0 
617.77 90.0 1 primary 2 1 40.530552 -3.425786 0.965 84.8 
619.26 90.0 1 primary 2 1 40.530384 -3.425623 1.462 85.4 
620.93 90.0 1 primary 2 1 40.530029 -3.425294 1.131 84.0 
623.19 90.0 1 primary 2 1 40.529675 -3.425006 1.386 82.7 
625.69 90.0 1 primary 2 1 40.529305 -3.424755 1.891 82.4 
627.27 90.0 1 primary 2 1 40.528938 -3.424500 1.474 82.7 
629.27 90.0 1 primary 2 1 40.528568 -3.424259 1.464 80.6 
631.40 90.0 1 primary 2 1 40.528206 -3.424031 1.603 78.8 
632.56 90.0 1 primary 2 1 40.527851 -3.423780 0.763 80.5 
633.44 90.0 1 primary 2 1 40.527679 -3.423661 0.643 79.0 
635.79 90.0 1 primary 2 1 40.527512 -3.423523 1.991 80.1 
637.63 90.0 1 primary 2 1 40.527180 -3.423250 1.824 80.8 
638.89 90.0 1 primary 2 1 40.526863 -3.422925 1.085 81.5 
640.70 90.0 1 primary 2 1 40.526573 -3.422561 0.897 82.3 
642.25 90.0 1 primary 2 1 40.526428 -3.422367 1.442 82.8 
644.71 90.0 1 primary 2 1 40.526157 -3.421954 1.913 82.1 
646.64 90.0 1 primary 2 1 40.525917 -3.421513 1.837 83.5 
648.39 100.0 3 primary_link 1 1 40.525707 -3.421027 1.585 84.1 
649.91 100.0 1 primary 2 1 40.525513 -3.420538 1.106 84.4 
651.66 100.0 1 primary 2 1 40.525341 -3.420041 0.864 83.6 
652.44 100.0 1 primary 2 1 40.525265 -3.419790 0.642 81.3 
653.42 100.0 1 primary 2 1 40.525200 -3.419545 0.623 80.1 
654.73 100.0 1 primary 2 1 40.525127 -3.419294 0.933 77.7 
655.77 100.0 1 primary 2 1 40.525070 -3.419038 0.966 77.4 
657.87 100.0 1 primary 2 1 40.525013 -3.418787 2.072 76.6 
659.56 100.0 1 primary 2 1 40.524849 -3.418080 0.761 76.0 
660.86 100.0 1 primary 2 1 40.524796 -3.417846 1.062 73.7 
662.71 100.0 1 primary 2 1 40.524670 -3.417392 0.912 75.2 
664.34 100.0 1 primary 2 1 40.524616 -3.417161 1.543 75.6 
667.05 100.0 1 primary 2 1 40.524479 -3.416713 2.247 79.5 
668.60 100.0 3 primary_link 1 1 40.524197 -3.416024 0.790 83.2 
669.57 100.0 3 primary_link 1 1 40.524094 -3.415797 0.758 84.9 
670.46 100.0 3 primary_link 1 1 40.523979 -3.415558 0.655 85.6 
671.71 100.0 3 primary_link 1 1 40.523853 -3.415323 0.912 87.2 
672.54 100.0 3 primary_link 1 1 40.523724 -3.415109 0.741 88.4 
673.78 100.0 1 primary 3 1 40.523586 -3.414880 0.980 87.7 
674.38 100.0 1 primary 3 1 40.523441 -3.414659 0.579 89.0 
675.52 100.0 1 primary 3 1 40.523293 -3.414443 0.716 89.9 
677.06 100.0 1 primary 3 1 40.523132 -3.414237 1.251 91.4 
678.59 100.0 1 primary 3 1 40.522793 -3.413851 0.785 91.1 
680.18 100.0 1 primary 3 1 40.522610 -3.413659 1.384 91.3 
681.96 100.0 1 primary 3 1 40.522251 -3.413307 1.164 91.8 
683.91 100.0 1 primary 3 1 40.521885 -3.412938 1.105 92.2 
685.96 100.0 1 primary 3 1 40.521511 -3.412589 1.157 92.2 
687.61 100.0 1 primary 3 1 40.521122 -3.412233 0.805 92.0 
688.72 100.0 1 primary 3 1 40.520943 -3.412054 0.914 91.9 
689.78 100.0 1 primary 3 1 40.520760 -3.411874 0.976 91.8 
690.97 100.0 1 primary 2 1 40.520569 -3.411703 1.162 92.2 
692.61 100.0 1 primary 2 1 40.520184 -3.411353 0.808 93.9 
694.99 100.0 1 primary 2 1 40.519997 -3.411177 2.188 95.8 
697.23 100.0 1 primary 2 1 40.519413 -3.410628 1.424 97.1 
698.65 100.0 1 primary 2 1 40.519012 -3.410252 0.848 94.9 
699.79 100.0 1 primary 2 1 40.518829 -3.410076 0.986 96.8 
701.33 100.0 1 primary 2 1 40.518631 -3.409889 1.524 96.6 
702.65 100.0 1 primary 2 1 40.518234 -3.409536 0.844 97.1 
703.98 100.0 1 primary 2 1 40.518036 -3.409350 1.176 97.2 
705.43 100.0 1 primary 2 1 40.517639 -3.408986 0.629 97.7 
706.64 100.0 1 primary 2 1 40.517441 -3.408805 0.836 98.3 
707.48 100.0 1 primary 2 1 40.517239 -3.408624 0.675 99.0 
