11.83 62.7 40.584526 -3.556388 606.7 4 5 91.1 1.758 0 0 0 
12.82 67.1 40.584530 -3.556175 607.3 4 5 91.4 1.406 0 0 0 
13.82 66.1 40.584530 -3.555962 607.8 4 5 89.6 1.758 0 0 0 
14.81 66.7 40.584522 -3.555738 608.3 4 5 88.2 3.164 0 0 0 
15.82 69.0 40.584526 -3.555519 608.8 4 5 87.2 2.461 0 0 0 
16.81 73.1 40.584526 -3.555283 609.3 4 5 87.2 1.055 0 0 0 
17.81 74.2 40.584530 -3.555035 609.7 4 5 88.9 1.758 0 0 0 
18.82 72.3 40.584515 -3.554796 609.5 4 5 91.1 3.867 0 0 0 
19.81 73.8 40.584503 -3.554574 610.0 4 5 93.9 4.922 0 0 0 
20.85 75.6 40.584488 -3.554337 610.3 4 5 94.9 3.867 0 0 0 
21.85 78.0 40.584465 -3.554080 610.6 4 5 96.3 2.461 0 0 0 
22.81 80.0 40.584427 -3.553822 610.8 4 5 97.4 2.461 0 0 0 
23.82 81.6 40.584396 -3.553555 611.3 4 5 97.7 1.406 0 0 0 
24.81 81.8 40.584366 -3.553293 611.7 4 5 98.1 0.703 0 0 0 
25.82 86.4 40.584324 -3.553012 611.9 4 5 99.5 1.758 0 0 0 
26.83 86.4 40.584290 -3.552732 612.1 4 5 99.5 1.406 0 0 0 
27.82 89.8 40.584232 -3.552425 612.7 4 5 101.6 2.109 0 0 0 
28.82 89.2 40.584194 -3.552140 613.2 4 5 102.0 2.461 0 0 0 
29.82 94.3 40.584122 -3.551831 613.8 4 5 105.5 3.867 0 0 0 
30.82 96.2 40.584072 -3.551535 614.5 6 5 107.2 5.273 0 0 0 
31.82 98.2 40.584003 -3.551243 614.8 6 5 109.0 3.516 0 0 0 
32.82 100.3 40.583916 -3.550927 615.2 6 5 110.4 3.164 0 0 0 
33.86 99.9 40.583820 -3.550625 615.4 6 5 112.5 3.516 0 0 0 
34.82 99.1 40.583717 -3.550336 615.5 6 5 114.6 4.219 0 0 0 
35.82 97.4 40.583607 -3.550042 615.6 6 5 116.4 3.867 0 0 0 
36.83 95.9 40.583492 -3.549763 616.1 6 5 118.1 3.516 0 0 0 
37.83 93.1 40.583378 -3.549507 616.0 6 5 120.2 3.867 0 0 0 
38.82 93.1 40.583252 -3.549241 616.1 6 5 122.0 3.867 0 0 0 
39.82 92.9 40.583111 -3.548973 616.6 6 5 123.4 3.164 1 0 0 
40.83 91.8 40.582985 -3.548700 616.4 6 5 124.8 2.812 1 0 0 
41.86 93.0 40.582855 -3.548465 616.6 6 5 127.6 4.219 1 0 0 
42.83 90.5 40.582722 -3.548225 616.8 6 5 127.6 2.812 0 0 0 
43.83 92.8 40.582569 -3.547982 617.5 6 5 128.7 1.055 0 0 0 
44.81 93.8 40.582413 -3.547753 618.1 4 5 130.4 2.812 0 0 0 
45.83 94.1 40.582260 -3.547539 618.4 4 5 132.9 4.219 0 0 0 
46.83 92.8 40.582096 -3.547322 618.6 4 5 134.6 4.219 0 0 0 
47.83 92.0 40.581944 -3.547116 618.6 4 5 135.4 2.461 1 0 0 
48.84 91.5 40.581779 -3.546903 618.9 4 5 135.0 0.352 1 1 0 
49.83 87.1 40.581631 -3.546714 619.1 4 5 135.0 0.352 1 1 0 
50.83 84.7 40.581478 -3.546512 619.3 4 5 135.0 0 1 1 0 
51.83 83.7 40.581337 -3.546325 619.5 4 5 134.6 0.352 0 1 0 
52.83 83.8 40.581181 -3.546120 619.6 4 5 135.0 0.352 0 1 0 
53.83 81.4 40.581039 -3.545931 619.8 4 5 135.0 0.352 1 1 0 
54.83 81.4 40.580898 -3.545747 619.9 4 5 134.6 0.352 2 1 0 
55.83 81.0 40.580761 -3.545540 620.1 4 5 133.2 1.758 1 2 0 
56.83 81.0 40.580627 -3.545337 620.6 4 5 132.9 1.758 1 2 0 
57.83 80.9 40.580482 -3.545141 620.8 4 5 133.2 0.352 2 2 0 
58.83 81.1 40.580349 -3.544940 621.2 4 5 133.2 0.352 2 2 0 
59.85 80.7 40.580208 -3.544745 621.6 4 5 131.8 1.406 2 2 0 
60.81 80.5 40.580074 -3.544544 622.4 4 5 131.1 2.109 2 2 0 
61.84 80.2 40.579945 -3.544346 622.7 4 5 130.4 1.406 1 3 0 
62.88 79.7 40.579811 -3.544150 623.1 4 5 130.1 1.055 2 3 0 
63.82 79.8 40.579685 -3.543946 623.6 4 5 130.1 0.352 2 3 0 
64.84 80.3 40.579563 -3.543731 624.0 4 5 129.0 1.055 2 3 0 
65.81 79.8 40.579437 -3.543527 624.2 4 5 127.6 2.461 1 3 0 
66.89 80.1 40.579319 -3.543316 624.7 4 5 126.2 2.812 0 3 0 
67.84 79.8 40.579197 -3.543110 624.9 4 5 124.8 2.812 0 3 0 
68.81 80.3 40.579075 -3.542892 624.9 4 5 124.5 1.758 2 3 0 
69.88 79.9 40.578964 -3.542683 625.2 4 5 124.5 0.352 1 3 0 
70.82 80.4 40.578842 -3.542473 625.4 4 5 126.2 1.758 0 3 0 
71.92 80.6 40.578720 -3.542250 625.6 4 5 125.2 1.055 0 3 0 
72.97 80.2 40.578613 -3.542041 625.9 4 5 124.8 1.406 0 3 0 
73.95 80.6 40.578495 -3.541821 626.3 4 5 123.4 1.758 0 3 0 
74.94 80.4 40.578384 -3.541600 626.4 4 5 122.7 2.109 1 3 0 
75.81 80.4 40.578274 -3.541373 626.4 4 5 122.3 1.055 2 4 0 
76.84 80.1 40.578159 -3.541144 626.6 4 5 121.3 1.406 2 4 0 
77.81 77.7 40.578064 -3.540922 626.8 4 5 120.6 1.758 2 4 0 
78.81 79.7 40.577961 -3.540699 627.3 3 5 119.9 1.406 2 4 0 
79.90 79.4 40.577873 -3.540485 627.4 4 5 119.2 1.406 2 4 0 
80.82 78.2 40.577770 -3.540258 627.7 4 5 119.2 0.703 2 4 0 
81.82 77.0 40.577682 -3.540036 627.9 3 5 118.1 1.055 2 5 1 
82.82 74.3 40.577602 -3.539817 627.9 3 5 115.7 3.516 0 5 1 
83.82 72.6 40.577530 -3.539603 628.1 3 5 115.7 2.461 0 5 1 
84.82 72.2 40.577446 -3.539383 628.3 3 5 116.0 0.352 0 5 1 
85.83 72.9 40.577370 -3.539167 628.5 3 5 116.0 0.352 0 5 1 
86.82 73.6 40.577293 -3.538943 628.9 3 5 115.7 0.352 0 5 1 
87.82 73.7 40.577217 -3.538726 629.4 3 5 115.0 1.055 0 5 1 
88.82 74.8 40.577152 -3.538512 629.5 3 5 115.0 0.703 0 5 1 
89.86 76.6 40.577072 -3.538271 629.6 3 5 115.0 0 0 5 1 
90.82 78.1 40.576984 -3.538034 630.0 3 5 114.6 0.352 0 5 1 
91.93 79.1 40.576920 -3.537812 630.3 3 5 113.9 1.055 0 5 1 
92.82 80.4 40.576832 -3.537574 630.5 4 5 113.9 0.703 0 5 1 
93.83 81.5 40.576756 -3.537329 630.8 4 5 113.2 0.703 0 5 1 
94.82 82.4 40.576672 -3.537078 631.2 4 5 113.9 0.703 1 5 1 
95.85 83.4 40.576584 -3.536830 631.6 3 5 114.3 1.055 1 5 1 
96.82 84.7 40.576508 -3.536585 631.9 3 5 114.6 0.703 2 5 1 
97.85 86.0 40.576412 -3.536326 632.2 4 5 114.6 0.352 1 5 1 
98.85 86.9 40.576317 -3.536063 632.6 4 5 115.3 0.703 2 5 1 
99.82 85.9 40.576241 -3.535839 632.9 4 5 116.0 1.406 2 5 1 
100.83 87.3 40.576145 -3.535585 633.6 4 5 116.7 1.406 2 5 1 
101.83 88.5 40.576042 -3.535326 634.5 4 5 117.4 1.406 2 5 1 
102.83 89.1 40.575932 -3.535063 635.2 4 5 118.5 1.758 2 6 1 
103.84 90.0 40.575829 -3.534810 635.7 4 5 119.5 2.109 1 6 1 
104.85 90.3 40.575706 -3.534551 636.5 4 5 120.2 1.758 1 6 1 
105.87 89.4 40.575588 -3.534297 636.9 4 5 120.9 1.406 0 6 1 
106.83 89.0 40.575478 -3.534064 637.8 4 5 121.6 1.406 0 6 1 
107.83 88.3 40.575348 -3.533816 638.3 4 5 122.7 1.758 1 6 1 
108.86 88.7 40.575233 -3.533576 638.9 4 5 123.8 2.109 1 6 1 
109.83 87.5 40.575115 -3.533354 639.7 4 5 123.4 0.703 2 6 1 
110.83 87.1 40.574986 -3.533110 640.1 6 5 123.0 0.703 1 6 1 
111.83 86.4 40.574867 -3.532859 640.7 4 5 122.7 0.703 0 6 1 
112.83 86.0 40.574749 -3.532613 641.4 4 5 123.8 1.055 0 6 1 
113.83 85.2 40.574623 -3.532375 642.0 4 5 123.8 1.055 1 6 1 
114.83 86.0 40.574512 -3.532155 642.5 4 5 123.0 0.703 1 6 1 
115.83 86.0 40.574394 -3.531911 643.2 4 5 122.3 1.406 2 6 1 
116.83 85.0 40.574284 -3.531668 643.8 4 5 120.9 2.109 2 6 1 
117.88 85.8 40.574173 -3.531424 644.4 4 5 120.2 2.109 1 6 1 
118.85 85.8 40.574066 -3.531176 645.5 4 5 119.5 1.406 1 6 1 
119.93 85.6 40.573956 -3.530926 645.8 4 5 118.8 1.406 1 6 1 
120.84 85.9 40.573845 -3.530675 646.7 3 5 118.8 0.703 1 6 1 
121.83 85.6 40.573742 -3.530426 647.2 3 5 117.8 1.055 1 6 1 
122.83 86.1 40.573635 -3.530170 648.2 4 5 117.4 1.406 2 6 1 
123.84 85.9 40.573540 -3.529922 648.9 4 5 116.0 1.758 2 6 1 
124.84 85.4 40.573444 -3.529656 649.2 4 5 115.0 2.461 1 6 1 
125.81 86.1 40.573360 -3.529387 649.8 4 5 114.3 1.758 1 6 1 
126.84 86.3 40.573277 -3.529122 650.4 4 5 113.9 1.055 1 6 1 
127.83 87.4 40.573196 -3.528872 651.3 4 5 114.3 0.352 2 6 1 
128.95 87.7 40.573112 -3.528608 651.5 4 5 113.6 0.703 2 6 1 
129.85 86.0 40.573040 -3.528352 652.2 4 5 111.4 2.812 2 6 1 
130.84 86.9 40.572956 -3.528083 652.8 4 5 110.7 2.812 1 6 1 
131.83 87.2 40.572876 -3.527814 653.2 4 5 111.1 0.352 1 6 1 
132.84 87.5 40.572796 -3.527539 653.9 4 5 111.1 0.352 0 6 1 
133.85 87.6 40.572720 -3.527269 654.6 6 5 110.7 0.352 0 7 1 
134.85 87.6 40.572647 -3.527001 654.4 6 5 110.7 0.352 1 6 1 
135.82 88.5 40.572571 -3.526734 654.9 6 5 110.7 0 1 6 1 
136.89 88.3 40.572491 -3.526464 655.6 6 5 111.4 0.703 1 6 1 
137.83 88.2 40.572414 -3.526196 656.3 6 5 111.8 1.055 1 6 1 
138.82 88.9 40.572334 -3.525933 656.9 6 5 112.5 1.055 1 6 1 
139.82 89.3 40.572247 -3.525668 657.4 4 5 113.6 1.758 1 6 1 
140.92 90.3 40.572155 -3.525400 658.0 4 5 115.3 2.812 2 6 1 
141.83 89.6 40.572052 -3.525136 658.7 4 5 116.7 3.164 2 6 1 
142.86 90.7 40.571945 -3.524865 659.4 4 5 116.7 1.406 2 7 1 
143.84 91.5 40.571842 -3.524593 659.9 4 5 116.7 0 0 7 1 
144.85 91.8 40.571743 -3.524336 660.5 4 5 117.8 1.055 0 7 1 
145.82 91.3 40.571629 -3.524074 660.9 4 5 119.2 2.461 1 7 1 
146.92 92.1 40.571526 -3.523827 661.4 4 5 119.9 2.109 1 7 1 
147.82 93.0 40.571400 -3.523556 661.5 4 5 122.0 2.812 2 7 1 
148.81 94.5 40.571255 -3.523282 661.7 6 5 123.8 3.867 2 7 1 
149.82 95.7 40.571110 -3.523010 661.8 6 5 125.9 3.867 1 7 1 
150.85 93.6 40.570946 -3.522732 661.5 6 5 126.6 2.812 1 8 1 
151.84 93.6 40.570801 -3.522492 661.4 6 5 128.3 2.461 0 8 1 
152.82 92.6 40.570648 -3.522253 661.4 6 5 129.7 3.164 0 8 1 
153.82 90.3 40.570503 -3.522046 661.0 6 5 130.8 2.461 2 8 1 
154.82 89.7 40.570354 -3.521824 660.4 6 5 131.8 2.109 2 8 1 
155.82 87.7 40.570210 -3.521601 660.3 6 5 131.5 0.703 2 8 1 
156.82 88.8 40.570061 -3.521390 659.8 4 5 132.9 1.406 1 8 1 
157.89 88.2 40.569912 -3.521189 659.5 4 5 134.3 2.812 0 8 1 
158.82 87.7 40.569756 -3.520985 658.8 4 5 135.7 2.812 0 8 1 
159.82 87.2 40.569592 -3.520775 658.8 4 5 137.1 2.812 1 8 1 
160.92 86.8 40.569427 -3.520574 658.4 4 5 138.9 3.164 2 8 1 
161.82 86.5 40.569260 -3.520393 657.9 4 5 139.2 2.109 2 8 1 
162.82 86.3 40.569099 -3.520213 657.6 4 5 138.9 0.352 1 8 1 
163.82 86.6 40.568932 -3.520031 657.2 4 5 141.0 2.109 1 8 1 
164.86 87.3 40.568768 -3.519851 656.8 4 5 142.0 3.164 0 8 1 
165.86 87.3 40.568588 -3.519666 656.6 4 5 143.1 2.109 0 8 1 
166.83 87.0 40.568417 -3.519495 656.2 4 5 144.1 2.109 0 7 1 
167.83 86.2 40.568241 -3.519339 655.6 4 5 144.8 1.758 0 7 1 
168.88 86.2 40.568066 -3.519177 655.1 4 5 146.2 2.109 1 7 1 
169.83 85.0 40.567879 -3.519024 654.9 4 5 147.7 2.812 1 7 1 
170.92 83.0 40.567703 -3.518882 653.6 4 5 149.4 3.164 0 7 1 
171.84 84.6 40.567516 -3.518744 653.2 4 5 150.8 3.164 0 7 1 
172.83 82.4 40.567333 -3.518615 653.0 4 5 151.5 2.109 0 7 1 
173.83 81.3 40.567154 -3.518494 652.8 3 5 152.9 2.109 0 7 1 
174.83 81.2 40.566963 -3.518373 652.6 3 5 153.6 2.109 0 7 1 
175.83 80.8 40.566788 -3.518263 652.3 3 5 154.7 1.758 0 7 1 
176.83 81.8 40.566608 -3.518148 652.1 3 5 156.1 2.461 1 7 1 
177.91 82.3 40.566418 -3.518049 652.3 3 5 157.9 3.164 0 7 1 
178.88 82.5 40.566231 -3.517957 652.2 3 5 159.6 3.516 0 6 1 
179.82 83.7 40.566051 -3.517877 652.1 4 5 160.3 2.461 0 6 1 
180.88 84.6 40.565853 -3.517791 652.1 4 5 161.0 1.406 0 6 1 
181.84 85.0 40.565651 -3.517708 652.0 3 5 161.4 1.055 0 6 1 
182.84 82.8 40.565456 -3.517627 653.4 3 5 163.1 2.109 1 6 1 
183.84 83.7 40.565266 -3.517551 652.6 3 5 163.5 2.109 2 6 1 
184.90 82.2 40.565071 -3.517475 652.9 4 5 164.5 1.406 2 6 1 
185.84 80.9 40.564869 -3.517407 653.4 3 5 164.9 1.406 2 6 1 
186.84 80.7 40.564678 -3.517334 654.3 3 5 164.9 0.352 1 6 1 
187.84 81.3 40.564472 -3.517269 655.4 3 5 166.6 1.758 1 6 1 
188.84 80.7 40.564278 -3.517208 655.5 3 5 167.7 2.812 0 6 1 
189.81 80.2 40.564079 -3.517153 655.7 3 5 168.8 2.109 1 6 1 
190.81 79.5 40.563877 -3.517108 656.4 3 5 170.9 3.164 2 6 1 
191.84 79.2 40.563694 -3.517079 656.7 4 5 171.2 2.461 2 6 1 
192.82 80.4 40.563492 -3.517041 657.4 3 5 172.3 1.406 2 6 1 
193.82 80.5 40.563282 -3.517003 658.3 4 5 171.9 0.703 1 6 1 
194.82 80.2 40.563072 -3.516966 659.1 4 5 173.0 1.055 1 6 1 
195.83 80.9 40.562862 -3.516935 659.8 4 5 173.7 1.758 0 6 1 
196.84 79.9 40.562664 -3.516911 660.5 4 5 174.4 1.406 0 6 1 
197.86 79.0 40.562469 -3.516883 660.9 4 5 174.0 0.352 0 6 1 
198.81 79.5 40.562275 -3.516857 661.8 3 5 174.4 0.352 0 5 1 
199.82 79.6 40.562077 -3.516820 662.6 4 5 172.6 1.758 0 5 1 
200.85 77.9 40.561882 -3.516785 663.4 4 5 171.6 2.812 0 5 1 
201.82 78.3 40.561680 -3.516741 664.1 3 5 170.5 2.109 0 5 1 
202.82 78.8 40.561485 -3.516694 665.0 3 5 169.5 2.109 0 5 1 
203.82 78.6 40.561287 -3.516644 665.4 3 5 168.8 1.758 2 5 1 
204.83 78.6 40.561100 -3.516594 666.1 3 5 165.9 3.516 1 5 1 
205.83 78.7 40.560909 -3.516518 666.6 3 5 161.0 7.734 0 5 1 
206.86 78.8 40.560719 -3.516434 667.3 3 5 160.7 5.273 0 5 1 
207.82 78.8 40.560539 -3.516349 667.9 3 5 159.3 1.758 0 5 1 
208.82 78.9 40.560349 -3.516257 668.4 3 5 157.5 3.164 0 4 0 
209.82 78.7 40.560165 -3.516154 669.2 3 5 155.7 3.516 0 4 0 
210.82 80.1 40.559994 -3.516027 670.0 3 5 154.7 2.812 0 4 0 
211.86 79.2 40.559818 -3.515908 670.6 4 5 151.5 4.219 0 4 0 
212.82 80.4 40.559643 -3.515777 671.4 3 5 150.1 4.570 0 4 0 
213.82 79.6 40.559483 -3.515647 671.9 4 5 148.7 2.812 0 4 0 
214.82 78.4 40.559315 -3.515507 672.7 4 5 148.0 2.109 1 4 0 
215.82 80.3 40.559151 -3.515354 673.0 3 5 143.4 5.273 1 4 0 
216.81 80.2 40.558983 -3.515187 673.7 4 5 142.0 5.977 1 4 0 
217.83 80.8 40.558830 -3.515012 674.5 4 5 141.0 2.461 1 4 0 
218.86 79.5 40.558678 -3.514846 675.3 4 5 138.9 3.164 2 4 0 
219.82 79.5 40.558533 -3.514676 676.1 3 5 136.8 4.219 2 4 0 
220.83 80.7 40.558388 -3.514490 676.9 4 5 134.6 4.219 1 4 0 
221.89 79.5 40.558250 -3.514299 677.6 4 5 132.5 4.219 2 4 0 
222.83 79.7 40.558117 -3.514098 678.6 4 5 130.8 3.867 1 4 0 
223.83 78.8 40.557991 -3.513903 679.3 4 5 128.3 4.219 0 4 0 
224.83 77.9 40.557884 -3.513705 680.1 3 5 126.6 4.219 0 4 0 
225.85 75.9 40.557766 -3.513500 681.3 3 5 125.5 2.812 1 4 0 
226.83 76.9 40.557667 -3.513295 682.3 3 5 123.4 3.164 1 4 0 
227.83 77.1 40.557575 -3.513091 683.5 3 5 120.9 4.570 0 4 0 
228.83 76.3 40.557476 -3.512879 684.6 3 5 119.2 4.219 0 4 0 
229.81 76.2 40.557384 -3.512655 685.6 3 5 117.8 3.164 1 4 0 
230.83 76.0 40.557289 -3.512429 686.5 3 5 116.7 2.461 1 4 0 
231.83 76.2 40.557217 -3.512218 687.7 3 5 114.6 3.164 2 5 1 
232.83 76.2 40.557140 -3.511982 688.8 3 5 112.1 4.570 2 5 1 
233.83 76.2 40.557076 -3.511750 689.7 3 5 110.0 4.570 2 5 1 
234.97 76.6 40.557034 -3.511516 690.8 3 5 108.6 3.516 1 5 1 
235.83 77.6 40.556973 -3.511275 691.9 4 5 107.6 2.461 2 5 1 
236.83 76.4 40.556938 -3.511030 692.8 4 5 104.8 3.867 2 5 1 
237.83 77.0 40.556889 -3.510783 693.7 4 5 103.0 4.570 1 5 1 
238.82 78.1 40.556850 -3.510532 694.5 4 5 101.2 3.516 0 6 1 
239.83 78.3 40.556812 -3.510284 695.9 4 5 99.5 3.516 0 6 1 
240.82 78.3 40.556782 -3.510031 697.1 4 5 99.5 1.758 1 6 1 
241.81 78.2 40.556770 -3.509772 698.1 4 5 96.0 3.516 1 6 1 
242.82 78.1 40.556751 -3.509517 699.1 4 5 96.0 3.516 0 6 1 
243.84 79.3 40.556740 -3.509248 700.2 4 5 92.5 3.516 1 6 1 
244.85 79.5 40.556736 -3.508992 701.0 4 5 90.7 5.273 2 6 1 
245.84 80.1 40.556744 -3.508732 702.1 6 5 88.6 3.867 1 6 1 
246.84 81.0 40.556744 -3.508462 703.3 6 5 86.8 3.867 1 6 1 
247.82 81.8 40.556755 -3.508191 704.4 6 5 87.5 1.055 1 6 1 
248.83 82.1 40.556763 -3.507923 705.2 6 5 87.2 0.352 1 6 1 
249.83 83.6 40.556770 -3.507654 706.4 6 5 88.2 1.055 2 6 1 
250.82 82.7 40.556770 -3.507378 707.1 6 5 89.3 2.109 2 6 1 
251.84 82.9 40.556774 -3.507104 708.3 6 5 91.8 3.516 2 6 1 
252.84 82.5 40.556774 -3.506833 709.7 6 5 92.5 3.164 2 6 1 
253.88 82.3 40.556759 -3.506560 710.5 6 5 93.2 1.406 2 6 1 
254.83 83.3 40.556732 -3.506285 711.6 6 5 96.0 3.516 2 6 1 
255.81 83.0 40.556690 -3.506016 713.0 6 5 98.4 5.273 2 6 1 
256.82 84.0 40.556652 -3.505750 714.0 6 5 99.1 3.164 1 6 1 
257.83 82.0 40.556602 -3.505486 714.8 6 5 101.2 2.812 1 6 1 
258.81 85.5 40.556534 -3.505204 716.1 6 5 103.4 4.219 1 6 1 
259.82 86.5 40.556480 -3.504931 717.7 6 5 105.1 3.867 1 6 1 
260.81 86.3 40.556416 -3.504657 719.1 4 5 107.2 3.867 1 7 1 
261.82 83.6 40.556347 -3.504391 719.9 6 5 109.0 3.867 1 7 1 
262.87 80.5 40.556282 -3.504140 720.8 6 5 111.1 3.867 1 7 1 
263.82 79.9 40.556213 -3.503895 721.5 6 5 111.4 2.461 0 7 1 
264.82 78.4 40.556141 -3.503654 722.9 4 5 112.1 1.055 1 7 1 
265.81 79.8 40.556061 -3.503419 723.8 3 5 113.2 1.758 2 7 1 
266.82 82.3 40.555981 -3.503179 725.3 4 5 115.0 2.812 0 7 1 
267.82 81.7 40.555889 -3.502942 726.2 4 5 117.8 4.570 0 7 1 
268.82 80.9 40.555790 -3.502705 727.3 4 5 119.5 4.570 0 7 1 
269.82 82.1 40.555676 -3.502477 728.3 4 5 122.3 4.570 0 7 1 
270.81 81.8 40.555557 -3.502252 729.6 4 5 123.8 4.219 0 7 1 
271.83 81.8 40.555439 -3.502028 730.5 4 5 124.8 2.461 0 7 1 
272.82 83.1 40.555332 -3.501817 731.5 6 5 125.9 2.109 0 7 1 
273.91 81.2 40.555222 -3.501622 732.9 4 5 125.5 0.703 0 7 1 
274.82 79.2 40.555103 -3.501406 734.0 4 5 125.9 0.352 0 7 1 
275.82 79.6 40.554996 -3.501194 735.2 4 5 123.8 2.109 0 7 1 
276.87 81.6 40.554878 -3.500954 736.4 4 5 120.9 4.922 0 6 1 
277.82 80.7 40.554779 -3.500719 737.2 4 5 117.4 6.328 1 6 1 
278.83 80.9 40.554703 -3.500494 738.2 6 5 112.5 8.438 2 6 1 
279.83 81.5 40.554630 -3.500237 738.9 6 5 107.9 9.492 2 6 1 
280.82 81.9 40.554569 -3.499991 739.7 6 5 105.5 7.031 2 6 1 
281.83 83.1 40.554516 -3.499728 740.7 4 5 105.1 2.812 2 6 1 
282.92 84.0 40.554462 -3.499458 741.2 4 5 105.5 0.352 0 6 1 
283.82 82.9 40.554409 -3.499200 741.6 6 5 105.5 0.352 0 6 1 
284.89 81.1 40.554363 -3.498953 741.2 4 5 104.4 1.055 1 6 1 
285.91 82.5 40.554314 -3.498688 741.3 4 5 104.1 1.406 2 6 1 
286.83 83.0 40.554279 -3.498421 741.3 4 5 100.5 3.867 2 6 1 
287.83 84.6 40.554241 -3.498143 741.7 4 5 98.4 5.625 2 6 1 
288.83 85.8 40.554222 -3.497862 742.0 4 5 95.3 5.273 1 6 1 
289.83 87.4 40.554203 -3.497565 742.1 4 5 92.1 6.328 1 6 1 
290.83 85.8 40.554203 -3.497285 742.1 4 5 89.3 5.977 0 6 1 
291.84 86.7 40.554211 -3.497008 741.6 4 5 87.9 4.219 0 6 1 
292.89 88.1 40.554226 -3.496716 741.2 4 5 85.4 3.867 0 6 1 
293.84 89.1 40.554249 -3.496427 741.0 4 5 83.3 4.570 0 6 1 
294.86 89.4 40.554272 -3.496137 741.0 3 5 81.2 4.219 0 6 1 
295.83 87.7 40.554310 -3.495852 740.5 3 5 79.5 3.867 0 6 1 
296.83 88.7 40.554359 -3.495568 740.1 3 5 76.6 4.570 0 5 1 
297.83 89.0 40.554413 -3.495281 740.1 3 5 74.5 4.922 1 5 1 
298.81 89.2 40.554482 -3.494996 739.6 3 5 72.8 3.867 2 5 1 
299.84 90.8 40.554558 -3.494717 739.7 3 5 69.6 4.922 2 5 1 
300.86 89.7 40.554638 -3.494445 739.2 3 5 66.8 5.977 1 6 1 
301.83 90.1 40.554737 -3.494171 738.9 3 5 65.0 4.570 1 6 1 
302.84 90.2 40.554836 -3.493902 738.6 3 5 63.3 3.516 1 6 1 
303.82 90.7 40.554943 -3.493641 738.4 3 5 62.6 2.461 1 6 1 
304.86 91.6 40.555054 -3.493390 738.1 3 5 62.9 0.352 1 6 1 
305.84 92.2 40.555157 -3.493114 737.8 3 5 63.3 0.703 2 6 1 
306.84 93.4 40.555252 -3.492833 737.4 3 5 64.3 1.406 2 6 1 
307.83 94.5 40.555351 -3.492549 737.1 3 5 65.7 2.461 2 6 1 
308.84 95.7 40.555443 -3.492255 737.0 3 5 68.2 3.867 2 6 1 
309.82 96.3 40.555527 -3.491964 736.9 4 5 70.0 4.219 2 6 1 
310.89 97.2 40.555603 -3.491641 736.7 4 5 72.4 4.219 2 6 1 
311.82 97.2 40.555676 -3.491337 736.3 4 5 72.4 2.461 2 6 1 
312.82 97.3 40.555744 -3.491050 736.2 4 5 74.9 2.461 1 6 1 
313.83 96.1 40.555794 -3.490735 736.0 6 5 78.4 5.977 0 6 1 
314.81 96.8 40.555840 -3.490422 735.1 6 5 80.9 5.977 0 6 1 
315.81 99.1 40.555874 -3.490106 735.6 6 5 82.3 3.867 1 6 1 
316.82 97.9 40.555904 -3.489777 735.2 6 5 83.7 2.812 2 6 1 
317.83 98.0 40.555904 -3.489440 735.2 6 5 88.2 5.977 2 6 1 
318.81 98.1 40.555923 -3.489106 734.8 6 5 90.0 6.328 0 6 1 
319.82 98.0 40.555927 -3.488792 734.4 6 5 92.1 3.867 0 5 1 
320.84 95.8 40.555916 -3.488480 734.0 6 5 92.5 2.461 0 5 1 
321.82 95.8 40.555904 -3.488166 733.4 6 5 92.5 0.352 0 5 1 
322.87 92.4 40.555862 -3.487880 733.1 6 5 95.6 3.164 0 5 1 
323.82 90.2 40.555832 -3.487590 732.7 6 5 98.1 5.625 0 5 1 
324.82 89.7 40.555794 -3.487302 732.2 4 5 99.8 4.219 1 5 1 
325.86 88.1 40.555756 -3.487016 732.0 4 5 101.2 3.164 2 5 1 
326.85 86.2 40.555717 -3.486740 731.7 4 5 100.9 1.055 2 5 1 
327.85 81.9 40.555683 -3.486479 730.9 4 5 100.2 1.055 0 5 1 
328.82 81.3 40.555649 -3.486223 730.7 4 5 101.6 1.406 0 5 1 
329.82 81.7 40.555603 -3.485961 730.7 3 5 103.0 2.812 0 5 1 
330.84 83.3 40.555561 -3.485704 730.5 3 5 104.8 3.164 0 5 1 
331.83 84.6 40.555508 -3.485437 730.5 3 5 105.1 2.109 0 5 1 
332.83 86.0 40.555454 -3.485164 730.4 3 5 106.2 1.406 0 5 1 
333.81 86.8 40.555389 -3.484888 730.3 4 5 107.2 2.109 0 5 1 
334.82 89.6 40.555317 -3.484611 730.3 4 5 109.0 2.812 0 5 1 
335.88 90.1 40.555241 -3.484326 730.1 4 5 109.7 2.461 0 5 1 
336.87 90.1 40.555161 -3.484055 729.8 4 5 110.7 1.758 0 5 1 
337.83 88.6 40.555077 -3.483776 729.5 4 5 111.4 1.758 0 5 1 
338.81 88.3 40.554993 -3.483510 729.3 4 5 112.5 1.758 0 5 1 
339.83 88.1 40.554901 -3.483243 728.8 3 5 113.6 2.109 0 5 1 
340.82 88.0 40.554813 -3.482976 728.7 4 5 114.3 1.758 0 5 1 
341.83 88.1 40.554722 -3.482726 728.4 4 5 116.0 2.461 0 4 0 
342.82 88.5 40.554623 -3.482466 728.3 3 5 116.7 2.461 1 4 0 
343.83 88.9 40.554523 -3.482213 727.9 4 5 117.8 1.758 1 5 1 
344.83 88.3 40.554409 -3.481955 727.6 4 5 118.8 2.109 2 5 1 
345.89 90.0 40.554295 -3.481699 726.8 4 5 119.2 1.406 2 5 1 
346.84 86.5 40.554188 -3.481454 726.6 4 5 120.2 1.406 1 5 1 
347.82 85.7 40.554085 -3.481207 726.5 6 5 121.3 2.109 0 5 1 
348.83 84.2 40.553970 -3.480971 726.1 6 5 122.3 2.109 0 5 1 
349.95 83.5 40.553841 -3.480735 725.3 6 5 123.8 2.461 1 5 1 
350.94 82.4 40.553726 -3.480517 724.6 6 5 124.5 2.109 1 5 1 
351.86 81.1 40.553604 -3.480300 724.0 6 5 125.5 1.758 1 5 1 
352.86 80.6 40.553478 -3.480080 723.5 6 5 126.2 1.758 1 5 1 
353.85 78.9 40.553352 -3.479864 722.9 6 5 127.3 1.758 1 5 1 
354.84 81.4 40.553230 -3.479658 722.3 4 5 128.0 1.758 1 5 1 
355.86 81.8 40.553097 -3.479448 722.1 4 5 128.7 1.406 1 5 1 
356.84 82.4 40.552967 -3.479241 721.6 4 5 129.7 1.758 1 6 1 
357.84 84.0 40.552822 -3.479029 721.2 4 5 130.8 2.109 0 6 1 
358.87 86.5 40.552673 -3.478814 720.7 4 5 132.2 2.461 0 5 1 
359.82 86.5 40.552532 -3.478613 720.1 4 5 132.5 1.758 0 5 1 
360.82 87.4 40.552391 -3.478415 719.3 3 5 133.6 1.406 0 5 1 
361.81 88.2 40.552238 -3.478214 718.5 3 5 134.6 2.109 0 5 1 
362.81 88.6 40.552086 -3.478016 717.9 3 5 136.8 3.164 1 5 1 
363.87 86.5 40.551922 -3.477829 716.9 3 5 137.8 3.164 1 5 1 
364.81 86.8 40.551762 -3.477632 715.9 3 5 137.8 1.055 1 5 1 
365.82 85.6 40.551605 -3.477440 715.3 3 5 138.5 0.703 1 5 1 
366.83 86.3 40.551445 -3.477255 714.4 3 5 139.9 2.109 1 5 1 
367.82 84.5 40.551273 -3.477074 713.6 3 5 140.3 1.758 1 5 1 
368.84 84.1 40.551113 -3.476896 712.7 3 5 141.7 1.758 1 5 1 
369.83 83.4 40.550941 -3.476727 711.9 3 5 142.7 2.461 1 5 1 
370.81 82.7 40.550777 -3.476562 711.0 3 5 143.4 1.758 1 5 1 
371.87 82.4 40.550613 -3.476408 710.3 4 5 144.1 1.406 1 5 1 
372.84 81.8 40.550457 -3.476247 709.5 4 5 145.2 1.758 1 5 1 
373.91 83.3 40.550282 -3.476099 709.0 4 5 146.2 2.109 1 5 1 
374.83 83.8 40.550110 -3.475943 708.1 3 5 147.0 1.758 1 5 1 
375.81 83.3 40.549931 -3.475796 707.3 3 5 148.0 1.758 1 5 1 
376.82 82.7 40.549755 -3.475662 706.7 3 5 149.1 2.109 2 5 1 
377.85 82.3 40.549572 -3.475521 706.2 3 5 150.5 2.461 2 5 1 
378.82 81.6 40.549393 -3.475387 704.8 3 5 151.2 2.109 2 5 1 
379.82 81.5 40.549210 -3.475260 704.2 3 5 151.5 1.055 1 5 1 
380.82 81.5 40.549030 -3.475135 703.8 3 5 152.2 1.055 1 5 1 
381.82 81.6 40.548840 -3.475010 703.2 3 5 154.0 2.461 2 6 1 
382.82 82.5 40.548660 -3.474901 702.3 3 5 155.0 2.812 2 6 1 
383.83 83.6 40.548470 -3.474783 701.5 3 5 155.7 1.758 2 6 1 
384.81 84.3 40.548290 -3.474678 700.8 3 5 156.4 1.406 2 6 1 
385.82 84.5 40.548092 -3.474565 699.8 3 5 157.1 1.406 2 6 1 
386.82 83.4 40.547909 -3.474475 699.4 3 5 158.2 1.758 1 6 1 
387.81 83.5 40.547733 -3.474389 698.5 3 5 158.9 1.758 1 6 1 
388.82 83.8 40.547535 -3.474293 697.8 3 5 160.0 1.758 0 6 1 
389.82 83.5 40.547337 -3.474197 696.8 4 5 161.4 2.461 1 6 1 
390.82 83.8 40.547138 -3.474115 696.0 3 5 162.4 2.461 1 6 1 
391.83 83.5 40.546932 -3.474030 695.3 3 5 163.1 1.758 2 7 1 
392.83 83.6 40.546730 -3.473953 694.4 3 5 163.8 1.406 2 7 1 
393.88 82.8 40.546524 -3.473881 693.6 3 5 164.5 1.406 2 7 1 
394.83 83.5 40.546318 -3.473807 692.6 4 5 164.2 0.352 2 7 1 
395.82 83.6 40.546108 -3.473726 692.0 3 5 164.9 0.703 2 7 1 
396.85 83.8 40.545910 -3.473661 691.2 3 5 165.6 1.406 2 8 1 
397.83 84.0 40.545708 -3.473590 690.1 3 5 165.9 1.055 2 8 1 
398.86 83.8 40.545506 -3.473520 689.6 3 5 165.2 0.703 2 8 1 
399.83 83.7 40.545307 -3.473450 688.4 3 5 165.2 0.703 1 8 1 
400.83 84.3 40.545105 -3.473383 687.4 3 5 165.6 0.352 1 8 1 
401.82 84.5 40.544899 -3.473312 686.8 3 5 165.9 0.703 1 8 1 
402.84 86.4 40.544689 -3.473245 686.1 3 5 166.3 0.703 1 8 1 
403.84 85.0 40.544483 -3.473177 685.2 3 5 165.6 0.703 1 8 1 
404.82 84.6 40.544281 -3.473106 684.0 3 5 165.2 1.055 0 8 1 
406.00 84.6 40.544071 -3.473037 683.6 3 5 164.9 0.703 0 8 1 
406.83 84.1 40.543869 -3.472965 682.9 3 5 164.9 0.352 0 8 1 
407.87 84.0 40.543671 -3.472896 681.9 3 5 164.5 0.352 0 8 1 
408.85 84.9 40.543468 -3.472820 680.9 3 5 164.9 0.352 0 8 1 
409.83 82.8 40.543270 -3.472757 680.3 3 5 165.6 1.055 0 8 1 
410.86 82.1 40.543064 -3.472687 679.4 4 5 165.9 1.055 0 8 1 
411.82 81.5 40.542870 -3.472625 678.7 3 5 165.9 0.352 0 8 1 
412.86 79.1 40.542675 -3.472560 677.9 4 5 165.2 0.703 0 7 1 
413.90 79.8 40.542473 -3.472500 677.2 3 5 165.9 0.703 0 7 1 
414.85 79.4 40.542282 -3.472434 676.8 3 5 166.3 1.055 0 7 1 
415.86 78.5 40.542095 -3.472357 676.0 3 5 166.3 0.352 0 7 1 
416.87 78.3 40.541908 -3.472293 675.7 3 5 166.6 0.352 0 7 1 
417.84 79.6 40.541710 -3.472230 675.0 3 5 167.3 1.055 0 7 1 
418.82 77.9 40.541512 -3.472171 674.4 3 5 167.3 0.703 2 7 1 
419.85 77.1 40.541317 -3.472120 673.9 3 5 166.6 0.703 2 7 1 
420.82 76.7 40.541126 -3.472061 673.5 3 5 165.2 2.109 2 7 1 
421.84 76.1 40.540939 -3.472006 673.1 3 5 165.9 0.703 2 7 1 
422.86 77.1 40.540756 -3.471942 672.5 3 5 165.2 0.703 2 7 1 
423.85 76.4 40.540569 -3.471879 672.1 3 5 165.6 0.352 2 7 1 
424.82 77.3 40.540386 -3.471818 671.8 3 5 165.9 0.703 1 7 1 
425.88 77.6 40.540207 -3.471758 671.4 3 5 165.6 0.352 1 7 1 
426.90 78.4 40.540012 -3.471698 671.1 3 5 165.6 0.352 1 7 1 
427.85 78.9 40.539825 -3.471636 670.7 3 5 166.3 0.703 1 7 1 
428.84 79.8 40.539631 -3.471575 670.4 3 5 165.9 0.352 2 7 1 
429.82 81.0 40.539440 -3.471522 669.9 3 5 165.9 0.352 2 7 1 
430.84 80.9 40.539246 -3.471461 669.6 3 5 166.3 0.352 2 7 1 
431.82 82.5 40.539043 -3.471396 669.4 3 5 165.9 0.352 2 7 1 
432.83 82.2 40.538845 -3.471334 669.3 3 5 166.3 0.352 2 7 1 
433.84 83.2 40.538643 -3.471268 669.1 4 5 165.6 0.703 2 7 1 
434.85 83.4 40.538433 -3.471189 668.6 4 5 165.6 0.703 1 7 1 
435.82 84.0 40.538235 -3.471119 668.0 4 5 165.6 0 1 7 1 
436.83 84.3 40.538052 -3.471057 667.6 3 5 165.2 0.352 1 7 1 
437.89 84.8 40.537846 -3.470994 667.2 3 5 166.3 1.055 1 7 1 
438.86 84.8 40.537643 -3.470929 666.9 3 5 165.9 0.703 2 7 1 
439.83 85.4 40.537437 -3.470855 666.3 3 5 165.6 0.703 1 7 1 
440.81 85.6 40.537224 -3.470788 666.1 3 5 164.5 1.406 1 7 1 
441.82 85.5 40.537018 -3.470704 666.0 3 5 163.8 1.758 1 7 1 
442.83 85.9 40.536819 -3.470621 665.6 3 5 162.1 2.461 2 7 1 
443.84 85.9 40.536617 -3.470521 665.1 3 5 159.6 4.219 2 7 1 
444.81 85.8 40.536419 -3.470406 664.6 3 5 156.8 5.273 1 7 1 
445.84 86.2 40.536221 -3.470286 664.1 3 5 153.6 5.977 1 7 1 
446.90 85.9 40.536026 -3.470158 663.8 3 5 151.5 5.273 1 7 1 
447.83 86.7 40.535839 -3.470019 663.3 3 5 149.4 4.219 2 7 1 
448.82 86.2 40.535660 -3.469864 663.0 3 5 145.9 5.625 1 7 1 
449.82 86.5 40.535484 -3.469692 662.3 3 5 143.1 6.328 0 7 1 
450.81 86.9 40.535316 -3.469516 661.9 3 5 140.3 5.625 0 7 1 
451.82 86.4 40.535160 -3.469324 661.3 3 5 136.8 6.328 0 7 1 
452.85 85.9 40.535000 -3.469124 660.9 3 5 133.9 6.328 0 7 1 
454.01 86.6 40.534859 -3.468922 660.6 3 5 131.8 4.922 1 7 1 
454.83 88.0 40.534714 -3.468706 660.5 3 5 129.7 4.219 0 7 1 
455.82 86.8 40.534580 -3.468488 659.8 3 5 127.3 4.570 0 7 1 
456.83 86.9 40.534458 -3.468259 659.7 3 5 124.8 4.922 0 7 1 
457.83 86.5 40.534340 -3.468024 659.0 3 5 122.0 5.273 0 6 1 
458.82 86.7 40.534229 -3.467779 658.9 3 5 119.2 5.625 2 6 1 
459.83 86.7 40.534130 -3.467517 658.2 3 5 116.0 5.977 2 6 1 
460.86 87.1 40.534042 -3.467257 657.8 3 5 113.2 5.977 2 6 1 
461.82 85.9 40.533966 -3.466998 657.4 4 5 111.4 4.570 1 6 1 
462.95 88.2 40.533897 -3.466714 656.8 3 5 107.9 5.273 1 6 1 
463.84 87.2 40.533840 -3.466442 656.5 3 5 104.8 6.680 1 6 1 
464.87 87.2 40.533791 -3.466168 656.2 3 5 102.0 5.977 1 6 1 
465.83 86.8 40.533760 -3.465889 655.7 3 5 98.8 5.977 1 7 1 
466.86 86.8 40.533726 -3.465607 655.3 3 5 98.8 3.164 1 7 1 
467.83 86.4 40.533730 -3.465319 655.2 3 5 94.2 4.570 1 7 1 
468.82 86.0 40.533722 -3.465026 654.6 4 5 91.8 7.031 1 7 1 
469.84 85.8 40.533714 -3.464743 654.3 4 5 90.7 3.516 1 7 1 
470.90 84.7 40.533730 -3.464486 653.8 4 5 89.6 2.109 0 7 1 
471.84 82.7 40.533730 -3.464219 653.7 4 5 88.6 2.109 0 7 1 
472.83 83.3 40.533749 -3.463971 654.3 4 5 89.6 1.055 1 7 1 
473.88 83.1 40.533745 -3.463695 652.5 4 5 89.6 1.055 0 7 1 
474.81 82.4 40.533745 -3.463417 651.8 4 5 90.0 0.352 1 7 1 
475.82 82.5 40.533745 -3.463136 651.4 4 5 90.0 0.352 2 8 1 
476.82 81.9 40.533741 -3.462859 650.7 4 5 89.3 0.703 1 8 1 
477.84 82.2 40.533745 -3.462579 650.2 4 5 89.3 0.703 1 8 1 
478.84 80.5 40.533745 -3.462309 649.7 4 5 89.6 0.352 1 8 1 
479.85 81.4 40.533749 -3.462033 649.5 4 5 90.0 0.703 1 8 1 
480.85 80.5 40.533764 -3.461773 649.1 4 5 89.3 0.703 1 8 1 
481.83 81.0 40.533756 -3.461505 648.7 4 5 89.6 0.352 1 8 1 
482.87 81.4 40.533749 -3.461241 648.1 4 5 90.7 1.406 2 8 1 
483.87 81.0 40.533749 -3.460974 647.6 4 5 90.0 0.703 1 8 1 
484.84 81.0 40.533749 -3.460712 647.4 4 5 89.3 1.406 1 8 1 
485.82 80.7 40.533745 -3.460441 646.9 4 5 89.6 0.352 1 8 1 
486.82 79.2 40.533745 -3.460181 646.6 4 5 90.0 0.703 1 8 1 
487.83 80.1 40.533749 -3.459911 646.2 3 5 89.6 0.352 1 8 1 
488.87 80.0 40.533749 -3.459654 645.9 3 5 89.3 0.703 0 8 1 
489.85 79.5 40.533749 -3.459400 647.0 3 5 89.6 0.352 1 8 1 
490.83 80.3 40.533749 -3.459136 653.6 3 5 90.4 1.055 1 8 1 
491.89 79.5 40.533752 -3.458878 653.3 3 5 89.6 0.703 1 8 1 
492.87 79.5 40.533756 -3.458621 653.0 3 5 89.3 1.055 1 8 1 
493.81 79.6 40.533768 -3.458360 652.7 4 5 89.6 0.352 1 8 1 
494.84 79.0 40.533775 -3.458108 652.5 4 5 90.0 0.703 1 8 1 
495.84 78.7 40.533772 -3.457845 651.9 3 5 89.6 0.352 1 8 1 
496.84 77.8 40.533772 -3.457582 651.5 3 5 89.6 0.352 1 8 1 
497.88 77.4 40.533772 -3.457319 651.3 3 5 89.6 0 1 8 1 
498.88 77.1 40.533768 -3.457072 651.4 3 5 89.6 0 1 8 1 
499.82 76.7 40.533772 -3.456826 651.3 3 5 89.6 0 1 8 1 
500.86 75.9 40.533775 -3.456578 651.8 3 5 89.6 0 1 8 1 
501.85 75.3 40.533772 -3.456332 652.3 3 5 89.6 0 1 8 1 
502.83 75.2 40.533772 -3.456086 652.3 3 5 89.6 0 1 8 1 
503.83 76.1 40.533772 -3.455842 652.9 3 5 89.6 0 1 8 1 
504.83 77.0 40.533768 -3.455594 652.7 3 5 90.0 0.352 1 8 1 
505.83 76.9 40.533768 -3.455342 653.1 3 5 89.6 0.352 1 8 1 
506.82 78.3 40.533768 -3.455086 652.9 3 5 90.0 0.352 2 8 1 
507.88 80.4 40.533772 -3.454827 654.4 3 5 90.4 0.703 2 8 1 
508.89 80.7 40.533775 -3.454562 655.1 3 5 89.6 0.703 2 8 1 
509.86 81.5 40.533775 -3.454293 655.5 3 5 89.6 0.703 1 8 1 
510.83 83.1 40.533772 -3.454022 656.3 3 5 90.0 0.352 1 8 1 
511.82 83.4 40.533768 -3.453741 656.4 3 5 89.6 0.352 1 8 1 
512.87 84.5 40.533768 -3.453462 657.7 3 5 89.3 0.703 1 8 1 
513.88 84.3 40.533768 -3.453178 658.3 3 5 89.6 0.352 1 8 1 
514.82 84.8 40.533775 -3.452904 658.9 3 5 89.3 0.352 0 8 1 
515.83 85.3 40.533779 -3.452624 660.1 3 5 89.3 0.352 0 8 1 
516.87 86.1 40.533794 -3.452352 649.1 3 5 88.9 0.352 0 8 1 
517.84 85.0 40.533794 -3.452073 648.1 3 5 89.6 0.703 0 8 1 
518.87 84.9 40.533798 -3.451791 648.5 3 5 89.6 0.703 0 8 1 
519.82 85.1 40.533794 -3.451509 648.8 4 5 89.6 0 1 8 1 
520.85 84.8 40.533791 -3.451226 649.5 3 5 89.6 0 1 8 1 
521.84 84.7 40.533791 -3.450947 649.7 3 5 90.0 0.352 2 8 1 
522.83 84.7 40.533787 -3.450663 650.1 4 5 90.0 0.352 2 8 1 
523.81 84.0 40.533791 -3.450385 650.5 4 5 89.6 0.352 2 8 1 
524.83 84.3 40.533794 -3.450110 651.0 4 5 89.3 0.703 1 8 1 
525.82 84.0 40.533791 -3.449825 651.1 4 5 89.3 0.352 1 8 1 
526.86 84.3 40.533791 -3.449547 651.6 4 5 89.6 0.352 1 8 1 
527.83 82.8 40.533787 -3.449272 652.0 4 5 89.6 0.352 1 8 1 
528.83 83.2 40.533791 -3.449003 652.4 4 5 90.0 0.352 1 8 1 
529.81 82.8 40.533787 -3.448732 653.0 4 5 89.6 0.352 1 8 1 
530.84 82.7 40.533794 -3.448463 653.4 4 5 89.6 0.352 1 8 1 
531.83 82.7 40.533794 -3.448189 653.7 4 5 89.6 0 1 8 1 
532.83 81.5 40.533794 -3.447923 654.4 4 5 88.9 0.703 1 8 1 
533.83 82.9 40.533798 -3.447647 654.7 4 5 89.6 0.703 1 8 1 
534.85 83.4 40.533798 -3.447385 655.3 4 5 89.6 0.703 1 8 1 
535.83 84.0 40.533791 -3.447106 655.7 4 5 90.0 0.352 1 8 1 
536.84 83.6 40.533794 -3.446841 656.1 4 5 89.3 0.703 1 8 1 
537.83 84.2 40.533802 -3.446572 656.3 4 5 89.6 0.352 1 8 1 
538.85 84.7 40.533802 -3.446297 657.4 4 5 90.0 0.703 1 8 1 
539.85 85.6 40.533802 -3.446020 657.8 4 5 89.3 0.703 1 8 1 
540.83 85.1 40.533798 -3.445739 658.6 4 5 89.6 0.352 1 8 1 
541.84 85.1 40.533802 -3.445458 659.1 4 5 88.6 1.055 0 8 1 
542.83 85.8 40.533806 -3.445176 659.5 4 5 88.6 1.055 0 8 1 
543.84 86.4 40.533810 -3.444893 660.1 4 5 88.6 0 1 8 1 
544.82 86.6 40.533821 -3.444607 660.7 4 5 89.3 0.703 2 8 1 
545.87 86.4 40.533817 -3.444323 660.8 4 5 89.6 1.055 2 8 1 
546.84 87.5 40.533825 -3.444044 661.5 4 5 89.6 0.352 2 8 1 
547.81 87.6 40.533829 -3.443757 661.6 4 5 89.3 0.352 2 8 1 
548.84 87.3 40.533829 -3.443470 662.2 4 5 89.3 0.352 2 8 1 
549.84 86.3 40.533821 -3.443173 662.7 4 5 89.3 0 2 8 1 
550.82 86.3 40.533825 -3.442891 663.1 4 5 89.3 0 2 8 1 
551.87 86.1 40.533825 -3.442613 663.8 4 5 90.4 1.055 1 8 1 
552.84 84.3 40.533821 -3.442341 663.8 4 5 90.4 1.055 0 8 1 
553.84 83.9 40.533817 -3.442064 664.1 3 5 90.4 0 0 8 1 
554.80 83.8 40.533813 -3.441791 664.1 3 5 90.4 0 0 8 1 
555.81 83.7 40.533806 -3.441516 664.4 3 5 90.4 0 0 8 1 
556.80 83.7 40.533810 -3.441242 664.5 3 5 90.0 0.352 1 8 1 
557.82 83.7 40.533806 -3.440969 664.5 3 5 90.0 0.352 1 8 1 
558.87 83.9 40.533802 -3.440693 664.4 3 5 89.6 0.352 1 8 1 
559.91 84.3 40.533802 -3.440419 664.5 3 5 90.0 0.352 1 8 1 
560.81 84.5 40.533806 -3.440146 664.5 3 5 89.6 0.352 1 8 1 
561.88 84.7 40.533806 -3.439873 664.0 3 5 89.6 0.352 1 8 1 
562.81 84.2 40.533802 -3.439596 664.0 3 5 89.6 0 1 8 1 
563.81 83.6 40.533802 -3.439324 663.1 3 5 89.6 0 1 8 1 
564.81 83.1 40.533802 -3.439050 661.9 3 5 89.6 0 1 8 1 
565.82 82.8 40.533802 -3.438781 661.1 3 5 90.0 0.352 2 8 1 
566.88 82.5 40.533798 -3.438515 660.3 3 5 90.0 0.352 2 8 1 
567.81 82.0 40.533798 -3.438243 659.7 3 5 90.0 0 1 8 1 
568.84 82.0 40.533802 -3.437977 658.8 3 5 89.6 0.352 1 8 1 
569.81 82.0 40.533806 -3.437712 658.8 3 5 89.3 0.703 0 8 1 
570.82 81.9 40.533810 -3.437443 657.8 3 5 89.3 0.352 0 7 1 
571.81 82.0 40.533813 -3.437175 655.5 3 5 89.3 0 0 7 1 
572.89 83.7 40.533813 -3.436897 655.5 3 5 89.6 0.352 0 7 1 
573.89 82.8 40.533813 -3.436630 654.4 3 5 90.0 0.703 0 7 1 
574.88 83.1 40.533813 -3.436357 652.4 3 5 90.0 0.352 0 7 1 
575.89 83.7 40.533813 -3.436080 651.2 3 5 89.6 0.352 0 7 1 
576.88 84.4 40.533810 -3.435802 650.3 3 5 89.6 0.352 0 7 1 
577.84 84.9 40.533810 -3.435524 649.0 3 5 90.0 0.352 0 7 1 
578.83 85.0 40.533806 -3.435243 647.8 3 5 90.0 0.352 1 7 1 
579.89 85.4 40.533802 -3.434962 646.8 3 5 90.0 0 1 7 1 
580.89 85.2 40.533802 -3.434681 645.7 3 5 90.4 0.352 1 7 1 
581.82 85.3 40.533798 -3.434403 644.8 3 5 91.1 1.055 2 7 1 
582.79 84.9 40.533787 -3.434126 643.5 3 5 91.8 1.406 2 7 1 
583.82 85.2 40.533775 -3.433846 642.5 3 5 92.5 1.406 2 7 1 
584.83 85.2 40.533760 -3.433565 641.7 3 5 93.5 1.758 2 7 1 
585.83 85.1 40.533745 -3.433284 640.6 3 5 94.9 2.461 2 7 1 
586.88 85.3 40.533722 -3.433007 639.4 3 5 96.3 2.812 2 7 1 
587.82 85.3 40.533691 -3.432726 637.6 3 5 97.7 2.812 2 7 1 
588.82 85.5 40.533657 -3.432449 637.6 3 5 99.5 3.164 2 7 1 
589.85 85.6 40.533615 -3.432171 636.6 3 5 101.2 3.516 2 7 1 
590.82 85.8 40.533566 -3.431895 634.1 3 5 102.7 3.164 2 7 1 
591.80 84.8 40.533520 -3.431625 634.1 3 5 103.4 2.109 2 7 1 
592.88 84.7 40.533466 -3.431354 633.1 3 5 104.8 2.109 2 7 1 
593.86 84.6 40.533421 -3.431101 632.1 3 5 106.5 3.164 2 7 1 
594.82 85.0 40.533352 -3.430837 631.2 3 5 108.3 3.516 2 7 1 
595.81 85.7 40.533276 -3.430578 629.1 3 5 110.4 3.867 2 7 1 
596.81 87.9 40.533192 -3.430311 629.1 3 5 111.8 3.516 2 7 1 
597.81 85.9 40.533112 -3.430046 628.3 3 5 112.9 2.461 2 7 1 
598.89 85.8 40.533024 -3.429784 627.0 3 5 113.9 2.109 2 7 1 
599.81 86.1 40.532936 -3.429533 624.8 3 5 115.3 2.461 2 7 1 
600.84 86.5 40.532837 -3.429284 624.8 3 5 117.4 3.516 2 7 1 
601.88 86.6 40.532738 -3.429035 622.1 4 5 118.8 3.516 1 7 1 
602.83 87.4 40.532639 -3.428793 621.2 4 5 120.6 3.164 1 7 1 
603.82 89.4 40.532524 -3.428545 620.1 3 5 122.7 3.867 1 7 1 
604.83 89.6 40.532398 -3.428303 620.1 3 5 124.1 3.516 2 7 1 
605.90 89.6 40.532269 -3.428064 618.9 3 5 125.5 2.812 1 7 1 
606.85 90.1 40.532143 -3.427825 618.0 3 5 126.6 2.461 1 7 1 
607.89 90.4 40.532001 -3.427591 616.3 3 5 128.7 3.164 1 7 1 
608.81 89.8 40.531857 -3.427366 616.3 3 5 130.4 3.867 1 7 1 
609.80 91.0 40.531704 -3.427142 615.8 3 5 132.2 3.516 1 7 1 
610.84 91.0 40.531544 -3.426926 615.2 3 5 133.9 3.516 2 7 1 
611.80 88.3 40.531391 -3.426728 615.5 3 5 135.0 2.812 2 7 1 
612.81 88.2 40.531223 -3.426504 615.3 4 5 136.4 2.461 2 7 1 
613.80 85.3 40.531063 -3.426318 615.3 3 5 138.5 3.516 2 7 1 
614.87 85.6 40.530899 -3.426135 615.5 3 5 139.9 3.516 2 8 1 
615.91 85.3 40.530727 -3.425953 615.9 3 5 141.3 2.812 2 8 1 
616.91 85.0 40.530552 -3.425786 615.9 3 5 142.4 2.461 2 8 1 
617.83 84.8 40.530384 -3.425623 616.6 3 5 143.8 2.461 2 8 1 
618.90 85.0 40.530205 -3.425454 617.1 3 5 145.5 3.164 2 8 1 
619.83 85.4 40.530029 -3.425294 617.5 3 5 147.3 3.516 2 8 1 
620.81 84.0 40.529850 -3.425147 617.8 3 5 148.7 3.164 1 8 1 
621.93 83.6 40.529675 -3.425006 618.8 3 5 150.5 3.164 1 8 1 
622.81 83.4 40.529491 -3.424884 619.0 4 5 151.5 2.812 2 8 1 
623.84 82.7 40.529305 -3.424755 619.4 4 5 152.2 1.758 2 8 1 
624.81 82.6 40.529121 -3.424628 619.4 3 5 152.6 1.055 2 8 1 
625.81 82.4 40.528938 -3.424500 620.0 3 5 153.3 1.055 2 8 1 
626.85 82.4 40.528751 -3.424378 620.4 3 5 153.6 1.055 2 8 1 
627.82 82.7 40.528568 -3.424260 620.8 3 5 154.0 0.703 2 8 1 
628.81 81.6 40.528381 -3.424136 621.2 3 5 153.6 0.352 1 8 1 
629.83 80.6 40.528206 -3.424031 621.6 3 5 152.9 1.055 1 8 1 
630.81 79.2 40.528027 -3.423907 622.1 3 5 152.2 1.406 1 8 1 
631.81 78.8 40.527851 -3.423781 622.3 3 5 151.2 1.758 1 8 1 
632.89 80.5 40.527679 -3.423661 622.7 3 5 149.8 2.461 1 8 1 
633.81 79.0 40.527512 -3.423524 623.1 3 5 147.7 3.516 1 9 1 
634.84 79.9 40.527340 -3.423388 623.3 3 5 146.2 3.516 1 9 1 
635.82 80.1 40.527180 -3.423250 623.9 3 5 144.1 3.516 2 9 1 
636.81 80.7 40.527023 -3.423089 624.3 3 5 142.0 4.219 2 9 1 
637.90 80.8 40.526863 -3.422926 624.6 3 5 139.2 4.922 2 9 1 
638.89 81.5 40.526718 -3.422756 625.1 3 5 136.8 5.273 2 9 1 
639.87 81.7 40.526573 -3.422562 625.6 3 5 134.6 4.570 2 9 1 
640.81 82.3 40.526428 -3.422367 626.0 3 5 132.9 3.867 2 9 1 
641.82 82.9 40.526283 -3.422167 626.4 3 5 131.1 3.516 2 9 1 
642.82 82.8 40.526157 -3.421954 626.8 3 5 128.0 4.922 2 9 1 
643.82 83.3 40.526039 -3.421736 627.3 4 5 125.5 5.625 1 9 1 
644.83 82.1 40.525917 -3.421514 628.0 4 5 124.5 3.516 1 9 1 
645.82 83.9 40.525810 -3.421270 628.6 4 5 121.3 4.219 0 9 1 
646.83 83.5 40.525707 -3.421028 629.1 4 5 118.8 5.625 0 9 1 
647.82 84.2 40.525604 -3.420778 629.5 4 5 117.8 3.516 0 9 1 
648.81 84.1 40.525513 -3.420538 629.9 4 5 117.4 1.406 0 9 1 
649.84 84.4 40.525417 -3.420289 630.6 4 5 115.7 2.109 0 9 1 
650.85 81.5 40.525341 -3.420042 631.1 4 5 112.9 4.570 0 9 1 
651.83 83.6 40.525265 -3.419791 631.5 4 5 111.1 4.570 0 8 1 
652.82 81.3 40.525200 -3.419545 631.9 4 5 111.4 1.406 0 8 1 
653.85 80.1 40.525127 -3.419294 632.0 4 5 110.4 1.055 0 8 1 
654.89 77.7 40.525070 -3.419038 632.3 4 5 107.2 4.219 0 8 1 
655.88 77.4 40.525013 -3.418787 632.4 3 5 106.5 3.867 0 8 1 
656.82 77.4 40.524956 -3.418541 633.0 3 5 106.5 0.703 0 8 1 
657.86 76.6 40.524906 -3.418307 633.1 3 5 106.2 0.352 0 7 1 
658.85 76.1 40.524849 -3.418081 633.4 3 5 106.9 0.703 0 7 1 
659.89 76.0 40.524796 -3.417846 633.9 3 5 106.5 0.352 0 7 1 
660.90 73.7 40.524734 -3.417614 634.5 3 5 109.3 2.812 0 7 1 
661.84 74.2 40.524670 -3.417392 634.8 3 5 109.3 2.812 0 7 1 
662.86 75.2 40.524616 -3.417161 635.0 3 5 110.7 1.406 0 7 1 
663.81 76.4 40.524551 -3.416920 635.3 3 5 112.5 3.164 0 6 1 
664.83 75.6 40.524479 -3.416713 635.5 3 5 115.0 4.219 0 6 1 
665.81 76.2 40.524395 -3.416482 635.9 3 5 116.4 3.867 0 6 1 
666.89 79.5 40.524303 -3.416258 635.8 3 5 118.5 3.516 1 6 1 
667.83 81.1 40.524197 -3.416024 635.9 3 5 120.2 3.867 2 6 1 
668.83 83.2 40.524094 -3.415798 635.8 3 5 122.0 3.516 2 6 1 
669.89 84.9 40.523979 -3.415558 635.8 3 5 123.4 3.164 2 6 1 
670.81 85.6 40.523853 -3.415324 635.7 3 5 125.5 3.516 2 6 1 
671.83 87.2 40.523724 -3.415110 635.9 3 5 126.9 3.516 1 6 1 
672.81 88.4 40.523586 -3.414880 635.4 3 5 129.0 3.516 0 6 1 
673.81 87.7 40.523441 -3.414659 634.1 4 5 131.8 4.922 0 6 1 
674.81 89.0 40.523293 -3.414443 633.0 4 5 133.9 4.922 0 6 1 
675.82 89.9 40.523132 -3.414237 632.4 4 5 135.7 3.867 0 5 1 
676.80 91.4 40.522964 -3.414035 631.1 4 5 137.8 3.867 0 5 1 
677.81 91.8 40.522793 -3.413851 630.3 4 5 140.3 4.570 0 5 1 
678.81 91.1 40.522610 -3.413659 629.0 3 5 141.7 3.867 0 5 1 
679.85 91.3 40.522434 -3.413486 628.2 3 5 143.4 3.164 0 5 1 
680.81 91.3 40.522251 -3.413307 627.8 4 5 143.4 1.758 0 4 0 
681.81 91.8 40.522064 -3.413123 628.3 4 5 143.1 0.352 0 4 0 
682.85 90.9 40.521885 -3.412938 627.0 4 5 144.1 1.055 0 4 0 
683.81 92.2 40.521690 -3.412758 625.8 4 5 144.5 1.406 0 4 0 
684.89 92.2 40.521511 -3.412589 625.1 4 5 144.8 0.703 0 4 0 
685.81 92.2 40.521309 -3.412416 624.8 4 5 144.5 0.352 0 4 0 
686.81 92.0 40.521122 -3.412233 624.1 4 5 144.1 0.703 0 4 0 
687.81 92.0 40.520943 -3.412055 623.6 4 5 144.1 0.352 0 3 0 
688.81 91.9 40.520760 -3.411874 623.1 4 5 144.5 0.352 0 3 0 
689.89 91.8 40.520569 -3.411703 622.5 3 5 144.5 0.352 0 3 0 
690.80 92.2 40.520378 -3.411530 621.8 3 5 144.8 0.352 0 3 0 
691.86 93.1 40.520184 -3.411354 621.8 4 5 144.8 0.352 0 3 0 
692.84 93.9 40.519997 -3.411177 621.6 4 5 144.8 0 0 3 0 
693.80 94.8 40.519806 -3.410997 621.1 4 5 144.8 0 0 2 0 
694.84 95.8 40.519611 -3.410815 620.9 3 5 145.5 0.703 0 2 0 
695.84 96.8 40.519413 -3.410628 620.5 3 5 144.8 0.703 0 2 0 
696.82 96.8 40.519215 -3.410439 620.3 3 5 144.5 1.055 0 2 0 
697.94 97.1 40.519012 -3.410252 620.0 3 5 144.5 0.352 0 2 0 
698.86 94.9 40.518829 -3.410076 619.8 3 5 144.5 0 0 2 0 
699.82 96.8 40.518631 -3.409890 619.6 4 5 144.1 0.352 0 1 0 
700.82 96.2 40.518433 -3.409713 619.2 3 5 144.8 0.703 1 1 0 
701.87 96.6 40.518234 -3.409536 618.7 4 5 145.2 1.055 1 1 0 
702.82 97.1 40.518036 -3.409351 618.7 4 5 144.8 0.352 2 1 0 
703.82 97.2 40.517841 -3.409170 618.7 3 5 145.2 0.352 2 1 0 
704.84 97.7 40.517639 -3.408986 618.1 3 5 145.2 0.352 2 1 0 
705.85 97.7 40.517441 -3.408806 617.6 3 5 145.2 0 2 1 0 
706.83 98.3 40.517239 -3.408624 617.4 3 5 145.9 0.703 1 2 0 
