20.52 90.0 2 primary 1 1 40.583706 -3.555486 3.120 73.4 
22.11 90.0 1 primary 1 1 40.584366 -3.553519 0.704 75.9 
23.74 90.0 1 primary 1 1 40.584332 -3.553254 1.333 80.5 
25.04 90.0 1 primary 2 1 40.584274 -3.552727 0.638 82.0 
26.20 90.0 1 primary 2 1 40.584240 -3.552464 0.798 83.4 
27.20 90.0 1 primary 2 1 40.584194 -3.552199 0.793 82.9 
28.11 90.0 1 primary 2 1 40.584137 -3.551937 0.710 82.5 
29.44 90.0 1 primary 2 1 40.584080 -3.551673 1.041 82.2 
31.08 90.0 1 primary 2 1 40.583939 -3.551152 0.680 82.6 
32.23 90.0 1 primary 2 1 40.583862 -3.550892 0.820 87.3 
33.78 90.0 1 primary 2 1 40.583778 -3.550631 1.371 90.1 
35.31 90.0 1 primary 2 1 40.583584 -3.550076 0.909 93.3 
36.61 90.0 1 primary 2 1 40.583473 -3.549803 1.209 93.7 
38.56 90.0 1 primary 2 1 40.583241 -3.549264 1.155 95.3 
40.40 90.0 1 primary 2 1 40.582985 -3.548723 0.997 97.7 
41.53 90.0 1 primary 2 1 40.582844 -3.548458 1.123 98.9 
43.28 90.0 1 primary 2 1 40.582539 -3.547940 0.880 102.8 
44.31 90.0 1 primary 2 1 40.582375 -3.547681 0.905 104.2 
45.73 90.0 1 primary 2 1 40.582203 -3.547427 1.324 105.6 
47.06 90.0 1 primary 2 1 40.581829 -3.546937 0.654 105.9 
48.50 90.0 1 primary 2 1 40.581638 -3.546698 1.095 104.0 
50.93 90.0 1 primary 2 1 40.581268 -3.546220 1.526 101.7 
52.61 90.0 1 primary 2 1 40.580914 -3.545759 1.209 99.3 
54.16 90.0 1 primary 2 1 40.580593 -3.545278 0.761 97.5 
55.27 90.0 1 primary 2 1 40.580425 -3.545052 0.864 96.6 
56.11 90.0 1 primary 2 1 40.580265 -3.544813 0.710 96.6 
57.50 90.0 1 primary 2 1 40.580101 -3.544575 1.097 94.7 
59.06 90.0 1 primary 2 1 40.579792 -3.544096 0.653 94.0 
60.27 90.0 1 primary 2 1 40.579647 -3.543868 0.862 93.3 
61.29 90.0 1 primary 2 1 40.579502 -3.543624 0.887 92.6 
62.13 90.0 1 primary 2 1 40.579369 -3.543383 0.729 92.7 
63.37 90.0 1 primary 2 1 40.579231 -3.543149 0.969 92.5 
64.36 90.0 1 primary 2 1 40.579094 -3.542904 0.960 91.7 
65.28 90.0 1 primary 2 1 40.578960 -3.542659 0.880 91.9 
66.73 90.0 1 primary 2 1 40.578823 -3.542417 1.324 91.5 
68.81 90.0 1 primary 2 1 40.578545 -3.541924 1.408 91.5 
70.65 90.0 1 primary 2 1 40.578300 -3.541417 1.245 91.7 
72.15 90.0 1 primary 2 1 40.578068 -3.540892 0.744 91.4 
73.18 90.0 1 primary 2 1 40.577950 -3.540632 0.776 91.2 
74.09 90.0 1 primary 2 1 40.577835 -3.540374 0.692 91.2 
75.43 90.0 1 primary 2 1 40.577721 -3.540106 1.032 91.4 
77.13 90.0 1 primary 2 1 40.577511 -3.539569 0.724 91.6 
78.95 90.0 1 primary 2 1 40.577408 -3.539300 1.544 91.2 
80.03 90.0 1 primary 2 1 40.577206 -3.538769 0.630 91.1 
81.27 90.0 1 primary 2 1 40.577129 -3.538511 0.867 91.7 
82.18 90.0 1 primary 2 1 40.577030 -3.538234 0.781 91.3 
83.33 90.0 1 primary 2 1 40.576931 -3.537959 0.933 90.1 
84.13 90.0 1 primary 2 1 40.576839 -3.537696 0.727 90.1 
85.37 90.0 1 primary 2 1 40.576748 -3.537442 0.964 89.8 
85.97 90.0 1 primary 2 1 40.576660 -3.537171 0.571 89.8 
86.96 90.0 1 primary 2 1 40.576572 -3.536896 0.558 89.8 
88.17 90.0 1 primary 2 1 40.576481 -3.536619 0.769 88.5 
89.17 90.0 1 primary 2 1 40.576385 -3.536354 0.762 89.2 
90.08 90.0 1 primary 2 1 40.576294 -3.536083 0.676 89.2 
91.31 90.0 1 primary 2 1 40.576183 -3.535814 0.905 89.1 
92.21 90.0 1 primary 2 1 40.576084 -3.535553 0.813 88.0 
93.77 90.0 1 primary 2 1 40.575974 -3.535297 1.362 87.7 
95.42 90.0 1 primary 2 1 40.575764 -3.534788 1.018 86.0 
96.82 90.0 1 primary 2 1 40.575550 -3.534278 0.423 85.9 
98.19 90.0 1 primary 2 1 40.575443 -3.534029 0.791 86.2 
99.12 90.0 1 primary 2 1 40.575344 -3.533776 0.719 85.2 
100.11 90.0 1 primary 2 1 40.575230 -3.533531 0.706 85.4 
101.15 90.0 1 primary 2 1 40.575119 -3.533283 0.749 85.6 
102.25 90.0 1 primary 2 1 40.575001 -3.533049 0.848 85.8 
103.07 90.0 1 primary 2 1 40.574883 -3.532813 0.666 85.8 
103.99 90.0 1 primary 2 1 40.574753 -3.532583 0.591 86.4 
105.15 90.0 1 primary 2 1 40.574615 -3.532350 0.748 85.8 
106.28 90.0 1 primary 2 1 40.574493 -3.532110 0.879 85.2 
107.57 90.0 1 primary 2 1 40.574375 -3.531888 1.173 85.7 
109.04 90.0 1 primary 2 1 40.574146 -3.531401 0.633 88.0 
110.26 90.0 1 primary 2 1 40.574036 -3.531159 0.854 89.9 
111.36 90.0 1 primary 2 1 40.573917 -3.530913 0.961 91.4 
112.50 90.0 1 primary 2 1 40.573811 -3.530663 1.102 92.8 
114.34 90.0 1 primary 2 1 40.573582 -3.530127 0.933 94.5 
114.96 90.0 1 primary 2 1 40.573479 -3.529852 0.554 94.5 
116.99 90.0 1 primary 2 1 40.573364 -3.529562 1.592 94.2 
119.25 90.0 1 primary 2 1 40.573177 -3.528989 1.853 93.7 
120.37 90.0 1 primary 2 1 40.573013 -3.528413 0.973 93.4 
121.51 90.0 1 primary 2 1 40.572933 -3.528131 1.104 92.7 
169.00 90.0 1 primary 2 1 40.572769 -3.527563 46.595 82.3 
169.98 90.0 1 primary 3 2 40.566101 -3.517932 0.581 81.1 
170.96 90.0 1 primary 3 2 40.565918 -3.517838 0.559 80.1 
171.90 90.0 1 primary 3 2 40.565731 -3.517742 0.496 79.6 
172.91 90.0 1 primary 3 2 40.565540 -3.517653 0.504 78.4 
174.04 90.0 1 primary 3 2 40.565346 -3.517571 0.640 77.7 
175.16 90.0 1 primary 3 2 40.565159 -3.517502 0.759 76.7 
176.36 90.0 1 primary 3 2 40.564968 -3.517431 0.960 76.7 
177.06 90.0 1 primary 3 2 40.564785 -3.517369 0.653 76.7 
177.92 90.0 1 primary 3 1 40.564594 -3.517311 0.522 77.1 
179.09 90.0 1 primary 3 1 40.564407 -3.517257 0.687 77.4 
179.97 90.0 1 primary 3 1 40.564209 -3.517212 0.572 79.4 
181.10 90.0 1 primary 3 1 40.564022 -3.517160 0.696 79.0 
181.95 90.0 1 primary 3 1 40.563824 -3.517124 0.551 79.0 
182.96 90.0 1 primary 3 1 40.563625 -3.517078 0.555 79.6 
183.90 90.0 1 primary 3 1 40.563427 -3.517040 0.499 79.4 
185.00 90.0 1 primary 3 1 40.563229 -3.517000 0.597 80.2 
186.12 90.0 1 primary 3 1 40.563030 -3.516964 0.717 79.6 
186.94 90.0 1 primary 3 1 40.562836 -3.516934 0.535 79.6 
188.07 90.0 1 primary 3 1 40.562637 -3.516897 0.663 81.9 
189.11 100.0 3 primary_link 1 1 40.562431 -3.516866 0.711 80.8 
205.88 100.0 3 primary_link 1 1 40.562237 -3.516831 16.478 93.4 
207.31 90.0 1 primary 3 1 40.558758 -3.514956 0.911 94.3 
208.09 90.0 1 primary 3 1 40.558582 -3.514751 0.689 94.2 
209.18 90.0 1 primary 3 1 40.558422 -3.514534 0.780 93.8 
210.29 90.0 1 primary 3 1 40.558258 -3.514305 0.882 93.9 
211.10 90.0 1 primary 3 1 40.558102 -3.514069 0.699 93.9 
212.26 90.0 1 primary 3 1 40.557957 -3.513827 0.856 93.2 
213.76 90.0 1 primary 3 1 40.557816 -3.513590 1.360 92.8 
215.10 90.0 1 primary 3 1 40.557545 -3.513072 0.696 92.4 
216.34 90.0 1 primary 3 1 40.557430 -3.512805 0.904 92.2 
217.35 90.0 1 primary 3 1 40.557320 -3.512534 0.943 91.2 
218.37 90.0 1 primary 3 1 40.557224 -3.512270 0.971 91.5 
219.50 90.0 1 primary 3 1 40.557129 -3.511993 1.100 91.0 
221.21 90.0 1 primary 3 1 40.556965 -3.511430 0.810 91.5 
222.27 90.0 1 primary 3 1 40.556904 -3.511141 0.865 91.9 
223.33 90.0 1 primary 3 1 40.556850 -3.510844 0.931 90.1 
224.01 90.0 1 primary 3 1 40.556805 -3.510550 0.613 90.1 
224.95 90.0 1 primary 3 1 40.556763 -3.510267 0.549 89.1 
226.28 90.0 1 primary 3 1 40.556725 -3.509990 0.878 83.1 
227.39 90.0 1 primary 3 1 40.556694 -3.509713 0.983 81.2 
228.25 90.0 1 primary 3 1 40.556671 -3.509449 0.844 77.7 
229.25 90.0 1 primary 3 1 40.556660 -3.509191 0.849 75.7 
230.05 90.0 1 primary 3 1 40.556656 -3.508944 0.646 75.7 
230.89 90.0 1 primary 3 1 40.556656 -3.508710 0.491 73.6 
231.81 90.0 1 primary 3 1 40.556664 -3.508470 0.404 72.2 
232.93 90.0 1 primary 3 1 40.556675 -3.508238 0.523 70.1 
233.84 90.0 1 primary 3 1 40.556683 -3.508009 0.437 70.3 
234.87 90.0 1 primary 3 1 40.556694 -3.507785 0.463 70.3 
235.92 90.0 1 primary 3 1 40.556694 -3.507567 0.515 71.6 
236.91 90.0 1 primary 3 1 40.556702 -3.507329 0.507 71.5 
237.96 90.0 1 primary 3 1 40.556709 -3.507093 0.561 71.6 
238.98 90.0 1 primary 3 1 40.556717 -3.506848 0.574 72.3 
240.92 90.0 1 primary 3 1 40.556717 -3.506600 1.508 73.7 
242.37 90.0 1 primary 3 1 40.556686 -3.506119 0.968 75.9 
243.41 90.0 1 primary 3 1 40.556660 -3.505877 1.005 77.1 
245.13 90.0 1 primary 3 1 40.556595 -3.505390 0.729 78.3 
246.52 90.0 1 primary 3 1 40.556553 -3.505147 1.121 79.5 
248.08 90.0 1 primary 3 1 40.556446 -3.504658 0.680 81.9 
249.24 90.0 1 primary 3 1 40.556385 -3.504407 0.838 83.4 
250.17 90.0 1 primary 3 1 40.556313 -3.504164 0.770 84.1 
252.40 90.0 1 primary 3 1 40.556236 -3.503898 1.992 85.8 
254.04 90.0 1 primary 3 1 40.556049 -3.503382 1.642 86.6 
255.03 90.0 1 primary 3 1 40.555840 -3.502871 0.630 87.4 
256.17 90.0 1 primary 3 1 40.555729 -3.502618 0.767 85.4 
257.41 90.0 1 primary 3 1 40.555607 -3.502372 1.010 85.2 
259.44 90.0 1 primary 3 1 40.555355 -3.501908 1.035 86.3 
261.09 90.0 1 primary 3 1 40.555103 -3.501442 0.693 86.7 
262.92 90.0 1 primary 3 1 40.554985 -3.501206 1.517 88.7 
265.08 90.0 1 primary 3 1 40.554775 -3.500690 1.677 86.7 
266.71 90.0 1 primary 2 1 40.554607 -3.500169 1.307 84.9 
268.28 90.0 1 primary 2 1 40.554504 -3.499635 0.875 84.5 
269.07 90.0 1 primary 2 1 40.554451 -3.499367 0.663 84.5 
269.89 90.0 1 primary 2 1 40.554401 -3.499111 0.488 84.7 
271.11 90.0 1 primary 2 1 40.554348 -3.498850 0.705 85.3 
271.95 90.0 1 primary 2 1 40.554317 -3.498564 0.553 85.3 
273.07 90.0 1 primary 2 1 40.554276 -3.498290 0.667 86.3 
274.21 90.0 1 primary 2 1 40.554249 -3.498012 0.807 86.1 
275.31 90.0 3 tertiary_link 1 1 40.554226 -3.497738 0.903 85.3 
276.33 90.0 3 tertiary_link 1 1 40.554211 -3.497457 0.928 84.2 
277.31 90.0 3 tertiary_link 1 1 40.554199 -3.497182 0.914 84.4 
278.39 90.0 3 tertiary_link 1 1 40.554207 -3.496907 0.985 84.8 
279.18 90.0 3 tertiary_link 1 1 40.554218 -3.496629 0.783 84.2 
280.15 90.0 3 tertiary_link 1 1 40.554241 -3.496351 0.749 85.1 
280.98 100.0 3 primary_link 1 1 40.554272 -3.496074 0.577 85.1 
282.07 100.0 3 primary_link 1 1 40.554310 -3.495807 0.669 85.2 
282.89 100.0 3 primary_link 1 1 40.554356 -3.495537 0.486 85.4 
284.12 100.0 3 primary_link 1 1 40.554401 -3.495265 0.715 84.9 
285.16 100.0 3 primary_link 1 1 40.554455 -3.494998 0.760 84.7 
286.08 90.0 1 primary 2 1 40.554520 -3.494733 0.676 84.7 
287.16 90.0 1 primary 2 1 40.554600 -3.494475 0.759 84.2 
288.25 90.0 1 primary 2 1 40.554695 -3.494227 0.844 83.8 
289.15 90.0 1 primary 2 1 40.554783 -3.493982 0.750 83.8 
290.48 90.0 1 primary 2 1 40.554874 -3.493733 1.074 83.9 
292.00 90.0 1 primary 2 1 40.555080 -3.493247 0.596 82.9 
293.59 90.0 1 primary 2 1 40.555180 -3.493004 1.184 83.7 
294.99 90.0 1 primary 2 1 40.555359 -3.492524 0.589 83.3 
296.23 90.0 1 primary 2 1 40.555435 -3.492270 0.830 84.0 
297.32 90.0 3 tertiary_link 1 1 40.555504 -3.492006 0.922 84.6 
298.26 90.0 3 tertiary_link 1 1 40.555569 -3.491742 0.858 85.2 
299.78 90.0 3 tertiary_link 1 1 40.555622 -3.491476 1.378 85.8 
301.22 100.0 3 primary_link 1 1 40.555725 -3.490927 0.823 86.9 
301.99 100.0 3 primary_link 1 1 40.555775 -3.490648 0.580 86.9 
303.07 100.0 3 primary_link 1 1 40.555809 -3.490373 0.664 88.1 
304.30 100.0 3 primary_link 1 1 40.555840 -3.490084 0.896 90.5 
305.43 90.0 1 primary 2 1 40.555870 -3.489791 1.033 92.2 
306.95 90.0 1 primary 2 1 40.555870 -3.489185 0.548 91.7 
307.98 90.0 1 primary 2 1 40.555859 -3.488873 0.576 93.2 
308.93 90.0 1 primary 2 1 40.555847 -3.488561 0.530 96.1 
310.27 90.0 1 primary 2 1 40.555832 -3.488253 0.871 94.8 
311.07 90.0 1 primary 2 1 40.555813 -3.487962 0.664 94.8 
312.18 90.0 1 primary 2 1 40.555786 -3.487648 0.776 95.1 
313.24 90.0 1 primary 2 1 40.555752 -3.487342 0.844 95.2 
314.77 90.0 1 primary 2 1 40.555725 -3.487038 1.372 95.7 
316.28 90.0 1 primary 2 1 40.555645 -3.486412 0.877 96.6 
317.93 90.0 1 primary 2 1 40.555595 -3.486114 1.530 97.1 
319.37 90.0 1 primary 2 1 40.555477 -3.485494 0.972 97.7 
321.04 90.0 1 primary 2 1 40.555412 -3.485187 1.638 97.6 
322.31 90.0 1 primary 2 1 40.555252 -3.484573 0.906 98.4 
323.23 90.0 1 primary 2 1 40.555180 -3.484272 0.831 98.9 
324.37 90.0 1 primary 2 1 40.555092 -3.483969 0.964 99.0 
325.49 90.0 1 primary 2 1 40.554996 -3.483669 1.089 99.2 
327.71 90.0 1 primary 2 1 40.554806 -3.483065 1.313 99.7 
330.11 90.0 1 primary 2 1 40.554585 -3.482475 1.710 98.6 
331.24 90.0 1 primary 2 1 40.554348 -3.481882 0.839 97.2 
332.48 90.0 1 primary 2 1 40.554230 -3.481595 1.079 98.3 
335.31 90.0 1 primary 2 1 40.553963 -3.481051 1.908 97.7 
336.34 90.0 1 primary 2 1 40.553684 -3.480524 0.943 97.5 
337.28 90.0 1 primary 2 1 40.553543 -3.480267 0.878 98.0 
338.12 90.0 1 primary 2 1 40.553398 -3.480005 0.716 96.5 
339.44 90.0 1 primary 2 1 40.553246 -3.479752 1.037 97.8 
341.15 90.0 1 primary 2 1 40.552948 -3.479272 0.752 98.2 
341.87 90.0 1 primary 2 1 40.552784 -3.479030 0.467 98.2 
343.32 90.0 1 primary 2 1 40.552620 -3.478792 0.917 98.7 
344.16 90.0 1 primary 2 1 40.552452 -3.478552 0.756 99.3 
345.14 90.0 1 primary 2 1 40.552280 -3.478316 0.743 99.5 
348.43 90.0 1 primary 2 1 40.552113 -3.478087 3.030 100.3 
350.52 90.0 1 primary 2 1 40.551365 -3.477201 1.124 99.3 
352.42 90.0 1 primary 2 1 40.550976 -3.476795 1.012 99.1 
354.06 90.0 1 primary 2 1 40.550579 -3.476409 0.653 99.3 
355.14 90.0 1 primary 2 1 40.550373 -3.476228 0.736 98.6 
356.13 90.0 1 primary 2 1 40.550171 -3.476035 0.723 98.6 
357.02 90.0 1 primary 2 1 40.549973 -3.475849 0.622 98.5 
358.56 90.0 1 primary 2 1 40.549759 -3.475672 1.158 99.3 
360.25 90.0 1 primary 2 1 40.549320 -3.475348 0.851 100.4 
361.34 90.0 1 primary 2 1 40.549099 -3.475186 0.933 98.7 
362.76 90.0 1 primary 2 1 40.548882 -3.475040 1.357 100.2 
364.64 90.0 1 primary 2 1 40.548412 -3.474769 1.237 99.0 
366.67 90.0 1 primary 2 1 40.547958 -3.474519 1.269 99.3 
368.17 90.0 1 primary 2 1 40.547497 -3.474278 0.764 97.7 
369.75 90.0 1 primary 2 1 40.547264 -3.474168 1.345 98.4 
371.40 90.0 1 primary 2 1 40.546814 -3.473994 0.995 98.1 
372.94 90.0 1 primary 2 1 40.546574 -3.473903 1.537 98.2 
374.37 90.0 1 primary 2 1 40.546097 -3.473731 0.967 97.5 
375.17 90.0 1 primary 2 1 40.545860 -3.473646 0.767 97.8 
376.37 90.0 1 primary 2 1 40.545624 -3.473571 0.966 97.1 
377.40 90.0 1 primary 2 1 40.545387 -3.473498 0.999 97.8 
378.33 90.0 1 primary 2 1 40.545151 -3.473426 0.917 98.0 
379.67 90.0 1 primary 2 1 40.544918 -3.473343 1.266 97.4 
381.29 90.0 1 primary 2 1 40.544449 -3.473181 0.890 96.5 
382.96 90.0 1 primary 2 1 40.544220 -3.473097 1.554 99.8 
384.27 90.0 1 primary 2 1 40.543743 -3.472922 0.866 97.9 
385.50 30.0 1 primary_link 1 1 40.543503 -3.472850 1.100 97.0 
387.34 30.0 1 primary_link 1 1 40.543030 -3.472709 0.935 97.3 
388.67 30.0 1 primary_link 1 1 40.542793 -3.472641 1.271 97.7 
390.32 30.0 1 primary_link 1 1 40.542328 -3.472497 0.918 97.2 
391.33 30.0 1 primary_link 1 1 40.542095 -3.472423 0.925 97.3 
392.60 30.0 1 primary_link 1 1 40.541859 -3.472335 1.194 98.8 
394.14 30.0 1 primary_link 1 1 40.541386 -3.472157 0.738 94.9 
395.04 30.0 1 primary_link 1 1 40.541157 -3.472090 0.637 94.9 
396.26 90.0 1 primary 2 1 40.540920 -3.472021 0.857 94.4 
397.17 90.0 1 primary 2 1 40.540688 -3.471952 0.764 93.0 
398.09 90.0 1 primary 2 1 40.540466 -3.471878 0.686 93.0 
399.01 90.0 1 primary 2 1 40.540234 -3.471797 0.609 93.3 
400.03 90.0 1 primary 2 1 40.540009 -3.471721 0.631 91.8 
401.08 90.0 1 primary 2 1 40.539787 -3.471645 0.683 91.1 
402.19 90.0 1 primary 2 1 40.539566 -3.471574 0.789 92.1 
403.11 90.0 1 primary 2 1 40.539349 -3.471494 0.704 91.9 
404.67 90.0 1 primary 2 1 40.539127 -3.471417 1.265 93.9 
406.45 90.0 1 primary 2 1 40.538670 -3.471279 1.050 93.1 
408.55 90.0 1 primary 2 1 40.538216 -3.471135 1.150 94.4 
410.08 90.0 1 primary 2 1 40.537754 -3.470982 0.677 93.9 
411.09 90.0 1 primary 2 1 40.537525 -3.470917 0.689 93.3 
412.12 90.0 1 primary 2 1 40.537308 -3.470847 0.715 93.6 
413.45 90.0 1 primary 2 1 40.537090 -3.470764 1.048 93.3 
414.98 90.0 1 primary 2 1 40.536655 -3.470592 0.581 93.2 
416.05 90.0 1 primary 2 1 40.536438 -3.470476 0.652 93.0 
417.23 90.0 1 primary 2 1 40.536228 -3.470354 0.831 91.6 
418.36 100.0 3 primary_link 1 1 40.536030 -3.470206 0.954 92.8 
419.28 100.0 3 primary_link 1 1 40.535835 -3.470047 0.882 92.8 
420.00 100.0 3 primary_link 1 1 40.535637 -3.469891 0.600 92.8 
421.33 100.0 3 primary_link 1 1 40.535450 -3.469716 0.931 93.1 
422.29 100.0 3 primary_link 1 1 40.535267 -3.469526 0.888 93.1 
423.19 100.0 3 primary_link 1 1 40.535088 -3.469317 0.785 92.2 
424.92 100.0 3 primary_link 1 1 40.534927 -3.469105 1.515 91.9 
426.60 90.0 1 primary 2 1 40.534618 -3.468657 1.197 90.3 
428.40 90.0 1 primary 2 1 40.534367 -3.468176 0.996 89.7 
429.23 90.0 1 primary 2 1 40.534252 -3.467927 0.825 90.1 
430.14 90.0 1 primary 2 1 40.534145 -3.467665 0.740 90.3 
432.50 90.0 1 primary 2 1 40.534054 -3.467392 2.093 89.8 
439.27 90.0 1 primary 2 1 40.533825 -3.466549 5.873 87.4 
440.08 90.0 1 primary 2 1 40.533695 -3.464809 0.676 87.4 
440.91 90.0 1 primary 2 1 40.533695 -3.464520 0.511 87.1 
442.57 90.0 1 primary 2 1 40.533688 -3.464241 1.165 86.9 
443.98 90.0 1 primary 2 1 40.533680 -3.463679 0.572 86.8 
445.01 90.0 1 primary 2 1 40.533680 -3.463396 0.608 86.5 
446.05 90.0 1 primary 2 1 40.533676 -3.463104 0.645 86.7 
447.34 90.0 1 primary 2 1 40.533676 -3.462830 0.941 85.9 
448.17 90.0 1 primary 2 1 40.533684 -3.462548 0.770 85.6 
449.09 90.0 1 primary 2 1 40.533688 -3.462261 0.690 85.6 
450.44 90.0 1 primary 2 1 40.533695 -3.461983 1.040 85.1 
453.31 90.0 1 primary 2 1 40.533691 -3.461462 1.911 84.7 
454.61 90.0 1 primary 2 1 40.533680 -3.460901 1.211 84.3 
456.38 90.0 1 primary 2 1 40.533669 -3.460345 0.982 83.6 
457.65 90.0 1 primary 2 1 40.533672 -3.460069 1.245 84.0 
459.29 90.0 1 primary 2 1 40.533695 -3.459515 0.887 84.5 
460.31 90.0 1 primary 2 1 40.533707 -3.459245 0.912 85.1 
461.41 90.0 1 primary 2 1 40.533714 -3.458961 1.011 85.6 
463.14 90.0 1 primary 2 1 40.533718 -3.458408 0.735 86.0 
464.06 90.0 1 primary 2 1 40.533714 -3.458124 0.655 86.0 
465.78 90.0 1 primary 2 1 40.533718 -3.457838 1.376 86.0 
467.05 90.0 1 primary 2 1 40.533718 -3.457278 0.649 86.1 
468.23 90.0 1 primary 2 1 40.533722 -3.456997 0.828 87.2 
469.05 90.0 1 primary 2 1 40.533730 -3.456714 0.648 87.2 
469.97 90.0 1 primary 2 1 40.533733 -3.456426 0.571 87.9 
471.02 90.0 1 primary 2 1 40.533737 -3.456132 0.623 88.9 
472.24 90.0 1 primary 2 1 40.533737 -3.455836 0.838 90.7 
472.96 90.0 1 primary 2 1 40.533733 -3.455540 0.558 90.7 
473.97 90.0 1 primary 2 1 40.533733 -3.455237 0.566 91.4 
474.91 90.0 1 primary 2 1 40.533733 -3.454938 0.509 92.0 
476.03 90.0 1 primary 2 1 40.533737 -3.454630 0.624 92.1 
476.97 90.0 1 primary 2 1 40.533741 -3.454322 0.571 92.7 
478.27 90.0 1 primary 2 1 40.533737 -3.454019 0.866 94.4 
478.98 90.0 1 primary 2 1 40.533741 -3.453716 0.583 94.4 
479.93 90.0 1 primary 2 1 40.533752 -3.453407 0.525 94.8 
481.03 90.0 1 primary 2 1 40.533752 -3.453108 0.630 94.8 
482.38 90.0 1 primary 2 1 40.533745 -3.452787 0.974 96.4 
483.18 90.0 1 primary 2 1 40.533749 -3.452469 0.780 96.6 
484.00 90.0 1 primary 2 1 40.533756 -3.452149 0.602 96.6 
484.92 90.0 1 primary 2 1 40.533752 -3.451838 0.522 96.6 
486.20 90.0 1 primary 2 1 40.533756 -3.451516 0.794 97.7 
487.38 90.0 1 primary 2 1 40.533760 -3.451198 0.981 97.8 
488.59 90.0 1 primary 2 1 40.533768 -3.450877 1.191 98.0 
490.27 90.0 1 primary 2 1 40.533764 -3.450246 0.865 98.3 
491.17 90.0 1 primary 2 1 40.533760 -3.449920 0.768 98.0 
492.41 90.0 1 primary 2 1 40.533764 -3.449594 1.006 98.4 
494.68 90.0 1 primary 2 1 40.533752 -3.448963 1.279 99.1 
496.80 90.0 1 primary 2 1 40.533764 -3.448328 1.399 98.6 
498.34 90.0 1 primary 2 1 40.533783 -3.447679 0.934 100.0 
499.37 90.0 1 primary 2 1 40.533787 -3.447351 0.968 98.6 
500.09 90.0 1 primary 2 1 40.533791 -3.447031 0.683 98.9 
501.10 90.0 1 primary 2 1 40.533787 -3.446707 0.702 98.8 
502.33 90.0 1 primary 2 1 40.533791 -3.446376 0.928 98.7 
503.37 90.0 1 primary 2 1 40.533791 -3.446053 0.969 98.6 
504.31 90.0 1 primary 2 1 40.533787 -3.445723 0.909 96.3 
505.51 90.0 1 primary 2 1 40.533787 -3.445411 1.105 95.0 
507.46 90.0 1 primary 2 1 40.533779 -3.444811 1.054 92.5 
509.14 90.0 1 primary 2 1 40.533783 -3.444202 0.736 91.0 
510.22 90.0 1 primary 2 1 40.533775 -3.443892 0.814 90.4 
511.16 90.0 1 primary 2 1 40.533779 -3.443594 0.757 89.1 
512.27 90.0 1 primary 2 1 40.533779 -3.443298 0.864 88.2 
513.11 90.0 1 primary 2 1 40.533791 -3.443002 0.703 88.3 
514.00 90.0 1 primary 2 1 40.533791 -3.442724 0.603 88.3 
514.84 90.0 1 primary 2 1 40.533791 -3.442429 0.440 87.6 
516.05 90.0 1 primary 2 1 40.533798 -3.442142 0.651 86.5 
516.97 90.0 1 primary 2 1 40.533802 -3.441852 0.573 87.3 
518.30 90.0 1 primary 2 1 40.533813 -3.441573 0.895 89.2 
519.23 90.0 1 primary 2 1 40.533810 -3.441283 0.822 90.0 
519.95 90.0 1 primary 2 1 40.533817 -3.440999 0.543 90.0 
521.11 90.0 1 primary 2 1 40.533817 -3.440710 0.703 92.5 
522.01 90.0 1 primary 2 1 40.533817 -3.440405 0.611 92.5 
523.03 90.0 1 primary 2 1 40.533817 -3.440100 0.629 93.5 
524.18 90.0 1 primary 2 1 40.533813 -3.439787 0.778 93.7 
525.36 90.0 1 primary 2 1 40.533810 -3.439477 0.962 94.6 
526.30 90.0 1 primary 2 1 40.533810 -3.439163 0.900 94.4 
527.21 90.0 1 primary 2 1 40.533810 -3.438852 0.811 95.4 
527.93 90.0 1 primary 2 1 40.533810 -3.438539 0.528 95.4 
529.47 90.0 1 primary 2 1 40.533806 -3.438220 1.070 95.3 
531.32 90.0 1 primary 2 1 40.533798 -3.437590 0.921 94.8 
532.68 90.0 1 primary 2 1 40.533794 -3.437279 1.277 95.2 
535.22 90.0 1 primary 2 1 40.533794 -3.436662 1.816 96.2 
535.92 90.0 1 primary 2 1 40.533802 -3.436032 0.521 96.2 
537.03 90.0 1 primary 2 1 40.533802 -3.435714 0.632 95.5 
538.15 90.0 1 primary 2 1 40.533813 -3.435394 0.749 95.9 
539.00 90.0 1 primary 2 1 40.533806 -3.435073 0.596 95.9 
540.02 90.0 1 primary 2 1 40.533810 -3.434775 0.614 96.3 
540.97 90.0 1 primary 2 1 40.533806 -3.434454 0.570 95.7 
542.16 90.0 1 primary 2 1 40.533806 -3.434152 0.763 95.9 
543.40 90.0 1 primary 2 1 40.533794 -3.433844 0.994 95.9 
544.18 90.0 1 primary 2 1 40.533783 -3.433530 0.776 96.3 
545.24 90.0 1 primary 2 1 40.533756 -3.433211 0.835 95.7 
546.20 90.0 1 primary 2 1 40.533733 -3.432897 0.796 96.0 
547.28 90.0 1 primary 2 1 40.533699 -3.432579 0.878 95.9 
548.12 90.0 1 primary 2 1 40.533661 -3.432266 0.717 96.4 
549.23 90.0 1 primary 2 1 40.533611 -3.431954 0.826 98.3 
550.46 90.0 1 primary 2 1 40.533546 -3.431645 1.058 95.4 
552.30 90.0 1 primary 2 1 40.533409 -3.431024 0.902 96.4 
553.53 90.0 1 primary 2 1 40.533333 -3.430723 1.133 96.4 
555.28 90.0 1 primary 2 1 40.533165 -3.430110 0.882 97.2 
556.43 90.0 1 primary 2 1 40.533062 -3.429810 1.032 96.5 
559.68 90.0 1 primary 2 1 40.532829 -3.429243 2.275 98.8 
562.40 90.0 1 primary 2 1 40.532448 -3.428412 2.000 95.1 
564.97 90.0 1 primary 2 1 40.532032 -3.427655 1.565 90.1 
566.34 90.0 1 primary 2 1 40.531738 -3.427214 0.935 93.1 
566.95 90.0 1 primary 2 1 40.531582 -3.427006 0.543 93.1 
568.48 90.0 1 primary 2 1 40.531418 -3.426778 1.081 93.3 
570.54 90.0 1 primary 2 1 40.531094 -3.426359 1.139 93.5 
572.41 90.0 1 primary 2 1 40.530720 -3.425960 1.003 92.6 
574.33 90.0 1 primary 2 1 40.530346 -3.425595 0.930 91.9 
575.55 90.0 1 primary 2 1 40.530167 -3.425433 1.144 92.4 
577.63 90.0 1 primary 2 1 40.529774 -3.425112 1.230 92.6 
579.15 90.0 1 primary 2 1 40.529350 -3.424812 0.749 92.9 
580.77 90.0 1 primary 2 1 40.529129 -3.424678 1.369 93.7 
582.95 90.0 1 primary 2 1 40.528717 -3.424380 1.548 93.1 
584.37 90.0 1 primary 2 1 40.528297 -3.424094 0.964 92.8 
585.99 90.0 1 primary 2 1 40.528095 -3.423964 1.593 93.1 
587.76 90.0 1 primary 2 1 40.527679 -3.423676 1.357 92.8 
589.17 90.0 1 primary 2 1 40.527290 -3.423357 0.767 93.3 
590.42 90.0 1 primary 2 1 40.527103 -3.423179 1.017 92.9 
592.26 90.0 1 primary 2 1 40.526768 -3.422769 0.854 92.8 
593.27 90.0 1 primary 2 1 40.526604 -3.422552 0.868 92.5 
594.62 90.0 1 primary 2 1 40.526443 -3.422350 1.215 91.2 
596.16 90.0 1 primary 2 1 40.526154 -3.421909 0.758 89.4 
597.19 90.0 1 primary 2 1 40.526028 -3.421667 0.791 89.1 
598.28 100.0 1 primary 2 1 40.525894 -3.421415 0.878 88.9 
599.23 100.0 1 primary 2 1 40.525772 -3.421160 0.828 89.2 
600.13 100.0 3 primary_link 1 1 40.525646 -3.420892 0.728 87.9 
601.36 100.0 1 primary 2 1 40.525547 -3.420637 0.958 88.2 
602.63 100.0 1 primary 2 1 40.525448 -3.420382 1.224 89.1 
604.84 100.0 1 primary 2 1 40.525261 -3.419837 1.433 92.2 
606.83 100.0 1 primary 2 1 40.525108 -3.419265 1.424 94.8 
608.83 100.0 1 primary 2 1 40.524967 -3.418681 1.429 94.9 
610.37 100.0 1 primary 2 1 40.524837 -3.418083 0.963 98.4 
611.29 100.0 1 primary 2 1 40.524769 -3.417773 0.885 100.9 
612.88 100.0 1 primary 2 1 40.524685 -3.417452 1.480 101.1 
616.93 100.0 3 primary_link 1 1 40.524494 -3.416831 3.532 105.8 
618.77 100.0 3 primary_link 1 1 40.524002 -3.415622 1.369 109.7 
620.17 100.0 3 primary_link 1 1 40.523674 -3.415046 0.772 111.9 
621.13 100.0 1 primary 3 1 40.523491 -3.414764 0.718 112.0 
622.14 100.0 1 primary 3 1 40.523323 -3.414482 0.742 113.4 
623.53 100.0 1 primary 3 1 40.523125 -3.414226 1.131 116.3 
625.21 100.0 1 primary 3 1 40.522697 -3.413707 0.812 118.5 
626.75 100.0 1 primary 3 1 40.522469 -3.413469 1.346 118.5 
628.69 100.0 1 primary 3 1 40.521999 -3.413012 1.293 115.8 
630.96 100.0 1 primary 3 1 40.521523 -3.412566 1.559 114.2 
632.28 100.0 1 primary 3 1 40.521069 -3.412137 0.876 112.5 
633.10 100.0 1 primary 3 1 40.520836 -3.411914 0.694 112.2 
634.35 100.0 1 primary 2 1 40.520615 -3.411694 0.953 111.9 
635.66 100.0 1 primary 2 1 40.520393 -3.411476 1.255 111.1 
637.52 100.0 1 primary 2 1 40.519943 -3.411060 1.115 109.0 
638.95 100.0 1 primary 2 1 40.519489 -3.410652 0.543 109.5 
640.09 100.0 1 primary 2 1 40.519268 -3.410453 0.690 107.5 
641.09 100.0 1 primary 2 1 40.519043 -3.410258 0.689 106.3 
642.38 100.0 1 primary 2 1 40.518826 -3.410057 0.977 103.6 
643.24 100.0 1 primary 2 1 40.518612 -3.409863 0.841 103.4 
644.52 100.0 1 primary 2 1 40.518398 -3.409676 1.114 102.5 
646.41 100.0 1 primary 2 1 40.517975 -3.409300 1.008 100.7 
648.35 100.0 1 primary 2 1 40.517555 -3.408940 0.951 99.0 
649.19 100.0 1 primary 2 1 40.517368 -3.408797 0.786 100.0 
650.10 100.0 1 primary 2 1 40.517159 -3.408607 0.693 100.0 
651.33 100.0 1 primary 2 1 40.516949 -3.408411 0.929 99.0 
652.35 100.0 1 primary 2 1 40.516739 -3.408223 0.951 98.8 
653.29 100.0 1 primary 2 1 40.516537 -3.408034 0.887 98.6 
654.72 100.0 1 primary 2 1 40.516331 -3.407848 1.317 97.9 
656.36 100.0 1 primary 2 1 40.515907 -3.407499 0.954 98.3 
657.37 100.0 1 primary 2 1 40.515694 -3.407337 0.965 97.6 
658.09 100.0 1 primary 2 1 40.515476 -3.407177 0.683 97.6 
659.63 100.0 1 primary 2 1 40.515263 -3.407015 1.224 97.3 
661.36 100.0 1 primary 2 1 40.514851 -3.406687 0.958 98.9 
662.09 100.0 1 primary 2 1 40.514633 -3.406521 0.687 98.9 
663.18 100.0 1 primary 2 1 40.514420 -3.406358 0.773 98.6 
664.04 100.0 1 primary 2 1 40.514206 -3.406209 0.636 98.6 
665.46 100.0 1 primary 2 1 40.513992 -3.406036 1.054 98.1 
