17.43 0.0 40.583706 -3.555486 610.6 20 229 -1 -1 0 0 0 
18.44 70.1 40.584461 -3.554302 607.9 16 10 96.0 176.836 0 0 0 
19.45 71.7 40.584423 -3.554038 611.9 4 5 96.7 0.703 0 0 0 
20.43 73.4 40.584396 -3.553770 612.0 3 5 97.7 1.758 0 0 0 
21.44 75.9 40.584366 -3.553519 612.0 3 5 98.8 2.109 0 0 0 
22.41 79.2 40.584332 -3.553254 612.0 3 5 97.7 1.055 0 0 0 
23.43 80.5 40.584309 -3.552999 613.1 3 5 98.4 0.703 0 0 0 
24.44 82.0 40.584274 -3.552727 612.2 3 5 99.1 1.406 0 0 0 
25.41 83.3 40.584240 -3.552464 612.0 3 5 100.5 2.109 0 0 0 
26.43 83.4 40.584194 -3.552200 612.8 3 5 103.0 3.867 0 0 0 
27.44 82.9 40.584137 -3.551938 612.0 3 5 105.1 4.570 0 0 0 
28.42 82.5 40.584080 -3.551673 613.1 3 5 106.5 3.516 0 0 0 
29.41 82.2 40.584011 -3.551411 612.5 3 5 107.9 2.812 1 0 0 
30.43 82.6 40.583939 -3.551152 613.3 3 5 109.7 3.164 2 0 0 
31.43 84.4 40.583862 -3.550893 613.7 3 5 110.7 2.812 1 1 0 
32.46 87.3 40.583778 -3.550631 614.2 3 5 111.4 1.758 1 2 0 
33.45 90.1 40.583683 -3.550353 614.5 3 5 113.2 2.461 1 2 0 
34.41 92.2 40.583584 -3.550076 615.3 3 5 115.3 3.867 2 3 0 
35.40 93.3 40.583473 -3.549803 615.4 3 5 117.4 4.219 2 3 0 
36.43 93.7 40.583363 -3.549534 615.9 3 5 118.8 3.516 2 4 0 
37.42 94.5 40.583241 -3.549264 615.9 3 5 119.9 2.461 2 4 0 
38.44 95.3 40.583118 -3.548996 617.4 3 5 121.6 2.812 2 4 0 
39.47 96.9 40.582985 -3.548724 616.3 3 5 123.0 3.164 1 4 0 
40.41 97.7 40.582844 -3.548458 617.0 3 5 124.5 2.812 0 4 0 
41.44 98.9 40.582695 -3.548200 617.8 3 5 126.6 3.516 0 4 0 
42.42 100.8 40.582539 -3.547940 618.6 3 5 128.3 3.867 0 4 0 
43.41 102.8 40.582375 -3.547681 619.0 3 5 129.7 3.164 2 4 0 
44.44 104.2 40.582203 -3.547428 620.2 3 5 131.8 3.516 2 4 0 
45.48 105.6 40.582020 -3.547179 620.2 3 5 133.6 3.867 1 4 0 
46.43 105.9 40.581829 -3.546937 620.1 3 5 135.4 3.516 0 4 0 
47.47 104.7 40.581638 -3.546698 620.3 3 5 136.1 2.461 0 4 0 
48.43 104.0 40.581451 -3.546462 620.5 3 5 135.4 0.703 0 4 0 
49.42 103.1 40.581268 -3.546221 621.1 3 5 134.6 1.406 0 4 0 
50.43 101.7 40.581089 -3.545988 622.2 3 5 134.3 1.055 0 4 0 
51.44 100.3 40.580914 -3.545759 621.7 3 5 133.6 1.055 0 4 0 
52.41 99.3 40.580750 -3.545514 621.7 3 5 133.6 0.703 0 4 0 
53.42 98.4 40.580593 -3.545278 622.1 3 5 132.5 1.055 0 4 0 
54.42 97.5 40.580425 -3.545053 623.4 3 5 132.9 0.703 0 3 0 
55.41 96.6 40.580265 -3.544813 623.5 3 5 131.8 1.055 1 3 0 
56.43 95.7 40.580101 -3.544575 624.7 3 5 132.5 0.703 0 3 0 
57.42 94.7 40.579948 -3.544340 624.8 3 5 131.8 0.703 0 3 0 
58.43 94.0 40.579792 -3.544096 625.3 3 5 130.4 2.109 1 3 0 
59.42 93.4 40.579647 -3.543869 625.5 3 5 129.0 2.812 1 3 0 
60.42 93.3 40.579502 -3.543625 625.9 3 5 127.6 2.812 0 3 0 
61.42 92.6 40.579369 -3.543383 626.8 3 5 126.6 2.461 0 3 0 
62.41 92.7 40.579231 -3.543149 627.1 3 5 126.6 1.055 0 3 0 
63.42 92.5 40.579094 -3.542904 627.3 3 5 126.6 0 0 3 0 
64.44 91.7 40.578960 -3.542659 626.5 3 5 126.6 0 0 3 0 
65.42 91.9 40.578823 -3.542417 626.5 3 5 125.5 1.055 1 3 0 
66.42 91.5 40.578678 -3.542179 626.8 3 5 124.1 2.461 1 3 0 
67.42 91.9 40.578545 -3.541924 627.4 3 5 123.0 2.461 0 3 0 
68.45 91.5 40.578426 -3.541663 628.0 3 5 121.6 2.461 0 3 0 
69.42 91.5 40.578300 -3.541417 628.1 3 5 121.3 1.758 0 3 0 
70.41 91.7 40.578182 -3.541153 628.4 3 5 121.6 0.352 0 3 0 
71.42 91.3 40.578068 -3.540892 628.2 3 5 121.3 0.352 0 3 0 
72.43 91.4 40.577950 -3.540632 628.0 4 5 120.6 1.055 1 3 0 
73.50 91.2 40.577835 -3.540374 629.2 3 5 119.2 2.109 2 3 0 
74.41 91.4 40.577721 -3.540107 628.5 3 5 117.8 2.812 1 3 0 
75.50 91.4 40.577621 -3.539833 629.4 3 5 117.1 2.109 1 3 0 
76.42 91.5 40.577511 -3.539569 628.4 4 5 117.1 0.703 1 3 0 
77.44 91.6 40.577408 -3.539300 629.1 3 5 116.7 0.352 1 4 0 
78.43 91.2 40.577305 -3.539037 628.8 3 5 116.0 1.055 1 4 0 
79.42 91.1 40.577206 -3.538769 628.9 3 5 114.6 2.109 1 4 0 
80.44 91.3 40.577129 -3.538511 629.0 3 5 113.9 2.109 0 4 0 
81.41 91.7 40.577030 -3.538234 631.0 3 5 114.3 0.352 0 4 0 
82.41 91.3 40.576931 -3.537959 631.1 3 5 114.6 0.703 0 4 0 
83.45 90.1 40.576839 -3.537696 631.9 3 5 114.6 0.352 1 4 0 
84.45 89.2 40.576748 -3.537443 630.7 3 5 113.9 0.703 0 4 0 
85.43 89.8 40.576660 -3.537171 630.3 3 5 113.6 1.055 0 4 0 
86.41 89.8 40.576572 -3.536896 631.1 3 5 113.2 0.703 0 4 0 
87.48 90.1 40.576481 -3.536619 631.5 3 5 113.6 0.352 0 4 0 
88.43 88.5 40.576385 -3.536355 631.7 3 5 114.6 1.406 1 4 0 
89.43 89.2 40.576294 -3.536084 632.5 3 5 116.0 2.461 0 4 0 
90.42 89.7 40.576183 -3.535814 632.4 3 5 117.4 2.812 1 4 0 
91.43 89.1 40.576084 -3.535553 633.1 3 5 117.8 1.758 2 4 0 
92.46 88.0 40.575974 -3.535297 633.9 3 5 117.8 0.352 2 4 0 
93.44 87.7 40.575874 -3.535042 634.8 4 5 117.8 0 2 4 0 
94.43 86.6 40.575764 -3.534788 635.2 4 5 119.5 1.758 0 4 0 
95.41 86.0 40.575649 -3.534536 635.1 4 5 118.5 1.055 0 4 0 
96.44 85.9 40.575550 -3.534278 635.3 4 5 119.9 1.406 1 3 0 
97.42 85.5 40.575443 -3.534029 636.4 4 5 120.9 2.461 2 3 0 
98.42 86.2 40.575344 -3.533776 638.9 4 5 121.3 1.406 2 3 0 
99.45 85.2 40.575230 -3.533532 638.1 4 5 121.6 0.703 2 3 0 
100.41 85.4 40.575119 -3.533283 638.0 4 5 122.3 1.055 2 4 0 
101.42 85.6 40.575001 -3.533049 638.3 4 5 123.4 1.758 2 4 0 
102.42 85.8 40.574883 -3.532813 640.3 4 5 124.8 2.461 1 4 0 
103.42 86.4 40.574753 -3.532583 640.5 4 5 125.9 2.461 0 4 0 
104.41 86.3 40.574615 -3.532351 639.5 4 5 125.2 0.703 1 4 0 
105.42 85.8 40.574493 -3.532111 639.9 4 5 123.8 2.109 1 4 0 
106.41 85.2 40.574375 -3.531888 639.7 4 5 122.0 3.164 1 4 0 
107.48 85.7 40.574261 -3.531648 640.3 4 5 120.6 3.164 1 4 0 
108.42 88.0 40.574146 -3.531401 640.8 4 5 120.2 1.758 0 4 0 
109.42 88.8 40.574036 -3.531160 641.9 4 5 120.2 0.352 0 4 0 
110.43 89.9 40.573917 -3.530913 642.2 4 5 119.9 0.352 0 4 0 
111.49 91.4 40.573811 -3.530664 643.6 3 5 118.8 1.406 1 4 0 
112.45 92.8 40.573696 -3.530392 643.6 3 5 118.1 1.758 1 4 0 
113.42 94.1 40.573582 -3.530127 646.6 3 5 117.8 1.055 2 4 0 
114.42 94.5 40.573479 -3.529852 645.3 3 5 116.4 1.758 2 5 1 
115.41 94.5 40.573364 -3.529562 647.0 3 5 115.3 2.461 2 5 1 
116.44 94.2 40.573277 -3.529272 647.6 3 5 113.9 2.461 1 5 1 
117.44 94.0 40.573177 -3.528989 648.7 3 5 112.9 2.461 0 5 1 
118.46 94.2 40.573093 -3.528701 648.9 3 5 112.1 1.758 0 5 1 
119.41 93.7 40.573013 -3.528414 649.7 3 5 111.4 1.406 1 5 1 
120.42 93.4 40.572933 -3.528131 650.0 3 5 111.1 1.055 2 5 1 
121.42 92.7 40.572853 -3.527838 650.3 3 5 110.4 1.055 2 5 1 
122.42 90.9 40.572769 -3.527563 652.0 3 5 111.1 0.703 2 5 1 
123.42 93.1 40.572685 -3.527282 653.5 3 5 112.1 1.758 2 5 1 
124.40 92.0 40.572601 -3.526995 653.9 3 5 113.2 2.109 0 5 1 
125.43 92.6 40.572514 -3.526721 654.2 3 5 112.5 0.703 2 5 1 
126.46 92.5 40.572426 -3.526440 654.1 3 5 112.1 1.055 2 5 1 
127.41 92.6 40.572346 -3.526155 655.5 3 5 111.4 1.055 2 5 1 
128.42 91.9 40.572262 -3.525892 655.7 3 5 111.4 0.703 1 6 1 
129.44 91.9 40.572186 -3.525608 656.5 3 5 111.1 0.352 0 6 1 
130.42 92.1 40.572102 -3.525331 656.9 3 5 113.2 2.109 2 6 1 
131.44 91.8 40.572002 -3.525064 657.4 3 5 115.3 4.219 2 6 1 
132.42 92.4 40.571892 -3.524795 658.5 3 5 117.1 3.867 2 6 1 
133.42 91.4 40.571781 -3.524536 659.8 3 5 119.2 3.867 0 6 1 
134.44 91.3 40.571663 -3.524275 659.7 3 5 120.9 3.867 0 6 1 
135.43 91.3 40.571537 -3.524018 659.6 3 5 121.3 2.109 2 6 1 
136.42 91.6 40.571419 -3.523764 660.3 3 5 122.0 1.055 2 6 1 
137.43 91.5 40.571301 -3.523510 659.9 3 5 122.3 1.055 2 6 1 
138.41 90.9 40.571178 -3.523255 660.3 3 5 123.0 1.055 1 6 1 
139.40 91.1 40.571053 -3.523005 662.0 3 5 124.5 2.109 0 6 1 
140.41 90.5 40.570919 -3.522763 664.0 3 5 125.9 2.812 0 6 1 
141.43 90.5 40.570789 -3.522519 662.0 3 5 127.6 3.164 0 6 1 
142.41 90.4 40.570648 -3.522293 661.4 3 5 129.0 3.164 1 6 1 
143.44 89.6 40.570507 -3.522066 660.5 4 5 130.1 2.461 1 6 1 
144.45 89.5 40.570358 -3.521837 660.4 4 5 131.1 2.109 1 6 1 
145.40 88.1 40.570213 -3.521628 660.3 4 5 132.2 2.109 1 6 1 
146.43 86.3 40.570072 -3.521419 659.9 4 5 132.9 1.758 1 6 1 
147.41 86.7 40.569931 -3.521214 658.8 4 5 133.6 1.406 0 6 1 
148.43 85.6 40.569786 -3.521018 658.2 3 5 135.0 2.109 0 6 1 
149.40 84.6 40.569633 -3.520822 658.2 3 5 135.7 2.109 0 6 1 
150.43 83.6 40.569477 -3.520645 657.6 3 5 138.2 3.164 0 6 1 
151.43 84.5 40.569321 -3.520464 656.3 3 5 139.2 3.516 0 6 1 
152.45 84.2 40.569157 -3.520290 655.6 3 5 140.6 2.461 0 6 1 
153.41 83.4 40.569000 -3.520130 655.5 3 5 142.0 2.812 1 6 1 
154.41 83.9 40.568829 -3.519969 654.3 3 5 142.7 2.109 2 6 1 
155.43 83.2 40.568665 -3.519794 653.9 3 5 143.1 1.055 2 6 1 
156.42 83.9 40.568489 -3.519627 652.8 3 5 144.1 1.406 2 6 1 
157.40 82.9 40.568317 -3.519476 652.2 3 5 144.5 1.406 1 6 1 
158.40 84.1 40.568146 -3.519322 652.0 3 5 145.9 1.758 0 6 1 
159.40 83.6 40.567966 -3.519166 653.2 3 5 147.7 3.164 1 6 1 
160.40 84.6 40.567783 -3.519022 652.8 3 5 149.1 3.164 1 6 1 
161.45 82.8 40.567608 -3.518873 652.4 3 5 146.2 2.812 0 6 1 
162.45 84.2 40.567425 -3.518748 652.8 4 5 149.8 3.516 0 6 1 
163.40 84.0 40.567242 -3.518609 652.9 4 5 150.8 4.570 0 6 1 
164.41 84.6 40.567062 -3.518490 652.0 4 5 152.2 2.461 0 6 1 
165.42 84.0 40.566868 -3.518366 652.3 3 5 154.3 3.516 0 6 1 
166.46 83.3 40.566677 -3.518245 652.0 3 5 156.1 3.867 1 5 1 
167.41 82.5 40.566483 -3.518136 651.9 3 5 157.1 2.812 2 5 1 
168.41 82.3 40.566296 -3.518037 652.0 3 5 156.8 0.703 2 6 1 
169.42 81.1 40.566101 -3.517932 653.0 3 5 157.1 0.352 1 6 1 
170.41 80.1 40.565918 -3.517838 652.6 3 5 158.2 1.406 0 6 1 
171.41 79.6 40.565731 -3.517742 652.4 3 5 160.0 2.812 0 6 1 
172.44 78.4 40.565540 -3.517653 652.2 3 5 161.0 2.812 0 5 1 
173.41 77.7 40.565346 -3.517571 652.6 3 5 163.1 3.164 0 5 1 
174.42 77.2 40.565159 -3.517502 653.4 3 5 164.5 3.516 2 5 1 
175.41 76.7 40.564968 -3.517431 654.2 3 5 164.9 1.758 2 5 1 
176.43 76.7 40.564785 -3.517369 654.4 3 5 165.6 1.055 2 5 1 
177.42 77.1 40.564594 -3.517311 654.1 3 5 167.3 2.461 0 5 1 
178.43 77.4 40.564407 -3.517257 654.6 3 5 169.5 3.867 2 5 1 
179.41 79.4 40.564209 -3.517212 655.0 3 5 170.2 2.812 1 6 1 
180.42 78.7 40.564022 -3.517160 656.2 3 5 170.9 1.406 0 6 1 
181.42 79.0 40.563824 -3.517124 657.2 3 5 171.2 1.055 0 5 1 
182.43 79.6 40.563625 -3.517078 658.1 3 5 170.9 0.352 0 5 1 
183.41 79.4 40.563427 -3.517040 659.2 3 5 170.9 0.352 0 5 1 
184.47 80.2 40.563229 -3.517000 659.8 3 5 171.2 0.352 2 5 1 
185.47 80.6 40.563030 -3.516964 660.2 3 5 172.3 1.406 2 5 1 
186.45 79.6 40.562836 -3.516934 662.1 3 5 173.0 1.758 0 5 1 
187.42 81.9 40.562637 -3.516897 663.0 3 5 172.3 0.703 0 5 1 
188.49 80.8 40.562431 -3.516866 663.7 3 5 172.6 0.352 0 5 1 
189.42 80.4 40.562237 -3.516831 664.4 3 5 172.3 0.352 0 5 1 
190.46 81.0 40.562038 -3.516795 665.1 3 5 172.6 0.352 0 5 1 
191.42 83.1 40.561832 -3.516763 665.8 3 5 172.3 0.352 0 5 1 
192.42 85.4 40.561615 -3.516730 667.3 3 5 170.9 1.758 0 4 0 
193.45 87.8 40.561405 -3.516673 668.6 3 5 168.4 3.867 0 4 0 
194.41 89.4 40.561188 -3.516612 669.3 3 5 166.6 4.219 0 4 0 
195.43 90.8 40.560966 -3.516535 670.8 3 5 164.2 4.219 0 4 0 
196.49 91.7 40.560745 -3.516442 671.9 3 5 162.1 4.570 0 4 0 
197.42 90.0 40.560535 -3.516335 672.8 3 5 159.3 4.922 0 4 0 
198.42 90.0 40.560333 -3.516220 672.6 3 5 157.5 4.570 0 4 0 
199.43 91.1 40.560131 -3.516107 674.0 3 5 155.4 3.867 0 4 0 
200.45 91.9 40.559929 -3.515982 675.1 3 5 153.6 3.867 0 4 0 
201.45 93.4 40.559719 -3.515844 675.5 3 5 151.2 4.219 0 4 0 
202.40 94.0 40.559521 -3.515677 676.3 3 5 148.7 4.922 0 4 0 
203.41 93.1 40.559322 -3.515510 678.0 3 5 145.5 5.625 1 4 0 
204.40 93.6 40.559132 -3.515331 679.3 3 5 144.5 4.219 0 4 0 
205.43 93.4 40.558941 -3.515148 679.9 3 5 143.1 2.461 0 3 0 
206.46 94.0 40.558758 -3.514956 680.8 3 5 141.0 3.516 1 3 0 
207.42 94.3 40.558582 -3.514751 679.9 3 5 138.2 4.922 2 3 0 
208.43 94.2 40.558422 -3.514534 681.5 3 5 135.0 5.977 2 3 0 
209.43 93.8 40.558258 -3.514305 682.8 3 5 132.5 5.625 2 4 0 
210.43 93.9 40.558102 -3.514070 685.3 4 5 130.4 4.570 1 4 0 
211.47 93.6 40.557957 -3.513827 687.2 4 5 128.3 4.219 1 4 0 
212.46 93.2 40.557816 -3.513591 688.1 4 5 126.6 3.867 1 4 0 
213.40 92.8 40.557674 -3.513335 688.3 4 5 123.8 4.570 1 4 0 
214.41 92.7 40.557545 -3.513072 689.3 4 5 121.3 5.273 1 4 0 
215.44 92.4 40.557430 -3.512805 690.2 3 5 119.5 4.219 1 4 0 
216.42 92.2 40.557320 -3.512534 692.1 3 5 117.8 3.516 2 4 0 
217.42 91.2 40.557224 -3.512270 694.2 4 5 115.7 3.867 2 4 0 
218.41 91.5 40.557129 -3.511993 695.0 4 5 113.2 4.570 2 4 0 
219.44 91.0 40.557045 -3.511712 696.3 3 5 110.0 5.625 2 4 0 
220.45 91.0 40.556965 -3.511430 696.8 3 5 107.6 5.625 1 4 0 
221.42 91.5 40.556904 -3.511141 697.6 3 5 105.5 4.570 0 4 0 
222.42 91.9 40.556850 -3.510844 699.6 3 5 103.7 3.867 0 4 0 
223.41 90.1 40.556805 -3.510550 700.7 3 5 102.0 3.516 0 4 0 
224.42 89.1 40.556763 -3.510267 701.3 3 5 100.9 2.812 1 4 0 
225.42 85.8 40.556725 -3.509990 701.5 3 5 99.5 2.461 0 5 1 
226.45 83.1 40.556694 -3.509713 702.0 3 5 98.1 2.812 2 5 1 
227.41 81.2 40.556671 -3.509450 703.4 3 5 95.6 3.867 1 5 1 
228.41 77.7 40.556660 -3.509192 704.9 3 5 92.8 5.273 0 4 0 
229.41 75.7 40.556656 -3.508944 705.2 3 5 91.1 4.570 0 4 0 
230.42 73.6 40.556656 -3.508710 706.9 3 5 88.6 4.219 1 4 0 
231.41 72.2 40.556664 -3.508470 707.5 3 5 87.9 3.164 1 4 0 
232.45 70.1 40.556675 -3.508238 708.0 3 5 86.8 1.758 1 5 1 
233.41 70.3 40.556683 -3.508009 707.5 3 5 86.5 1.406 2 5 1 
234.41 70.3 40.556694 -3.507785 707.5 3 5 86.8 0.352 2 5 1 
235.48 71.6 40.556694 -3.507567 708.1 3 5 87.9 1.406 0 5 1 
236.42 71.5 40.556702 -3.507329 709.0 3 5 88.9 2.109 0 5 1 
237.45 71.6 40.556709 -3.507093 709.7 3 5 89.3 1.406 0 4 0 
238.42 72.3 40.556717 -3.506848 711.0 3 5 90.7 1.758 1 4 0 
239.42 72.9 40.556717 -3.506601 712.1 3 5 92.5 3.164 0 4 0 
240.42 73.7 40.556709 -3.506358 713.3 3 5 94.2 3.516 0 4 0 
241.43 75.3 40.556686 -3.506119 714.2 3 5 97.7 5.273 0 4 0 
242.42 75.9 40.556660 -3.505877 715.2 3 5 98.8 4.570 0 4 0 
243.42 77.1 40.556633 -3.505641 716.5 3 5 99.8 2.109 0 4 0 
244.42 77.9 40.556595 -3.505390 718.6 3 5 102.0 3.164 0 4 0 
245.44 78.3 40.556553 -3.505147 720.1 3 5 104.1 4.219 0 4 0 
246.43 79.5 40.556499 -3.504898 720.6 3 5 105.8 3.867 0 4 0 
247.43 78.9 40.556446 -3.504658 722.3 3 5 107.2 3.164 1 4 0 
248.43 81.9 40.556385 -3.504407 723.0 3 5 109.7 3.867 2 4 0 
249.48 83.4 40.556313 -3.504164 724.8 3 5 111.4 4.219 2 4 0 
250.44 84.1 40.556236 -3.503898 725.5 4 5 112.9 3.164 2 4 0 
251.41 85.1 40.556145 -3.503639 726.7 4 5 114.3 2.812 2 4 0 
252.43 85.8 40.556049 -3.503383 729.7 4 5 116.4 3.516 2 5 1 
253.42 86.6 40.555950 -3.503129 731.5 4 5 118.1 3.867 2 5 1 
254.49 87.4 40.555840 -3.502872 732.1 4 5 119.2 2.812 2 5 1 
255.43 86.6 40.555729 -3.502618 734.1 4 5 121.3 3.164 1 5 1 
256.42 85.4 40.555607 -3.502372 731.9 4 5 123.4 4.219 0 5 1 
257.49 85.2 40.555485 -3.502148 731.9 4 5 124.5 3.164 0 5 1 
258.42 86.0 40.555355 -3.501908 733.4 4 5 124.8 1.406 0 5 1 
259.49 86.3 40.555229 -3.501679 735.3 4 5 124.8 0.352 0 5 1 
260.43 86.9 40.555103 -3.501442 737.2 4 5 124.8 0 0 5 1 
261.46 86.7 40.554985 -3.501207 738.0 4 5 123.4 1.406 0 5 1 
262.43 88.7 40.554867 -3.500957 738.0 4 5 121.3 3.516 0 5 1 
263.47 87.4 40.554775 -3.500691 740.6 4 5 117.8 5.625 0 5 1 
264.41 86.7 40.554680 -3.500439 741.2 4 5 113.6 7.734 2 5 1 
265.42 85.6 40.554607 -3.500169 741.3 3 5 108.6 9.141 2 5 1 
266.43 84.9 40.554554 -3.499901 742.8 3 5 104.8 8.789 2 5 1 
267.44 84.8 40.554504 -3.499635 743.3 3 5 103.0 5.625 0 5 1 
268.41 84.5 40.554451 -3.499367 743.2 4 5 104.4 1.406 0 5 1 
269.51 84.7 40.554401 -3.499111 745.0 4 5 106.2 3.164 1 5 1 
270.43 86.0 40.554348 -3.498850 745.2 4 5 105.8 1.406 0 5 1 
271.42 85.3 40.554317 -3.498565 745.2 4 5 103.0 3.164 0 5 1 
272.51 86.3 40.554276 -3.498290 744.7 4 5 99.8 5.977 0 5 1 
273.43 85.7 40.554249 -3.498012 744.7 4 5 97.0 5.977 0 4 0 
274.49 86.1 40.554226 -3.497738 744.8 4 5 94.2 5.625 0 4 0 
275.42 85.3 40.554211 -3.497458 744.6 4 5 92.8 4.219 0 4 0 
276.41 84.2 40.554199 -3.497182 744.6 4 5 90.0 4.219 0 4 0 
277.40 84.4 40.554207 -3.496907 744.6 4 5 87.2 5.625 0 4 0 
278.41 84.8 40.554218 -3.496630 744.9 4 5 84.4 5.625 0 4 0 
279.45 84.2 40.554241 -3.496351 744.3 4 5 81.9 5.273 0 4 0 
280.41 85.1 40.554272 -3.496074 745.5 4 5 80.2 4.219 0 3 0 
281.41 85.2 40.554310 -3.495807 745.4 3 5 78.4 3.516 0 3 0 
282.41 85.4 40.554356 -3.495537 744.7 3 5 77.7 2.461 0 3 0 
283.41 85.0 40.554401 -3.495265 744.0 3 5 75.9 2.461 0 3 0 
284.47 84.9 40.554455 -3.494998 743.8 3 5 73.8 3.867 0 3 0 
285.41 84.7 40.554520 -3.494733 742.8 3 5 70.7 5.273 0 3 0 
286.41 84.7 40.554600 -3.494475 743.6 4 5 68.2 5.625 0 3 0 
287.41 84.2 40.554695 -3.494227 743.8 4 5 65.0 5.625 0 3 0 
288.40 83.8 40.554783 -3.493982 743.0 4 5 63.3 4.922 0 3 0 
289.48 84.0 40.554874 -3.493733 743.2 4 5 62.2 2.812 0 3 0 
290.41 83.9 40.554974 -3.493491 741.6 4 5 61.2 2.109 0 3 0 
291.43 82.9 40.555080 -3.493248 741.2 4 5 61.2 1.055 1 3 0 
292.42 83.2 40.555180 -3.493004 740.5 4 5 62.6 1.406 2 3 0 
293.42 83.7 40.555275 -3.492777 740.3 4 5 63.6 2.461 2 3 0 
294.47 83.3 40.555359 -3.492524 739.4 4 5 65.7 3.164 2 3 0 
295.43 83.6 40.555435 -3.492270 739.0 4 5 68.6 4.922 1 3 0 
296.42 84.0 40.555504 -3.492006 738.7 4 5 70.7 4.922 0 3 0 
297.49 84.6 40.555569 -3.491742 739.7 3 5 73.1 4.570 0 3 0 
298.41 85.2 40.555622 -3.491476 738.5 3 5 74.9 4.219 0 3 0 
299.44 85.8 40.555676 -3.491196 738.8 3 5 75.6 2.461 0 3 0 
300.42 86.0 40.555725 -3.490927 738.4 3 5 77.3 2.461 2 3 0 
301.42 86.9 40.555775 -3.490649 738.9 3 5 79.5 3.867 2 3 0 
302.43 88.1 40.555809 -3.490373 738.2 3 5 81.2 3.867 2 3 0 
303.42 89.5 40.555840 -3.490084 738.5 3 5 83.3 3.867 2 3 0 
304.42 90.5 40.555870 -3.489792 738.3 3 5 85.4 4.219 2 3 0 
305.45 92.2 40.555874 -3.489491 737.8 4 5 87.9 4.570 2 4 0 
306.41 91.7 40.555870 -3.489185 737.6 3 5 90.0 4.570 0 4 0 
307.46 93.2 40.555859 -3.488873 737.4 3 5 91.8 3.867 1 4 0 
308.44 96.1 40.555847 -3.488561 737.1 3 5 94.2 4.219 2 4 0 
309.43 94.0 40.555832 -3.488254 737.5 3 5 94.6 2.812 2 4 0 
310.42 94.8 40.555813 -3.487963 735.1 3 5 96.0 1.758 2 4 0 
311.45 94.7 40.555786 -3.487648 735.7 3 5 97.4 2.812 2 4 0 
312.44 95.1 40.555752 -3.487343 735.8 4 5 98.1 2.109 2 4 0 
313.42 95.2 40.555725 -3.487038 736.4 4 5 98.4 1.055 0 4 0 
314.44 95.7 40.555691 -3.486727 736.0 4 5 99.8 1.758 0 4 0 
315.42 95.4 40.555645 -3.486413 737.3 4 5 100.2 1.758 1 3 0 
316.43 96.6 40.555595 -3.486115 736.5 4 5 102.3 2.461 2 4 0 
317.43 97.1 40.555538 -3.485807 737.6 3 5 104.4 4.219 2 4 0 
318.45 96.4 40.555477 -3.485494 737.8 3 5 105.8 3.516 0 4 0 
319.43 97.7 40.555412 -3.485188 736.8 3 5 107.6 3.164 0 4 0 
320.41 97.6 40.555336 -3.484881 736.7 3 5 108.3 2.461 0 4 0 
321.43 97.7 40.555252 -3.484574 736.1 4 5 109.0 1.406 1 4 0 
322.42 98.4 40.555180 -3.484272 736.4 4 5 109.7 1.406 2 4 0 
323.49 98.9 40.555092 -3.483970 735.6 4 5 111.4 2.461 2 4 0 
324.43 99.0 40.554996 -3.483669 733.9 3 5 112.1 2.461 1 4 0 
325.50 99.2 40.554905 -3.483372 732.5 3 5 112.9 1.406 0 4 0 
326.41 100.1 40.554806 -3.483065 732.6 3 5 114.3 2.109 0 4 0 
327.43 99.7 40.554699 -3.482764 733.1 3 5 115.0 2.109 0 4 0 
328.43 98.8 40.554585 -3.482475 731.7 3 5 115.7 1.406 0 4 0 
329.42 100.0 40.554466 -3.482177 730.2 4 5 116.7 1.758 0 4 0 
330.44 98.6 40.554348 -3.481882 730.9 4 5 118.1 2.461 0 4 0 
331.43 97.2 40.554230 -3.481595 728.7 4 5 118.1 1.406 0 4 0 
332.41 98.3 40.554108 -3.481315 727.1 4 5 120.6 2.461 0 4 0 
333.49 98.7 40.553963 -3.481051 729.0 4 5 122.0 3.867 0 4 0 
334.44 98.6 40.553825 -3.480793 728.5 4 5 124.1 3.516 0 4 0 
335.40 97.7 40.553684 -3.480524 727.0 4 5 124.8 2.812 0 4 0 
336.48 97.5 40.553543 -3.480268 726.8 4 5 126.2 2.109 2 4 0 
337.45 98.0 40.553398 -3.480006 726.4 4 5 126.6 1.758 2 4 0 
338.41 96.5 40.553246 -3.479753 726.9 4 5 127.6 1.406 2 5 1 
339.40 97.8 40.553097 -3.479498 726.5 4 5 128.3 1.758 2 5 1 
340.43 96.9 40.552948 -3.479272 726.4 4 5 129.7 2.109 2 5 1 
341.41 98.2 40.552784 -3.479030 724.6 4 5 131.1 2.812 2 5 1 
342.47 97.9 40.552620 -3.478793 724.4 4 5 132.2 2.461 2 5 1 
343.41 98.7 40.552452 -3.478552 723.7 4 5 133.2 2.109 2 5 1 
344.43 99.3 40.552280 -3.478316 723.2 4 5 133.6 1.406 2 5 1 
345.41 99.5 40.552113 -3.478088 722.2 4 5 134.6 1.406 1 6 1 
346.41 100.0 40.551937 -3.477862 720.2 4 5 135.4 1.758 0 6 1 
347.45 100.2 40.551750 -3.477639 719.6 4 5 136.8 2.109 0 6 1 
348.42 100.3 40.551559 -3.477414 717.7 4 5 138.9 3.516 0 6 1 
349.47 100.4 40.551365 -3.477202 717.3 3 5 140.6 3.867 0 6 1 
350.47 99.3 40.551170 -3.476990 715.7 4 5 142.0 3.164 0 6 1 
351.41 100.2 40.550976 -3.476796 714.7 3 5 143.1 2.461 2 6 1 
352.43 99.1 40.550781 -3.476599 713.4 4 5 143.8 1.758 2 6 1 
353.43 99.3 40.550579 -3.476409 712.4 3 5 144.5 1.406 2 6 1 
354.43 98.6 40.550373 -3.476228 711.0 3 5 145.2 1.406 2 6 1 
355.41 98.6 40.550171 -3.476035 709.8 3 5 145.5 1.055 0 6 1 
356.41 98.5 40.549973 -3.475849 709.6 3 5 146.2 1.055 0 5 1 
357.48 99.9 40.549759 -3.475672 709.0 3 5 148.4 2.812 1 6 1 
358.44 99.3 40.549534 -3.475506 709.0 3 5 150.5 4.219 1 6 1 
359.41 98.9 40.549320 -3.475348 707.7 3 5 151.9 3.516 0 6 1 
360.41 100.4 40.549099 -3.475186 706.1 4 5 153.3 2.812 0 6 1 
361.43 98.7 40.548882 -3.475040 706.6 4 5 154.0 2.109 1 6 1 
362.42 100.2 40.548645 -3.474900 706.0 4 5 155.4 2.109 2 6 1 
363.42 98.9 40.548412 -3.474770 705.7 3 5 155.7 1.758 2 6 1 
364.42 99.0 40.548187 -3.474639 704.6 3 5 156.4 1.055 1 6 1 
365.45 100.3 40.547958 -3.474519 703.9 3 5 157.5 1.758 0 5 1 
366.44 99.3 40.547726 -3.474396 702.7 3 5 158.6 2.109 0 5 1 
367.47 99.2 40.547497 -3.474279 702.1 3 5 159.6 2.109 0 5 1 
368.42 97.7 40.547264 -3.474168 700.5 3 5 161.0 2.461 0 5 1 
369.41 98.4 40.547039 -3.474073 699.0 3 5 162.4 2.812 0 5 1 
370.42 98.1 40.546814 -3.473994 698.1 3 5 163.5 2.461 0 5 1 
371.42 98.1 40.546574 -3.473903 696.9 3 5 164.2 1.758 0 5 1 
372.42 98.2 40.546337 -3.473818 696.0 3 5 164.5 1.055 1 4 0 
373.42 97.1 40.546097 -3.473731 695.6 3 5 164.9 0.703 1 4 0 
374.42 97.5 40.545860 -3.473646 695.7 3 5 165.2 0.703 0 5 1 
375.43 97.8 40.545624 -3.473571 694.4 3 5 165.6 0.703 0 4 0 
376.42 97.1 40.545387 -3.473498 693.6 3 5 165.6 0.352 0 4 0 
377.43 97.8 40.545151 -3.473426 693.3 3 5 166.3 0.703 1 4 0 
378.42 98.0 40.544918 -3.473343 692.6 3 5 165.9 0.352 1 4 0 
379.44 97.4 40.544689 -3.473261 691.7 3 5 165.9 0.352 2 4 0 
380.43 98.6 40.544449 -3.473181 691.0 3 5 164.5 1.406 1 5 1 
381.43 96.5 40.544220 -3.473097 690.6 3 5 164.9 1.055 0 4 0 
382.43 99.8 40.543980 -3.473004 689.3 3 5 164.2 0.703 1 4 0 
383.44 97.3 40.543743 -3.472922 688.1 3 5 165.2 1.055 2 4 0 
384.45 97.9 40.543503 -3.472850 687.6 4 5 165.9 1.758 0 4 0 
385.41 97.0 40.543266 -3.472779 687.0 4 5 166.6 1.406 0 4 0 
386.43 97.1 40.543030 -3.472709 686.4 4 5 167.3 1.406 0 4 0 
387.43 97.3 40.542793 -3.472641 685.7 4 5 166.6 0.703 0 4 0 
388.41 97.7 40.542561 -3.472569 684.6 4 5 166.3 1.055 1 4 0 
389.44 95.5 40.542328 -3.472497 684.4 4 5 165.6 1.055 0 4 0 
390.43 97.2 40.542095 -3.472423 683.5 4 5 164.9 1.406 0 4 0 
391.41 97.3 40.541859 -3.472335 683.0 4 5 164.5 1.055 0 4 0 
392.43 98.8 40.541618 -3.472247 682.1 6 5 164.5 0.352 0 4 0 
393.44 94.2 40.541386 -3.472157 681.3 4 5 165.9 1.406 0 4 0 
394.43 94.9 40.541157 -3.472090 681.6 4 5 167.0 2.461 0 4 0 
395.43 94.4 40.540920 -3.472021 680.5 4 5 167.0 1.055 2 4 0 
396.41 94.4 40.540688 -3.471952 679.8 4 5 166.6 0.352 2 4 0 
397.44 93.0 40.540466 -3.471878 678.6 4 5 165.9 1.055 2 4 0 
398.41 93.3 40.540234 -3.471797 678.6 4 5 164.9 1.758 2 4 0 
399.42 91.8 40.540009 -3.471721 678.2 4 5 164.5 1.406 0 4 0 
400.41 91.1 40.539787 -3.471645 677.8 4 5 164.5 0.352 0 4 0 
401.42 91.1 40.539566 -3.471574 678.1 4 5 164.9 0.352 1 4 0 
402.41 92.1 40.539349 -3.471494 677.9 4 5 164.9 0.352 2 4 0 
403.44 91.9 40.539127 -3.471417 677.5 4 5 165.6 0.703 2 4 0 
404.41 93.9 40.538898 -3.471349 678.3 4 5 167.7 2.812 2 4 0 
405.41 93.3 40.538670 -3.471279 677.3 4 5 166.3 1.406 1 4 0 
406.44 93.1 40.538441 -3.471208 677.0 4 5 166.6 1.055 0 4 0 
407.49 93.6 40.538216 -3.471135 677.7 4 5 166.6 0.352 0 4 0 
408.47 94.4 40.537983 -3.471062 678.0 4 5 165.6 1.055 0 4 0 
409.41 93.9 40.537754 -3.470982 677.7 4 5 166.3 0.703 1 4 0 
410.41 93.7 40.537525 -3.470917 677.2 4 5 165.6 0.703 1 4 0 
411.41 93.3 40.537308 -3.470847 675.7 4 5 165.2 1.055 1 4 0 
412.41 93.6 40.537090 -3.470764 675.7 3 5 165.2 0.352 1 4 0 
413.41 93.3 40.536873 -3.470680 674.9 3 5 163.5 1.758 1 4 0 
414.42 93.2 40.536655 -3.470592 674.6 3 5 161.4 3.867 1 4 0 
415.41 93.0 40.536438 -3.470476 674.3 3 5 158.6 4.922 1 4 0 
416.41 93.0 40.536228 -3.470354 673.5 3 5 155.0 6.328 1 5 1 
417.43 91.6 40.536030 -3.470206 673.1 3 5 151.9 6.680 0 5 1 
418.43 92.8 40.535835 -3.470047 672.7 3 5 149.1 5.977 0 4 0 
419.43 92.8 40.535637 -3.469892 672.5 3 5 146.2 5.625 0 4 0 
420.42 92.7 40.535450 -3.469717 672.3 3 5 143.4 5.625 0 4 0 
421.41 93.1 40.535267 -3.469527 672.3 3 5 141.0 5.273 0 4 0 
422.44 93.1 40.535088 -3.469317 671.5 3 5 138.2 5.273 0 4 0 
423.42 92.2 40.534927 -3.469105 672.5 3 5 135.4 5.625 0 4 0 
424.42 91.9 40.534767 -3.468890 672.4 3 5 132.2 5.977 1 4 0 
425.44 90.7 40.534618 -3.468657 672.2 3 5 129.4 5.977 1 4 0 
426.42 90.3 40.534489 -3.468420 670.6 3 5 125.5 6.680 1 4 0 
427.46 89.9 40.534367 -3.468177 669.4 3 5 122.3 7.031 0 4 0 
428.43 89.7 40.534252 -3.467927 668.0 3 5 119.5 5.977 0 4 0 
429.42 90.1 40.534145 -3.467665 666.6 3 5 116.7 5.625 0 4 0 
430.40 90.3 40.534054 -3.467393 667.1 3 5 114.3 5.273 0 4 0 
431.42 90.5 40.533966 -3.467117 667.4 3 5 111.8 4.922 0 4 0 
432.40 89.8 40.533894 -3.466836 666.4 3 5 108.6 5.625 1 4 0 
433.46 89.8 40.533825 -3.466549 665.8 3 5 106.2 5.625 1 4 0 
434.45 90.0 40.533779 -3.466248 666.1 3 5 103.0 5.625 1 4 0 
435.42 89.0 40.533749 -3.465948 665.7 3 5 99.5 6.680 0 5 1 
436.40 88.2 40.533730 -3.465664 666.3 3 5 96.7 6.328 0 5 1 
437.40 87.8 40.533707 -3.465382 665.0 3 5 93.9 5.625 0 4 0 
438.44 88.2 40.533699 -3.465102 664.5 3 5 92.5 4.219 0 4 0 
439.40 87.4 40.533695 -3.464809 664.3 3 5 91.4 2.461 0 4 0 
440.43 87.1 40.533695 -3.464520 663.4 3 5 90.7 1.758 0 4 0 
441.42 86.9 40.533688 -3.464241 663.0 3 5 90.0 1.406 0 4 0 
442.43 86.9 40.533688 -3.463959 662.5 3 5 90.0 0.703 0 4 0 
443.43 86.8 40.533680 -3.463679 662.0 3 5 90.4 0.352 1 4 0 
444.42 86.5 40.533680 -3.463396 661.9 3 5 90.4 0.352 1 4 0 
445.45 86.7 40.533676 -3.463104 660.2 3 5 90.4 0 2 4 0 
446.42 86.3 40.533676 -3.462830 659.3 3 5 89.6 0.703 2 4 0 
447.50 85.9 40.533684 -3.462548 658.3 3 5 88.9 1.406 1 4 0 
448.44 85.6 40.533688 -3.462261 658.0 3 5 88.2 1.406 0 4 0 
449.41 85.7 40.533695 -3.461983 658.8 3 5 88.2 0.703 0 4 0 
450.45 85.1 40.533695 -3.461738 658.7 3 5 89.3 1.055 1 4 0 
451.48 85.2 40.533691 -3.461462 658.0 3 5 90.4 2.109 0 4 0 
452.43 85.1 40.533688 -3.461187 657.0 3 5 90.7 1.406 0 4 0 
453.41 84.7 40.533680 -3.460902 656.5 3 5 91.1 0.703 0 4 0 
454.41 84.3 40.533669 -3.460622 656.9 3 5 91.1 0.352 2 4 0 
455.40 83.8 40.533669 -3.460345 656.6 3 5 90.0 1.055 2 4 0 
456.45 83.6 40.533672 -3.460069 655.3 3 5 88.9 2.109 1 4 0 
457.44 84.0 40.533684 -3.459796 655.5 3 5 88.2 1.758 0 4 0 
458.40 84.8 40.533695 -3.459515 654.9 3 5 87.9 1.055 0 4 0 
459.43 84.5 40.533707 -3.459245 655.1 3 5 88.6 0.703 1 4 0 
460.42 85.1 40.533714 -3.458961 654.8 3 5 90.0 2.109 1 4 0 
461.40 85.6 40.533718 -3.458682 653.4 3 5 90.0 1.406 0 4 0 
462.44 85.9 40.533718 -3.458408 653.7 3 5 90.7 0.703 0 4 0 
463.41 86.0 40.533714 -3.458124 654.4 4 5 91.1 1.055 0 4 0 
464.42 85.7 40.533718 -3.457839 653.8 4 5 90.4 0.703 1 4 0 
465.41 86.0 40.533718 -3.457562 654.4 4 5 90.0 1.055 1 4 0 
466.42 86.1 40.533718 -3.457279 653.8 4 5 89.3 1.055 1 4 0 
467.42 86.2 40.533722 -3.456997 653.4 4 5 89.6 0.352 1 4 0 
468.42 87.2 40.533730 -3.456715 653.8 4 5 90.0 0.703 1 4 0 
469.48 87.9 40.533733 -3.456426 654.2 4 5 89.6 0.352 1 5 1 
470.41 88.9 40.533737 -3.456132 654.7 4 5 89.3 0.703 1 5 1 
471.46 89.4 40.533737 -3.455836 654.9 4 5 90.0 0.703 1 5 1 
472.42 90.7 40.533733 -3.455541 654.6 3 5 89.6 0.352 2 5 1 
473.41 91.4 40.533733 -3.455237 654.9 3 5 90.0 0.352 2 5 1 
474.42 92.0 40.533733 -3.454938 655.7 3 5 89.6 0.352 2 5 1 
475.43 92.1 40.533737 -3.454630 656.1 3 5 89.6 0.352 2 5 1 
476.41 92.7 40.533741 -3.454322 655.3 3 5 89.6 0 2 5 1 
477.42 93.7 40.533737 -3.454020 656.3 3 5 88.9 0.703 1 5 1 
478.42 94.4 40.533741 -3.453716 656.7 3 5 88.6 1.055 0 5 1 
479.48 94.8 40.533752 -3.453407 657.7 3 5 88.6 0.352 0 5 1 
480.45 94.8 40.533752 -3.453109 658.1 3 5 89.3 0.703 0 5 1 
481.46 95.9 40.533745 -3.452787 658.1 3 5 90.0 1.406 0 5 1 
482.43 96.4 40.533749 -3.452469 658.6 3 5 90.4 1.055 0 5 1 
483.43 96.6 40.533756 -3.452150 659.6 3 5 90.4 0.352 1 5 1 
484.41 96.6 40.533752 -3.451838 660.5 3 5 90.0 0.352 2 5 1 
485.48 96.6 40.533756 -3.451517 659.8 3 5 88.9 1.406 1 5 1 
486.42 97.7 40.533760 -3.451198 660.2 3 5 88.9 1.055 0 5 1 
487.46 97.8 40.533768 -3.450877 659.6 3 5 88.6 0.352 0 5 1 
488.45 98.0 40.533768 -3.450564 660.5 3 5 89.6 1.055 0 5 1 
489.42 98.4 40.533764 -3.450246 661.1 3 5 90.7 2.109 0 5 1 
490.44 98.3 40.533760 -3.449920 660.8 4 5 90.7 1.055 0 4 0 
491.48 98.0 40.533764 -3.449595 661.5 4 5 91.1 0.352 1 5 1 
492.42 98.4 40.533752 -3.449279 660.6 3 5 90.4 0.703 2 5 1 
493.47 98.4 40.533752 -3.448964 660.2 3 5 89.6 1.406 2 5 1 
494.40 99.1 40.533756 -3.448643 660.8 3 5 89.3 1.055 1 5 1 
495.42 97.7 40.533764 -3.448328 660.2 3 5 88.6 1.055 0 5 1 
496.42 98.6 40.533775 -3.448006 660.7 3 5 88.6 0.703 1 5 1 
497.43 99.1 40.533783 -3.447680 660.4 3 5 88.9 0.352 2 5 1 
498.41 100.0 40.533787 -3.447352 661.3 3 5 89.3 0.703 2 5 1 
499.43 98.6 40.533791 -3.447031 662.4 3 5 89.3 0.352 2 5 1 
500.44 98.9 40.533787 -3.446708 663.0 3 5 90.0 0.703 2 5 1 
501.43 98.8 40.533791 -3.446377 663.5 3 5 90.0 0.703 2 6 1 
502.41 98.7 40.533791 -3.446053 664.0 3 5 90.0 0 1 6 1 
503.43 98.6 40.533787 -3.445724 665.1 3 5 90.4 0.352 0 6 1 
504.41 96.3 40.533787 -3.445412 666.4 3 5 90.4 0.352 0 6 1 
505.43 95.0 40.533787 -3.445106 664.1 3 5 90.4 0 0 5 1 
506.47 92.8 40.533779 -3.444811 663.9 3 5 90.0 0.352 0 5 1 
507.44 92.5 40.533779 -3.444502 664.8 3 5 90.0 0.352 1 5 1 
508.43 91.8 40.533783 -3.444202 666.1 3 5 90.0 0 1 5 1 
509.43 91.0 40.533775 -3.443893 665.2 3 5 90.4 0.352 2 5 1 
510.42 90.4 40.533779 -3.443594 666.1 3 5 90.0 0.352 2 5 1 
511.41 89.1 40.533779 -3.443298 665.9 3 5 89.6 0.703 2 6 1 
512.41 88.2 40.533791 -3.443002 666.2 3 5 89.3 0.703 2 6 1 
513.42 88.3 40.533791 -3.442724 667.2 3 5 90.0 0.703 2 6 1 
514.47 87.6 40.533791 -3.442429 667.4 3 5 90.0 0.703 2 6 1 
515.42 86.5 40.533798 -3.442142 666.5 3 5 89.3 0.703 2 6 1 
516.47 87.3 40.533802 -3.441852 666.8 3 5 89.3 0.703 2 6 1 
517.44 88.1 40.533813 -3.441573 667.4 3 5 88.9 0.352 1 6 1 
518.41 89.2 40.533810 -3.441283 667.3 3 5 89.3 0.352 1 6 1 
519.45 90.0 40.533817 -3.441000 667.2 3 5 89.3 0.352 1 6 1 
520.46 91.3 40.533817 -3.440710 666.9 3 5 89.6 0.352 1 6 1 
521.47 92.5 40.533817 -3.440405 666.4 3 5 90.0 0.703 1 6 1 
522.41 93.5 40.533817 -3.440100 666.4 3 5 90.0 0.352 1 6 1 
523.43 93.5 40.533813 -3.439787 666.0 3 5 89.3 0.703 1 6 1 
524.44 93.7 40.533810 -3.439478 665.5 3 5 88.9 1.055 0 6 1 
525.41 94.6 40.533810 -3.439164 665.3 3 5 88.6 0.703 0 6 1 
526.41 94.4 40.533810 -3.438852 664.8 3 5 88.9 0.352 0 6 1 
527.41 95.4 40.533810 -3.438539 663.5 3 5 90.4 1.758 0 6 1 
528.41 95.0 40.533806 -3.438221 662.5 3 5 90.0 1.055 0 6 1 
529.41 95.3 40.533802 -3.437907 662.1 3 5 89.3 1.055 0 6 1 
530.41 97.1 40.533798 -3.437591 660.3 3 5 90.7 1.406 0 6 1 
531.41 94.8 40.533794 -3.437280 659.6 3 5 89.6 1.055 0 5 1 
532.41 95.2 40.533798 -3.436974 658.0 3 5 90.0 0.703 0 5 1 
533.41 95.4 40.533794 -3.436662 656.9 3 5 89.6 0.352 0 5 1 
534.48 96.9 40.533798 -3.436349 654.8 3 5 89.6 0.352 0 5 1 
535.42 96.2 40.533802 -3.436032 653.5 3 5 89.6 0 0 5 1 
536.44 95.5 40.533802 -3.435714 651.9 3 5 89.6 0 0 5 1 
537.46 96.6 40.533813 -3.435395 651.4 3 5 90.4 0.703 1 4 0 
538.42 95.9 40.533806 -3.435073 649.6 3 5 90.7 1.055 1 5 1 
539.42 96.3 40.533810 -3.434776 648.9 3 5 90.7 0.352 2 5 1 
540.42 95.7 40.533806 -3.434454 648.7 3 5 90.7 0 2 5 1 
541.42 95.9 40.533806 -3.434153 645.9 3 5 91.1 0.352 1 5 1 
542.42 95.9 40.533794 -3.433844 644.4 3 5 92.8 2.109 1 5 1 
543.42 95.9 40.533783 -3.433531 642.8 3 5 94.6 3.516 1 5 1 
544.42 96.3 40.533756 -3.433212 642.0 3 5 96.3 3.516 2 5 1 
545.48 95.7 40.533733 -3.432897 641.3 3 5 97.7 3.164 2 5 1 
546.41 96.0 40.533699 -3.432580 639.4 3 5 98.4 2.109 2 5 1 
547.42 95.9 40.533661 -3.432266 637.2 3 5 100.5 2.812 2 6 1 
548.41 96.4 40.533611 -3.431954 636.1 3 5 102.7 4.219 1 6 1 
549.43 98.3 40.533546 -3.431645 634.0 3 5 103.7 3.164 0 6 1 
550.42 95.4 40.533482 -3.431329 632.9 3 5 105.5 2.812 0 6 1 
551.42 96.3 40.533409 -3.431024 631.7 3 5 107.6 3.867 0 6 1 
552.45 96.4 40.533333 -3.430724 630.0 3 5 109.0 3.516 0 6 1 
553.43 96.4 40.533260 -3.430420 628.6 3 5 110.7 3.164 0 5 1 
554.43 96.9 40.533165 -3.430110 626.2 3 5 113.2 4.219 0 5 1 
555.42 97.2 40.533062 -3.429810 624.1 3 5 115.7 4.922 0 5 1 
556.50 96.5 40.532951 -3.429518 622.0 3 5 117.8 4.570 1 5 1 
557.43 97.7 40.532829 -3.429243 620.9 3 5 118.8 3.164 2 5 1 
558.43 98.0 40.532707 -3.428963 619.9 3 5 120.2 2.461 2 5 1 
559.41 98.8 40.532578 -3.428689 618.7 3 5 120.9 2.109 2 5 1 
560.42 98.7 40.532448 -3.428412 617.1 3 5 122.0 1.758 1 5 1 
561.40 98.4 40.532310 -3.428139 616.5 3 5 123.8 2.812 0 5 1 
562.43 95.1 40.532173 -3.427884 615.5 3 5 126.6 4.570 0 5 1 
563.46 91.8 40.532032 -3.427655 614.4 3 5 128.3 4.570 0 5 1 
564.41 90.1 40.531887 -3.427427 613.7 3 5 130.1 3.516 0 5 1 
565.41 91.4 40.531738 -3.427214 612.5 4 5 132.2 3.867 0 5 1 
566.41 93.1 40.531582 -3.427006 612.5 4 5 133.6 3.516 0 5 1 
567.42 94.6 40.531418 -3.426779 612.0 4 5 133.9 1.758 0 5 1 
568.41 93.3 40.531265 -3.426557 612.2 4 5 136.8 3.164 0 5 1 
569.41 93.2 40.531094 -3.426359 612.4 4 5 138.9 4.922 1 5 1 
570.43 93.5 40.530907 -3.426152 613.8 4 5 140.6 3.867 2 5 1 
571.44 93.4 40.530720 -3.425961 613.9 4 5 141.7 2.812 2 5 1 
572.41 92.6 40.530533 -3.425777 613.9 4 5 142.7 2.109 2 5 1 
573.43 92.6 40.530346 -3.425595 614.7 4 5 143.4 1.758 1 5 1 
574.41 91.9 40.530167 -3.425434 615.7 4 5 144.8 2.109 0 4 0 
575.41 92.4 40.529972 -3.425269 616.0 4 5 147.0 3.516 0 4 0 
576.40 92.6 40.529774 -3.425112 616.6 4 5 149.4 4.570 0 4 0 
577.41 92.6 40.529568 -3.424962 615.4 4 5 151.5 4.570 0 4 0 
578.41 92.8 40.529350 -3.424812 616.5 4 5 153.6 4.219 2 4 0 
579.48 92.9 40.529129 -3.424678 617.4 4 5 154.0 2.461 1 4 0 
580.40 93.7 40.528915 -3.424537 618.3 4 5 152.6 1.406 1 4 0 
581.43 93.9 40.528717 -3.424381 618.9 4 5 152.2 1.758 0 4 0 
582.49 93.1 40.528507 -3.424239 619.5 4 5 151.9 0.703 0 4 0 
583.41 93.6 40.528297 -3.424094 620.6 4 5 152.6 0.703 2 4 0 
584.45 92.8 40.528095 -3.423964 620.9 4 5 152.9 1.055 2 4 0 
585.44 93.1 40.527882 -3.423820 621.0 4 5 152.6 0.352 0 4 0 
586.41 92.9 40.527679 -3.423677 621.2 4 5 150.8 2.109 0 4 0 
587.41 92.8 40.527481 -3.423525 621.9 4 5 148.0 4.570 0 4 0 
588.42 92.7 40.527290 -3.423357 623.1 3 5 145.2 5.625 0 4 0 
589.41 93.3 40.527103 -3.423179 624.0 3 5 142.0 5.977 0 4 0 
590.41 92.9 40.526943 -3.422977 623.5 3 5 139.6 5.625 0 4 0 
591.43 92.8 40.526768 -3.422769 624.4 3 5 136.4 5.625 1 4 0 
592.44 92.8 40.526604 -3.422552 625.4 3 5 135.0 4.570 1 4 0 
593.42 92.5 40.526443 -3.422350 625.5 3 5 133.2 3.164 0 4 0 
594.41 91.2 40.526287 -3.422126 625.4 3 5 130.8 4.219 0 4 0 
595.42 89.8 40.526154 -3.421910 625.8 3 5 128.0 5.273 0 4 0 
596.49 89.4 40.526028 -3.421667 626.5 3 5 124.8 5.977 0 4 0 
597.50 89.1 40.525894 -3.421415 627.0 3 5 122.3 5.625 0 4 0 
598.41 88.9 40.525772 -3.421160 627.0 3 5 120.6 4.219 0 4 0 
599.42 89.2 40.525646 -3.420892 627.7 3 5 119.2 3.164 0 4 0 
600.42 87.9 40.525547 -3.420638 628.3 3 5 117.1 3.516 0 3 0 
601.45 88.2 40.525448 -3.420382 627.0 3 5 116.4 2.812 0 3 0 
602.43 89.1 40.525349 -3.420115 627.6 3 5 114.3 2.812 0 3 0 
603.40 90.6 40.525261 -3.419837 628.5 3 5 112.1 4.219 0 3 0 
604.42 92.2 40.525185 -3.419562 630.2 3 5 110.0 4.219 0 3 0 
605.42 93.4 40.525108 -3.419265 631.9 3 5 107.9 4.219 2 3 0 
606.44 94.8 40.525036 -3.418970 632.2 3 5 107.6 2.461 0 3 0 
607.48 93.7 40.524967 -3.418681 632.4 3 5 106.5 1.406 0 3 0 
608.41 94.9 40.524902 -3.418389 633.3 3 5 106.9 0.703 0 2 0 
609.42 96.6 40.524837 -3.418083 633.8 3 5 106.9 0.352 0 2 0 
610.42 98.4 40.524769 -3.417774 634.3 3 5 107.6 0.703 0 2 0 
611.42 100.9 40.524685 -3.417452 634.4 3 5 109.7 2.812 0 2 0 
612.41 101.1 40.524586 -3.417137 635.4 3 5 111.1 3.516 0 2 0 
613.43 101.8 40.524494 -3.416831 635.5 3 5 113.2 3.516 0 2 0 
614.42 103.4 40.524399 -3.416523 636.4 3 5 115.3 4.219 0 2 0 
615.42 103.8 40.524273 -3.416229 636.7 3 5 118.1 4.922 0 2 0 
616.45 105.8 40.524147 -3.415925 635.8 3 5 120.2 4.922 0 2 0 
617.42 108.3 40.524002 -3.415623 635.9 3 5 123.0 4.922 0 2 0 
618.41 109.7 40.523846 -3.415333 636.2 3 5 125.5 5.273 0 2 0 
619.49 111.2 40.523674 -3.415046 636.0 3 5 128.0 4.922 0 2 0 
620.43 111.9 40.523491 -3.414764 635.4 3 5 130.4 4.922 1 2 0 
621.41 112.0 40.523323 -3.414482 634.1 3 5 132.9 4.922 2 2 0 
622.48 113.4 40.523125 -3.414226 633.1 3 5 135.0 4.570 1 2 0 
623.48 116.3 40.522915 -3.413967 631.9 3 5 137.5 4.570 0 2 0 
624.41 117.1 40.522697 -3.413707 630.8 3 5 139.9 4.922 0 2 0 
625.45 118.5 40.522469 -3.413469 629.5 3 5 141.7 4.219 1 2 0 
626.40 118.5 40.522236 -3.413229 629.2 4 5 141.7 1.758 2 2 0 
627.42 117.4 40.521999 -3.413012 628.3 4 5 144.1 2.461 0 2 0 
628.40 115.8 40.521755 -3.412793 626.6 4 5 144.8 3.164 0 2 0 
629.47 115.1 40.521523 -3.412567 625.3 4 5 143.8 1.055 0 2 0 
630.43 114.2 40.521294 -3.412360 624.9 4 5 143.8 1.055 0 2 0 
631.41 113.4 40.521069 -3.412138 624.5 4 5 143.1 0.703 0 2 0 
632.41 112.5 40.520836 -3.411914 623.4 4 5 143.4 0.352 0 2 0 
633.42 112.2 40.520615 -3.411694 623.9 4 5 144.1 1.055 0 2 0 
634.41 111.9 40.520393 -3.411476 623.8 4 5 144.5 1.055 0 2 0 
635.40 111.1 40.520164 -3.411272 621.4 4 5 144.8 0.703 0 2 0 
636.41 110.5 40.519943 -3.411060 622.0 4 5 145.2 0.703 0 2 0 
637.44 109.0 40.519714 -3.410860 621.2 4 5 145.5 0.703 0 2 0 
638.43 109.5 40.519489 -3.410653 620.8 4 5 145.2 0.352 2 2 0 
639.41 107.5 40.519268 -3.410453 620.4 4 5 145.2 0.352 2 2 0 
640.41 106.3 40.519043 -3.410258 620.0 4 5 145.2 0 0 2 0 
641.49 104.7 40.518826 -3.410057 619.9 4 5 145.2 0 0 2 0 
642.41 103.6 40.518612 -3.409863 618.9 3 5 145.9 0.703 0 2 0 
643.41 103.4 40.518398 -3.409676 618.5 3 5 145.9 0.703 0 2 0 
644.42 102.5 40.518185 -3.409488 618.3 3 5 145.5 0.352 1 2 0 
645.49 102.0 40.517975 -3.409300 617.9 3 5 145.2 0.703 1 2 0 
646.43 100.7 40.517765 -3.409117 617.4 4 5 145.9 0.703 2 2 0 
647.45 100.4 40.517555 -3.408941 617.3 4 5 145.9 0.703 2 2 0 
648.41 99.0 40.517368 -3.408797 616.6 4 5 146.6 0.703 2 2 0 
649.42 100.0 40.517159 -3.408607 616.3 4 5 144.8 1.758 0 2 0 
650.42 99.8 40.516949 -3.408411 616.1 4 5 145.5 1.055 0 2 0 
651.41 99.0 40.516739 -3.408224 615.8 4 5 146.6 1.758 0 2 0 
652.41 98.8 40.516537 -3.408034 615.6 4 5 146.6 1.055 2 2 0 
653.42 98.6 40.516331 -3.407849 615.3 4 5 147.7 1.055 1 2 0 
654.47 97.9 40.516117 -3.407673 615.1 4 5 147.7 1.055 0 2 0 
655.41 98.2 40.515907 -3.407500 614.8 4 5 148.4 0.703 0 2 0 
656.44 98.3 40.515694 -3.407337 614.3 4 5 149.1 1.406 0 2 0 
657.42 97.6 40.515476 -3.407177 613.9 4 5 148.7 0.352 0 2 0 
658.44 97.7 40.515263 -3.407015 612.8 4 5 148.7 0.352 0 2 0 
659.42 97.3 40.515068 -3.406846 612.2 4 5 149.1 0.352 0 2 0 
660.45 97.8 40.514851 -3.406687 611.8 4 5 149.8 1.055 0 2 0 
661.46 98.9 40.514633 -3.406521 610.9 4 5 150.1 1.055 1 3 0 
662.42 98.7 40.514420 -3.406359 610.0 4 5 150.5 0.703 2 3 0 
663.49 98.6 40.514206 -3.406209 608.9 4 5 150.1 0.352 2 3 0 
664.42 98.3 40.513992 -3.406036 607.8 4 5 149.8 0.703 1 3 0 
665.42 98.1 40.513779 -3.405870 607.1 4 5 149.4 0.703 1 3 0 
666.42 97.6 40.513565 -3.405703 606.6 3 5 149.4 0.352 0 3 0 
