63.98 3 1 40.524807 -3.417250 20151203174428 
97.97 3 1 40.530144 -3.425357 20151203174502 
181.24 3 1 40.533825 -3.451198 20151203174625 
208.64 3 1 40.533791 -3.460060 20151203174653 
261.48 3 1 40.538849 -3.471278 20151203174745 
395.07 1 1 40.554348 -3.495842 20151203174959 
410.09 3 1 40.554634 -3.499929 20151203175014 
480.06 1 1 40.561420 -3.516633 20151203175124 
482.75 3 1 40.562019 -3.516762 20151203175127 
523.21 3 1 40.569836 -3.521040 20151203175207 
553.96 3 1 40.573227 -3.528860 20151203175238 
573.84 1 1 40.575428 -3.533913 20151203175258 
616.78 3 1 40.580151 -3.544545 20151203175341 
636.32 3 1 40.582943 -3.548480 20151203175400 
652.56 1 1 40.584293 -3.552428 20151203175417 
655.33 3 1 40.584393 -3.553127 20151203175419 
657.28 1 2 40.584446 -3.553545 20151203175421 
