46.32 100.0 2 primary 2 1 40.521870 -3.412418 3.339 87.9 
47.82 100.0 1 primary 2 1 40.522507 -3.413236 0.844 89.3 
48.85 100.0 1 primary 2 1 40.522686 -3.413426 0.870 89.4 
49.50 100.0 1 primary 2 1 40.522865 -3.413607 0.529 89.4 
64.62 100.0 1 primary 2 1 40.523022 -3.413802 14.641 87.0 
70.35 100.0 1 primary 2 1 40.524883 -3.417528 5.375 92.7 
85.71 80.0 1 primary 1 1 40.525269 -3.419247 14.738 104.1 
87.00 90.0 1 primary 2 1 40.527290 -3.423330 1.027 105.0 
89.33 90.0 1 primary 2 1 40.527737 -3.423686 1.354 102.5 
90.83 90.0 1 primary 2 1 40.528214 -3.423996 0.849 106.5 
91.97 90.0 1 primary 2 1 40.528458 -3.424153 0.992 107.7 
96.89 90.0 1 primary 2 1 40.528706 -3.424314 4.908 105.7 
121.76 90.0 1 primary 2 1 40.529922 -3.425171 24.780 98.0 
122.93 90.0 1 primary 2 1 40.533646 -3.431758 0.953 97.8 
123.60 90.0 1 primary 2 1 40.533699 -3.432070 0.629 98.3 
125.61 90.0 1 primary 2 1 40.533749 -3.432377 1.636 98.0 
126.77 90.0 1 primary 2 1 40.533806 -3.433001 0.799 98.3 
128.92 90.0 1 primary 2 1 40.533836 -3.433317 1.947 97.7 
129.74 90.0 1 primary 2 1 40.533875 -3.433961 0.765 97.3 
131.01 90.0 2 primary 2 1 40.533890 -3.434283 1.030 97.3 
133.84 90.0 1 primary 2 1 40.533890 -3.434917 1.862 97.7 
135.17 90.0 1 primary 2 1 40.533886 -3.435553 1.193 96.8 
136.83 90.0 1 primary 2 1 40.533882 -3.436175 0.853 97.1 
138.36 90.0 1 primary 2 1 40.533875 -3.436505 1.387 95.4 
154.32 90.0 1 primary 2 1 40.533878 -3.437146 15.346 105.7 
155.86 90.0 1 primary 2 1 40.533852 -3.442339 0.880 102.0 
156.98 90.0 1 primary 2 1 40.533848 -3.442674 1.007 103.0 
158.89 90.0 1 primary 2 1 40.533852 -3.443349 0.916 104.3 
159.75 90.0 1 primary 2 1 40.533848 -3.443692 0.773 103.2 
161.18 90.0 1 primary 2 1 40.533844 -3.444031 1.205 102.0 
163.23 90.0 1 primary 2 1 40.533840 -3.444706 1.259 101.8 
164.68 90.0 1 primary 2 1 40.533844 -3.445371 0.705 104.9 
165.63 90.0 1 primary 2 1 40.533848 -3.445724 0.651 106.2 
166.91 90.0 1 primary 2 1 40.533848 -3.446076 0.939 106.0 
168.49 90.0 1 primary 2 1 40.533825 -3.446420 1.510 105.2 
169.78 90.0 1 primary 2 1 40.533833 -3.447121 0.805 100.9 
170.73 90.0 1 primary 2 1 40.533825 -3.447453 0.757 102.4 
172.44 90.0 1 primary 2 1 40.533825 -3.447789 1.469 103.2 
174.08 90.0 1 primary 2 1 40.533844 -3.448469 1.105 103.5 
175.93 90.0 2 primary 2 1 40.533848 -3.449150 0.950 103.5 
177.06 90.0 1 primary 2 1 40.533852 -3.449490 1.081 104.2 
179.00 90.0 1 primary 2 1 40.533840 -3.450178 1.022 103.5 
181.15 90.0 1 primary 2 1 40.533836 -3.450857 1.173 101.6 
183.40 90.0 1 primary 2 1 40.533813 -3.451534 1.424 104.7 
185.83 90.0 1 primary 2 1 40.533810 -3.452209 1.855 99.5 
187.19 90.0 1 primary 2 1 40.533806 -3.452874 1.215 99.2 
189.45 90.0 1 primary 2 1 40.533802 -3.453536 1.473 103.2 
191.33 90.0 1 primary 2 1 40.533798 -3.454211 1.352 104.8 
196.89 90.0 1 primary 2 1 40.533791 -3.454894 4.916 101.3 
199.00 90.0 1 primary 2 1 40.533791 -3.456548 2.026 105.4 
204.09 90.0 1 primary 2 1 40.533798 -3.457563 4.113 97.3 
205.73 90.0 1 primary 2 1 40.533794 -3.459197 0.753 92.3 
206.95 90.0 1 primary 2 1 40.533787 -3.459505 0.978 90.0 
208.72 90.0 1 primary 2 1 40.533794 -3.459780 1.738 86.8 
209.78 90.0 1 primary 2 1 40.533787 -3.460337 0.802 88.3 
211.05 90.0 1 primary 2 1 40.533768 -3.460611 1.067 89.0 
213.21 90.0 1 primary 2 1 40.533775 -3.461201 1.231 87.7 
215.05 90.0 1 primary 2 1 40.533772 -3.461772 1.077 89.2 
216.99 90.0 1 primary 2 1 40.533768 -3.462356 1.015 86.3 
218.62 90.0 1 primary 2 1 40.533783 -3.462896 0.644 87.1 
219.97 90.0 1 primary 2 1 40.533783 -3.463184 0.997 84.6 
220.50 90.0 1 primary 2 1 40.533783 -3.463468 0.517 84.6 
221.90 90.0 1 primary 2 1 40.533775 -3.463748 0.929 85.2 
222.74 90.0 1 primary 2 1 40.533775 -3.464018 0.763 83.7 
223.74 90.0 1 primary 2 1 40.533775 -3.464294 0.770 84.9 
224.69 90.0 1 primary 2 1 40.533779 -3.464576 0.715 84.2 
226.72 90.0 2 primary 2 1 40.533783 -3.464859 1.726 83.3 
227.78 90.0 1 primary 2 1 40.533810 -3.465419 0.802 84.5 
229.50 90.0 2 primary 2 1 40.533829 -3.465692 1.520 85.5 
230.62 90.0 1 primary 2 1 40.533901 -3.466249 0.652 86.1 
231.94 90.0 1 primary 2 1 40.533943 -3.466541 0.964 85.3 
232.66 90.0 1 primary 2 1 40.534004 -3.466813 0.686 85.8 
233.89 90.0 1 primary 2 1 40.534081 -3.467079 0.917 84.4 
235.01 90.0 1 primary 2 1 40.534157 -3.467337 1.030 83.3 
237.79 90.0 1 primary 2 1 40.534344 -3.467841 1.816 85.5 
238.59 90.0 1 primary 2 1 40.534569 -3.468315 0.620 84.8 
240.23 90.0 1 primary 2 1 40.534687 -3.468544 1.262 84.0 
242.50 100.0 3 primary_link 1 1 40.534966 -3.468964 1.526 84.1 
244.22 90.0 1 primary 2 1 40.535263 -3.469356 1.249 81.6 
246.27 100.0 3 primary_link 1 1 40.535583 -3.469694 1.300 84.2 
248.74 100.0 3 primary_link 1 1 40.535934 -3.470001 1.771 87.4 
251.60 100.0 3 primary_link 1 1 40.536312 -3.470259 2.616 89.3 
252.94 100.0 3 primary_link 1 1 40.536934 -3.470578 0.963 89.7 
256.00 100.0 3 primary_link 1 1 40.537144 -3.470667 3.030 88.3 
261.99 90.0 1 primary 2 1 40.538025 -3.470991 5.020 87.2 
268.25 90.0 1 primary 2 1 40.539280 -3.471431 5.275 85.1 
271.05 90.0 1 primary 2 1 40.540562 -3.471852 2.080 82.3 
273.31 30.0 1 primary_link 1 1 40.541176 -3.472063 1.333 81.8 
275.72 30.0 1 primary_link 1 1 40.541584 -3.472184 1.748 83.6 
277.42 30.0 1 primary_link 1 1 40.541992 -3.472311 1.446 84.0 
282.85 30.0 1 primary_link 1 1 40.542397 -3.472443 4.882 79.8 
284.06 30.0 1 primary_link 1 1 40.543388 -3.472798 1.088 80.5 
286.31 90.0 1 primary 2 1 40.543785 -3.472928 1.337 81.0 
287.76 90.0 1 primary 2 1 40.544178 -3.473063 0.790 81.2 
293.06 90.0 1 primary 2 1 40.544369 -3.473123 5.086 85.3 
295.12 90.0 1 primary 2 1 40.545544 -3.473502 1.146 82.9 
297.52 90.0 1 primary 2 1 40.545925 -3.473632 1.542 80.9 
299.32 90.0 1 primary 2 1 40.546326 -3.473759 1.345 81.1 
300.97 90.0 1 primary 2 1 40.546711 -3.473877 0.996 82.4 
301.67 90.0 1 primary 2 1 40.546906 -3.473958 0.697 83.4 
302.83 90.0 1 primary 2 1 40.547100 -3.474042 0.852 84.2 
304.14 90.0 1 primary 2 1 40.547302 -3.474137 1.154 85.3 
305.77 90.0 1 primary 2 1 40.547699 -3.474322 0.791 86.9 
306.90 90.0 1 primary 2 1 40.547897 -3.474429 0.928 87.3 
308.08 90.0 1 primary 2 1 40.548103 -3.474537 1.103 88.3 
310.50 90.0 1 primary 2 1 40.548504 -3.474761 1.529 90.0 
312.51 90.0 1 primary 2 1 40.548912 -3.475012 1.533 90.4 
314.94 90.0 1 primary 2 1 40.549309 -3.475279 1.963 89.6 
316.01 90.0 1 primary 2 1 40.549702 -3.475561 1.034 89.5 
317.85 90.0 1 primary 2 1 40.550072 -3.475861 0.875 85.9 
319.24 90.0 1 primary 2 1 40.550251 -3.476016 1.264 84.6 
325.02 90.0 1 primary 2 1 40.550613 -3.476337 5.048 86.8 
370.08 90.0 1 primary 2 2 40.551647 -3.477393 44.096 88.4 
431.67 -1.0 -1 - -1 -1 40.555946 -3.489270 60.694 93.2 
492.38 -1.0 -1 - -1 -1 40.556686 -3.505591 60.411 88.1 
500.36 90.0 1 primary 3 2 40.564121 -3.517096 7.385 90.8 
502.08 90.0 1 primary 3 2 40.565796 -3.517694 1.108 89.3 
503.92 90.0 1 primary 3 2 40.566208 -3.517911 0.946 86.1 
505.06 90.0 1 primary 3 2 40.566406 -3.518027 1.072 87.4 
508.24 90.0 1 primary 3 2 40.566807 -3.518265 2.267 86.1 
511.36 90.0 1 primary 3 2 40.567387 -3.518650 2.383 86.3 
526.14 90.0 1 primary 2 2 40.567940 -3.519071 14.168 88.1 
527.68 90.0 1 primary 2 2 40.570438 -3.521874 0.702 87.3 
529.28 90.0 1 primary 2 2 40.570580 -3.522091 1.305 87.2 
531.37 90.0 1 primary 2 2 40.570847 -3.522532 1.392 87.6 
534.78 90.0 1 primary 2 2 40.571106 -3.523001 2.809 89.2 
552.74 90.0 1 primary 2 2 40.571465 -3.523731 17.752 87.7 
554.26 90.0 1 primary 2 2 40.573147 -3.528595 1.290 87.3 
556.75 90.0 1 primary 2 2 40.573315 -3.529126 1.778 87.6 
563.24 90.0 1 primary 2 2 40.573483 -3.529648 6.261 89.4 
564.84 90.0 1 primary 2 2 40.574245 -3.531471 0.868 87.4 
565.46 90.0 1 primary 2 2 40.574356 -3.531720 0.482 87.4 
567.43 90.0 1 primary 2 2 40.574478 -3.531954 1.460 89.4 
575.23 90.0 1 primary 2 2 40.574715 -3.532445 7.256 89.6 
577.54 90.0 1 primary 2 2 40.575661 -3.534415 1.567 88.0 
578.87 90.0 1 primary 2 2 40.575874 -3.534917 0.890 89.7 
579.59 90.0 1 primary 2 2 40.575985 -3.535177 0.615 89.7 
580.92 90.0 1 primary 2 2 40.576096 -3.535442 0.940 88.5 
581.74 90.0 1 primary 2 2 40.576202 -3.535701 0.770 88.5 
583.62 90.0 1 primary 2 2 40.576302 -3.535961 1.644 85.7 
585.00 90.0 1 primary 2 2 40.576481 -3.536472 1.025 86.2 
587.69 90.0 1 primary 2 2 40.576664 -3.536994 1.711 88.7 
592.55 90.0 1 primary 2 2 40.576843 -3.537519 4.573 90.6 
594.44 90.0 1 primary 2 2 40.577297 -3.538857 1.460 88.1 
596.79 90.0 1 primary 2 2 40.577488 -3.539386 1.821 84.7 
598.74 90.0 1 primary 2 2 40.577694 -3.539890 1.763 86.0 
600.99 90.0 1 primary 2 2 40.577892 -3.540366 2.017 85.7 
603.37 90.0 1 primary 2 2 40.578209 -3.541103 1.390 85.3 
605.08 90.0 1 primary 2 2 40.578426 -3.541580 1.111 88.6 
608.65 90.0 1 primary 2 2 40.578686 -3.542083 2.663 87.6 
610.17 90.0 1 primary 2 2 40.579067 -3.542767 1.198 87.8 
612.15 90.0 1 primary 2 2 40.579334 -3.543230 1.176 85.8 
615.53 90.0 1 primary 2 2 40.579594 -3.543685 2.558 85.9 
616.93 90.0 1 primary 2 2 40.580009 -3.544335 0.954 83.8 
636.46 90.0 1 primary 2 2 40.580151 -3.544545 19.485 81.1 
638.65 90.0 1 primary 2 2 40.583057 -3.548704 1.681 84.7 
641.04 90.0 1 primary 2 2 40.583309 -3.549185 2.061 83.4 
642.46 90.0 1 primary 2 2 40.583611 -3.549900 0.486 84.9 
643.92 90.0 1 primary 2 2 40.583702 -3.550148 0.946 84.1 
645.12 90.0 1 primary 2 2 40.583786 -3.550406 1.149 82.2 
647.38 90.0 1 primary 2 2 40.583935 -3.550911 1.404 83.9 
649.33 90.0 1 primary 2 2 40.584080 -3.551417 1.358 81.8 
651.17 90.0 1 primary 2 2 40.584190 -3.551931 1.194 79.3 
653.38 90.0 1 primary 2 2 40.584293 -3.552428 1.412 75.1 
655.66 90.0 1 primary 2 2 40.584362 -3.552901 1.690 62.9 
657.64 90.0 1 primary 1 2 40.584419 -3.553341 1.669 58.2 
659.40 90.0 1 primary 1 2 40.584465 -3.553742 1.430 54.6 
660.80 90.0 1 primary 1 2 40.584511 -3.554097 0.822 50.1 
