42.53 -1.00 -1.00 0 78.0 
42.78 -1.00 -1.00 1 78.0 
43.03 -1.00 -1.00 1 83.5 
43.23 -1.00 -1.00 1 83.5 
43.41 -1.00 -1.00 1 83.5 
43.70 -1.00 -1.00 1 83.5 
43.91 -1.00 -1.00 1 81.9 
44.13 -1.00 -1.00 1 81.9 
44.29 14.29 0.63 1 81.9 
44.53 15.11 0.66 1 81.9 
44.76 15.41 0.68 1 81.9 
44.99 13.86 0.58 1 86.4 
45.20 15.44 0.64 1 86.4 
45.40 17.19 0.72 1 86.4 
45.75 18.53 0.77 1 86.4 
45.95 19.80 0.81 1 87.9 
46.22 20.38 0.83 2 87.9 
46.49 21.30 0.87 2 87.9 
46.77 22.29 0.91 2 87.9 
46.96 23.37 0.97 2 87.1 
47.20 25.72 1.06 2 87.1 
47.42 -1.00 -1.00 1 87.1 
47.65 -1.00 -1.00 1 87.1 
47.88 11.96 0.48 1 89.3 
48.07 12.74 0.51 1 89.3 
48.30 13.83 0.56 1 89.3 
48.54 14.78 0.60 1 89.3 
48.83 15.38 0.62 1 89.3 
49.09 15.84 0.64 1 89.4 
49.33 17.97 0.72 1 89.4 
49.51 19.83 0.80 1 89.4 
49.69 21.03 0.85 1 89.4 
49.93 22.27 0.89 1 90.0 
50.18 22.77 0.91 1 90.0 
50.35 23.98 0.96 1 90.0 
50.55 25.32 1.01 1 90.0 
50.83 26.77 1.07 1 90.0 
51.32 32.96 1.31 1 90.6 
51.48 34.45 1.37 1 90.6 
51.73 35.29 1.40 1 90.6 
51.97 37.04 1.46 1 91.2 
52.18 38.00 1.50 1 91.2 
52.40 -1.00 -1.00 1 91.2 
52.62 39.65 1.56 1 91.2 
52.84 38.97 1.53 1 91.7 
52.99 39.12 1.54 1 91.7 
53.18 39.24 1.54 1 91.7 
53.38 39.83 1.56 1 91.7 
53.64 39.83 1.56 1 91.7 
53.83 39.82 1.55 1 92.3 
54.07 39.80 1.55 1 92.3 
54.26 39.76 1.55 1 92.3 
54.51 39.71 1.55 1 92.3 
54.74 39.66 1.55 1 92.3 
54.92 -1.00 -1.00 1 92.9 
55.19 39.54 1.53 1 92.9 
55.44 -1.00 -1.00 1 92.9 
55.69 -1.00 -1.00 1 92.9 
55.94 -1.00 -1.00 1 93.8 
56.10 -1.00 -1.00 0 93.8 
56.31 -1.00 -1.00 0 93.8 
56.54 -1.00 -1.00 0 93.8 
56.81 -1.00 -1.00 0 93.8 
57.02 -1.00 -1.00 0 94.6 
57.25 -1.00 -1.00 0 94.6 
57.44 -1.00 -1.00 0 94.6 
57.67 -1.00 -1.00 0 94.6 
57.89 -1.00 -1.00 0 95.6 
58.13 -1.00 -1.00 0 95.6 
58.33 -1.00 -1.00 0 95.6 
58.62 -1.00 -1.00 0 95.6 
58.84 -1.00 -1.00 0 95.2 
59.00 -1.00 -1.00 0 95.2 
59.22 -1.00 -1.00 0 95.2 
59.40 -1.00 -1.00 0 95.2 
59.61 -1.00 -1.00 0 95.2 
59.84 -1.00 -1.00 0 93.3 
60.07 -1.00 -1.00 0 93.3 
60.24 -1.00 -1.00 1 93.3 
60.50 -1.00 -1.00 1 93.3 
60.75 -1.00 -1.00 1 93.3 
60.98 -1.00 -1.00 1 90.9 
61.38 -1.00 -1.00 1 90.9 
61.65 -1.00 -1.00 1 90.9 
61.86 -1.00 -1.00 1 88.8 
62.07 -1.00 -1.00 1 88.8 
62.27 -1.00 -1.00 1 88.8 
62.45 -1.00 -1.00 1 88.8 
62.71 -1.00 -1.00 1 88.8 
62.86 -1.00 -1.00 1 87.3 
63.06 -1.00 -1.00 1 87.3 
63.27 -1.00 -1.00 1 87.3 
63.46 -1.00 -1.00 2 87.3 
63.70 -1.00 -1.00 2 87.3 
63.89 -1.00 -1.00 2 85.9 
64.05 -1.00 -1.00 2 85.9 
64.19 -1.00 -1.00 2 85.9 
64.40 -1.00 -1.00 2 85.9 
64.67 -1.00 -1.00 2 85.9 
64.87 -1.00 -1.00 2 87.0 
65.08 7.39 0.31 2 87.0 
65.25 7.70 0.32 1 87.0 
65.47 8.10 0.34 1 87.0 
65.66 8.48 0.35 1 87.0 
65.82 8.86 0.35 1 90.2 
66.04 9.14 0.36 1 90.2 
66.20 9.23 0.37 1 90.2 
66.41 9.47 0.38 1 90.2 
66.57 10.02 0.40 1 90.2 
66.77 10.35 0.40 1 92.0 
66.97 10.65 0.42 1 92.0 
67.15 10.88 0.43 1 92.0 
67.32 11.06 0.43 1 92.0 
67.52 11.26 0.44 1 92.0 
67.75 11.34 0.44 1 92.0 
67.89 11.62 0.46 1 90.9 
68.07 11.76 0.47 1 90.9 
68.24 11.94 0.47 1 90.9 
68.43 12.07 0.48 1 90.9 
68.61 11.89 0.47 1 90.9 
68.78 11.88 0.47 1 90.4 
68.93 11.95 0.48 1 90.4 
69.13 12.08 0.48 1 90.4 
69.31 12.17 0.48 1 90.4 
69.46 12.09 0.48 2 90.4 
69.71 12.18 0.48 1 90.4 
69.91 12.17 0.47 1 92.7 
70.05 12.31 0.48 1 92.7 
70.21 12.61 0.49 1 92.7 
70.35 12.82 0.50 1 92.7 
70.60 13.08 0.51 1 92.7 
70.76 13.09 0.50 1 94.6 
70.95 13.38 0.51 1 94.6 
71.29 13.90 0.53 1 94.6 
71.42 14.32 0.55 1 94.6 
71.66 14.42 0.55 1 94.6 
71.80 14.60 0.55 1 94.8 
71.97 14.98 0.57 1 94.8 
72.11 15.14 0.58 1 94.8 
72.31 15.39 0.58 1 94.8 
72.47 15.35 0.58 1 94.8 
72.65 15.10 0.57 1 94.8 
72.85 15.35 0.57 1 96.2 
73.03 15.55 0.58 1 96.2 
73.28 15.83 0.59 1 96.2 
73.47 15.79 0.59 1 96.2 
73.69 15.88 0.59 1 96.2 
73.84 16.08 0.59 1 97.9 
74.05 16.36 0.60 1 97.9 
74.19 16.71 0.61 1 97.9 
74.41 17.14 0.63 1 97.9 
74.63 17.17 0.63 1 97.9 
74.79 17.50 0.63 1 100.3 
74.99 17.33 0.62 1 100.3 
75.17 17.19 0.62 1 100.3 
75.35 17.21 0.62 1 100.3 
75.57 17.68 0.63 1 100.3 
75.73 18.04 0.65 1 100.3 
75.96 19.34 0.69 1 100.7 
76.13 19.70 0.70 1 100.7 
76.30 19.50 0.70 1 100.7 
76.51 19.19 0.69 1 100.7 
76.69 19.99 0.71 1 100.7 
76.90 20.04 0.72 1 100.6 
77.10 20.07 0.72 1 100.6 
77.27 20.45 0.73 1 100.6 
77.46 20.57 0.74 1 100.6 
77.68 20.85 0.75 1 100.6 
77.84 21.28 0.76 1 100.3 
78.04 21.24 0.76 1 100.3 
78.18 21.02 0.75 1 100.3 
78.31 20.67 0.74 1 100.3 
78.49 20.54 0.74 1 100.3 
78.69 19.98 0.72 1 100.3 
78.89 20.15 0.72 1 101.4 
79.02 19.96 0.71 1 101.4 
79.18 -1.00 -1.00 1 101.4 
79.37 20.80 0.74 1 101.4 
79.54 20.81 0.74 1 101.4 
79.69 21.00 0.75 1 101.4 
79.89 21.16 0.75 1 101.5 
80.09 21.09 0.75 1 101.5 
80.25 21.03 0.75 1 101.5 
80.42 21.61 0.77 1 101.5 
80.63 21.45 0.76 1 101.5 
80.86 21.94 0.78 1 101.7 
81.08 22.11 0.78 1 101.7 
81.27 22.24 0.79 1 101.7 
81.43 22.82 0.81 1 101.7 
81.68 23.03 0.82 1 101.7 
81.82 22.99 0.79 1 104.5 
81.97 22.94 0.79 1 104.5 
82.18 22.90 0.79 1 104.5 
82.32 22.87 0.79 1 104.5 
82.52 22.84 0.79 1 104.5 
82.72 22.81 0.79 1 104.5 
82.86 -1.00 -1.00 1 104.1 
83.05 23.22 0.80 1 104.1 
83.19 23.32 0.81 1 104.1 
83.33 23.21 0.80 1 104.1 
83.50 23.09 0.80 1 104.1 
83.69 23.21 0.80 1 104.1 
83.88 23.31 0.82 1 102.7 
84.07 23.39 0.82 1 102.7 
84.23 23.45 0.82 1 102.7 
84.37 23.27 0.82 1 102.7 
84.54 23.60 0.83 1 102.7 
84.74 23.61 0.83 1 102.7 
84.89 23.21 0.81 1 102.7 
85.09 23.05 0.81 1 102.7 
85.23 22.75 0.80 1 102.7 
85.41 22.68 0.80 1 102.7 
85.61 22.64 0.79 1 102.7 
85.84 22.58 0.78 1 104.1 
85.99 22.78 0.79 1 104.1 
86.20 22.93 0.79 1 104.1 
86.37 23.31 0.81 1 104.1 
86.61 23.59 0.82 1 104.1 
86.77 24.11 0.83 1 105.0 
86.93 24.81 0.85 1 105.0 
87.13 25.37 0.87 1 105.0 
87.33 25.30 0.87 1 105.0 
87.50 25.49 0.87 1 105.0 
87.70 25.62 0.88 1 105.0 
87.86 25.74 0.90 1 103.0 
88.05 26.13 0.91 1 103.0 
88.20 26.17 0.91 1 103.0 
88.39 26.47 0.92 1 103.0 
88.65 26.43 0.92 1 103.0 
88.81 25.91 0.91 1 102.5 
88.98 25.70 0.90 1 102.5 
89.20 -1.00 -1.00 1 102.5 
89.37 -1.00 -1.00 1 102.5 
89.58 24.78 0.87 1 102.5 
89.77 25.02 0.86 1 104.2 
89.97 -1.00 -1.00 1 104.2 
90.18 25.14 0.87 1 104.2 
90.38 25.07 0.87 1 104.2 
90.54 24.98 0.86 1 104.2 
90.77 24.90 0.86 1 104.2 
90.96 25.13 0.85 1 106.5 
91.17 25.30 0.86 1 106.5 
91.35 25.18 0.85 1 106.5 
91.50 -1.00 -1.00 1 106.5 
91.73 25.24 0.85 1 106.5 
91.92 25.14 0.84 1 107.7 
92.07 25.59 0.86 1 107.7 
92.26 25.96 0.87 1 107.7 
92.42 26.58 0.89 1 107.7 
92.59 26.48 0.89 1 107.7 
92.74 26.40 0.87 1 109.5 
92.92 26.08 0.86 1 109.5 
93.12 25.79 0.85 1 109.5 
93.26 25.83 0.85 1 109.5 
93.45 25.85 0.85 1 109.5 
93.67 26.49 0.87 1 109.5 
93.81 26.69 0.85 1 113.6 
94.00 27.15 0.86 1 113.6 
94.17 26.07 0.83 1 113.6 
94.34 25.78 0.82 1 113.6 
94.60 26.42 0.84 1 113.6 
94.78 26.62 0.88 1 109.3 
95.00 27.46 0.90 1 109.3 
95.19 28.53 0.94 1 109.3 
95.34 26.91 0.89 1 109.3 
95.60 25.20 0.83 1 109.3 
95.82 25.95 0.87 1 108.0 
95.98 26.92 0.90 1 108.0 
96.18 27.02 0.90 1 108.0 
96.38 27.42 0.91 1 108.0 
96.57 27.14 0.91 1 108.0 
96.77 26.22 0.87 1 108.0 
97.00 25.88 0.88 1 105.7 
97.14 26.84 0.91 1 105.7 
97.35 26.96 0.92 1 105.7 
97.50 28.58 0.97 1 105.7 
97.72 29.42 1.00 1 105.7 
97.90 28.19 0.97 1 104.9 
98.09 27.09 0.93 1 104.9 
98.26 26.59 0.91 1 104.9 
98.46 26.18 0.90 1 104.9 
98.71 25.38 0.87 1 104.9 
98.87 24.50 0.82 1 107.7 
99.06 23.40 0.78 1 107.7 
99.26 23.30 0.78 1 107.7 
99.43 23.24 0.78 1 107.7 
99.68 23.42 0.78 1 107.7 
99.87 23.58 0.79 1 107.7 
100.07 23.70 0.79 1 107.7 
100.27 24.38 0.81 2 107.7 
100.42 24.12 0.81 1 107.7 
100.60 24.15 0.81 1 107.7 
100.79 24.19 0.80 1 109.3 
100.96 24.22 0.80 1 109.3 
101.13 24.00 0.79 1 109.3 
101.29 24.06 0.79 1 109.3 
101.50 24.12 0.79 1 109.3 
101.66 23.91 0.79 1 109.3 
101.84 23.75 0.77 1 110.8 
101.97 23.62 0.77 1 110.8 
102.16 23.51 0.76 1 110.8 
102.29 23.42 0.76 1 110.8 
102.48 23.13 0.75 1 110.8 
102.69 23.12 0.75 1 110.8 
102.87 23.63 0.76 1 111.7 
103.03 23.77 0.77 1 111.7 
103.22 23.41 0.75 1 111.7 
103.41 23.88 0.77 1 111.7 
103.60 23.73 0.76 1 111.7 
103.77 23.61 0.76 1 111.2 
103.96 23.29 0.75 1 111.2 
104.15 23.03 0.75 1 111.2 
104.39 21.55 0.70 1 111.2 
104.54 21.41 0.69 1 111.2 
104.76 21.31 0.69 1 111.2 
104.94 21.42 0.72 1 107.2 
105.17 21.32 0.72 1 107.2 
105.30 21.04 0.71 1 107.2 
105.47 20.80 0.70 1 107.2 
105.68 20.64 0.69 1 107.2 
105.88 20.49 0.70 1 105.6 
106.05 20.39 0.70 1 105.6 
106.23 19.95 0.68 1 105.6 
106.42 19.44 0.66 1 105.6 
106.66 19.03 0.65 1 105.6 
106.79 18.72 0.65 1 103.7 
106.91 18.46 0.64 1 103.7 
107.03 18.26 0.63 1 103.7 
107.21 18.28 0.63 1 103.7 
107.36 18.12 0.63 1 103.7 
107.57 18.01 0.63 1 103.7 
107.78 17.77 0.62 1 103.7 
107.94 17.45 0.60 1 104.9 
108.10 17.19 0.59 1 104.9 
108.31 17.14 0.59 1 104.9 
108.48 16.81 0.58 1 104.9 
108.69 16.85 0.58 1 104.9 
108.85 16.60 0.57 1 104.6 
109.04 16.41 0.56 1 104.6 
109.21 16.40 0.56 1 104.6 
109.37 16.40 0.56 1 104.6 
109.60 16.26 0.56 1 104.6 
109.81 16.16 0.55 1 104.9 
109.99 15.96 0.55 1 104.9 
110.16 15.68 0.54 1 104.9 
110.32 15.59 0.53 1 104.9 
110.50 15.40 0.53 1 104.9 
110.74 15.04 0.52 1 104.9 
110.91 14.75 0.51 1 104.1 
111.24 14.37 0.50 1 104.1 
111.43 14.26 0.49 1 104.1 
111.61 14.16 0.49 1 104.1 
111.79 14.21 0.50 1 102.9 
111.99 14.14 0.49 1 102.9 
112.16 14.09 0.49 1 102.9 
112.31 14.05 0.49 1 102.9 
112.46 13.83 0.48 1 102.9 
112.64 13.87 0.48 1 102.9 
112.81 13.69 0.47 1 104.0 
113.02 13.56 0.47 1 104.0 
113.18 13.56 0.47 1 104.0 
113.36 13.66 0.47 1 104.0 
113.52 13.55 0.47 1 104.0 
113.73 13.46 0.47 1 104.0 
113.88 13.31 0.48 1 100.8 
114.02 13.28 0.47 1 100.8 
114.15 13.27 0.47 1 100.8 
114.33 13.26 0.47 1 100.8 
114.47 13.16 0.47 1 100.8 
114.67 13.09 0.47 1 100.8 
114.83 13.35 0.48 1 100.3 
115.02 13.43 0.48 1 100.3 
115.18 13.71 0.49 1 100.3 
115.36 13.82 0.50 1 100.3 
115.51 13.71 0.49 1 100.3 
115.69 13.72 0.49 1 100.3 
115.88 13.94 0.51 1 98.7 
116.06 13.81 0.50 1 98.7 
116.19 13.91 0.51 1 98.7 
116.34 13.98 0.51 1 98.7 
116.46 14.16 0.52 1 98.7 
116.66 14.29 0.52 1 98.7 
116.79 14.51 0.53 1 98.6 
116.95 14.68 0.54 1 98.6 
117.06 15.07 0.55 1 98.6 
117.23 15.23 0.56 1 98.6 
117.36 15.36 0.56 1 98.6 
117.49 15.34 0.56 1 98.6 
117.64 15.58 0.57 1 98.6 
117.80 15.51 0.57 1 98.2 
117.93 15.58 0.57 1 98.2 
118.10 15.63 0.57 2 98.2 
118.22 15.94 0.58 2 98.2 
118.38 16.05 0.59 2 98.2 
118.54 16.26 0.60 2 98.2 
118.76 16.56 0.61 2 98.2 
118.92 16.81 0.61 2 98.5 
119.07 17.00 0.62 1 98.5 
119.26 17.30 0.63 1 98.5 
119.39 17.69 0.65 1 98.5 
119.61 17.84 0.65 2 98.5 
119.78 18.29 0.67 1 98.3 
119.92 18.47 0.68 1 98.3 
120.10 18.97 0.69 1 98.3 
120.22 19.56 0.72 1 98.3 
120.38 19.84 0.73 1 98.3 
120.54 19.42 0.71 1 98.3 
120.69 19.91 0.73 1 98.3 
120.87 20.30 0.74 1 98.2 
121.20 20.92 0.77 1 98.2 
121.33 22.06 0.81 1 98.2 
121.50 22.46 0.82 1 98.2 
121.68 23.02 0.84 1 98.2 
121.83 23.25 0.85 1 98.0 
121.99 23.40 0.86 1 98.0 
122.14 23.78 0.87 1 98.0 
122.31 24.06 0.88 1 98.0 
122.44 24.09 0.89 1 98.0 
122.63 24.31 0.89 1 98.0 
122.78 24.50 0.90 1 97.8 
122.93 24.64 0.91 1 97.8 
123.12 25.32 0.93 2 97.8 
123.29 25.32 0.93 1 97.8 
123.43 25.85 0.95 1 97.8 
123.59 26.96 0.99 1 97.8 
123.78 27.52 1.01 1 98.3 
123.93 27.96 1.02 1 98.3 
124.07 28.34 1.04 1 98.3 
124.23 28.64 1.05 1 98.3 
124.37 28.88 1.06 1 98.3 
124.51 29.08 1.06 1 98.3 
124.69 29.97 1.10 1 98.3 
124.87 30.31 1.12 1 97.3 
125.00 30.25 1.12 1 97.3 
125.17 30.92 1.14 1 97.3 
125.30 31.46 1.16 1 97.3 
125.41 31.92 1.18 1 97.3 
125.63 32.71 1.21 1 97.3 
125.77 32.26 1.18 1 98.0 
125.90 31.86 1.17 1 98.0 
126.08 31.50 1.16 1 98.0 
126.24 31.53 1.16 1 98.0 
126.40 32.35 1.19 1 98.0 
126.62 32.60 1.20 1 98.0 
126.77 32.82 1.20 1 98.3 
126.90 32.98 1.21 1 98.3 
127.07 33.12 1.21 1 98.3 
127.20 -1.00 -1.00 1 98.3 
127.37 34.58 1.27 1 98.3 
127.50 34.88 1.28 1 98.3 
127.64 35.60 1.30 1 98.3 
127.80 35.73 1.32 1 97.4 
127.98 36.30 1.34 1 97.4 
128.10 36.78 1.36 1 97.4 
128.27 37.17 1.37 1 97.4 
128.40 37.50 1.39 1 97.4 
128.55 36.91 1.36 1 97.4 
128.74 37.81 1.40 1 97.4 
128.86 37.57 1.38 1 97.7 
128.99 37.34 1.38 1 97.7 
129.14 37.15 1.37 1 97.7 
129.28 36.97 1.36 1 97.7 
129.42 37.28 1.37 1 97.7 
129.58 37.08 1.37 1 97.7 
129.74 36.47 1.35 1 97.3 
129.89 36.37 1.35 1 97.3 
130.05 36.27 1.34 1 97.3 
130.20 36.66 1.36 1 97.3 
130.34 36.51 1.35 1 97.3 
130.49 36.85 1.36 2 97.3 
130.68 36.67 1.36 2 97.3 
130.87 36.96 1.37 2 97.3 
131.01 38.42 1.42 1 97.3 
131.29 38.95 1.44 1 97.3 
131.45 38.44 1.42 1 97.3 
131.66 38.45 1.42 1 97.3 
131.81 39.01 1.44 1 97.3 
132.01 40.87 1.51 2 97.3 
132.16 40.54 1.50 1 97.3 
132.30 40.77 1.51 1 97.3 
132.45 40.95 1.52 1 97.3 
132.62 40.60 1.50 1 97.3 
132.79 40.79 1.51 1 97.5 
132.95 40.95 1.51 1 97.5 
133.12 41.09 1.52 2 97.5 
133.32 40.69 1.50 2 97.5 
133.50 40.84 1.51 2 97.5 
133.72 41.59 1.54 3 97.5 
133.97 41.63 1.53 1 97.7 
134.15 41.65 1.53 1 97.7 
134.31 41.66 1.53 1 97.7 
134.44 42.28 1.56 1 97.7 
134.67 42.82 1.58 1 97.7 
134.82 43.26 1.61 1 96.8 
134.97 43.64 1.62 1 96.8 
135.17 44.70 1.66 1 96.8 
135.35 44.27 1.65 1 96.8 
135.52 43.90 1.63 1 96.8 
135.74 44.18 1.64 1 96.8 
135.91 44.41 1.64 1 97.2 
136.08 44.61 1.65 1 97.2 
136.27 44.76 1.66 1 97.2 
136.41 44.29 1.64 1 97.2 
136.53 43.87 1.62 1 97.2 
136.69 44.10 1.63 1 97.2 
136.87 43.69 1.62 1 97.1 
137.04 43.34 1.61 1 97.1 
137.17 43.64 1.62 1 97.1 
137.30 43.89 1.63 1 97.1 
137.45 43.49 1.61 1 97.1 
137.64 43.75 1.62 1 97.1 
137.82 43.37 1.64 1 95.4 
137.94 42.51 1.60 1 95.4 
138.13 42.28 1.60 1 95.4 
138.31 42.71 1.61 1 95.4 
138.47 43.06 1.63 1 95.4 
138.64 43.39 1.64 1 95.4 
138.81 -1.00 -1.00 1 97.1 
138.95 42.73 1.58 1 97.1 
139.12 41.93 1.56 1 97.1 
139.31 41.23 1.53 1 97.1 
139.48 41.80 1.55 1 97.1 
139.68 42.28 1.57 1 97.1 
139.81 42.07 1.56 1 97.0 
139.96 43.26 1.61 1 97.0 
140.12 42.92 1.59 1 97.0 
140.25 42.62 1.58 1 97.0 
140.40 42.35 1.57 1 97.0 
140.61 41.59 1.54 1 97.0 
140.74 40.47 1.51 1 96.7 
140.86 40.50 1.51 1 96.7 
141.00 39.99 1.49 1 96.7 
141.15 39.09 1.45 1 96.7 
141.31 38.79 1.44 1 96.7 
141.44 38.06 1.42 1 96.7 
141.58 37.90 1.41 1 96.7 
141.77 38.33 1.43 1 96.6 
141.96 38.16 1.42 1 96.6 
142.13 37.53 1.40 1 96.6 
142.26 37.46 1.40 1 96.6 
142.48 37.42 1.40 1 96.6 
142.64 37.37 1.39 1 96.6 
142.79 37.33 1.39 1 96.3 
142.96 37.87 1.42 1 96.3 
143.09 37.30 1.39 1 96.3 
143.26 37.29 1.39 1 96.3 
143.39 36.80 1.38 1 96.3 
143.59 36.39 1.36 1 96.3 
143.74 36.04 1.33 1 97.2 
143.88 35.33 1.31 1 97.2 
144.06 35.15 1.30 1 97.2 
144.22 35.00 1.30 1 97.2 
144.35 35.93 1.33 1 97.2 
144.55 36.16 1.34 1 97.2 
144.74 36.34 1.35 1 97.2 
144.88 36.50 1.36 1 96.8 
145.06 36.63 1.36 1 96.8 
145.23 36.75 1.37 1 96.8 
145.37 36.85 1.37 1 96.8 
145.57 36.94 1.37 1 96.8 
145.72 37.02 1.37 1 97.6 
145.88 37.08 1.37 1 97.6 
146.06 37.14 1.37 1 97.6 
146.27 37.21 1.37 1 97.6 
146.43 37.25 1.37 1 97.6 
146.64 37.84 1.40 1 97.6 
146.82 37.77 1.40 1 97.4 
146.95 38.92 1.44 1 97.4 
147.08 38.72 1.43 1 97.4 
147.21 38.54 1.42 1 97.4 
147.40 38.39 1.42 1 97.4 
147.63 39.45 1.46 1 97.4 
147.81 39.17 1.42 1 99.0 
147.95 40.10 1.46 1 99.0 
148.08 39.73 1.44 1 99.0 
148.25 39.94 1.45 1 99.0 
148.41 40.12 1.46 1 99.0 
148.55 39.73 1.44 1 99.0 
148.75 39.40 1.43 1 99.0 
148.88 39.12 1.41 1 99.5 
149.06 38.87 1.41 1 99.5 
149.22 38.66 1.40 1 99.5 
149.37 39.02 1.41 1 99.5 
149.54 38.79 1.40 1 99.5 
149.72 38.59 1.40 1 99.5 
149.86 38.42 1.38 1 100.5 
150.06 38.27 1.37 1 100.5 
150.19 38.15 1.37 1 100.5 
150.36 38.04 1.36 2 100.5 
150.50 37.95 1.36 2 100.5 
150.73 37.87 1.36 1 100.5 
150.91 37.81 1.33 1 102.4 
151.22 37.71 1.33 1 102.4 
151.38 37.67 1.32 1 102.4 
151.62 37.64 1.32 1 102.4 
151.77 37.61 1.31 1 103.3 
151.90 37.59 1.31 1 103.3 
152.08 37.57 1.31 1 103.3 
152.22 37.56 1.31 1 103.3 
152.33 37.55 1.31 1 103.3 
152.49 38.09 1.33 1 103.3 
152.69 38.00 1.32 1 103.3 
152.86 37.93 1.31 1 104.1 
153.03 37.86 1.31 1 104.1 
153.20 38.36 1.33 1 104.1 
153.37 -1.00 -1.00 0 104.1 
153.52 -1.00 -1.00 0 104.1 
153.68 -1.00 -1.00 0 104.1 
153.86 -1.00 -1.00 0 105.7 
154.02 -1.00 -1.00 0 105.7 
154.18 -1.00 -1.00 0 105.7 
154.32 -1.00 -1.00 0 105.7 
154.48 -1.00 -1.00 0 105.7 
154.66 -1.00 -1.00 0 105.7 
154.84 -1.00 -1.00 0 104.5 
155.01 -1.00 -1.00 0 104.5 
155.20 -1.00 -1.00 0 104.5 
155.36 -1.00 -1.00 0 104.5 
155.55 -1.00 -1.00 1 104.5 
155.72 -1.00 -1.00 0 104.5 
155.87 -1.00 -1.00 0 102.0 
156.04 -1.00 -1.00 0 102.0 
156.19 -1.00 -1.00 0 102.0 
156.32 -1.00 -1.00 0 102.0 
156.50 -1.00 -1.00 0 102.0 
156.70 -1.00 -1.00 0 102.0 
156.81 -1.00 -1.00 0 103.0 
156.98 -1.00 -1.00 0 103.0 
157.12 -1.00 -1.00 0 103.0 
157.26 -1.00 -1.00 0 103.0 
157.42 -1.00 -1.00 0 103.0 
157.55 -1.00 -1.00 0 103.0 
157.72 -1.00 -1.00 0 103.0 
157.89 -1.00 -1.00 0 104.3 
158.06 -1.00 -1.00 0 104.3 
158.18 -1.00 -1.00 0 104.3 
158.35 -1.00 -1.00 0 104.3 
158.50 -1.00 -1.00 0 104.3 
158.69 -1.00 -1.00 0 104.3 
158.81 -1.00 -1.00 0 104.3 
158.97 -1.00 -1.00 0 104.3 
159.12 -1.00 -1.00 0 104.3 
159.25 -1.00 -1.00 0 104.3 
159.43 -1.00 -1.00 0 104.3 
159.60 -1.00 -1.00 0 104.3 
159.77 -1.00 -1.00 0 103.2 
159.93 -1.00 -1.00 0 103.2 
160.07 -1.00 -1.00 0 103.2 
160.25 -1.00 -1.00 0 103.2 
160.38 -1.00 -1.00 0 103.2 
160.53 -1.00 -1.00 0 103.2 
160.74 -1.00 -1.00 0 103.2 
160.85 -1.00 -1.00 0 102.0 
161.18 -1.00 -1.00 0 102.0 
161.35 -1.00 -1.00 0 102.0 
161.49 -1.00 -1.00 0 102.0 
161.66 -1.00 -1.00 0 102.0 
161.80 -1.00 -1.00 0 101.4 
161.95 -1.00 -1.00 0 101.4 
162.10 -1.00 -1.00 0 101.4 
162.22 -1.00 -1.00 0 101.4 
162.36 -1.00 -1.00 0 101.4 
162.52 -1.00 -1.00 0 101.4 
162.67 -1.00 -1.00 0 101.4 
162.82 -1.00 -1.00 0 101.8 
162.95 -1.00 -1.00 0 101.8 
163.09 -1.00 -1.00 0 101.8 
163.22 -1.00 -1.00 0 101.8 
163.37 -1.00 -1.00 0 101.8 
163.52 -1.00 -1.00 0 101.8 
163.68 -1.00 -1.00 0 101.8 
163.85 -1.00 -1.00 0 104.3 
163.98 -1.00 -1.00 0 104.3 
164.15 -1.00 -1.00 0 104.3 
164.29 -1.00 -1.00 0 104.3 
164.42 -1.00 -1.00 0 104.3 
164.63 -1.00 -1.00 0 104.3 
164.78 -1.00 -1.00 0 104.9 
164.92 -1.00 -1.00 0 104.9 
165.06 -1.00 -1.00 0 104.9 
165.22 -1.00 -1.00 0 104.9 
165.38 -1.00 -1.00 0 104.9 
165.55 -1.00 -1.00 0 104.9 
165.70 -1.00 -1.00 0 104.9 
165.88 -1.00 -1.00 0 106.2 
166.02 -1.00 -1.00 0 106.2 
166.17 -1.00 -1.00 0 106.2 
166.30 -1.00 -1.00 0 106.2 
166.46 -1.00 -1.00 0 106.2 
166.66 -1.00 -1.00 0 106.2 
166.78 -1.00 -1.00 0 106.0 
166.96 -1.00 -1.00 0 106.0 
167.09 -1.00 -1.00 0 106.0 
167.23 -1.00 -1.00 0 106.0 
167.35 -1.00 -1.00 0 106.0 
167.47 -1.00 -1.00 0 106.0 
167.66 -1.00 -1.00 0 106.0 
167.82 -1.00 -1.00 0 105.2 
167.95 -1.00 -1.00 0 105.2 
168.10 -1.00 -1.00 0 105.2 
168.24 -1.00 -1.00 0 105.2 
168.40 -1.00 -1.00 0 105.2 
168.61 -1.00 -1.00 0 105.2 
168.77 -1.00 -1.00 0 103.1 
168.90 -1.00 -1.00 0 103.1 
169.06 -1.00 -1.00 0 103.1 
169.23 -1.00 -1.00 0 103.1 
169.36 -1.00 -1.00 0 103.1 
169.49 -1.00 -1.00 0 103.1 
169.70 -1.00 -1.00 0 103.1 
169.82 -1.00 -1.00 0 100.9 
169.98 -1.00 -1.00 0 100.9 
170.14 -1.00 -1.00 0 100.9 
170.29 -1.00 -1.00 0 100.9 
170.42 -1.00 -1.00 0 100.9 
170.55 -1.00 -1.00 0 100.9 
170.77 -1.00 -1.00 0 100.9 
170.90 -1.00 -1.00 0 102.4 
171.12 -1.00 -1.00 1 102.4 
171.28 -1.00 -1.00 1 102.4 
171.46 -1.00 -1.00 1 102.4 
171.65 -1.00 -1.00 1 102.4 
171.84 -1.00 -1.00 1 103.2 
172.05 -1.00 -1.00 0 103.2 
172.20 -1.00 -1.00 0 103.2 
172.33 -1.00 -1.00 0 103.2 
172.50 -1.00 -1.00 0 103.2 
172.70 -1.00 -1.00 0 103.2 
172.86 -1.00 -1.00 0 103.5 
173.00 -1.00 -1.00 0 103.5 
173.17 -1.00 -1.00 0 103.5 
173.36 -1.00 -1.00 0 103.5 
173.51 -1.00 -1.00 0 103.5 
173.70 -1.00 -1.00 0 103.5 
173.86 -1.00 -1.00 0 103.5 
174.03 -1.00 -1.00 0 103.5 
174.19 -1.00 -1.00 0 103.5 
174.38 -1.00 -1.00 0 103.5 
174.55 -1.00 -1.00 0 103.5 
174.75 -1.00 -1.00 0 103.5 
174.95 -1.00 -1.00 0 102.6 
175.11 -1.00 -1.00 0 102.6 
175.28 -1.00 -1.00 0 102.6 
175.46 -1.00 -1.00 0 102.6 
175.64 -1.00 -1.00 0 102.6 
175.84 -1.00 -1.00 0 103.5 
176.01 -1.00 -1.00 0 103.5 
176.21 -1.00 -1.00 0 103.5 
176.37 -1.00 -1.00 0 103.5 
176.60 -1.00 -1.00 0 103.5 
176.76 -1.00 -1.00 0 104.2 
176.94 -1.00 -1.00 0 104.2 
177.11 -1.00 -1.00 0 104.2 
177.30 -1.00 -1.00 0 104.2 
177.49 -1.00 -1.00 0 104.2 
177.73 -1.00 -1.00 0 104.2 
177.91 -1.00 -1.00 0 104.8 
178.10 -1.00 -1.00 0 104.8 
178.29 -1.00 -1.00 0 104.8 
178.45 -1.00 -1.00 0 104.8 
178.69 -1.00 -1.00 0 104.8 
178.87 -1.00 -1.00 0 103.5 
179.09 -1.00 -1.00 0 103.5 
179.28 -1.00 -1.00 0 103.5 
179.44 -1.00 -1.00 0 103.5 
179.63 -1.00 -1.00 0 103.5 
179.80 -1.00 -1.00 0 102.2 
179.97 -1.00 -1.00 0 102.2 
180.17 69.85 2.46 1 102.2 
180.35 69.45 2.45 1 102.2 
180.53 68.23 2.40 1 102.2 
180.75 66.86 2.36 1 102.2 
180.93 66.09 2.34 1 101.6 
181.15 64.88 2.30 2 101.6 
181.35 63.60 2.25 2 101.6 
181.54 61.90 2.19 1 101.6 
181.79 60.64 2.15 1 101.6 
181.94 58.59 2.03 1 104.1 
182.13 57.00 1.97 1 104.1 
182.29 56.04 1.94 1 104.1 
182.50 55.81 1.93 1 104.1 
182.73 55.60 1.92 1 104.1 
182.90 55.41 1.91 1 104.7 
183.11 54.54 1.88 1 104.7 
183.27 53.79 1.85 1 104.7 
183.45 53.08 1.83 1 104.7 
183.66 53.18 1.83 1 104.7 
183.86 52.55 1.85 1 102.5 
184.04 51.97 1.83 1 102.5 
184.25 51.48 1.81 1 102.5 
184.46 51.03 1.79 1 102.5 
184.66 51.41 1.81 1 102.5 
184.88 51.73 1.84 1 101.1 
185.02 51.26 1.83 1 101.1 
185.22 50.84 1.81 1 101.1 
185.41 50.47 1.80 1 101.1 
185.63 50.13 1.79 1 101.1 
185.87 50.64 1.83 1 99.5 
186.05 50.29 1.82 1 99.5 
186.22 49.36 1.79 1 99.5 
186.37 48.00 1.74 1 99.5 
186.56 46.79 1.69 1 99.5 
186.86 45.23 1.64 1 99.5 
187.02 44.35 1.61 1 99.2 
187.17 44.19 1.60 1 99.2 
187.33 43.46 1.58 1 99.2 
187.55 42.84 1.55 1 99.2 
187.77 42.32 1.54 1 99.2 
187.97 41.34 1.47 1 101.5 
188.18 40.53 1.44 1 101.5 
188.36 40.34 1.43 1 101.5 
188.52 40.81 1.45 1 101.5 
188.71 41.94 1.49 1 101.5 
188.90 42.88 1.50 1 103.2 
189.05 42.98 1.50 1 103.2 
189.24 43.07 1.50 1 103.2 
189.39 43.15 1.51 1 103.2 
189.59 43.23 1.51 1 103.2 
189.75 43.30 1.51 1 103.2 
189.92 43.34 1.49 1 104.8 
190.09 44.12 1.52 1 104.8 
190.29 44.78 1.54 1 104.8 
190.46 46.18 1.59 1 104.8 
190.70 48.42 1.66 1 104.8 
190.86 49.28 1.69 1 104.8 
191.02 52.33 1.80 1 104.8 
191.19 54.89 1.89 1 104.8 
191.38 55.88 1.92 1 104.8 
191.56 -1.00 -1.00 1 104.8 
191.75 57.95 1.99 1 104.8 
191.92 59.78 2.10 1 102.3 
192.10 61.37 2.16 1 102.3 
192.25 64.33 2.26 1 102.3 
192.41 64.24 2.26 1 102.3 
192.64 66.85 2.35 1 102.3 
192.81 67.61 2.39 1 102.0 
192.94 68.27 2.41 1 102.0 
193.11 -1.00 -1.00 1 102.0 
193.25 -1.00 -1.00 1 102.0 
193.43 -1.00 -1.00 1 102.0 
193.59 -1.00 -1.00 1 102.0 
193.79 -1.00 -1.00 1 100.8 
193.96 -1.00 -1.00 1 100.8 
194.16 -1.00 -1.00 1 100.8 
194.33 -1.00 -1.00 1 100.8 
194.49 -1.00 -1.00 1 100.8 
194.65 71.92 2.57 1 100.8 
194.82 72.00 2.61 1 99.5 
194.98 -1.00 -1.00 1 99.5 
195.17 -1.00 -1.00 1 99.5 
195.32 -1.00 -1.00 1 99.5 
195.52 -1.00 -1.00 1 99.5 
195.68 -1.00 -1.00 1 99.5 
195.85 -1.00 -1.00 1 99.2 
196.04 -1.00 -1.00 1 99.2 
196.20 -1.00 -1.00 1 99.2 
196.36 -1.00 -1.00 1 99.2 
196.53 -1.00 -1.00 1 99.2 
196.74 72.28 2.62 1 99.2 
196.89 72.21 2.57 1 101.3 
197.08 72.17 2.56 1 101.3 
197.23 72.11 2.56 1 101.3 
197.39 72.06 2.56 1 101.3 
197.55 72.02 2.56 1 101.3 
197.77 -1.00 -1.00 1 101.3 
197.94 -1.00 -1.00 0 102.9 
198.13 -1.00 -1.00 0 102.9 
198.34 34.93 1.22 1 102.9 
198.50 34.93 1.22 1 102.9 
198.74 34.95 1.22 1 102.9 
198.90 35.16 1.20 1 105.4 
199.11 34.69 1.18 1 105.4 
199.27 34.71 1.19 1 105.4 
199.43 35.08 1.20 1 105.4 
199.66 35.43 1.21 1 105.4 
199.86 37.29 1.28 1 104.5 
200.05 36.97 1.27 1 104.5 
200.19 35.84 1.23 1 104.5 
200.36 35.08 1.21 1 104.5 
200.52 34.10 1.17 1 104.5 
200.78 33.00 1.14 1 104.5 
200.96 32.05 1.12 1 102.9 
201.17 31.21 1.09 1 102.9 
201.37 29.65 1.04 1 102.9 
201.53 28.68 1.00 1 102.9 
201.74 27.86 0.98 1 102.9 
201.93 26.58 0.95 1 101.1 
202.09 25.68 0.91 1 101.1 
202.28 24.56 0.87 1 101.1 
202.42 23.20 0.83 1 101.1 
202.55 22.34 0.80 1 101.1 
202.75 21.34 0.76 1 101.1 
202.89 20.39 0.74 1 98.9 
203.08 19.48 0.71 1 98.9 
203.21 18.88 0.69 1 98.9 
203.40 18.16 0.66 1 98.9 
203.60 17.56 0.64 1 98.9 
203.79 16.99 0.63 1 97.3 
203.98 16.41 0.61 1 97.3 
204.17 15.97 0.59 1 97.3 
204.35 15.05 0.56 1 97.3 
204.57 14.52 0.54 1 97.3 
204.81 14.27 0.54 1 94.3 
204.98 14.47 0.55 1 94.3 
205.13 13.81 0.53 1 94.3 
205.33 13.05 0.50 1 94.3 
205.50 13.20 0.50 1 94.3 
205.76 12.61 0.48 1 94.3 
205.97 12.08 0.47 1 92.3 
206.20 11.47 0.45 1 92.3 
206.43 11.40 0.44 1 92.3 
206.63 11.43 0.45 1 92.3 
206.83 11.31 0.45 1 90.0 
207.04 10.81 0.43 1 90.0 
207.24 10.56 0.42 1 90.0 
207.45 10.67 0.43 1 90.0 
207.63 10.61 0.42 1 90.0 
207.80 10.50 0.43 1 87.3 
207.95 10.56 0.44 1 87.3 
208.16 10.28 0.42 1 87.3 
208.36 10.42 0.43 1 87.3 
208.51 12.24 0.50 1 87.3 
208.79 11.71 0.48 1 87.3 
208.94 11.29 0.47 1 86.8 
209.18 10.85 0.45 1 86.8 
209.34 10.65 0.44 1 86.8 
209.58 10.25 0.43 1 86.8 
209.81 10.23 0.42 1 88.3 
209.97 10.07 0.41 1 88.3 
210.15 10.03 0.41 1 88.3 
210.35 10.08 0.41 1 88.3 
210.60 9.98 0.41 1 88.3 
210.84 9.91 0.40 1 89.0 
211.27 9.84 0.40 1 89.0 
211.51 16.32 0.66 1 89.0 
211.79 15.69 0.63 2 89.0 
212.01 -1.00 -1.00 2 87.6 
212.22 13.28 0.55 1 87.6 
212.41 12.43 0.51 1 87.6 
212.66 11.76 0.48 1 87.6 
212.85 14.35 0.59 2 87.7 
213.05 13.10 0.54 1 87.7 
213.24 12.25 0.50 1 87.7 
213.47 12.12 0.50 1 87.7 
213.71 11.54 0.47 1 87.7 
213.91 10.96 0.45 1 88.6 
214.13 10.55 0.43 1 88.6 
214.34 9.81 0.40 1 88.6 
214.48 9.57 0.39 1 88.6 
214.70 9.54 0.39 1 88.6 
214.84 9.52 0.38 1 89.2 
215.06 9.61 0.39 1 89.2 
215.22 9.82 0.40 1 89.2 
215.42 9.84 0.40 1 89.2 
215.63 9.44 0.38 1 89.2 
215.84 9.71 0.40 1 87.4 
216.02 9.55 0.39 1 87.4 
216.21 9.66 0.40 1 87.4 
216.38 9.51 0.39 1 87.4 
216.55 9.51 0.39 1 87.4 
216.82 9.52 0.39 1 87.4 
216.98 9.42 0.39 1 86.3 
217.23 9.77 0.41 1 86.3 
217.40 9.65 0.40 1 86.3 
217.70 11.08 0.46 1 86.3 
217.91 10.70 0.44 1 87.8 
218.12 10.26 0.42 1 87.8 
218.38 10.96 0.45 1 87.8 
218.56 10.51 0.43 1 87.8 
218.84 10.32 0.42 1 87.8 
219.03 10.12 0.42 1 87.1 
219.23 10.11 0.42 1 87.1 
219.48 10.02 0.41 1 87.1 
219.72 9.75 0.40 2 87.1 
219.91 9.36 0.40 2 84.6 
220.18 9.33 0.40 2 84.6 
220.40 9.00 0.38 2 84.6 
220.66 9.06 0.39 2 84.6 
220.91 9.12 0.39 1 84.5 
221.08 9.14 0.39 1 84.5 
221.29 8.88 0.38 1 84.5 
221.46 9.11 0.39 1 84.5 
221.72 9.26 0.39 2 84.5 
221.92 9.43 0.40 1 85.2 
222.16 14.98 0.63 1 85.2 
222.37 13.94 0.59 1 85.2 
222.61 12.78 0.54 1 85.2 
222.77 11.96 0.51 1 83.7 
222.93 11.29 0.49 1 83.7 
223.14 10.65 0.46 1 83.7 
223.34 10.33 0.44 1 83.7 
223.51 10.03 0.43 1 83.7 
223.70 9.93 0.43 1 83.7 
223.85 9.75 0.41 1 84.9 
224.07 9.51 0.40 1 84.9 
224.22 9.54 0.40 1 84.9 
224.45 9.48 0.40 1 84.9 
224.70 9.54 0.40 1 84.9 
224.85 9.58 0.41 1 84.2 
225.05 9.72 0.42 1 84.2 
225.31 9.71 0.42 1 84.2 
225.52 10.01 0.43 1 84.2 
225.82 11.91 0.51 1 84.2 
225.97 11.52 0.50 1 83.2 
226.14 11.08 0.48 1 83.2 
226.34 10.72 0.46 1 83.2 
226.52 10.58 0.46 1 83.2 
226.80 10.40 0.45 1 83.2 
227.01 10.23 0.44 1 83.3 
227.20 10.08 0.44 1 83.3 
227.34 10.22 0.44 1 83.3 
227.57 10.52 0.45 1 83.3 
227.78 10.69 0.46 1 83.3 
227.92 10.67 0.45 1 84.5 
228.15 10.77 0.46 1 84.5 
228.35 10.86 0.46 1 84.5 
228.51 11.24 0.48 1 84.5 
228.72 12.33 0.53 1 84.5 
228.91 12.06 0.51 1 85.5 
229.07 16.44 0.69 1 85.5 
229.26 15.61 0.66 1 85.5 
229.45 -1.00 -1.00 1 85.5 
229.70 13.98 0.59 1 85.5 
229.84 13.44 0.56 1 86.2 
230.06 13.01 0.54 1 86.2 
230.22 12.56 0.52 1 86.2 
230.37 11.95 0.50 1 86.2 
230.52 11.47 0.48 1 86.2 
230.75 11.37 0.48 1 86.2 
230.92 10.93 0.46 1 86.1 
231.31 10.86 0.45 1 86.1 
231.46 10.80 0.45 1 86.1 
231.65 10.75 0.45 1 86.1 
231.87 10.47 0.44 1 85.3 
232.03 10.95 0.46 1 85.3 
232.22 10.78 0.45 1 85.3 
232.42 10.73 0.45 1 85.3 
232.68 10.76 0.45 1 85.3 
232.85 10.58 0.44 1 85.8 
233.06 10.35 0.43 1 85.8 
233.21 10.41 0.44 1 85.8 
233.38 10.45 0.44 1 85.8 
233.59 10.37 0.44 1 85.8 
233.80 10.18 0.43 1 84.4 
233.96 10.29 0.44 1 84.4 
234.18 10.38 0.44 1 84.4 
234.32 10.43 0.44 1 84.4 
234.48 10.46 0.45 1 84.4 
234.66 10.63 0.45 1 84.4 
234.83 10.76 0.46 1 83.3 
235.06 10.58 0.46 1 83.3 
235.21 10.50 0.45 1 83.3 
235.38 10.40 0.45 1 83.3 
235.54 10.73 0.46 1 83.3 
235.82 10.83 0.47 1 83.3 
236.00 11.05 0.46 1 86.1 
236.19 11.07 0.46 2 86.1 
236.43 10.98 0.46 2 86.1 
236.62 11.02 0.46 2 86.1 
236.81 10.92 0.46 1 84.9 
237.03 10.97 0.46 1 84.9 
237.25 11.15 0.47 1 84.9 
237.42 11.01 0.47 1 84.9 
237.61 10.79 0.46 1 84.9 
237.85 10.87 0.46 1 85.5 
238.03 10.94 0.46 1 85.5 
238.24 10.73 0.45 1 85.5 
238.42 10.46 0.44 1 85.5 
238.62 10.51 0.44 1 85.5 
238.80 10.42 0.44 1 84.8 
239.04 10.46 0.44 1 84.8 
239.19 10.64 0.45 1 84.8 
239.35 10.90 0.46 1 84.8 
239.60 10.82 0.46 1 84.8 
239.82 10.82 0.46 1 84.0 
239.98 11.26 0.48 1 84.0 
240.16 10.63 0.46 1 84.0 
240.40 10.63 0.46 1 84.0 
240.59 10.56 0.45 1 84.0 
240.83 10.71 0.46 1 84.6 
241.28 10.44 0.44 1 84.6 
241.42 10.25 0.44 1 84.6 
241.59 10.49 0.45 1 84.6 
241.79 10.28 0.44 1 84.1 
242.00 10.37 0.44 1 84.1 
242.19 10.43 0.45 1 84.1 
242.36 10.63 0.45 1 84.1 
242.62 10.82 0.46 1 84.1 
242.81 11.79 0.51 1 82.4 
243.04 12.84 0.56 1 82.4 
243.19 12.47 0.54 1 82.4 
243.42 12.45 0.54 1 82.4 
243.59 12.07 0.53 1 82.4 
243.77 11.85 0.52 1 81.6 
243.95 11.47 0.51 1 81.6 
244.12 11.69 0.52 1 81.6 
244.33 11.19 0.49 1 81.6 
244.48 11.48 0.51 1 81.6 
244.75 11.69 0.52 1 81.6 
244.95 12.02 0.52 1 83.4 
245.17 12.45 0.54 1 83.4 
245.35 12.79 0.55 1 83.4 
245.58 12.69 0.55 1 83.4 
245.88 12.60 0.54 1 83.4 
246.02 12.24 0.52 1 84.2 
246.23 12.18 0.52 1 84.2 
246.48 12.37 0.53 1 84.2 
246.68 12.54 0.54 1 84.2 
246.86 12.87 0.54 1 85.5 
247.12 13.64 0.57 1 85.5 
247.35 13.57 0.57 1 85.5 
247.53 13.45 0.57 1 85.5 
247.76 13.18 0.56 1 85.5 
247.99 13.13 0.55 1 85.4 
248.21 12.57 0.53 1 85.4 
248.40 12.85 0.54 1 85.4 
248.63 12.79 0.54 1 85.4 
248.83 13.01 0.54 1 87.4 
249.06 13.01 0.54 1 87.4 
249.30 12.83 0.53 1 87.4 
249.45 12.85 0.53 1 87.4 
249.62 12.89 0.53 1 87.4 
249.82 13.10 0.53 1 88.6 
249.97 12.89 0.52 1 88.6 
250.18 12.82 0.52 1 88.6 
250.33 12.85 0.52 1 88.6 
250.54 12.80 0.52 1 88.6 
250.71 12.84 0.52 1 88.6 
250.94 13.15 0.53 1 88.9 
251.39 13.33 0.54 1 88.9 
251.69 12.94 0.52 1 88.9 
251.90 12.76 0.51 1 89.3 
252.09 12.34 0.50 1 89.3 
252.29 12.16 0.49 1 89.3 
252.47 12.53 0.51 1 89.3 
252.74 12.46 0.50 1 89.3 
252.93 12.26 0.49 1 89.7 
253.15 11.95 0.48 1 89.7 
253.33 11.85 0.48 1 89.7 
253.55 11.98 0.48 1 89.7 
253.80 11.88 0.48 1 89.7 
253.97 11.67 0.47 1 89.8 
254.18 11.51 0.46 1 89.8 
254.41 11.38 0.46 1 89.8 
254.67 11.45 0.46 1 89.8 
254.90 11.42 0.46 1 89.3 
255.14 11.02 0.44 1 89.3 
255.36 11.05 0.45 1 89.3 
255.64 11.17 0.45 1 89.3 
255.84 11.01 0.45 1 88.3 
256.02 10.88 0.44 1 88.3 
256.23 11.23 0.46 1 88.3 
256.41 -1.00 -1.00 1 88.3 
256.63 11.26 0.46 1 88.3 
256.84 11.08 0.45 1 89.2 
257.01 10.81 0.44 1 89.2 
257.22 10.75 0.43 1 89.2 
257.39 10.69 0.43 1 89.2 
257.71 10.54 0.43 2 89.2 
257.92 10.41 0.42 1 89.5 
258.10 10.33 0.42 1 89.5 
258.36 10.52 0.42 2 89.5 
258.66 10.40 0.42 1 89.5 
258.89 10.58 0.43 1 88.4 
259.16 10.45 0.43 1 88.4 
259.45 10.85 0.44 1 88.4 
259.72 10.91 0.44 1 88.4 
259.90 11.25 0.46 1 88.4 
260.18 11.28 0.46 1 88.4 
260.40 11.23 0.46 1 88.4 
260.73 11.07 0.45 1 88.4 
260.92 10.95 0.46 1 86.1 
261.16 11.78 0.49 1 86.1 
261.44 11.42 0.48 1 86.1 
261.73 11.35 0.47 1 86.1 
262.02 11.36 0.47 1 87.2 
262.24 11.43 0.47 1 87.2 
262.45 11.29 0.47 1 87.2 
262.80 15.24 0.63 1 87.2 
263.08 14.23 0.57 1 89.2 
263.28 13.34 0.54 1 89.2 
263.63 12.41 0.50 1 89.2 
263.95 11.52 0.46 1 89.8 
264.19 11.04 0.44 1 89.8 
264.52 10.97 0.44 1 89.8 
264.75 10.62 0.43 1 89.8 
265.02 10.60 0.43 1 89.2 
265.22 10.33 0.42 1 89.2 
265.44 9.57 0.39 1 89.2 
265.74 9.85 0.40 1 89.2 
266.04 9.90 0.40 1 88.8 
266.27 9.75 0.39 1 88.8 
266.52 9.61 0.39 1 88.8 
266.87 9.74 0.39 1 88.8 
267.08 9.50 0.39 1 87.6 
267.37 8.73 0.36 1 87.6 
267.65 9.01 0.37 1 87.6 
267.89 9.59 0.41 1 85.1 
268.13 9.85 0.42 1 85.1 
268.46 9.92 0.42 1 85.1 
268.77 10.10 0.43 1 85.1 
269.05 10.05 0.43 1 84.2 
269.35 10.74 0.46 1 84.2 
269.61 11.40 0.49 1 84.2 
269.85 10.98 0.48 1 82.9 
270.08 10.57 0.46 1 82.9 
270.32 10.50 0.46 1 82.9 
270.50 10.21 0.44 1 82.9 
270.87 9.29 0.40 1 82.9 
271.37 9.78 0.43 1 82.3 
271.58 10.01 0.44 1 82.3 
271.87 10.04 0.44 1 82.6 
272.10 9.91 0.43 1 82.6 
272.32 9.86 0.43 1 82.6 
272.55 9.83 0.43 1 82.6 
272.87 9.86 0.43 1 82.6 
273.06 10.15 0.45 1 81.8 
273.34 13.55 0.60 1 81.8 
273.55 15.61 0.69 1 81.8 
273.78 17.15 0.76 1 81.8 
274.02 18.36 0.80 1 82.8 
274.31 -1.00 -1.00 1 82.8 
274.61 -1.00 -1.00 1 82.8 
274.87 -1.00 -1.00 1 83.1 
275.10 19.08 0.83 1 83.1 
275.32 -1.00 -1.00 1 83.1 
275.59 -1.00 -1.00 1 83.1 
275.88 -1.00 -1.00 1 83.6 
276.09 -1.00 -1.00 1 83.6 
276.31 -1.00 -1.00 1 83.6 
276.54 -1.00 -1.00 1 83.6 
276.82 -1.00 -1.00 1 83.6 
276.99 -1.00 -1.00 1 84.0 
277.24 -1.00 -1.00 1 84.0 
277.48 14.18 0.61 1 84.0 
277.78 -1.00 -1.00 1 84.0 
278.02 -1.00 -1.00 1 82.6 
278.27 -1.00 -1.00 1 82.6 
278.44 -1.00 -1.00 1 82.6 
278.70 -1.00 -1.00 1 82.6 
278.90 -1.00 -1.00 1 82.6 
279.14 -1.00 -1.00 1 82.6 
279.36 -1.00 -1.00 1 82.6 
279.61 -1.00 -1.00 1 82.6 
279.85 -1.00 -1.00 1 81.2 
280.05 17.07 0.76 1 81.2 
280.24 17.57 0.78 1 81.2 
280.43 17.37 0.77 1 81.2 
280.67 -1.00 -1.00 1 81.2 
280.92 16.04 0.71 1 81.2 
281.38 14.30 0.63 1 81.2 
281.61 13.69 0.61 1 81.2 
281.80 15.05 0.68 1 79.6 
282.01 17.35 0.78 1 79.6 
282.19 18.97 0.86 1 79.6 
282.41 20.21 0.91 1 79.6 
282.71 21.20 0.96 1 79.6 
282.94 21.99 0.99 1 79.8 
283.14 22.90 1.03 1 79.8 
283.39 23.39 1.06 1 79.8 
283.62 23.55 1.06 1 79.8 
283.85 23.91 1.07 1 80.5 
284.05 23.98 1.07 1 80.5 
284.28 24.03 1.07 1 80.5 
284.48 24.56 1.10 1 80.5 
284.72 24.73 1.11 1 80.5 
284.96 24.87 1.10 1 81.1 
285.16 25.16 1.12 1 81.1 
285.39 26.06 1.16 1 81.1 
285.66 26.79 1.19 1 81.1 
285.81 27.42 1.22 1 81.0 
285.98 59.90 2.66 1 81.0 
286.20 74.36 3.30 1 81.0 
286.38 86.62 3.85 1 81.0 
286.66 41.32 1.84 1 81.0 
286.91 48.60 2.19 1 79.8 
287.16 56.45 2.55 1 79.8 
287.35 62.67 2.83 1 79.8 
287.55 67.92 3.06 1 79.8 
287.84 65.49 2.96 1 79.8 
288.02 70.51 3.13 1 81.2 
288.26 74.87 3.32 1 81.2 
288.45 76.79 3.41 1 81.2 
288.71 78.51 3.48 1 81.2 
288.90 74.12 3.25 1 82.0 
289.06 69.41 3.05 1 82.0 
289.33 71.92 3.16 1 82.0 
289.51 67.43 2.96 1 82.0 
289.76 63.35 2.78 1 82.0 
290.00 59.55 2.61 1 82.3 
290.23 59.32 2.60 1 82.3 
290.47 55.53 2.43 1 82.3 
290.71 51.71 2.26 1 82.3 
290.93 48.54 2.10 1 83.1 
291.19 46.48 2.01 1 83.1 
291.42 44.31 1.92 1 83.1 
291.63 42.81 1.85 1 83.1 
291.83 41.53 1.69 1 88.5 
292.03 40.03 1.63 1 88.5 
292.23 40.90 1.66 1 88.5 
292.48 38.87 1.58 1 88.5 
292.75 36.80 1.50 1 88.5 
292.95 36.40 1.54 1 85.3 
293.20 35.67 1.51 1 85.3 
293.45 32.82 1.39 1 85.3 
293.70 30.30 1.28 1 85.3 
293.94 27.96 1.19 1 84.3 
294.16 26.15 1.12 1 84.3 
294.39 24.48 1.04 1 84.3 
294.72 23.31 0.99 1 84.3 
295.00 22.01 0.96 1 82.9 
295.20 20.96 0.91 1 82.9 
295.48 20.14 0.87 1 82.9 
295.80 19.05 0.83 1 82.9 
296.03 18.65 0.83 1 81.1 
296.27 18.03 0.80 1 81.1 
296.46 17.40 0.77 1 81.1 
296.81 16.92 0.75 1 81.1 
297.09 16.71 0.74 1 80.9 
297.32 16.26 0.72 1 80.9 
297.54 15.93 0.71 1 80.9 
297.79 15.68 0.70 1 80.9 
298.07 15.50 0.69 1 80.5 
298.36 15.24 0.68 1 80.5 
298.72 15.04 0.67 1 80.5 
298.91 14.78 0.66 1 81.1 
299.14 14.72 0.65 1 81.1 
299.33 14.55 0.65 1 81.1 
299.65 14.44 0.64 1 81.1 
299.92 14.24 0.63 1 81.2 
300.12 14.22 0.63 1 81.2 
300.39 13.98 0.62 1 81.2 
300.66 13.81 0.61 1 81.2 
300.87 13.58 0.59 1 82.4 
301.15 13.41 0.59 1 82.4 
301.43 13.30 0.58 1 82.4 
301.73 -1.00 -1.00 0 82.4 
301.97 -1.00 -1.00 0 83.4 
302.23 -1.00 -1.00 0 83.4 
302.42 -1.00 -1.00 0 83.4 
302.73 -1.00 -1.00 0 83.4 
302.92 -1.00 -1.00 0 84.2 
303.17 -1.00 -1.00 0 84.2 
303.41 -1.00 -1.00 0 84.2 
303.69 -1.00 -1.00 0 84.2 
303.92 -1.00 -1.00 0 85.3 
304.17 -1.00 -1.00 0 85.3 
304.37 -1.00 -1.00 0 85.3 
304.58 -1.00 -1.00 0 85.3 
304.86 -1.00 -1.00 0 86.0 
305.10 -1.00 -1.00 0 86.0 
305.28 -1.00 -1.00 0 86.0 
305.49 -1.00 -1.00 0 86.0 
305.76 -1.00 -1.00 0 86.0 
306.01 -1.00 -1.00 0 86.9 
306.18 -1.00 -1.00 0 86.9 
306.43 -1.00 -1.00 0 86.9 
306.65 -1.00 -1.00 0 86.9 
306.91 -1.00 -1.00 0 87.3 
307.16 -1.00 -1.00 0 87.3 
307.41 -1.00 -1.00 0 87.3 
307.70 -1.00 -1.00 0 87.3 
307.96 -1.00 -1.00 0 88.3 
308.21 -1.00 -1.00 0 88.3 
308.43 -1.00 -1.00 0 88.3 
308.66 -1.00 -1.00 0 88.3 
308.92 -1.00 -1.00 0 89.0 
309.11 -1.00 -1.00 0 89.0 
309.31 -1.00 -1.00 0 89.0 
309.53 -1.00 -1.00 0 89.0 
309.80 -1.00 -1.00 0 89.0 
310.06 -1.00 -1.00 0 90.0 
310.23 -1.00 -1.00 0 90.0 
310.45 -1.00 -1.00 0 90.0 
310.71 -1.00 -1.00 0 90.0 
310.93 -1.00 -1.00 0 91.8 
311.39 -1.00 -1.00 0 91.8 
311.60 -1.00 -1.00 0 91.8 
311.83 -1.00 -1.00 0 91.8 
312.03 -1.00 -1.00 0 90.4 
312.25 -1.00 -1.00 0 90.4 
312.51 -1.00 -1.00 0 90.4 
312.72 -1.00 -1.00 0 90.4 
312.96 -1.00 -1.00 0 88.6 
313.19 -1.00 -1.00 0 88.6 
313.45 -1.00 -1.00 0 88.6 
313.66 -1.00 -1.00 0 88.6 
313.90 -1.00 -1.00 0 89.5 
314.16 -1.00 -1.00 0 89.5 
314.38 -1.00 -1.00 0 89.5 
314.56 -1.00 -1.00 0 89.5 
314.83 -1.00 -1.00 0 89.5 
315.09 -1.00 -1.00 0 89.6 
315.34 -1.00 -1.00 0 89.6 
315.52 -1.00 -1.00 0 89.6 
315.80 -1.00 -1.00 0 89.6 
316.06 -1.00 -1.00 0 89.5 
316.23 -1.00 -1.00 0 89.5 
316.43 -1.00 -1.00 0 89.5 
316.72 -1.00 -1.00 0 89.5 
316.88 -1.00 -1.00 0 85.2 
317.15 -1.00 -1.00 0 85.2 
317.32 -1.00 -1.00 0 85.2 
317.61 -1.00 -1.00 0 85.2 
317.80 -1.00 -1.00 0 85.9 
318.08 -1.00 -1.00 0 85.9 
318.31 -1.00 -1.00 0 85.9 
318.59 -1.00 -1.00 0 85.9 
318.85 -1.00 -1.00 0 84.6 
319.04 -1.00 -1.00 0 84.6 
319.33 -1.00 -1.00 0 84.6 
319.52 -1.00 -1.00 0 84.6 
319.78 -1.00 -1.00 0 84.6 
320.02 -1.00 -1.00 0 84.1 
320.27 -1.00 -1.00 0 84.1 
320.50 -1.00 -1.00 0 84.1 
320.71 -1.00 -1.00 0 84.1 
320.96 -1.00 -1.00 0 84.7 
321.19 -1.00 -1.00 0 84.7 
321.37 -1.00 -1.00 0 84.7 
321.60 -1.00 -1.00 0 84.7 
321.82 -1.00 -1.00 0 85.1 
322.05 -1.00 -1.00 0 85.1 
322.21 -1.00 -1.00 0 85.1 
322.42 -1.00 -1.00 0 85.1 
322.65 -1.00 -1.00 0 85.1 
322.88 -1.00 -1.00 0 85.4 
323.05 -1.00 -1.00 0 85.4 
323.28 -1.00 -1.00 0 85.4 
323.45 -1.00 -1.00 0 85.4 
323.68 -1.00 -1.00 0 85.4 
323.92 -1.00 -1.00 0 86.3 
324.11 -1.00 -1.00 0 86.3 
324.33 -1.00 -1.00 0 86.3 
324.58 -1.00 -1.00 0 86.3 
324.83 -1.00 -1.00 0 86.8 
325.08 -1.00 -1.00 0 86.8 
325.28 -1.00 -1.00 0 86.8 
325.48 -1.00 -1.00 0 86.8 
325.73 -1.00 -1.00 0 86.8 
325.95 -1.00 -1.00 0 89.4 
326.14 -1.00 -1.00 0 89.4 
326.36 -1.00 -1.00 0 89.4 
326.54 -1.00 -1.00 0 89.4 
326.77 -1.00 -1.00 0 89.4 
326.99 -1.00 -1.00 0 89.2 
327.21 -1.00 -1.00 0 89.2 
327.38 -1.00 -1.00 0 89.2 
327.63 -1.00 -1.00 0 89.2 
327.88 -1.00 -1.00 0 88.7 
328.13 -1.00 -1.00 0 88.7 
328.33 -1.00 -1.00 0 88.7 
328.59 -1.00 -1.00 0 88.7 
328.78 -1.00 -1.00 0 88.2 
328.97 -1.00 -1.00 0 88.2 
329.15 -1.00 -1.00 0 88.2 
329.32 -1.00 -1.00 0 88.2 
329.60 -1.00 -1.00 0 88.2 
329.83 -1.00 -1.00 0 88.9 
329.98 -1.00 -1.00 0 88.9 
330.19 -1.00 -1.00 0 88.9 
330.35 -1.00 -1.00 0 88.9 
330.61 -1.00 -1.00 0 88.9 
330.81 -1.00 -1.00 0 88.9 
331.27 -1.00 -1.00 0 88.9 
331.46 -1.00 -1.00 0 88.9 
331.66 -1.00 -1.00 0 88.9 
331.88 -1.00 -1.00 0 89.4 
332.08 -1.00 -1.00 0 89.4 
332.32 -1.00 -1.00 0 89.4 
332.52 -1.00 -1.00 0 89.4 
332.78 -1.00 -1.00 0 89.4 
333.00 -1.00 -1.00 0 89.2 
333.21 -1.00 -1.00 0 89.2 
333.43 -1.00 -1.00 0 89.2 
333.72 -1.00 -1.00 0 89.2 
333.95 -1.00 -1.00 0 84.4 
334.13 -1.00 -1.00 0 84.4 
334.34 -1.00 -1.00 0 84.4 
334.58 -1.00 -1.00 0 84.4 
334.80 -1.00 -1.00 0 82.6 
335.04 -1.00 -1.00 0 82.6 
335.21 -1.00 -1.00 0 82.6 
335.45 -1.00 -1.00 0 82.6 
335.71 -1.00 -1.00 0 82.6 
335.88 -1.00 -1.00 0 83.7 
336.14 -1.00 -1.00 0 83.7 
336.42 -1.00 -1.00 0 83.7 
336.69 -1.00 -1.00 0 83.7 
336.92 -1.00 -1.00 0 84.6 
337.14 -1.00 -1.00 0 84.6 
337.33 -1.00 -1.00 0 84.6 
337.61 -1.00 -1.00 0 84.6 
337.81 -1.00 -1.00 0 85.0 
338.05 -1.00 -1.00 1 85.0 
338.28 -1.00 -1.00 0 85.0 
338.51 -1.00 -1.00 0 85.0 
338.78 -1.00 -1.00 0 85.0 
338.97 -1.00 -1.00 0 86.1 
339.22 -1.00 -1.00 0 86.1 
339.39 -1.00 -1.00 0 86.1 
339.63 -1.00 -1.00 0 86.1 
339.89 -1.00 -1.00 0 87.4 
340.08 -1.00 -1.00 0 87.4 
340.39 -1.00 -1.00 0 87.4 
340.69 -1.00 -1.00 0 87.4 
340.88 -1.00 -1.00 0 88.2 
341.35 -1.00 -1.00 0 88.2 
341.63 -1.00 -1.00 0 88.2 
341.83 -1.00 -1.00 0 89.0 
342.02 -1.00 -1.00 0 89.0 
342.24 -1.00 -1.00 0 89.0 
342.44 -1.00 -1.00 0 89.0 
342.65 -1.00 -1.00 0 89.0 
342.84 -1.00 -1.00 0 90.4 
343.06 -1.00 -1.00 0 90.4 
343.22 -1.00 -1.00 0 90.4 
343.43 -1.00 -1.00 0 90.4 
343.66 -1.00 -1.00 0 90.4 
343.85 -1.00 -1.00 0 91.5 
344.10 -1.00 -1.00 0 91.5 
344.28 -1.00 -1.00 0 91.5 
344.52 -1.00 -1.00 0 91.5 
344.72 -1.00 -1.00 0 91.5 
344.91 -1.00 -1.00 0 92.2 
345.16 -1.00 -1.00 0 92.2 
345.34 -1.00 -1.00 0 92.2 
345.61 -1.00 -1.00 0 92.2 
345.81 -1.00 -1.00 0 92.8 
346.03 -1.00 -1.00 0 92.8 
346.20 -1.00 -1.00 0 92.8 
346.46 -1.00 -1.00 0 92.8 
346.67 -1.00 -1.00 0 92.8 
346.91 -1.00 -1.00 0 94.3 
347.16 -1.00 -1.00 0 94.3 
347.34 -1.00 -1.00 0 94.3 
347.58 -1.00 -1.00 0 94.3 
347.82 -1.00 -1.00 0 95.0 
348.04 -1.00 -1.00 0 95.0 
348.20 -1.00 -1.00 0 95.0 
348.44 -1.00 -1.00 0 95.0 
348.74 -1.00 -1.00 0 95.0 
348.97 -1.00 -1.00 0 96.7 
349.17 -1.00 -1.00 0 96.7 
349.41 -1.00 -1.00 0 96.7 
349.76 -1.00 -1.00 0 96.7 
350.00 -1.00 -1.00 0 98.1 
350.23 -1.00 -1.00 0 98.1 
350.43 -1.00 -1.00 0 98.1 
350.71 -1.00 -1.00 0 98.1 
350.89 -1.00 -1.00 0 98.5 
351.31 -1.00 -1.00 0 98.5 
351.53 -1.00 -1.00 0 98.5 
351.74 -1.00 -1.00 0 98.5 
351.98 -1.00 -1.00 0 100.7 
352.17 -1.00 -1.00 0 100.7 
352.37 -1.00 -1.00 0 100.7 
352.62 -1.00 -1.00 0 100.7 
352.83 -1.00 -1.00 0 102.6 
353.07 30.56 1.07 1 102.6 
353.25 30.69 1.08 1 102.6 
353.45 31.50 1.11 1 102.6 
353.71 32.44 1.14 1 102.6 
353.94 33.02 1.17 1 101.4 
354.17 33.25 1.18 1 101.4 
354.37 33.82 1.20 1 101.4 
354.65 34.77 1.23 1 101.4 
354.86 34.19 1.26 1 97.8 
355.07 33.67 1.24 1 97.8 
355.25 32.93 1.21 1 97.8 
355.47 32.56 1.20 1 97.8 
355.76 32.24 1.19 1 97.8 
355.98 31.67 1.19 1 95.8 
356.23 30.93 1.16 1 95.8 
356.45 30.04 1.13 1 95.8 
356.70 29.79 1.12 1 95.8 
356.94 -1.00 -1.00 1 95.7 
357.11 27.49 1.03 1 95.7 
357.34 26.48 1.00 1 95.7 
357.51 25.62 0.96 1 95.7 
357.78 24.90 0.94 1 95.7 
357.97 23.94 0.89 1 97.2 
358.26 23.14 0.86 1 97.2 
358.43 23.30 0.86 1 97.2 
358.64 23.01 0.85 1 97.2 
358.84 22.97 0.85 1 97.1 
359.01 23.18 0.86 1 97.1 
359.20 23.11 0.86 1 97.1 
359.44 22.48 0.83 1 97.1 
359.68 21.79 0.81 1 97.1 
359.89 21.40 0.80 1 95.9 
360.12 20.46 0.77 1 95.9 
360.34 19.98 0.75 1 95.9 
360.50 20.12 0.76 1 95.9 
360.74 19.74 0.74 1 95.9 
360.99 19.40 0.75 1 92.6 
361.19 19.93 0.77 1 92.6 
361.44 19.56 0.76 1 92.6 
361.64 19.27 0.75 1 92.6 
361.83 18.77 0.75 1 90.5 
362.01 18.82 0.75 1 90.5 
362.21 17.93 0.71 1 90.5 
362.46 17.31 0.69 1 90.5 
362.70 16.94 0.67 1 90.5 
362.95 16.64 0.66 1 91.0 
363.16 16.17 0.64 1 91.0 
363.42 15.58 0.62 1 91.0 
363.68 14.95 0.59 1 91.0 
363.94 14.45 0.56 1 92.4 
364.17 14.37 0.56 1 92.4 
364.39 13.90 0.54 1 92.4 
364.82 13.66 0.53 1 92.4 
365.07 13.67 0.53 1 92.7 
365.27 13.79 0.54 1 92.7 
365.53 13.90 0.54 1 92.7 
365.87 13.84 0.54 1 92.7 
366.12 13.18 0.51 1 92.2 
366.31 13.57 0.53 1 92.2 
366.67 13.86 0.54 1 92.2 
366.89 13.47 0.54 1 90.3 
367.11 13.26 0.53 1 90.3 
367.50 12.87 0.51 1 90.3 
367.79 12.55 0.50 1 90.3 
368.00 12.32 0.50 1 88.8 
368.22 12.22 0.50 1 88.8 
368.49 11.92 0.48 1 88.8 
368.77 11.42 0.46 1 88.8 
369.09 11.34 0.47 1 86.9 
369.33 11.61 0.48 1 86.9 
369.69 11.49 0.48 1 86.9 
369.99 11.12 0.45 1 88.4 
370.24 11.28 0.46 1 88.4 
370.50 11.56 0.47 1 88.4 
370.81 11.55 0.47 1 88.4 
371.10 11.61 0.46 1 90.5 
371.30 11.67 0.46 2 90.5 
371.68 11.98 0.48 1 90.5 
371.87 11.54 0.46 1 91.0 
372.15 11.55 0.46 2 91.0 
372.47 11.90 0.47 2 91.0 
372.77 11.79 0.47 2 91.0 
372.97 17.91 0.71 2 90.2 
373.21 16.83 0.67 2 90.2 
373.41 15.79 0.63 1 90.2 
373.75 14.84 0.59 1 90.2 
373.99 14.52 0.59 1 89.1 
374.19 13.98 0.56 1 89.1 
374.45 13.49 0.55 1 89.1 
374.65 12.82 0.52 1 89.1 
374.93 12.30 0.50 1 88.7 
375.20 12.12 0.49 1 88.7 
375.42 12.15 0.49 1 88.7 
375.68 11.80 0.48 1 88.7 
375.95 11.76 0.48 1 88.0 
376.16 11.51 0.47 1 88.0 
376.46 11.39 0.47 1 88.0 
376.67 11.39 0.47 1 88.0 
376.93 11.31 0.46 1 88.8 
377.19 11.04 0.45 1 88.8 
377.42 11.00 0.45 1 88.8 
377.66 10.69 0.43 1 88.8 
377.89 10.66 0.43 1 89.6 
378.17 10.58 0.42 1 89.6 
378.41 10.40 0.42 1 89.6 
378.64 10.26 0.41 1 89.6 
378.84 10.42 0.41 1 90.5 
379.12 10.55 0.42 1 90.5 
379.31 10.56 0.42 1 90.5 
379.74 10.59 0.42 1 90.5 
380.02 10.53 0.43 1 89.0 
380.20 10.70 0.43 1 89.0 
380.48 10.77 0.44 1 89.0 
380.75 10.75 0.44 1 89.0 
381.06 10.54 0.43 1 89.0 
381.28 10.51 0.43 1 89.0 
381.49 10.48 0.42 1 89.0 
381.81 10.35 0.42 1 89.0 
382.11 10.24 0.42 1 88.5 
382.32 10.29 0.42 1 88.5 
382.67 10.21 0.42 1 88.5 
382.98 9.97 0.41 1 87.2 
383.23 9.97 0.41 1 87.2 
383.62 10.10 0.42 1 87.2 
383.92 10.08 0.41 2 89.0 
384.14 10.13 0.41 1 89.0 
384.45 10.35 0.42 1 89.0 
384.75 10.28 0.42 1 89.0 
385.03 10.34 0.42 1 88.9 
385.28 10.38 0.42 1 88.9 
385.57 10.29 0.42 1 88.9 
385.92 10.71 0.44 1 88.3 
386.14 10.54 0.43 1 88.3 
386.41 10.59 0.43 1 88.3 
386.80 10.64 0.43 1 88.3 
386.98 10.61 0.44 1 86.9 
387.22 11.03 0.46 1 86.9 
387.49 10.68 0.44 1 86.9 
387.73 10.84 0.45 1 86.9 
388.04 11.38 0.47 1 86.7 
388.36 11.29 0.47 1 86.7 
388.69 11.11 0.46 1 86.7 
388.92 11.09 0.45 1 88.5 
389.15 10.83 0.44 1 88.5 
389.44 10.76 0.44 1 88.5 
389.78 10.98 0.45 1 88.5 
390.03 11.47 0.46 1 89.4 
390.36 11.69 0.47 1 89.4 
390.62 11.30 0.46 1 89.4 
390.88 11.12 0.45 1 88.2 
391.42 12.01 0.49 1 88.2 
391.69 11.66 0.48 1 88.2 
391.91 11.26 0.45 1 90.1 
392.20 11.07 0.44 1 90.1 
392.54 10.83 0.43 1 90.1 
392.92 10.52 0.42 1 90.1 
393.20 10.28 0.41 1 90.5 
393.40 -1.00 -1.00 1 90.5 
393.76 10.31 0.41 1 90.5 
394.10 10.33 0.41 1 89.8 
394.32 10.50 0.42 1 89.8 
394.75 10.56 0.42 1 89.8 
395.04 10.22 0.43 1 85.7 
395.28 10.46 0.44 1 85.7 
395.61 10.49 0.44 1 85.7 
395.88 10.18 0.43 1 85.0 
396.19 9.93 0.42 1 85.0 
396.39 9.98 0.42 1 85.0 
396.75 9.79 0.41 1 85.0 
397.00 9.88 0.41 1 86.3 
397.27 9.94 0.41 1 86.3 
397.52 10.42 0.43 1 86.3 
397.86 10.61 0.44 1 86.3 
398.13 10.38 0.42 1 88.1 
398.41 10.31 0.42 1 88.1 
398.70 10.20 0.42 1 88.1 
399.00 10.51 0.43 1 88.4 
399.31 10.40 0.42 1 88.4 
399.70 11.18 0.46 1 88.4 
399.99 10.82 0.45 1 87.1 
400.33 10.76 0.44 1 87.1 
400.56 10.48 0.43 1 87.1 
400.84 10.26 0.42 1 87.1 
401.45 10.38 0.44 1 85.1 
401.77 10.37 0.44 1 85.1 
402.01 10.43 0.46 1 82.3 
402.28 10.27 0.45 1 82.3 
402.51 10.07 0.44 1 82.3 
402.85 9.98 0.44 1 82.3 
403.05 9.80 0.41 1 85.1 
403.32 9.67 0.41 1 85.1 
403.72 9.38 0.40 1 85.1 
403.96 9.35 0.39 1 86.6 
404.19 9.35 0.39 1 86.6 
404.50 9.44 0.39 1 86.6 
404.83 9.52 0.40 1 86.6 
405.12 9.36 0.39 1 85.5 
405.43 10.26 0.43 1 85.5 
405.78 10.79 0.45 1 85.5 
406.04 10.25 0.44 1 83.8 
406.33 -1.00 -1.00 1 83.8 
406.55 -1.00 -1.00 1 83.8 
406.95 7.64 0.33 1 83.8 
407.24 7.60 0.33 1 81.7 
407.49 7.56 0.33 1 81.7 
407.89 7.30 0.32 1 81.7 
408.15 7.49 0.34 1 80.4 
408.48 7.61 0.34 1 80.4 
408.84 7.86 0.35 1 80.4 
409.09 8.13 0.37 2 78.7 
409.44 8.55 0.39 2 78.7 
409.77 8.91 0.41 1 78.7 
410.12 9.28 0.42 1 79.7 
410.48 9.33 0.42 1 79.7 
410.90 10.36 0.47 1 79.7 
411.23 11.57 0.52 1 80.5 
411.55 11.39 0.51 1 80.5 
411.93 12.24 0.55 1 80.5 
412.30 12.98 0.57 1 81.8 
412.66 13.23 0.58 1 81.8 
412.94 12.57 0.55 1 82.2 
413.15 12.09 0.53 1 82.2 
413.49 11.72 0.51 1 82.2 
413.77 11.34 0.50 1 82.2 
414.07 11.06 0.48 1 83.4 
414.36 10.37 0.45 1 83.4 
414.56 10.60 0.46 1 83.4 
414.85 10.48 0.45 1 83.4 
415.06 10.68 0.46 1 82.7 
415.38 10.53 0.46 1 82.7 
415.58 10.87 0.47 1 82.7 
415.91 10.96 0.48 1 82.7 
416.22 11.19 0.48 1 84.1 
416.53 11.61 0.50 1 84.1 
416.79 11.81 0.51 1 84.1 
417.01 11.67 0.49 1 85.0 
417.29 11.70 0.50 1 85.0 
417.52 11.88 0.50 1 85.0 
417.87 11.72 0.50 1 85.0 
418.15 11.74 0.49 1 86.0 
418.36 11.91 0.50 1 86.0 
418.72 11.88 0.50 1 86.0 
418.99 12.75 0.52 1 88.0 
419.26 12.24 0.50 1 88.0 
419.59 12.48 0.51 1 88.0 
419.93 12.36 0.49 1 90.0 
420.17 12.56 0.50 1 90.0 
420.45 14.77 0.59 1 90.0 
420.76 14.61 0.58 1 90.0 
421.38 13.63 0.55 1 89.8 
421.65 13.48 0.54 1 89.8 
421.89 13.22 0.53 1 89.5 
422.14 13.84 0.56 1 89.5 
422.42 13.47 0.54 1 89.5 
422.84 13.37 0.54 1 89.5 
423.09 12.94 0.52 1 88.9 
423.40 12.60 0.51 1 88.9 
423.68 12.89 0.52 1 88.9 
424.07 12.90 0.52 1 89.2 
424.34 13.12 0.53 1 89.2 
424.69 13.38 0.54 1 89.2 
424.98 13.28 0.54 1 88.7 
425.29 13.39 0.54 1 88.7 
425.68 13.37 0.54 1 88.7 
426.07 12.94 0.52 1 88.9 
426.28 13.48 0.55 1 88.9 
426.70 13.54 0.55 1 88.9 
427.01 13.07 0.53 1 88.7 
427.26 12.86 0.52 1 88.7 
427.63 12.96 0.53 1 88.7 
427.95 12.77 0.52 1 88.2 
428.15 12.80 0.52 1 88.2 
428.40 13.13 0.54 1 88.2 
428.76 12.91 0.53 1 88.2 
429.09 12.91 0.52 1 88.9 
429.40 12.73 0.52 1 88.9 
429.79 12.58 0.51 1 88.9 
430.04 12.65 0.52 1 88.2 
430.37 12.72 0.52 1 88.2 
430.79 12.29 0.50 2 88.2 
431.46 12.32 0.49 1 90.0 
431.90 12.12 0.48 1 90.0 
432.21 11.67 0.45 1 93.2 
432.42 12.00 0.46 1 93.2 
432.84 11.89 0.46 1 93.2 
433.22 11.79 0.46 1 92.7 
433.64 11.72 0.46 1 92.7 
433.95 11.40 0.44 1 94.0 
434.26 11.00 0.42 1 94.0 
434.65 10.71 0.41 1 94.0 
434.98 10.50 0.41 1 91.9 
435.27 10.47 0.41 1 91.9 
435.67 10.52 0.41 1 91.9 
436.06 10.15 0.40 1 91.6 
436.39 10.24 0.40 1 91.6 
436.74 10.04 0.39 1 91.6 
437.00 9.90 0.39 1 91.7 
437.21 10.07 0.40 1 91.7 
437.50 9.70 0.38 1 91.7 
437.90 9.66 0.38 1 91.7 
438.26 9.69 0.38 1 91.7 
438.67 9.54 0.37 1 91.7 
438.98 9.68 0.38 1 91.5 
439.31 9.77 0.38 1 91.5 
439.66 9.72 0.38 2 91.5 
440.09 9.58 0.39 3 87.6 
440.57 9.72 0.40 2 87.6 
441.38 9.60 0.40 2 87.1 
441.84 9.50 0.39 2 87.1 
442.17 9.66 0.40 1 88.1 
442.50 9.94 0.41 1 88.1 
442.77 9.99 0.41 1 88.1 
443.15 14.32 0.57 1 90.9 
443.51 13.55 0.54 1 90.9 
443.91 12.61 0.50 1 90.9 
444.21 12.01 0.48 1 90.8 
444.68 11.42 0.45 1 90.8 
445.02 10.83 0.43 1 89.7 
445.24 10.03 0.40 1 89.7 
445.53 10.19 0.41 1 89.7 
445.98 10.23 0.41 1 89.7 
446.20 10.06 0.41 1 88.8 
446.51 10.08 0.41 1 88.8 
446.92 10.01 0.41 1 88.8 
447.21 10.23 0.41 1 88.8 
447.52 10.21 0.41 1 88.8 
447.86 10.31 0.42 1 88.8 
448.10 10.40 0.42 1 88.7 
448.39 10.34 0.42 1 88.7 
448.69 10.41 0.42 1 88.7 
449.01 10.40 0.42 1 88.7 
449.25 10.21 0.41 1 88.7 
449.70 10.07 0.41 1 88.7 
449.97 9.85 0.39 1 90.5 
450.21 9.80 0.39 1 90.5 
450.51 9.77 0.39 1 90.5 
450.88 9.52 0.38 1 90.5 
451.58 10.05 0.40 1 89.8 
452.00 10.07 0.40 1 89.9 
452.31 10.26 0.41 1 89.9 
452.66 10.01 0.40 1 89.9 
452.88 10.05 0.40 1 89.8 
453.27 9.97 0.40 1 89.8 
453.53 10.24 0.41 1 89.8 
453.78 10.12 0.41 1 89.8 
454.08 9.90 0.39 1 92.1 
454.49 9.74 0.38 1 92.1 
454.94 9.74 0.38 1 92.1 
455.30 9.73 0.39 1 89.1 
455.70 9.74 0.39 1 89.1 
456.08 9.73 0.39 1 89.2 
456.66 9.74 0.39 1 89.2 
457.09 10.00 0.41 1 88.8 
457.56 9.56 0.39 1 88.8 
457.96 9.38 0.38 1 88.8 
458.32 9.49 0.38 1 88.7 
458.77 9.87 0.40 1 88.7 
459.20 10.10 0.41 1 88.2 
459.64 11.24 0.46 1 88.2 
460.02 11.16 0.46 1 87.8 
460.44 11.12 0.46 1 87.8 
460.90 10.77 0.44 1 87.8 
461.28 10.50 0.43 1 88.5 
461.68 10.42 0.42 1 88.5 
462.08 10.55 0.43 1 88.4 
462.42 10.37 0.42 1 88.4 
462.85 10.33 0.42 1 88.4 
463.11 10.56 0.43 1 88.4 
463.48 10.47 0.43 1 88.4 
463.77 10.52 0.43 1 88.4 
464.02 10.56 0.43 1 88.2 
464.38 10.73 0.44 1 88.2 
464.72 10.87 0.44 1 88.2 
465.05 10.82 0.44 1 88.8 
465.31 10.79 0.44 1 88.8 
465.80 10.75 0.44 1 88.8 
466.01 10.61 0.44 1 87.7 
466.41 10.92 0.45 1 87.7 
466.71 10.72 0.44 1 87.7 
466.99 10.86 0.44 1 89.5 
467.34 10.95 0.44 1 89.5 
467.68 11.02 0.44 1 89.5 
468.03 10.69 0.43 1 90.4 
468.32 10.48 0.42 1 90.4 
468.67 10.29 0.41 1 90.4 
469.03 9.59 0.38 1 90.2 
469.39 -1.00 -1.00 0 90.2 
469.71 -1.00 -1.00 0 90.2 
470.04 -1.00 -1.00 0 90.2 
470.29 -1.00 -1.00 0 90.2 
470.66 -1.00 -1.00 0 90.2 
470.96 9.59 0.39 1 89.4 
471.18 9.47 0.38 1 89.4 
471.52 8.77 0.35 1 89.4 
471.94 8.62 0.35 1 89.4 
472.36 7.66 0.32 1 87.4 
472.86 -1.00 -1.00 0 87.4 
473.17 -1.00 -1.00 0 88.3 
473.51 -1.00 -1.00 0 88.3 
473.88 -1.00 -1.00 0 88.3 
474.22 -1.00 -1.00 0 88.6 
474.50 -1.00 -1.00 0 88.6 
474.88 -1.00 -1.00 0 88.6 
475.20 -1.00 -1.00 0 85.8 
475.68 -1.00 -1.00 0 85.8 
476.09 10.63 0.45 1 85.8 
476.33 10.69 0.45 1 85.8 
476.70 10.99 0.46 1 85.8 
477.03 11.13 0.47 1 85.7 
477.39 12.58 0.53 1 85.7 
477.77 12.21 0.51 1 85.7 
478.10 12.11 0.50 1 87.2 
478.49 11.34 0.47 1 87.2 
478.96 10.76 0.44 1 87.2 
479.25 10.30 0.43 1 86.7 
479.64 10.59 0.44 2 86.7 
480.10 11.82 0.50 2 84.8 
480.39 12.08 0.51 2 84.8 
480.87 11.98 0.51 1 84.8 
481.50 11.94 0.54 1 79.9 
481.86 11.44 0.52 1 79.9 
482.13 11.10 0.52 1 77.6 
482.45 10.85 0.50 1 77.6 
482.83 10.55 0.49 1 77.6 
483.17 10.62 0.49 1 78.6 
483.58 11.03 0.51 1 78.6 
483.98 11.60 0.51 1 81.6 
484.25 11.62 0.51 1 81.6 
484.67 12.03 0.53 1 81.6 
485.01 12.09 0.52 1 83.0 
485.26 12.13 0.53 1 83.0 
485.63 12.33 0.53 1 83.0 
485.98 12.03 0.52 1 82.8 
486.38 12.35 0.54 1 82.8 
486.74 12.27 0.53 1 82.8 
486.99 12.27 0.53 1 82.9 
487.30 12.44 0.54 1 82.9 
487.66 12.40 0.54 1 82.9 
488.00 12.38 0.53 1 84.3 
488.31 12.44 0.53 1 84.3 
488.65 12.97 0.55 1 84.3 
488.88 12.96 0.55 1 84.7 
489.18 13.06 0.55 1 84.7 
489.52 13.24 0.56 1 84.7 
489.91 12.61 0.54 1 84.7 
490.22 12.52 0.54 1 84.0 
490.68 12.84 0.55 1 84.0 
490.96 12.40 0.52 1 86.4 
491.24 12.37 0.52 1 86.4 
491.59 12.34 0.51 1 86.4 
491.98 12.09 0.49 1 88.1 
492.31 12.72 0.52 1 88.1 
492.70 12.77 0.52 1 88.1 
492.91 12.98 0.53 1 87.4 
493.26 13.18 0.54 1 87.4 
493.64 12.95 0.53 1 87.4 
494.03 12.05 0.50 1 87.1 
494.40 12.10 0.50 2 87.1 
494.82 12.41 0.51 2 87.1 
495.22 11.95 0.50 2 86.0 
495.44 12.59 0.53 2 86.0 
495.87 14.04 0.59 2 86.0 
496.29 13.95 0.59 2 85.4 
496.63 13.72 0.58 2 85.4 
497.02 13.93 0.59 1 85.0 
497.31 14.55 0.62 1 85.0 
497.80 14.36 0.61 2 85.0 
498.12 14.22 0.59 1 87.2 
498.51 13.68 0.56 2 87.2 
498.89 14.24 0.59 1 87.2 
499.25 14.93 0.60 1 89.0 
499.57 14.86 0.60 1 89.0 
500.07 14.27 0.57 1 90.8 
500.37 14.55 0.58 1 90.8 
500.80 14.78 0.59 1 90.8 
501.44 15.48 0.62 1 89.3 
501.84 15.09 0.61 1 89.3 
502.20 14.96 0.60 1 89.3 
502.51 14.84 0.60 1 89.3 
502.88 14.98 0.60 1 89.3 
503.17 14.88 0.62 1 86.6 
503.51 14.28 0.59 1 86.6 
503.84 14.21 0.59 1 86.6 
504.13 14.09 0.59 1 86.1 
504.51 13.63 0.57 1 86.1 
504.84 13.64 0.57 1 86.1 
505.28 13.84 0.57 1 87.4 
505.63 14.37 0.59 1 87.4 
506.03 14.19 0.57 1 89.8 
506.28 14.27 0.57 1 89.8 
506.70 14.12 0.57 1 89.8 
506.97 14.95 0.61 1 88.2 
507.22 15.06 0.61 1 88.2 
507.58 15.39 0.63 1 88.2 
507.82 15.01 0.61 1 88.2 
508.11 15.09 0.63 1 86.1 
508.45 15.86 0.66 1 86.1 
508.73 15.56 0.65 1 86.1 
509.02 15.53 0.65 1 85.5 
509.34 14.93 0.63 1 85.5 
509.69 14.27 0.60 1 85.5 
510.03 14.20 0.58 1 87.9 
510.42 18.88 0.77 1 87.9 
510.81 17.99 0.74 1 87.9 
511.51 16.40 0.68 1 86.3 
511.87 15.59 0.65 1 86.3 
512.20 15.93 0.69 1 83.4 
512.56 15.31 0.66 1 83.4 
512.99 14.73 0.60 1 87.7 
513.44 14.10 0.58 1 87.7 
513.90 13.86 0.57 1 87.7 
514.31 13.51 0.54 1 89.5 
514.72 13.16 0.53 1 89.5 
515.12 12.79 0.51 1 91.2 
515.38 12.89 0.51 1 91.2 
515.79 12.67 0.50 1 91.2 
516.16 12.51 0.50 1 89.7 
516.64 11.80 0.47 1 89.7 
517.01 11.71 0.48 1 87.4 
517.28 11.80 0.49 1 87.4 
517.57 11.71 0.48 1 87.4 
518.01 11.98 0.51 1 85.4 
518.36 11.85 0.50 1 85.4 
518.65 11.83 0.50 1 85.4 
518.97 11.60 0.48 1 86.5 
519.33 11.73 0.49 1 86.5 
519.68 12.65 0.53 1 86.5 
520.02 12.68 0.52 1 88.1 
520.24 12.27 0.50 1 88.1 
520.52 12.08 0.49 1 88.1 
520.96 11.93 0.49 1 88.1 
521.28 11.67 0.47 1 89.6 
521.65 11.96 0.48 1 89.6 
522.01 11.85 0.48 1 89.1 
522.29 11.61 0.47 1 89.1 
522.73 11.82 0.48 1 89.1 
523.08 11.92 0.49 1 86.9 
523.42 11.43 0.47 1 86.9 
523.72 11.31 0.47 1 86.9 
524.02 11.36 0.47 1 86.4 
524.35 11.34 0.47 1 86.4 
524.76 11.47 0.48 1 86.4 
524.98 12.46 0.51 1 88.3 
525.29 12.25 0.50 1 88.3 
525.64 12.23 0.50 1 88.3 
525.95 12.58 0.51 1 88.1 
526.37 12.93 0.53 1 88.1 
526.73 12.62 0.52 1 88.1 
527.09 12.53 0.52 1 85.9 
527.33 12.29 0.52 1 85.9 
527.68 12.26 0.51 1 85.9 
528.13 19.83 0.82 1 87.3 
528.45 18.43 0.76 1 87.3 
528.76 17.52 0.72 1 87.3 
529.08 16.91 0.70 1 87.2 
529.44 16.25 0.67 1 87.2 
529.82 15.25 0.63 1 87.2 
530.17 14.46 0.60 1 86.6 
530.61 14.16 0.59 1 86.6 
531.46 13.67 0.56 1 87.6 
531.82 13.47 0.55 1 87.6 
532.08 13.21 0.52 1 90.6 
532.34 13.21 0.52 1 90.6 
532.73 13.11 0.52 1 90.6 
533.01 13.23 0.53 1 89.1 
533.33 12.97 0.52 1 89.1 
533.80 13.13 0.53 1 89.1 
534.18 12.88 0.53 1 87.5 
534.51 12.70 0.52 1 87.5 
534.92 12.55 0.52 1 87.5 
535.27 12.79 0.52 1 89.2 
535.60 12.89 0.52 1 89.2 
535.93 12.87 0.52 1 89.4 
536.21 12.70 0.51 1 89.4 
536.53 12.55 0.51 1 89.4 
536.90 12.54 0.51 1 89.4 
537.15 12.99 0.52 1 90.5 
537.47 13.06 0.52 1 90.5 
537.74 13.19 0.52 1 90.5 
537.94 13.10 0.52 1 90.0 
538.23 13.06 0.52 1 90.0 
538.54 12.76 0.51 1 90.0 
538.86 12.46 0.50 1 90.0 
539.23 12.23 0.48 1 91.2 
539.68 12.56 0.50 1 91.2 
540.05 13.01 0.51 1 91.7 
540.30 12.82 0.50 1 91.7 
540.55 12.82 0.50 1 91.7 
540.95 12.50 0.49 1 91.7 
541.23 12.42 0.49 1 90.8 
541.52 12.20 0.48 1 90.8 
541.83 12.04 0.48 1 90.8 
542.18 11.77 0.47 1 90.6 
542.45 11.64 0.46 1 90.6 
542.83 11.61 0.46 1 90.6 
543.04 11.45 0.44 1 92.7 
543.36 11.19 0.43 1 92.7 
543.70 11.00 0.43 1 92.7 
544.05 10.99 0.44 1 90.7 
544.33 10.98 0.44 1 90.7 
544.71 10.78 0.43 1 90.7 
544.95 10.90 0.43 1 91.2 
545.29 10.93 0.43 1 91.2 
545.65 10.82 0.43 1 91.2 
545.97 10.62 0.42 1 90.2 
546.25 10.72 0.43 1 90.2 
546.64 10.87 0.43 1 90.2 
546.85 10.91 0.44 1 89.2 
547.17 10.80 0.44 1 89.2 
547.46 10.93 0.44 1 89.2 
547.87 10.95 0.44 1 89.2 
548.11 11.17 0.46 1 88.0 
548.52 11.18 0.46 1 88.0 
548.82 11.09 0.45 1 88.0 
549.14 10.94 0.45 1 87.7 
549.44 10.97 0.45 1 87.7 
549.75 11.13 0.46 1 87.7 
549.98 11.25 0.46 1 88.2 
550.31 11.33 0.46 1 88.2 
550.58 11.32 0.46 1 88.2 
550.89 11.26 0.45 1 90.3 
551.51 11.58 0.46 1 90.3 
551.91 11.59 0.46 1 90.3 
552.19 11.45 0.47 1 88.5 
552.54 11.49 0.47 1 88.5 
552.91 11.68 0.48 1 88.5 
553.20 11.66 0.48 1 87.7 
553.49 11.82 0.48 1 87.7 
553.73 11.93 0.49 1 87.7 
554.03 11.86 0.49 1 87.3 
554.41 11.66 0.48 1 87.3 
554.71 11.80 0.49 1 87.3 
555.01 11.63 0.47 1 89.4 
555.19 12.15 0.49 1 89.4 
555.47 12.27 0.49 1 89.4 
555.75 12.62 0.51 1 89.4 
556.14 12.89 0.53 1 86.9 
556.42 13.08 0.54 1 86.9 
556.76 13.33 0.55 1 86.9 
557.07 13.11 0.54 1 87.6 
557.36 12.50 0.51 1 87.6 
557.63 12.51 0.51 1 87.6 
557.96 12.32 0.49 1 90.2 
558.22 12.66 0.51 1 90.2 
558.45 12.49 0.50 1 90.2 
558.71 12.35 0.49 1 90.2 
558.92 12.15 0.48 1 90.9 
559.20 12.36 0.49 1 90.9 
559.51 12.16 0.48 1 90.9 
559.89 11.90 0.47 1 90.9 
560.18 11.68 0.46 1 92.1 
560.51 11.27 0.44 1 92.1 
560.80 11.52 0.45 1 92.1 
561.19 11.47 0.45 1 91.4 
561.41 11.13 0.44 1 91.4 
561.84 10.85 0.43 1 91.4 
562.15 10.76 0.43 1 90.5 
562.37 10.70 0.43 1 90.5 
562.68 10.53 0.42 1 90.5 
563.00 10.29 0.41 1 89.4 
563.44 10.51 0.42 1 89.4 
563.76 10.98 0.44 1 89.4 
564.12 10.73 0.44 1 88.5 
564.42 10.57 0.43 1 88.5 
564.89 10.91 0.44 1 88.5 
565.31 11.24 0.46 1 87.4 
565.57 11.08 0.46 1 87.4 
565.94 11.08 0.46 1 87.4 
566.21 10.96 0.45 1 86.9 
566.62 10.92 0.45 1 86.9 
566.95 10.70 0.43 1 89.4 
567.24 10.66 0.43 1 89.4 
567.66 11.08 0.45 1 89.4 
567.91 10.91 0.43 1 90.5 
568.25 10.83 0.43 1 90.5 
568.49 10.89 0.43 1 90.5 
568.86 10.94 0.44 1 90.5 
569.13 10.78 0.43 1 89.4 
569.45 10.74 0.43 1 89.4 
569.69 10.68 0.43 1 89.4 
570.12 10.58 0.43 1 88.6 
570.37 10.56 0.43 1 88.6 
570.81 10.34 0.42 1 88.6 
571.13 10.27 0.42 1 87.8 
571.41 10.34 0.42 1 87.8 
571.76 10.83 0.44 1 87.8 
572.10 10.84 0.45 1 87.4 
572.34 10.91 0.45 1 87.4 
572.70 11.11 0.46 1 87.4 
573.00 10.97 0.44 1 89.1 
573.25 11.23 0.45 2 89.1 
573.54 11.10 0.45 1 89.1 
573.95 11.41 0.46 1 89.1 
574.19 11.09 0.44 1 90.4 
574.44 11.09 0.44 1 90.4 
574.84 11.09 0.44 1 90.4 
575.04 11.11 0.45 1 89.6 
575.36 11.12 0.45 1 89.6 
575.65 11.34 0.46 1 89.6 
575.99 11.28 0.46 1 89.2 
576.21 11.39 0.46 1 89.2 
576.42 11.62 0.47 1 89.2 
576.76 11.27 0.45 1 89.2 
577.00 11.23 0.46 1 88.0 
577.30 11.20 0.46 1 88.0 
577.62 11.25 0.46 1 88.0 
577.93 11.22 0.45 1 89.6 
578.22 11.76 0.47 1 89.6 
578.41 11.50 0.46 1 89.6 
578.71 11.56 0.46 1 89.6 
579.06 12.32 0.49 1 89.7 
579.32 11.42 0.46 1 89.7 
579.69 12.49 0.50 1 89.7 
579.96 12.46 0.50 1 89.0 
580.21 12.50 0.51 1 89.0 
580.51 12.45 0.50 1 89.0 
580.84 12.27 0.50 1 89.0 
581.48 12.29 0.50 1 88.5 
581.81 12.55 0.51 1 88.5 
582.07 12.55 0.51 1 88.5 
582.29 13.45 0.55 1 88.5 
582.60 13.25 0.54 1 88.5 
583.00 13.68 0.56 1 87.5 
583.25 13.53 0.56 1 87.5 
583.44 13.44 0.55 1 87.5 
583.83 13.61 0.56 1 87.5 
584.11 13.66 0.57 1 85.7 
584.47 13.68 0.57 1 85.7 
584.78 13.34 0.56 1 85.7 
585.06 13.87 0.58 1 86.2 
585.39 13.50 0.56 1 86.2 
585.73 13.20 0.55 1 86.2 
585.99 13.40 0.55 1 87.9 
586.31 13.40 0.55 1 87.9 
586.54 13.46 0.55 1 87.9 
586.89 13.34 0.55 1 87.9 
587.15 13.33 0.54 1 88.2 
587.41 13.52 0.55 1 88.2 
587.72 13.56 0.55 1 88.2 
588.00 13.79 0.56 1 88.7 
588.26 13.97 0.57 1 88.7 
588.62 13.91 0.56 1 88.7 
588.94 13.53 0.55 1 87.8 
589.18 13.67 0.56 1 87.8 
589.49 13.67 0.56 1 87.8 
589.83 13.42 0.55 1 87.8 
590.07 13.38 0.56 1 86.7 
590.37 13.26 0.55 1 86.7 
590.66 13.02 0.54 1 86.7 
590.97 12.81 0.52 1 88.5 
591.28 12.84 0.52 1 88.5 
591.48 13.14 0.53 1 88.5 
591.77 12.93 0.53 1 88.5 
592.15 12.60 0.50 1 90.6 
592.43 12.57 0.50 1 90.6 
592.73 12.74 0.51 1 90.6 
593.11 12.52 0.50 1 90.8 
593.37 12.15 0.48 1 90.8 
593.70 11.86 0.47 1 90.8 
593.95 11.79 0.48 1 88.1 
594.28 11.59 0.47 1 88.1 
594.70 11.57 0.47 1 88.1 
594.94 11.62 0.48 1 87.9 
595.37 11.70 0.48 1 87.9 
595.70 11.67 0.48 1 87.9 
595.94 11.65 0.48 1 86.7 
596.27 11.51 0.48 1 86.7 
596.56 11.25 0.47 1 86.7 
596.95 11.50 0.48 1 86.7 
597.27 11.51 0.49 1 84.7 
597.66 11.77 0.50 1 84.7 
598.01 11.79 0.50 1 84.2 
598.23 11.82 0.51 1 84.2 
598.50 11.50 0.49 1 84.2 
598.88 11.51 0.49 1 84.2 
599.14 11.40 0.48 1 86.0 
599.44 11.79 0.49 1 86.0 
599.74 11.97 0.50 1 86.0 
600.00 12.20 0.50 1 87.0 
600.27 12.28 0.51 1 87.0 
600.64 12.28 0.51 1 87.0 
601.28 12.74 0.54 1 85.7 
601.57 12.98 0.55 1 85.7 
601.93 12.66 0.54 1 85.0 
602.25 12.92 0.55 1 85.0 
602.62 12.92 0.55 1 85.0 
602.91 12.83 0.54 1 85.3 
603.21 12.85 0.54 1 85.3 
603.51 12.87 0.54 1 85.3 
603.84 12.64 0.53 1 85.3 
604.22 12.90 0.53 1 87.6 
604.45 13.11 0.54 1 87.6 
604.80 13.16 0.54 1 87.6 
605.12 13.48 0.55 1 88.6 
605.39 13.42 0.55 1 88.6 
605.72 13.61 0.55 1 88.6 
606.04 13.62 0.57 1 86.2 
606.33 13.46 0.56 1 86.2 
606.70 13.51 0.56 1 86.2 
606.97 13.75 0.57 1 87.2 
607.38 13.64 0.56 1 87.2 
607.65 13.49 0.56 1 87.2 
607.99 13.74 0.57 1 86.8 
608.34 13.45 0.56 1 86.8 
608.63 13.39 0.56 1 86.8 
608.98 13.54 0.56 1 87.6 
609.29 13.42 0.55 1 87.6 
609.60 13.37 0.55 1 87.6 
610.04 13.35 0.55 1 87.8 
610.42 13.33 0.55 1 87.8 
610.78 13.74 0.56 1 87.8 
611.43 13.21 0.55 1 86.9 
611.85 12.83 0.53 1 86.9 
612.06 12.74 0.54 1 85.8 
612.49 13.29 0.56 1 85.8 
612.83 13.19 0.55 1 85.8 
613.16 12.97 0.54 1 86.4 
613.50 12.70 0.53 1 86.4 
613.84 12.92 0.54 1 86.4 
614.10 12.80 0.54 1 85.6 
614.44 12.90 0.54 1 85.6 
614.78 12.84 0.54 1 85.6 
615.08 12.84 0.54 1 85.9 
615.38 12.68 0.53 1 85.9 
615.69 12.62 0.53 1 85.9 
616.02 12.90 0.55 1 84.6 
616.34 13.08 0.56 1 84.6 
616.66 13.41 0.57 1 84.6 
617.02 12.29 0.53 1 83.8 
617.39 11.49 0.49 1 83.8 
617.65 11.76 0.51 1 83.8 
617.96 12.68 0.54 1 83.8 
618.32 13.33 0.56 1 86.0 
618.68 13.29 0.56 1 86.0 
618.91 13.38 0.56 1 86.4 
619.28 13.99 0.58 1 86.4 
619.54 13.83 0.58 1 86.4 
619.88 13.91 0.58 1 86.4 
620.11 13.86 0.58 1 86.1 
620.34 15.51 0.65 1 86.1 
620.63 14.98 0.63 1 86.1 
620.91 14.53 0.59 1 88.5 
621.12 14.16 0.58 1 88.5 
621.38 13.69 0.56 1 88.5 
621.69 13.48 0.55 1 88.5 
621.93 13.33 0.53 1 90.3 
622.20 12.76 0.51 1 90.3 
622.50 12.31 0.49 1 90.3 
622.83 12.25 0.49 1 90.3 
623.06 12.62 0.50 1 91.7 
623.28 12.23 0.48 1 91.7 
623.49 12.24 0.48 1 91.7 
623.85 11.73 0.46 1 91.7 
624.05 11.28 0.45 1 90.3 
624.34 11.06 0.44 1 90.3 
624.67 10.78 0.43 1 90.3 
624.95 10.57 0.42 1 90.1 
625.30 9.83 0.39 1 90.1 
625.61 9.64 0.39 1 90.1 
625.98 9.61 0.38 1 90.8 
626.35 9.12 0.36 1 90.8 
626.73 8.57 0.34 1 90.8 
627.06 8.30 0.34 1 89.0 
627.35 7.66 0.31 1 89.0 
627.60 8.05 0.33 1 89.0 
627.94 8.39 0.35 1 85.6 
628.23 8.32 0.35 1 85.6 
628.65 7.97 0.34 1 85.6 
628.91 7.87 0.34 1 84.4 
629.21 8.03 0.34 1 84.4 
629.52 8.28 0.35 1 84.4 
629.85 8.56 0.36 1 84.4 
630.10 8.88 0.38 1 84.3 
630.37 8.78 0.37 2 84.3 
630.90 8.72 0.37 2 84.3 
631.27 8.46 0.35 1 86.4 
631.70 8.81 0.37 1 86.4 
632.10 8.57 0.36 1 86.7 
632.39 9.21 0.38 1 86.7 
632.83 8.76 0.36 1 86.7 
633.13 8.42 0.35 1 85.8 
633.41 8.21 0.34 1 85.8 
633.74 8.34 0.35 1 85.8 
634.05 9.00 0.39 1 83.7 
634.32 8.89 0.38 1 83.7 
634.71 10.49 0.45 1 83.7 
635.07 11.39 0.50 1 82.0 
635.27 10.89 0.48 1 82.0 
635.59 10.41 0.46 1 82.0 
635.94 10.14 0.45 1 81.1 
636.25 9.83 0.44 1 81.1 
636.67 9.69 0.43 1 81.1 
637.04 9.81 0.43 1 82.1 
637.34 9.84 0.43 1 82.1 
637.65 9.88 0.43 1 82.1 
637.98 9.96 0.42 1 85.6 
638.34 11.10 0.47 1 85.6 
638.67 11.00 0.46 1 85.6 
638.97 10.91 0.46 1 84.7 
639.22 10.73 0.46 1 84.7 
639.63 10.71 0.46 1 84.7 
639.92 10.82 0.47 1 83.7 
640.28 10.66 0.46 1 83.7 
640.67 10.60 0.46 1 83.7 
640.95 10.33 0.45 1 83.4 
641.55 10.64 0.46 1 83.4 
641.88 10.46 0.45 1 83.4 
642.21 10.95 0.46 1 84.9 
642.48 10.87 0.46 1 84.9 
642.76 10.69 0.45 1 84.9 
643.05 10.61 0.46 1 83.7 
643.29 10.39 0.45 1 83.7 
643.54 10.22 0.44 1 83.7 
643.84 10.07 0.43 1 83.7 
644.09 9.98 0.43 1 84.1 
644.34 9.92 0.42 1 84.1 
644.71 10.26 0.44 1 84.1 
644.96 10.25 0.45 1 82.2 
645.23 10.17 0.45 1 82.2 
645.44 10.05 0.44 1 82.2 
645.76 9.96 0.44 1 82.2 
646.02 9.85 0.43 1 82.0 
646.32 9.71 0.43 1 82.0 
646.64 9.72 0.43 1 82.0 
646.88 9.72 0.42 1 83.9 
647.06 9.85 0.42 1 83.9 
647.38 9.72 0.42 1 83.9 
647.71 9.97 0.43 1 83.9 
647.99 11.34 0.49 1 83.2 
648.28 13.93 0.60 1 83.2 
648.53 12.98 0.56 1 83.2 
648.84 12.31 0.53 1 83.2 
649.06 11.69 0.51 1 81.8 
649.34 11.30 0.50 1 81.8 
649.63 11.01 0.48 1 81.8 
649.90 10.79 0.48 1 80.1 
650.11 10.62 0.48 1 80.1 
650.38 10.18 0.46 1 80.1 
650.64 9.94 0.45 1 80.1 
650.91 10.13 0.46 1 79.3 
651.24 9.77 0.44 1 79.3 
651.49 9.58 0.44 1 79.3 
651.83 9.42 0.43 1 79.3 
652.14 9.39 0.43 1 77.8 
652.42 9.49 0.44 1 77.8 
652.82 9.04 0.42 1 77.8 
653.14 8.66 0.41 1 75.1 
653.47 8.85 0.42 1 75.1 
653.81 8.78 0.42 1 75.1 
654.15 8.74 0.46 1 68.7 
654.46 8.85 0.46 1 68.7 
654.76 8.71 0.46 1 68.7 
654.96 8.77 0.47 1 67.8 
655.35 9.04 0.48 1 67.8 
655.68 8.69 0.46 1 67.8 
656.04 8.62 0.49 1 62.9 
656.41 7.68 0.44 1 62.9 
656.69 7.48 0.43 1 62.9 
657.08 8.32 0.49 1 61.3 
657.47 8.98 0.53 1 61.3 
657.82 8.61 0.51 1 61.3 
658.12 8.68 0.54 1 58.2 
658.39 8.82 0.55 1 58.2 
658.68 8.28 0.51 1 58.2 
659.05 7.62 0.50 1 54.6 
659.26 7.44 0.49 1 54.6 
659.58 7.07 0.47 1 54.6 
659.93 7.30 0.49 1 53.5 
660.30 7.53 0.51 1 53.5 
660.52 7.44 0.50 1 53.5 
660.86 7.74 0.52 1 53.5 
661.38 7.00 0.50 1 50.1 
661.76 6.80 0.49 1 50.1 
