41.97 0.0 40.513298 -3.406300 609.1 21 339 -1 -1 -9 -9 0 
42.99 83.5 40.521870 -3.412418 586.1 128 50 325.2 171.211 0 0 0 
43.98 81.9 40.521988 -3.412745 626.9 8 10 324.1 1.055 0 0 0 
44.98 86.4 40.522163 -3.412905 626.2 6 5 324.5 0.703 0 0 0 
45.98 87.9 40.522335 -3.413071 626.7 6 5 324.1 0.352 0 0 0 
47.00 87.1 40.522507 -3.413236 625.9 4 5 324.1 0.352 0 0 0 
48.07 89.3 40.522686 -3.413425 625.8 4 5 323.1 1.055 0 0 0 
48.98 89.4 40.522865 -3.413607 626.0 3 5 322.4 1.758 0 0 0 
49.98 90.0 40.523022 -3.413802 625.9 3 5 319.9 3.164 0 0 0 
50.99 90.6 40.523182 -3.414000 627.1 3 5 317.5 4.922 0 0 0 
51.98 91.2 40.523350 -3.414211 628.2 3 5 315.4 4.570 0 0 0 
52.99 91.7 40.523506 -3.414430 628.9 3 5 313.9 3.516 0 0 0 
53.98 92.3 40.523663 -3.414654 629.9 3 5 311.8 3.516 0 0 0 
55.00 92.9 40.523811 -3.414886 631.3 3 5 310.1 3.867 0 0 0 
56.10 93.8 40.523952 -3.415132 632.2 3 5 307.6 4.219 1 0 0 
56.98 94.6 40.524086 -3.415389 632.1 3 5 305.5 4.570 1 0 0 
57.99 95.6 40.524216 -3.415654 632.3 3 5 303.4 4.219 1 1 0 
58.99 95.2 40.524338 -3.415919 632.8 3 5 301.3 4.219 1 1 0 
59.99 93.3 40.524456 -3.416192 633.2 3 5 299.2 4.219 1 2 0 
60.99 90.9 40.524551 -3.416454 633.8 3 5 297.4 3.867 0 2 0 
61.99 88.8 40.524651 -3.416721 634.4 3 5 296.0 3.164 0 2 0 
62.99 87.3 40.524734 -3.416985 633.1 3 5 293.6 3.867 0 2 0 
64.06 85.9 40.524807 -3.417250 632.0 3 5 291.1 4.922 0 1 0 
64.99 87.0 40.524883 -3.417528 632.2 3 5 289.0 4.570 0 1 0 
65.99 90.2 40.524956 -3.417801 632.1 3 5 287.6 3.516 0 1 0 
66.99 92.0 40.525021 -3.418089 631.7 3 5 286.9 2.109 0 1 0 
67.99 90.9 40.525078 -3.418377 631.1 3 5 285.8 1.758 0 1 0 
68.97 90.4 40.525143 -3.418662 630.5 3 5 285.5 1.406 0 1 0 
70.05 92.7 40.525208 -3.418953 629.9 4 5 285.8 0.352 0 1 0 
71.03 94.6 40.525269 -3.419247 629.4 4 5 286.5 1.055 0 1 0 
71.99 94.8 40.525341 -3.419549 628.8 4 5 286.5 0.703 0 1 0 
72.99 96.2 40.525417 -3.419851 628.2 4 5 288.3 1.758 0 1 0 
73.99 97.9 40.525501 -3.420150 627.9 4 5 290.4 3.867 0 1 0 
75.00 100.3 40.525593 -3.420452 627.3 4 5 293.2 4.922 1 1 0 
75.99 100.7 40.525700 -3.420753 626.8 4 5 295.7 5.273 1 1 0 
76.98 100.6 40.525810 -3.421051 626.6 4 5 297.1 3.867 1 2 0 
78.00 100.3 40.525925 -3.421333 625.9 4 5 299.9 4.219 1 2 0 
79.01 101.4 40.526062 -3.421611 625.5 4 5 303.8 6.680 1 2 0 
80.00 101.5 40.526203 -3.421884 625.0 4 5 306.2 6.328 1 2 0 
81.00 101.7 40.526348 -3.422154 624.7 4 5 307.6 3.867 0 2 0 
81.98 104.5 40.526512 -3.422416 624.3 4 5 310.8 4.570 1 2 0 
82.98 104.1 40.526695 -3.422674 623.9 4 5 313.2 5.625 1 2 0 
84.00 102.7 40.526878 -3.422910 623.3 4 5 316.8 5.977 0 3 0 
84.99 102.7 40.527073 -3.423132 622.9 4 5 319.2 5.977 0 3 0 
86.01 104.1 40.527290 -3.423329 622.7 4 5 323.8 7.031 0 3 0 
87.01 105.0 40.527515 -3.423527 622.6 4 5 326.2 7.031 0 2 0 
88.00 103.0 40.527737 -3.423685 622.1 4 5 329.4 5.625 0 2 0 
88.98 102.5 40.527969 -3.423844 621.5 4 5 331.5 5.273 1 3 0 
90.00 104.2 40.528214 -3.423996 621.2 4 5 332.6 3.164 1 3 0 
91.00 106.5 40.528458 -3.424153 620.7 4 5 332.9 1.406 0 3 0 
92.08 107.7 40.528706 -3.424314 620.9 4 5 333.6 1.055 0 3 0 
93.02 109.5 40.528946 -3.424472 620.8 4 5 333.3 0.352 0 3 0 
94.00 113.6 40.529190 -3.424638 620.8 4 5 332.9 0.703 0 3 0 
95.00 109.3 40.529434 -3.424810 620.3 4 5 331.5 1.758 0 3 0 
95.99 108.0 40.529678 -3.424991 619.4 4 5 330.5 2.461 0 3 0 
97.01 105.7 40.529922 -3.425171 618.9 4 5 329.1 2.461 0 2 0 
97.98 104.9 40.530144 -3.425357 617.9 4 5 327.7 2.812 0 2 0 
98.99 107.7 40.530369 -3.425547 617.8 4 5 326.6 2.461 0 2 0 
99.98 107.7 40.530590 -3.425748 617.2 4 5 324.1 3.516 0 2 0 
100.99 109.3 40.530807 -3.425956 616.8 4 5 321.7 4.922 0 2 0 
101.98 110.8 40.531010 -3.426181 616.6 4 5 319.9 4.219 0 2 0 
102.99 111.7 40.531216 -3.426424 616.2 4 5 318.2 3.516 0 2 0 
103.98 111.2 40.531414 -3.426673 615.5 4 5 317.1 2.812 0 2 0 
104.98 107.2 40.531605 -3.426919 615.0 4 5 313.9 4.219 0 2 0 
105.98 105.6 40.531792 -3.427171 614.9 4 5 312.5 4.570 0 2 0 
107.04 103.7 40.531963 -3.427423 615.1 4 5 310.4 3.516 0 2 0 
108.01 104.9 40.532120 -3.427680 615.5 4 5 309.4 3.164 0 2 0 
108.98 104.6 40.532284 -3.427953 616.0 4 5 307.3 3.164 0 2 0 
110.00 104.9 40.532452 -3.428228 616.8 4 5 305.9 3.516 0 2 0 
111.03 104.1 40.532597 -3.428510 617.9 4 5 303.4 3.867 0 2 0 
111.99 102.9 40.532730 -3.428795 619.3 4 5 301.3 4.570 0 2 0 
112.98 104.0 40.532852 -3.429085 620.2 4 5 298.1 5.273 0 2 0 
113.99 100.8 40.532967 -3.429373 621.4 4 5 297.8 3.516 0 2 0 
114.98 100.3 40.533077 -3.429663 622.5 4 5 296.0 2.109 0 2 0 
115.98 98.7 40.533180 -3.429963 623.6 4 5 294.3 3.516 0 2 0 
117.07 98.6 40.533283 -3.430249 625.3 4 5 293.2 2.812 0 2 0 
117.98 98.2 40.533371 -3.430536 626.4 4 5 291.1 3.164 0 2 0 
119.06 98.5 40.533451 -3.430835 627.6 4 5 289.3 3.867 0 2 0 
120.00 98.3 40.533524 -3.431136 628.4 4 5 287.6 3.516 0 2 0 
121.01 98.2 40.533588 -3.431442 630.8 4 5 285.5 3.867 0 2 0 
122.00 98.0 40.533646 -3.431757 631.8 4 5 283.7 3.867 0 2 0 
123.00 97.8 40.533699 -3.432069 633.0 4 5 282.7 2.812 0 2 0 
124.06 98.3 40.533749 -3.432377 634.0 4 5 280.5 3.164 0 2 0 
125.01 97.3 40.533783 -3.432682 635.4 4 5 278.8 3.867 0 2 0 
125.99 98.0 40.533806 -3.433000 636.6 4 5 276.7 3.867 0 2 0 
126.99 98.3 40.533836 -3.433317 638.0 4 5 276.0 2.812 1 2 0 
127.99 97.4 40.533855 -3.433635 639.3 6 5 274.2 2.461 1 2 0 
128.99 97.7 40.533875 -3.433960 640.6 6 5 272.8 3.164 1 2 0 
130.00 97.3 40.533890 -3.434283 642.0 6 5 272.1 2.109 0 2 0 
131.02 97.3 40.533886 -3.434599 643.4 4 5 271.1 1.758 0 2 0 
131.99 97.3 40.533890 -3.434916 644.4 4 5 270.7 1.406 0 2 0 
132.99 97.5 40.533901 -3.435247 645.9 4 5 270.0 1.055 0 2 0 
133.99 97.7 40.533886 -3.435552 646.8 6 5 270.0 0.703 0 2 0 
134.98 96.8 40.533886 -3.435871 648.3 6 5 269.6 0.352 0 2 0 
135.99 97.2 40.533882 -3.436174 649.6 6 5 270.0 0.352 0 2 0 
137.00 97.1 40.533875 -3.436505 650.9 6 5 270.0 0.352 0 2 0 
138.00 95.4 40.533882 -3.436825 652.2 6 5 270.4 0.352 0 1 0 
138.99 97.1 40.533878 -3.437145 653.1 6 5 270.4 0.352 0 1 0 
140.00 97.0 40.533875 -3.437456 654.4 6 5 269.6 0.703 0 1 0 
141.00 96.7 40.533878 -3.437778 655.7 6 5 270.0 0.352 0 1 0 
142.00 96.6 40.533875 -3.438094 657.2 6 5 269.6 0.352 0 1 0 
143.01 96.3 40.533886 -3.438409 658.1 6 5 269.6 0.352 0 1 0 
144.00 97.2 40.533878 -3.438729 659.4 6 5 268.9 0.703 0 1 0 
145.03 96.8 40.533867 -3.439047 660.6 6 5 269.3 0.352 0 0 0 
146.00 97.6 40.533867 -3.439368 661.5 6 5 269.3 0.352 0 0 0 
147.08 97.4 40.533863 -3.439669 662.3 6 5 269.3 0 0 0 0 
148.08 99.0 40.533863 -3.439985 663.3 6 5 269.6 0.352 0 0 0 
149.00 99.5 40.533863 -3.440310 664.1 6 5 269.3 0.352 0 0 0 
150.01 100.5 40.533859 -3.440640 664.3 6 5 269.3 0.352 0 0 0 
151.05 102.4 40.533859 -3.440976 665.1 6 5 270.0 0.703 0 0 0 
151.98 103.3 40.533859 -3.441311 665.2 6 5 269.6 0.352 0 0 0 
153.01 104.1 40.533859 -3.441655 665.5 6 5 269.3 0.703 0 0 0 
154.03 105.7 40.533855 -3.442001 665.7 6 5 267.9 1.758 0 0 0 
155.02 104.5 40.533852 -3.442338 665.5 6 5 269.6 1.758 0 0 0 
156.02 102.0 40.533848 -3.442673 665.3 6 5 269.6 1.758 0 0 0 
157.01 103.0 40.533852 -3.443007 664.8 6 5 270.0 0.352 0 0 0 
157.99 104.3 40.533852 -3.443349 664.7 6 5 270.0 0.352 0 0 0 
159.01 104.3 40.533848 -3.443691 664.3 6 5 269.6 0.352 0 0 0 
160.07 103.2 40.533844 -3.444031 663.3 6 5 270.7 1.055 0 0 0 
160.99 102.0 40.533844 -3.444369 662.8 6 5 270.0 0.703 0 0 0 
162.02 101.4 40.533840 -3.444705 661.6 6 5 270.4 0.352 0 0 0 
163.02 101.8 40.533836 -3.445038 661.4 6 5 270.0 0.352 0 0 0 
163.99 104.3 40.533844 -3.445370 660.9 6 5 269.3 1.055 0 0 0 
165.04 104.9 40.533848 -3.445724 660.6 6 5 269.6 0.352 0 0 0 
166.03 106.2 40.533848 -3.446076 660.5 6 5 268.9 0.703 0 0 0 
166.98 106.0 40.533825 -3.446420 659.8 6 5 269.3 0.352 0 0 0 
167.99 105.2 40.533829 -3.446783 658.9 6 5 269.6 0.703 0 0 0 
168.98 103.1 40.533833 -3.447120 658.4 6 5 269.6 0.352 0 0 0 
169.99 100.9 40.533825 -3.447452 657.5 6 5 269.3 0.352 0 0 0 
170.98 102.4 40.533825 -3.447789 657.2 6 5 270.0 0.703 0 0 0 
172.00 103.2 40.533833 -3.448130 656.6 6 5 270.4 1.055 0 0 0 
173.01 103.5 40.533844 -3.448468 656.3 6 5 269.6 0.703 0 0 0 
173.98 103.5 40.533836 -3.448808 655.7 6 5 269.3 1.055 0 0 0 
175.02 102.6 40.533848 -3.449150 655.1 6 5 269.6 0.352 0 0 0 
176.02 103.5 40.533852 -3.449489 654.7 6 5 269.6 0.352 0 0 0 
176.98 104.2 40.533844 -3.449833 654.3 6 5 269.6 0 0 0 0 
177.99 104.8 40.533840 -3.450178 653.8 6 5 269.3 0.352 0 0 0 
178.99 103.5 40.533836 -3.450521 653.1 6 5 269.6 0.352 0 0 0 
179.98 102.2 40.533836 -3.450857 652.6 6 5 269.6 0.352 0 0 0 
180.99 101.6 40.533825 -3.451198 652.0 6 5 269.6 0 1 0 0 
181.99 104.1 40.533813 -3.451534 651.6 6 5 269.3 0.352 1 0 0 
182.99 104.7 40.533806 -3.451875 651.5 6 5 269.6 0.352 1 0 0 
184.04 102.5 40.533810 -3.452208 650.9 6 5 269.6 0.352 0 0 0 
185.03 101.1 40.533806 -3.452547 650.3 6 5 270.0 0.352 0 0 0 
186.04 99.5 40.533806 -3.452874 649.6 6 5 269.6 0.352 0 0 0 
187.03 99.2 40.533810 -3.453202 648.7 6 5 269.6 0.352 0 0 0 
187.99 101.5 40.533802 -3.453536 648.2 6 5 269.6 0 0 0 0 
189.04 103.2 40.533802 -3.453872 648.3 6 5 269.6 0 0 0 0 
189.99 104.8 40.533798 -3.454210 647.6 6 5 269.6 0 0 0 0 
191.02 104.8 40.533791 -3.454557 647.4 6 5 269.6 0 0 0 0 
191.99 102.3 40.533791 -3.454893 646.9 6 5 268.9 0.703 0 0 0 
193.01 102.0 40.533794 -3.455223 646.2 6 5 269.6 0.703 0 0 0 
193.99 100.8 40.533787 -3.455559 645.6 6 5 269.6 0.703 0 0 0 
194.99 99.5 40.533791 -3.455895 644.9 6 5 268.6 1.055 1 0 0 
196.00 99.2 40.533791 -3.456220 644.5 6 5 269.3 0.703 1 0 0 
197.03 101.3 40.533791 -3.456548 644.1 4 5 270.0 1.406 1 0 0 
197.99 102.9 40.533794 -3.456881 643.9 6 5 269.6 0.352 1 1 0 
199.00 105.4 40.533787 -3.457223 644.0 4 5 268.6 1.406 2 1 0 
200.00 104.5 40.533798 -3.457563 644.0 6 5 269.6 1.055 2 1 0 
201.00 102.9 40.533791 -3.457908 643.6 6 5 270.0 1.406 1 1 0 
202.01 101.1 40.533794 -3.458234 643.3 4 5 269.6 0.352 1 1 0 
203.00 98.9 40.533798 -3.458558 643.1 4 5 269.6 0.352 1 1 0 
204.00 97.3 40.533794 -3.458883 642.9 4 5 270.0 0.352 0 1 0 
204.98 94.3 40.533794 -3.459197 643.3 4 5 270.0 0.352 0 1 0 
206.04 92.3 40.533787 -3.459504 643.1 4 5 269.6 0.352 0 1 0 
207.00 90.0 40.533794 -3.459780 643.1 6 5 271.1 1.406 0 1 0 
208.02 87.3 40.533791 -3.460060 643.2 6 5 269.3 1.758 0 1 0 
208.99 86.8 40.533787 -3.460337 643.3 6 5 268.2 2.812 0 1 0 
209.99 88.3 40.533768 -3.460611 643.5 6 5 269.6 1.406 0 1 0 
210.98 89.0 40.533772 -3.460910 644.1 6 5 270.0 1.758 0 1 0 
212.00 87.6 40.533775 -3.461200 644.4 6 5 270.0 0.352 0 1 0 
213.02 87.7 40.533775 -3.461490 644.3 6 5 269.6 0.352 0 1 0 
214.01 88.6 40.533772 -3.461772 645.2 6 5 269.3 0.703 0 1 0 
215.01 89.2 40.533775 -3.462064 645.7 6 5 269.3 0.352 1 2 0 
216.02 87.4 40.533768 -3.462356 646.2 6 5 269.6 0.352 1 2 0 
216.98 86.3 40.533775 -3.462608 646.6 6 5 270.4 1.055 0 2 0 
218.01 87.8 40.533783 -3.462896 647.0 6 5 271.1 1.406 0 2 0 
219.02 87.1 40.533783 -3.463183 647.4 6 5 269.6 1.406 0 2 0 
220.00 84.6 40.533783 -3.463468 647.6 6 5 269.3 1.758 0 2 0 
221.09 84.5 40.533775 -3.463748 648.0 6 5 269.6 0.352 0 2 0 
221.97 85.2 40.533775 -3.464018 648.3 6 5 270.4 1.055 0 2 0 
223.02 83.7 40.533775 -3.464294 648.5 6 5 269.3 1.055 1 2 0 
223.99 84.9 40.533779 -3.464576 649.0 6 5 270.0 0.703 1 2 0 
225.04 84.2 40.533783 -3.464858 650.1 6 5 270.7 1.406 1 2 0 
225.98 83.2 40.533798 -3.465143 650.4 6 5 272.8 2.812 0 2 0 
226.98 83.3 40.533810 -3.465418 650.7 6 5 274.9 4.219 0 2 0 
227.99 84.5 40.533829 -3.465692 650.8 6 5 276.7 3.867 0 2 0 
228.98 85.5 40.533859 -3.465966 651.5 6 5 279.1 4.219 0 2 0 
229.99 86.2 40.533901 -3.466249 651.8 6 5 282.3 5.625 0 2 0 
231.01 86.1 40.533943 -3.466541 652.2 6 5 284.8 5.625 0 2 0 
232.01 85.3 40.534004 -3.466813 652.3 4 5 286.9 4.570 0 2 0 
233.00 85.8 40.534081 -3.467079 652.9 4 5 290.7 5.977 0 2 0 
234.00 84.4 40.534157 -3.467337 653.1 4 5 293.2 6.328 0 2 0 
234.98 83.3 40.534248 -3.467592 653.6 4 5 296.0 5.273 0 2 0 
235.99 86.1 40.534344 -3.467841 654.1 4 5 297.1 3.867 0 2 0 
237.00 84.9 40.534447 -3.468078 654.2 4 5 302.0 5.977 0 2 0 
238.02 85.5 40.534569 -3.468315 654.6 4 5 304.1 7.031 0 2 0 
238.98 84.8 40.534687 -3.468544 655.3 4 5 306.6 4.570 0 2 0 
239.98 84.0 40.534817 -3.468758 655.7 4 5 309.7 5.625 0 2 0 
240.99 84.6 40.534966 -3.468964 656.0 4 5 312.5 5.977 0 2 0 
241.98 84.1 40.535110 -3.469165 656.3 4 5 315.4 5.625 0 2 0 
242.99 82.4 40.535263 -3.469355 657.0 4 5 318.5 5.977 0 2 0 
243.99 81.6 40.535416 -3.469531 657.1 4 5 321.7 6.328 0 2 0 
245.03 83.4 40.535583 -3.469694 657.8 4 5 324.5 5.977 1 2 0 
246.02 84.2 40.535751 -3.469851 658.4 4 5 325.9 4.219 1 2 0 
246.98 85.5 40.535934 -3.470001 659.1 4 5 328.4 3.867 1 2 0 
248.00 85.4 40.536121 -3.470123 659.4 4 5 330.8 4.922 0 2 0 
249.00 87.4 40.536312 -3.470259 660.2 4 5 333.3 4.922 0 2 0 
249.98 88.6 40.536514 -3.470381 661.1 4 5 336.1 5.273 0 2 0 
251.11 88.9 40.536720 -3.470482 661.3 4 5 339.6 6.328 0 2 0 
252.00 89.3 40.536934 -3.470578 661.8 4 5 342.1 5.977 0 3 0 
253.00 89.7 40.537144 -3.470667 662.6 4 5 343.8 4.219 0 2 0 
253.98 89.8 40.537365 -3.470752 662.9 4 5 344.5 2.461 0 3 0 
255.00 89.3 40.537582 -3.470832 663.3 4 5 345.6 1.758 0 2 0 
256.01 88.3 40.537796 -3.470906 663.5 4 5 345.2 0.703 0 2 0 
257.01 89.2 40.538025 -3.470991 664.0 4 5 345.2 0.352 1 2 0 
258.11 89.5 40.538246 -3.471069 664.3 4 5 345.6 0.352 1 2 0 
258.98 88.4 40.538456 -3.471136 664.7 4 5 345.6 0.352 1 2 0 
260.00 88.4 40.538670 -3.471209 665.8 4 5 345.6 0 1 2 0 
261.02 86.1 40.538849 -3.471278 665.6 4 5 345.6 0 1 2 0 
261.98 87.2 40.539062 -3.471351 666.3 4 5 345.6 0 0 2 0 
262.99 89.2 40.539280 -3.471431 666.9 4 5 345.9 0.352 0 2 0 
264.06 89.8 40.539509 -3.471517 667.3 4 5 345.6 0.352 0 2 0 
264.98 89.2 40.539722 -3.471581 667.8 4 5 345.9 0.352 0 2 0 
266.01 88.8 40.539944 -3.471654 667.8 4 5 345.9 0.352 1 2 0 
267.00 87.6 40.540154 -3.471716 668.2 6 5 345.6 0.352 1 2 0 
268.02 85.1 40.540356 -3.471787 668.7 4 5 344.9 1.055 1 2 0 
269.00 84.2 40.540562 -3.471852 668.9 4 5 345.6 0.703 1 2 0 
270.04 82.9 40.540771 -3.471911 669.2 4 5 345.9 1.055 1 2 0 
270.98 82.3 40.540977 -3.471991 670.0 4 5 345.6 0.352 1 3 0 
272.00 82.6 40.541176 -3.472063 670.6 4 5 344.9 1.055 1 3 0 
273.02 81.8 40.541378 -3.472120 671.1 4 5 346.6 1.758 0 3 0 
273.98 82.8 40.541584 -3.472184 671.8 4 5 346.3 1.406 0 3 0 
274.97 83.1 40.541786 -3.472246 672.5 4 5 345.9 0.703 0 3 0 
276.03 83.6 40.541992 -3.472311 673.0 4 5 346.3 0.352 0 3 0 
276.99 84.0 40.542202 -3.472375 673.5 4 5 346.3 0.352 0 2 0 
278.01 82.6 40.542397 -3.472443 674.0 4 5 345.6 0.703 0 2 0 
278.98 82.6 40.542599 -3.472506 674.6 4 5 345.9 0.352 0 2 0 
280.01 81.2 40.542786 -3.472568 675.4 4 5 345.6 0.352 0 2 0 
281.02 81.2 40.542969 -3.472624 676.1 4 5 345.2 0.703 0 2 0 
281.98 79.6 40.543163 -3.472696 676.4 4 5 345.6 0.352 0 2 0 
282.99 79.8 40.543388 -3.472798 677.0 4 5 345.6 0.352 0 2 0 
284.02 80.5 40.543591 -3.472863 677.7 4 5 345.2 0.352 0 2 0 
284.98 81.1 40.543785 -3.472928 678.2 4 5 345.6 0.352 0 2 0 
285.98 81.0 40.543987 -3.472995 679.1 4 5 345.6 0.352 0 2 0 
286.98 79.8 40.544178 -3.473063 680.0 4 5 344.2 1.406 0 2 0 
288.00 81.2 40.544369 -3.473123 680.9 4 5 345.6 1.406 0 2 0 
289.05 82.0 40.544571 -3.473184 681.8 4 5 345.9 1.758 0 2 0 
289.98 82.3 40.544769 -3.473245 682.6 4 5 345.6 0.352 0 2 0 
290.98 83.1 40.544975 -3.473318 683.5 4 5 345.9 0.352 0 2 0 
291.99 88.5 40.545185 -3.473386 684.3 4 5 346.3 0.703 0 2 0 
292.98 85.3 40.545368 -3.473452 684.7 4 5 344.5 1.758 0 2 0 
294.09 84.3 40.545544 -3.473502 685.8 6 5 345.6 1.055 0 2 0 
295.00 82.9 40.545734 -3.473557 686.5 4 5 345.6 1.055 0 2 0 
295.98 81.1 40.545925 -3.473632 687.2 4 5 344.9 0.703 0 2 0 
297.00 80.9 40.546139 -3.473704 687.9 4 5 345.9 1.055 0 2 0 
297.99 80.5 40.546326 -3.473759 688.5 4 5 344.9 1.055 0 2 0 
299.00 81.1 40.546509 -3.473826 689.2 4 5 343.8 2.109 0 2 0 
300.06 81.2 40.546711 -3.473877 690.2 6 5 343.1 1.758 0 2 0 
300.99 82.4 40.546906 -3.473958 691.0 6 5 342.1 1.758 0 2 0 
301.99 83.4 40.547100 -3.474042 691.7 4 5 342.1 1.055 0 2 0 
303.02 84.2 40.547302 -3.474137 692.7 4 5 341.4 0.703 0 2 0 
304.01 85.3 40.547501 -3.474222 693.3 4 5 340.7 1.406 0 2 0 
305.00 86.0 40.547699 -3.474322 694.5 4 5 340.0 1.406 0 2 0 
306.00 86.9 40.547897 -3.474428 695.1 4 5 338.6 2.109 0 2 0 
307.01 87.3 40.548103 -3.474536 696.0 4 5 337.9 2.109 0 2 0 
308.00 88.3 40.548306 -3.474650 696.7 3 5 336.8 1.758 0 1 0 
309.00 89.0 40.548504 -3.474761 697.5 3 5 336.1 1.758 0 1 0 
309.99 90.0 40.548710 -3.474884 698.3 3 5 334.7 2.109 0 1 0 
310.99 91.8 40.548912 -3.475012 699.1 3 5 333.3 2.812 0 1 0 
312.04 90.4 40.549110 -3.475144 699.8 3 5 332.6 2.109 0 1 0 
313.01 88.6 40.549309 -3.475279 700.3 3 5 331.5 1.758 0 1 0 
314.00 89.5 40.549507 -3.475420 701.2 3 5 331.2 1.406 0 1 0 
315.00 89.6 40.549702 -3.475561 701.9 3 5 329.4 2.109 0 1 0 
316.03 89.5 40.549892 -3.475712 702.7 3 5 328.4 2.812 0 1 0 
317.00 85.2 40.550072 -3.475861 703.6 3 5 326.6 2.812 0 1 0 
318.00 85.9 40.550251 -3.476015 704.2 3 5 326.6 1.758 1 1 0 
318.98 84.6 40.550434 -3.476174 704.7 4 5 325.9 0.703 1 1 0 
319.98 84.1 40.550613 -3.476337 705.5 4 5 325.2 1.406 0 1 0 
321.01 84.7 40.550789 -3.476504 706.3 4 5 324.1 1.758 0 1 0 
322.00 85.1 40.550964 -3.476674 707.2 4 5 322.7 2.461 0 1 0 
323.05 85.4 40.551147 -3.476850 708.1 6 5 321.7 2.461 0 1 0 
324.01 86.3 40.551315 -3.477027 709.1 6 5 320.6 2.109 0 1 0 
325.00 86.8 40.551487 -3.477207 709.7 6 5 319.9 1.758 0 1 0 
326.11 89.4 40.551647 -3.477392 710.5 6 5 319.6 1.055 0 1 0 
326.98 89.2 40.551811 -3.477591 711.2 6 5 318.2 1.758 0 1 0 
327.98 88.7 40.551983 -3.477797 712.0 6 5 316.4 3.164 0 1 0 
328.98 88.2 40.552139 -3.477999 713.0 6 5 315.7 2.461 0 0 0 
329.99 88.9 40.552303 -3.478208 713.7 4 5 315.0 1.406 0 0 0 
330.97 88.9 40.552460 -3.478415 714.7 4 5 313.9 1.758 0 0 0 
331.99 89.4 40.552620 -3.478631 715.8 4 5 313.2 1.758 0 0 0 
333.01 89.2 40.552780 -3.478843 716.3 6 5 313.2 0.703 1 0 0 
333.98 84.4 40.552910 -3.479050 716.8 6 5 310.8 2.461 0 0 0 
334.98 82.6 40.553036 -3.479265 717.5 4 5 310.1 3.164 0 0 0 
335.98 83.7 40.553162 -3.479474 718.1 4 5 309.4 1.406 0 0 0 
337.02 84.6 40.553295 -3.479694 718.7 4 5 308.7 1.406 0 0 0 
338.04 85.0 40.553425 -3.479923 719.5 4 5 307.3 2.109 0 0 0 
338.98 86.1 40.553547 -3.480149 720.3 4 5 306.6 2.109 0 0 0 
339.99 87.4 40.553665 -3.480376 721.0 4 5 304.8 2.461 0 0 0 
340.98 88.2 40.553783 -3.480615 721.6 4 5 304.1 2.461 0 0 0 
342.01 89.0 40.553913 -3.480854 722.2 4 5 303.4 1.406 0 0 0 
342.98 90.4 40.554035 -3.481107 722.6 4 5 301.6 2.461 0 0 0 
343.98 91.5 40.554157 -3.481358 723.1 4 5 301.3 2.109 0 0 0 
344.97 92.2 40.554276 -3.481610 723.6 4 5 300.2 1.406 0 0 0 
345.98 92.8 40.554390 -3.481870 724.8 4 5 299.2 2.109 0 0 0 
347.00 94.3 40.554508 -3.482148 724.7 4 5 297.4 2.812 1 0 0 
347.99 95.0 40.554607 -3.482422 725.4 4 5 296.0 3.164 2 0 0 
348.98 96.7 40.554710 -3.482711 726.0 4 5 295.0 2.461 2 0 0 
349.98 98.1 40.554829 -3.483009 726.4 4 5 294.3 1.758 0 1 0 
350.98 98.5 40.554932 -3.483303 726.9 4 5 293.2 1.758 0 1 0 
351.99 100.7 40.555031 -3.483603 727.7 4 5 292.5 1.758 0 1 0 
352.99 102.6 40.555126 -3.483912 727.8 4 5 291.8 1.406 0 1 0 
354.00 101.4 40.555222 -3.484227 728.2 4 5 290.4 2.109 0 1 0 
355.00 97.8 40.555309 -3.484531 727.8 4 5 289.7 2.109 0 1 0 
355.99 95.8 40.555386 -3.484829 728.0 4 5 287.9 2.461 0 1 0 
357.03 95.7 40.555462 -3.485131 728.3 4 5 287.2 2.461 0 1 0 
357.99 97.2 40.555527 -3.485431 728.7 4 5 285.8 2.109 0 1 0 
359.00 97.1 40.555588 -3.485739 728.8 4 5 284.8 2.461 0 1 0 
359.99 95.9 40.555645 -3.486049 729.9 4 5 282.7 3.164 0 1 0 
360.99 92.6 40.555695 -3.486354 729.9 4 5 282.3 2.461 1 1 0 
361.98 90.5 40.555740 -3.486634 730.1 4 5 281.6 1.055 1 1 0 
363.04 91.0 40.555775 -3.486921 730.3 4 5 280.9 1.406 0 1 0 
364.04 92.4 40.555809 -3.487212 730.3 4 5 279.8 1.758 0 1 0 
364.99 92.7 40.555840 -3.487508 730.5 4 5 277.7 3.164 0 1 0 
365.97 92.2 40.555866 -3.487809 731.1 4 5 277.0 2.812 0 1 0 
367.11 90.3 40.555893 -3.488103 731.1 4 5 276.0 1.758 0 1 0 
367.98 88.8 40.555912 -3.488395 731.1 4 5 274.9 2.109 0 1 0 
369.00 86.9 40.555935 -3.488684 731.1 4 5 273.2 2.812 0 1 0 
370.00 88.4 40.555946 -3.488973 731.4 4 5 272.1 2.812 0 1 0 
371.01 90.5 40.555946 -3.489270 731.5 4 5 269.6 3.516 0 1 0 
371.97 91.0 40.555946 -3.489572 732.4 4 5 268.9 3.164 0 1 0 
372.98 90.2 40.555931 -3.489876 732.7 4 5 265.4 4.219 0 1 0 
373.99 89.1 40.555923 -3.490166 732.7 4 5 263.0 5.977 0 1 0 
375.03 88.7 40.555897 -3.490455 733.3 4 5 262.3 3.164 0 1 0 
376.10 88.0 40.555862 -3.490736 733.2 4 5 259.5 3.516 0 1 0 
376.98 88.8 40.555805 -3.491018 733.5 4 5 257.3 4.922 0 1 0 
378.00 89.6 40.555748 -3.491305 733.6 3 5 255.9 3.516 0 1 0 
379.00 90.5 40.555683 -3.491574 733.7 4 5 253.5 3.867 1 1 0 
380.00 89.0 40.555607 -3.491841 733.5 3 5 251.7 4.219 1 1 0 
380.97 89.0 40.555531 -3.492120 733.4 3 5 249.6 3.867 0 1 0 
381.99 88.5 40.555447 -3.492392 733.6 4 5 247.5 4.219 0 1 0 
382.98 87.2 40.555355 -3.492656 733.8 4 5 245.7 3.867 0 1 0 
384.13 89.0 40.555271 -3.492905 734.0 4 5 244.0 3.516 0 1 0 
384.98 88.9 40.555164 -3.493164 734.2 4 5 242.9 2.812 0 1 0 
386.15 88.3 40.555065 -3.493420 733.9 3 5 242.2 1.758 0 1 0 
386.99 86.9 40.554958 -3.493670 734.1 3 5 242.2 0.703 1 1 0 
387.97 86.7 40.554867 -3.493928 734.5 3 5 243.3 1.055 0 1 0 
389.11 88.5 40.554760 -3.494188 734.4 3 5 244.3 2.109 1 1 0 
390.04 89.4 40.554665 -3.494455 734.8 3 5 245.7 2.461 1 1 0 
390.99 88.2 40.554585 -3.494728 735.1 4 5 248.9 4.570 1 1 0 
392.02 90.1 40.554508 -3.495008 735.2 4 5 251.4 5.625 0 1 0 
393.03 90.5 40.554451 -3.495284 735.5 3 5 253.5 4.570 0 1 0 
393.98 89.8 40.554394 -3.495565 735.4 3 5 256.3 4.922 0 1 0 
394.98 85.7 40.554348 -3.495842 735.9 4 5 258.8 5.273 0 1 0 
396.00 85.0 40.554310 -3.496121 736.0 4 5 260.9 4.570 0 1 0 
397.01 86.3 40.554276 -3.496403 736.2 4 5 262.3 3.516 0 1 0 
398.08 88.1 40.554253 -3.496682 736.2 4 5 265.4 4.570 0 1 0 
398.98 88.4 40.554237 -3.496952 736.6 4 5 267.5 5.273 0 1 0 
400.02 87.1 40.554237 -3.497243 736.7 4 5 270.4 4.922 0 1 0 
401.00 85.1 40.554249 -3.497532 736.8 6 5 272.1 4.570 0 1 0 
402.01 82.3 40.554264 -3.497800 737.2 6 5 274.2 3.867 0 1 0 
403.01 85.1 40.554283 -3.498072 737.2 4 5 277.0 4.922 0 1 0 
403.98 86.6 40.554325 -3.498350 737.4 4 5 279.5 5.273 0 1 0 
404.99 85.5 40.554363 -3.498625 737.1 4 5 281.2 4.219 0 1 0 
406.03 83.8 40.554398 -3.498901 736.8 4 5 283.4 3.867 1 1 0 
407.00 81.7 40.554459 -3.499173 736.7 4 5 286.2 4.922 1 1 0 
408.10 80.4 40.554520 -3.499428 736.4 4 5 286.9 3.516 0 1 0 
409.01 78.7 40.554581 -3.499673 736.3 4 5 287.9 1.758 0 1 0 
409.99 79.7 40.554634 -3.499929 735.4 3 5 286.5 1.406 0 1 0 
411.02 80.5 40.554691 -3.500184 735.0 4 5 286.9 1.055 1 1 0 
411.99 81.8 40.554760 -3.500437 734.6 4 5 290.0 3.516 0 1 0 
413.13 82.2 40.554848 -3.500699 734.1 4 5 295.3 8.438 0 1 0 
413.99 83.4 40.554943 -3.500943 733.3 4 5 298.8 8.789 0 1 0 
414.98 82.7 40.555046 -3.501176 732.6 4 5 301.6 6.328 0 1 0 
416.01 84.1 40.555168 -3.501405 731.7 4 5 304.8 5.977 0 1 0 
417.01 85.0 40.555294 -3.501636 730.9 4 5 305.9 4.219 0 1 0 
418.00 86.0 40.555424 -3.501869 729.7 4 5 305.2 0.703 0 1 0 
418.99 88.0 40.555546 -3.502109 729.2 4 5 304.8 1.055 0 1 0 
420.05 90.0 40.555672 -3.502352 728.3 4 5 303.8 1.406 0 1 0 
420.99 89.8 40.555790 -3.502592 727.3 4 5 302.3 2.461 0 1 0 
421.98 89.5 40.555904 -3.502843 726.0 3 5 300.6 3.164 0 1 0 
423.05 88.9 40.556019 -3.503100 724.7 3 5 298.1 4.219 0 1 0 
423.98 89.2 40.556122 -3.503364 723.0 3 5 296.7 3.867 0 1 0 
425.00 88.7 40.556206 -3.503627 722.2 3 5 294.6 3.516 0 1 0 
425.99 88.9 40.556297 -3.503898 721.0 3 5 292.9 3.867 0 1 0 
426.99 88.7 40.556381 -3.504173 719.6 3 5 290.7 3.867 0 1 0 
428.15 88.2 40.556458 -3.504452 718.8 3 5 289.0 3.867 0 1 0 
429.00 88.9 40.556526 -3.504729 717.5 3 5 287.6 3.164 0 1 0 
429.99 88.2 40.556591 -3.505007 716.4 3 5 285.1 3.867 0 1 0 
431.06 90.0 40.556641 -3.505290 715.8 3 5 283.0 4.570 0 1 0 
432.01 93.2 40.556686 -3.505591 714.2 4 5 281.6 3.516 0 1 0 
433.00 92.7 40.556728 -3.505893 713.6 4 5 279.5 3.516 0 1 0 
434.06 94.0 40.556755 -3.506197 712.1 4 5 277.0 4.570 0 1 0 
435.00 91.9 40.556782 -3.506501 711.0 4 5 275.6 3.867 0 1 0 
435.97 91.6 40.556789 -3.506764 709.4 6 5 273.5 3.516 0 1 0 
436.98 91.7 40.556797 -3.507058 708.1 6 5 271.8 3.867 0 1 0 
438.00 91.7 40.556812 -3.507360 707.1 6 5 269.3 4.219 0 1 0 
438.98 91.5 40.556805 -3.507659 705.6 6 5 269.3 2.461 0 1 0 
439.99 87.6 40.556797 -3.507951 703.9 6 5 267.5 1.758 0 1 0 
440.97 87.1 40.556786 -3.508237 703.1 6 5 267.9 1.406 0 0 0 
442.02 88.1 40.556770 -3.508519 702.2 6 5 266.8 1.055 0 0 0 
442.99 90.9 40.556755 -3.508809 701.3 6 5 268.6 1.758 0 0 0 
444.00 90.8 40.556759 -3.509108 700.0 6 5 271.8 4.922 0 0 0 
444.98 89.7 40.556767 -3.509403 698.8 6 5 272.8 4.219 0 0 0 
445.98 88.8 40.556793 -3.509701 697.5 6 5 273.9 2.109 0 0 0 
447.00 88.8 40.556812 -3.509995 696.3 6 5 276.3 3.516 0 0 0 
447.98 88.7 40.556839 -3.510279 694.7 6 5 278.4 4.570 0 0 0 
449.00 88.7 40.556881 -3.510568 694.1 4 5 280.9 4.570 0 0 0 
449.98 90.5 40.556927 -3.510851 692.7 4 5 283.7 5.273 0 0 0 
451.01 89.8 40.556984 -3.511136 691.9 4 5 285.1 4.219 0 0 0 
451.98 89.9 40.557045 -3.511421 690.5 4 5 287.6 3.867 0 0 0 
452.98 89.8 40.557121 -3.511703 689.3 4 5 289.3 4.219 0 0 0 
454.04 92.1 40.557201 -3.511981 688.2 4 5 292.5 4.922 0 0 0 
455.05 89.1 40.557285 -3.512249 687.2 4 5 293.9 4.570 0 0 0 
455.99 89.2 40.557381 -3.512512 685.9 4 5 296.0 3.516 0 0 0 
456.98 88.8 40.557484 -3.512769 685.1 4 5 298.1 4.219 0 0 0 
457.97 88.7 40.557594 -3.513018 684.2 4 5 300.2 4.219 0 0 0 
458.99 88.2 40.557701 -3.513264 683.1 3 5 301.6 3.516 0 0 0 
459.99 87.8 40.557819 -3.513482 682.0 4 5 303.4 3.164 0 0 0 
461.00 88.5 40.557945 -3.513713 680.9 4 5 306.6 4.922 0 0 0 
461.99 88.4 40.558079 -3.513936 680.0 4 5 309.0 5.625 0 0 0 
463.00 88.4 40.558220 -3.514155 678.7 3 5 311.5 4.922 0 0 0 
463.98 88.2 40.558372 -3.514376 677.9 3 5 313.2 4.219 0 0 0 
465.02 88.8 40.558537 -3.514583 676.9 4 5 314.3 2.812 0 0 0 
466.02 87.7 40.558704 -3.514788 675.9 4 5 317.8 4.570 0 0 0 
467.00 89.5 40.558880 -3.514976 675.4 4 5 319.6 5.273 0 0 0 
467.99 90.4 40.559052 -3.515167 674.6 3 5 321.7 3.867 0 0 0 
468.98 90.2 40.559235 -3.515347 673.7 3 5 324.1 4.570 0 0 0 
469.98 90.2 40.559418 -3.515520 672.8 3 5 324.1 2.461 0 0 0 
471.18 89.4 40.559608 -3.515669 672.1 3 5 327.7 3.516 0 0 0 
472.00 87.4 40.559799 -3.515819 671.3 3 5 330.8 6.680 0 0 0 
472.99 88.3 40.559998 -3.515961 670.8 3 5 332.9 5.273 0 0 0 
474.00 88.6 40.560200 -3.516086 670.4 4 5 334.7 3.867 0 0 0 
474.99 85.8 40.560398 -3.516196 669.4 4 5 336.8 3.867 0 0 0 
476.00 85.8 40.560608 -3.516316 669.1 4 5 338.9 4.219 0 0 0 
476.99 85.7 40.560806 -3.516415 668.3 6 5 339.6 2.812 0 0 0 
478.03 87.2 40.561008 -3.516495 667.8 4 5 343.8 4.922 0 0 0 
479.06 86.7 40.561214 -3.516574 667.1 6 5 345.2 5.625 0 0 0 
480.00 84.8 40.561420 -3.516633 667.4 6 5 348.0 4.219 0 0 0 
481.08 79.9 40.561626 -3.516688 665.7 4 5 349.5 4.219 0 0 0 
482.11 77.6 40.561821 -3.516724 664.5 4 5 351.6 3.516 0 0 0 
482.99 78.6 40.562019 -3.516762 664.2 3 5 352.3 2.812 0 0 0 
483.99 81.6 40.562222 -3.516795 663.8 3 5 353.3 1.758 0 0 0 
484.98 83.0 40.562431 -3.516826 663.1 4 5 354.4 2.109 0 0 0 
485.98 82.8 40.562637 -3.516847 662.6 4 5 354.4 1.055 0 0 0 
486.99 82.9 40.562843 -3.516870 661.9 4 5 354.0 0.352 0 0 0 
488.00 84.3 40.563057 -3.516897 660.9 4 5 353.7 0.703 0 0 0 
488.99 84.7 40.563271 -3.516930 660.4 4 5 353.3 0.703 0 0 0 
490.03 84.0 40.563477 -3.516966 659.6 4 5 352.6 1.055 0 0 0 
491.00 86.4 40.563690 -3.517003 659.2 4 5 351.6 1.758 0 0 0 
491.99 88.1 40.563908 -3.517047 658.5 4 5 350.5 2.109 0 0 0 
492.98 87.4 40.564121 -3.517096 657.6 4 5 349.1 2.461 0 0 0 
494.00 87.1 40.564339 -3.517160 657.0 4 5 348.0 2.461 0 0 0 
494.98 86.0 40.564541 -3.517218 656.2 3 5 347.0 2.109 0 0 0 
495.98 85.4 40.564758 -3.517288 655.4 4 5 345.9 2.109 0 0 0 
497.00 85.0 40.564960 -3.517357 655.2 3 5 344.5 2.461 0 0 0 
498.00 87.2 40.565170 -3.517433 654.7 3 5 343.5 2.461 0 0 0 
498.99 89.0 40.565376 -3.517504 654.4 3 5 342.8 1.758 0 0 0 
500.00 90.8 40.565586 -3.517593 654.1 3 5 341.7 1.758 0 0 0 
501.01 89.3 40.565796 -3.517694 653.7 3 5 340.3 2.461 0 0 0 
501.99 89.3 40.566006 -3.517805 653.4 4 5 338.9 2.812 0 0 0 
502.99 86.6 40.566208 -3.517911 652.9 4 5 337.9 2.461 0 0 0 
504.01 86.1 40.566406 -3.518027 652.7 3 5 336.8 2.109 0 0 0 
504.98 87.4 40.566608 -3.518142 652.3 3 5 335.7 2.109 0 0 0 
505.98 89.8 40.566807 -3.518265 652.7 3 5 334.7 2.109 0 0 0 
506.98 88.2 40.567005 -3.518392 652.5 3 5 333.6 2.109 0 0 0 
508.03 86.1 40.567200 -3.518515 652.4 3 5 332.6 2.109 0 0 0 
508.97 85.5 40.567387 -3.518649 652.5 3 5 331.5 2.109 0 0 0 
509.99 87.9 40.567577 -3.518786 652.9 3 5 330.5 2.109 0 0 0 
511.06 86.3 40.567764 -3.518924 653.2 3 5 329.1 2.461 0 0 0 
512.07 83.4 40.567940 -3.519070 653.3 3 5 327.3 3.164 0 0 0 
513.00 87.7 40.568127 -3.519225 653.8 3 5 326.6 2.461 0 0 0 
514.10 89.5 40.568310 -3.519384 654.4 3 5 325.5 1.758 0 0 0 
515.03 91.2 40.568481 -3.519551 654.6 3 5 325.2 1.406 0 0 0 
515.98 89.7 40.568661 -3.519724 654.7 3 5 323.4 2.109 0 0 0 
516.99 87.4 40.568832 -3.519903 655.0 3 5 322.4 2.812 0 0 0 
517.97 85.4 40.569008 -3.520073 654.9 4 5 321.3 2.109 0 0 0 
518.98 86.5 40.569176 -3.520252 655.2 4 5 320.3 2.109 0 0 0 
520.00 88.1 40.569351 -3.520445 655.6 4 5 319.2 2.109 0 0 0 
520.99 89.6 40.569519 -3.520641 656.2 4 5 318.2 2.109 0 0 0 
522.01 89.1 40.569679 -3.520843 656.5 4 5 316.4 2.812 1 0 0 
522.98 86.9 40.569836 -3.521040 656.7 4 5 315.7 2.461 1 0 0 
523.99 86.4 40.569988 -3.521248 656.9 4 5 314.3 2.109 1 0 0 
524.99 88.3 40.570133 -3.521451 657.2 4 5 314.6 1.055 0 0 0 
525.98 88.1 40.570290 -3.521662 657.8 4 5 313.6 1.055 0 0 0 
526.99 85.9 40.570438 -3.521874 658.0 4 5 311.5 3.164 0 0 0 
527.99 87.3 40.570580 -3.522090 659.0 4 5 310.1 3.516 0 0 0 
529.00 87.2 40.570717 -3.522308 659.1 3 5 308.7 2.812 0 0 0 
529.99 86.6 40.570847 -3.522532 659.5 3 5 307.6 2.461 1 0 0 
531.00 87.6 40.570972 -3.522760 659.8 3 5 306.2 2.461 0 0 0 
532.00 90.6 40.571106 -3.523001 660.2 4 5 305.2 2.461 0 0 0 
533.01 89.1 40.571228 -3.523242 660.2 3 5 304.1 2.109 1 0 0 
534.01 87.5 40.571350 -3.523488 660.2 3 5 303.0 2.109 1 1 0 
535.14 89.2 40.571465 -3.523730 660.2 3 5 302.0 2.109 1 1 0 
535.98 89.4 40.571587 -3.523981 659.9 3 5 300.6 2.461 1 1 0 
537.01 90.5 40.571701 -3.524233 660.0 3 5 299.5 2.461 1 1 0 
538.00 90.0 40.571819 -3.524501 659.6 3 5 298.8 1.758 1 1 0 
539.01 91.2 40.571930 -3.524766 658.8 3 5 297.8 1.758 1 1 0 
539.99 91.7 40.572029 -3.525039 658.6 3 5 296.0 2.812 1 2 0 
541.14 90.8 40.572128 -3.525308 657.9 4 5 295.0 2.812 1 2 0 
542.00 90.6 40.572224 -3.525579 657.1 4 5 294.3 1.758 1 2 0 
543.03 92.7 40.572315 -3.525855 656.8 4 5 293.6 1.406 0 2 0 
544.00 90.7 40.572411 -3.526138 656.0 3 5 292.1 2.109 1 2 0 
544.99 91.2 40.572495 -3.526413 655.5 3 5 291.8 1.758 1 2 0 
546.06 90.2 40.572578 -3.526695 654.7 3 5 291.1 1.055 0 2 0 
546.99 89.2 40.572659 -3.526970 653.8 3 5 291.4 0.352 0 2 0 
548.11 88.0 40.572739 -3.527242 653.1 3 5 290.7 0.703 0 2 0 
549.04 87.7 40.572815 -3.527515 652.5 3 5 290.7 0.703 1 3 0 
549.98 88.2 40.572899 -3.527781 652.1 3 5 291.4 0.703 1 3 0 
551.01 90.3 40.572983 -3.528059 651.6 4 5 291.4 0.703 0 3 0 
552.03 88.5 40.573067 -3.528327 651.2 4 5 291.4 0 1 3 0 
553.05 87.7 40.573147 -3.528595 650.4 4 5 291.8 0.352 1 3 0 
553.99 87.3 40.573227 -3.528860 649.8 4 5 293.2 1.758 1 3 0 
554.99 89.4 40.573315 -3.529125 649.5 4 5 293.9 2.109 1 3 0 
555.99 86.9 40.573399 -3.529391 649.1 4 5 293.6 0.352 1 4 0 
557.01 87.6 40.573483 -3.529648 648.1 4 5 295.0 1.406 1 4 0 
557.99 90.2 40.573582 -3.529914 647.6 4 5 296.0 2.461 1 4 0 
559.08 90.9 40.573681 -3.530181 647.2 3 5 297.1 2.109 1 4 0 
559.98 92.1 40.573788 -3.530458 646.6 3 5 297.1 1.055 2 4 0 
560.98 91.4 40.573910 -3.530728 645.9 3 5 298.5 1.406 2 4 0 
561.99 90.5 40.574020 -3.530971 645.3 3 5 298.8 1.758 1 5 1 
563.01 89.4 40.574135 -3.531224 644.8 3 5 300.2 1.758 1 5 1 
563.99 88.5 40.574245 -3.531471 643.7 3 5 301.3 2.461 0 5 1 
565.02 87.4 40.574356 -3.531720 643.2 3 5 301.3 1.055 0 5 1 
566.05 86.9 40.574478 -3.531954 642.5 3 5 302.0 0.703 0 5 1 
566.98 89.4 40.574596 -3.532197 641.9 3 5 302.7 1.406 0 5 1 
567.99 90.5 40.574715 -3.532445 641.5 3 5 303.0 1.055 0 5 1 
569.07 89.4 40.574837 -3.532690 641.0 3 5 304.8 2.109 0 5 1 
570.02 88.6 40.574955 -3.532931 639.9 3 5 303.8 1.055 0 5 1 
570.98 87.8 40.575077 -3.533177 639.5 3 5 303.0 1.758 0 5 1 
571.98 87.4 40.575195 -3.533421 638.7 3 5 302.3 1.406 0 5 1 
572.99 89.1 40.575310 -3.533660 638.4 3 5 302.3 0.703 0 5 1 
574.04 90.4 40.575428 -3.533913 637.9 3 5 302.0 0.352 0 5 1 
575.05 89.6 40.575546 -3.534166 637.1 3 5 301.6 0.703 0 5 1 
575.99 89.2 40.575661 -3.534415 636.6 3 5 300.6 1.406 0 5 1 
576.98 88.0 40.575760 -3.534662 636.1 3 5 299.9 1.758 1 5 1 
578.00 89.6 40.575874 -3.534917 635.5 3 5 299.9 0.703 1 5 1 
579.00 89.7 40.575985 -3.535177 635.0 3 5 298.5 1.406 0 5 1 
580.13 89.0 40.576096 -3.535441 634.0 3 5 297.4 2.461 0 5 1 
580.99 88.5 40.576202 -3.535701 633.4 3 5 296.4 2.109 0 5 1 
582.01 88.5 40.576302 -3.535961 632.8 3 5 295.3 2.109 0 5 1 
582.98 87.5 40.576393 -3.536218 632.5 3 5 295.0 1.406 0 5 1 
584.02 85.7 40.576481 -3.536472 631.9 3 5 295.0 0.352 0 5 1 
585.02 86.2 40.576576 -3.536729 631.5 3 5 294.6 0.352 0 5 1 
585.98 87.9 40.576664 -3.536994 631.5 3 5 293.6 1.406 0 5 1 
587.04 88.2 40.576756 -3.537255 631.6 3 5 293.6 1.055 0 5 1 
588.00 88.7 40.576843 -3.537519 631.3 3 5 293.6 0 0 5 1 
589.10 87.8 40.576931 -3.537784 631.2 3 5 295.0 1.406 0 5 1 
590.00 86.7 40.577026 -3.538044 630.5 3 5 294.6 1.055 0 5 1 
590.98 88.5 40.577114 -3.538311 630.4 4 5 294.6 0.352 0 5 1 
592.00 90.6 40.577206 -3.538581 630.6 3 5 295.0 0.352 0 5 1 
592.97 90.8 40.577297 -3.538857 630.3 3 5 295.0 0.352 0 4 0 
594.00 88.1 40.577396 -3.539125 629.7 3 5 295.7 0.703 0 4 0 
594.99 87.9 40.577488 -3.539385 629.2 3 5 296.0 1.055 0 4 0 
596.00 86.7 40.577587 -3.539642 629.2 3 5 297.1 1.406 0 4 0 
596.99 84.7 40.577694 -3.539890 628.9 3 5 298.1 2.109 0 4 0 
598.00 84.2 40.577793 -3.540133 628.6 3 5 298.1 1.055 0 4 0 
599.02 86.0 40.577892 -3.540366 628.2 3 5 298.1 0 0 3 0 
599.99 87.0 40.577995 -3.540616 628.5 3 5 298.8 0.703 0 3 0 
600.98 85.7 40.578102 -3.540859 628.1 3 5 300.2 2.109 0 3 0 
602.00 85.0 40.578209 -3.541103 627.9 3 5 301.3 2.461 0 3 0 
602.98 85.3 40.578308 -3.541341 627.7 3 5 301.3 1.055 0 3 0 
603.97 87.6 40.578426 -3.541580 627.6 3 5 301.6 0.352 1 3 0 
605.00 88.6 40.578556 -3.541835 627.6 3 5 303.4 2.109 0 3 0 
606.00 86.2 40.578686 -3.542082 627.0 3 5 303.8 2.109 0 2 0 
606.98 87.2 40.578812 -3.542328 626.6 3 5 304.1 0.703 1 3 0 
608.00 86.8 40.578926 -3.542553 626.3 3 5 305.2 1.406 0 3 0 
608.98 87.6 40.579067 -3.542767 626.1 4 5 306.6 2.461 0 3 0 
610.00 87.8 40.579201 -3.543004 626.0 3 5 306.2 1.055 0 2 0 
610.99 86.9 40.579334 -3.543230 625.9 3 5 306.9 0.703 0 2 0 
612.07 85.8 40.579464 -3.543462 625.4 3 5 307.6 1.406 1 2 0 
613.01 86.4 40.579594 -3.543685 625.0 3 5 308.3 1.406 0 2 0 
614.05 85.6 40.579735 -3.543911 624.7 3 5 309.0 1.406 0 2 0 
614.98 85.9 40.579872 -3.544124 624.0 3 5 309.4 1.055 1 2 0 
615.99 84.6 40.580009 -3.544335 623.8 3 5 310.4 1.406 1 2 0 
616.99 83.8 40.580151 -3.544545 623.2 3 5 311.8 2.461 0 2 0 
617.98 86.0 40.580296 -3.544749 623.1 3 5 311.5 1.055 1 2 0 
618.99 86.4 40.580433 -3.544955 622.6 3 5 311.5 0.352 2 2 0 
620.07 86.1 40.580578 -3.545161 622.0 3 5 312.5 1.055 2 2 0 
621.13 88.5 40.580730 -3.545369 621.6 3 5 315.0 3.516 0 2 0 
621.98 90.3 40.580883 -3.545571 621.2 3 5 314.6 2.109 0 1 0 
623.03 91.7 40.581036 -3.545783 620.7 4 5 313.9 1.055 0 1 0 
624.05 90.3 40.581196 -3.545986 620.1 3 5 314.6 0.703 0 1 0 
624.99 90.1 40.581364 -3.546199 619.4 3 5 314.6 0.703 0 1 0 
625.98 90.8 40.581520 -3.546408 619.2 3 5 315.0 0.352 0 1 0 
626.98 89.0 40.581669 -3.546619 618.6 3 5 315.0 0.352 0 1 0 
628.03 85.6 40.581825 -3.546823 618.0 3 5 315.0 0 0 1 0 
629.08 84.4 40.581974 -3.547018 617.6 3 5 314.6 0.352 0 1 0 
630.06 84.3 40.582119 -3.547215 617.3 3 5 314.3 0.703 0 1 0 
630.99 86.4 40.582264 -3.547420 617.3 3 5 313.2 1.406 0 1 0 
631.98 86.7 40.582413 -3.547631 617.2 3 5 312.2 2.109 0 1 0 
633.03 85.8 40.582554 -3.547840 616.6 3 5 310.4 2.812 0 1 0 
634.01 83.7 40.582691 -3.548059 615.9 3 5 309.7 2.461 0 1 0 
634.97 82.0 40.582817 -3.548263 615.6 3 5 308.3 2.109 0 1 0 
636.13 81.1 40.582943 -3.548480 615.6 3 5 305.9 3.867 0 1 0 
636.99 82.1 40.583057 -3.548704 615.5 3 5 304.8 3.516 0 1 0 
637.99 85.6 40.583179 -3.548940 615.8 3 5 303.4 2.461 0 1 0 
639.01 84.7 40.583309 -3.549185 615.4 4 5 301.3 3.516 0 1 0 
640.01 83.7 40.583416 -3.549422 614.9 4 5 300.6 2.812 0 1 0 
641.16 83.4 40.583515 -3.549655 614.7 4 5 299.2 2.109 0 1 0 
642.00 84.9 40.583611 -3.549900 614.8 4 5 297.8 2.812 0 1 0 
642.98 83.7 40.583702 -3.550147 614.7 4 5 296.0 3.164 0 1 0 
644.00 84.1 40.583786 -3.550406 614.3 4 5 294.3 3.516 0 1 0 
645.10 82.2 40.583858 -3.550658 613.9 4 5 292.9 3.164 0 1 0 
646.01 82.0 40.583935 -3.550911 613.7 4 5 291.4 2.812 0 1 0 
647.06 83.9 40.584007 -3.551159 613.6 3 5 290.0 2.812 0 1 0 
647.98 83.2 40.584080 -3.551416 613.4 4 5 288.6 2.812 0 1 0 
649.06 81.8 40.584145 -3.551668 612.9 3 5 287.2 2.812 0 1 0 
649.98 80.1 40.584190 -3.551930 612.7 3 5 285.5 3.164 0 1 0 
650.99 79.3 40.584244 -3.552182 612.5 3 5 284.1 3.164 0 1 0 
652.01 77.8 40.584293 -3.552428 611.9 3 5 283.0 2.461 0 1 0 
652.99 75.1 40.584328 -3.552671 611.9 3 5 281.6 2.461 0 1 0 
653.98 68.7 40.584362 -3.552901 611.0 3 5 280.5 2.461 0 1 0 
654.98 67.8 40.584393 -3.553127 610.9 3 5 279.1 2.461 0 1 0 
656.00 62.9 40.584419 -3.553341 610.3 3 5 278.4 2.109 0 1 0 
656.98 61.3 40.584446 -3.553545 610.3 3 5 278.4 0.703 0 1 0 
658.06 58.2 40.584465 -3.553742 609.9 3 5 278.4 0 0 1 0 
658.99 54.6 40.584488 -3.553923 609.6 3 5 279.5 1.055 0 1 0 
660.00 53.5 40.584511 -3.554096 609.9 3 5 278.4 1.055 0 1 0 
660.97 50.1 40.584522 -3.554249 609.7 3 5 279.1 0.703 0 1 0 
661.97 47.8 40.584545 -3.554399 609.4 3 5 280.2 0 -9 -9 0 
662.98 45.8 40.584572 -3.554544 609.2 3 5 279.8 0 -9 -9 0 
663.98 44.5 40.584587 -3.554685 609.2 3 5 278.4 0 -9 -9 0 
664.98 46.4 40.584602 -3.554826 609.3 3 5 278.4 0 -9 -9 0 
665.98 47.3 40.584618 -3.554983 609.1 3 5 278.8 0 -9 -9 0 
666.98 46.2 40.584633 -3.555132 608.8 3 5 278.8 0 -9 -9 0 
667.98 45.1 40.584652 -3.555282 608.7 3 5 277.4 0 -9 -9 0 
