26.09 1 1 40.505863 -3.357287 20151120133528 
119.37 3 1 40.495281 -3.384792 20151120133702 
249.20 3 1 40.471874 -3.421934 20151120133911 
263.48 2 1 40.470352 -3.427359 20151120133926 
274.78 3 1 40.469349 -3.431568 20151120133937 
279.55 1 2 40.469082 -3.433241 20151120133942 
295.38 1 1 40.468262 -3.438237 20151120133958 
331.81 1 1 40.466808 -3.452107 20151120134034 
338.59 3 1 40.466782 -3.454805 20151120134041 
368.31 1 1 40.467178 -3.465751 20151120134111 
381.44 3 1 40.467159 -3.469901 20151120134124 
403.04 3 1 40.466282 -3.476787 20151120134145 
421.76 1 1 40.465923 -3.481226 20151120134204 
430.24 2 1 40.466530 -3.482978 20151120134212 
448.35 3 1 40.465950 -3.486152 20151120134231 
455.48 2 1 40.465050 -3.487519 20151120134238 
462.71 1 1 40.464088 -3.487878 20151120134245 
474.62 2 2 40.463779 -3.486018 20151120134257 
479.41 1 1 40.464085 -3.485025 20151120134302 
487.23 1 2 40.464645 -3.482638 20151120134309 
487.66 3 1 40.464706 -3.482388 20151120134310 
492.32 1 1 40.464947 -3.481358 20151120134315 
499.74 3 2 40.465420 -3.479603 20151120134322 
502.51 2 1 40.465595 -3.478833 20151120134325 
503.82 1 1 40.465660 -3.478545 20151120134326 
509.81 1 1 40.466084 -3.476604 20151120134332 
512.63 2 1 40.466293 -3.475486 20151120134335 
526.99 3 1 40.467003 -3.469875 20151120134349 
558.53 3 1 40.466587 -3.455799 20151120134421 
568.44 3 1 40.466763 -3.451138 20151120134431 
588.31 2 1 40.467422 -3.442826 20151120134451 
604.07 3 1 40.468498 -3.436214 20151120134506 
639.15 3 1 40.471672 -3.422394 20151120134541 
713.27 1 1 40.483055 -3.400490 20151120134655 
717.69 3 1 40.484081 -3.399457 20151120134700 
805.21 1 1 40.500938 -3.373086 20151120134827 
808.50 3 1 40.501530 -3.371830 20151120134831 
815.69 1 1 40.502407 -3.369911 20151120134838 
822.91 1 1 40.503262 -3.368106 20151120134845 
863.96 1 1 40.505436 -3.356731 20151120134926 
865.34 3 1 40.505413 -3.356444 20151120134928 
874.50 2 1 40.505150 -3.354319 20151120134937 
875.60 1 1 40.505100 -3.354168 20151120134938 
