36.62 -1 40.505993 -3.360569 1.50 1.50
38.90 1 40.505955 -3.361164 0.05 1.50
209.83 -1 40.477093 -3.407223 0.59 1.50
262.29 1 40.470543 -3.426606 0.53 1.50
286.18 -1 40.468815 -3.435032 0.88 1.50
295.51 1 40.468193 -3.438647 0.55 1.50
324.26 -1 40.467041 -3.449132 0.49 1.50
336.00 1 40.466770 -3.453676 0.66 1.50
347.08 -1 40.466862 -3.457913 0.75 1.50
355.85 1 40.466991 -3.461455 0.91 1.50
375.46 1 40.467190 -3.468531 0.92 1.50
382.34 2 40.467140 -3.470161 1.57 1.50
501.74 -1 40.465523 -3.479093 0.22 1.50
506.92 -1 40.465862 -3.477657 0.70 1.50
515.48 -1 40.466515 -3.474347 0.90 1.50
527.75 1 40.467010 -3.469444 0.64 1.50
543.18 -1 40.466908 -3.462803 0.75 1.50
554.60 1 40.466671 -3.457582 0.55 1.50
562.90 -1 40.466606 -3.453958 0.64 1.50
725.04 1 40.485615 -3.397884 0.59 1.50
731.11 -1 40.486935 -3.396274 0.60 1.50
769.74 1 40.494919 -3.384923 0.64 1.50
778.89 -1 40.496628 -3.381771 0.83 1.50
808.72 1 40.501530 -3.371830 0.83 1.50
824.44 1 40.503498 -3.367585 1.04 1.50
855.26 1 40.505623 -3.359454 0.88 1.50
858.74 1 40.505581 -3.358277 0.43 1.50
