28.57 90.0 1 motorway_link 2 1 40.505848 -3.357018 4.029 88.3 
31.11 120.0 1 motorway 3 1 40.505947 -3.358443 1.577 92.6 
32.65 120.0 1 motorway 3 1 40.505993 -3.359046 1.112 93.7 
34.87 120.0 1 motorway 3 1 40.506016 -3.359662 1.335 94.6 
36.35 120.0 1 motorway 3 1 40.506004 -3.360271 0.813 93.0 
39.30 120.0 1 motorway 3 1 40.505993 -3.360569 2.766 90.6 
41.17 120.0 1 motorway 3 1 40.505928 -3.361460 1.634 93.3 
42.31 120.0 1 motorway 3 1 40.505867 -3.362060 0.771 92.0 
45.15 120.0 1 motorway 3 1 40.505787 -3.362388 2.610 105.5 
47.01 120.0 1 motorway 3 1 40.505577 -3.363386 1.466 109.3 
48.55 120.0 1 motorway 3 1 40.505398 -3.364058 1.008 113.8 
50.46 120.0 1 motorway 3 1 40.505188 -3.364740 0.926 112.0 
51.71 120.0 1 motorway 3 1 40.505062 -3.365073 1.178 111.9 
53.53 120.0 1 motorway 3 1 40.504810 -3.365716 0.997 109.1 
54.68 120.0 1 motorway 3 1 40.504673 -3.366024 1.138 108.7 
57.54 120.0 1 motorway 3 1 40.504379 -3.366629 2.003 109.9 
60.74 120.0 1 motorway 3 1 40.503937 -3.367546 2.203 106.1 
66.76 120.0 1 motorway 3 1 40.503502 -3.368428 5.221 111.1 
70.33 120.0 1 motorway 3 1 40.502628 -3.370236 2.797 113.6 
71.56 120.0 1 motorway 3 1 40.502205 -3.371185 1.024 112.5 
73.92 120.0 1 motorway 3 1 40.501907 -3.371819 1.382 109.3 
75.30 120.0 1 motorway 3 1 40.501617 -3.372417 0.762 106.4 
77.05 120.0 1 motorway 3 1 40.501476 -3.372704 1.515 103.9 
79.14 120.0 1 motorway 3 1 40.501202 -3.373290 1.600 101.7 
81.47 120.0 1 motorway 3 1 40.500923 -3.373843 1.930 104.8 
83.43 120.0 1 motorway 3 1 40.500648 -3.374409 1.893 104.7 
86.33 120.0 1 motorway 3 1 40.500355 -3.374980 2.791 102.5 
88.35 120.0 1 motorway 3 1 40.499924 -3.375828 1.817 103.3 
90.10 120.0 1 motorway 3 1 40.499645 -3.376390 1.559 102.1 
91.84 120.0 1 motorway 3 1 40.499355 -3.376947 1.300 98.9 
94.19 70.0 1 motorway_link 2 1 40.499100 -3.377476 1.652 95.1 
95.54 70.0 1 motorway_link 2 1 40.498825 -3.377988 1.001 95.3 
99.01 70.0 1 motorway_link 2 1 40.498566 -3.378520 2.474 94.1 
100.95 70.0 1 motorway_link 2 1 40.498161 -3.379315 1.411 94.2 
102.69 70.0 1 motorway_link 2 1 40.497894 -3.379833 1.150 94.1 
104.85 90.0 3 motorway_link 1 1 40.497627 -3.380344 1.314 94.1 
114.68 90.0 3 motorway_link 1 1 40.497356 -3.380860 9.139 104.9 
117.25 90.0 1 motorway_link 2 1 40.495880 -3.383725 1.711 101.7 
119.28 90.0 1 motorway_link 2 1 40.495586 -3.384261 1.747 101.1 
121.22 90.0 1 motorway_link 2 1 40.495281 -3.384792 1.686 101.8 
122.76 90.0 1 motorway_link 2 1 40.494946 -3.385309 1.220 106.2 
125.15 90.0 1 motorway_link 3 1 40.494598 -3.385842 1.614 103.2 
126.56 90.0 1 motorway_link 3 1 40.494274 -3.386368 1.024 100.8 
128.43 90.0 1 motorway_link 3 1 40.493961 -3.386884 0.890 103.7 
130.04 90.0 1 motorway_link 3 1 40.493797 -3.387156 1.501 104.4 
132.20 90.0 1 motorway_link 2 1 40.493462 -3.387680 1.661 103.9 
134.45 90.0 3 motorway_link 1 1 40.493118 -3.388201 1.909 101.7 
136.63 90.0 1 motorway_link 2 1 40.492786 -3.388712 2.097 105.9 
140.52 90.0 1 motorway_link 2 1 40.492241 -3.389488 2.979 111.0 
142.42 90.0 1 motorway_link 2 1 40.491673 -3.390254 1.884 112.5 
144.28 90.0 1 motorway_link 2 1 40.491287 -3.390794 1.743 115.5 
145.82 90.0 1 motorway_link 2 1 40.490871 -3.391346 1.287 121.6 
155.83 90.0 1 motorway_link 2 1 40.490448 -3.391923 9.298 114.1 
157.78 120.0 1 motorway 3 1 40.488380 -3.394686 1.236 113.1 
159.54 120.0 1 motorway 3 1 40.487988 -3.395211 0.998 115.4 
160.55 120.0 1 motorway 3 1 40.487793 -3.395482 1.007 115.4 
162.63 120.0 1 motorway 3 1 40.487389 -3.396017 1.089 113.5 
164.33 120.0 1 motorway 3 1 40.486984 -3.396534 0.795 112.0 
165.26 120.0 1 motorway 3 1 40.486778 -3.396800 0.716 110.9 
166.22 120.0 1 motorway 3 1 40.486576 -3.397037 0.688 110.7 
167.20 120.0 1 motorway 3 1 40.486370 -3.397279 0.656 110.3 
168.24 120.0 1 motorway 3 1 40.486160 -3.397521 0.704 111.6 
169.27 120.0 1 motorway 3 1 40.485943 -3.397753 0.735 110.9 
170.37 120.0 1 motorway 3 1 40.485737 -3.397984 0.838 109.8 
171.49 120.0 1 motorway 3 1 40.485538 -3.398227 0.948 108.9 
173.04 120.0 1 motorway 3 1 40.485329 -3.398454 1.505 110.4 
174.58 120.0 1 motorway 3 1 40.484890 -3.398907 1.045 113.0 
177.29 120.0 1 motorway 3 1 40.484447 -3.399362 1.756 111.8 
178.65 120.0 1 motorway 3 1 40.483990 -3.399802 1.114 109.7 
180.86 120.0 1 motorway 3 1 40.483551 -3.400226 1.322 113.1 
182.87 120.0 1 motorway 3 1 40.483112 -3.400651 1.335 112.9 
184.81 120.0 1 motorway 3 1 40.482662 -3.401087 1.277 117.0 
186.66 120.0 1 motorway 3 1 40.482201 -3.401543 1.121 116.5 
188.71 120.0 1 motorway 3 1 40.481743 -3.401996 1.169 115.6 
190.65 120.0 1 motorway 3 1 40.481281 -3.402443 1.115 112.4 
192.40 120.0 1 motorway 3 1 40.480820 -3.402885 0.862 111.1 
193.83 120.0 1 motorway 3 1 40.480606 -3.403097 1.295 109.4 
195.93 120.0 1 motorway 3 1 40.480164 -3.403532 1.391 111.4 
197.80 120.0 1 motorway 3 1 40.479713 -3.403973 1.260 112.9 
200.51 120.0 1 motorway 3 1 40.479271 -3.404441 1.965 110.3 
202.77 120.0 1 motorway 3 1 40.478848 -3.404920 2.229 107.3 
205.23 120.0 1 motorway 3 1 40.478241 -3.405635 1.697 107.7 
207.65 120.0 1 motorway 3 1 40.477852 -3.406152 2.118 109.7 
210.47 120.0 1 motorway 3 2 40.477280 -3.406947 1.932 113.2 
211.65 120.0 1 motorway 3 2 40.476902 -3.407496 1.117 115.9 
213.44 120.0 1 motorway 3 2 40.476513 -3.408081 0.898 120.0 
221.45 120.0 1 motorway 3 2 40.476330 -3.408392 7.911 129.6 
223.48 120.0 1 motorway 3 2 40.474949 -3.411165 1.940 127.3 
225.04 120.0 1 motorway 3 2 40.474651 -3.411907 1.503 127.9 
226.93 120.0 1 motorway 3 2 40.474380 -3.412682 1.395 129.1 
230.13 120.0 1 motorway 3 2 40.474110 -3.413445 2.595 122.4 
231.44 120.0 1 motorway 3 2 40.473763 -3.414581 0.905 122.4 
232.75 120.0 1 motorway 3 2 40.473663 -3.414960 1.209 124.7 
234.28 120.0 1 motorway 3 2 40.473469 -3.415732 0.746 127.0 
235.52 120.0 1 motorway 3 2 40.473370 -3.416130 0.974 131.0 
236.44 120.0 1 motorway 3 2 40.473270 -3.416531 0.904 133.3 
237.88 120.0 1 motorway 3 2 40.473167 -3.416943 1.345 136.0 
239.50 120.0 1 motorway 3 2 40.472958 -3.417792 0.963 134.8 
240.54 120.0 1 motorway 3 2 40.472851 -3.418203 1.003 138.6 
242.79 120.0 1 motorway 3 2 40.472633 -3.419085 1.247 136.9 
245.03 120.0 1 motorway 3 2 40.472412 -3.419920 1.490 135.5 
246.60 120.0 1 motorway 3 2 40.472198 -3.420754 1.060 131.5 
248.43 120.0 1 motorway 3 2 40.471985 -3.421560 0.890 120.4 
249.84 120.0 1 motorway 3 2 40.471874 -3.421934 1.307 116.0 
253.27 120.0 1 motorway 3 2 40.471664 -3.422653 2.736 113.6 
254.69 120.0 1 motorway 3 2 40.471470 -3.423361 1.155 118.3 
257.00 120.0 1 motorway 3 2 40.471172 -3.424443 1.458 117.9 
258.33 120.0 1 motorway 3 2 40.470970 -3.425147 0.794 117.4 
260.07 120.0 1 motorway 3 2 40.470860 -3.425514 1.530 120.9 
261.50 120.0 1 motorway 3 2 40.470642 -3.426250 0.961 118.1 
262.47 120.0 1 motorway 3 1 40.470543 -3.426607 0.930 119.8 
263.76 120.0 1 motorway 3 1 40.470444 -3.426979 1.227 121.9 
265.64 120.0 1 motorway 3 1 40.470253 -3.427736 1.100 125.8 
267.59 120.0 1 motorway 3 1 40.470043 -3.428508 1.051 128.2 
269.40 120.0 1 motorway 3 1 40.469841 -3.429300 0.864 125.0 
271.04 120.0 1 motorway 3 1 40.469746 -3.429691 1.502 123.5 
272.68 120.0 1 motorway 3 1 40.469566 -3.430468 1.139 118.9 
274.82 120.0 1 motorway 3 1 40.469414 -3.431225 1.286 105.0 
276.97 120.0 1 motorway 3 1 40.469292 -3.431902 1.437 103.1 
278.82 120.0 1 motorway 3 1 40.469193 -3.432579 1.283 106.0 
280.44 120.0 1 motorway 3 1 40.469082 -3.433241 0.902 92.5 
281.81 120.0 1 motorway 3 1 40.469044 -3.433538 1.272 92.7 
283.13 120.0 1 motorway 3 1 40.468967 -3.434126 0.589 94.7 
284.62 120.0 1 motorway 3 1 40.468922 -3.434431 1.077 92.7 
286.51 120.0 1 motorway 3 2 40.468815 -3.435032 0.969 98.5 
287.53 120.0 1 motorway 3 2 40.468761 -3.435345 0.995 102.1 
288.78 120.0 1 motorway 3 2 40.468700 -3.435663 1.246 104.3 
291.53 120.0 1 motorway 3 2 40.468575 -3.436347 1.996 114.9 
292.35 120.0 1 motorway 3 2 40.468464 -3.437068 0.814 114.9 
293.36 120.0 1 motorway 3 2 40.468395 -3.437455 0.827 118.8 
294.49 120.0 1 motorway 3 2 40.468323 -3.437838 0.920 125.9 
295.51 120.0 1 motorway 3 1 40.468262 -3.438238 0.976 127.4 
297.21 120.0 1 motorway 3 1 40.468193 -3.438648 1.675 125.4 
299.20 120.0 1 motorway 3 1 40.468075 -3.439451 1.661 121.2 
301.97 120.0 1 motorway 3 1 40.467949 -3.440244 2.428 113.5 
304.69 120.0 1 motorway 3 1 40.467762 -3.441359 2.144 112.1 
306.57 120.0 1 motorway 3 1 40.467625 -3.442440 1.033 113.2 
308.62 120.0 1 motorway 3 1 40.467545 -3.443173 1.080 116.5 
310.97 120.0 1 motorway 3 1 40.467476 -3.443921 1.431 114.3 
313.44 120.0 1 motorway 3 1 40.467411 -3.444670 1.903 118.7 
314.69 120.0 1 motorway 3 1 40.467354 -3.445443 1.149 119.8 
316.60 120.0 1 motorway 3 1 40.467285 -3.446204 1.059 116.9 
318.55 120.0 1 motorway 3 1 40.467213 -3.446966 1.014 113.7 
321.24 120.0 1 motorway 3 1 40.467155 -3.447693 1.698 110.0 
324.13 120.0 1 motorway 3 1 40.467102 -3.448415 2.597 110.3 
325.77 120.0 1 motorway 3 2 40.466995 -3.449496 1.232 111.6 
328.84 120.0 1 motorway 3 2 40.466930 -3.450217 2.300 113.1 
331.56 120.0 1 motorway 3 2 40.466854 -3.451325 2.024 122.7 
333.84 120.0 1 motorway 3 2 40.466782 -3.452515 1.302 119.6 
336.28 120.0 1 motorway 3 1 40.466770 -3.453303 1.739 116.1 
340.70 120.0 1 motorway 3 1 40.466774 -3.454070 4.160 116.6 
344.16 120.0 1 motorway 3 1 40.466805 -3.455955 2.627 116.0 
345.35 120.0 1 motorway 3 1 40.466843 -3.457119 0.815 117.8 
346.41 120.0 1 motorway 3 1 40.466850 -3.457508 0.874 124.4 
347.24 120.0 1 motorway 3 2 40.466862 -3.457914 0.706 124.4 
348.49 120.0 1 motorway 3 2 40.466862 -3.458320 0.955 123.9 
349.61 120.0 1 motorway 3 2 40.466869 -3.458728 1.076 122.3 
353.07 120.0 1 motorway 3 2 40.466896 -3.459541 2.530 116.3 
355.46 120.0 1 motorway 3 2 40.466953 -3.460681 1.927 118.0 
358.02 120.0 1 motorway 3 1 40.466991 -3.461456 2.482 114.1 
360.23 120.0 1 motorway 3 1 40.467060 -3.462564 1.698 107.9 
361.98 120.0 1 motorway 3 1 40.467094 -3.463267 1.446 103.9 
365.50 120.0 1 motorway 3 1 40.467121 -3.463958 2.962 107.7 
366.77 120.0 1 motorway 3 1 40.467167 -3.464995 1.238 115.1 
368.77 120.0 1 motorway 3 1 40.467178 -3.465752 1.229 119.8 
370.90 120.0 1 motorway 3 1 40.467194 -3.466513 1.363 110.3 
373.67 120.0 1 motorway 3 1 40.467205 -3.467242 2.129 100.6 
376.46 120.0 1 motorway 3 1 40.467194 -3.468230 1.924 86.7 
378.03 120.0 1 motorway 3 1 40.467190 -3.468824 1.492 83.9 
379.97 120.0 1 motorway 3 1 40.467178 -3.469378 1.428 80.1 
382.06 120.0 1 motorway 3 1 40.467159 -3.469902 1.527 83.6 
384.86 120.0 1 motorway 3 1 40.467125 -3.470453 2.320 97.2 
387.06 120.0 1 motorway 3 1 40.467075 -3.471384 1.520 97.8 
389.11 120.0 1 motorway 3 1 40.467010 -3.472025 1.572 93.8 
391.21 120.0 1 motorway 3 1 40.466942 -3.472641 1.669 97.1 
393.31 120.0 1 motorway 3 1 40.466862 -3.473270 1.764 102.0 
395.11 120.0 1 motorway 3 1 40.466820 -3.473595 1.570 100.5 
397.27 120.0 1 motorway 3 1 40.466686 -3.474580 1.729 105.6 
398.88 120.0 1 motorway 3 1 40.466576 -3.475262 1.341 102.2 
402.01 120.0 1 motorway 3 1 40.466457 -3.475904 2.472 91.5 
403.76 120.0 1 motorway 3 1 40.466282 -3.476788 1.214 82.0 
405.68 80.0 1 primary_link 1 1 40.466175 -3.477318 1.146 79.9 
408.27 80.0 1 primary_link 1 1 40.466076 -3.477814 1.730 76.1 
409.99 80.0 1 primary_link 1 1 40.465988 -3.478290 1.456 73.1 
411.73 80.0 1 primary_link 1 1 40.465900 -3.478759 1.197 72.2 
414.73 80.0 1 primary_link 1 1 40.465820 -3.479222 2.190 69.3 
417.27 70.0 1 primary_link 1 1 40.465729 -3.479887 1.737 67.2 
419.22 70.0 1 primary_link 1 1 40.465721 -3.480331 1.676 69.3 
420.96 70.0 1 primary_link 1 1 40.465790 -3.480770 1.421 74.2 
428.84 70.0 1 primary_link 1 1 40.465923 -3.481226 7.298 69.7 
430.58 70.0 1 primary_link 1 1 40.466530 -3.482978 1.044 66.7 
432.62 70.0 1 primary_link 1 1 40.466637 -3.483393 1.082 63.0 
434.06 70.0 1 primary_link 1 1 40.466694 -3.483797 0.521 62.9 
436.02 70.0 1 primary_link 1 1 40.466709 -3.483999 1.481 59.1 
437.36 70.0 1 primary_link 1 1 40.466702 -3.484375 0.818 57.5 
438.57 70.0 1 primary_link 1 1 40.466679 -3.484568 1.029 54.8 
440.61 70.0 1 primary_link 1 1 40.466618 -3.484901 1.068 52.6 
442.97 70.0 1 primary_link 1 1 40.466522 -3.485217 1.429 55.1 
444.51 70.0 1 primary_link 1 1 40.466373 -3.485507 0.975 60.6 
445.32 70.0 1 primary_link 1 1 40.466270 -3.485669 0.787 60.6 
447.55 70.0 1 primary_link 1 1 40.466175 -3.485831 2.007 64.3 
452.11 90.0 3 motorway_link 1 1 40.465851 -3.486304 3.567 71.3 
453.37 90.0 3 motorway_link 1 1 40.465389 -3.487010 0.834 70.5 
454.38 90.0 3 motorway_link 1 1 40.465389 -3.487010 0.842 68.6 
456.69 50.0 1 primary 1 1 40.465168 -3.487350 2.157 63.2 
458.52 50.0 1 primary 1 1 40.464809 -3.487784 0.982 59.6 
459.47 50.0 1 primary 1 1 40.464680 -3.487863 0.930 60.1 
460.52 50.0 1 primary 1 1 40.464542 -3.487919 0.986 61.1 
461.51 50.0 1 primary 1 1 40.464386 -3.487943 0.978 60.0 
462.42 50.0 1 primary 1 1 40.464233 -3.487928 0.886 60.0 
464.39 50.0 1 primary 1 1 40.464088 -3.487878 1.849 57.1 
465.10 50.0 1 primary 1 1 40.463844 -3.487691 0.565 56.6 
467.01 50.0 1 primary 1 1 40.463745 -3.487576 1.468 56.8 
468.63 50.0 1 primary 1 1 40.463608 -3.487255 1.094 53.5 
470.52 50.0 1 primary 1 1 40.463539 -3.486934 0.983 52.2 
471.65 50.0 1 primary 1 1 40.463566 -3.486738 1.114 54.1 
473.58 50.0 1 primary 1 1 40.463600 -3.486580 1.047 62.7 
475.84 90.0 1 motorway_link 1 1 40.463779 -3.486018 1.300 73.7 
477.70 90.0 1 motorway_link 1 1 40.463932 -3.485568 1.158 85.4 
479.69 90.0 1 motorway_link 1 1 40.464085 -3.485025 1.149 97.0 
481.47 90.0 1 motorway_link 1 1 40.464230 -3.484417 0.934 94.8 
482.45 90.0 1 motorway_link 1 1 40.464302 -3.484120 0.913 94.8 
483.76 90.0 1 motorway_link 1 1 40.464367 -3.483819 1.215 94.2 
485.36 90.0 1 motorway_link 1 1 40.464508 -3.483221 0.826 93.2 
486.93 90.0 1 motorway_link 1 1 40.464573 -3.482924 1.390 91.9 
488.61 90.0 1 motorway_link 1 1 40.464706 -3.482388 1.072 80.3 
490.80 90.0 1 motorway_link 1 1 40.464825 -3.481876 1.260 82.8 
492.75 90.0 1 motorway_link 1 1 40.464947 -3.481358 1.207 77.5 
495.12 90.0 1 motorway_link 1 1 40.465073 -3.480902 1.580 71.6 
497.08 90.0 1 motorway_link 1 1 40.465187 -3.480436 1.547 69.3 
499.12 90.0 1 motorway_link 1 1 40.465305 -3.480002 1.582 67.0 
500.67 90.0 1 motorway_link 1 1 40.465420 -3.479603 1.134 76.2 
502.57 90.0 1 motorway_link 1 1 40.465523 -3.479093 1.034 87.5 
504.64 90.0 1 motorway_link 1 1 40.465660 -3.478545 1.108 92.6 
506.97 90.0 1 motorway_link 1 1 40.465790 -3.477968 1.431 101.5 
508.64 90.0 1 motorway_link 1 1 40.465935 -3.477320 1.098 112.0 
512.20 120.0 1 motorway 4 1 40.466084 -3.476603 2.658 115.8 
513.86 120.0 1 motorway 4 1 40.466293 -3.475485 1.327 122.5 
515.67 120.0 1 motorway 4 2 40.466438 -3.474722 1.133 120.3 
517.95 120.0 1 motorway 4 2 40.466583 -3.473958 1.413 117.0 
519.36 120.0 1 motorway 4 2 40.466698 -3.473211 0.828 119.2 
521.54 120.0 1 motorway 4 2 40.466747 -3.472805 2.001 129.7 
525.06 120.0 1 motorway 4 2 40.466885 -3.471554 2.526 129.0 
526.85 120.0 1 motorway 4 2 40.466984 -3.470283 1.312 126.9 
528.76 120.0 1 motorway 3 1 40.467010 -3.469444 1.220 132.4 
530.60 120.0 1 motorway 3 1 40.467018 -3.468591 1.061 137.6 
532.82 120.0 1 motorway 3 1 40.467026 -3.467693 1.283 136.7 
534.57 120.0 1 motorway 3 1 40.467030 -3.466786 1.029 141.4 
537.35 120.0 1 motorway 3 1 40.467022 -3.465869 1.813 139.2 
538.52 120.0 1 motorway 3 1 40.467003 -3.464962 0.978 135.1 
539.87 120.0 1 motorway 3 1 40.466988 -3.464519 1.329 133.9 
542.44 120.0 1 motorway 3 1 40.466949 -3.463640 1.902 128.6 
544.05 120.0 1 motorway 3 2 40.466908 -3.462803 1.513 127.5 
546.29 120.0 1 motorway 3 2 40.466881 -3.461970 1.755 128.9 
548.16 120.0 1 motorway 3 2 40.466846 -3.461116 1.625 133.4 
550.76 120.0 1 motorway 3 2 40.466812 -3.460248 2.225 131.9 
553.49 120.0 1 motorway 3 2 40.466743 -3.458949 1.950 139.5 
554.99 120.0 1 motorway 3 1 40.466694 -3.458035 1.458 140.1 
557.04 120.0 1 motorway 3 1 40.466648 -3.457131 1.502 136.4 
567.74 120.0 1 motorway 3 2 40.466595 -3.456249 10.193 143.4 
569.40 120.0 1 motorway 3 2 40.466763 -3.451137 0.870 142.0 
570.63 120.0 1 motorway 3 2 40.466793 -3.450667 1.097 146.1 
572.88 120.0 1 motorway 3 2 40.466854 -3.449718 1.350 146.0 
575.07 120.0 1 motorway 3 2 40.466930 -3.448773 1.537 142.1 
576.90 120.0 1 motorway 3 2 40.467003 -3.447867 1.371 138.5 
578.60 120.0 1 motorway 3 2 40.467079 -3.446968 1.070 133.9 
581.14 120.0 1 motorway 3 2 40.467152 -3.446111 1.607 127.2 
582.54 120.0 1 motorway 3 2 40.467186 -3.445693 1.009 123.9 
585.31 120.0 1 motorway 3 2 40.467289 -3.444481 1.766 123.9 
586.54 120.0 1 motorway 3 2 40.467350 -3.443664 1.004 127.9 
588.68 120.0 1 motorway 3 2 40.467422 -3.442826 1.145 125.4 
590.98 120.0 1 motorway 3 2 40.467522 -3.442023 1.451 126.5 
592.68 120.0 1 motorway 3 2 40.467636 -3.441206 1.144 130.4 
594.85 120.0 1 motorway 3 2 40.467770 -3.440380 1.316 130.2 
596.96 120.0 1 motorway 3 2 40.467915 -3.439548 1.428 131.2 
599.63 120.0 1 motorway 3 2 40.468071 -3.438685 2.097 130.2 
601.99 120.0 1 motorway 3 2 40.468292 -3.437423 1.450 126.1 
604.30 120.0 1 motorway 3 2 40.468430 -3.436613 1.771 122.8 
606.19 120.0 1 motorway 3 2 40.468563 -3.435816 1.649 126.8 
608.46 120.0 1 motorway 3 2 40.468693 -3.435002 1.925 125.9 
609.90 120.0 1 motorway 3 2 40.468819 -3.434185 1.364 128.3 
612.81 120.0 1 motorway 3 2 40.468945 -3.433364 2.282 127.3 
615.02 120.0 1 motorway 3 2 40.469131 -3.432143 1.487 131.0 
623.64 120.0 1 motorway 3 2 40.469265 -3.431303 8.106 130.8 
625.83 120.0 1 motorway 3 2 40.470146 -3.427662 1.297 129.6 
627.49 120.0 1 motorway 3 2 40.470356 -3.426875 0.956 126.7 
629.03 120.0 1 motorway 3 2 40.470467 -3.426479 1.500 124.3 
631.42 120.0 1 motorway 3 2 40.470688 -3.425718 1.891 123.4 
632.79 120.0 1 motorway 3 2 40.470917 -3.424967 1.260 123.7 
635.17 120.0 1 motorway 3 2 40.471153 -3.424206 1.637 120.5 
637.33 120.0 1 motorway 3 2 40.471355 -3.423466 1.796 117.5 
639.29 120.0 1 motorway 3 2 40.471569 -3.422752 1.758 114.5 
640.99 120.0 1 motorway 3 2 40.471767 -3.422031 1.452 119.6 
648.79 120.0 1 motorway 3 2 40.471970 -3.421299 7.257 121.3 
659.55 120.0 1 motorway 3 2 40.472775 -3.418182 10.018 119.3 
665.73 120.0 1 motorway 3 2 40.473812 -3.414098 5.201 115.5 
673.24 120.0 1 motorway 3 2 40.474487 -3.412056 6.705 109.7 
679.71 120.0 1 motorway 3 2 40.475452 -3.409805 6.179 111.9 
682.99 120.0 1 motorway 3 2 40.476547 -3.407783 2.456 112.5 
701.87 -1.0 -1 - -1 -1 40.477085 -3.406947 18.340 99.1 
707.47 120.0 2 motorway 3 2 40.480972 -3.402504 4.936 99.8 
709.02 120.0 1 motorway 3 2 40.481987 -3.401538 1.489 102.6 
726.67 120.0 2 motorway 3 1 40.482403 -3.401135 17.131 120.9 
728.97 120.0 1 motorway 3 1 40.486286 -3.397076 1.436 117.9 
740.81 120.0 1 motorway 3 2 40.486717 -3.396534 11.280 116.0 
743.54 120.0 1 motorway 3 2 40.489227 -3.393218 2.004 118.4 
750.93 120.0 1 motorway 3 2 40.489841 -3.392358 6.398 121.9 
752.93 120.0 1 motorway 3 2 40.491283 -3.390389 1.398 118.7 
755.49 120.0 1 motorway 3 2 40.491692 -3.389836 1.955 120.2 
762.09 120.0 1 motorway 3 2 40.492104 -3.389269 6.552 120.9 
774.18 120.0 1 motorway 3 1 40.493542 -3.387191 11.650 135.5 
775.78 120.0 1 motorway 3 1 40.495880 -3.383157 1.243 132.0 
778.32 120.0 1 motorway 3 1 40.496254 -3.382443 1.791 128.9 
793.90 120.0 1 motorway 3 2 40.496628 -3.381771 15.363 116.1 
796.99 120.0 1 motorway 3 2 40.499310 -3.376492 2.450 122.7 
804.64 120.0 1 motorway 3 2 40.499817 -3.375493 7.099 124.8 
807.12 120.0 1 motorway 3 2 40.501102 -3.372739 1.585 113.7 
808.54 120.0 1 motorway 3 2 40.501404 -3.372107 1.003 100.0 
826.18 -1.0 -1 - -1 -1 40.501652 -3.371551 16.649 85.5 
837.22 120.0 1 motorway 4 2 40.503700 -3.367112 10.686 88.6 
838.70 120.0 1 motorway 4 2 40.504932 -3.364309 1.168 88.0 
840.83 120.0 1 motorway 4 2 40.505100 -3.363775 1.293 90.6 
844.27 120.0 1 motorway 4 2 40.505253 -3.363209 2.741 87.7 
845.81 120.0 1 motorway 3 2 40.505417 -3.362371 1.278 88.7 
848.12 120.0 1 motorway 3 2 40.505531 -3.361822 1.585 89.3 
849.60 120.0 1 motorway 3 2 40.505600 -3.361245 1.066 91.5 
851.30 90.0 3 motorway_link 1 2 40.505619 -3.360655 0.766 90.9 
853.39 90.0 3 motorway_link 1 2 40.505623 -3.360362 1.861 92.7 
855.74 90.0 3 motorway_link 1 1 40.505627 -3.359760 2.207 88.5 
857.49 90.0 1 motorway_link 2 1 40.505604 -3.358871 0.960 90.4 
858.72 90.0 1 motorway_link 2 1 40.505596 -3.358577 1.190 92.3 
860.99 90.0 1 motorway_link 2 1 40.505554 -3.357972 1.461 97.8 
862.30 90.0 1 motorway_link 2 1 40.505501 -3.357342 0.763 96.8 
864.96 90.0 1 motorway_link 2 1 40.505470 -3.357030 2.426 84.3 
867.31 90.0 1 motorway_link 2 1 40.505386 -3.356177 1.779 76.5 
869.05 90.0 1 motorway_link 2 1 40.505341 -3.355675 1.520 66.7 
871.12 70.0 1 motorway_link 2 1 40.505302 -3.355241 1.589 58.0 
873.52 70.0 1 motorway_link 2 1 40.505253 -3.354857 1.989 56.5 
874.69 70.0 1 motorway_link 2 1 40.505192 -3.354498 1.154 55.9 
876.73 70.0 1 motorway_link 2 1 40.505100 -3.354168 1.199 45.3 
