23.84 -1.00 -1.00 0 73.3 
24.03 -1.00 -1.00 0 73.3 
24.20 -1.00 -1.00 0 73.3 
24.47 -1.00 -1.00 0 73.3 
24.67 -1.00 -1.00 0 79.6 
24.83 -1.00 -1.00 1 79.6 
25.05 -1.00 -1.00 1 79.6 
25.24 -1.00 -1.00 1 79.6 
25.44 -1.00 -1.00 1 79.6 
25.60 11.92 0.50 1 85.9 
25.75 12.34 0.52 1 85.9 
25.95 12.51 0.52 1 85.9 
26.11 12.62 0.53 1 85.9 
26.31 12.21 0.51 1 85.9 
26.54 11.02 0.46 1 85.9 
26.70 11.92 0.49 1 87.5 
26.84 11.97 0.49 1 87.5 
27.00 11.76 0.48 1 87.5 
27.21 11.36 0.47 1 87.5 
27.35 11.04 0.45 1 87.5 
27.61 10.87 0.45 1 87.5 
27.78 10.87 0.45 1 86.8 
27.98 10.80 0.45 1 86.8 
28.11 10.83 0.45 1 86.8 
28.28 10.72 0.44 1 86.8 
28.44 10.57 0.44 1 86.8 
28.64 10.58 0.43 1 88.3 
28.77 10.67 0.43 1 88.3 
28.91 10.53 0.43 1 88.3 
29.09 10.56 0.43 1 88.3 
29.25 10.44 0.43 1 88.3 
29.38 10.35 0.42 1 88.3 
29.59 10.37 0.42 1 88.3 
29.75 10.52 0.41 1 91.5 
29.88 10.70 0.42 1 91.5 
30.08 10.70 0.42 1 91.5 
30.21 11.00 0.43 1 91.5 
30.41 11.13 0.44 1 91.5 
30.58 11.08 0.44 1 91.5 
30.73 11.05 0.43 1 92.6 
30.89 11.10 0.43 1 92.6 
31.07 11.13 0.43 1 92.6 
31.23 11.16 0.43 1 92.6 
31.36 10.96 0.43 1 92.6 
31.64 10.88 0.42 1 92.6 
31.80 10.50 0.41 1 92.6 
32.01 10.05 0.39 1 92.6 
32.22 10.28 0.40 1 92.6 
32.45 -1.00 -1.00 1 92.6 
32.66 -1.00 -1.00 1 93.7 
32.82 10.12 0.39 1 93.7 
33.02 -1.00 -1.00 1 93.7 
33.15 -1.00 -1.00 1 93.7 
33.33 -1.00 -1.00 1 93.7 
33.81 -1.00 -1.00 1 94.2 
33.99 9.78 0.37 1 94.2 
34.15 10.10 0.39 1 94.2 
34.31 11.46 0.44 1 94.2 
34.54 12.15 0.46 2 94.2 
34.74 11.52 0.44 2 94.6 
34.99 -1.00 -1.00 2 94.6 
35.20 10.21 0.39 2 94.6 
35.37 9.64 0.37 2 94.6 
35.59 9.52 0.36 2 94.6 
35.74 9.07 0.35 2 93.0 
35.93 8.95 0.35 2 93.0 
36.09 8.92 0.35 2 93.0 
36.29 9.33 0.36 2 93.0 
36.45 9.02 0.35 2 93.0 
36.67 8.60 0.34 2 91.3 
36.85 8.36 0.33 2 91.3 
37.02 8.04 0.32 2 91.3 
37.18 18.09 0.71 2 91.3 
37.39 -1.00 -1.00 2 91.3 
37.55 -1.00 -1.00 2 91.3 
37.72 -1.00 -1.00 2 90.8 
37.87 -1.00 -1.00 2 90.8 
38.05 20.11 0.80 2 90.8 
38.22 20.76 0.82 2 90.8 
38.38 21.29 0.84 2 90.8 
38.60 -1.00 -1.00 2 90.8 
38.77 22.75 0.90 2 90.6 
38.95 7.63 0.30 2 90.6 
39.13 7.40 0.29 2 90.6 
39.30 23.32 0.93 2 90.6 
39.48 23.39 0.93 2 90.6 
39.65 23.45 0.92 2 91.9 
39.88 23.49 0.92 3 91.9 
40.07 -1.00 -1.00 3 91.9 
40.27 -1.00 -1.00 3 91.9 
40.47 -1.00 -1.00 3 91.9 
40.67 -1.00 -1.00 3 93.3 
40.87 -1.00 -1.00 2 93.3 
41.09 -1.00 -1.00 2 93.3 
41.29 -1.00 -1.00 2 93.3 
41.45 -1.00 -1.00 1 93.3 
41.64 -1.00 -1.00 1 92.0 
41.79 -1.00 -1.00 1 92.0 
41.97 -1.00 -1.00 1 92.0 
42.18 -1.00 -1.00 2 92.0 
42.35 -1.00 -1.00 1 92.0 
42.57 -1.00 -1.00 1 92.0 
42.74 -1.00 -1.00 1 101.1 
42.94 -1.00 -1.00 1 101.1 
43.10 -1.00 -1.00 1 101.1 
43.30 -1.00 -1.00 1 101.1 
43.48 -1.00 -1.00 1 101.1 
43.81 -1.00 -1.00 1 102.2 
43.95 -1.00 -1.00 1 102.2 
44.13 -1.00 -1.00 1 102.2 
44.31 -1.00 -1.00 1 102.2 
44.47 -1.00 -1.00 1 102.2 
44.64 -1.00 -1.00 1 105.5 
44.77 -1.00 -1.00 1 105.5 
44.94 -1.00 -1.00 1 105.5 
45.11 -1.00 -1.00 1 105.5 
45.28 -1.00 -1.00 2 105.5 
45.46 22.15 0.76 2 105.5 
45.63 22.42 0.75 2 107.5 
45.80 22.90 0.77 2 107.5 
45.96 23.28 0.78 2 107.5 
46.13 23.32 0.78 2 107.5 
46.30 23.35 0.78 1 107.5 
46.49 23.62 0.79 1 107.5 
46.64 23.58 0.78 1 109.3 
46.77 23.79 0.78 1 109.3 
46.92 23.96 0.79 1 109.3 
47.09 24.37 0.80 1 109.3 
47.25 25.02 0.82 1 109.3 
47.42 25.22 0.83 1 109.3 
47.60 25.38 0.82 1 111.9 
47.75 25.49 0.82 1 111.9 
47.88 25.88 0.83 1 111.9 
48.04 25.89 0.83 1 111.9 
48.19 26.19 0.84 1 111.9 
48.36 26.80 0.86 1 111.9 
48.56 27.27 0.88 1 111.9 
48.72 29.00 0.92 1 113.8 
48.87 29.09 0.92 1 113.8 
49.04 29.15 0.92 1 113.8 
49.18 29.19 0.92 1 113.8 
49.34 30.01 0.95 1 113.8 
49.51 30.69 0.97 1 113.8 
49.66 30.45 0.98 1 111.9 
49.78 30.22 0.97 1 111.9 
49.95 30.39 0.98 1 111.9 
50.08 30.15 0.97 1 111.9 
50.25 29.59 0.95 1 111.9 
50.40 29.11 0.94 1 111.9 
50.55 29.04 0.93 1 112.0 
50.67 28.63 0.92 1 112.0 
50.78 28.63 0.92 1 112.0 
50.93 29.01 0.93 1 112.0 
51.04 28.93 0.93 1 112.0 
51.18 29.25 0.94 1 112.0 
51.31 29.50 0.95 1 112.0 
51.51 30.15 0.97 1 112.0 
51.64 31.18 1.00 1 111.9 
51.77 32.57 1.05 1 111.9 
51.95 33.17 1.07 1 111.9 
52.08 33.20 1.07 1 111.9 
52.22 33.20 1.07 1 111.9 
52.39 34.22 1.10 1 111.9 
52.55 35.07 1.14 1 110.5 
52.72 35.22 1.15 1 110.5 
52.85 35.34 1.15 1 110.5 
53.02 36.62 1.19 1 110.5 
53.15 36.51 1.19 1 110.5 
53.29 36.41 1.19 1 110.5 
53.46 36.31 1.18 1 110.5 
53.64 35.74 1.18 1 109.1 
53.77 36.27 1.20 1 109.1 
53.92 36.15 1.19 1 109.1 
54.06 36.04 1.19 1 109.1 
54.23 35.94 1.19 1 109.1 
54.40 35.84 1.18 1 109.1 
54.56 35.74 1.18 1 108.7 
54.72 -1.00 -1.00 0 108.7 
54.84 -1.00 -1.00 0 108.7 
55.01 -1.00 -1.00 0 108.7 
55.14 -1.00 -1.00 0 108.7 
55.29 -1.00 -1.00 0 108.7 
55.48 -1.00 -1.00 0 108.7 
55.61 -1.00 -1.00 0 109.9 
55.77 -1.00 -1.00 0 109.9 
55.92 -1.00 -1.00 0 109.9 
56.05 -1.00 -1.00 0 109.9 
56.18 -1.00 -1.00 0 109.9 
56.31 -1.00 -1.00 0 109.9 
56.49 -1.00 -1.00 0 109.9 
56.61 -1.00 -1.00 0 111.0 
56.75 -1.00 -1.00 0 111.0 
56.87 -1.00 -1.00 0 111.0 
57.02 -1.00 -1.00 0 111.0 
57.12 -1.00 -1.00 0 111.0 
57.24 -1.00 -1.00 0 111.0 
57.39 -1.00 -1.00 0 111.0 
57.50 -1.00 -1.00 0 109.9 
57.62 -1.00 -1.00 0 109.9 
57.70 -1.00 -1.00 0 109.9 
57.77 -1.00 -1.00 0 109.9 
57.84 -1.00 -1.00 0 109.9 
57.92 -1.00 -1.00 0 109.9 
58.01 -1.00 -1.00 0 109.9 
58.15 -1.00 -1.00 0 109.9 
58.28 -1.00 -1.00 0 109.9 
58.44 -1.00 -1.00 0 109.9 
58.59 -1.00 -1.00 0 109.0 
58.72 -1.00 -1.00 0 109.0 
58.86 -1.00 -1.00 0 109.0 
59.00 -1.00 -1.00 0 109.0 
59.17 -1.00 -1.00 0 109.0 
59.34 -1.00 -1.00 0 109.0 
59.55 -1.00 -1.00 0 109.0 
59.72 -1.00 -1.00 0 107.2 
59.88 -1.00 -1.00 0 107.2 
60.06 -1.00 -1.00 0 107.2 
60.23 -1.00 -1.00 0 107.2 
60.45 -1.00 -1.00 0 107.2 
60.62 -1.00 -1.00 0 106.1 
60.75 -1.00 -1.00 0 106.1 
60.90 -1.00 -1.00 0 106.1 
61.02 -1.00 -1.00 0 106.1 
61.17 -1.00 -1.00 0 106.1 
61.32 -1.00 -1.00 0 106.1 
61.52 -1.00 -1.00 0 106.1 
61.66 -1.00 -1.00 0 106.1 
61.81 -1.00 -1.00 0 106.1 
61.98 -1.00 -1.00 0 106.1 
62.15 -1.00 -1.00 0 106.1 
62.28 -1.00 -1.00 0 106.1 
62.49 -1.00 -1.00 0 106.1 
62.63 -1.00 -1.00 0 107.1 
62.84 -1.00 -1.00 0 107.1 
63.01 -1.00 -1.00 0 107.1 
63.16 -1.00 -1.00 0 107.1 
63.28 -1.00 -1.00 0 107.1 
63.48 -1.00 -1.00 0 107.1 
63.68 -1.00 -1.00 0 107.5 
63.86 -1.00 -1.00 0 107.5 
64.02 -1.00 -1.00 0 107.5 
64.17 -1.00 -1.00 0 107.5 
64.30 -1.00 -1.00 0 107.5 
64.48 -1.00 -1.00 0 107.5 
64.62 -1.00 -1.00 0 109.7 
64.81 -1.00 -1.00 0 109.7 
64.96 -1.00 -1.00 0 109.7 
65.12 -1.00 -1.00 0 109.7 
65.27 -1.00 -1.00 0 109.7 
65.49 -1.00 -1.00 0 109.7 
65.65 -1.00 -1.00 0 111.6 
65.81 -1.00 -1.00 0 111.6 
65.96 -1.00 -1.00 0 111.6 
66.12 -1.00 -1.00 0 111.6 
66.29 -1.00 -1.00 0 111.6 
66.46 -1.00 -1.00 0 111.6 
66.59 -1.00 -1.00 1 111.1 
66.81 -1.00 -1.00 1 111.1 
67.00 -1.00 -1.00 0 111.1 
67.15 -1.00 -1.00 0 111.1 
67.29 -1.00 -1.00 0 111.1 
67.47 -1.00 -1.00 0 111.1 
67.61 -1.00 -1.00 0 110.2 
67.73 -1.00 -1.00 0 110.2 
67.89 -1.00 -1.00 0 110.2 
68.02 -1.00 -1.00 0 110.2 
68.19 -1.00 -1.00 0 110.2 
68.39 -1.00 -1.00 1 110.2 
68.52 -1.00 -1.00 1 111.4 
68.70 -1.00 -1.00 1 111.4 
68.86 -1.00 -1.00 1 111.4 
69.00 -1.00 -1.00 1 111.4 
69.15 -1.00 -1.00 1 111.4 
69.32 -1.00 -1.00 1 111.4 
69.53 -1.00 -1.00 1 111.4 
69.67 -1.00 -1.00 1 113.6 
69.82 -1.00 -1.00 1 113.6 
69.96 -1.00 -1.00 1 113.6 
70.12 -1.00 -1.00 1 113.6 
70.26 -1.00 -1.00 1 113.6 
70.48 -1.00 -1.00 0 113.6 
70.62 -1.00 -1.00 0 114.3 
70.76 -1.00 -1.00 1 114.3 
70.92 -1.00 -1.00 1 114.3 
71.06 -1.00 -1.00 1 114.3 
71.18 -1.00 -1.00 1 114.3 
71.31 -1.00 -1.00 1 114.3 
71.47 -1.00 -1.00 2 114.3 
71.66 -1.00 -1.00 1 112.5 
71.83 -1.00 -1.00 1 112.5 
72.02 -1.00 -1.00 1 112.5 
72.19 -1.00 -1.00 0 112.5 
72.34 -1.00 -1.00 0 112.5 
72.53 -1.00 -1.00 0 112.5 
72.69 -1.00 -1.00 1 110.7 
72.82 -1.00 -1.00 1 110.7 
73.02 -1.00 -1.00 1 110.7 
73.19 -1.00 -1.00 1 110.7 
73.33 -1.00 -1.00 1 110.7 
73.52 -1.00 -1.00 1 110.7 
73.83 -1.00 -1.00 1 109.3 
74.00 -1.00 -1.00 1 109.3 
74.13 -1.00 -1.00 1 109.3 
74.29 -1.00 -1.00 2 109.3 
74.49 -1.00 -1.00 2 109.3 
74.64 -1.00 -1.00 2 106.4 
74.81 -1.00 -1.00 2 106.4 
74.96 -1.00 -1.00 2 106.4 
75.09 -1.00 -1.00 2 106.4 
75.22 -1.00 -1.00 2 106.4 
75.41 -1.00 -1.00 2 106.4 
75.57 -1.00 -1.00 2 105.5 
75.73 -1.00 -1.00 2 105.5 
75.87 -1.00 -1.00 2 105.5 
76.00 -1.00 -1.00 2 105.5 
76.17 -1.00 -1.00 2 105.5 
76.31 -1.00 -1.00 2 105.5 
76.51 -1.00 -1.00 2 105.5 
76.68 -1.00 -1.00 2 103.9 
76.81 -1.00 -1.00 2 103.9 
76.97 -1.00 -1.00 2 103.9 
77.13 -1.00 -1.00 2 103.9 
77.28 -1.00 -1.00 2 103.9 
77.49 -1.00 -1.00 2 103.9 
77.64 -1.00 -1.00 2 102.2 
77.80 -1.00 -1.00 2 102.2 
77.93 -1.00 -1.00 2 102.2 
78.07 -1.00 -1.00 2 102.2 
78.24 -1.00 -1.00 2 102.2 
78.43 -1.00 -1.00 2 102.2 
78.60 -1.00 -1.00 2 101.7 
78.72 -1.00 -1.00 1 101.7 
78.84 -1.00 -1.00 1 101.7 
79.00 -1.00 -1.00 1 101.7 
79.15 -1.00 -1.00 1 101.7 
79.28 -1.00 -1.00 1 101.7 
79.46 -1.00 -1.00 1 101.7 
79.62 -1.00 -1.00 1 102.0 
79.76 -1.00 -1.00 1 102.0 
79.90 -1.00 -1.00 1 102.0 
80.07 -1.00 -1.00 1 102.0 
80.21 -1.00 -1.00 1 102.0 
80.40 -1.00 -1.00 1 102.0 
80.54 -1.00 -1.00 1 102.6 
80.70 -1.00 -1.00 2 102.6 
80.83 -1.00 -1.00 2 102.6 
81.00 -1.00 -1.00 2 102.6 
81.12 -1.00 -1.00 2 102.6 
81.27 -1.00 -1.00 3 102.6 
81.49 -1.00 -1.00 3 102.6 
81.67 -1.00 -1.00 3 104.8 
81.82 -1.00 -1.00 3 104.8 
81.99 -1.00 -1.00 2 104.8 
82.12 -1.00 -1.00 2 104.8 
82.26 -1.00 -1.00 2 104.8 
82.42 -1.00 -1.00 2 104.8 
82.56 -1.00 -1.00 2 105.8 
82.71 -1.00 -1.00 2 105.8 
82.86 -1.00 -1.00 2 105.8 
83.00 -1.00 -1.00 2 105.8 
83.17 -1.00 -1.00 2 105.8 
83.33 -1.00 -1.00 2 105.8 
83.50 -1.00 -1.00 2 105.8 
83.68 -1.00 -1.00 1 104.7 
83.84 -1.00 -1.00 1 104.7 
83.99 -1.00 -1.00 2 104.7 
84.16 -1.00 -1.00 2 104.7 
84.31 -1.00 -1.00 2 104.7 
84.52 -1.00 -1.00 2 104.7 
84.69 -1.00 -1.00 3 103.7 
84.86 -1.00 -1.00 3 103.7 
85.01 -1.00 -1.00 3 103.7 
85.15 -1.00 -1.00 3 103.7 
85.32 -1.00 -1.00 3 103.7 
85.54 -1.00 -1.00 2 103.7 
85.67 -1.00 -1.00 2 102.5 
85.85 -1.00 -1.00 2 102.5 
85.98 -1.00 -1.00 2 102.5 
86.14 -1.00 -1.00 2 102.5 
86.27 -1.00 -1.00 2 102.5 
86.49 -1.00 -1.00 3 102.5 
86.65 -1.00 -1.00 3 102.4 
86.80 -1.00 -1.00 4 102.4 
86.97 -1.00 -1.00 3 102.4 
87.10 -1.00 -1.00 3 102.4 
87.28 -1.00 -1.00 3 102.4 
87.50 -1.00 -1.00 3 102.4 
87.63 -1.00 -1.00 3 103.3 
87.79 -1.00 -1.00 3 103.3 
87.94 -1.00 -1.00 3 103.3 
88.07 -1.00 -1.00 3 103.3 
88.24 -1.00 -1.00 3 103.3 
88.41 -1.00 -1.00 3 103.3 
88.58 -1.00 -1.00 2 102.6 
88.73 -1.00 -1.00 2 102.6 
88.88 -1.00 -1.00 2 102.6 
89.04 -1.00 -1.00 2 102.6 
89.18 -1.00 -1.00 2 102.6 
89.38 -1.00 -1.00 2 102.6 
89.50 -1.00 -1.00 2 102.1 
89.66 -1.00 -1.00 2 102.1 
89.81 -1.00 -1.00 2 102.1 
89.92 -1.00 -1.00 2 102.1 
90.08 -1.00 -1.00 2 102.1 
90.23 -1.00 -1.00 2 102.1 
90.37 -1.00 -1.00 2 102.1 
90.52 -1.00 -1.00 2 102.1 
90.67 -1.00 -1.00 2 100.7 
90.80 -1.00 -1.00 2 100.7 
90.94 -1.00 -1.00 2 100.7 
91.06 -1.00 -1.00 2 100.7 
91.20 -1.00 -1.00 2 100.7 
91.33 -1.00 -1.00 2 100.7 
91.47 -1.00 -1.00 2 100.7 
91.63 -1.00 -1.00 0 98.9 
91.72 -1.00 -1.00 0 98.9 
91.84 -1.00 -1.00 0 98.9 
91.94 -1.00 -1.00 0 98.9 
92.04 -1.00 -1.00 0 98.9 
92.15 -1.00 -1.00 0 98.9 
92.38 -1.00 -1.00 0 98.9 
92.51 -1.00 -1.00 0 97.0 
92.60 -1.00 -1.00 0 97.0 
92.67 -1.00 -1.00 0 97.0 
92.78 -1.00 -1.00 0 97.0 
92.86 -1.00 -1.00 0 97.0 
92.95 -1.00 -1.00 0 97.0 
93.05 -1.00 -1.00 0 97.0 
93.17 -1.00 -1.00 0 97.0 
93.27 -1.00 -1.00 0 97.0 
93.38 -1.00 -1.00 0 97.0 
93.52 -1.00 -1.00 0 97.0 
93.74 -1.00 -1.00 0 95.1 
93.84 -1.00 -1.00 0 95.1 
93.95 -1.00 -1.00 0 95.1 
94.07 -1.00 -1.00 0 95.1 
94.19 -1.00 -1.00 0 95.1 
94.31 -1.00 -1.00 0 95.1 
94.42 -1.00 -1.00 0 95.1 
94.55 -1.00 -1.00 0 95.2 
94.64 -1.00 -1.00 0 95.2 
94.75 -1.00 -1.00 0 95.2 
94.85 -1.00 -1.00 0 95.2 
94.94 -1.00 -1.00 0 95.2 
95.06 -1.00 -1.00 0 95.2 
95.19 -1.00 -1.00 0 95.2 
95.29 -1.00 -1.00 0 95.2 
95.46 -1.00 -1.00 0 95.2 
95.58 -1.00 -1.00 0 95.3 
95.67 -1.00 -1.00 0 95.3 
95.78 -1.00 -1.00 0 95.3 
95.88 -1.00 -1.00 0 95.3 
96.00 -1.00 -1.00 0 95.3 
96.14 -1.00 -1.00 0 95.3 
96.26 -1.00 -1.00 0 95.3 
96.41 -1.00 -1.00 0 95.3 
96.50 -1.00 -1.00 0 95.1 
96.59 -1.00 -1.00 0 95.1 
96.67 -1.00 -1.00 0 95.1 
96.79 -1.00 -1.00 1 95.1 
96.89 -1.00 -1.00 0 95.1 
96.97 -1.00 -1.00 0 95.1 
97.06 -1.00 -1.00 0 95.1 
97.16 -1.00 -1.00 0 95.1 
97.26 -1.00 -1.00 0 95.1 
97.32 -1.00 -1.00 0 95.1 
97.42 -1.00 -1.00 0 95.1 
97.52 -1.00 -1.00 0 94.5 
97.61 -1.00 -1.00 0 94.5 
97.73 -1.00 -1.00 0 94.5 
97.80 -1.00 -1.00 0 94.5 
97.88 -1.00 -1.00 0 94.5 
97.96 -1.00 -1.00 0 94.5 
98.05 -1.00 -1.00 0 94.5 
98.13 -1.00 -1.00 0 94.5 
98.20 -1.00 -1.00 0 94.5 
98.29 -1.00 -1.00 0 94.5 
98.40 -1.00 -1.00 0 94.5 
98.51 -1.00 -1.00 0 94.1 
98.59 -1.00 -1.00 0 94.1 
98.68 -1.00 -1.00 0 94.1 
98.78 -1.00 -1.00 0 94.1 
98.92 -1.00 -1.00 0 94.1 
99.01 -1.00 -1.00 0 94.1 
99.17 -1.00 -1.00 0 94.1 
99.31 29.91 1.14 1 94.1 
99.51 29.91 1.14 1 94.1 
99.67 29.90 1.14 1 94.2 
99.85 29.89 1.14 1 94.2 
99.99 30.15 1.15 1 94.2 
100.15 30.40 1.16 1 94.2 
100.34 -1.00 -1.00 1 94.2 
100.50 -1.00 -1.00 1 94.2 
100.67 -1.00 -1.00 1 94.2 
100.84 -1.00 -1.00 1 94.2 
100.98 -1.00 -1.00 1 94.2 
101.14 -1.00 -1.00 1 94.2 
101.29 -1.00 -1.00 1 94.2 
101.47 -1.00 -1.00 2 94.2 
101.65 -1.00 -1.00 2 93.1 
101.79 -1.00 -1.00 2 93.1 
101.98 -1.00 -1.00 2 93.1 
102.12 -1.00 -1.00 2 93.1 
102.26 -1.00 -1.00 2 93.1 
102.47 -1.00 -1.00 2 93.1 
102.62 -1.00 -1.00 2 94.1 
102.79 -1.00 -1.00 2 94.1 
102.95 -1.00 -1.00 2 94.1 
103.13 -1.00 -1.00 2 94.1 
103.28 -1.00 -1.00 2 94.1 
103.49 -1.00 -1.00 2 94.1 
103.69 -1.00 -1.00 3 93.9 
103.88 -1.00 -1.00 3 93.9 
104.04 -1.00 -1.00 3 93.9 
104.21 -1.00 -1.00 4 93.9 
104.43 -1.00 -1.00 4 93.9 
104.63 -1.00 -1.00 3 94.1 
104.83 -1.00 -1.00 3 94.1 
105.02 -1.00 -1.00 3 94.1 
105.19 -1.00 -1.00 3 94.1 
105.33 -1.00 -1.00 3 94.1 
105.55 -1.00 -1.00 3 94.1 
105.74 -1.00 -1.00 3 95.7 
105.88 -1.00 -1.00 2 95.7 
106.03 -1.00 -1.00 2 95.7 
106.21 -1.00 -1.00 2 95.7 
106.43 -1.00 -1.00 2 95.7 
106.61 -1.00 -1.00 2 99.0 
106.76 -1.00 -1.00 2 99.0 
106.94 -1.00 -1.00 2 99.0 
107.11 -1.00 -1.00 2 99.0 
107.27 -1.00 -1.00 2 99.0 
107.44 -1.00 -1.00 2 99.0 
107.58 -1.00 -1.00 2 102.7 
107.74 -1.00 -1.00 2 102.7 
107.88 -1.00 -1.00 2 102.7 
108.04 -1.00 -1.00 2 102.7 
108.17 -1.00 -1.00 2 102.7 
108.34 -1.00 -1.00 2 102.7 
108.54 -1.00 -1.00 2 102.7 
108.68 -1.00 -1.00 1 104.5 
108.83 -1.00 -1.00 1 104.5 
108.98 -1.00 -1.00 1 104.5 
109.11 -1.00 -1.00 1 104.5 
109.26 -1.00 -1.00 1 104.5 
109.48 -1.00 -1.00 1 104.5 
109.62 -1.00 -1.00 1 107.7 
109.78 -1.00 -1.00 1 107.7 
109.96 -1.00 -1.00 1 107.7 
110.13 -1.00 -1.00 1 107.7 
110.26 -1.00 -1.00 1 107.7 
110.41 -1.00 -1.00 1 107.7 
110.59 -1.00 -1.00 1 110.6 
110.71 -1.00 -1.00 1 110.6 
110.89 -1.00 -1.00 1 110.6 
111.01 -1.00 -1.00 1 110.6 
111.16 -1.00 -1.00 1 110.6 
111.34 -1.00 -1.00 1 110.6 
111.53 -1.00 -1.00 1 110.6 
111.64 -1.00 -1.00 2 110.3 
111.81 -1.00 -1.00 2 110.3 
111.95 -1.00 -1.00 1 110.3 
112.10 -1.00 -1.00 1 110.3 
112.23 -1.00 -1.00 1 110.3 
112.44 -1.00 -1.00 1 110.3 
112.60 -1.00 -1.00 1 108.5 
112.78 -1.00 -1.00 1 108.5 
112.92 -1.00 -1.00 1 108.5 
113.09 -1.00 -1.00 1 108.5 
113.21 -1.00 -1.00 0 108.5 
113.37 -1.00 -1.00 0 108.5 
113.56 -1.00 -1.00 0 108.5 
113.84 -1.00 -1.00 0 106.8 
114.01 -1.00 -1.00 0 106.8 
114.17 -1.00 -1.00 0 106.8 
114.29 -1.00 -1.00 0 106.8 
114.48 -1.00 -1.00 0 106.8 
114.64 -1.00 -1.00 0 104.9 
114.78 -1.00 -1.00 0 104.9 
114.93 -1.00 -1.00 0 104.9 
115.07 -1.00 -1.00 0 104.9 
115.21 -1.00 -1.00 0 104.9 
115.39 -1.00 -1.00 0 104.9 
115.55 -1.00 -1.00 0 104.9 
115.68 -1.00 -1.00 0 103.2 
115.84 -1.00 -1.00 0 103.2 
115.97 -1.00 -1.00 0 103.2 
116.13 -1.00 -1.00 0 103.2 
116.24 -1.00 -1.00 0 103.2 
116.43 -1.00 -1.00 0 103.2 
116.57 -1.00 -1.00 0 101.7 
116.70 -1.00 -1.00 0 101.7 
116.88 -1.00 -1.00 0 101.7 
117.04 -1.00 -1.00 0 101.7 
117.20 -1.00 -1.00 0 101.7 
117.42 -1.00 -1.00 0 101.7 
117.61 -1.00 -1.00 0 101.0 
117.78 -1.00 -1.00 0 101.0 
117.97 -1.00 -1.00 0 101.0 
118.12 -1.00 -1.00 0 101.0 
118.31 -1.00 -1.00 0 101.0 
118.52 -1.00 -1.00 0 101.0 
118.72 -1.00 -1.00 0 101.1 
118.89 -1.00 -1.00 0 101.1 
119.01 -1.00 -1.00 0 101.1 
119.18 -1.00 -1.00 0 101.1 
119.42 -1.00 -1.00 1 101.1 
119.59 -1.00 -1.00 1 100.5 
119.80 -1.00 -1.00 1 100.5 
119.97 -1.00 -1.00 1 100.5 
120.15 -1.00 -1.00 2 100.5 
120.31 -1.00 -1.00 2 100.5 
120.54 -1.00 -1.00 2 100.5 
120.71 -1.00 -1.00 1 101.8 
120.92 -1.00 -1.00 1 101.8 
121.08 -1.00 -1.00 1 101.8 
121.28 -1.00 -1.00 1 101.8 
121.46 -1.00 -1.00 1 101.8 
121.66 -1.00 -1.00 1 106.3 
121.83 -1.00 -1.00 1 106.3 
122.03 -1.00 -1.00 1 106.3 
122.21 -1.00 -1.00 1 106.3 
122.45 -1.00 -1.00 1 106.3 
122.62 -1.00 -1.00 1 106.2 
122.85 -1.00 -1.00 1 106.2 
123.03 9.05 0.31 1 106.2 
123.19 -1.00 -1.00 1 106.2 
123.35 10.54 0.36 1 106.2 
123.63 10.75 0.36 1 106.2 
123.82 -1.00 -1.00 1 104.7 
123.97 10.96 0.38 1 104.7 
124.10 10.87 0.37 1 104.7 
124.30 11.16 0.38 1 104.7 
124.46 11.37 0.39 1 104.7 
124.64 -1.00 -1.00 1 103.2 
124.80 -1.00 -1.00 1 103.2 
124.98 -1.00 -1.00 1 103.2 
125.20 11.45 0.40 1 103.2 
125.37 11.67 0.41 1 103.2 
125.59 11.84 0.41 1 103.2 
125.79 12.05 0.43 1 101.4 
125.93 12.31 0.44 1 101.4 
126.10 12.40 0.44 1 101.4 
126.25 12.56 0.45 1 101.4 
126.43 12.89 0.46 1 101.4 
126.64 13.35 0.48 1 100.8 
126.80 13.69 0.49 1 100.8 
126.95 13.84 0.49 1 100.8 
127.15 14.07 0.50 1 100.8 
127.31 14.04 0.50 1 100.8 
127.48 14.10 0.50 1 100.8 
127.61 14.27 0.50 1 102.1 
127.77 14.40 0.51 1 102.1 
127.90 14.50 0.51 1 102.1 
128.03 14.68 0.52 1 102.1 
128.21 15.08 0.53 1 102.1 
128.49 15.39 0.54 1 102.1 
128.68 16.08 0.56 1 103.7 
128.83 16.45 0.57 1 103.7 
128.99 16.89 0.59 1 103.7 
129.18 17.24 0.60 1 103.7 
129.39 17.36 0.60 1 103.7 
129.57 17.32 0.60 1 104.4 
129.72 17.41 0.60 1 104.4 
129.90 17.65 0.61 1 104.4 
130.03 18.00 0.62 1 104.4 
130.21 18.10 0.62 1 104.4 
130.42 18.36 0.63 1 104.4 
130.60 18.73 0.65 1 104.2 
130.74 18.84 0.65 1 104.2 
130.94 18.77 0.65 1 104.2 
131.11 17.94 0.62 1 104.2 
131.31 17.88 0.62 1 104.2 
131.51 17.18 0.59 1 104.2 
131.71 17.80 0.62 1 103.9 
131.88 18.28 0.63 1 103.9 
132.06 19.06 0.66 1 103.9 
132.20 19.26 0.67 1 103.9 
132.46 20.59 0.71 1 103.9 
132.63 -1.00 -1.00 0 103.4 
132.79 -1.00 -1.00 0 103.4 
132.94 56.09 1.95 1 103.4 
133.14 57.17 1.99 1 103.4 
133.28 55.76 1.94 1 103.4 
133.52 53.97 1.88 1 103.4 
134.00 51.75 1.83 1 101.6 
134.18 49.44 1.75 1 101.6 
134.45 46.79 1.66 1 101.6 
134.60 44.34 1.57 1 101.7 
134.78 41.75 1.48 1 101.7 
134.97 39.34 1.39 1 101.7 
135.13 37.33 1.32 1 101.7 
135.39 -1.00 -1.00 1 101.7 
135.54 36.50 1.28 1 102.7 
135.74 35.98 1.26 1 102.7 
135.89 35.55 1.25 1 102.7 
136.05 35.18 1.23 1 102.7 
136.27 35.21 1.23 1 102.7 
136.54 34.56 1.21 1 102.7 
136.71 34.68 1.18 1 105.9 
136.90 34.44 1.17 1 105.9 
137.09 34.58 1.18 1 105.9 
137.28 34.72 1.18 1 105.9 
137.52 34.84 1.18 1 105.9 
137.73 35.34 1.18 1 107.9 
137.87 35.38 1.18 1 107.9 
138.05 35.81 1.20 1 107.9 
138.25 35.76 1.19 1 107.9 
138.48 36.13 1.21 1 107.9 
138.65 36.05 1.21 1 107.1 
138.86 36.38 1.22 1 107.1 
139.01 36.26 1.22 1 107.1 
139.23 36.17 1.22 1 107.1 
139.38 36.51 1.23 1 107.1 
139.63 36.79 1.24 1 107.1 
139.82 37.04 1.24 1 107.5 
140.08 36.83 1.23 1 107.5 
140.28 36.66 1.23 1 107.5 
140.51 36.93 1.24 1 107.5 
140.67 37.15 1.21 1 111.0 
140.89 37.81 1.23 1 111.0 
141.12 37.91 1.23 1 111.0 
141.30 37.97 1.23 1 111.0 
141.55 38.05 1.23 1 111.0 
141.73 38.09 1.22 2 112.5 
141.95 38.14 1.22 2 112.5 
142.16 38.19 1.22 2 112.5 
142.33 37.82 1.21 2 112.5 
142.60 37.92 1.21 2 112.5 
142.78 37.21 1.18 2 113.7 
142.97 36.60 1.16 2 113.7 
143.11 36.47 1.16 2 113.7 
143.28 36.35 1.15 2 113.7 
143.49 36.24 1.15 2 113.7 
143.87 35.77 1.11 2 115.5 
144.02 35.39 1.10 2 115.5 
144.23 35.06 1.09 2 115.5 
144.46 34.78 1.08 2 115.5 
144.67 34.55 1.05 2 118.7 
144.84 34.01 1.03 2 118.7 
145.00 33.57 1.02 2 118.7 
145.18 33.19 1.01 2 118.7 
145.35 33.22 1.01 2 118.7 
145.60 32.90 1.00 2 118.7 
145.82 32.99 0.98 2 121.6 
146.05 33.06 0.98 2 121.6 
146.25 32.78 0.97 2 121.6 
146.44 32.90 0.97 2 121.6 
146.67 33.00 0.96 2 123.7 
146.83 32.75 0.95 2 123.7 
147.06 32.52 0.95 2 123.7 
147.27 29.54 0.86 2 123.7 
147.49 32.18 0.94 2 123.7 
147.66 32.05 0.94 2 123.0 
147.86 31.94 0.93 2 123.0 
148.04 31.54 0.92 2 123.0 
148.19 31.53 0.92 2 123.0 
148.41 31.53 0.92 2 123.0 
148.60 30.92 0.91 2 122.4 
148.78 31.03 0.91 2 122.4 
148.98 30.80 0.91 2 122.4 
149.16 30.32 0.89 2 122.4 
149.40 29.92 0.88 2 122.4 
149.58 29.32 0.87 2 120.9 
149.74 28.82 0.86 2 120.9 
149.94 28.17 0.84 2 120.9 
150.14 27.87 0.83 2 120.9 
150.29 27.91 0.83 2 120.9 
150.55 27.42 0.82 2 120.9 
150.70 27.26 0.83 2 118.9 
150.87 26.67 0.81 2 118.9 
151.10 26.40 0.80 2 118.9 
151.29 26.44 0.80 2 118.9 
151.44 26.00 0.79 2 118.9 
151.64 25.87 0.79 2 117.4 
151.82 26.03 0.80 2 117.4 
151.99 25.68 0.79 2 117.4 
152.20 25.39 0.78 2 117.4 
152.45 25.39 0.78 3 117.4 
152.62 24.75 0.77 3 115.9 
152.83 24.04 0.75 3 115.9 
153.03 23.85 0.74 3 115.9 
153.19 23.70 0.74 3 115.9 
153.45 23.39 0.73 2 115.9 
153.70 22.94 0.71 2 115.5 
153.87 22.59 0.70 2 115.5 
154.06 22.50 0.70 3 115.5 
154.32 22.65 0.71 3 115.5 
154.54 22.56 0.70 3 115.5 
154.79 22.93 0.72 3 115.2 
155.02 22.81 0.71 3 115.2 
155.21 22.34 0.70 3 115.2 
155.46 22.54 0.70 3 115.2 
155.69 22.15 0.70 3 114.1 
155.87 22.20 0.70 3 114.1 
156.07 21.87 0.69 3 114.1 
156.23 21.61 0.68 3 114.1 
156.49 21.77 0.69 3 114.1 
156.73 21.72 0.69 3 113.4 
156.92 21.69 0.69 3 113.4 
157.15 21.66 0.69 3 113.4 
157.33 21.65 0.69 3 113.4 
157.58 21.45 0.68 3 113.4 
157.76 21.50 0.68 3 113.1 
157.99 21.52 0.68 3 113.1 
158.18 21.37 0.68 3 113.1 
158.40 21.23 0.68 3 113.1 
158.61 21.73 0.69 3 113.9 
158.86 21.55 0.68 3 113.9 
159.07 21.77 0.69 3 113.9 
159.35 21.96 0.69 2 113.9 
159.62 21.30 0.67 2 113.9 
159.80 21.21 0.66 2 115.4 
160.00 21.15 0.66 2 115.4 
160.22 20.92 0.65 2 115.4 
160.41 20.92 0.65 2 115.4 
160.61 20.76 0.65 2 115.4 
160.82 20.62 0.64 2 115.4 
161.05 20.87 0.65 2 115.4 
161.26 20.73 0.65 2 115.4 
161.46 20.78 0.65 2 115.4 
161.70 21.00 0.66 3 114.7 
161.91 20.68 0.65 3 114.7 
162.14 20.58 0.65 3 114.7 
162.38 20.66 0.65 3 114.7 
162.62 20.92 0.66 3 114.7 
162.89 20.77 0.66 3 113.5 
163.16 20.66 0.65 3 113.5 
163.43 20.72 0.66 3 113.5 
163.70 20.63 0.66 3 112.0 
163.93 20.72 0.67 3 112.0 
164.16 20.63 0.66 3 112.0 
164.40 20.40 0.66 3 112.0 
164.63 20.72 0.67 3 110.9 
164.84 20.80 0.68 3 110.9 
165.05 20.87 0.68 2 110.9 
165.25 20.76 0.67 2 110.9 
165.45 21.21 0.69 2 110.9 
165.68 21.05 0.68 2 110.7 
165.85 21.08 0.69 2 110.7 
166.02 21.28 0.69 2 110.7 
166.16 21.64 0.70 2 110.7 
166.44 22.36 0.73 2 110.7 
166.66 22.31 0.73 2 110.3 
166.86 22.29 0.73 2 110.3 
167.06 22.26 0.73 2 110.3 
167.25 22.07 0.72 2 110.3 
167.44 22.08 0.72 2 110.3 
167.66 22.10 0.71 2 111.6 
167.84 22.11 0.71 2 111.6 
168.01 22.51 0.73 2 111.6 
168.23 22.63 0.73 2 111.6 
168.48 22.54 0.73 2 111.6 
168.72 22.86 0.74 2 110.9 
168.94 22.91 0.74 2 110.9 
169.18 23.16 0.75 2 110.9 
169.36 23.16 0.75 2 110.9 
169.54 22.98 0.75 2 110.9 
169.72 23.01 0.75 2 109.8 
169.91 23.04 0.76 2 109.8 
170.15 23.08 0.76 2 109.8 
170.34 23.09 0.76 2 109.8 
170.60 23.30 0.76 2 109.8 
170.76 23.48 0.77 2 109.3 
170.93 23.63 0.78 2 109.3 
171.18 23.73 0.78 2 109.3 
171.48 23.83 0.79 2 109.3 
171.65 23.91 0.79 2 108.9 
171.84 23.97 0.79 2 108.9 
172.03 24.02 0.79 2 108.9 
172.30 23.67 0.78 2 108.9 
172.61 23.98 0.79 2 108.9 
172.80 23.65 0.77 2 110.4 
173.04 23.75 0.77 2 110.4 
173.25 23.84 0.78 2 110.4 
173.42 23.91 0.78 2 110.4 
173.65 23.95 0.76 2 113.1 
173.83 24.22 0.77 2 113.1 
174.01 24.43 0.78 2 113.1 
174.20 24.59 0.78 2 113.1 
174.46 24.53 0.78 2 113.1 
174.69 24.67 0.79 2 113.0 
174.88 25.27 0.81 2 113.0 
175.04 25.30 0.81 1 113.0 
175.27 25.09 0.80 1 113.0 
175.47 25.61 0.82 1 113.0 
175.68 25.56 0.81 1 113.3 
175.88 25.50 0.81 1 113.3 
176.11 25.96 0.83 1 113.3 
176.30 25.84 0.82 1 113.3 
176.61 24.84 0.79 1 113.3 
176.88 24.91 0.80 1 111.8 
177.14 24.97 0.80 1 111.8 
177.35 25.26 0.81 1 111.8 
177.60 25.48 0.82 1 111.8 
177.81 25.67 0.84 1 109.7 
178.03 25.60 0.84 1 109.7 
178.19 25.54 0.84 1 109.7 
178.46 25.47 0.84 1 109.7 
178.73 25.67 0.84 1 109.7 
178.90 25.82 0.85 1 109.7 
179.14 26.18 0.86 1 109.7 
179.41 26.49 0.87 1 109.7 
179.66 26.49 0.86 1 111.4 
179.83 26.49 0.86 1 111.4 
180.03 26.49 0.86 1 111.4 
180.19 26.74 0.86 1 111.4 
180.41 26.94 0.87 1 111.4 
180.64 26.85 0.85 1 113.1 
180.87 26.77 0.85 1 113.1 
181.08 26.71 0.85 1 113.1 
181.29 26.89 0.86 1 113.1 
181.57 27.06 0.86 1 113.1 
181.81 27.46 0.87 1 113.6 
182.03 27.79 0.88 1 113.6 
182.19 28.36 0.90 1 113.6 
182.47 28.53 0.90 1 113.6 
182.69 28.68 0.91 1 112.9 
182.87 28.30 0.90 1 112.9 
183.04 28.22 0.90 1 112.9 
183.23 28.12 0.90 1 112.9 
183.83 28.32 0.89 1 114.6 
184.01 27.98 0.88 1 114.6 
184.25 27.69 0.87 1 114.6 
184.52 27.46 0.86 1 114.6 
184.75 27.25 0.84 2 117.0 
184.96 27.33 0.84 2 117.0 
185.13 41.37 1.27 2 117.0 
185.34 41.35 1.27 2 117.0 
185.62 41.62 1.28 2 117.0 
185.79 41.58 1.27 2 117.5 
186.04 41.89 1.28 2 117.5 
186.24 41.81 1.28 2 117.5 
186.53 42.13 1.29 2 117.5 
186.77 41.99 1.30 2 116.5 
186.93 41.51 1.28 2 116.5 
187.11 40.74 1.26 2 116.5 
187.35 40.39 1.25 2 116.5 
187.62 40.07 1.24 2 116.5 
187.86 40.71 1.26 2 116.1 
188.09 40.36 1.25 2 116.1 
188.32 39.67 1.23 2 116.1 
188.52 38.71 1.20 2 116.1 
188.79 37.87 1.18 3 115.6 
188.98 37.14 1.16 3 115.6 
189.23 36.50 1.14 3 115.6 
189.42 36.34 1.13 3 115.6 
189.62 36.17 1.14 3 113.9 
189.83 35.36 1.12 3 113.9 
189.99 34.98 1.11 3 113.9 
190.21 34.32 1.08 3 113.9 
190.44 33.45 1.06 3 113.9 
190.68 33.02 1.06 3 112.4 
190.87 32.67 1.05 3 112.4 
191.09 32.74 1.05 3 112.4 
191.30 32.13 1.03 3 112.4 
191.60 31.62 1.01 3 112.4 
191.81 31.18 1.01 3 111.1 
192.09 30.83 1.00 3 111.1 
192.28 30.25 0.98 3 111.1 
192.58 29.49 0.96 3 111.1 
192.78 28.85 0.95 3 109.4 
193.01 28.09 0.92 3 109.4 
193.25 27.45 0.90 3 109.4 
193.48 26.93 0.89 3 109.4 
193.68 26.54 0.87 3 109.4 
193.93 25.96 0.85 4 109.4 
194.15 25.75 0.85 4 109.4 
194.45 25.34 0.83 4 109.4 
194.69 25.01 0.82 2 109.8 
194.92 24.53 0.80 2 109.8 
195.15 24.39 0.80 2 109.8 
195.40 24.52 0.80 2 109.8 
195.65 24.64 0.80 2 111.4 
195.88 24.75 0.80 2 111.4 
196.10 24.84 0.80 2 111.4 
196.31 24.46 0.79 2 111.4 
196.59 24.16 0.78 2 111.4 
196.80 23.71 0.76 2 112.6 
197.03 23.35 0.75 2 112.6 
197.24 22.87 0.73 2 112.6 
197.46 22.49 0.72 2 112.6 
197.70 21.67 0.69 2 112.9 
197.90 21.01 0.67 2 112.9 
198.10 20.85 0.66 2 112.9 
198.36 20.72 0.66 2 112.9 
198.63 20.84 0.66 2 112.9 
198.87 20.92 0.67 3 112.9 
199.04 21.19 0.68 3 112.9 
199.30 20.86 0.67 3 112.9 
199.58 20.43 0.65 3 112.9 
199.81 19.96 0.64 2 112.1 
199.99 19.42 0.62 2 112.1 
200.22 19.32 0.62 2 112.1 
200.53 19.09 0.61 2 112.1 
200.78 18.76 0.61 2 110.3 
201.02 18.66 0.61 2 110.3 
201.23 18.31 0.60 2 110.3 
201.51 18.02 0.59 2 110.3 
201.67 17.96 0.60 2 107.5 
201.88 17.77 0.60 2 107.5 
202.14 17.63 0.59 2 107.5 
202.30 17.53 0.59 2 107.5 
202.55 17.46 0.58 2 107.5 
202.84 17.41 0.58 2 107.3 
203.01 17.12 0.57 2 107.3 
203.24 16.78 0.56 2 107.3 
203.51 16.63 0.56 2 107.3 
203.72 16.53 0.56 2 107.2 
204.01 16.73 0.56 2 107.2 
204.27 16.75 0.56 3 107.2 
204.49 16.78 0.56 3 107.2 
204.78 16.80 0.56 3 107.7 
204.97 16.70 0.56 3 107.7 
205.26 16.51 0.55 3 107.7 
205.50 16.16 0.54 3 107.7 
205.80 16.10 0.53 3 108.4 
206.06 15.83 0.53 3 108.4 
206.31 15.75 0.52 3 108.4 
206.62 15.57 0.52 3 108.4 
206.91 15.45 0.51 3 109.7 
207.09 15.45 0.51 3 109.7 
207.42 15.36 0.50 3 109.7 
207.66 15.20 0.50 3 109.7 
207.90 14.78 0.49 3 109.7 
208.12 14.55 0.48 4 109.7 
208.42 14.29 0.47 4 109.7 
208.71 14.19 0.46 5 111.0 
209.05 14.01 0.45 3 111.0 
209.31 13.78 0.45 3 111.0 
209.62 13.62 0.44 3 111.0 
209.92 13.18 0.43 3 111.5 
210.23 -1.00 -1.00 3 111.5 
210.55 12.41 0.40 3 111.5 
210.84 12.72 0.40 3 113.2 
211.10 13.14 0.42 2 113.2 
211.29 13.58 0.43 2 113.2 
211.57 13.93 0.44 2 113.2 
211.77 14.61 0.45 2 115.9 
212.01 15.16 0.47 2 115.9 
212.21 15.95 0.50 2 115.9 
212.48 16.44 0.51 2 115.9 
212.74 16.71 0.51 2 117.5 
212.98 17.17 0.53 2 117.5 
213.26 17.54 0.54 2 117.5 
213.91 18.21 0.55 1 120.0 
214.11 18.82 0.56 1 120.0 
214.43 19.30 0.58 1 120.0 
214.72 19.85 0.58 1 123.6 
215.00 20.46 0.60 1 123.6 
215.32 20.95 0.61 1 123.6 
215.55 21.00 0.61 1 123.6 
215.89 21.20 0.61 1 125.9 
216.12 21.55 0.62 1 125.9 
216.41 21.82 0.62 1 125.9 
216.68 22.23 0.62 1 128.5 
216.93 23.24 0.65 1 128.5 
217.18 23.58 0.66 1 128.5 
217.52 24.07 0.67 1 128.5 
217.78 24.48 0.68 1 130.0 
218.08 24.81 0.69 1 130.0 
218.27 25.06 0.69 1 130.0 
218.56 25.05 0.69 1 130.0 
218.83 25.24 0.71 1 128.7 
219.10 25.19 0.70 1 128.7 
219.30 25.12 0.70 1 128.7 
219.59 25.05 0.70 1 128.7 
219.79 24.61 0.69 1 127.5 
220.05 24.83 0.70 1 127.5 
220.24 25.03 0.71 1 127.5 
220.55 25.18 0.71 1 127.5 
220.77 24.67 0.69 2 128.0 
220.99 24.43 0.69 2 128.0 
221.16 24.67 0.69 2 128.0 
221.41 24.86 0.70 2 128.0 
221.58 25.54 0.72 2 128.0 
221.83 25.34 0.70 2 129.6 
222.08 25.40 0.71 2 129.6 
222.25 25.97 0.72 2 129.6 
222.55 26.41 0.73 2 129.6 
222.81 27.05 0.76 2 128.6 
222.97 26.40 0.74 2 128.6 
223.23 26.00 0.73 2 128.6 
223.53 25.91 0.73 2 128.6 
223.74 25.81 0.73 2 127.3 
224.01 25.51 0.72 2 127.3 
224.19 25.73 0.73 2 127.3 
224.47 25.91 0.73 2 127.3 
224.71 26.30 0.74 2 127.9 
224.96 26.35 0.74 2 127.9 
225.17 26.67 0.75 3 127.9 
225.47 27.20 0.77 3 127.9 
225.71 27.96 0.78 3 129.7 
225.98 -1.00 -1.00 3 129.7 
226.16 29.70 0.82 3 129.7 
226.49 30.35 0.84 3 129.7 
226.80 30.53 0.85 2 129.1 
227.05 31.40 0.88 2 129.1 
227.31 31.41 0.88 3 129.1 
227.64 31.75 0.89 2 129.1 
227.86 32.02 0.91 2 127.0 
228.10 31.90 0.90 2 127.0 
228.35 32.12 0.91 2 127.0 
228.64 32.31 0.92 2 127.0 
228.90 32.46 0.94 2 124.6 
229.16 31.94 0.92 2 124.6 
229.51 31.48 0.91 2 124.6 
229.76 30.81 0.91 2 122.4 
229.99 30.23 0.89 2 122.4 
230.24 30.02 0.88 2 122.4 
230.53 30.16 0.89 2 122.4 
230.80 30.61 0.90 3 122.6 
231.07 30.64 0.90 3 122.6 
231.34 30.35 0.89 3 122.6 
231.60 29.83 0.88 2 122.6 
231.88 29.14 0.86 2 122.4 
232.12 28.81 0.85 2 122.4 
232.31 28.54 0.84 2 122.4 
232.60 28.91 0.85 2 122.4 
232.87 28.91 0.83 2 124.7 
233.19 29.22 0.84 2 124.7 
233.44 28.89 0.83 2 124.7 
233.90 29.18 0.83 1 127.0 
234.11 29.44 0.83 1 127.0 
234.42 29.06 0.82 1 127.0 
234.67 28.49 0.80 1 128.5 
234.87 28.55 0.80 1 128.5 
235.11 28.60 0.80 1 128.5 
235.33 28.64 0.80 1 128.5 
235.61 28.69 0.80 1 128.5 
235.87 28.18 0.77 1 131.0 
236.07 28.00 0.77 1 131.0 
236.28 28.15 0.77 1 131.0 
236.52 28.28 0.78 1 131.0 
236.72 28.38 0.77 1 133.3 
236.95 28.17 0.76 2 133.3 
237.17 27.74 0.75 2 133.3 
237.46 27.14 0.73 2 133.3 
237.71 26.90 0.71 2 136.0 
237.99 26.44 0.70 2 136.0 
238.32 26.58 0.70 2 136.0 
238.57 26.71 0.71 2 136.0 
238.86 26.81 0.71 2 136.0 
239.12 26.63 0.70 2 136.0 
239.50 25.81 0.68 2 136.0 
239.74 25.34 0.68 2 134.8 
240.04 24.95 0.67 2 134.8 
240.32 24.42 0.65 2 134.8 
240.75 24.00 0.64 2 134.8 
241.01 23.27 0.60 2 138.6 
241.33 22.50 0.58 2 138.6 
241.74 21.57 0.56 2 138.6 
242.06 20.98 0.54 2 140.7 
242.49 20.35 0.52 2 140.7 
242.85 19.86 0.52 1 136.9 
243.18 19.18 0.50 1 136.9 
243.38 18.27 0.48 1 136.9 
243.76 17.56 0.46 1 136.9 
243.96 17.27 0.46 1 135.8 
244.27 16.69 0.44 2 135.8 
244.61 16.02 0.42 1 135.8 
244.81 15.31 0.41 1 135.5 
245.03 14.98 0.40 2 135.5 
245.29 14.54 0.39 2 135.5 
245.61 13.56 0.36 1 135.5 
245.87 12.81 0.35 2 133.6 
246.17 11.84 0.32 2 133.6 
246.42 10.94 0.29 1 133.6 
246.65 9.83 0.27 1 131.5 
246.87 9.13 0.25 1 131.5 
247.06 8.56 0.23 1 131.5 
247.28 8.18 0.22 1 131.5 
247.49 7.94 0.22 1 131.5 
247.80 7.63 0.22 1 127.3 
248.00 7.97 0.23 1 127.3 
248.23 7.70 0.22 2 127.3 
248.49 7.52 0.21 2 127.3 
248.78 7.42 0.22 2 120.4 
249.01 7.71 0.23 2 120.4 
249.25 7.73 0.23 2 120.4 
249.55 7.94 0.24 2 120.4 
249.84 8.76 0.27 2 116.0 
250.08 9.18 0.28 2 116.0 
250.31 9.48 0.29 2 116.0 
250.68 9.70 0.30 2 116.0 
250.98 10.14 0.32 2 115.5 
251.25 10.39 0.32 2 115.5 
251.47 10.76 0.34 2 115.5 
251.75 11.30 0.36 2 113.9 
252.07 11.60 0.37 2 113.9 
252.30 12.07 0.38 1 113.9 
252.54 12.26 0.39 1 113.9 
252.82 12.40 0.39 1 113.6 
253.03 12.60 0.40 1 113.6 
253.32 12.83 0.41 1 113.6 
254.09 13.11 0.41 1 115.5 
254.39 13.21 0.41 1 115.5 
254.75 13.29 0.41 1 115.5 
254.97 13.36 0.41 2 118.3 
255.30 13.57 0.41 2 118.3 
255.65 13.48 0.41 2 118.3 
255.87 13.57 0.41 2 119.6 
256.16 13.84 0.42 2 119.6 
256.48 13.85 0.42 2 119.6 
256.71 14.04 0.43 2 117.9 
257.01 14.09 0.43 2 117.9 
257.26 14.13 0.43 2 117.9 
257.57 14.24 0.43 2 117.9 
257.85 14.34 0.44 1 117.4 
258.03 14.31 0.44 2 117.4 
258.37 14.20 0.44 2 117.4 
258.61 14.12 0.43 2 117.4 
258.89 13.88 0.42 2 119.7 
259.21 13.95 0.42 2 119.7 
259.49 13.91 0.42 2 119.7 
259.83 13.57 0.40 2 120.9 
260.23 13.45 0.40 3 120.9 
260.55 13.28 0.40 3 120.9 
260.82 13.24 0.40 2 119.4 
261.09 13.20 0.40 2 119.4 
261.43 13.02 0.39 2 119.4 
261.74 12.55 0.38 2 118.1 
261.94 12.32 0.38 2 118.1 
262.29 12.13 0.37 2 118.1 
262.60 11.81 0.36 2 118.1 
262.91 -1.00 -1.00 2 119.8 
263.20 -1.00 -1.00 2 119.8 
263.99 -1.00 -1.00 2 121.9 
264.36 -1.00 -1.00 2 121.9 
264.73 33.91 1.00 3 121.9 
265.10 33.80 0.99 3 122.4 
265.48 -1.00 -1.00 2 122.4 
265.81 33.48 0.96 2 125.8 
266.07 -1.00 -1.00 2 125.8 
266.51 -1.00 -1.00 2 125.8 
266.73 32.25 0.91 2 127.1 
267.00 -1.00 -1.00 2 127.1 
267.42 30.95 0.88 2 127.1 
267.74 -1.00 -1.00 2 128.2 
268.06 -1.00 -1.00 2 128.2 
268.44 -1.00 -1.00 2 128.2 
268.84 -1.00 -1.00 2 125.0 
269.15 -1.00 -1.00 2 125.0 
269.60 -1.00 -1.00 2 125.0 
269.92 -1.00 -1.00 2 124.3 
270.34 33.91 0.98 3 124.3 
270.63 34.29 0.99 2 124.3 
270.90 34.43 1.00 2 123.5 
271.20 34.57 1.01 2 123.5 
271.62 34.53 1.01 3 123.5 
271.87 34.72 1.02 3 122.6 
272.13 34.39 1.01 3 122.6 
272.44 34.06 1.00 3 122.6 
272.81 33.79 1.02 3 118.9 
273.15 32.84 0.99 3 118.9 
273.42 31.99 0.97 3 118.9 
273.74 31.47 1.00 3 113.1 
274.07 30.61 0.97 3 113.1 
274.45 29.67 0.94 3 113.1 
274.82 28.20 0.97 3 105.0 
275.18 27.09 0.93 3 105.0 
275.50 25.84 0.89 3 105.0 
275.84 24.30 0.85 4 102.9 
276.26 22.88 0.80 3 102.9 
276.71 21.59 0.76 3 102.9 
277.04 20.52 0.72 3 103.1 
277.34 19.66 0.69 3 103.1 
277.79 18.56 0.65 3 103.1 
278.19 17.35 0.59 3 106.8 
278.54 16.27 0.55 3 106.8 
279.00 15.53 0.53 3 106.0 
279.47 14.27 0.48 3 106.0 
279.89 13.19 0.48 3 98.0 
280.29 12.15 0.45 3 98.0 
280.73 11.36 0.42 3 98.0 
281.12 10.96 0.43 4 92.5 
281.56 10.40 0.40 4 92.5 
281.96 9.97 0.39 4 92.7 
282.30 9.68 0.38 3 92.7 
282.70 9.37 0.36 3 92.7 
283.01 9.15 0.35 3 94.7 
283.56 9.41 0.36 3 94.7 
283.97 9.28 0.35 3 94.8 
284.24 8.85 0.34 2 94.8 
284.72 8.47 0.32 2 94.8 
285.03 8.20 0.32 2 92.7 
285.50 12.53 0.49 2 92.7 
285.86 12.41 0.47 1 95.1 
286.28 -1.00 -1.00 1 95.1 
286.67 -1.00 -1.00 1 95.1 
287.02 28.83 1.05 3 98.5 
287.43 28.80 1.05 4 98.5 
287.82 9.57 0.34 3 102.1 
288.05 10.02 0.35 3 102.1 
288.34 10.76 0.38 3 102.1 
288.66 11.18 0.39 2 102.1 
288.95 11.72 0.40 2 104.3 
289.26 12.21 0.42 2 104.3 
289.73 12.74 0.44 2 104.3 
290.01 13.16 0.44 2 108.0 
290.36 13.64 0.45 2 108.0 
290.86 14.23 0.47 2 108.0 
291.22 14.78 0.48 1 111.3 
291.50 15.09 0.49 1 111.3 
291.90 15.46 0.48 2 114.9 
292.32 15.72 0.49 1 114.9 
292.66 15.92 0.50 1 114.9 
292.99 16.08 0.49 1 118.8 
293.31 16.31 0.49 1 118.8 
293.70 -1.00 -1.00 1 118.8 
293.99 -1.00 -1.00 1 122.8 
294.30 -1.00 -1.00 1 122.8 
294.58 -1.00 -1.00 1 122.8 
294.84 -1.00 -1.00 1 125.9 
295.17 -1.00 -1.00 1 125.9 
295.55 -1.00 -1.00 1 125.9 
295.82 15.81 0.45 1 127.4 
296.16 15.61 0.44 1 127.4 
296.39 15.37 0.43 1 127.4 
296.72 14.91 0.42 1 127.4 
297.03 14.48 0.42 1 125.4 
297.45 14.06 0.40 1 125.4 
297.71 13.79 0.40 1 123.8 
297.99 13.31 0.39 1 123.8 
298.32 13.06 0.38 1 123.8 
298.70 12.63 0.37 1 123.8 
298.92 12.27 0.36 1 121.2 
299.23 11.95 0.35 1 121.2 
299.66 11.66 0.35 1 121.2 
300.04 11.37 0.34 1 120.9 
300.45 10.88 0.32 1 120.9 
300.77 10.64 0.33 1 117.3 
301.08 10.56 0.32 1 117.3 
301.52 10.64 0.33 1 117.3 
301.85 10.76 0.34 2 113.5 
302.15 10.85 0.34 2 113.5 
302.53 10.80 0.34 2 113.5 
302.89 10.88 0.35 2 111.7 
303.26 11.37 0.37 2 111.7 
304.09 11.87 0.38 2 111.1 
304.47 12.17 0.39 2 111.1 
304.69 12.65 0.41 2 112.1 
305.15 12.93 0.42 2 112.1 
305.45 13.32 0.43 2 112.1 
305.78 13.62 0.44 2 111.8 
306.10 13.84 0.45 2 111.8 
306.50 14.20 0.46 2 111.8 
306.92 14.20 0.45 2 113.2 
307.17 14.28 0.45 2 113.2 
307.61 14.35 0.46 2 113.2 
308.01 14.81 0.46 1 116.8 
308.45 15.28 0.47 2 116.8 
308.87 15.41 0.48 1 116.5 
309.22 15.86 0.49 1 116.5 
309.71 16.20 0.50 1 116.5 
310.09 16.58 0.52 1 114.2 
310.34 16.65 0.53 1 114.2 
310.74 16.49 0.52 1 114.2 
311.21 16.46 0.52 1 114.3 
311.63 16.43 0.52 1 114.3 
311.96 16.32 0.50 1 117.4 
312.41 16.43 0.50 1 117.4 
312.74 16.64 0.50 1 118.9 
313.00 16.93 0.51 2 118.9 
313.43 16.80 0.51 2 118.9 
313.76 -1.00 -1.00 2 118.7 
314.11 -1.00 -1.00 2 118.7 
314.45 -1.00 -1.00 2 118.7 
314.85 -1.00 -1.00 2 119.8 
315.09 -1.00 -1.00 2 119.8 
315.54 -1.00 -1.00 2 119.8 
315.91 -1.00 -1.00 2 118.9 
316.28 -1.00 -1.00 2 118.9 
316.72 -1.00 -1.00 2 118.9 
317.06 -1.00 -1.00 2 116.9 
317.44 -1.00 -1.00 2 116.9 
317.78 -1.00 -1.00 2 115.3 
318.13 -1.00 -1.00 2 115.3 
318.46 -1.00 -1.00 2 115.3 
318.90 -1.00 -1.00 2 113.7 
319.18 -1.00 -1.00 2 113.7 
319.56 48.04 1.52 3 113.7 
319.93 47.81 1.54 2 111.7 
320.25 47.29 1.52 2 111.7 
320.70 46.67 1.50 2 111.7 
321.06 45.79 1.50 2 110.0 
321.56 44.64 1.46 2 110.0 
321.86 43.70 1.44 3 109.4 
322.18 42.08 1.38 3 109.4 
322.57 40.72 1.34 3 109.4 
322.91 39.44 1.30 3 109.2 
323.30 37.59 1.24 3 109.2 
323.59 35.87 1.18 3 109.2 
323.94 34.58 1.13 3 110.3 
324.33 33.44 1.09 3 110.3 
324.62 19.32 0.63 3 110.3 
325.00 19.52 0.63 3 111.7 
325.26 19.69 0.63 3 111.7 
325.63 20.16 0.65 3 111.7 
325.93 20.53 0.66 3 111.6 
326.25 20.83 0.67 3 111.6 
326.61 21.23 0.68 3 111.6 
326.90 21.38 0.70 3 109.7 
327.18 21.49 0.71 3 109.7 
327.50 21.95 0.72 3 109.7 
327.87 21.77 0.71 3 109.7 
328.16 21.98 0.72 3 109.7 
328.54 22.16 0.73 3 109.7 
328.94 22.10 0.70 3 113.1 
329.46 22.06 0.70 3 113.1 
329.84 22.19 0.68 3 117.0 
330.20 22.13 0.68 2 117.0 
330.49 21.74 0.67 2 117.0 
330.81 21.74 0.65 2 120.1 
331.19 21.74 0.65 2 120.1 
331.71 21.73 0.65 2 120.1 
331.98 21.88 0.64 2 122.7 
332.30 21.83 0.64 1 122.7 
332.72 21.34 0.63 1 122.7 
332.95 20.78 0.61 1 121.7 
333.26 -1.00 -1.00 1 121.7 
334.06 -1.00 -1.00 1 119.6 
334.34 -1.00 -1.00 2 119.6 
334.70 -1.00 -1.00 2 119.6 
334.94 -1.00 -1.00 2 117.5 
335.29 -1.00 -1.00 2 117.5 
335.67 -1.00 -1.00 2 117.5 
335.99 -1.00 -1.00 2 116.1 
336.29 -1.00 -1.00 2 116.1 
336.61 19.19 0.60 2 116.1 
336.95 19.53 0.61 2 114.3 
337.20 20.16 0.63 2 114.3 
337.58 39.59 1.25 2 114.3 
337.76 20.42 0.65 2 112.6 
338.01 20.84 0.67 2 112.6 
338.20 20.84 0.67 2 112.6 
338.54 20.98 0.67 2 112.6 
338.82 20.80 0.66 2 113.4 
339.11 -1.00 -1.00 2 113.4 
339.47 27.45 0.87 3 113.4 
339.69 27.46 0.85 3 116.5 
340.07 27.45 0.85 3 116.5 
340.51 27.60 0.85 3 116.5 
341.00 27.74 0.86 3 116.6 
341.34 28.32 0.87 3 116.6 
341.87 28.62 0.88 3 116.6 
342.17 28.44 0.88 3 116.5 
342.71 28.51 0.88 3 116.5 
343.03 28.55 0.88 3 117.4 
343.31 28.38 0.87 3 117.4 
344.04 27.34 0.85 3 116.0 
344.42 26.74 0.83 3 116.0 
344.73 25.78 0.79 3 117.8 
345.07 24.95 0.76 3 117.8 
345.42 24.39 0.75 3 117.8 
345.81 23.36 0.69 3 121.0 
346.19 22.49 0.67 3 121.0 
346.61 21.51 0.64 3 121.0 
346.91 20.27 0.59 2 124.4 
347.21 19.07 0.55 3 124.4 
347.68 20.50 0.59 3 124.4 
348.07 20.48 0.58 2 126.3 
348.49 -1.00 -1.00 2 126.3 
348.78 19.79 0.57 2 123.9 
349.15 19.61 0.57 2 123.9 
349.60 19.25 0.56 2 123.9 
350.02 18.78 0.55 2 122.3 
350.34 18.56 0.55 1 122.3 
350.71 18.26 0.54 1 122.3 
350.96 18.02 0.54 1 120.2 
351.27 17.70 0.53 1 120.2 
351.68 17.57 0.53 1 120.2 
352.07 17.62 0.54 1 118.1 
352.41 17.64 0.54 1 118.1 
352.78 17.66 0.55 2 116.3 
353.11 17.56 0.54 2 116.3 
353.50 17.24 0.53 2 116.3 
353.78 17.23 0.53 2 116.0 
354.18 17.36 0.54 2 116.0 
354.51 17.48 0.54 2 116.0 
354.83 17.85 0.54 2 118.8 
355.20 18.01 0.55 2 118.8 
355.57 18.13 0.55 2 118.8 
355.82 18.22 0.56 2 118.0 
356.18 18.43 0.56 2 118.0 
356.56 28.65 0.87 2 118.0 
356.91 27.48 0.85 2 116.3 
357.20 26.30 0.81 2 116.3 
357.48 24.87 0.77 2 116.3 
357.82 23.65 0.75 2 114.1 
358.23 22.17 0.70 3 114.1 
358.65 20.91 0.66 3 114.1 
359.04 19.68 0.63 4 111.6 
359.32 18.68 0.60 4 111.6 
359.68 17.86 0.58 4 111.6 
360.07 17.33 0.58 4 107.9 
360.47 16.62 0.55 4 107.9 
360.83 15.86 0.54 4 105.0 
361.12 15.58 0.53 4 105.0 
361.54 15.07 0.52 4 105.0 
361.82 14.68 0.51 4 103.9 
362.15 14.39 0.50 4 103.9 
362.51 14.09 0.49 4 103.9 
362.85 14.06 0.48 4 104.4 
363.13 14.03 0.48 4 104.4 
363.38 14.12 0.49 3 104.4 
364.13 13.90 0.47 3 106.8 
364.47 13.86 0.47 2 106.8 
364.76 13.82 0.46 2 107.7 
365.15 13.91 0.46 2 107.7 
365.51 14.07 0.47 2 107.7 
365.90 32.03 1.03 3 111.5 
366.21 31.78 1.03 3 111.5 
366.64 31.35 1.01 3 111.5 
367.08 30.74 0.96 2 115.1 
367.37 30.22 0.95 2 115.1 
367.74 29.54 0.90 2 118.8 
368.01 28.93 0.88 2 118.8 
368.37 28.52 0.86 2 118.8 
368.66 27.66 0.84 2 118.8 
368.93 26.73 0.80 2 119.8 
369.23 25.95 0.78 2 119.8 
369.69 24.98 0.75 3 119.8 
369.96 24.02 0.74 3 116.4 
370.31 23.21 0.72 3 116.4 
370.67 22.16 0.69 3 116.4 
370.96 21.17 0.69 3 110.3 
371.31 20.24 0.66 3 110.3 
371.67 19.48 0.64 3 110.3 
371.98 18.66 0.64 3 105.2 
372.42 17.91 0.61 3 105.2 
372.81 17.30 0.61 3 102.5 
373.20 16.74 0.59 3 102.5 
374.04 16.85 0.60 3 100.6 
374.49 16.68 0.60 3 100.6 
374.88 17.04 0.63 3 97.7 
375.23 17.47 0.64 3 97.7 
375.56 18.11 0.67 3 97.7 
375.86 25.96 1.02 3 92.0 
376.19 23.33 0.91 3 92.0 
376.63 20.90 0.82 3 92.0 
376.94 18.68 0.78 3 86.7 
377.22 16.78 0.70 4 86.7 
377.58 15.02 0.62 4 86.7 
377.90 13.76 0.59 4 83.9 
378.26 12.68 0.54 4 83.9 
378.73 11.75 0.50 4 83.9 
379.03 10.96 0.48 2 82.0 
379.36 10.63 0.47 3 82.0 
379.75 10.28 0.45 3 82.0 
380.11 9.91 0.45 2 80.1 
380.41 9.55 0.43 2 80.1 
380.75 9.32 0.42 3 80.0 
381.06 9.16 0.41 1 80.0 
381.38 8.87 0.40 2 80.0 
381.68 8.71 0.39 2 80.0 
381.97 8.68 0.37 2 83.6 
382.18 8.61 0.37 2 83.6 
382.56 8.43 0.36 2 83.6 
382.80 -1.00 -1.00 1 88.3 
383.16 -1.00 -1.00 1 88.3 
383.49 -1.00 -1.00 1 88.3 
383.83 -1.00 -1.00 1 92.5 
384.14 -1.00 -1.00 1 92.5 
384.54 -1.00 -1.00 1 92.5 
384.94 -1.00 -1.00 0 97.2 
385.20 -1.00 -1.00 1 97.2 
385.53 -1.00 -1.00 1 97.2 
385.79 -1.00 -1.00 1 98.5 
386.04 -1.00 -1.00 1 98.5 
386.35 -1.00 -1.00 1 98.5 
386.76 -1.00 -1.00 2 98.5 
387.11 -1.00 -1.00 2 97.8 
387.46 -1.00 -1.00 2 97.8 
387.77 -1.00 -1.00 2 95.7 
388.07 -1.00 -1.00 2 95.7 
388.41 -1.00 -1.00 2 95.7 
388.74 -1.00 -1.00 2 93.8 
389.08 -1.00 -1.00 2 93.8 
389.48 -1.00 -1.00 2 93.8 
389.79 -1.00 -1.00 0 94.1 
390.03 -1.00 -1.00 0 94.1 
390.34 -1.00 -1.00 0 94.1 
390.60 -1.00 -1.00 0 94.1 
390.82 -1.00 -1.00 1 97.1 
391.07 -1.00 -1.00 1 97.1 
391.39 -1.00 -1.00 1 97.1 
391.65 -1.00 -1.00 1 97.1 
391.89 -1.00 -1.00 1 101.1 
392.11 -1.00 -1.00 1 101.1 
392.36 -1.00 -1.00 1 101.1 
392.60 -1.00 -1.00 2 101.1 
392.89 -1.00 -1.00 2 102.0 
393.09 -1.00 -1.00 2 102.0 
393.33 -1.00 -1.00 2 102.0 
393.87 -1.00 -1.00 2 99.9 
394.03 -1.00 -1.00 2 99.9 
394.29 -1.00 -1.00 2 99.9 
394.55 -1.00 -1.00 2 99.9 
394.79 -1.00 -1.00 2 100.5 
395.03 -1.00 -1.00 2 100.5 
395.26 -1.00 -1.00 2 100.5 
395.59 -1.00 -1.00 2 100.5 
395.87 -1.00 -1.00 2 103.9 
396.04 -1.00 -1.00 2 103.9 
396.24 -1.00 -1.00 2 103.9 
396.56 -1.00 -1.00 2 103.9 
396.82 38.43 1.31 3 105.6 
397.00 38.43 1.31 3 105.6 
397.27 38.14 1.30 3 105.6 
397.64 37.79 1.29 3 105.6 
397.92 37.22 1.29 3 103.9 
398.18 36.27 1.26 2 103.9 
398.51 35.53 1.23 3 103.9 
398.69 35.06 1.23 3 102.2 
398.94 34.39 1.21 3 102.2 
399.14 33.34 1.17 3 102.2 
399.44 32.21 1.13 3 102.2 
399.69 31.03 1.11 3 100.8 
399.94 29.98 1.07 3 100.8 
400.19 29.28 1.05 4 100.8 
400.49 28.49 1.02 4 100.8 
400.80 27.29 1.01 4 97.4 
401.11 25.96 0.96 4 97.4 
401.43 24.99 0.92 4 97.4 
401.68 23.40 0.92 4 91.5 
401.98 22.06 0.87 4 91.5 
402.27 21.05 0.83 4 91.5 
402.59 19.91 0.78 3 91.5 
402.83 18.87 0.80 3 85.1 
403.09 18.03 0.76 3 85.1 
403.33 17.27 0.73 3 85.1 
403.91 16.02 0.70 3 82.0 
404.20 15.42 0.68 3 82.0 
404.64 14.95 0.66 3 82.0 
404.83 14.51 0.65 2 80.8 
405.14 14.18 0.63 2 80.8 
405.42 13.85 0.62 2 80.8 
405.71 13.69 0.62 2 79.9 
406.04 13.58 0.61 2 79.9 
406.26 13.49 0.61 2 79.9 
406.65 13.35 0.60 3 79.9 
406.93 13.42 0.62 3 78.4 
407.20 13.30 0.61 3 78.4 
407.47 13.21 0.61 2 78.4 
407.77 13.24 0.63 2 76.1 
407.96 13.37 0.63 2 76.1 
408.29 13.66 0.65 2 76.1 
408.58 13.52 0.64 2 76.1 
408.84 13.59 0.66 2 74.3 
409.11 13.65 0.66 3 74.3 
409.44 13.89 0.67 3 74.3 
409.69 14.18 0.70 3 73.1 
409.98 14.31 0.70 3 73.1 
410.22 14.62 0.72 3 73.1 
410.50 14.97 0.74 3 73.1 
410.76 14.83 0.75 3 71.6 
411.04 15.02 0.76 3 71.6 
411.26 15.41 0.77 3 71.6 
411.65 15.83 0.80 3 71.6 
411.90 16.90 0.84 3 72.2 
412.09 16.67 0.83 3 72.2 
412.29 17.38 0.87 3 72.2 
412.64 17.94 0.89 3 72.2 
412.87 18.22 0.91 3 72.4 
413.13 18.31 0.91 3 72.4 
413.50 18.83 0.94 2 72.4 
414.01 20.04 1.02 1 70.8 
414.24 20.73 1.05 1 70.8 
414.60 21.08 1.07 1 70.8 
414.89 21.16 1.10 1 69.3 
415.10 21.61 1.12 1 69.3 
415.26 21.97 1.14 1 69.3 
415.54 22.48 1.17 1 69.3 
415.76 23.58 1.25 1 68.1 
416.01 24.01 1.27 1 68.1 
416.26 24.14 1.28 1 68.1 
416.45 24.23 1.28 1 68.1 
416.70 24.53 1.30 1 68.1 
416.92 25.23 1.35 1 67.2 
417.25 25.79 1.38 1 67.2 
417.53 26.05 1.40 1 67.2 
417.81 27.74 1.46 1 68.3 
418.12 27.67 1.46 1 68.3 
418.44 27.40 1.44 1 68.3 
418.70 27.37 1.42 1 69.3 
418.91 26.93 1.40 1 69.3 
419.24 26.18 1.36 1 69.3 
419.47 26.59 1.38 1 69.3 
419.79 27.17 1.37 1 71.4 
420.11 -1.00 -1.00 1 71.4 
420.45 -1.00 -1.00 1 71.4 
420.74 -1.00 -1.00 1 74.2 
420.98 -1.00 -1.00 1 74.2 
421.32 -1.00 -1.00 1 74.2 
421.61 -1.00 -1.00 1 74.2 
421.96 -1.00 -1.00 1 76.4 
422.18 -1.00 -1.00 1 76.4 
422.52 -1.00 -1.00 1 76.4 
422.84 -1.00 -1.00 1 74.4 
423.19 -1.00 -1.00 1 74.4 
423.96 -1.00 -1.00 1 75.1 
424.23 -1.00 -1.00 1 75.1 
424.50 -1.00 -1.00 1 75.1 
424.80 -1.00 -1.00 1 76.3 
425.13 -1.00 -1.00 1 76.3 
425.38 -1.00 -1.00 1 76.3 
425.66 -1.00 -1.00 1 76.3 
425.95 -1.00 -1.00 1 74.1 
426.27 -1.00 -1.00 1 74.1 
426.57 -1.00 -1.00 1 74.1 
426.91 -1.00 -1.00 1 72.4 
427.20 -1.00 -1.00 1 72.4 
427.66 -1.00 -1.00 1 72.4 
427.94 -1.00 -1.00 1 71.1 
428.30 -1.00 -1.00 1 71.1 
428.64 -1.00 -1.00 1 71.1 
428.92 46.22 2.39 1 69.7 
429.24 -1.00 -1.00 1 69.7 
429.56 -1.00 -1.00 1 69.7 
429.84 -1.00 -1.00 1 67.7 
430.15 -1.00 -1.00 1 67.7 
430.49 30.07 1.60 1 67.7 
430.87 31.41 1.70 1 66.7 
431.12 -1.00 -1.00 1 66.7 
431.46 -1.00 -1.00 1 66.7 
431.79 29.33 1.64 1 64.2 
432.01 -1.00 -1.00 1 64.2 
432.25 27.45 1.54 1 64.2 
432.49 26.51 1.49 1 64.2 
432.74 25.86 1.48 1 63.0 
432.99 24.99 1.43 1 63.0 
433.22 23.98 1.37 1 63.0 
433.51 23.25 1.33 1 63.0 
433.73 22.67 1.30 1 62.9 
434.04 21.36 1.22 1 62.9 
434.24 20.57 1.18 1 62.9 
434.59 19.52 1.12 1 62.9 
434.84 18.95 1.14 1 59.8 
435.08 18.29 1.10 1 59.8 
435.33 17.77 1.07 1 59.8 
435.63 17.36 1.05 1 59.8 
436.06 16.81 1.02 1 59.1 
436.35 16.20 0.99 1 59.1 
436.76 15.56 0.95 1 59.1 
437.09 15.05 0.94 1 57.5 
437.47 14.58 0.91 1 57.5 
437.85 14.12 0.92 1 55.0 
438.13 13.51 0.88 1 55.0 
438.59 12.96 0.85 2 55.0 
439.06 12.13 0.80 2 54.8 
439.48 11.78 0.77 2 54.8 
439.92 11.40 0.78 2 52.7 
440.34 11.08 0.76 2 52.7 
440.76 10.90 0.74 2 52.7 
441.05 11.04 0.76 2 52.6 
441.48 10.82 0.74 2 52.6 
441.92 10.85 0.73 2 53.3 
442.22 11.08 0.75 2 53.3 
442.57 11.33 0.76 2 53.3 
442.89 11.50 0.75 2 55.1 
443.24 11.78 0.77 2 55.1 
443.99 11.91 0.74 1 57.9 
444.33 12.09 0.75 1 57.9 
444.70 12.41 0.77 1 57.9 
445.02 12.74 0.76 1 60.6 
445.36 12.74 0.76 1 60.6 
445.71 -1.00 -1.00 1 60.6 
446.05 -1.00 -1.00 1 63.3 
446.39 28.83 1.64 2 63.3 
446.79 28.72 1.63 2 63.3 
447.14 28.49 1.58 2 65.0 
447.37 28.21 1.56 2 65.0 
447.93 28.28 1.57 2 65.0 
448.35 -1.00 -1.00 2 64.3 
448.72 -1.00 -1.00 2 64.3 
449.04 -1.00 -1.00 2 66.1 
449.35 -1.00 -1.00 2 66.1 
449.66 -1.00 -1.00 2 66.1 
450.01 -1.00 -1.00 2 68.3 
450.31 -1.00 -1.00 2 68.3 
450.61 -1.00 -1.00 2 68.3 
450.90 -1.00 -1.00 2 71.8 
451.24 -1.00 -1.00 2 71.8 
451.57 -1.00 -1.00 2 71.8 
451.88 -1.00 -1.00 2 71.3 
452.29 -1.00 -1.00 2 71.3 
452.83 -1.00 -1.00 2 71.3 
453.24 -1.00 -1.00 2 70.5 
453.55 -1.00 -1.00 2 70.5 
453.94 -1.00 -1.00 2 68.6 
454.31 -1.00 -1.00 2 68.6 
454.71 33.27 1.75 2 68.6 
455.07 34.22 1.84 2 67.0 
455.45 72.07 3.87 2 67.0 
455.79 72.41 3.97 2 65.7 
456.14 71.78 3.93 2 65.7 
456.52 70.09 3.84 2 65.7 
456.86 67.75 3.86 2 63.2 
457.20 64.87 3.69 2 63.2 
457.66 61.31 3.49 2 63.2 
458.13 -1.00 -1.00 1 60.0 
458.71 -1.00 -1.00 0 60.0 
458.99 -1.00 -1.00 0 59.6 
459.48 -1.00 -1.00 1 59.6 
459.96 16.63 1.00 1 60.1 
460.35 -1.00 -1.00 1 60.1 
460.87 -1.00 -1.00 1 60.1 
461.35 14.78 0.87 1 61.1 
461.87 14.84 0.87 1 61.1 
462.28 -1.00 -1.00 0 60.0 
462.74 -1.00 -1.00 0 60.0 
462.99 -1.00 -1.00 1 58.1 
463.34 -1.00 -1.00 1 58.1 
464.12 -1.00 -1.00 2 57.1 
464.40 -1.00 -1.00 2 57.1 
464.84 -1.00 -1.00 2 57.1 
465.24 25.11 1.60 3 56.6 
465.62 24.58 1.56 3 56.6 
466.02 23.62 1.47 3 57.8 
466.51 22.70 1.41 3 57.8 
466.85 -1.00 -1.00 2 56.8 
467.17 15.17 0.96 3 56.8 
467.66 -1.00 -1.00 2 56.8 
468.14 -1.00 -1.00 1 56.4 
468.63 19.45 1.24 1 56.4 
468.98 -1.00 -1.00 1 53.5 
469.36 -1.00 -1.00 2 53.5 
469.89 -1.00 -1.00 2 53.5 
470.30 24.02 1.65 2 52.4 
470.82 -1.00 -1.00 2 52.4 
471.44 -1.00 -1.00 2 52.2 
472.02 -1.00 -1.00 1 54.1 
472.43 -1.00 -1.00 0 54.1 
472.83 -1.00 -1.00 0 54.1 
473.19 -1.00 -1.00 0 57.8 
473.59 -1.00 -1.00 0 57.8 
473.90 -1.00 -1.00 0 62.7 
474.21 -1.00 -1.00 0 62.7 
474.50 -1.00 -1.00 0 62.7 
474.83 -1.00 -1.00 0 66.8 
475.20 -1.00 -1.00 0 66.8 
475.61 -1.00 -1.00 0 66.8 
475.84 -1.00 -1.00 0 73.7 
476.08 -1.00 -1.00 0 73.7 
476.34 -1.00 -1.00 0 73.7 
476.61 -1.00 -1.00 0 73.7 
476.84 -1.00 -1.00 0 81.0 
477.11 -1.00 -1.00 0 81.0 
477.35 -1.00 -1.00 0 81.0 
477.69 -1.00 -1.00 0 81.0 
477.87 -1.00 -1.00 0 85.4 
478.13 -1.00 -1.00 0 85.4 
478.39 -1.00 -1.00 0 85.4 
478.65 -1.00 -1.00 1 85.4 
478.95 -1.00 -1.00 1 96.3 
479.23 -1.00 -1.00 1 96.3 
479.59 -1.00 -1.00 1 96.3 
479.95 -1.00 -1.00 1 97.0 
480.21 -1.00 -1.00 0 97.0 
480.61 -1.00 -1.00 0 97.0 
480.82 -1.00 -1.00 0 97.0 
481.13 -1.00 -1.00 0 97.0 
481.34 -1.00 -1.00 0 97.0 
481.61 -1.00 -1.00 0 97.0 
481.80 -1.00 -1.00 0 94.8 
482.08 -1.00 -1.00 0 94.8 
482.33 -1.00 -1.00 1 94.8 
482.60 -1.00 -1.00 1 94.8 
482.86 -1.00 -1.00 1 94.6 
483.05 -1.00 -1.00 1 94.6 
483.27 -1.00 -1.00 1 94.6 
483.88 -1.00 -1.00 1 94.2 
484.11 -1.00 -1.00 1 94.2 
484.40 -1.00 -1.00 0 94.2 
484.65 -1.00 -1.00 0 94.2 
484.88 -1.00 -1.00 0 93.2 
485.15 38.43 1.48 1 93.2 
485.35 38.22 1.48 1 93.2 
485.72 38.07 1.47 1 93.2 
486.01 37.56 1.47 1 92.0 
486.29 36.85 1.44 1 92.0 
486.57 36.12 1.41 1 92.0 
486.81 35.84 1.40 1 91.9 
487.16 35.34 1.38 1 91.9 
487.51 34.61 1.36 1 91.9 
487.89 33.37 1.50 1 80.3 
488.10 32.66 1.46 1 80.3 
488.49 31.42 1.41 1 80.3 
488.80 30.00 1.35 1 80.3 
489.12 28.92 1.30 1 80.3 
489.50 27.80 1.25 1 80.3 
489.86 26.54 1.20 1 79.6 
490.14 25.61 1.16 1 79.6 
490.56 24.42 1.10 1 79.6 
490.81 23.71 1.03 1 82.8 
491.12 23.11 1.00 1 82.8 
491.45 22.63 0.98 1 82.8 
491.76 21.94 0.95 1 82.9 
492.06 21.37 0.93 1 82.9 
492.29 20.51 0.89 1 82.9 
492.65 19.58 0.85 1 82.9 
492.92 19.35 0.90 1 77.5 
493.17 18.88 0.88 1 77.5 
493.56 18.50 0.86 1 77.5 
493.84 18.34 0.91 1 72.4 
494.23 18.09 0.90 2 72.4 
494.59 17.43 0.87 2 72.4 
494.83 16.73 0.84 2 71.6 
495.15 16.37 0.82 3 71.6 
495.47 16.20 0.81 2 71.6 
495.73 16.59 0.85 2 70.1 
496.05 16.27 0.84 2 70.1 
496.49 16.14 0.83 2 70.1 
496.73 16.04 0.83 2 69.3 
497.03 15.97 0.83 2 69.3 
497.32 16.05 0.83 2 69.3 
497.62 16.11 0.84 2 69.3 
497.91 16.28 0.85 2 68.6 
498.22 17.16 0.90 2 68.6 
498.67 16.99 0.89 2 68.6 
498.96 16.97 0.91 2 67.0 
499.22 16.86 0.91 3 67.0 
499.58 16.76 0.90 3 67.0 
499.89 16.81 0.85 3 71.2 
500.30 17.28 0.87 3 71.2 
500.57 17.78 0.90 3 71.2 
500.89 18.34 0.87 4 76.2 
501.18 18.61 0.88 4 76.2 
501.61 -1.00 -1.00 2 76.2 
501.86 -1.00 -1.00 2 80.5 
502.15 17.35 0.78 2 80.5 
502.46 27.45 1.23 2 80.5 
502.71 27.51 1.13 2 87.5 
503.05 27.50 1.13 2 87.5 
503.25 29.02 1.19 2 87.5 
503.72 30.49 1.25 2 87.5 
504.03 20.59 0.81 2 91.7 
504.36 20.61 0.81 3 91.7 
504.82 20.47 0.80 3 91.7 
505.09 19.80 0.77 3 92.6 
505.63 19.19 0.75 3 92.6 
505.92 18.53 0.70 2 95.7 
506.23 17.86 0.67 2 95.7 
506.67 17.13 0.64 2 95.7 
507.03 -1.00 -1.00 1 101.5 
507.30 -1.00 -1.00 1 101.5 
507.64 -1.00 -1.00 2 101.5 
507.97 -1.00 -1.00 2 106.3 
508.28 17.47 0.59 4 106.3 
508.69 17.35 0.59 3 106.3 
508.91 31.67 1.02 3 112.0 
509.18 16.32 0.52 4 112.0 
509.56 30.93 0.99 4 112.0 
509.90 31.03 0.96 3 116.4 
510.23 30.69 0.95 3 116.4 
510.69 -1.00 -1.00 3 116.4 
511.04 -1.00 -1.00 2 115.3 
511.32 -1.00 -1.00 2 115.3 
511.73 -1.00 -1.00 2 115.3 
511.98 -1.00 -1.00 2 115.8 
512.32 -1.00 -1.00 2 115.8 
512.82 -1.00 -1.00 2 115.8 
513.04 -1.00 -1.00 2 119.2 
513.43 -1.00 -1.00 2 119.2 
513.76 -1.00 -1.00 1 122.5 
514.04 -1.00 -1.00 1 122.5 
514.30 -1.00 -1.00 1 122.5 
514.66 -1.00 -1.00 1 122.5 
514.95 -1.00 -1.00 1 122.1 
515.21 -1.00 -1.00 1 122.1 
515.47 -1.00 -1.00 2 122.1 
515.72 21.35 0.64 3 120.3 
516.11 21.57 0.65 3 120.3 
516.43 21.73 0.65 2 120.3 
516.70 22.04 0.67 2 118.4 
517.00 21.98 0.67 2 118.4 
517.31 22.46 0.68 3 118.4 
517.64 22.65 0.69 3 118.4 
517.97 22.63 0.70 2 117.0 
518.22 22.29 0.69 2 117.0 
518.65 22.02 0.68 2 117.0 
518.96 22.10 0.67 2 119.2 
519.35 22.19 0.67 3 119.2 
519.77 22.25 0.67 1 119.2 
520.14 22.30 0.65 1 122.7 
520.53 22.16 0.65 1 122.7 
520.82 22.23 0.63 1 126.2 
521.17 22.27 0.64 1 126.2 
521.54 22.30 0.64 1 126.2 
521.81 22.18 0.62 1 129.7 
522.07 21.75 0.60 2 129.7 
522.45 21.39 0.59 1 129.7 
522.83 21.13 0.58 1 131.5 
523.15 21.03 0.58 1 131.5 
523.53 20.68 0.57 1 131.5 
523.83 20.25 0.56 1 131.0 
524.20 20.03 0.55 1 131.0 
524.53 19.60 0.54 1 131.0 
524.85 19.14 0.53 1 129.0 
525.06 18.64 0.52 1 129.0 
525.30 18.22 0.51 1 129.0 
525.63 17.71 0.49 1 129.0 
525.91 17.27 0.49 1 127.4 
526.16 16.82 0.48 1 127.4 
526.54 16.58 0.47 1 127.4 
526.88 16.10 0.46 1 126.9 
527.08 15.63 0.44 1 126.9 
527.38 15.10 0.43 1 126.9 
527.70 14.67 0.42 1 126.9 
528.03 14.20 0.40 1 129.2 
528.34 -1.00 -1.00 1 129.2 
528.70 -1.00 -1.00 1 129.2 
529.04 -1.00 -1.00 1 132.4 
529.32 -1.00 -1.00 1 132.4 
529.67 32.03 0.87 2 132.4 
529.94 -1.00 -1.00 2 135.4 
530.22 -1.00 -1.00 2 135.4 
530.68 -1.00 -1.00 1 135.4 
530.97 -1.00 -1.00 1 137.6 
531.35 -1.00 -1.00 1 137.6 
531.61 -1.00 -1.00 1 137.6 
531.85 -1.00 -1.00 1 138.5 
532.13 -1.00 -1.00 1 138.5 
532.52 -1.00 -1.00 1 138.5 
532.77 -1.00 -1.00 1 136.7 
533.14 -1.00 -1.00 1 136.7 
533.54 -1.00 -1.00 1 136.7 
534.10 -1.00 -1.00 1 138.7 
534.57 -1.00 -1.00 1 138.7 
534.96 -1.00 -1.00 0 141.4 
535.30 -1.00 -1.00 0 141.4 
535.65 -1.00 -1.00 0 141.4 
535.98 -1.00 -1.00 0 140.8 
536.37 -1.00 -1.00 0 140.8 
536.74 -1.00 -1.00 0 140.8 
537.10 -1.00 -1.00 0 139.2 
537.51 -1.00 -1.00 0 139.2 
537.88 -1.00 -1.00 0 137.2 
538.11 -1.00 -1.00 0 137.2 
538.50 -1.00 -1.00 0 137.2 
538.89 -1.00 -1.00 0 135.1 
539.11 -1.00 -1.00 0 135.1 
539.45 -1.00 -1.00 0 135.1 
539.76 -1.00 -1.00 0 133.9 
540.04 36.03 0.97 1 133.9 
540.35 36.02 0.97 1 133.9 
540.68 35.88 0.96 1 133.9 
541.07 35.88 0.98 1 132.2 
541.44 35.47 0.97 1 132.2 
541.78 34.85 0.96 1 130.3 
542.09 33.91 0.94 1 130.3 
542.50 32.82 0.91 1 130.3 
542.83 31.34 0.88 1 128.6 
543.13 29.73 0.83 1 128.6 
543.47 27.84 0.78 1 128.6 
544.05 -1.00 -1.00 2 127.5 
544.44 -1.00 -1.00 2 127.5 
544.72 -1.00 -1.00 1 128.0 
545.02 -1.00 -1.00 2 128.0 
545.41 -1.00 -1.00 1 128.0 
545.67 -1.00 -1.00 1 128.9 
545.96 -1.00 -1.00 1 128.9 
546.23 -1.00 -1.00 1 128.9 
546.56 -1.00 -1.00 1 128.9 
546.83 -1.00 -1.00 1 131.9 
547.08 -1.00 -1.00 1 131.9 
547.43 -1.00 -1.00 1 131.9 
547.86 -1.00 -1.00 1 133.4 
548.16 -1.00 -1.00 0 133.4 
548.66 -1.00 -1.00 1 133.4 
548.97 -1.00 -1.00 1 131.4 
549.24 -1.00 -1.00 1 131.4 
549.66 -1.00 -1.00 1 131.4 
549.99 -1.00 -1.00 1 130.5 
550.28 -1.00 -1.00 1 130.5 
550.69 -1.00 -1.00 1 130.5 
551.10 -1.00 -1.00 0 131.9 
551.59 -1.00 -1.00 0 131.9 
551.88 -1.00 -1.00 0 134.5 
552.16 -1.00 -1.00 0 134.5 
552.56 -1.00 -1.00 0 134.5 
552.85 -1.00 -1.00 0 137.4 
553.19 -1.00 -1.00 0 137.4 
553.93 -1.00 -1.00 0 139.5 
554.19 -1.00 -1.00 0 139.5 
554.45 -1.00 -1.00 0 139.5 
554.71 -1.00 -1.00 0 140.1 
555.01 32.03 0.82 1 140.1 
555.28 32.39 0.83 1 140.1 
555.63 32.37 0.83 1 140.1 
555.85 32.34 0.85 1 137.8 
556.15 32.76 0.86 1 137.8 
556.48 32.27 0.84 1 137.8 
556.74 32.00 0.84 1 136.4 
556.92 31.75 0.84 1 136.4 
557.15 31.30 0.83 1 136.4 
557.55 30.90 0.82 1 136.4 
557.79 30.33 0.81 1 134.4 
558.12 29.62 0.79 1 134.4 
558.52 29.00 0.78 1 134.4 
558.88 28.26 0.76 1 134.4 
559.15 27.29 0.73 1 134.4 
559.58 26.44 0.71 1 134.4 
559.91 25.57 0.68 1 135.5 
560.17 24.81 0.66 1 135.5 
560.50 24.02 0.64 1 135.5 
560.83 23.08 0.60 2 138.1 
561.18 22.01 0.57 2 138.1 
561.49 21.00 0.55 2 138.1 
561.82 20.06 0.52 2 140.0 
562.16 19.08 0.49 2 140.0 
562.50 17.96 0.46 1 140.0 
562.88 16.79 0.43 1 141.8 
563.17 15.48 0.39 1 141.8 
563.53 -1.00 -1.00 1 141.8 
563.92 -1.00 -1.00 1 143.9 
564.22 -1.00 -1.00 1 143.9 
564.60 -1.00 -1.00 1 143.9 
564.93 -1.00 -1.00 0 146.5 
565.22 -1.00 -1.00 1 146.5 
565.56 -1.00 -1.00 0 146.5 
565.83 -1.00 -1.00 0 147.2 
566.16 -1.00 -1.00 0 147.2 
566.47 -1.00 -1.00 0 147.2 
566.78 -1.00 -1.00 0 145.2 
567.12 -1.00 -1.00 0 145.2 
567.50 -1.00 -1.00 0 145.2 
567.79 -1.00 -1.00 1 143.4 
568.10 -1.00 -1.00 1 143.4 
568.42 -1.00 -1.00 1 143.4 
568.77 -1.00 -1.00 1 142.0 
569.13 -1.00 -1.00 1 142.0 
569.64 -1.00 -1.00 1 142.0 
569.97 -1.00 -1.00 1 143.3 
570.30 -1.00 -1.00 1 143.3 
570.65 -1.00 -1.00 1 143.3 
570.98 -1.00 -1.00 1 146.1 
571.30 -1.00 -1.00 1 146.1 
571.75 -1.00 -1.00 2 146.1 
572.09 32.03 0.78 2 147.5 
572.35 32.25 0.79 2 147.5 
572.72 32.54 0.79 2 147.5 
573.02 32.32 0.80 2 146.0 
573.41 31.65 0.78 3 146.0 
574.05 30.95 0.77 3 144.1 
574.25 30.43 0.76 2 144.1 
574.70 29.98 0.75 2 144.1 
575.07 28.75 0.73 2 142.1 
575.38 27.78 0.70 2 142.1 
575.71 26.96 0.69 2 140.3 
575.97 25.80 0.66 2 140.3 
576.28 24.68 0.63 2 140.3 
576.65 23.85 0.61 2 140.3 
577.10 22.51 0.58 2 138.5 
577.43 21.44 0.56 1 138.5 
577.78 20.34 0.54 1 136.7 
578.10 19.44 0.51 1 136.7 
578.34 18.72 0.49 1 136.7 
578.72 18.03 0.47 1 136.7 
579.04 17.49 0.47 1 133.9 
579.29 17.16 0.46 1 133.9 
579.67 16.70 0.45 2 133.9 
579.99 16.24 0.45 2 130.1 
580.28 16.08 0.45 2 130.1 
580.71 15.96 0.44 2 130.1 
580.94 15.76 0.45 2 127.2 
581.30 15.81 0.45 2 127.2 
581.56 15.98 0.45 2 127.2 
581.93 16.10 0.46 2 125.5 
582.17 16.32 0.47 2 125.5 
582.60 16.37 0.47 2 125.5 
582.91 16.54 0.48 1 123.9 
583.24 16.79 0.49 1 123.9 
583.93 17.16 0.50 1 122.7 
584.26 17.28 0.51 1 122.7 
584.63 17.38 0.51 1 122.7 
584.97 17.74 0.52 1 123.9 
585.19 17.63 0.51 1 123.9 
585.63 17.79 0.52 1 123.9 
585.91 18.39 0.52 1 126.3 
586.18 18.53 0.53 1 126.3 
586.49 18.96 0.54 1 126.3 
586.86 19.47 0.55 1 127.9 
587.07 19.42 0.55 1 127.9 
587.53 19.12 0.54 1 127.9 
587.82 19.27 0.54 1 128.4 
588.11 19.39 0.54 2 128.4 
588.38 19.47 0.55 2 128.4 
588.76 19.70 0.57 2 125.4 
589.07 19.87 0.57 2 125.4 
589.44 20.01 0.57 1 125.4 
589.68 20.12 0.58 1 125.5 
589.98 20.38 0.58 2 125.5 
590.23 20.29 0.58 1 125.5 
590.59 20.52 0.59 1 125.5 
590.89 20.71 0.59 1 126.5 
591.24 20.54 0.58 1 126.5 
591.70 20.27 0.58 1 126.5 
591.94 20.50 0.57 1 129.5 
592.14 21.70 0.60 1 129.5 
592.53 22.69 0.63 1 129.5 
592.80 22.63 0.63 1 130.4 
593.11 22.78 0.63 1 130.4 
593.34 22.54 0.62 1 130.4 
593.99 22.44 0.63 1 129.0 
594.34 22.29 0.62 1 129.0 
594.64 21.44 0.60 1 129.0 
595.02 21.44 0.59 1 130.2 
595.33 21.01 0.58 1 130.2 
595.80 20.93 0.58 1 130.2 
596.03 20.86 0.58 1 130.2 
596.36 20.51 0.57 1 130.2 
596.76 20.21 0.56 1 130.2 
597.19 20.26 0.56 1 131.2 
597.60 19.90 0.55 1 131.2 
598.06 19.88 0.54 1 133.0 
598.54 19.46 0.53 1 133.0 
598.84 18.99 0.52 1 132.6 
599.27 18.73 0.51 1 132.6 
599.65 18.31 0.50 2 132.6 
599.94 17.95 0.50 2 130.2 
600.33 17.45 0.48 3 130.2 
600.73 17.05 0.47 3 130.2 
601.14 16.73 0.47 3 128.3 
601.55 16.38 0.46 3 128.3 
602.04 16.21 0.46 2 126.1 
602.31 16.08 0.46 2 126.1 
602.75 15.78 0.45 2 126.1 
603.14 15.65 0.45 2 125.1 
603.99 15.67 0.46 2 122.8 
604.33 15.56 0.46 2 122.8 
604.72 15.12 0.44 2 122.8 
605.01 14.94 0.43 2 124.3 
605.38 15.13 0.44 3 124.3 
605.67 15.06 0.43 3 126.8 
606.04 15.21 0.43 3 126.8 
606.32 15.43 0.44 3 126.8 
606.63 15.50 0.44 3 126.8 
606.89 15.55 0.44 3 127.2 
607.25 15.61 0.44 3 127.2 
607.72 15.75 0.45 3 127.2 
607.94 15.98 0.46 3 126.0 
608.28 16.05 0.46 3 126.0 
608.71 16.11 0.46 3 126.0 
608.96 15.84 0.45 3 125.9 
609.25 16.06 0.46 3 125.9 
609.63 16.24 0.46 2 125.9 
609.90 16.37 0.46 2 128.3 
610.28 16.48 0.46 2 128.3 
610.72 16.81 0.47 2 128.3 
611.06 16.61 0.47 2 128.4 
611.32 17.19 0.48 2 128.4 
611.64 17.50 0.49 2 128.4 
611.98 17.63 0.50 2 127.8 
612.25 17.72 0.50 2 127.8 
612.58 17.80 0.50 2 127.8 
612.87 17.99 0.51 2 127.3 
613.19 18.44 0.52 2 127.3 
613.51 18.63 0.53 2 127.3 
613.75 18.65 0.52 2 127.9 
614.07 18.80 0.53 2 127.9 
614.32 19.07 0.54 2 127.9 
614.69 19.28 0.54 2 127.9 
615.02 19.30 0.53 2 131.0 
615.42 19.46 0.53 2 131.0 
615.70 19.90 0.54 2 132.4 
615.98 20.08 0.55 2 132.4 
616.24 20.25 0.55 2 132.4 
616.60 20.08 0.55 2 132.4 
616.91 20.39 0.56 2 131.2 
617.24 20.82 0.57 2 131.2 
617.54 21.35 0.59 2 131.2 
617.86 21.97 0.61 2 129.9 
618.07 22.10 0.61 2 129.9 
618.39 22.20 0.62 2 129.9 
618.74 22.46 0.62 2 129.4 
619.00 22.49 0.63 2 129.4 
619.25 22.51 0.63 2 129.4 
619.63 22.72 0.63 2 129.4 
619.98 22.88 0.63 2 129.9 
620.31 22.82 0.63 2 129.9 
620.65 22.46 0.62 2 129.9 
620.91 21.48 0.59 2 132.0 
621.28 21.87 0.60 2 132.0 
621.63 22.60 0.62 2 132.0 
621.82 23.18 0.64 2 131.3 
622.08 23.66 0.65 2 131.3 
622.42 23.28 0.64 2 131.3 
622.72 23.14 0.64 2 130.5 
622.98 23.19 0.64 2 130.5 
623.34 23.24 0.64 2 130.5 
623.92 23.85 0.66 2 130.8 
624.23 23.79 0.65 2 130.8 
624.58 23.71 0.65 2 130.8 
624.92 23.46 0.65 2 130.1 
625.25 23.45 0.65 2 130.1 
625.56 24.04 0.67 2 130.1 
625.87 24.14 0.67 2 129.6 
626.10 24.19 0.67 2 129.6 
626.49 24.04 0.67 2 129.6 
626.90 24.55 0.69 2 127.6 
627.18 24.95 0.70 3 127.6 
627.53 25.07 0.71 3 127.6 
627.86 25.16 0.71 3 126.7 
628.12 25.02 0.71 3 126.7 
628.44 24.89 0.71 3 126.7 
628.86 24.62 0.71 3 124.3 
629.20 24.37 0.71 3 124.3 
629.57 23.98 0.69 3 124.3 
629.89 23.82 0.69 3 123.4 
630.28 23.52 0.69 3 123.4 
630.65 23.28 0.68 3 123.4 
631.02 22.92 0.67 3 123.0 
631.47 22.45 0.66 3 123.0 
631.80 21.64 0.63 2 123.4 
632.15 20.84 0.61 2 123.4 
632.57 20.18 0.59 2 123.4 
632.87 19.67 0.57 2 123.7 
633.22 19.24 0.56 2 123.7 
633.91 18.74 0.55 2 122.5 
634.23 18.51 0.54 2 122.5 
634.62 18.19 0.53 2 122.5 
634.95 17.85 0.53 2 120.5 
635.25 17.44 0.52 2 120.5 
635.64 17.12 0.51 2 120.5 
635.90 16.87 0.51 2 118.4 
636.19 16.91 0.51 2 118.4 
636.56 16.84 0.51 2 118.4 
636.87 16.66 0.51 2 117.5 
637.17 16.76 0.51 2 117.5 
637.70 16.61 0.51 2 117.5 
638.13 16.61 0.52 3 115.9 
638.57 16.85 0.52 3 115.9 
638.89 16.91 0.53 3 114.5 
639.30 16.74 0.53 3 114.5 
639.70 17.10 0.54 3 114.5 
640.02 16.90 0.52 3 116.1 
640.40 16.62 0.52 3 116.1 
640.75 16.52 0.50 3 119.6 
641.14 16.43 0.49 3 119.6 
641.49 16.48 0.50 3 119.6 
641.99 16.53 0.49 3 122.0 
642.39 16.45 0.49 3 122.0 
642.74 16.39 0.48 2 122.0 
643.06 16.46 0.47 1 125.3 
643.42 16.18 0.46 1 125.3 
643.79 16.09 0.45 1 127.7 
644.11 15.71 0.44 1 127.7 
644.49 15.16 0.43 1 127.7 
644.86 14.88 0.41 1 129.9 
645.05 14.51 0.40 1 129.9 
645.50 14.06 0.39 1 129.9 
645.81 13.57 0.38 1 129.3 
646.03 13.13 0.37 1 129.3 
646.50 12.72 0.35 1 129.3 
646.78 12.30 0.35 1 125.7 
647.09 11.96 0.34 1 125.7 
647.34 11.71 0.34 1 125.7 
647.69 11.52 0.33 1 125.7 
647.91 11.24 0.33 1 122.2 
648.15 11.02 0.32 2 122.2 
648.42 10.79 0.32 2 122.2 
648.69 10.63 0.32 2 121.3 
648.94 10.70 0.32 2 121.3 
649.21 10.69 0.32 2 121.3 
649.49 10.62 0.32 2 121.3 
649.85 10.82 0.33 2 118.7 
650.14 10.58 0.32 2 118.7 
650.47 10.55 0.32 2 118.7 
650.80 10.43 0.32 2 118.9 
651.16 10.76 0.33 2 118.9 
651.49 10.81 0.33 2 118.9 
651.69 10.85 0.33 2 118.8 
652.04 10.95 0.33 2 118.8 
652.31 11.03 0.33 2 118.8 
652.69 11.09 0.34 2 118.8 
652.96 11.14 0.33 2 120.5 
653.28 11.52 0.34 2 120.5 
654.00 11.63 0.35 2 119.2 
654.30 11.81 0.36 2 119.2 
654.72 11.87 0.36 2 119.2 
655.06 11.99 0.37 2 118.1 
655.46 12.16 0.37 2 118.1 
655.80 12.38 0.37 2 119.2 
656.18 12.39 0.37 2 119.2 
656.55 12.54 0.38 2 119.2 
656.88 12.67 0.38 2 121.3 
657.18 12.76 0.38 2 121.3 
657.65 12.90 0.38 2 121.3 
657.88 12.86 0.38 2 121.7 
658.15 12.82 0.38 2 121.7 
658.61 12.79 0.38 2 121.7 
659.01 12.86 0.38 2 120.6 
659.46 12.56 0.37 1 120.6 
659.75 12.61 0.38 2 119.3 
660.06 12.63 0.38 2 119.3 
660.44 12.51 0.38 1 119.3 
660.81 12.37 0.38 1 117.4 
661.17 12.24 0.38 1 117.4 
661.49 12.10 0.37 1 117.4 
661.78 12.33 0.39 1 115.2 
662.19 12.31 0.38 2 115.2 
662.55 12.50 0.39 2 115.2 
662.78 12.56 0.40 2 113.4 
663.08 12.54 0.40 3 113.4 
663.45 13.01 0.41 3 113.4 
663.76 13.20 0.42 3 112.2 
664.12 13.25 0.42 3 112.2 
664.43 13.37 0.43 3 112.2 
664.79 13.45 0.43 2 112.1 
665.19 13.45 0.43 2 112.1 
665.56 13.38 0.43 2 112.1 
665.81 13.39 0.42 3 115.5 
666.14 13.47 0.42 5 115.5 
666.66 13.81 0.43 4 115.5 
667.03 13.80 0.43 4 116.5 
667.31 13.79 0.43 4 116.5 
667.73 13.86 0.43 3 116.5 
668.00 13.92 0.43 3 115.9 
668.36 13.73 0.43 3 115.9 
668.82 13.50 0.42 3 115.9 
669.17 13.48 0.42 3 114.7 
669.56 13.46 0.42 3 114.7 
669.90 13.37 0.42 3 114.3 
670.24 13.07 0.41 3 114.3 
670.70 13.10 0.41 3 114.3 
671.02 13.03 0.42 3 111.7 
671.37 12.83 0.41 2 111.7 
671.71 12.81 0.41 2 111.7 
672.02 12.67 0.41 2 110.8 
672.47 12.61 0.41 2 110.8 
672.88 12.58 0.41 2 109.7 
673.11 12.54 0.41 2 109.7 
673.54 12.32 0.40 2 109.7 
673.97 12.35 0.41 2 108.5 
674.39 12.12 0.40 2 108.5 
674.75 11.95 0.40 2 108.5 
675.05 11.80 0.40 2 107.6 
675.45 11.72 0.39 2 107.6 
675.79 11.41 0.39 2 106.6 
676.09 11.40 0.39 2 106.6 
676.48 11.35 0.38 2 106.6 
676.86 11.36 0.38 2 107.7 
677.09 11.51 0.38 2 107.7 
677.50 11.50 0.38 2 107.7 
677.83 11.47 0.38 2 108.8 
678.19 11.45 0.38 2 108.8 
678.59 11.63 0.38 1 108.8 
678.88 11.59 0.38 1 110.6 
679.17 11.56 0.38 1 110.6 
679.51 11.72 0.38 1 110.6 
679.77 11.92 0.38 1 111.9 
680.11 12.15 0.39 1 111.9 
680.51 12.17 0.39 1 111.9 
680.83 12.33 0.40 1 110.6 
681.21 12.39 0.40 1 110.6 
681.54 12.49 0.41 1 110.6 
681.84 12.57 0.41 1 111.1 
682.06 12.63 0.41 1 111.1 
682.33 12.68 0.41 1 111.1 
682.68 12.72 0.41 1 111.1 
682.88 12.73 0.41 1 112.5 
683.18 12.84 0.41 1 112.5 
683.46 12.90 0.41 1 112.5 
683.76 12.80 0.41 1 113.0 
684.09 -1.00 -1.00 1 113.0 
684.49 -1.00 -1.00 1 113.0 
684.89 -1.00 -1.00 1 112.9 
685.14 -1.00 -1.00 1 112.9 
685.43 -1.00 -1.00 1 112.9 
685.71 22.17 0.71 2 112.3 
686.07 22.18 0.71 2 112.3 
686.33 22.17 0.71 2 112.3 
686.77 22.07 0.71 2 112.3 
687.08 21.95 0.68 2 115.7 
687.49 21.98 0.68 2 115.7 
687.85 21.75 0.66 2 118.0 
688.18 21.53 0.66 2 118.0 
688.46 21.23 0.65 2 118.0 
688.78 20.96 0.63 2 119.6 
689.08 20.28 0.61 2 119.6 
689.50 19.81 0.60 2 119.6 
689.87 19.19 0.59 1 118.1 
690.21 18.58 0.57 1 118.1 
690.48 17.99 0.55 1 118.1 
690.73 17.32 0.54 1 116.4 
691.08 16.59 0.51 1 116.4 
691.47 15.55 0.48 1 116.4 
691.75 15.03 0.47 1 114.5 
692.06 14.39 0.45 1 114.5 
692.28 13.81 0.43 1 114.5 
692.64 13.24 0.42 1 114.5 
692.91 12.73 0.41 1 112.4 
693.20 11.61 0.37 1 112.4 
693.86 10.27 0.34 2 108.0 
694.17 9.92 0.33 3 108.0 
694.55 9.48 0.32 3 108.0 
694.82 9.09 0.32 3 103.9 
695.16 8.90 0.31 3 103.9 
695.49 8.87 0.31 3 103.9 
695.86 8.94 0.32 3 101.8 
696.25 8.50 0.30 3 101.8 
696.58 8.27 0.29 3 101.8 
696.83 8.59 0.31 3 100.9 
697.10 8.82 0.31 3 100.9 
697.37 8.78 0.31 4 100.9 
697.74 9.06 0.32 4 102.3 
698.17 9.01 0.32 4 102.3 
698.56 9.22 0.32 4 102.3 
698.93 9.44 0.33 3 102.6 
699.26 9.70 0.34 3 102.6 
699.66 9.70 0.34 3 102.6 
699.96 9.70 0.34 3 102.7 
700.33 9.80 0.34 3 102.7 
700.75 9.87 0.35 4 102.7 
701.10 9.47 0.34 4 101.6 
701.43 9.59 0.34 4 101.6 
701.74 9.68 0.35 4 99.1 
702.12 9.79 0.36 4 99.1 
702.53 10.12 0.37 4 99.1 
702.87 10.07 0.37 4 98.6 
703.16 10.04 0.37 3 98.6 
703.49 9.97 0.36 3 98.6 
703.75 10.07 0.37 3 99.3 
704.05 10.22 0.37 3 99.3 
704.52 10.37 0.38 3 99.3 
704.78 10.68 0.38 3 101.5 
705.21 10.78 0.38 3 101.5 
705.50 11.12 0.39 3 101.5 
705.85 11.17 0.40 3 100.9 
706.13 11.48 0.41 3 100.9 
706.60 11.86 0.42 4 100.9 
706.89 11.92 0.43 4 100.2 
707.22 11.96 0.43 4 100.2 
707.59 12.12 0.44 4 100.2 
707.92 12.18 0.44 4 99.8 
708.29 12.16 0.44 4 99.8 
708.71 12.11 0.44 4 99.8 
709.02 12.24 0.43 4 102.6 
709.47 12.42 0.44 4 102.6 
709.88 12.34 0.42 3 105.1 
710.12 12.22 0.42 3 105.1 
710.55 12.16 0.42 4 105.1 
710.94 11.88 0.40 2 107.6 
711.22 11.61 0.39 3 107.6 
711.59 11.30 0.38 3 107.6 
711.91 11.22 0.37 3 110.4 
712.14 10.86 0.35 3 110.4 
712.42 10.38 0.34 3 110.4 
712.79 9.70 0.31 3 112.6 
713.05 9.45 0.30 3 112.6 
713.27 9.39 0.30 3 112.6 
713.64 8.98 0.29 3 112.6 
713.90 8.69 0.29 3 109.3 
714.16 8.40 0.28 3 109.3 
714.58 8.66 0.29 3 109.3 
714.89 8.84 0.31 2 103.3 
715.21 9.06 0.32 2 103.3 
715.68 9.28 0.32 2 103.3 
716.09 9.65 0.34 2 101.2 
716.61 10.04 0.36 2 101.2 
716.97 10.75 0.38 2 101.2 
717.43 11.17 0.40 2 101.2 
717.85 11.72 0.43 2 99.3 
718.31 12.37 0.45 2 99.3 
718.80 13.04 0.47 1 99.3 
719.09 13.47 0.47 1 103.4 
719.46 13.88 0.48 1 103.4 
719.82 14.19 0.48 1 106.1 
720.15 14.63 0.50 1 106.1 
720.46 14.87 0.50 1 106.1 
720.85 15.05 0.50 1 109.4 
721.14 15.66 0.52 1 109.4 
721.49 15.76 0.52 1 109.4 
721.85 15.73 0.50 1 112.1 
722.11 15.69 0.50 1 112.1 
722.47 15.67 0.50 1 112.1 
722.76 15.47 0.48 1 115.3 
723.07 15.48 0.48 1 115.3 
723.34 15.31 0.48 1 115.3 
723.95 14.97 0.46 1 118.2 
724.15 14.83 0.45 1 118.2 
724.43 14.68 0.45 1 118.2 
724.82 14.51 0.43 1 120.7 
725.03 14.13 0.42 1 120.7 
725.41 13.74 0.41 1 120.7 
725.66 -1.00 -1.00 1 122.6 
725.96 -1.00 -1.00 1 122.6 
726.20 -1.00 -1.00 1 122.6 
726.58 23.06 0.68 2 122.6 
726.86 22.93 0.68 2 120.9 
727.12 22.68 0.68 2 120.9 
727.42 22.40 0.67 3 120.9 
727.71 21.90 0.65 3 120.6 
727.91 21.27 0.63 3 120.6 
728.21 20.78 0.62 3 120.6 
728.50 20.03 0.60 3 120.6 
728.79 19.31 0.59 3 117.9 
729.01 18.62 0.57 3 117.9 
729.29 18.03 0.55 3 117.9 
729.68 17.37 0.53 2 117.9 
729.98 16.66 0.51 2 116.6 
730.32 15.99 0.49 2 116.6 
730.67 15.17 0.47 2 116.6 
730.89 14.32 0.44 2 116.9 
731.20 13.58 0.42 2 116.9 
731.48 -1.00 -1.00 2 116.9 
731.74 -1.00 -1.00 2 119.6 
732.02 -1.00 -1.00 2 119.6 
732.31 13.61 0.41 2 119.6 
732.66 13.42 0.40 1 119.6 
732.87 13.35 0.39 1 122.3 
733.17 13.39 0.39 2 122.3 
733.47 13.33 0.39 2 122.3 
733.82 13.45 0.39 1 123.3 
734.05 13.39 0.39 1 123.3 
734.28 13.33 0.39 1 123.3 
734.57 13.28 0.39 1 123.3 
734.83 12.84 0.38 1 120.8 
735.04 12.37 0.37 1 120.8 
735.29 12.12 0.36 1 120.8 
735.52 12.00 0.36 1 120.8 
735.84 11.98 0.36 1 119.9 
736.09 12.11 0.36 1 119.9 
736.31 12.07 0.36 1 119.9 
736.67 12.03 0.36 1 119.9 
736.94 11.88 0.36 1 118.0 
737.30 11.97 0.37 1 118.0 
737.69 11.97 0.37 1 118.0 
737.94 11.89 0.37 1 116.3 
738.26 11.91 0.37 1 116.3 
738.51 11.78 0.36 1 116.3 
738.77 11.83 0.37 1 113.8 
739.05 12.00 0.38 1 113.8 
739.46 12.07 0.38 1 113.8 
739.72 12.26 0.39 1 114.3 
739.92 12.26 0.39 1 114.3 
740.41 12.41 0.39 1 114.3 
740.71 12.77 0.40 2 116.0 
740.96 12.96 0.40 2 116.0 
741.21 12.87 0.40 2 116.0 
741.49 12.94 0.40 2 116.0 
741.81 13.01 0.39 2 118.7 
742.02 12.98 0.39 2 118.7 
742.29 13.19 0.40 2 118.7 
742.61 13.20 0.40 2 118.7 
742.90 13.27 0.40 2 120.1 
743.09 13.25 0.40 2 120.1 
743.33 13.31 0.40 2 120.1 
743.96 13.48 0.41 2 118.4 
744.21 13.57 0.41 2 118.4 
744.55 13.63 0.41 2 118.4 
744.76 13.68 0.42 2 116.5 
744.98 13.90 0.43 2 116.5 
745.28 13.88 0.43 2 116.5 
745.51 14.15 0.44 2 116.5 
745.81 14.16 0.44 2 115.1 
746.11 14.26 0.45 2 115.1 
746.41 14.53 0.45 2 115.1 
746.73 14.64 0.45 2 115.9 
747.03 14.62 0.45 2 115.9 
747.30 14.91 0.46 2 115.9 
747.63 14.84 0.46 2 115.9 
747.93 14.96 0.46 2 118.3 
748.17 14.87 0.45 2 118.3 
748.39 14.90 0.45 2 118.3 
748.74 14.81 0.44 2 121.1 
749.06 14.94 0.44 2 121.1 
749.43 14.85 0.44 2 121.1 
749.71 14.78 0.43 2 123.7 
749.94 14.91 0.43 2 123.7 
750.22 15.22 0.44 2 123.7 
750.61 15.25 0.44 2 123.7 
750.94 15.48 0.46 2 121.9 
751.17 15.45 0.46 2 121.9 
751.48 15.53 0.46 2 121.9 
751.83 15.81 0.47 2 120.7 
752.09 15.70 0.47 2 120.7 
752.43 15.72 0.47 2 120.7 
752.79 15.38 0.47 2 118.7 
753.08 15.56 0.47 2 118.7 
753.51 15.64 0.47 2 118.7 
753.98 15.87 0.49 2 117.7 
754.31 16.00 0.49 3 117.7 
754.64 16.17 0.49 3 117.7 
754.90 16.28 0.50 3 117.7 
755.23 16.27 0.50 3 117.7 
755.59 16.48 0.50 2 117.7 
755.87 16.43 0.49 2 120.2 
756.13 16.60 0.50 2 120.2 
756.43 16.73 0.50 2 120.2 
756.73 16.61 0.49 2 122.7 
757.03 16.62 0.49 2 122.7 
757.25 16.21 0.48 2 122.7 
757.61 15.80 0.46 2 122.7 
757.92 15.87 0.45 2 125.7 
758.39 16.16 0.46 2 125.7 
758.68 16.38 0.47 2 124.7 
758.99 16.55 0.48 2 124.7 
759.20 16.47 0.48 2 124.7 
759.56 16.49 0.48 2 124.7 
759.81 16.64 0.49 2 121.9 
760.13 16.52 0.49 2 121.9 
760.49 16.22 0.48 2 121.9 
760.72 16.18 0.49 2 119.8 
761.01 15.94 0.48 2 119.8 
761.24 16.20 0.49 2 119.8 
761.62 16.40 0.49 2 119.8 
761.94 16.68 0.50 2 120.9 
762.18 16.44 0.49 2 120.9 
762.48 16.35 0.49 2 120.9 
762.72 16.25 0.48 2 122.0 
762.94 16.20 0.48 2 122.0 
763.22 16.17 0.48 2 122.0 
763.49 16.04 0.47 2 122.0 
763.84 16.39 0.47 2 125.3 
764.10 16.41 0.47 2 125.3 
764.43 16.33 0.47 2 125.3 
764.70 16.49 0.47 2 125.4 
765.03 16.63 0.48 2 125.4 
765.28 16.72 0.48 2 125.4 
765.67 16.80 0.48 2 125.4 
766.05 16.75 0.48 1 125.8 
766.43 16.38 0.47 1 125.8 
766.76 16.94 0.48 1 127.3 
767.02 16.98 0.48 1 127.3 
767.32 17.00 0.48 2 127.3 
767.65 17.27 0.49 1 127.3 
767.90 17.36 0.50 1 126.0 
768.08 17.19 0.49 1 126.0 
768.30 17.29 0.49 1 126.0 
768.67 17.50 0.50 1 126.0 
768.91 17.43 0.50 1 125.2 
769.13 17.24 0.50 1 125.2 
769.50 16.98 0.49 1 125.2 
769.76 16.89 0.48 1 125.7 
769.96 -1.00 -1.00 1 125.7 
770.24 -1.00 -1.00 1 125.7 
770.54 -1.00 -1.00 1 125.7 
770.89 -1.00 -1.00 1 129.5 
771.22 -1.00 -1.00 1 129.5 
771.59 -1.00 -1.00 1 129.5 
771.87 -1.00 -1.00 1 131.1 
772.15 -1.00 -1.00 1 131.1 
772.39 -1.00 -1.00 1 131.1 
772.68 -1.00 -1.00 1 131.2 
772.98 -1.00 -1.00 1 131.2 
773.30 -1.00 -1.00 1 131.2 
773.77 -1.00 -1.00 1 131.2 
774.01 -1.00 -1.00 1 135.5 
774.34 -1.00 -1.00 1 135.5 
774.80 -1.00 -1.00 1 135.5 
775.12 -1.00 -1.00 1 134.7 
775.50 38.43 1.03 3 134.7 
775.82 38.21 1.04 3 132.0 
776.08 37.81 1.03 3 132.0 
776.45 37.46 1.02 3 132.0 
776.77 36.76 1.01 3 130.7 
777.22 35.86 0.99 2 130.7 
777.67 34.61 0.95 2 130.7 
777.93 33.42 0.93 2 128.9 
778.20 32.18 0.90 2 128.9 
778.60 30.48 0.85 2 128.9 
778.82 28.37 0.81 2 126.8 
779.11 26.51 0.75 2 126.8 
779.32 -1.00 -1.00 2 126.8 
779.59 17.26 0.49 2 126.8 
779.81 17.20 0.49 2 125.5 
780.01 17.28 0.50 2 125.5 
780.32 -1.00 -1.00 2 125.5 
780.60 17.58 0.50 2 125.5 
780.89 17.59 0.51 2 123.3 
781.17 17.24 0.50 2 123.3 
781.54 17.19 0.50 3 123.3 
781.87 17.26 0.51 3 121.7 
782.21 -1.00 -1.00 3 121.7 
782.66 16.74 0.50 2 121.7 
782.88 16.55 0.48 2 122.9 
783.14 16.21 0.47 2 122.9 
783.49 16.15 0.47 2 122.9 
784.00 15.59 0.45 2 126.0 
784.29 15.66 0.45 2 126.0 
784.60 15.52 0.44 2 126.0 
784.93 15.61 0.45 2 124.8 
785.25 15.38 0.44 2 124.8 
785.69 15.10 0.44 2 124.8 
785.94 14.72 0.43 2 123.6 
786.23 14.60 0.43 2 123.6 
786.53 14.41 0.42 1 123.6 
786.79 14.27 0.42 2 121.4 
787.10 14.08 0.42 3 121.4 
787.41 14.21 0.42 3 121.4 
787.72 14.12 0.42 3 119.7 
787.99 14.24 0.43 3 119.7 
788.21 14.44 0.43 3 119.7 
788.46 14.69 0.44 3 119.7 
788.80 14.79 0.44 3 120.4 
789.06 14.58 0.44 3 120.4 
789.49 14.51 0.43 3 120.4 
789.82 14.76 0.44 3 120.4 
790.15 14.85 0.44 3 120.4 
790.64 14.72 0.44 2 120.4 
790.97 14.92 0.46 2 117.1 
791.17 15.08 0.46 2 117.1 
791.54 15.19 0.47 2 117.1 
791.87 15.40 0.46 2 119.7 
792.12 15.47 0.47 2 119.7 
792.44 15.21 0.46 2 119.7 
792.75 15.55 0.48 2 117.6 
793.01 15.55 0.48 2 117.6 
793.41 15.67 0.48 2 117.6 
794.03 15.45 0.48 2 116.1 
794.25 15.47 0.48 2 116.1 
794.68 15.40 0.48 3 116.1 
795.06 15.34 0.47 2 117.6 
795.35 15.19 0.46 2 117.6 
795.74 15.08 0.46 2 117.6 
795.97 15.09 0.45 3 119.7 
796.26 15.01 0.45 2 119.7 
796.69 14.94 0.45 2 119.7 
797.05 14.71 0.43 2 122.7 
797.34 14.28 0.42 2 122.7 
797.77 14.20 0.42 2 122.7 
798.00 14.06 0.41 2 124.7 
798.28 14.03 0.41 2 124.7 
798.57 13.92 0.40 3 124.7 
798.88 13.70 0.40 3 123.9 
799.22 13.37 0.39 3 123.9 
799.60 13.04 0.38 3 123.9 
799.90 12.59 0.37 2 122.3 
800.15 -1.00 -1.00 2 122.3 
800.56 -1.00 -1.00 2 122.3 
800.85 -1.00 -1.00 2 120.2 
801.12 -1.00 -1.00 2 120.2 
801.46 -1.00 -1.00 2 120.2 
801.79 -1.00 -1.00 2 120.7 
802.05 39.04 1.16 3 120.7 
802.45 -1.00 -1.00 3 120.7 
802.71 37.33 1.09 3 123.3 
803.16 -1.00 -1.00 3 123.3 
803.54 -1.00 -1.00 3 123.3 
803.79 35.02 1.00 3 125.7 
804.10 -1.00 -1.00 3 125.7 
804.46 -1.00 -1.00 3 125.7 
804.71 -1.00 -1.00 3 124.8 
805.11 -1.00 -1.00 2 124.8 
805.35 -1.00 -1.00 2 124.8 
805.63 -1.00 -1.00 2 124.8 
806.00 -1.00 -1.00 2 121.5 
806.24 -1.00 -1.00 2 121.5 
806.61 -1.00 -1.00 2 121.5 
806.84 -1.00 -1.00 2 113.7 
807.17 -1.00 -1.00 2 113.7 
807.50 35.11 1.11 2 113.7 
807.81 17.33 0.59 2 105.2 
808.09 16.46 0.56 2 105.2 
808.44 15.76 0.54 4 105.2 
808.72 35.59 1.28 5 100.0 
809.01 30.22 1.09 5 100.0 
809.29 29.91 1.08 5 100.0 
809.68 29.33 1.06 5 100.0 
809.96 28.62 1.04 5 98.6 
810.30 27.85 1.02 4 98.6 
810.61 27.26 1.00 4 98.6 
810.93 26.31 0.97 4 97.2 
811.15 25.43 0.94 4 97.2 
811.45 24.69 0.91 4 97.2 
811.77 24.04 0.90 4 96.0 
812.11 23.22 0.87 4 96.0 
812.42 21.95 0.82 4 96.0 
812.81 20.87 0.79 3 95.3 
813.05 19.46 0.74 3 95.3 
813.44 18.41 0.70 3 95.3 
813.87 17.29 0.64 3 97.6 
814.15 16.66 0.61 3 97.6 
814.46 15.83 0.58 2 97.6 
814.74 15.00 0.55 2 98.0 
815.01 14.22 0.52 2 98.0 
815.27 13.60 0.50 2 98.0 
815.56 13.08 0.48 2 98.0 
815.86 12.74 0.49 2 94.4 
816.18 -1.00 -1.00 2 94.4 
816.48 -1.00 -1.00 2 94.4 
816.75 -1.00 -1.00 2 89.5 
817.06 -1.00 -1.00 2 89.5 
817.35 -1.00 -1.00 2 89.5 
817.65 -1.00 -1.00 2 89.5 
817.95 -1.00 -1.00 2 88.4 
818.21 -1.00 -1.00 2 88.4 
818.46 -1.00 -1.00 2 88.4 
818.76 -1.00 -1.00 2 90.4 
819.05 -1.00 -1.00 2 90.4 
819.38 -1.00 -1.00 2 90.4 
819.68 -1.00 -1.00 2 90.4 
820.02 -1.00 -1.00 2 93.6 
820.35 -1.00 -1.00 2 93.6 
820.64 -1.00 -1.00 2 93.6 
820.91 -1.00 -1.00 2 96.5 
821.22 -1.00 -1.00 1 96.5 
821.51 -1.00 -1.00 1 96.5 
821.86 -1.00 -1.00 2 97.2 
822.25 -1.00 -1.00 2 97.2 
822.68 -1.00 -1.00 2 97.2 
823.05 -1.00 -1.00 1 96.4 
823.37 -1.00 -1.00 1 96.4 
823.74 -1.00 -1.00 2 96.4 
824.12 -1.00 -1.00 2 92.8 
824.46 -1.00 -1.00 2 92.8 
824.71 -1.00 -1.00 2 92.7 
824.99 -1.00 -1.00 2 92.7 
825.32 -1.00 -1.00 2 92.7 
825.62 -1.00 -1.00 1 92.7 
825.86 -1.00 -1.00 1 85.5 
826.10 7.12 0.30 1 85.5 
826.48 7.34 0.31 1 85.5 
826.76 7.71 0.33 1 84.5 
827.07 7.83 0.33 2 84.5 
827.47 8.24 0.35 2 84.5 
827.87 8.41 0.35 2 86.5 
828.22 8.53 0.36 2 86.5 
828.55 -1.00 -1.00 2 86.5 
828.88 9.37 0.38 2 88.7 
829.13 9.48 0.38 2 88.7 
829.51 9.38 0.38 2 88.7 
829.82 9.39 0.37 2 91.1 
830.23 9.25 0.37 2 91.1 
830.65 9.12 0.36 2 91.1 
831.00 9.12 0.36 2 91.4 
831.44 -1.00 -1.00 2 91.4 
831.81 -1.00 -1.00 1 90.4 
832.14 9.09 0.36 1 90.4 
832.40 9.00 0.36 1 90.4 
832.75 8.87 0.35 1 90.2 
833.02 8.77 0.35 1 90.2 
833.43 8.62 0.34 1 90.2 
833.74 8.50 0.34 1 90.3 
834.08 8.36 0.33 1 90.3 
834.32 8.26 0.33 1 90.3 
834.65 8.17 0.33 1 90.3 
834.92 8.19 0.32 1 91.2 
835.22 8.20 0.32 1 91.2 
835.54 8.08 0.32 1 91.2 
835.92 7.98 0.32 1 89.3 
836.13 8.06 0.32 1 89.3 
836.47 7.90 0.32 1 89.3 
836.82 7.79 0.32 1 88.6 
837.17 7.78 0.32 1 88.6 
837.55 7.77 0.32 1 88.6 
837.84 7.83 0.32 1 86.8 
838.08 7.95 0.33 1 86.8 
838.40 8.04 0.33 1 86.8 
838.71 8.09 0.33 2 88.0 
838.97 8.06 0.33 2 88.0 
839.25 8.04 0.33 2 88.0 
839.55 8.14 0.33 2 88.0 
839.93 8.20 0.33 2 88.8 
840.23 8.21 0.33 2 88.8 
840.56 8.43 0.34 2 88.8 
840.78 8.46 0.34 3 90.6 
841.14 8.33 0.33 3 90.6 
841.48 8.24 0.33 3 90.6 
841.86 8.56 0.34 3 89.9 
842.11 8.56 0.34 3 89.9 
842.46 8.33 0.33 3 89.9 
842.77 8.23 0.33 3 89.3 
843.04 8.09 0.33 2 89.3 
843.31 8.21 0.33 2 89.3 
843.69 8.33 0.34 2 89.3 
843.95 8.55 0.35 2 87.7 
844.16 8.46 0.35 2 87.7 
844.55 8.73 0.36 2 87.7 
844.83 9.01 0.37 2 87.4 
845.09 9.03 0.37 2 87.4 
845.42 9.38 0.39 1 87.4 
845.70 9.57 0.39 1 88.7 
845.96 9.62 0.39 1 88.7 
846.21 9.86 0.40 1 88.7 
846.52 10.02 0.41 1 88.7 
846.80 10.03 0.40 2 89.7 
847.11 10.21 0.41 2 89.7 
847.33 10.38 0.42 2 89.7 
847.74 10.65 0.43 2 89.7 
848.01 10.84 0.44 2 89.3 
848.21 10.74 0.43 2 89.3 
848.51 10.78 0.43 2 89.3 
848.81 10.92 0.43 2 90.9 
849.01 11.03 0.44 2 90.9 
849.35 10.99 0.44 2 90.9 
849.64 10.96 0.43 2 90.9 
849.92 10.93 0.43 2 91.5 
850.17 11.01 0.43 2 91.5 
850.52 10.98 0.43 2 91.5 
850.84 10.98 0.43 2 90.9 
851.17 11.48 0.45 2 90.9 
851.49 11.49 0.45 2 90.9 
851.71 11.26 0.44 2 91.7 
851.99 11.53 0.45 3 91.7 
852.27 11.34 0.45 3 91.7 
852.57 11.37 0.45 4 91.7 
852.90 11.17 0.43 3 92.7 
853.09 11.23 0.44 3 92.7 
853.44 11.18 0.43 3 92.7 
853.74 11.08 0.43 3 92.3 
854.09 10.52 0.41 3 92.3 
854.45 10.22 0.40 3 92.3 
854.78 10.92 0.43 3 91.8 
855.08 11.19 0.44 3 91.8 
855.34 11.26 0.44 3 91.8 
855.75 29.61 1.16 3 91.8 
856.06 30.09 1.22 3 88.5 
856.36 31.48 1.28 3 88.5 
856.74 32.27 1.31 3 88.5 
857.01 32.94 1.33 3 89.1 
857.33 33.19 1.34 3 89.1 
857.81 33.75 1.36 3 89.1 
858.06 -1.00 -1.00 3 90.4 
858.34 -1.00 -1.00 3 90.4 
858.75 -1.00 -1.00 3 90.4 
859.10 12.94 0.50 3 92.3 
859.45 12.80 0.50 3 92.3 
859.72 12.99 0.49 3 95.3 
859.99 12.89 0.49 2 95.3 
860.28 13.05 0.49 1 95.3 
860.57 12.93 0.49 1 95.3 
860.78 12.62 0.46 1 97.8 
861.01 12.08 0.44 1 97.8 
861.24 11.90 0.44 1 97.8 
861.52 11.77 0.43 1 97.8 
861.80 11.67 0.43 1 96.8 
862.00 11.42 0.42 1 96.8 
862.30 11.34 0.42 1 96.8 
862.64 10.90 0.41 1 96.8 
862.91 10.37 0.39 1 95.0 
863.23 10.12 0.38 1 95.0 
863.85 9.48 0.37 1 91.9 
864.15 9.33 0.37 1 91.9 
864.44 9.06 0.35 1 91.9 
864.67 8.95 0.38 1 84.3 
864.99 9.17 0.39 1 84.3 
865.33 9.38 0.40 2 84.3 
865.74 9.49 0.41 2 84.3 
866.11 9.46 0.43 2 78.7 
866.34 9.54 0.44 2 78.7 
866.74 9.52 0.44 2 78.7 
867.08 9.49 0.45 2 76.5 
867.49 9.38 0.44 2 76.5 
867.76 9.26 0.46 2 73.0 
868.00 9.13 0.45 2 73.0 
868.32 9.04 0.45 2 73.0 
868.75 9.44 0.47 2 73.0 
869.20 9.45 0.51 2 66.7 
869.50 -1.00 -1.00 2 66.7 
869.82 9.85 0.59 2 59.7 
870.10 10.56 0.64 2 59.7 
870.48 10.84 0.65 2 59.7 
870.79 -1.00 -1.00 2 58.0 
871.13 -1.00 -1.00 2 58.0 
871.50 -1.00 -1.00 2 58.0 
871.80 -1.00 -1.00 2 56.5 
872.20 13.55 0.86 1 56.5 
872.51 13.79 0.88 1 56.5 
872.87 13.86 0.91 1 55.0 
873.16 -1.00 -1.00 1 55.0 
873.90 -1.00 -1.00 0 56.5 
874.20 -1.00 -1.00 1 56.5 
874.48 -1.00 -1.00 1 56.5 
874.82 -1.00 -1.00 2 55.9 
875.14 -1.00 -1.00 2 55.9 
875.42 -1.00 -1.00 2 55.9 
875.73 -1.00 -1.00 2 51.9 
875.98 -1.00 -1.00 2 51.9 
876.33 -1.00 -1.00 2 51.9 
876.61 -1.00 -1.00 2 51.9 
