24.56 79.6 40.505848 -3.357018 605.6 3 5 275.6 0.352 0 0 0 
25.61 85.9 40.505863 -3.357287 605.7 3 5 274.6 1.055 0 0 0 
26.55 87.5 40.505882 -3.357574 605.3 3 5 275.3 0.703 0 0 0 
27.54 86.8 40.505901 -3.357868 604.8 3 5 276.0 1.406 0 0 0 
28.56 88.3 40.505924 -3.358147 604.7 3 5 276.0 0.703 0 0 0 
29.55 91.5 40.505947 -3.358443 605.0 4 5 276.0 0 0 0 0 
30.57 92.6 40.505970 -3.358751 604.7 4 5 276.0 0 0 0 0 
31.55 92.6 40.505993 -3.359046 604.6 4 5 274.6 1.406 1 0 0 
32.54 93.7 40.506008 -3.359354 605.1 4 5 273.2 2.812 1 0 0 
33.55 94.2 40.506016 -3.359661 604.8 4 5 271.4 3.164 1 0 0 
34.56 94.6 40.506012 -3.359968 604.7 4 5 268.6 4.570 2 2 0 
35.56 93.0 40.506004 -3.360270 605.0 4 5 267.5 3.867 2 3 0 
36.55 91.3 40.505993 -3.360569 604.8 3 5 267.5 1.055 2 0 0 
37.56 90.8 40.505978 -3.360862 605.7 3 5 265.4 1.055 1 0 0 
38.59 90.6 40.505955 -3.361164 606.6 3 5 264.4 3.164 2 0 0 
39.56 91.9 40.505928 -3.361460 606.9 3 5 262.3 3.164 0 4 0 
40.56 93.3 40.505894 -3.361759 607.5 3 5 259.8 4.570 0 4 0 
41.58 92.0 40.505867 -3.362060 608.9 3 5 262.3 2.461 0 4 0 
42.56 101.1 40.505787 -3.362388 609.9 3 5 256.6 5.625 0 3 0 
43.54 102.2 40.505730 -3.362714 610.6 3 5 256.3 5.977 0 3 0 
44.56 105.5 40.505657 -3.363051 612.6 3 5 255.2 1.406 1 3 0 
45.58 107.5 40.505577 -3.363385 616.7 3 5 252.4 3.867 1 3 0 
46.56 109.3 40.505493 -3.363715 615.3 3 5 251.0 4.219 1 4 0 
47.56 111.9 40.505398 -3.364057 612.0 3 5 250.3 2.109 2 4 0 
48.56 113.8 40.505295 -3.364401 613.6 3 5 248.2 2.812 1 4 0 
49.57 111.9 40.505188 -3.364740 613.7 3 5 246.1 4.219 2 4 0 
50.55 112.0 40.505062 -3.365072 613.7 3 5 244.3 3.867 2 5 1 
51.57 111.9 40.504944 -3.365396 613.7 3 5 242.2 3.867 2 5 1 
52.56 110.5 40.504810 -3.365716 613.1 3 5 240.5 3.867 2 5 1 
53.56 109.1 40.504673 -3.366024 615.6 3 5 239.1 3.164 2 5 1 
54.56 108.7 40.504528 -3.366329 615.0 3 5 238.7 1.758 2 5 1 
55.61 109.9 40.504379 -3.366629 615.6 3 5 237.7 1.406 2 5 1 
56.61 111.0 40.504230 -3.366937 613.5 3 5 237.7 1.055 2 6 1 
57.57 109.9 40.504086 -3.367246 610.0 3 5 237.7 0 0 6 1 
58.60 109.0 40.503937 -3.367546 610.7 3 5 237.3 0.352 0 5 1 
59.57 107.2 40.503792 -3.367851 609.8 3 5 237.3 0.352 0 5 1 
60.55 106.1 40.503647 -3.368138 609.4 3 5 236.6 0.703 0 5 1 
61.54 106.1 40.503502 -3.368428 609.1 4 5 236.6 0.703 0 5 1 
62.63 107.1 40.503353 -3.368714 609.2 4 5 237.0 0.352 0 5 1 
63.54 107.5 40.503212 -3.369017 609.3 4 5 237.3 0.703 0 5 1 
64.62 109.7 40.503059 -3.369326 609.5 4 5 237.3 0.352 1 5 1 
65.54 111.6 40.502911 -3.369630 609.4 4 5 237.0 0.352 2 5 1 
66.59 111.1 40.502777 -3.369926 609.1 4 5 237.0 0.352 2 5 1 
67.55 110.2 40.502628 -3.370235 608.6 4 5 238.0 1.055 2 5 1 
68.55 111.4 40.502483 -3.370557 609.3 4 5 238.7 1.758 0 5 1 
69.54 113.6 40.502346 -3.370874 608.8 4 5 239.4 1.406 0 5 1 
70.55 114.3 40.502205 -3.371185 608.9 4 5 238.7 0.703 2 5 1 
71.54 112.5 40.502060 -3.371507 608.6 4 5 238.0 1.406 2 5 1 
72.55 110.7 40.501907 -3.371819 609.5 4 5 237.3 1.406 2 5 1 
73.54 109.3 40.501759 -3.372121 608.4 4 5 237.7 0.352 2 5 1 
74.63 106.4 40.501617 -3.372416 608.4 4 5 237.7 0.352 1 5 1 
75.57 105.5 40.501476 -3.372703 607.6 3 5 237.3 0.352 0 5 1 
76.54 103.9 40.501347 -3.373005 605.9 4 5 237.3 0.352 1 5 1 
77.62 102.2 40.501202 -3.373290 605.4 3 5 237.3 0 1 5 1 
78.55 101.7 40.501060 -3.373569 605.4 4 5 237.3 0 1 5 1 
79.55 102.0 40.500923 -3.373843 604.6 4 5 237.3 0 1 5 1 
80.55 102.6 40.500790 -3.374124 604.3 4 5 237.3 0 0 5 1 
81.55 104.8 40.500648 -3.374409 607.3 4 5 237.3 0 0 5 1 
82.56 105.8 40.500504 -3.374691 607.0 4 5 236.6 0.703 1 5 1 
83.57 104.7 40.500355 -3.374980 605.3 3 5 236.6 0.703 1 5 1 
84.55 103.7 40.500210 -3.375273 604.7 4 5 236.6 0 2 5 1 
85.55 102.5 40.500069 -3.375549 605.0 3 5 236.6 0 2 5 1 
86.65 102.4 40.499924 -3.375828 604.1 3 5 236.6 0 2 6 1 
87.63 103.3 40.499779 -3.376106 604.3 3 5 237.0 0.352 2 6 1 
88.55 102.6 40.499645 -3.376390 604.2 3 5 236.2 0.703 2 6 1 
89.55 102.1 40.499496 -3.376666 603.9 3 5 236.2 0.703 1 6 1 
90.55 100.7 40.499355 -3.376947 603.0 3 5 236.2 0 2 6 1 
91.54 98.9 40.499222 -3.377226 603.2 3 5 236.2 0 2 6 1 
92.60 97.0 40.499100 -3.377476 603.0 3 5 235.9 0.352 0 6 1 
93.57 95.1 40.498962 -3.377732 602.3 4 5 235.2 1.055 2 6 1 
94.56 95.2 40.498825 -3.377988 602.4 4 5 236.6 1.406 0 6 1 
95.56 95.3 40.498695 -3.378249 602.1 4 5 236.6 1.406 0 6 1 
96.59 95.1 40.498566 -3.378520 601.6 4 5 237.7 1.055 0 6 1 
97.56 94.5 40.498432 -3.378788 601.3 3 5 236.2 1.406 0 6 1 
98.59 94.1 40.498299 -3.379053 601.1 3 5 236.2 1.406 0 5 1 
99.64 94.2 40.498161 -3.379315 601.6 3 5 236.2 0 0 5 1 
100.57 94.2 40.498035 -3.379574 601.2 3 5 236.2 0 1 5 1 
101.59 93.1 40.497894 -3.379833 600.7 3 5 236.2 0 1 5 1 
102.61 94.1 40.497761 -3.380090 600.8 3 5 236.2 0 1 5 1 
103.56 93.9 40.497627 -3.380344 601.9 3 5 235.5 0.703 1 6 1 
104.54 94.1 40.497494 -3.380600 600.8 3 5 235.9 0.352 2 6 1 
105.55 95.7 40.497356 -3.380860 600.4 3 5 236.2 0.703 2 6 1 
106.56 99.0 40.497223 -3.381131 600.5 3 5 236.2 0.352 2 6 1 
107.58 102.7 40.497078 -3.381407 600.9 4 5 236.2 0 2 6 1 
108.55 104.5 40.496933 -3.381691 601.3 4 5 235.9 0.352 2 6 1 
109.67 107.7 40.496780 -3.381985 601.3 3 5 236.2 0.352 2 6 1 
110.57 110.6 40.496635 -3.382280 601.3 3 5 236.2 0.352 2 6 1 
111.65 110.3 40.496479 -3.382581 601.6 3 5 235.5 0.703 2 6 1 
112.54 108.5 40.496323 -3.382877 601.0 3 5 235.5 0.703 2 6 1 
113.57 106.8 40.496170 -3.383173 600.9 3 5 235.5 0 1 6 1 
114.56 104.9 40.496029 -3.383452 601.1 3 5 235.2 0.352 1 6 1 
115.56 103.2 40.495880 -3.383724 600.8 3 5 234.5 1.055 1 6 1 
116.56 101.7 40.495735 -3.383997 601.0 3 5 234.1 1.055 1 6 1 
117.58 101.0 40.495586 -3.384261 602.2 3 5 233.8 0.703 0 6 1 
118.55 101.1 40.495438 -3.384529 602.4 3 5 233.8 0.352 0 6 1 
119.61 100.5 40.495281 -3.384792 601.4 4 5 233.1 0.703 0 6 1 
120.54 101.8 40.495113 -3.385045 601.7 3 5 231.7 2.109 0 6 1 
121.56 106.3 40.494946 -3.385309 602.0 3 5 230.3 2.812 2 6 1 
122.60 106.2 40.494766 -3.385571 602.5 3 5 230.3 1.406 1 6 1 
123.54 104.7 40.494598 -3.385842 601.9 3 5 231.0 0.703 2 6 1 
124.54 103.2 40.494434 -3.386104 602.4 3 5 231.3 1.055 2 6 1 
125.55 101.4 40.494274 -3.386368 602.3 3 5 230.6 0.703 0 6 1 
126.54 100.8 40.494122 -3.386616 602.2 3 5 231.0 0.352 2 6 1 
127.62 102.1 40.493961 -3.386884 602.5 3 5 230.6 0.352 2 6 1 
128.54 103.7 40.493797 -3.387156 602.8 3 5 230.6 0.352 2 6 1 
129.54 104.4 40.493629 -3.387419 603.1 3 5 229.6 1.055 2 6 1 
130.58 104.2 40.493462 -3.387680 603.1 3 5 229.6 1.055 2 6 1 
131.55 103.9 40.493290 -3.387939 603.3 3 5 229.2 0.352 2 6 1 
132.55 103.4 40.493118 -3.388201 603.3 3 5 228.9 0.703 2 6 1 
133.57 101.6 40.492954 -3.388458 603.3 3 5 229.6 0.703 0 6 1 
134.59 101.7 40.492786 -3.388712 603.4 4 5 229.6 0.703 0 6 1 
135.55 102.7 40.492615 -3.388966 603.4 4 5 228.9 0.703 0 6 1 
136.55 105.9 40.492424 -3.389221 602.7 4 5 227.8 1.758 1 6 1 
137.56 107.9 40.492241 -3.389488 602.6 4 5 227.1 1.758 0 6 1 
138.56 107.1 40.492050 -3.389744 602.4 4 5 226.4 1.406 1 6 1 
139.55 107.5 40.491867 -3.389995 602.3 4 5 226.1 1.055 1 6 1 
140.67 111.0 40.491673 -3.390254 606.4 3 5 226.4 0.352 2 6 1 
141.56 112.5 40.491478 -3.390530 606.1 4 5 226.1 0.352 2 6 1 
142.56 113.7 40.491287 -3.390793 605.1 4 5 225.7 0.703 1 6 1 
143.59 115.5 40.491085 -3.391061 602.5 3 5 225.7 0.352 1 6 1 
144.56 118.7 40.490871 -3.391346 603.5 3 5 226.1 0.352 0 6 1 
145.59 121.6 40.490662 -3.391627 605.2 3 5 226.1 0.352 0 6 1 
146.56 123.7 40.490448 -3.391923 605.6 3 5 226.1 0 1 6 1 
147.58 123.0 40.490231 -3.392218 605.8 3 5 226.1 0 1 6 1 
148.57 122.4 40.490017 -3.392514 605.1 3 5 226.1 0 2 6 1 
149.56 120.9 40.489803 -3.392795 605.2 4 5 226.1 0 1 6 1 
150.56 118.9 40.489597 -3.393073 603.9 3 5 226.1 0 1 6 1 
151.56 117.4 40.489388 -3.393349 604.3 3 5 226.1 0 1 6 1 
152.62 115.9 40.489182 -3.393620 604.1 3 5 226.1 0 1 6 1 
153.56 115.5 40.488983 -3.393887 604.2 3 5 226.1 0 0 6 1 
154.56 115.2 40.488777 -3.394156 603.0 3 5 226.1 0 0 6 1 
155.56 114.1 40.488579 -3.394422 602.6 3 5 226.1 0 0 6 1 
156.56 113.4 40.488380 -3.394686 602.4 3 5 226.1 0 0 6 1 
157.56 113.1 40.488190 -3.394945 602.1 3 5 226.1 0 1 6 1 
158.61 113.9 40.487988 -3.395211 602.7 3 5 226.1 0 0 6 1 
159.56 115.4 40.487793 -3.395481 603.7 3 5 225.7 0.352 0 6 1 
160.61 115.4 40.487591 -3.395752 602.9 3 5 225.7 0.352 1 6 1 
161.55 114.7 40.487389 -3.396016 603.5 3 5 225.4 0.352 1 6 1 
162.55 113.5 40.487183 -3.396269 603.1 3 5 224.3 1.406 2 6 1 
163.56 112.0 40.486984 -3.396533 603.1 3 5 222.9 2.461 1 6 1 
164.56 110.9 40.486778 -3.396800 603.2 3 5 222.5 1.758 0 6 1 
165.55 110.7 40.486576 -3.397036 603.1 4 5 222.2 0.703 0 6 1 
166.57 110.3 40.486370 -3.397278 601.9 4 5 221.8 0.703 0 6 1 
167.56 111.6 40.486160 -3.397521 604.2 4 5 221.1 1.055 0 6 1 
168.59 110.9 40.485943 -3.397753 605.5 3 5 220.4 1.406 1 5 1 
169.55 109.8 40.485737 -3.397984 606.6 4 5 219.4 1.758 1 5 1 
170.54 109.3 40.485538 -3.398227 605.2 4 5 219.4 1.055 2 5 1 
171.65 108.9 40.485329 -3.398453 602.6 4 5 219.4 0 2 5 1 
172.54 110.4 40.485111 -3.398682 602.8 4 5 218.0 1.406 2 5 1 
173.55 113.1 40.484890 -3.398907 603.8 4 5 217.3 2.115 1 5 1 
174.54 113.0 40.484661 -3.399147 604.9 4 5 216.4 1.568 0 5 1 
175.55 113.3 40.484447 -3.399361 605.0 4 5 216.4 0.859 0 5 1 
176.54 111.8 40.484215 -3.399576 604.8 4 5 216.4 0 0 5 1 
177.54 109.7 40.483990 -3.399802 604.2 3 5 216.8 0.358 1 5 1 
178.57 109.7 40.483772 -3.400008 604.1 4 5 216.9 0.516 2 5 1 
179.55 111.4 40.483551 -3.400226 603.8 3 5 216.9 0.158 1 5 1 
180.58 113.1 40.483337 -3.400428 603.8 4 5 216.9 0 1 6 1 
181.58 113.6 40.483112 -3.400651 603.6 4 5 217.6 0.636 1 6 1 
182.54 112.9 40.482895 -3.400862 603.1 4 5 217.6 0.636 1 6 1 
183.54 114.6 40.482662 -3.401087 603.0 4 5 216.7 0.861 1 6 1 
184.54 117.0 40.482422 -3.401325 602.4 4 5 216.7 0.861 0 6 1 
185.58 117.5 40.482201 -3.401542 602.4 4 5 216.3 0.348 0 6 1 
186.55 116.5 40.481983 -3.401763 602.0 4 5 216.3 0.348 0 6 1 
187.55 116.1 40.481743 -3.401995 602.2 4 5 216.3 0 1 5 1 
188.54 115.6 40.481514 -3.402213 601.8 4 5 216.3 0 1 5 1 
189.62 113.9 40.481281 -3.402443 601.1 4 5 216.3 0 0 5 1 
190.54 112.4 40.481052 -3.402664 600.7 4 5 216.3 0 0 5 1 
191.55 111.1 40.480820 -3.402885 600.1 4 5 216.9 0.555 0 5 1 
192.55 109.4 40.480606 -3.403097 599.3 4 5 216.9 0.555 0 5 1 
193.55 109.4 40.480389 -3.403313 598.7 4 5 216.7 0.243 0 5 1 
194.55 109.8 40.480164 -3.403532 598.8 4 5 216.7 0.243 0 5 1 
195.55 111.4 40.479939 -3.403754 599.7 4 5 217.1 0.405 0 5 1 
196.59 112.6 40.479713 -3.403972 599.3 4 5 217.1 0.405 0 5 1 
197.55 112.9 40.479485 -3.404210 598.7 4 5 219.4 2.360 1 5 1 
198.58 112.9 40.479271 -3.404440 598.4 4 5 221.1 4.064 0 5 1 
199.56 112.1 40.479053 -3.404687 598.2 4 5 221.4 2.020 0 5 1 
200.55 110.3 40.478848 -3.404920 597.7 4 5 221.5 0.359 0 4 0 
201.67 107.5 40.478642 -3.405157 597.0 4 5 222.5 1.098 0 4 0 
202.55 107.3 40.478439 -3.405396 597.2 4 5 223.2 1.758 0 4 0 
203.60 107.2 40.478241 -3.405635 597.1 4 5 223.6 1.055 0 4 0 
204.57 107.7 40.478046 -3.405889 595.8 4 5 224.3 1.055 0 4 0 
205.55 108.4 40.477852 -3.406151 595.4 4 5 225.7 2.109 0 4 0 
206.54 109.7 40.477661 -3.406414 597.3 4 5 226.4 2.109 0 4 0 
207.66 109.7 40.477470 -3.406673 596.6 4 5 226.4 0.703 0 4 0 
208.61 111.0 40.477280 -3.406947 595.7 4 5 227.8 1.406 1 4 0 
209.55 111.5 40.477093 -3.407223 596.0 4 5 228.2 1.758 2 4 0 
210.56 113.2 40.476902 -3.407495 595.7 4 5 227.8 0.352 0 4 0 
211.56 115.9 40.476704 -3.407785 595.9 4 5 228.9 1.055 0 3 0 
212.59 117.5 40.476513 -3.408081 596.1 4 5 230.3 2.461 0 3 0 
213.56 120.0 40.476330 -3.408392 596.5 4 5 232.0 3.164 0 3 0 
214.58 123.6 40.476143 -3.408721 597.1 4 5 233.1 2.812 0 3 0 
215.55 125.9 40.475967 -3.409046 598.3 4 5 234.5 2.461 0 3 0 
216.56 128.5 40.475788 -3.409386 599.3 3 5 235.2 2.109 0 3 0 
217.56 130.0 40.475613 -3.409737 598.4 3 5 236.2 1.758 0 3 0 
218.56 128.7 40.475437 -3.410088 597.9 3 5 237.3 2.109 0 3 0 
219.54 127.5 40.475273 -3.410439 598.8 3 5 238.4 2.109 0 3 0 
220.56 128.0 40.475109 -3.410797 598.9 3 5 239.8 2.461 0 3 0 
221.61 129.6 40.474949 -3.411164 599.2 3 5 240.1 1.758 0 3 0 
222.57 128.6 40.474792 -3.411533 599.3 3 5 241.5 1.758 0 3 0 
223.54 127.3 40.474651 -3.411906 598.7 3 5 243.3 3.164 0 3 0 
224.57 127.9 40.474510 -3.412285 598.7 3 5 244.3 2.812 2 3 0 
225.67 129.7 40.474380 -3.412682 598.5 3 5 244.7 1.406 1 3 0 
226.54 129.1 40.474239 -3.413069 599.1 3 5 245.4 1.055 0 3 0 
227.55 127.0 40.474110 -3.413445 599.0 3 5 246.4 1.758 0 3 0 
228.54 124.6 40.473988 -3.413828 598.8 3 5 247.9 2.461 0 3 0 
229.54 122.4 40.473873 -3.414206 600.0 3 5 249.6 3.164 0 3 0 
230.54 122.6 40.473763 -3.414581 601.1 3 5 250.3 2.461 0 3 0 
231.54 122.4 40.473663 -3.414960 601.0 3 5 251.0 1.406 0 2 0 
232.59 124.7 40.473560 -3.415344 599.5 3 5 252.1 1.758 0 2 0 
233.55 127.0 40.473469 -3.415732 600.6 3 5 252.4 1.406 0 2 0 
234.56 128.5 40.473370 -3.416129 602.4 3 5 252.1 0.352 0 2 0 
235.54 131.0 40.473270 -3.416530 602.1 3 5 251.7 0.703 0 2 0 
236.54 133.3 40.473167 -3.416942 603.6 3 5 251.7 0.352 0 2 0 
237.59 136.0 40.473064 -3.417368 601.8 3 5 251.7 0 0 2 0 
238.57 136.0 40.472958 -3.417791 603.0 3 5 251.7 0 0 2 0 
239.59 134.8 40.472851 -3.418202 603.0 3 5 251.7 0 0 2 0 
240.54 138.6 40.472740 -3.418641 602.2 3 5 251.7 0 0 1 0 
241.56 140.7 40.472633 -3.419084 601.5 3 5 252.1 0.352 0 1 0 
242.61 136.9 40.472523 -3.419508 600.6 3 5 251.7 0.352 0 1 0 
243.55 135.8 40.472412 -3.419919 598.9 3 5 251.7 0.352 0 1 0 
244.56 135.5 40.472305 -3.420339 598.5 3 5 251.4 0.352 0 1 0 
245.55 133.6 40.472198 -3.420753 597.9 3 5 251.0 0.703 0 1 0 
246.64 131.5 40.472092 -3.421163 596.5 3 5 251.0 0.352 0 1 0 
247.56 127.3 40.471985 -3.421560 594.1 3 5 250.7 0.352 0 1 0 
248.58 120.4 40.471874 -3.421934 593.3 3 5 250.3 0.703 0 0 0 
249.55 116.0 40.471771 -3.422292 592.7 3 5 250.3 0.352 0 0 0 
250.56 115.5 40.471664 -3.422653 592.2 3 5 250.0 0.352 0 0 0 
251.55 113.9 40.471573 -3.423004 591.6 3 5 249.6 0.703 0 0 0 
252.55 113.6 40.471470 -3.423361 591.2 3 5 249.6 0.352 0 0 0 
253.56 115.5 40.471375 -3.423711 592.0 3 5 249.6 0.352 0 0 0 
254.55 115.5 40.471375 -3.423711 592.0 3 5 249.6 0 0 0 0 
255.58 119.6 40.471172 -3.424442 590.2 3 5 248.9 0.703 0 0 0 
256.56 117.9 40.471069 -3.424793 592.8 3 5 248.9 0.352 0 0 0 
257.55 117.4 40.470970 -3.425146 590.7 3 5 248.6 0.352 0 0 0 
258.59 119.7 40.470860 -3.425513 590.7 3 5 248.6 0.352 0 0 0 
259.60 120.9 40.470749 -3.425887 590.5 3 5 248.6 0 0 0 0 
260.54 119.4 40.470642 -3.426249 589.9 3 5 248.9 0.352 0 0 0 
261.57 118.1 40.470543 -3.426606 589.9 3 5 250.3 1.758 1 0 0 
262.59 119.8 40.470444 -3.426979 590.5 3 5 251.7 2.812 0 0 0 
263.57 121.9 40.470352 -3.427359 592.5 3 5 252.1 1.758 0 0 0 
264.55 122.4 40.470253 -3.427735 591.3 3 5 251.0 1.055 0 0 0 
265.58 125.8 40.470150 -3.428118 592.1 3 5 250.7 1.406 0 0 0 
266.73 127.1 40.470043 -3.428507 593.1 3 5 251.0 0.352 0 0 0 
267.57 128.2 40.469940 -3.428907 593.3 3 5 251.4 0.703 0 0 0 
268.56 125.0 40.469841 -3.429300 595.3 3 5 251.7 0.703 0 0 0 
269.56 124.3 40.469746 -3.429690 595.1 3 5 252.1 0.703 0 0 0 
270.55 123.5 40.469650 -3.430075 593.9 3 5 253.1 1.406 0 0 0 
271.55 122.6 40.469566 -3.430467 593.4 3 5 254.9 2.812 0 0 0 
272.56 118.9 40.469486 -3.430857 594.6 3 5 255.2 2.109 0 0 0 
273.55 113.1 40.469414 -3.431224 594.0 3 5 256.3 1.406 0 0 0 
274.54 105.0 40.469349 -3.431568 594.0 3 5 256.6 1.406 0 0 0 
275.54 102.9 40.469292 -3.431902 595.4 3 5 257.3 1.055 0 0 0 
276.56 103.1 40.469238 -3.432231 596.4 3 5 257.3 0.703 0 0 0 
277.54 106.8 40.469193 -3.432579 598.7 3 5 258.8 1.406 0 0 0 
278.55 106.0 40.469139 -3.432921 598.2 3 5 258.4 1.406 0 0 0 
279.58 98.0 40.469082 -3.433241 595.5 3 5 258.8 0.352 1 0 0 
280.54 92.5 40.469044 -3.433538 594.0 3 5 259.1 0.703 0 0 0 
281.57 92.7 40.469009 -3.433829 594.6 3 5 258.8 0.352 0 0 0 
282.56 94.7 40.468967 -3.434126 595.0 3 5 259.1 0.352 0 0 0 
283.56 94.8 40.468922 -3.434431 595.9 3 5 258.4 0.703 0 0 0 
284.58 92.7 40.468868 -3.434733 597.7 3 5 257.7 1.406 1 0 0 
285.54 95.1 40.468815 -3.435032 597.3 3 5 256.6 1.758 2 0 0 
286.63 98.5 40.468761 -3.435344 597.5 3 5 255.6 2.109 0 0 0 
287.58 102.1 40.468700 -3.435663 598.0 3 5 255.9 0.703 0 0 0 
288.56 104.3 40.468636 -3.435992 598.9 3 5 257.0 1.406 0 0 0 
289.54 108.0 40.468575 -3.436347 600.6 3 5 257.0 1.055 0 0 0 
290.54 111.3 40.468517 -3.436707 602.6 3 5 257.0 0 0 0 0 
291.55 114.9 40.468464 -3.437068 600.2 3 5 257.3 0.352 0 0 0 
292.58 118.8 40.468395 -3.437454 601.1 4 5 257.0 0.352 0 0 0 
293.59 122.8 40.468323 -3.437838 602.0 3 5 257.0 0.352 0 0 0 
294.58 125.9 40.468262 -3.438237 601.9 3 5 257.7 0.703 0 0 0 
295.56 127.4 40.468193 -3.438647 601.6 3 5 258.8 1.758 0 0 0 
296.54 125.4 40.468136 -3.439052 601.1 3 5 258.8 1.055 0 0 0 
297.57 123.8 40.468075 -3.439450 599.8 3 5 257.3 1.406 0 0 0 
298.56 121.2 40.468010 -3.439847 598.8 3 5 258.0 0.703 0 0 0 
299.56 120.9 40.467949 -3.440243 597.8 3 5 257.3 0.703 0 0 0 
300.60 117.3 40.467880 -3.440626 597.0 3 5 258.0 0.703 0 0 0 
301.56 113.5 40.467815 -3.440997 595.2 3 5 258.8 1.406 0 0 0 
302.56 111.7 40.467762 -3.441359 594.2 3 5 259.8 1.758 0 0 0 
303.55 111.1 40.467709 -3.441716 594.2 3 5 260.5 1.758 0 0 0 
304.70 112.1 40.467667 -3.442077 594.4 3 5 261.2 1.406 1 0 0 
305.68 111.8 40.467625 -3.442440 594.0 3 5 261.9 1.406 0 0 0 
306.61 113.2 40.467587 -3.442804 594.6 3 5 262.3 1.055 0 0 0 
307.60 116.8 40.467545 -3.443172 594.0 3 5 262.6 0.703 0 0 0 
308.56 116.5 40.467510 -3.443555 593.7 3 5 263.7 1.406 0 0 0 
309.55 114.2 40.467476 -3.443920 593.6 3 5 264.0 1.406 0 0 0 
310.54 114.3 40.467449 -3.444291 594.4 3 5 263.7 0.352 0 0 0 
311.55 117.4 40.467411 -3.444669 594.5 3 5 263.3 0.703 0 0 0 
312.55 118.9 40.467384 -3.445054 594.2 3 5 263.7 0.352 0 0 0 
313.56 118.7 40.467354 -3.445442 594.0 3 5 263.7 0.352 0 0 0 
314.55 119.8 40.467323 -3.445817 593.8 3 5 263.3 0.352 0 0 0 
315.56 118.9 40.467285 -3.446204 593.7 3 5 263.3 0.352 0 0 0 
316.54 116.9 40.467243 -3.446590 593.7 3 5 263.7 0.352 0 0 0 
317.56 115.3 40.467213 -3.446965 593.6 3 5 263.7 0.352 0 0 0 
318.55 113.7 40.467186 -3.447333 593.7 3 5 263.7 0 0 0 0 
319.56 111.7 40.467155 -3.447693 593.6 3 5 264.0 0.352 0 0 0 
320.55 110.0 40.467121 -3.448055 592.9 3 5 263.7 0.352 0 0 0 
321.56 109.4 40.467102 -3.448414 593.1 3 5 264.0 0.352 0 0 0 
322.57 109.2 40.467075 -3.448773 593.5 3 5 263.7 0.352 0 0 0 
323.59 110.3 40.467041 -3.449132 593.4 3 5 262.6 1.406 1 0 0 
324.62 111.7 40.466995 -3.449496 592.8 3 5 261.9 1.758 0 0 0 
325.61 111.6 40.466961 -3.449858 593.3 3 5 263.0 1.055 0 0 0 
326.55 109.7 40.466930 -3.450217 593.1 3 5 264.0 2.109 1 0 0 
327.54 109.7 40.466904 -3.450572 593.3 3 5 264.4 1.406 0 1 0 
328.55 113.1 40.466877 -3.450940 593.3 3 5 265.1 1.055 0 1 0 
329.59 117.0 40.466854 -3.451324 594.1 3 5 265.4 1.055 0 1 0 
330.57 120.1 40.466827 -3.451716 595.1 3 5 267.0 1.971 0 1 0 
331.56 122.7 40.466808 -3.452107 595.1 3 5 266.7 1.223 0 1 0 
332.55 121.7 40.466782 -3.452515 596.9 3 5 266.7 0.396 0 1 0 
333.54 119.6 40.466766 -3.452907 594.7 3 5 266.7 0 0 1 0 
334.57 117.5 40.466770 -3.453303 594.2 3 5 267.5 0.825 0 1 0 
335.56 116.1 40.466770 -3.453676 594.2 3 5 268.6 1.957 2 1 0 
336.61 114.3 40.466774 -3.454069 594.4 3 5 268.6 1.132 0 1 0 
337.56 112.6 40.466778 -3.454438 593.8 3 5 269.0 0.415 0 1 0 
338.56 113.4 40.466782 -3.454805 593.9 3 5 269.7 1.076 0 1 0 
339.69 116.5 40.466789 -3.455190 594.1 3 5 269.7 0.661 0 1 0 
340.57 116.6 40.466797 -3.455580 594.7 3 5 270.7 1.000 0 1 0 
341.59 116.5 40.466805 -3.455954 595.3 3 5 271.6 1.913 0 1 0 
342.57 117.4 40.466816 -3.456366 595.1 3 5 271.6 0.913 0 1 0 
343.65 116.0 40.466827 -3.456746 594.7 3 5 272.5 0.927 0 1 0 
344.55 117.8 40.466843 -3.457118 594.9 3 5 272.5 0.927 0 1 0 
345.57 121.0 40.466850 -3.457508 595.5 3 5 273.5 0.931 0 1 0 
346.59 124.4 40.466862 -3.457913 596.1 3 5 272.9 0.533 2 1 0 
347.54 126.3 40.466862 -3.458320 596.2 3 5 272.9 0.533 0 1 0 
348.61 123.9 40.466869 -3.458727 596.0 3 5 273.6 0.721 0 1 0 
349.54 122.3 40.466881 -3.459142 597.0 3 5 273.6 0.686 0 1 0 
350.59 120.2 40.466896 -3.459540 596.9 3 5 273.6 0.035 0 1 0 
351.54 118.1 40.466919 -3.459929 596.3 3 5 273.6 0 0 1 0 
352.54 116.3 40.466934 -3.460296 595.4 3 5 273.6 0 0 1 0 
353.62 116.0 40.466953 -3.460681 596.1 3 5 273.6 0 0 1 0 
354.55 118.8 40.466972 -3.461050 596.4 3 5 273.6 0.046 1 1 0 
355.56 118.0 40.466991 -3.461455 595.5 3 5 274.0 0.429 2 1 0 
356.57 116.3 40.467014 -3.461830 594.8 3 5 274.0 0.429 0 1 0 
357.55 114.1 40.467045 -3.462200 594.8 3 5 273.3 0.732 0 1 0 
358.54 111.6 40.467060 -3.462563 594.4 3 5 273.3 0.732 0 1 0 
359.57 107.9 40.467079 -3.462922 593.2 3 5 273.8 0.503 0 1 0 
360.55 105.0 40.467094 -3.463267 593.1 3 5 273.8 0.503 0 1 0 
361.55 103.9 40.467110 -3.463612 593.2 3 5 272.9 0.908 0 1 0 
362.63 104.4 40.467121 -3.463957 592.7 3 5 272.9 0.908 0 1 0 
363.55 106.8 40.467133 -3.464289 592.6 3 5 272.9 0 0 1 0 
364.59 107.7 40.467148 -3.464642 592.5 3 5 271.9 0.936 0 1 0 
365.63 111.5 40.467167 -3.464994 592.8 3 5 271.9 0.936 0 1 0 
366.54 115.1 40.467175 -3.465367 593.3 3 5 270.6 1.351 0 0 0 
367.55 118.8 40.467178 -3.465751 593.6 3 5 270.6 1.351 0 0 0 
368.58 119.8 40.467186 -3.466128 594.0 3 5 270.6 0 0 0 0 
369.61 116.4 40.467194 -3.466513 594.6 3 5 271.0 0.422 0 1 0 
370.58 110.3 40.467201 -3.466894 593.1 3 5 270.3 0.699 0 1 0 
371.58 105.2 40.467205 -3.467242 592.6 3 5 270.1 0.867 0 0 0 
372.58 102.5 40.467201 -3.467578 592.5 3 5 269.5 0.758 0 0 0 
373.55 100.6 40.467197 -3.467918 593.1 3 5 269.5 0.629 0 0 0 
374.55 97.7 40.467194 -3.468229 592.8 3 5 268.5 1.036 2 1 0 
375.55 92.0 40.467190 -3.468531 591.5 3 5 268.5 0.997 0 1 0 
376.55 86.7 40.467190 -3.468824 590.8 3 5 267.8 0.662 0 1 0 
377.57 83.9 40.467186 -3.469102 590.4 3 5 267.4 1.101 0 1 0 
378.54 82.0 40.467178 -3.469378 590.3 3 5 267.4 0.438 0 1 0 
379.55 80.1 40.467171 -3.469636 589.8 3 5 266.7 0.438 1 1 0 
380.56 80.0 40.467159 -3.469901 590.3 3 5 265.7 1.665 2 1 0 
381.63 83.6 40.467140 -3.470161 590.9 3 5 265.2 1.548 2 1 0 
382.56 88.3 40.467125 -3.470453 591.0 3 5 265.2 0.532 0 1 0 
383.56 92.5 40.467113 -3.470745 591.2 3 5 265.2 0 0 1 0 
384.54 97.2 40.467098 -3.471056 592.1 3 5 264.0 1.191 0 1 0 
385.56 98.5 40.467075 -3.471384 592.3 3 5 263.0 2.176 0 1 0 
386.55 97.8 40.467045 -3.471708 593.9 3 5 262.4 1.614 0 1 0 
387.56 95.7 40.467010 -3.472024 593.9 3 5 262.4 0.628 0 1 0 
388.57 93.8 40.466976 -3.472328 592.6 3 5 262.1 0.313 0 1 0 
389.56 94.1 40.466942 -3.472640 590.6 3 5 261.0 1.368 0 1 0 
390.59 97.1 40.466904 -3.472944 591.2 3 5 260.0 2.058 0 1 0 
391.60 101.1 40.466862 -3.473270 592.7 3 5 261.2 1.205 1 1 0 
392.61 102.0 40.466820 -3.473594 595.3 3 5 259.9 1.291 0 1 0 
393.56 102.0 40.466820 -3.473594 595.3 3 5 259.9 1.291 0 1 0 
394.55 100.5 40.466732 -3.474240 592.5 3 5 258.7 1.281 0 1 0 
395.54 103.9 40.466686 -3.474579 592.9 3 5 258.7 0.662 0 1 0 
396.57 105.6 40.466637 -3.474917 593.3 3 5 257.7 0.662 0 1 0 
397.59 103.9 40.466576 -3.475261 593.3 3 5 257.0 1.686 0 1 0 
398.69 102.2 40.466522 -3.475572 593.0 3 5 257.0 0.717 0 1 0 
399.56 100.8 40.466457 -3.475904 593.2 3 5 256.4 0.607 0 1 0 
400.54 97.4 40.466396 -3.476222 592.6 3 5 256.4 0.607 0 1 0 
401.55 91.5 40.466339 -3.476516 592.2 3 5 255.5 0.864 0 1 0 
402.58 85.1 40.466282 -3.476787 591.8 3 5 255.5 0.864 0 1 0 
403.57 82.0 40.466225 -3.477056 591.6 3 5 255.5 0 0 1 0 
404.62 80.8 40.466175 -3.477318 591.6 3 5 255.5 0 0 1 0 
405.55 79.9 40.466125 -3.477572 591.6 3 5 255.5 0 0 1 0 
406.56 78.4 40.466076 -3.477814 591.8 3 5 255.5 0 0 1 0 
407.54 76.1 40.466030 -3.478061 591.7 3 5 264.6 9.059 0 1 0 
408.55 74.3 40.465988 -3.478289 591.8 3 5 262.2 6.749 0 1 0 
409.57 73.1 40.465939 -3.478529 591.8 3 5 260.2 4.346 0 1 0 
410.54 71.6 40.465900 -3.478759 592.1 3 5 257.0 5.258 0 1 0 
411.54 72.2 40.465858 -3.478992 591.8 3 5 256.6 3.573 0 1 0 
412.55 72.4 40.465820 -3.479222 592.3 3 5 257.0 0.352 0 1 0 
413.58 70.8 40.465782 -3.479448 592.2 3 5 258.8 2.109 1 1 0 
414.56 69.3 40.465748 -3.479676 592.2 3 5 260.2 3.164 0 1 0 
415.55 68.1 40.465729 -3.479887 592.3 3 5 263.0 4.219 0 1 0 
416.55 67.2 40.465717 -3.480108 592.4 3 5 266.8 4.219 0 1 0 
417.56 68.3 40.465721 -3.480331 592.5 3 5 279.3 16.341 0 1 0 
418.62 69.3 40.465740 -3.480557 592.6 3 5 289.4 22.556 0 1 0 
419.55 71.4 40.465790 -3.480769 592.8 3 5 289.4 10.082 0 1 0 
420.55 74.2 40.465855 -3.480992 593.1 3 5 290.3 0.878 0 1 0 
421.58 76.4 40.465923 -3.481226 593.3 3 5 292.1 2.730 0 1 0 
422.55 74.4 40.466000 -3.481462 593.4 3 5 293.3 3.060 0 1 0 
423.55 75.1 40.466072 -3.481680 593.5 3 5 294.0 1.859 0 1 0 
424.55 76.3 40.466148 -3.481909 593.7 3 5 294.0 0.651 1 1 0 
425.55 74.1 40.466232 -3.482141 593.8 3 5 294.9 0.888 0 1 0 
426.56 72.4 40.466305 -3.482354 594.2 3 5 295.1 1.094 0 1 0 
427.55 71.1 40.466381 -3.482563 594.2 3 5 295.1 0.206 0 1 0 
428.56 69.7 40.466454 -3.482769 594.1 3 5 295.1 0.053 0 1 0 
429.58 67.7 40.466530 -3.482978 594.0 3 5 295.1 0.053 1 1 0 
430.56 66.7 40.466576 -3.483181 594.0 3 5 280.9 14.220 0 1 0 
431.55 64.2 40.466637 -3.483393 594.1 3 5 287.2 7.901 1 1 0 
432.56 63.0 40.466667 -3.483593 594.2 3 5 282.3 4.922 1 1 0 
433.55 62.9 40.466694 -3.483797 594.4 3 5 278.8 8.438 1 1 0 
434.58 59.8 40.466709 -3.483999 594.5 3 5 272.8 9.492 1 1 0 
435.55 59.1 40.466709 -3.484204 594.3 3 5 267.1 11.714 1 1 0 
436.55 57.5 40.466702 -3.484375 594.3 3 5 264.4 8.385 1 1 0 
437.55 55.0 40.466679 -3.484568 594.2 3 5 258.4 8.721 1 2 0 
438.58 54.8 40.466652 -3.484735 594.1 3 5 252.3 12.144 1 2 0 
439.57 52.7 40.466618 -3.484901 593.8 3 5 247.5 10.897 1 2 0 
440.55 52.6 40.466572 -3.485071 594.1 3 5 245.6 6.684 1 2 0 
441.56 53.3 40.466522 -3.485217 594.0 3 5 241.9 5.529 2 2 0 
442.56 55.1 40.466446 -3.485373 594.3 3 5 236.0 9.553 2 2 0 
443.56 57.9 40.466373 -3.485506 594.2 3 5 236.0 5.880 1 2 0 
444.59 60.6 40.466270 -3.485669 594.6 3 5 238.6 2.523 1 2 0 
445.60 63.3 40.466175 -3.485831 594.8 3 5 229.3 9.296 1 2 0 
446.55 65.0 40.466061 -3.485982 595.1 3 5 229.3 9.296 0 2 0 
447.57 64.3 40.465950 -3.486152 594.8 3 5 231.2 1.896 0 2 0 
448.56 66.1 40.465851 -3.486304 595.0 3 5 231.6 2.337 0 2 0 
449.55 68.3 40.465740 -3.486475 595.4 3 5 231.6 2.337 0 2 0 
450.56 71.8 40.465618 -3.486665 595.8 3 5 231.2 0.390 0 2 0 
451.54 71.3 40.465508 -3.486833 595.7 3 5 231.2 0.390 0 2 0 
452.57 70.5 40.465389 -3.487010 595.7 3 5 231.5 0.255 0 2 0 
453.56 68.6 40.465279 -3.487177 595.6 3 5 224.8 0.255 0 2 0 
454.55 67.0 40.465168 -3.487349 595.6 3 5 224.8 6.683 0 2 0 
455.55 65.7 40.465050 -3.487519 595.4 3 5 224.3 0.512 0 2 0 
456.64 63.2 40.464931 -3.487669 595.7 3 5 220.2 4.557 0 2 0 
457.57 60.0 40.464809 -3.487784 596.4 3 5 213.2 11.102 0 2 0 
458.64 59.6 40.464680 -3.487863 597.6 3 5 205.6 14.676 2 2 0 
459.63 60.1 40.464542 -3.487919 598.8 3 5 188.5 24.674 2 2 0 
460.56 61.1 40.464386 -3.487943 600.1 3 5 182.8 22.767 1 2 0 
461.54 60.0 40.464233 -3.487928 601.1 3 5 168.3 20.243 0 2 0 
462.58 58.1 40.464088 -3.487878 601.6 3 5 161.1 21.662 0 2 0 
463.56 58.1 40.464088 -3.487878 601.6 3 5 161.1 21.662 0 2 0 
464.68 56.6 40.463844 -3.487691 602.3 3 5 143.7 17.458 0 2 0 
465.63 57.8 40.463745 -3.487576 601.9 3 5 135.0 12.095 0 2 0 
466.54 56.8 40.463661 -3.487414 602.0 3 5 126.3 17.419 0 2 0 
467.56 56.4 40.463608 -3.487255 601.9 3 5 111.2 23.839 0 2 0 
468.55 53.5 40.463573 -3.487091 601.6 3 5 110.3 23.839 0 2 0 
469.55 52.4 40.463539 -3.486935 601.7 3 5 117.6 7.230 0 2 0 
470.57 52.2 40.463566 -3.486738 601.8 3 5 71.1 46.484 0 2 0 
471.55 54.1 40.463600 -3.486580 601.7 3 5 69.7 46.484 0 3 0 
472.54 54.1 40.463600 -3.486580 601.7 3 5 69.7 47.883 0 3 0 
473.60 62.7 40.463688 -3.486279 601.9 3 5 69.7 0 0 2 0 
474.57 66.8 40.463779 -3.486018 601.7 3 5 62.9 6.740 0 2 0 
475.54 73.7 40.463856 -3.485806 601.6 3 5 65.4 4.279 0 2 0 
476.55 81.0 40.463932 -3.485569 600.8 3 5 68.6 5.625 0 2 0 
477.57 85.4 40.464012 -3.485321 600.2 3 5 69.3 3.867 0 2 0 
478.56 96.3 40.464085 -3.485025 599.3 3 5 73.1 4.570 0 2 0 
479.58 97.0 40.464157 -3.484721 597.5 3 5 73.1 3.867 0 2 0 
480.55 97.0 40.464230 -3.484418 596.8 3 5 72.1 1.055 0 2 0 
481.57 94.8 40.464302 -3.484120 596.1 3 5 73.1 1.055 0 2 0 
482.60 94.6 40.464367 -3.483819 595.8 3 5 74.2 2.109 0 2 0 
483.55 94.2 40.464436 -3.483515 595.6 3 5 73.5 0.703 0 2 0 
484.54 93.2 40.464508 -3.483221 595.2 3 5 72.8 1.406 0 2 0 
485.57 92.0 40.464573 -3.482925 594.7 3 5 73.1 0.352 0 2 0 
486.54 91.9 40.464645 -3.482638 594.7 3 5 72.1 1.055 0 2 0 
487.57 80.3 40.464706 -3.482388 593.6 3 5 72.8 0.703 0 2 0 
488.54 80.3 40.464764 -3.482137 593.5 3 5 72.4 0.352 0 2 0 
489.60 79.6 40.464825 -3.481876 593.2 4 5 72.1 0.703 0 2 0 
490.55 82.8 40.464890 -3.481616 593.3 4 5 72.4 0.352 0 2 0 
491.61 82.9 40.464947 -3.481358 593.4 4 5 72.1 0.352 0 2 0 
492.55 77.5 40.465004 -3.481112 592.9 3 5 71.7 0.703 1 2 0 
493.56 72.4 40.465073 -3.480903 592.2 3 5 71.4 0.703 1 2 0 
494.55 71.6 40.465134 -3.480663 592.1 3 5 70.7 1.055 1 2 0 
495.60 70.1 40.465187 -3.480436 591.9 3 5 70.7 0.703 0 2 0 
496.59 69.3 40.465240 -3.480214 591.8 3 5 67.6 3.057 0 2 0 
497.59 68.6 40.465305 -3.480003 591.7 3 5 65.8 4.827 0 2 0 
498.56 67.0 40.465363 -3.479789 591.5 3 5 65.8 1.771 0 1 0 
499.57 71.2 40.465420 -3.479603 591.8 3 5 36.9 28.967 0 1 0 
500.57 76.2 40.465469 -3.479347 592.0 3 5 74.1 37.270 0 1 0 
501.55 80.5 40.465523 -3.479093 592.4 3 5 74.1 37.270 2 1 0 
502.55 87.5 40.465595 -3.478833 592.7 4 5 74.1 0 0 1 0 
503.56 91.7 40.465660 -3.478545 592.6 4 5 74.1 0 0 1 0 
504.56 92.6 40.465729 -3.478255 593.1 4 5 74.1 0 0 1 0 
505.56 95.7 40.465790 -3.477968 593.3 4 5 76.0 1.824 0 1 0 
506.56 101.5 40.465862 -3.477657 593.6 4 5 75.1 0.978 2 1 0 
507.55 106.3 40.465935 -3.477320 594.2 4 5 75.1 0.846 0 1 0 
508.60 112.0 40.466011 -3.476958 594.6 4 5 75.1 0 0 1 0 
509.57 116.4 40.466084 -3.476604 595.3 4 5 75.5 0.427 0 1 0 
510.57 115.3 40.466160 -3.476237 595.6 3 5 76.0 0.846 0 1 0 
511.56 115.8 40.466225 -3.475870 595.1 3 5 76.5 0.999 0 1 0 
512.56 119.2 40.466293 -3.475486 595.7 3 5 76.5 0.580 0 1 0 
513.54 122.5 40.466362 -3.475110 595.9 3 5 77.4 0.837 1 1 0 
514.58 122.1 40.466438 -3.474723 596.0 3 5 78.3 1.791 2 1 0 
515.57 120.3 40.466515 -3.474347 595.1 3 5 78.3 0.954 0 1 0 
516.56 118.4 40.466583 -3.473959 595.0 3 5 78.3 0 0 1 0 
517.55 117.0 40.466644 -3.473588 595.4 3 5 79.4 1.053 0 1 0 
518.55 119.2 40.466698 -3.473212 595.6 3 5 79.4 1.053 0 1 0 
519.60 122.7 40.466747 -3.472805 596.4 3 5 80.7 1.336 0 1 0 
520.59 126.2 40.466801 -3.472389 597.3 3 5 81.4 2.043 0 1 0 
521.55 129.7 40.466843 -3.471988 598.5 3 5 83.5 2.762 0 1 0 
522.55 131.5 40.466885 -3.471554 598.4 3 5 83.0 1.531 0 1 0 
523.56 131.0 40.466923 -3.471137 597.1 3 5 83.5 0.539 0 1 0 
524.54 129.0 40.466953 -3.470705 597.2 3 5 84.5 1.540 0 1 0 
525.54 127.4 40.466984 -3.470284 596.9 3 5 85.0 1.549 0 1 0 
526.55 126.9 40.467003 -3.469875 597.1 3 5 86.0 1.507 1 1 0 
527.55 129.2 40.467010 -3.469444 597.2 3 5 86.5 1.470 2 1 0 
528.54 132.4 40.467018 -3.469019 598.0 3 5 86.5 0.511 0 1 0 
529.54 135.4 40.467018 -3.468591 599.0 3 5 88.1 1.592 0 1 0 
530.56 137.6 40.467026 -3.468147 599.3 3 5 88.7 2.213 0 1 0 
531.62 138.5 40.467026 -3.467693 598.8 3 5 88.7 0.621 0 1 0 
532.54 136.7 40.467030 -3.467231 598.7 3 5 89.6 0.916 0 1 0 
533.55 138.7 40.467030 -3.466787 600.3 3 5 90.7 1.971 0 1 0 
534.58 141.4 40.467022 -3.466329 599.8 3 5 90.7 1.055 0 1 0 
535.55 140.8 40.467022 -3.465869 598.4 3 5 90.4 0.352 0 1 0 
536.58 139.2 40.467014 -3.465414 599.7 3 5 91.8 1.406 0 1 0 
537.54 137.2 40.467003 -3.464963 597.7 3 5 92.1 1.758 0 1 0 
538.57 135.1 40.466988 -3.464520 598.1 3 5 92.5 0.703 0 1 0 
539.57 133.9 40.466965 -3.464077 598.0 3 5 92.8 0.703 0 1 0 
540.55 132.2 40.466949 -3.463641 597.0 3 5 92.8 0.352 0 1 0 
541.54 130.3 40.466930 -3.463221 596.9 3 5 93.3 0.440 1 1 0 
542.57 128.6 40.466908 -3.462803 596.5 3 5 93.5 0.654 2 1 0 
543.59 127.5 40.466888 -3.462377 597.0 3 5 93.5 0.213 0 1 0 
544.55 128.0 40.466881 -3.461971 596.4 3 5 93.5 0 0 1 0 
545.54 128.9 40.466869 -3.461540 596.8 3 5 93.5 0 0 1 0 
546.56 131.9 40.466846 -3.461116 596.8 3 5 93.5 0 0 1 0 
547.55 133.4 40.466831 -3.460681 596.8 3 5 93.3 0.174 0 1 0 
548.55 131.4 40.466812 -3.460249 598.1 3 5 93.7 0.447 0 1 0 
549.55 130.5 40.466785 -3.459813 597.2 3 5 93.7 0.447 0 1 0 
550.55 131.9 40.466766 -3.459371 596.6 3 5 93.7 0 0 1 0 
551.56 134.5 40.466743 -3.458950 596.6 3 5 93.7 0 0 1 0 
552.55 137.4 40.466721 -3.458488 598.0 3 5 93.5 0.220 0 1 0 
553.55 139.5 40.466694 -3.458036 597.9 3 5 93.5 0.220 0 1 0 
554.57 140.1 40.466671 -3.457582 596.9 3 5 92.5 1.042 2 1 0 
555.56 137.8 40.466648 -3.457131 596.7 3 5 92.5 1.042 0 1 0 
556.54 136.4 40.466618 -3.456678 596.2 3 5 91.7 0.738 0 1 0 
557.56 134.4 40.466595 -3.456250 595.6 3 5 91.7 0.738 0 1 0 
558.55 134.4 40.466587 -3.455799 595.5 3 5 90.0 1.740 0 1 0 
559.54 135.5 40.466576 -3.455349 594.9 4 5 91.0 0.992 0 1 0 
560.56 138.1 40.466591 -3.454881 595.0 3 5 90.5 0.542 0 1 0 
561.59 140.0 40.466595 -3.454415 594.7 3 5 91.0 0.576 0 1 0 
562.55 141.8 40.466606 -3.453958 594.5 3 5 88.6 2.441 2 1 0 
563.53 143.9 40.466625 -3.453495 594.5 3 5 87.9 3.148 0 1 0 
564.56 146.5 40.466660 -3.453012 595.0 3 5 87.1 1.516 0 1 0 
565.55 147.2 40.466686 -3.452544 594.9 3 5 87.1 0.810 0 1 0 
566.56 145.2 40.466709 -3.452065 595.0 3 5 87.1 0 0 1 0 
567.62 143.4 40.466736 -3.451613 594.3 3 5 86.0 1.049 0 1 0 
568.56 142.0 40.466763 -3.451138 595.5 3 5 85.0 2.046 0 1 0 
569.55 143.3 40.466793 -3.450668 594.9 3 5 85.0 0.998 0 1 0 
570.59 146.1 40.466820 -3.450196 593.1 3 5 85.0 0.065 0 1 0 
571.56 147.5 40.466854 -3.449718 593.2 3 5 85.0 0.065 0 1 0 
572.58 146.0 40.466888 -3.449240 593.3 3 5 83.9 1.021 0 1 0 
573.62 144.1 40.466930 -3.448774 593.0 3 5 84.8 0.823 0 1 0 
574.59 142.1 40.466969 -3.448309 592.3 3 5 84.1 0.670 0 1 0 
575.54 140.3 40.467003 -3.447867 593.2 3 5 84.1 0.670 0 0 0 
576.56 138.5 40.467041 -3.447419 591.2 3 5 82.6 1.538 0 0 0 
577.56 136.7 40.467079 -3.446968 591.0 3 5 83.2 0.904 0 0 0 
578.56 133.9 40.467117 -3.446527 590.6 3 5 84.0 1.422 0 0 0 
579.54 130.1 40.467152 -3.446112 589.7 3 5 84.0 0.788 0 0 0 
580.56 127.2 40.467186 -3.445693 590.6 3 5 84.3 0.304 0 0 0 
581.58 125.5 40.467220 -3.445288 589.3 3 5 84.3 0.304 0 0 0 
582.56 123.9 40.467251 -3.444876 588.8 3 5 83.6 0.694 0 0 0 
583.57 122.7 40.467289 -3.444482 588.8 3 5 83.6 0.694 0 0 0 
584.54 123.9 40.467316 -3.444083 588.4 3 5 84.0 0.440 0 0 0 
585.57 126.3 40.467350 -3.443665 589.5 3 5 84.0 0.440 0 0 0 
586.53 127.9 40.467384 -3.443251 590.2 3 5 82.4 1.660 0 0 0 
587.53 128.4 40.467422 -3.442826 590.1 3 5 82.4 1.660 1 0 0 
588.57 125.4 40.467472 -3.442431 590.1 3 5 81.9 0.433 2 0 0 
589.57 125.5 40.467522 -3.442023 589.7 3 5 80.5 1.826 2 1 0 
590.60 126.5 40.467575 -3.441610 589.3 3 5 79.8 2.154 0 1 0 
591.56 129.5 40.467636 -3.441206 589.8 3 5 79.8 0.760 0 1 0 
592.54 130.4 40.467701 -3.440794 590.4 3 5 78.7 1.127 0 1 0 
593.62 129.0 40.467770 -3.440381 590.8 3 5 77.4 2.409 0 1 0 
594.56 130.2 40.467842 -3.439967 591.2 3 5 77.4 1.282 0 1 0 
595.56 130.2 40.467915 -3.439548 592.1 3 5 77.7 0.326 2 1 0 
596.54 131.2 40.467991 -3.439112 592.5 3 5 77.0 0.703 2 1 0 
597.61 133.0 40.468071 -3.438685 592.9 3 5 76.3 1.406 0 1 0 
598.55 132.6 40.468147 -3.438263 594.1 3 5 76.6 0.352 0 1 0 
599.55 130.2 40.468220 -3.437839 594.1 3 5 77.0 0.703 0 1 0 
600.57 128.3 40.468292 -3.437423 595.5 3 5 77.0 0.352 0 1 0 
601.54 126.1 40.468361 -3.437019 595.1 3 5 77.0 0 0 1 0 
602.57 125.1 40.468430 -3.436613 594.8 3 5 77.7 0.703 0 1 0 
603.54 122.8 40.468498 -3.436214 594.4 3 5 77.3 0.352 0 1 0 
604.56 124.3 40.468563 -3.435816 594.8 3 5 77.7 0.352 0 1 0 
605.54 126.8 40.468628 -3.435412 596.4 3 5 78.0 0.703 0 1 0 
606.57 127.2 40.468693 -3.435003 595.0 3 5 78.0 0.352 0 1 0 
607.55 126.0 40.468754 -3.434593 595.0 3 5 78.4 0.352 0 1 0 
608.54 125.9 40.468819 -3.434185 595.0 3 5 78.4 0.352 0 1 0 
609.55 128.3 40.468876 -3.433775 594.1 3 5 78.8 0.352 0 1 0 
610.55 128.4 40.468945 -3.433364 594.1 3 5 78.8 0.352 0 1 0 
611.58 127.8 40.469013 -3.432952 593.8 3 5 78.4 0.352 0 1 0 
612.58 127.3 40.469074 -3.432552 593.6 3 5 79.1 0.703 0 1 0 
613.55 127.9 40.469131 -3.432144 592.3 3 5 78.8 0.352 0 1 0 
614.55 131.0 40.469196 -3.431730 591.6 3 5 78.4 0.703 1 1 0 
615.55 132.4 40.469265 -3.431304 591.5 3 5 77.0 1.758 1 1 0 
616.61 131.2 40.469341 -3.430890 591.1 3 5 75.6 2.812 1 1 0 
617.54 129.9 40.469421 -3.430475 590.0 3 5 74.5 2.461 1 1 0 
618.56 129.4 40.469509 -3.430069 589.5 3 5 73.5 2.109 0 1 0 
619.55 129.9 40.469604 -3.429667 588.7 3 5 72.8 1.758 1 1 0 
620.56 132.0 40.469707 -3.429257 588.3 3 5 71.7 1.758 0 2 0 
621.55 131.3 40.469814 -3.428847 587.8 3 5 71.7 1.055 1 2 0 
622.55 130.5 40.469921 -3.428449 586.9 3 5 71.4 0.352 1 2 0 
623.56 130.8 40.470032 -3.428058 586.2 3 5 70.7 1.055 0 2 0 
624.58 130.1 40.470146 -3.427663 585.4 3 5 70.3 1.055 0 2 0 
625.57 129.6 40.470245 -3.427269 584.2 4 5 70.0 0.703 0 2 0 
626.55 127.6 40.470356 -3.426875 583.7 4 5 69.6 0.703 0 2 0 
627.54 126.7 40.470467 -3.426480 583.0 4 5 69.3 0.703 0 2 0 
628.57 124.3 40.470570 -3.426103 582.1 4 5 69.3 0.352 0 2 0 
629.57 123.4 40.470688 -3.425719 581.5 4 5 68.9 0.352 0 2 0 
630.55 123.0 40.470806 -3.425346 581.3 4 5 68.6 0.703 0 2 0 
631.63 123.4 40.470917 -3.424967 581.5 4 5 68.9 0.352 0 2 0 
632.54 123.7 40.471035 -3.424594 581.8 4 5 68.6 0.352 0 2 0 
633.54 122.5 40.471153 -3.424207 583.0 4 5 69.3 0.703 0 2 0 
634.54 120.5 40.471260 -3.423832 582.3 4 5 69.6 1.055 0 2 0 
635.56 118.4 40.471355 -3.423466 582.0 4 5 69.6 0.352 0 2 0 
636.54 117.5 40.471466 -3.423111 581.0 4 5 69.6 0 0 2 0 
637.59 115.9 40.471569 -3.422753 581.0 4 5 70.3 0.703 0 2 0 
638.53 114.5 40.471672 -3.422394 580.8 4 5 70.3 0.703 0 2 0 
639.58 116.1 40.471767 -3.422031 581.3 4 5 70.3 0 0 2 0 
640.53 119.6 40.471867 -3.421668 582.0 3 5 70.7 0.352 1 2 0 
641.56 122.0 40.471970 -3.421299 582.6 3 5 70.7 0.352 0 2 0 
642.56 125.3 40.472084 -3.420914 582.9 3 5 70.7 0 0 2 0 
643.54 127.7 40.472187 -3.420526 583.4 3 5 71.4 0.703 0 2 0 
644.53 129.9 40.472282 -3.420120 584.8 4 5 71.7 1.055 0 2 0 
645.61 129.3 40.472385 -3.419713 585.6 4 5 71.7 0.352 0 2 0 
646.53 125.7 40.472492 -3.419317 585.2 4 5 71.7 0 0 2 0 
647.55 122.2 40.472588 -3.418936 586.3 4 5 71.7 0 0 2 0 
648.53 121.3 40.472679 -3.418550 586.1 4 5 73.1 1.406 0 2 0 
649.61 118.7 40.472775 -3.418183 586.0 4 5 71.7 1.406 0 2 0 
650.63 118.9 40.472870 -3.417813 586.0 4 5 71.0 2.109 0 2 0 
651.70 118.8 40.472965 -3.417445 586.4 4 5 71.4 0.352 0 2 0 
652.58 120.5 40.473049 -3.417068 587.2 4 5 72.1 1.055 1 2 0 
653.54 119.2 40.473141 -3.416698 586.8 3 5 71.7 0.352 1 2 0 
654.66 118.1 40.473232 -3.416333 585.9 4 5 71.0 1.055 0 2 0 
655.60 119.2 40.473328 -3.415963 585.7 3 5 72.4 1.406 0 2 0 
656.55 121.3 40.473427 -3.415584 585.5 3 5 72.4 1.406 0 2 0 
657.54 121.7 40.473518 -3.415210 585.8 3 5 72.1 0.352 0 1 0 
658.61 120.6 40.473618 -3.414836 585.4 3 5 71.7 0.703 0 1 0 
659.54 119.3 40.473713 -3.414462 585.1 3 5 71.0 1.055 0 1 0 
660.55 117.4 40.473812 -3.414098 584.5 3 5 69.3 2.461 0 1 0 
661.61 115.2 40.473911 -3.413752 583.8 3 5 67.9 3.164 0 1 0 
662.54 113.4 40.474022 -3.413407 583.2 3 5 67.1 2.109 0 1 0 
663.55 112.2 40.474129 -3.413067 582.9 3 5 66.4 1.406 0 2 0 
664.54 112.1 40.474239 -3.412735 583.1 3 5 65.4 1.758 0 2 0 
665.54 115.5 40.474361 -3.412401 582.9 4 5 65.0 1.406 0 2 0 
666.55 116.5 40.474487 -3.412056 582.7 4 5 63.6 1.758 0 2 0 
667.55 115.9 40.474613 -3.411724 582.7 4 5 63.3 1.758 0 2 0 
668.55 114.7 40.474751 -3.411389 582.8 4 5 62.2 1.406 0 2 0 
669.55 114.3 40.474884 -3.411054 582.2 3 5 61.2 2.109 0 2 0 
670.54 111.7 40.475021 -3.410728 581.3 3 5 60.5 1.758 0 2 0 
671.56 110.8 40.475163 -3.410412 581.0 3 5 59.8 1.406 0 2 0 
672.56 109.7 40.475304 -3.410101 580.4 3 5 58.7 1.758 0 2 0 
673.55 108.5 40.475452 -3.409805 580.1 3 5 57.7 2.109 0 2 0 
674.53 107.6 40.475594 -3.409499 580.3 3 5 57.0 1.758 0 1 0 
675.58 106.6 40.475739 -3.409199 580.8 4 5 56.2 1.406 0 1 0 
676.53 107.7 40.475883 -3.408912 580.2 4 5 55.2 1.758 0 1 0 
677.70 108.8 40.476044 -3.408625 579.6 4 5 54.1 2.109 0 1 0 
678.56 110.6 40.476208 -3.408340 579.4 4 5 53.1 2.109 0 1 0 
679.72 111.9 40.476379 -3.408051 579.7 3 5 52.4 1.758 0 1 0 
680.62 110.6 40.476547 -3.407784 580.1 3 5 51.7 1.406 0 1 0 
681.55 111.1 40.476723 -3.407505 580.6 4 5 51.0 1.406 0 0 0 
682.56 112.5 40.476902 -3.407227 581.3 3 5 50.3 1.406 0 0 0 
683.60 113.0 40.477085 -3.406947 582.1 3 5 49.2 1.758 0 0 0 
684.58 112.9 40.477276 -3.406660 581.9 4 5 48.2 2.109 0 0 0 
685.54 112.3 40.477463 -3.406385 581.3 4 5 47.5 1.758 0 0 0 
686.55 115.7 40.477646 -3.406103 582.0 3 5 46.8 1.406 0 0 0 
687.58 118.0 40.477856 -3.405825 582.2 3 5 45.0 2.461 0 0 0 
688.58 119.6 40.478069 -3.405540 582.8 3 5 44.6 2.109 0 0 0 
689.56 118.1 40.478287 -3.405277 583.5 3 5 43.6 1.406 0 0 0 
690.55 116.4 40.478500 -3.405016 583.5 3 5 42.9 1.758 0 0 0 
691.56 114.5 40.478718 -3.404766 584.1 3 5 41.5 2.109 0 0 0 
692.56 112.4 40.478931 -3.404523 584.2 3 5 40.4 2.461 0 0 0 
693.56 108.0 40.479141 -3.404292 584.4 3 5 40.1 1.406 0 0 0 
694.54 103.9 40.479343 -3.404074 583.4 3 5 39.0 1.406 0 0 0 
695.54 101.8 40.479549 -3.403866 583.1 3 5 38.3 1.758 0 0 0 
696.55 100.9 40.479755 -3.403664 583.3 3 5 38.0 1.055 0 0 0 
697.55 102.3 40.479954 -3.403469 583.9 3 5 36.9 1.406 1 0 0 
698.55 102.6 40.480167 -3.403279 584.7 3 5 35.5 2.461 0 0 0 
699.56 102.7 40.480377 -3.403084 584.9 3 5 35.9 1.055 0 0 0 
700.57 101.6 40.480576 -3.402884 585.1 3 5 36.9 1.406 0 0 0 
701.56 99.1 40.480778 -3.402690 585.1 3 5 36.2 0.703 0 0 0 
702.53 98.6 40.480972 -3.402505 585.0 3 5 36.9 0.703 0 0 0 
703.62 99.3 40.481174 -3.402309 585.9 3 5 36.7 0.506 0 0 0 
704.53 101.5 40.481388 -3.402113 586.3 3 5 36.7 0.198 0 0 0 
705.55 100.9 40.481590 -3.401909 586.8 3 5 36.7 0 0 0 0 
706.54 100.2 40.481785 -3.401719 587.2 3 5 36.7 0 0 0 0 
707.56 99.8 40.481987 -3.401538 588.1 3 5 36.5 0.184 0 0 0 
708.57 102.6 40.482193 -3.401336 588.8 3 5 36.5 0.184 0 0 0 
709.57 105.1 40.482403 -3.401135 588.8 3 5 36.5 0 0 0 0 
710.54 107.6 40.482616 -3.400924 589.0 3 5 36.5 0 0 0 0 
711.58 110.4 40.482838 -3.400714 589.3 3 5 36.5 0 1 0 0 
712.54 112.6 40.483055 -3.400490 590.1 3 5 36.6 0.097 0 0 0 
713.55 109.3 40.483269 -3.400275 592.0 3 5 36.6 0.097 1 0 0 
714.58 103.3 40.483482 -3.400067 590.7 3 5 36.6 0 0 0 0 
715.56 101.2 40.483688 -3.399854 590.3 3 5 36.6 0 1 0 0 
716.54 101.2 40.483891 -3.399655 590.4 3 5 35.7 0.953 0 0 0 
717.58 99.3 40.484081 -3.399457 590.3 3 5 36.8 1.138 0 0 0 
718.54 103.4 40.484287 -3.399261 590.9 3 5 36.8 1.138 0 0 0 
719.54 106.1 40.484501 -3.399048 591.6 3 5 37.3 0.438 0 0 0 
720.57 109.4 40.484715 -3.398828 594.2 3 5 37.8 1.025 0 0 0 
721.54 112.1 40.484940 -3.398605 595.9 3 5 37.8 0.587 0 0 0 
722.54 115.3 40.485161 -3.398376 595.8 3 5 37.8 0 0 0 0 
723.54 118.2 40.485394 -3.398137 597.4 3 5 39.0 1.136 0 0 0 
724.54 120.7 40.485615 -3.397884 594.2 3 5 40.3 2.429 2 0 0 
725.54 122.6 40.485847 -3.397609 593.4 3 5 40.3 1.293 0 0 0 
726.54 120.9 40.486069 -3.397332 594.6 3 5 41.6 1.292 0 0 0 
727.59 120.6 40.486286 -3.397076 594.6 3 5 43.2 2.935 0 0 0 
728.54 117.9 40.486504 -3.396811 594.4 3 5 43.2 1.643 0 0 0 
729.54 116.6 40.486717 -3.396534 594.4 3 5 44.1 0.851 0 0 0 
730.54 116.9 40.486935 -3.396274 594.2 3 5 44.1 0.851 2 0 0 
731.58 119.6 40.487152 -3.396012 594.2 3 5 44.1 0 0 0 0 
732.55 122.3 40.487370 -3.395735 594.5 3 5 45.2 1.162 1 0 0 
733.56 123.3 40.487591 -3.395456 595.0 4 5 44.6 0.594 0 0 0 
734.54 120.8 40.487804 -3.395157 594.7 4 5 45.7 1.055 0 0 0 
735.56 119.9 40.488014 -3.394872 594.6 4 5 46.1 1.406 0 0 0 
736.56 118.0 40.488224 -3.394588 595.2 3 5 46.4 0.703 0 0 0 
737.54 116.3 40.488426 -3.394319 594.9 3 5 46.4 0.352 0 0 0 
738.55 113.8 40.488621 -3.394044 594.0 3 5 46.1 0.352 0 0 0 
739.57 114.3 40.488819 -3.393768 594.6 3 5 46.1 0.352 0 0 0 
740.57 116.0 40.489014 -3.393500 594.8 3 5 46.1 0 0 0 0 
741.54 118.7 40.489227 -3.393218 595.3 3 5 46.1 0 0 0 0 
742.55 120.1 40.489429 -3.392934 596.1 3 5 46.1 0 0 0 0 
743.63 118.4 40.489639 -3.392655 596.2 3 5 46.4 0.352 0 0 0 
744.56 116.5 40.489841 -3.392358 595.8 3 5 46.1 0.352 1 1 0 
745.55 115.1 40.490040 -3.392083 596.4 3 5 46.1 0.352 1 1 0 
746.59 115.9 40.490238 -3.391817 596.6 4 5 46.8 0.703 1 1 0 
747.57 118.3 40.490444 -3.391538 596.8 4 5 46.1 0.703 1 1 0 
748.55 121.1 40.490646 -3.391253 597.0 4 5 46.1 0.703 1 1 0 
749.55 123.7 40.490856 -3.390958 597.1 4 5 45.7 0.352 0 1 0 
750.55 121.9 40.491070 -3.390676 597.5 3 5 45.4 0.703 0 1 0 
751.57 120.7 40.491283 -3.390389 597.3 3 5 46.1 0.703 0 1 0 
752.56 118.7 40.491489 -3.390112 597.4 3 5 46.1 0.703 0 1 0 
753.65 117.7 40.491692 -3.389836 597.4 3 5 46.2 0.152 0 1 0 
754.56 117.7 40.491898 -3.389564 597.7 3 5 46.5 0.473 0 1 0 
755.58 120.2 40.492104 -3.389270 598.6 3 5 47.3 1.119 0 1 0 
756.54 122.7 40.492313 -3.388977 600.2 3 5 47.3 0.798 0 1 0 
757.60 125.7 40.492516 -3.388676 599.9 3 5 47.8 0.472 0 1 0 
758.53 124.7 40.492737 -3.388370 600.4 3 5 49.3 1.972 0 1 0 
759.56 121.9 40.492939 -3.388074 599.1 3 5 48.4 0.916 0 2 0 
760.66 119.8 40.493141 -3.387788 598.8 3 5 48.9 0.564 0 2 0 
761.56 120.9 40.493336 -3.387497 598.8 3 5 49.5 1.099 0 2 0 
762.68 122.0 40.493542 -3.387192 599.5 4 5 50.1 1.114 0 2 0 
763.56 125.3 40.493744 -3.386869 599.7 4 5 50.7 1.246 0 2 0 
764.60 125.4 40.493946 -3.386546 599.8 3 5 50.7 0.668 0 2 0 
765.56 125.8 40.494137 -3.386227 599.3 3 5 50.7 0 0 2 0 
766.55 127.3 40.494347 -3.385903 599.9 3 5 51.1 0.413 0 2 0 
767.54 126.0 40.494537 -3.385582 600.1 3 5 51.5 0.800 0 2 0 
768.55 125.2 40.494740 -3.385249 601.0 3 5 52.4 1.292 1 2 0 
769.59 125.7 40.494919 -3.384923 599.3 3 5 52.4 0.905 2 2 0 
770.55 129.5 40.495110 -3.384586 599.4 4 5 53.0 0.616 0 2 0 
771.53 131.1 40.495289 -3.384252 599.8 4 5 52.3 0.729 0 2 0 
772.53 131.2 40.495480 -3.383901 602.2 4 5 54.0 1.674 0 2 0 
773.53 135.5 40.495693 -3.383512 600.4 3 5 53.8 1.518 0 2 0 
774.59 134.7 40.495880 -3.383157 601.0 3 5 56.7 2.821 0 2 0 
775.54 132.0 40.496063 -3.382807 600.2 3 5 56.7 2.821 0 2 0 
776.57 130.7 40.496254 -3.382444 600.0 3 5 56.7 0 0 1 0 
777.59 128.9 40.496441 -3.382095 599.3 3 5 55.9 0.772 1 1 0 
778.54 126.8 40.496628 -3.381771 598.3 4 5 57.0 1.152 2 2 0 
779.59 125.5 40.496803 -3.381427 599.9 4 5 56.5 0.661 0 2 0 
780.57 123.3 40.496964 -3.381124 599.5 4 5 55.9 1.130 0 2 0 
781.54 121.7 40.497135 -3.380794 598.7 4 5 55.9 0.640 0 2 0 
782.54 122.9 40.497307 -3.380463 598.8 4 5 56.5 0.573 0 2 0 
783.57 126.0 40.497490 -3.380106 599.2 3 5 56.5 0.573 0 2 0 
784.54 126.0 40.497490 -3.380106 599.2 3 5 56.5 0.573 0 2 0 
785.55 123.6 40.497833 -3.379433 600.6 4 5 56.3 0.210 0 1 0 
786.53 121.4 40.498001 -3.379100 599.5 4 5 55.9 0.543 0 1 0 
787.54 119.7 40.498173 -3.378779 599.9 4 5 55.9 0.332 0 1 0 
788.54 120.4 40.498333 -3.378453 600.3 4 5 55.9 0 0 1 0 
789.60 120.4 40.498505 -3.378114 601.4 4 5 55.6 0.365 0 1 0 
790.55 117.1 40.498669 -3.377799 601.1 6 5 55.6 0.365 1 1 0 
791.55 119.7 40.498837 -3.377461 600.7 4 5 56.2 0.622 1 1 0 
792.58 117.6 40.498993 -3.377126 601.4 4 5 56.2 0.622 1 2 0 
793.55 116.1 40.499153 -3.376813 602.9 4 5 56.2 0 0 2 0 
794.58 117.6 40.499310 -3.376492 601.2 4 5 56.2 0 0 1 0 
795.55 119.7 40.499477 -3.376159 601.5 3 5 57.0 0.762 0 1 0 
796.55 122.7 40.499641 -3.375831 602.3 3 5 57.0 0.762 0 1 0 
797.56 124.7 40.499817 -3.375493 603.5 3 5 56.7 0.286 0 1 0 
798.55 123.9 40.499985 -3.375144 604.9 3 5 56.7 0.286 0 1 0 
799.54 122.3 40.500153 -3.374808 603.7 3 5 55.9 0.767 2 2 0 
800.54 120.2 40.500309 -3.374460 603.1 3 5 55.9 0.767 0 2 0 
801.57 120.7 40.500458 -3.374125 603.3 3 5 57.9 2.006 0 2 0 
802.55 123.3 40.500618 -3.373791 604.8 3 5 57.9 2.006 0 2 0 
803.56 125.7 40.500774 -3.373438 605.3 3 5 57.7 0.237 0 2 0 
804.56 124.8 40.500938 -3.373086 605.1 4 5 57.7 0.237 0 1 0 
805.61 121.5 40.501102 -3.372740 605.0 4 5 57.9 0.185 0 1 0 
806.55 113.7 40.501259 -3.372411 604.0 3 5 57.7 0.131 0 1 0 
807.55 105.2 40.501404 -3.372108 603.1 3 5 57.7 0.131 1 1 0 
808.56 100.0 40.501530 -3.371830 602.4 3 5 57.4 0.311 2 1 0 
809.55 98.6 40.501652 -3.371551 602.2 3 5 57.4 0.311 0 1 0 
810.62 97.2 40.501770 -3.371269 602.5 3 5 57.4 0 0 1 0 
811.55 96.0 40.501892 -3.371000 602.8 3 5 57.4 0 0 1 0 
812.55 95.3 40.502026 -3.370718 602.9 3 5 57.4 0 0 1 0 
813.56 97.6 40.502144 -3.370465 603.5 3 5 54.2 3.222 0 1 0 
814.58 98.0 40.502281 -3.370185 603.9 3 5 55.2 2.215 0 1 0 
815.56 94.4 40.502407 -3.369911 603.8 3 5 57.8 3.579 0 1 0 
816.54 89.5 40.502522 -3.369668 603.7 3 5 58.4 3.244 0 1 0 
817.55 88.4 40.502640 -3.369413 603.6 3 5 57.5 0.980 0 1 0 
818.59 90.4 40.502762 -3.369162 603.9 3 5 57.5 0.980 0 1 0 
819.64 93.6 40.502876 -3.368908 604.3 3 5 57.9 0.472 0 1 0 
820.55 96.5 40.503010 -3.368639 604.7 3 5 57.9 0.472 0 1 0 
821.55 97.2 40.503139 -3.368366 605.0 3 5 57.9 0 0 1 0 
822.54 96.4 40.503262 -3.368106 605.4 3 5 57.9 0 1 1 0 
823.56 92.8 40.503384 -3.367836 604.5 3 5 57.9 0.041 2 1 0 
824.56 92.7 40.503498 -3.367585 604.3 3 5 57.9 0.041 0 1 0 
825.59 85.5 40.503601 -3.367360 605.1 3 5 58.3 0.444 0 1 0 
826.63 84.5 40.503700 -3.367112 605.6 3 5 58.3 0.444 0 1 0 
827.59 86.5 40.503807 -3.366876 606.4 3 5 58.3 0 0 1 0 
828.56 88.7 40.503929 -3.366625 606.4 3 5 57.8 0.512 0 1 0 
829.53 91.1 40.504047 -3.366389 606.3 3 5 58.3 0.475 0 1 0 
830.56 91.4 40.504169 -3.366128 606.7 3 5 58.3 0.475 0 1 0 
831.56 90.4 40.504288 -3.365874 606.5 3 5 58.3 0 0 1 0 
832.56 90.2 40.504402 -3.365614 606.5 3 5 60.1 1.800 0 1 0 
833.53 90.3 40.504524 -3.365355 606.6 3 5 61.9 3.627 0 1 0 
834.61 91.2 40.504631 -3.365097 606.8 3 5 63.4 3.334 0 1 0 
835.55 89.3 40.504742 -3.364831 606.7 3 5 64.4 2.448 0 1 0 
836.61 88.6 40.504837 -3.364571 607.8 3 5 64.4 0.941 1 1 0 
837.56 86.8 40.504932 -3.364309 608.6 3 5 65.9 0.941 1 1 0 
838.55 88.0 40.505016 -3.364048 609.3 3 5 67.6 3.220 1 1 0 
839.56 88.8 40.505100 -3.363775 609.4 3 5 69.0 3.101 1 1 0 
840.55 90.6 40.505180 -3.363485 609.6 3 5 70.8 3.211 1 1 0 
841.55 89.9 40.505253 -3.363209 609.1 3 5 72.5 3.554 2 1 0 
842.55 89.3 40.505318 -3.362931 608.7 3 5 72.5 1.709 1 2 0 
843.54 87.7 40.505383 -3.362642 608.7 3 5 94.0 21.498 1 2 0 
844.55 87.4 40.505417 -3.362371 608.3 3 5 79.4 14.588 1 2 0 
845.54 88.7 40.505474 -3.362099 607.9 3 5 79.8 14.263 1 2 0 
846.54 89.7 40.505531 -3.361822 607.0 3 5 78.8 1.001 1 2 0 
847.56 89.3 40.505573 -3.361539 605.5 3 5 80.9 2.109 1 3 0 
848.61 90.9 40.505600 -3.361245 604.3 3 5 84.7 5.977 1 3 0 
849.54 91.5 40.505611 -3.360950 604.6 3 5 88.2 7.383 0 3 0 
850.54 90.9 40.505619 -3.360655 604.6 3 5 88.9 4.219 0 3 0 
851.69 91.7 40.505623 -3.360362 604.6 3 5 89.3 1.055 0 3 0 
852.55 92.7 40.505623 -3.360062 604.7 3 5 89.3 0.352 0 2 0 
853.56 92.3 40.505627 -3.359760 604.4 3 5 89.3 0 0 2 0 
854.55 91.8 40.505623 -3.359454 604.0 3 5 89.6 0.352 2 3 0 
855.54 88.5 40.505619 -3.359162 603.7 3 5 91.1 1.758 0 3 0 
856.55 89.1 40.505604 -3.358871 603.5 3 5 92.8 3.164 0 3 0 
857.55 90.4 40.505596 -3.358578 603.9 3 5 92.8 1.758 1 3 0 
858.55 92.3 40.505581 -3.358277 604.1 3 5 94.9 2.109 2 3 0 
859.58 95.3 40.505554 -3.357973 604.8 3 5 97.0 4.219 0 3 0 
860.56 97.8 40.505527 -3.357656 605.1 3 5 97.4 2.461 0 3 0 
861.55 96.8 40.505501 -3.357342 605.5 3 5 97.0 0.352 0 3 0 
862.56 95.0 40.505470 -3.357030 605.4 3 5 97.4 0.352 0 3 0 
863.54 91.9 40.505436 -3.356731 605.2 3 5 96.7 0.703 0 3 0 
864.64 84.3 40.505413 -3.356444 604.9 3 5 96.7 0.703 0 3 0 
865.56 78.7 40.505386 -3.356177 604.6 3 5 96.3 0.352 0 3 0 
866.62 76.5 40.505367 -3.355922 604.4 3 5 96.7 0.352 0 3 0 
867.55 73.0 40.505341 -3.355675 604.5 3 5 97.0 0.703 0 3 0 
868.55 66.7 40.505325 -3.355443 604.5 3 5 97.4 0.703 0 3 0 
869.59 59.7 40.505302 -3.355242 604.2 3 5 98.8 1.758 0 3 0 
870.55 58.0 40.505272 -3.355051 604.3 3 5 99.8 2.461 1 3 0 
871.58 56.5 40.505253 -3.354857 604.6 3 5 102.3 3.516 2 3 0 
872.56 55.0 40.505219 -3.354680 604.5 3 5 103.4 3.516 2 3 0 
873.54 56.5 40.505192 -3.354498 604.9 3 5 103.0 0.703 2 3 0 
874.55 55.9 40.505150 -3.354319 605.3 3 5 107.2 4.219 2 3 0 
875.55 51.9 40.505100 -3.354168 605.1 3 5 115.3 12.305 2 4 0 
876.57 45.3 40.505039 -3.354032 604.6 3 5 124.5 0 -9 -9 0 
877.55 42.1 40.505032 -3.353900 604.7 3 5 107.0 0 -9 -9 0 
