7.85 65.2 40.512787 -3.404477 612.7 4 5 331.9 0 0 0 0 
8.83 64.5 40.512924 -3.404577 612.5 4 5 331.9 0 0 0 0 
9.82 63.6 40.513065 -3.404680 612.9 4 5 330.8 1.055 0 0 0 
10.80 62.2 40.513210 -3.404772 613.3 4 5 330.8 1.055 0 0 0 
11.80 60.9 40.513348 -3.404868 613.5 3 5 330.1 0.703 0 0 0 
12.82 61.2 40.513477 -3.404971 613.8 3 5 329.4 1.406 0 0 0 
13.81 61.7 40.513615 -3.405080 614.0 3 5 328.7 1.406 0 0 0 
14.84 64.3 40.513741 -3.405192 614.3 3 5 327.0 2.461 2 0 0 
15.82 66.8 40.513882 -3.405315 614.6 3 5 325.5 3.164 2 0 0 
16.83 68.9 40.514019 -3.405443 614.6 3 5 325.9 1.055 0 0 0 
17.81 71.4 40.514164 -3.405575 614.6 3 5 325.5 0.352 2 0 0 
18.80 73.5 40.514317 -3.405716 614.6 4 5 325.9 0.352 1 0 0 
19.82 73.5 40.514465 -3.405856 614.3 4 5 325.9 0.352 0 3 0 
20.80 73.8 40.514614 -3.405996 614.3 4 5 326.2 0.352 0 2 0 
21.83 75.7 40.514771 -3.406132 613.9 4 5 327.0 1.055 0 2 0 
22.88 78.0 40.515102 -3.406422 614.5 4 5 324.5 0.352 0 2 0 
23.89 78.3 40.515263 -3.406583 615.2 4 5 322.0 2.461 0 2 0 
24.89 79.2 40.515411 -3.406743 615.5 4 5 320.6 4.570 0 2 0 
25.82 79.2 40.515411 -3.406743 615.5 4 5 320.6 3.867 1 2 0 
26.82 80.1 40.515564 -3.406911 615.8 4 5 322.0 1.406 1 2 0 
27.82 80.5 40.515736 -3.407051 616.4 4 5 325.2 4.570 0 2 0 
28.81 82.0 40.515903 -3.407200 617.1 4 5 326.2 4.219 0 2 0 
29.84 84.4 40.516090 -3.407340 617.5 6 5 327.0 1.758 0 2 0 
30.83 86.1 40.516262 -3.407491 618.5 6 5 326.2 0.703 2 2 0 
31.82 92.7 40.516453 -3.407653 619.0 6 5 327.7 1.406 0 2 0 
32.81 94.6 40.516651 -3.407831 620.0 6 5 324.8 2.812 2 2 0 
33.90 99.2 40.517040 -3.408188 620.8 6 5 325.2 3.164 0 3 0 
34.85 99.2 40.517040 -3.408188 620.8 6 5 325.2 0.703 0 3 0 
35.83 98.7 40.517246 -3.408372 621.5 6 5 325.5 1.055 0 2 0 
36.82 99.8 40.517445 -3.408561 621.7 6 5 324.5 1.055 2 3 0 
37.85 101.1 40.517643 -3.408758 622.4 6 5 323.4 2.109 0 3 0 
38.90 104.7 40.518063 -3.409169 623.1 6 5 323.8 2.109 0 3 0 
39.81 104.7 40.518063 -3.409169 623.1 6 5 323.8 1.406 0 3 0 
40.80 106.3 40.518272 -3.409384 623.6 6 5 324.1 1.758 0 3 0 
41.81 107.1 40.518490 -3.409592 623.9 6 5 324.5 0.703 0 2 0 
42.81 108.7 40.518681 -3.409816 624.6 6 5 324.1 0.352 0 2 0 
43.80 109.3 40.518906 -3.410023 625.0 6 5 324.1 0.352 0 2 0 
44.80 109.9 40.519127 -3.410235 625.3 6 5 324.5 0.352 0 2 0 
45.80 110.5 40.519344 -3.410446 626.1 6 5 324.8 0.703 0 2 0 
46.81 114.8 40.519577 -3.410660 626.0 6 5 325.2 0.703 0 2 0 
47.80 111.2 40.519798 -3.410874 626.5 6 5 324.5 0.703 0 2 0 
48.83 110.9 40.520020 -3.411085 627.1 6 5 324.5 0.703 0 2 0 
49.80 112.3 40.520237 -3.411296 627.3 6 5 325.2 0.703 2 2 0 
50.85 110.9 40.520458 -3.411503 627.5 6 5 325.9 1.406 0 2 0 
51.81 111.1 40.520683 -3.411703 627.7 6 5 326.2 1.055 0 2 0 
52.80 110.4 40.520901 -3.411905 628.2 6 5 326.2 0.352 0 2 0 
53.80 109.1 40.521130 -3.412107 628.3 6 5 325.2 1.055 0 2 0 
54.80 107.2 40.521347 -3.412303 628.7 6 5 324.8 1.406 0 2 0 
55.80 106.9 40.521572 -3.412506 629.4 6 5 325.2 0.352 0 2 0 
56.90 107.5 40.522015 -3.412914 630.9 6 5 324.8 0.352 0 2 0 
57.81 107.5 40.522015 -3.412914 630.9 6 5 324.8 0.352 0 2 0 
58.81 107.5 40.522232 -3.413118 631.5 6 5 324.8 0 0 2 0 
59.87 104.5 40.522457 -3.413284 632.6 6 5 328.4 3.516 0 2 0 
60.84 107.5 40.522667 -3.413532 633.5 6 5 322.0 6.328 0 2 0 
61.81 107.6 40.522877 -3.413747 634.3 6 5 320.3 8.086 0 2 0 
62.83 107.6 40.523075 -3.413988 635.7 6 5 318.2 3.867 0 2 0 
63.82 107.3 40.523270 -3.414233 636.8 6 5 315.0 5.273 0 2 0 
64.83 107.7 40.523457 -3.414495 637.8 6 5 312.9 5.273 0 2 0 
65.86 107.3 40.523636 -3.414755 639.3 6 5 310.1 4.922 0 2 0 
66.83 108.8 40.523804 -3.415022 639.8 6 5 307.6 5.273 0 2 0 
67.82 110.1 40.523956 -3.415304 641.0 6 5 306.2 3.867 1 2 0 
68.80 108.3 40.524120 -3.415602 642.1 6 5 303.0 4.570 1 2 0 
69.81 106.2 40.524269 -3.415896 641.6 6 5 300.6 5.625 0 2 0 
70.84 104.4 40.524403 -3.416199 641.8 6 5 298.5 4.570 0 2 0 
71.92 101.3 40.524624 -3.416811 641.6 6 5 293.6 4.219 0 2 0 
72.84 101.3 40.524624 -3.416811 641.6 6 5 293.6 4.922 0 2 0 
73.82 99.7 40.524719 -3.417124 641.1 6 5 290.7 5.625 0 2 0 
74.84 99.1 40.524803 -3.417439 640.5 6 5 289.3 4.219 0 2 0 
75.82 98.6 40.524868 -3.417746 639.4 6 5 287.9 2.812 0 1 0 
76.81 98.1 40.524940 -3.418057 638.9 6 5 287.2 2.109 0 1 0 
77.81 97.9 40.524998 -3.418366 638.4 4 5 285.8 2.109 0 1 0 
78.80 96.1 40.525063 -3.418669 636.8 4 5 286.2 1.055 1 1 0 
79.82 95.7 40.525131 -3.418975 635.1 4 5 286.2 0.352 1 1 0 
80.80 94.9 40.525196 -3.419267 633.8 6 5 286.5 0.352 2 1 0 
81.80 93.1 40.525257 -3.419561 632.5 6 5 287.2 1.055 2 2 0 
82.82 92.1 40.525326 -3.419853 631.9 6 5 288.3 1.758 2 2 0 
83.89 89.3 40.525490 -3.420415 630.5 6 5 292.1 4.219 2 2 0 
84.81 89.3 40.525490 -3.420415 630.5 6 5 292.1 3.867 2 2 0 
85.88 89.0 40.525677 -3.420944 629.7 6 5 295.7 2.461 2 2 0 
86.92 87.9 40.525780 -3.421197 628.6 6 5 298.1 3.516 2 2 0 
87.82 87.9 40.525780 -3.421197 628.6 6 5 298.1 4.219 1 2 0 
88.82 87.5 40.525890 -3.421448 628.2 4 5 300.9 5.273 0 2 0 
89.89 87.1 40.526142 -3.421921 627.3 4 5 304.5 5.625 0 3 0 
90.82 87.1 40.526142 -3.421921 627.3 4 5 304.5 3.516 1 2 0 
91.81 86.0 40.526268 -3.422138 626.5 6 5 309.7 5.977 1 3 0 
92.84 85.6 40.526409 -3.422347 626.0 4 5 312.2 7.734 1 3 0 
93.82 85.5 40.526566 -3.422556 625.4 4 5 313.9 4.219 2 3 0 
94.84 85.0 40.526722 -3.422748 625.0 4 5 316.8 4.570 2 3 0 
95.84 84.8 40.526867 -3.422936 623.8 6 5 318.9 4.922 1 3 0 
96.86 86.5 40.527031 -3.423129 623.6 6 5 320.6 3.867 0 3 0 
97.81 86.3 40.527206 -3.423306 623.4 6 5 322.7 3.867 0 3 0 
98.80 86.3 40.527397 -3.423444 622.9 6 5 326.2 5.625 1 3 0 
99.80 86.7 40.527588 -3.423585 622.2 6 5 328.0 5.273 1 3 0 
100.80 85.7 40.527779 -3.423730 622.0 6 5 330.1 3.867 1 3 0 
101.83 85.4 40.527969 -3.423861 621.4 6 5 331.5 3.516 1 3 0 
102.80 84.6 40.528164 -3.423991 620.9 6 5 332.6 2.461 1 4 0 
103.80 84.7 40.528355 -3.424115 620.6 6 5 333.6 2.109 1 4 0 
104.89 83.2 40.528721 -3.424363 619.3 6 5 333.6 0.703 1 4 0 
105.80 83.2 40.528721 -3.424363 619.3 6 5 333.6 0.352 1 4 0 
106.80 82.2 40.528908 -3.424492 619.0 6 5 332.9 0.703 1 4 0 
107.80 82.4 40.529091 -3.424612 618.9 4 5 332.9 0.703 1 4 0 
108.85 82.8 40.529278 -3.424732 618.3 6 5 332.2 0.703 0 4 0 
109.80 84.7 40.529465 -3.424855 618.3 4 5 331.5 1.406 0 4 0 
110.80 86.2 40.529648 -3.424988 617.9 4 5 330.5 1.758 0 4 0 
111.80 86.8 40.529835 -3.425131 617.5 4 5 329.4 2.109 0 4 0 
112.81 88.6 40.530022 -3.425277 617.0 4 5 327.7 2.812 0 4 0 
113.80 86.9 40.530201 -3.425436 616.2 4 5 325.9 3.516 0 4 0 
114.83 87.8 40.530376 -3.425601 615.4 6 5 325.2 2.461 0 4 0 
115.80 88.2 40.530560 -3.425774 615.1 6 5 323.8 2.109 0 4 0 
116.83 87.4 40.530731 -3.425948 614.6 6 5 321.3 3.867 0 4 0 
117.84 88.6 40.530903 -3.426134 614.1 6 5 319.9 3.867 0 4 0 
118.82 89.4 40.531075 -3.426323 613.6 4 5 317.8 3.516 0 4 0 
119.82 91.2 40.531254 -3.426534 612.9 4 5 317.1 2.812 0 4 0 
120.82 90.1 40.531425 -3.426725 612.4 4 5 315.7 2.109 0 4 0 
121.80 90.6 40.531593 -3.426936 611.8 6 5 313.6 3.516 0 4 0 
122.81 90.0 40.531750 -3.427156 612.2 6 5 312.2 3.516 0 4 0 
123.85 89.0 40.531902 -3.427368 612.6 6 5 310.4 3.164 0 4 0 
124.81 87.8 40.532051 -3.427585 612.9 6 5 309.0 3.164 0 4 0 
125.81 87.2 40.532188 -3.427804 613.0 6 5 308.3 2.109 0 4 0 
126.85 85.8 40.532314 -3.428022 613.7 6 5 305.9 3.164 0 4 0 
127.81 83.2 40.532433 -3.428248 615.2 6 5 304.8 3.516 0 4 0 
128.86 83.4 40.532539 -3.428477 615.4 6 5 302.3 3.516 0 4 0 
129.91 84.3 40.532749 -3.428954 618.4 6 5 300.2 3.516 0 4 0 
130.87 84.3 40.532749 -3.428954 618.4 6 5 300.2 2.109 0 4 0 
131.82 84.9 40.532879 -3.429204 619.4 6 5 299.2 2.109 0 4 0 
132.80 86.4 40.532986 -3.429445 620.4 6 5 297.1 3.164 0 4 0 
133.82 87.0 40.533085 -3.429693 622.2 6 5 295.7 3.516 0 4 0 
134.82 87.6 40.533180 -3.429959 623.5 6 5 294.3 2.812 0 4 0 
135.82 88.7 40.533264 -3.430201 624.3 6 5 292.9 2.812 0 4 0 
136.82 89.1 40.533344 -3.430480 625.5 6 5 291.1 3.164 0 4 0 
137.81 88.5 40.533413 -3.430742 626.8 6 5 289.3 3.516 0 4 0 
138.82 88.5 40.533478 -3.431021 628.1 6 5 287.6 3.516 0 4 0 
139.90 89.7 40.533607 -3.431592 630.6 6 5 284.8 2.812 0 4 0 
140.80 89.7 40.533607 -3.431592 630.6 6 5 284.8 2.812 0 3 0 
141.82 88.8 40.533657 -3.431882 631.4 6 5 283.4 3.164 0 3 0 
142.84 87.0 40.533710 -3.432174 633.5 6 5 281.6 3.164 0 3 0 
143.83 86.0 40.533749 -3.432460 634.2 6 5 280.2 3.164 0 3 0 
144.81 86.2 40.533779 -3.432745 635.1 6 5 278.4 3.164 0 3 0 
145.82 85.3 40.533802 -3.433023 635.9 6 5 276.3 3.867 0 3 0 
146.82 86.6 40.533817 -3.433311 637.1 6 5 275.6 2.812 0 2 0 
147.81 85.9 40.533829 -3.433600 638.3 6 5 274.6 1.758 0 2 0 
148.82 86.0 40.533855 -3.433863 639.8 6 5 273.2 2.461 0 2 0 
149.82 86.7 40.533871 -3.434131 640.6 6 5 271.8 2.812 0 2 0 
150.85 87.3 40.533882 -3.434413 641.8 6 5 271.4 1.758 0 2 0 
151.80 87.4 40.533886 -3.434711 642.9 6 5 271.1 0.703 0 2 0 
152.90 86.7 40.533882 -3.435295 645.3 6 5 269.3 1.406 0 2 0 
153.80 86.7 40.533882 -3.435295 645.3 6 5 269.3 1.758 0 1 0 
154.81 87.7 40.533882 -3.435577 647.0 6 5 268.9 1.055 0 1 0 
155.84 87.3 40.533882 -3.435866 647.6 6 5 270.0 1.055 0 1 0 
156.81 88.0 40.533882 -3.436156 648.9 6 5 270.4 1.406 1 1 0 
157.80 88.0 40.533882 -3.436451 649.8 6 5 270.4 0.352 1 1 0 
158.86 87.9 40.533875 -3.436746 650.6 6 5 270.4 0 2 1 0 
159.83 88.7 40.533878 -3.437028 652.1 6 5 269.6 0.703 2 1 0 
160.84 90.1 40.533882 -3.437326 653.0 6 5 269.6 0.703 2 1 0 
161.80 90.3 40.533878 -3.437619 654.6 6 5 269.3 0.352 1 1 0 
162.80 90.3 40.533878 -3.437925 655.7 6 5 269.6 0.352 1 1 0 
163.80 89.2 40.533875 -3.438223 656.7 4 5 269.3 0.352 1 1 0 
164.83 89.7 40.533878 -3.438526 657.6 4 5 269.6 0.352 1 1 0 
165.80 88.9 40.533882 -3.438824 658.4 4 5 269.3 0.352 0 1 0 
166.81 88.8 40.533878 -3.439102 659.5 4 5 269.3 0.352 0 1 0 
167.83 88.7 40.533875 -3.439385 660.0 4 5 269.3 0 0 1 0 
168.80 87.1 40.533878 -3.439670 660.2 4 5 269.3 0 0 1 0 
169.83 87.6 40.533875 -3.439961 661.0 4 5 269.6 0.352 0 1 0 
170.80 88.5 40.533875 -3.440253 661.2 4 5 269.6 0.352 0 1 0 
171.81 88.4 40.533875 -3.440536 661.9 4 5 268.9 0.703 0 1 0 
172.80 89.7 40.533867 -3.440822 662.6 6 5 268.9 0.703 0 1 0 
173.80 89.7 40.533855 -3.441108 662.7 6 5 269.3 0.352 0 1 0 
174.81 88.5 40.533848 -3.441394 662.5 6 5 269.3 0.352 0 1 0 
175.81 88.5 40.533840 -3.441677 663.1 6 5 268.9 0.352 1 1 0 
176.90 89.9 40.533836 -3.442246 662.9 6 5 270.0 0.352 1 1 0 
177.81 89.9 40.533836 -3.442246 662.9 6 5 270.0 1.055 0 1 0 
178.88 89.8 40.533836 -3.442541 662.7 6 5 270.0 0.703 0 1 0 
179.81 89.0 40.533844 -3.442821 662.5 6 5 270.0 0 0 1 0 
180.81 90.4 40.533852 -3.443120 661.6 6 5 270.0 0 0 1 0 
181.82 90.0 40.533852 -3.443424 661.2 6 5 270.0 0 0 1 0 
182.81 88.9 40.533852 -3.443718 660.9 6 5 269.6 0.352 0 1 0 
183.86 88.2 40.533848 -3.444012 660.5 6 5 268.9 1.055 0 1 0 
184.81 88.5 40.533848 -3.444304 659.4 6 5 269.6 0.703 0 1 0 
185.82 88.6 40.533848 -3.444599 659.6 6 5 270.0 1.055 0 1 0 
186.84 87.8 40.533848 -3.444890 658.8 6 5 270.0 0.352 0 1 0 
187.82 87.4 40.533848 -3.445180 658.4 6 5 269.6 0.352 0 1 0 
188.81 87.3 40.533852 -3.445458 657.8 6 5 270.0 0.352 0 1 0 
189.80 86.5 40.533848 -3.445729 657.2 6 5 269.6 0.352 0 1 0 
190.84 87.4 40.533848 -3.446019 656.8 6 5 270.0 0.352 0 1 0 
191.83 87.7 40.533848 -3.446305 656.5 6 5 269.6 0.352 0 1 0 
192.81 88.3 40.533848 -3.446597 656.2 6 5 269.6 0.352 0 1 0 
193.88 87.5 40.533844 -3.447188 655.9 6 5 269.6 0.352 0 1 0 
194.84 87.5 40.533844 -3.447188 655.9 6 5 269.6 0.352 0 1 0 
195.91 87.6 40.533836 -3.447768 654.9 6 5 269.3 0.352 0 1 0 
196.83 87.6 40.533836 -3.447768 654.9 6 5 269.3 0.352 0 1 0 
197.83 88.3 40.533833 -3.448059 654.7 6 5 268.9 0.703 0 1 0 
198.80 89.8 40.533829 -3.448355 654.4 6 5 268.6 0.703 1 1 0 
199.82 91.4 40.533825 -3.448651 654.4 6 5 269.3 0.703 2 2 0 
200.89 94.7 40.533825 -3.448958 654.0 6 5 269.6 1.055 2 2 0 
201.83 99.1 40.533817 -3.449281 654.2 6 5 268.9 0.703 0 2 0 
202.92 108.8 40.533806 -3.449979 655.0 6 5 268.2 1.406 0 2 0 
203.91 112.3 40.533787 -3.450346 655.1 6 5 268.9 0.703 0 2 0 
204.85 112.3 40.533787 -3.450346 655.1 6 5 268.9 0.703 0 2 0 
205.83 115.7 40.533779 -3.450720 656.7 6 5 269.6 1.406 0 2 0 
206.80 116.8 40.533783 -3.451114 657.6 6 5 269.3 0.352 0 2 0 
207.82 116.8 40.533791 -3.451486 657.2 6 5 270.4 1.055 2 2 0 
208.82 116.3 40.533802 -3.451859 652.2 6 5 272.5 3.164 0 2 0 
209.82 116.1 40.533813 -3.452244 653.2 6 5 271.4 1.055 0 2 0 
210.90 114.4 40.533817 -3.453002 652.4 6 5 270.0 1.406 0 2 0 
211.82 114.4 40.533817 -3.453002 652.4 6 5 270.0 1.406 0 2 0 
212.83 113.0 40.533821 -3.453373 651.5 6 5 270.0 0.703 0 2 0 
213.90 111.0 40.533821 -3.453746 650.8 6 5 269.6 0.352 0 2 0 
214.93 109.9 40.533810 -3.454112 650.1 6 5 269.6 0.352 0 2 0 
215.87 109.2 40.533821 -3.454461 649.3 6 5 270.0 0.352 0 2 0 
216.80 108.4 40.533817 -3.454823 648.7 6 5 269.6 0.352 0 2 0 
217.80 107.3 40.533817 -3.455178 648.0 6 5 269.6 0.352 0 2 0 
218.80 106.0 40.533821 -3.455528 647.1 6 5 269.6 0 0 2 0 
219.80 104.7 40.533821 -3.455876 646.5 6 5 270.0 0.352 0 2 0 
220.84 102.7 40.533821 -3.456220 646.1 4 5 269.6 0.352 0 1 0 
221.81 101.3 40.533817 -3.456557 645.8 4 5 269.6 0.352 0 1 0 
222.81 100.7 40.533817 -3.456887 645.6 6 5 269.6 0 0 1 0 
223.83 99.8 40.533817 -3.457209 645.9 6 5 269.6 0 0 1 0 
224.80 99.5 40.533817 -3.457529 645.5 4 5 269.6 0 0 1 0 
225.80 99.1 40.533813 -3.457850 645.5 6 5 269.6 0 0 1 0 
226.80 99.5 40.533802 -3.458168 645.2 6 5 269.3 0.352 0 1 0 
227.83 99.6 40.533794 -3.458487 645.3 6 5 269.6 0.352 0 1 0 
228.81 99.9 40.533791 -3.458806 645.3 6 5 269.6 0.352 0 1 0 
229.84 99.0 40.533783 -3.459124 645.1 6 5 270.0 0.352 1 1 0 
230.80 97.8 40.533779 -3.459438 645.6 6 5 269.6 0.352 1 1 0 
231.81 97.2 40.533772 -3.459756 645.5 6 5 270.0 0.352 2 1 0 
232.89 96.5 40.533772 -3.460393 646.2 6 5 269.3 0.352 1 1 0 
233.89 95.5 40.533772 -3.460711 646.4 6 5 269.3 0.703 0 1 0 
234.82 95.5 40.533772 -3.460711 646.4 6 5 269.3 0.703 0 1 0 
235.81 95.5 40.533772 -3.461028 646.8 6 5 269.3 0 0 1 0 
236.81 96.3 40.533775 -3.461352 647.4 6 5 269.6 0.352 0 1 0 
237.81 96.6 40.533772 -3.461668 647.6 6 5 269.6 0.352 0 1 0 
238.88 95.5 40.533768 -3.461982 648.3 6 5 269.6 0 0 1 0 
239.81 94.8 40.533760 -3.462291 649.0 6 5 269.6 0 0 1 0 
240.85 95.0 40.533756 -3.462618 649.5 6 5 270.0 0.352 0 1 0 
241.83 95.5 40.533749 -3.462933 649.9 6 5 269.3 0.703 0 1 0 
242.81 95.4 40.533741 -3.463253 650.3 6 5 269.3 0.703 0 1 0 
243.85 95.4 40.533745 -3.463577 650.8 6 5 270.0 0.703 0 1 0 
244.88 95.5 40.533737 -3.463892 651.1 6 5 270.4 1.055 0 1 0 
245.82 94.7 40.533749 -3.464174 651.4 6 5 270.0 0.352 0 1 0 
246.97 94.7 40.533745 -3.464787 652.3 6 5 270.4 0.703 0 1 0 
247.84 94.7 40.533745 -3.464787 652.3 6 5 270.4 0.703 0 1 0 
248.82 95.8 40.533752 -3.465104 652.4 6 5 271.8 2.109 0 1 0 
249.97 94.1 40.533787 -3.465728 652.7 6 5 276.3 3.867 1 1 0 
250.82 94.1 40.533787 -3.465728 652.7 6 5 276.3 4.570 1 1 0 
251.88 94.1 40.533825 -3.466041 652.8 6 5 279.5 5.273 1 1 0 
252.90 93.7 40.533875 -3.466353 653.9 6 5 283.0 6.680 1 1 0 
253.83 95.1 40.533939 -3.466660 653.7 6 5 285.1 5.625 1 1 0 
254.91 94.6 40.534012 -3.466962 654.5 6 5 288.3 5.273 1 1 0 
255.80 93.7 40.534107 -3.467268 655.0 6 5 292.1 7.031 1 1 0 
256.96 92.4 40.534298 -3.467796 655.4 6 5 297.8 6.328 1 2 0 
257.82 92.4 40.534298 -3.467796 655.4 6 5 297.8 5.625 1 2 0 
258.83 91.4 40.534405 -3.468047 656.1 6 5 300.6 5.977 1 2 0 
259.89 90.2 40.534531 -3.468303 656.4 6 5 303.4 5.625 1 2 0 
260.98 85.7 40.534798 -3.468771 656.8 6 5 309.0 5.977 1 2 0 
261.81 85.7 40.534798 -3.468771 656.8 6 5 309.0 5.625 1 2 0 
262.82 84.5 40.534927 -3.468986 657.0 6 5 310.8 4.219 1 2 0 
263.86 82.5 40.535076 -3.469195 657.3 6 5 315.0 5.977 1 2 0 
264.86 81.8 40.535233 -3.469376 657.7 6 5 317.5 6.680 0 2 0 
265.86 82.5 40.535397 -3.469542 658.0 6 5 320.6 5.625 2 2 0 
266.94 83.5 40.535553 -3.469711 658.6 6 5 323.4 5.977 2 2 0 
267.85 85.0 40.535732 -3.469856 659.6 6 5 325.5 4.922 2 2 0 
268.80 85.7 40.535908 -3.470012 659.9 6 5 327.0 3.516 2 2 0 
269.90 88.0 40.536297 -3.470277 661.4 6 5 333.3 5.273 2 2 0 
270.83 88.0 40.536297 -3.470277 661.4 6 5 333.3 6.328 1 3 0 
271.81 88.7 40.536503 -3.470391 661.7 6 5 336.4 5.625 1 3 0 
272.82 90.0 40.536720 -3.470501 662.4 6 5 340.0 6.680 1 3 0 
273.82 91.2 40.536942 -3.470586 663.5 6 5 342.1 5.625 2 3 0 
274.82 92.8 40.537163 -3.470686 664.2 6 5 343.8 3.867 2 3 0 
275.83 94.1 40.537392 -3.470763 664.9 6 5 344.9 2.812 2 4 0 
276.84 95.5 40.537617 -3.470841 665.8 6 5 345.6 1.758 1 4 0 
277.83 96.1 40.537846 -3.470914 666.2 4 5 345.2 0.352 1 4 0 
278.83 97.7 40.538074 -3.470999 666.8 4 5 345.6 0.352 0 4 0 
279.83 97.6 40.538303 -3.471071 667.3 4 5 345.6 0.352 0 4 0 
280.81 97.1 40.538536 -3.471148 667.1 4 5 345.9 0.352 0 4 0 
281.80 97.2 40.538769 -3.471225 667.5 4 5 345.9 0.352 0 4 0 
282.86 97.8 40.539009 -3.471298 668.2 4 5 345.6 0.352 0 4 0 
283.81 98.5 40.539246 -3.471377 668.7 4 5 345.9 0.352 0 4 0 
284.81 99.6 40.539482 -3.471456 669.2 4 5 345.9 0.352 0 4 0 
285.80 96.6 40.539719 -3.471522 669.4 4 5 345.9 0 0 4 0 
286.80 97.5 40.539948 -3.471581 669.5 4 5 345.9 0 0 4 0 
287.86 98.0 40.540169 -3.471651 669.7 4 5 345.2 0.703 0 4 0 
288.82 97.2 40.540401 -3.471732 670.2 4 5 345.6 0.352 0 4 0 
289.83 96.6 40.540638 -3.471795 670.6 4 5 345.6 0.352 0 4 0 
290.83 97.6 40.540874 -3.471875 670.8 4 5 345.9 0.352 0 4 0 
291.80 98.1 40.541111 -3.471956 671.3 4 5 345.9 0.352 0 4 0 
292.80 98.4 40.541359 -3.472035 671.9 4 5 345.9 0 0 4 0 
293.87 98.4 40.541595 -3.472117 672.0 4 5 345.9 0 0 3 0 
294.81 98.3 40.541840 -3.472199 672.3 4 5 345.6 0.352 0 3 0 
295.81 97.3 40.542076 -3.472280 672.4 4 5 345.6 0.352 1 3 0 
296.85 95.9 40.542309 -3.472355 673.2 4 5 345.6 0 1 4 0 
297.81 95.4 40.542549 -3.472439 673.9 4 5 345.6 0 0 4 0 
298.81 95.9 40.542786 -3.472511 674.7 4 5 345.6 0 0 4 0 
299.81 96.4 40.543015 -3.472590 675.2 4 5 345.9 0.352 0 4 0 
300.85 97.0 40.543243 -3.472661 676.0 6 5 345.6 0.352 0 4 0 
301.81 97.5 40.543476 -3.472736 677.2 4 5 345.6 0.352 0 4 0 
302.81 97.8 40.543716 -3.472820 677.8 6 5 345.9 0.352 0 4 0 
303.81 95.7 40.543938 -3.472894 678.7 6 5 345.9 0.352 0 4 0 
304.82 94.5 40.544178 -3.472975 679.6 6 5 345.6 0.352 0 4 0 
305.81 93.9 40.544403 -3.473057 680.0 6 5 345.2 0.703 0 4 0 
306.82 94.1 40.544628 -3.473127 680.7 6 5 345.9 0.703 0 4 0 
307.93 89.7 40.545074 -3.473273 681.4 6 5 345.6 0.703 0 4 0 
308.81 89.7 40.545074 -3.473273 681.4 6 5 345.6 0.352 0 4 0 
309.82 88.7 40.545292 -3.473344 682.5 6 5 345.6 0.352 0 4 0 
310.82 88.0 40.545506 -3.473420 683.1 6 5 345.9 0.352 0 3 0 
311.82 86.0 40.545715 -3.473490 684.0 6 5 345.9 0.352 0 3 0 
312.85 85.8 40.545925 -3.473557 684.5 6 5 345.6 0.352 0 3 0 
313.82 85.0 40.546135 -3.473622 685.4 6 5 345.6 0.352 0 3 0 
314.83 85.7 40.546337 -3.473700 685.9 6 5 344.5 1.055 0 3 0 
315.82 86.8 40.546535 -3.473780 686.7 6 5 343.5 2.109 0 3 0 
316.85 87.7 40.546757 -3.473872 687.8 6 5 343.5 1.055 0 3 0 
317.82 88.6 40.546982 -3.473963 688.9 6 5 342.8 0.703 0 3 0 
318.87 89.7 40.547195 -3.474059 689.5 6 5 342.1 1.406 0 2 0 
319.80 91.8 40.547409 -3.474161 691.0 6 5 340.7 2.109 0 2 0 
320.82 94.0 40.547626 -3.474266 691.7 6 5 340.0 2.109 0 2 0 
321.82 95.2 40.547844 -3.474375 692.7 6 5 339.3 1.406 0 2 0 
322.80 95.8 40.548073 -3.474480 693.5 6 5 337.9 2.109 0 2 0 
323.91 97.0 40.548523 -3.474736 695.4 6 5 336.1 2.109 0 2 0 
324.80 97.0 40.548523 -3.474736 695.4 6 5 336.1 1.758 0 2 0 
325.84 99.1 40.548763 -3.474866 696.3 6 5 334.7 2.461 0 2 0 
326.82 97.3 40.549000 -3.475007 697.4 6 5 333.3 2.812 0 2 0 
327.86 97.2 40.549213 -3.475150 698.2 6 5 332.2 2.461 0 2 0 
328.82 96.8 40.549438 -3.475291 699.0 6 5 331.2 2.109 0 1 0 
329.82 97.1 40.549656 -3.475438 700.1 6 5 330.5 1.758 1 1 0 
330.86 96.8 40.549858 -3.475599 700.8 6 5 329.4 1.758 1 1 0 
331.84 97.1 40.550060 -3.475767 701.7 6 5 328.4 2.109 1 1 0 
332.84 96.2 40.550262 -3.475941 703.0 6 5 327.3 2.109 1 1 0 
333.91 94.2 40.550632 -3.476297 704.1 6 5 324.5 2.109 0 1 0 
334.83 94.2 40.550632 -3.476297 704.1 6 5 324.5 2.812 0 1 0 
335.83 93.8 40.550823 -3.476493 704.9 6 5 323.8 2.461 0 1 0 
336.84 93.9 40.550999 -3.476665 706.0 6 5 322.7 1.758 0 1 0 
337.82 94.0 40.551170 -3.476849 706.7 6 5 321.7 2.109 0 1 0 
338.83 94.7 40.551361 -3.477037 707.8 6 5 320.6 2.109 1 1 0 
339.80 95.6 40.551544 -3.477241 708.6 6 5 319.2 2.461 1 1 0 
340.82 95.2 40.551731 -3.477449 709.5 6 5 318.2 2.461 0 1 0 
341.80 96.0 40.551910 -3.477669 710.2 6 5 317.5 1.758 0 1 0 
342.81 94.9 40.552078 -3.477895 711.1 6 5 316.4 1.758 0 1 0 
343.80 93.8 40.552250 -3.478112 712.0 6 5 315.0 2.461 0 1 0 
344.81 94.3 40.552418 -3.478338 713.1 6 5 313.9 2.461 0 1 0 
345.80 94.9 40.552578 -3.478569 713.9 6 5 312.9 2.109 0 1 0 
346.80 94.9 40.552742 -3.478795 715.0 6 5 312.2 1.758 0 1 0 
347.83 95.7 40.552906 -3.479025 715.5 6 5 311.1 1.758 0 1 0 
348.80 94.6 40.553066 -3.479253 716.4 6 5 310.1 2.109 0 1 0 
349.81 95.1 40.553223 -3.479499 717.4 6 5 309.0 2.109 1 1 0 
350.81 96.5 40.553371 -3.479750 718.3 6 5 307.6 2.461 1 1 0 
351.81 97.3 40.553513 -3.480008 718.8 6 5 306.9 2.109 1 1 0 
352.80 98.6 40.553661 -3.480267 719.8 6 5 305.5 2.109 1 2 0 
353.80 100.2 40.553791 -3.480536 721.1 6 5 304.5 2.461 1 2 0 
354.81 101.5 40.553925 -3.480817 721.7 6 5 303.0 2.461 0 2 0 
355.81 103.6 40.554066 -3.481099 722.3 6 5 301.6 2.812 0 2 0 
356.83 104.7 40.554211 -3.481387 723.1 6 5 300.6 2.461 0 2 0 
357.81 108.3 40.554348 -3.481687 724.0 6 5 301.3 0.703 0 1 0 
358.81 104.1 40.554478 -3.481985 724.1 6 5 298.8 2.461 0 1 0 
359.85 104.9 40.554592 -3.482291 724.6 6 5 297.8 3.516 0 2 0 
360.81 104.5 40.554718 -3.482609 724.9 6 5 296.4 2.461 0 2 0 
361.80 104.1 40.554825 -3.482918 725.0 6 5 295.0 2.812 0 2 0 
362.81 104.7 40.554932 -3.483234 725.4 6 5 293.9 2.461 0 2 0 
363.81 105.5 40.555031 -3.483553 725.8 6 5 291.8 3.164 0 1 0 
364.81 106.1 40.555126 -3.483884 726.1 6 5 291.4 2.461 0 2 0 
365.87 105.7 40.555218 -3.484215 726.2 6 5 290.4 1.406 0 1 0 
366.90 105.4 40.555378 -3.484870 726.4 6 5 287.9 2.109 0 1 0 
367.90 105.3 40.555454 -3.485201 726.7 6 5 286.5 2.461 0 2 0 
368.83 105.3 40.555454 -3.485201 726.7 6 5 286.5 2.812 0 2 0 
369.81 105.6 40.555527 -3.485531 727.1 6 5 285.8 2.109 0 1 0 
370.91 107.4 40.555664 -3.486194 727.7 6 5 283.4 2.109 0 2 0 
371.82 107.4 40.555664 -3.486194 727.7 6 5 283.4 2.461 0 1 0 
372.84 108.4 40.555721 -3.486527 728.3 6 5 282.0 2.461 0 1 0 
373.86 109.0 40.555767 -3.486875 728.6 6 5 280.5 2.812 0 1 0 
374.81 108.6 40.555817 -3.487216 729.5 6 5 279.5 2.461 0 1 0 
375.81 107.8 40.555855 -3.487568 729.5 6 5 278.4 2.109 0 1 0 
376.80 108.8 40.555897 -3.487921 730.0 6 5 277.0 2.461 0 1 0 
377.80 107.6 40.555931 -3.488265 730.2 6 5 274.9 3.516 0 1 0 
378.98 103.6 40.555958 -3.488970 730.2 6 5 271.4 3.867 0 1 0 
379.83 103.6 40.555958 -3.488970 730.2 6 5 271.4 3.516 0 1 0 
380.82 101.3 40.555954 -3.489302 730.3 6 5 269.6 3.516 0 2 0 
381.87 98.9 40.555920 -3.489945 730.8 6 5 265.4 4.219 0 2 0 
382.81 98.9 40.555920 -3.489945 730.8 6 5 265.4 4.219 0 2 0 
383.81 99.7 40.555882 -3.490256 731.1 6 5 262.6 4.570 0 2 0 
384.93 97.7 40.555790 -3.490896 731.6 6 5 257.7 5.273 0 2 0 
385.80 97.7 40.555790 -3.490896 731.6 6 5 257.7 4.922 0 2 0 
386.82 97.6 40.555729 -3.491207 731.8 6 5 255.6 4.570 0 2 0 
387.90 97.8 40.555668 -3.491516 732.0 6 5 253.5 4.219 0 2 0 
388.80 98.1 40.555584 -3.491817 732.4 6 5 251.4 4.219 0 2 0 
389.83 97.7 40.555496 -3.492123 732.8 6 5 249.3 4.219 0 1 0 
390.83 97.7 40.555401 -3.492424 732.9 6 5 247.1 4.219 0 1 0 
391.82 96.7 40.555302 -3.492718 733.1 6 5 244.7 4.570 0 1 0 
392.88 97.7 40.555080 -3.493293 733.7 6 5 242.6 2.109 0 1 0 
393.84 97.7 40.555080 -3.493293 733.7 6 5 242.6 2.109 0 1 0 
394.81 98.6 40.554962 -3.493580 733.9 6 5 242.2 1.055 0 1 0 
395.84 98.3 40.554844 -3.493866 734.0 6 5 242.6 0.352 0 1 0 
396.81 104.6 40.554722 -3.494165 733.7 6 5 243.6 1.406 0 1 0 
397.80 98.6 40.554619 -3.494469 734.0 6 5 246.8 4.219 0 1 0 
398.80 98.6 40.554527 -3.494773 734.3 6 5 249.3 5.625 0 1 0 
399.80 98.7 40.554455 -3.495090 734.5 6 5 252.1 5.273 0 0 0 
400.85 97.6 40.554390 -3.495408 734.5 4 5 254.2 4.922 0 0 0 
401.83 97.5 40.554337 -3.495724 734.6 6 5 257.3 5.273 1 0 0 
402.82 97.1 40.554291 -3.496048 735.0 6 5 260.2 5.977 2 1 0 
403.81 94.8 40.554256 -3.496363 735.3 6 5 262.3 4.922 2 1 0 
404.84 95.3 40.554226 -3.496679 735.4 6 5 264.4 4.219 2 1 0 
405.81 93.3 40.554211 -3.496994 735.1 6 5 266.8 4.570 2 1 0 
406.80 93.1 40.554207 -3.497284 735.3 6 5 269.6 5.273 0 1 0 
407.88 95.5 40.554230 -3.497587 735.8 6 5 271.8 4.922 1 1 0 
408.80 92.7 40.554256 -3.497895 735.7 6 5 274.6 4.922 1 2 0 
409.83 91.3 40.554279 -3.498200 735.6 6 5 277.0 5.273 0 2 0 
410.84 89.2 40.554317 -3.498494 736.0 6 5 279.5 4.922 0 1 0 
411.81 90.0 40.554363 -3.498784 735.8 6 5 282.0 4.922 0 1 0 
412.81 89.9 40.554417 -3.499078 735.8 6 5 284.4 4.922 0 1 0 
413.81 91.2 40.554478 -3.499367 735.9 6 5 285.8 3.867 0 1 0 
414.81 91.7 40.554543 -3.499657 735.9 6 5 286.9 2.461 1 1 0 
415.81 93.4 40.554600 -3.499950 735.2 4 5 285.5 1.406 1 1 0 
416.82 92.5 40.554668 -3.500234 734.8 4 5 286.9 1.406 2 1 0 
417.85 92.8 40.554741 -3.500525 734.2 4 5 290.7 5.273 1 1 0 
418.81 93.6 40.554836 -3.500803 733.7 4 5 296.4 9.492 2 1 0 
419.81 93.7 40.554955 -3.501069 733.0 4 5 300.9 10.195 2 2 0 
420.92 95.3 40.555073 -3.501336 732.0 4 5 302.3 5.977 1 2 0 
421.80 94.7 40.555210 -3.501592 731.0 4 5 304.8 3.867 1 2 0 
422.81 95.0 40.555355 -3.501840 730.0 4 5 305.9 3.516 2 2 0 
423.81 94.9 40.555489 -3.502081 729.2 6 5 305.2 0.703 1 2 0 
424.85 94.9 40.555618 -3.502340 727.7 6 5 304.5 1.406 0 2 0 
425.81 94.6 40.555752 -3.502583 726.6 6 5 302.7 2.461 0 2 0 
426.81 94.1 40.555874 -3.502858 725.3 6 5 300.6 3.867 0 2 0 
427.83 95.1 40.555981 -3.503123 724.0 6 5 298.1 4.570 0 2 0 
428.81 93.7 40.556091 -3.503402 723.0 6 5 296.7 3.867 0 2 0 
429.83 92.4 40.556202 -3.503676 721.5 6 5 294.3 3.867 0 2 0 
430.81 90.7 40.556297 -3.503959 720.2 6 5 293.6 3.164 0 2 0 
431.81 90.8 40.556374 -3.504234 718.9 6 5 291.4 2.812 0 2 0 
432.81 90.8 40.556450 -3.504524 717.5 6 5 288.6 4.922 0 2 0 
433.81 91.0 40.556522 -3.504810 716.4 6 5 286.9 4.570 0 2 0 
434.81 91.3 40.556587 -3.505092 715.1 6 5 285.1 3.516 0 2 0 
435.82 92.2 40.556644 -3.505387 713.7 8 5 283.0 3.867 0 2 0 
436.83 91.6 40.556690 -3.505681 712.9 8 5 280.9 4.219 0 2 0 
437.83 92.0 40.556728 -3.505992 711.6 8 5 279.5 3.516 0 2 0 
438.82 92.3 40.556763 -3.506289 711.0 8 5 277.4 3.516 0 2 0 
439.88 91.4 40.556801 -3.506899 708.6 8 5 272.8 4.219 0 2 0 
440.89 90.8 40.556805 -3.507206 707.4 6 5 271.8 4.570 0 2 0 
441.82 90.8 40.556805 -3.507206 707.4 6 5 271.8 3.516 0 2 0 
442.82 91.2 40.556801 -3.507501 705.9 6 5 269.3 3.516 0 2 0 
443.82 91.2 40.556793 -3.507793 704.6 6 5 268.2 3.516 0 2 0 
444.80 91.8 40.556789 -3.508082 703.4 6 5 267.9 1.406 0 2 0 
445.82 91.5 40.556774 -3.508370 702.2 6 5 267.2 1.055 0 2 0 
446.86 92.3 40.556770 -3.508672 700.8 6 5 268.6 1.406 0 2 0 
447.91 91.8 40.556767 -3.509271 698.4 6 5 271.1 2.109 0 2 0 
448.81 91.8 40.556767 -3.509271 698.4 6 5 271.1 2.461 0 2 0 
449.83 91.9 40.556774 -3.509575 697.4 6 5 273.5 4.219 0 2 0 
450.82 92.2 40.556793 -3.509887 696.0 6 5 275.3 4.219 1 2 0 
451.87 93.2 40.556866 -3.510495 694.0 6 5 279.8 4.570 1 3 0 
452.84 93.2 40.556866 -3.510495 694.0 6 5 279.8 4.570 1 3 0 
453.92 94.7 40.556984 -3.511093 691.9 6 5 284.8 4.219 2 3 0 
454.83 94.7 40.556984 -3.511093 691.9 6 5 284.8 4.922 2 3 0 
455.80 94.5 40.557049 -3.511397 690.8 6 5 286.5 4.219 2 3 0 
456.80 94.0 40.557133 -3.511665 689.8 6 5 289.7 4.922 1 3 0 
457.83 94.4 40.557209 -3.511954 688.5 6 5 291.1 4.570 1 4 0 
458.83 94.5 40.557301 -3.512252 687.4 6 5 293.2 3.516 0 4 0 
459.80 94.8 40.557392 -3.512532 686.2 6 5 295.7 4.570 0 4 0 
460.81 94.6 40.557514 -3.512810 685.0 6 5 298.5 5.273 0 4 0 
461.80 93.8 40.557636 -3.513089 683.7 6 5 300.6 4.922 0 4 0 
462.83 92.5 40.557751 -3.513345 681.9 6 5 303.0 4.570 0 3 0 
463.80 91.8 40.557880 -3.513588 680.1 6 5 304.8 4.219 0 3 0 
464.87 90.1 40.558170 -3.514046 677.9 6 5 310.1 4.570 0 3 0 
465.80 90.1 40.558170 -3.514046 677.9 6 5 310.1 5.273 1 3 0 
466.80 90.5 40.558319 -3.514267 676.8 6 5 312.2 4.570 1 3 0 
467.90 90.4 40.558472 -3.514475 675.6 6 5 313.6 3.516 1 3 0 
468.80 91.0 40.558620 -3.514690 674.4 6 5 316.4 4.219 1 3 0 
469.83 91.3 40.558788 -3.514880 673.7 6 5 317.8 4.219 1 3 0 
470.81 92.0 40.558964 -3.515079 672.5 6 5 321.0 4.570 1 3 0 
471.80 92.6 40.559139 -3.515267 671.9 6 5 322.7 4.922 0 3 0 
472.82 94.5 40.559330 -3.515451 671.2 6 5 324.5 3.516 0 3 0 
473.83 96.0 40.559528 -3.515625 670.4 6 5 327.3 4.570 0 3 0 
474.80 93.6 40.559731 -3.515763 669.8 6 5 329.8 5.273 0 3 0 
475.81 93.2 40.559937 -3.515918 668.9 6 5 332.6 5.273 1 3 0 
476.81 91.2 40.560143 -3.516050 668.2 6 5 334.7 4.922 1 3 0 
477.81 89.6 40.560341 -3.516171 667.1 6 5 336.1 3.516 1 3 0 
478.81 89.4 40.560543 -3.516267 666.1 6 5 338.6 3.867 1 3 0 
479.81 89.4 40.560738 -3.516379 665.4 6 5 340.7 4.570 0 3 0 
480.82 90.3 40.560955 -3.516468 664.7 6 5 342.8 4.219 0 3 0 
481.82 90.6 40.561165 -3.516548 664.0 6 5 344.5 3.867 0 3 0 
482.81 90.6 40.561390 -3.516619 663.2 6 5 347.3 4.570 0 3 0 
483.86 92.1 40.561840 -3.516725 661.8 6 5 351.6 5.273 0 2 0 
484.83 92.1 40.561840 -3.516725 661.8 6 5 351.6 4.219 0 2 0 
485.87 90.3 40.562309 -3.516791 660.4 6 5 354.0 3.164 0 2 0 
486.81 90.3 40.562309 -3.516791 660.4 6 5 354.0 2.461 0 2 0 
487.81 91.3 40.562553 -3.516821 659.5 8 5 354.7 1.758 1 2 0 
488.81 91.6 40.562782 -3.516845 658.8 8 5 354.7 0.703 1 3 0 
489.83 90.9 40.563011 -3.516875 658.0 8 5 354.0 0.703 1 3 0 
490.81 90.9 40.563240 -3.516907 657.4 8 5 353.0 1.758 0 3 0 
491.82 92.9 40.563469 -3.516959 656.7 8 5 351.6 2.461 0 3 0 
492.86 96.6 40.563709 -3.517009 656.1 6 5 351.6 1.406 0 3 0 
493.86 98.6 40.563957 -3.517057 655.7 8 5 350.2 1.406 0 3 0 
494.85 103.1 40.564213 -3.517113 655.3 8 5 349.1 2.461 0 3 0 
495.81 105.2 40.564472 -3.517181 655.1 8 5 347.3 2.812 0 3 0 
496.88 106.7 40.564739 -3.517246 654.3 8 5 346.3 2.812 0 3 0 
497.82 108.0 40.564983 -3.517339 654.7 8 5 344.9 2.461 0 3 0 
498.90 110.6 40.565495 -3.517552 653.6 8 5 341.7 2.812 0 3 0 
499.90 110.7 40.565754 -3.517676 653.2 6 5 340.7 3.164 0 3 0 
500.82 110.7 40.565754 -3.517676 653.2 6 5 340.7 2.812 0 3 0 
501.84 110.1 40.566010 -3.517809 653.1 6 5 339.3 2.461 0 3 0 
502.82 110.7 40.566269 -3.517949 652.7 6 5 337.9 2.812 0 3 0 
503.80 110.8 40.566525 -3.518089 652.5 6 5 336.1 3.164 0 3 0 
504.80 110.7 40.566780 -3.518243 652.8 6 5 335.0 2.812 0 3 0 
505.83 110.4 40.567028 -3.518394 652.7 8 5 334.0 2.109 0 3 0 
506.82 110.3 40.567276 -3.518559 652.8 6 5 332.2 2.812 0 3 0 
507.83 109.6 40.567524 -3.518713 652.7 6 5 330.8 3.164 0 3 0 
508.82 110.8 40.567768 -3.518891 653.0 6 5 330.1 2.109 0 3 0 
509.84 109.9 40.568001 -3.519086 653.6 6 5 327.7 3.164 0 3 0 
510.80 109.5 40.568230 -3.519272 653.5 8 5 326.6 3.516 0 3 0 
511.83 108.6 40.568451 -3.519466 653.9 8 5 325.2 2.461 0 3 0 
512.81 108.4 40.568665 -3.519666 653.8 8 5 323.8 2.812 0 3 0 
513.83 107.9 40.568871 -3.519874 654.6 8 5 322.7 2.461 0 2 0 
514.83 107.6 40.569084 -3.520086 654.7 8 5 321.3 2.461 0 2 0 
515.83 107.1 40.569283 -3.520309 655.1 8 5 319.6 3.164 0 2 0 
516.83 107.1 40.569469 -3.520540 655.6 8 5 318.2 3.164 0 2 0 
517.90 107.1 40.569839 -3.521024 656.6 8 5 315.7 2.812 0 2 0 
518.80 107.1 40.569839 -3.521024 656.6 8 5 315.7 2.461 0 2 0 
519.90 107.0 40.570225 -3.521523 657.4 8 5 312.9 2.461 0 2 0 
520.80 107.0 40.570225 -3.521523 657.4 8 5 312.9 2.812 0 2 0 
521.80 106.5 40.570400 -3.521791 657.5 8 5 311.1 3.164 0 2 0 
522.83 106.0 40.570564 -3.522059 657.7 8 5 309.7 3.164 0 2 0 
523.80 105.8 40.570721 -3.522334 658.1 8 5 308.7 2.461 0 2 0 
524.81 105.5 40.570885 -3.522611 658.3 8 5 307.6 2.109 0 2 0 
525.84 105.8 40.571053 -3.522893 658.5 8 5 306.6 2.109 0 2 0 
526.80 105.7 40.571217 -3.523170 658.5 8 5 305.2 2.461 0 1 0 
527.90 106.1 40.571503 -3.523769 658.4 8 5 301.6 3.867 0 1 0 
528.82 106.1 40.571503 -3.523769 658.4 8 5 301.6 3.516 0 1 0 
529.84 106.7 40.571640 -3.524070 658.2 8 5 300.2 2.461 0 1 0 
530.81 107.2 40.571774 -3.524375 657.9 8 5 298.8 2.812 0 1 0 
531.80 107.5 40.571896 -3.524686 657.7 8 5 298.1 2.109 0 1 0 
532.90 109.6 40.572021 -3.525019 657.1 8 5 296.7 2.109 0 1 0 
533.88 111.1 40.572254 -3.525716 656.0 6 5 293.9 3.164 0 1 0 
534.80 111.1 40.572254 -3.525716 656.0 6 5 293.9 2.812 0 1 0 
535.80 112.0 40.572380 -3.526051 655.0 6 5 293.2 1.758 0 1 0 
536.89 113.2 40.572578 -3.526738 653.9 6 5 291.4 2.109 0 1 0 
537.89 113.9 40.572689 -3.527084 653.4 6 5 291.4 1.758 1 0 0 
538.81 113.9 40.572689 -3.527084 653.4 6 5 291.4 0.352 1 0 0 
539.85 114.6 40.572788 -3.527432 652.6 6 5 291.4 0 2 0 0 
540.81 114.6 40.572884 -3.527784 651.6 6 5 291.4 0 2 1 0 
541.81 114.1 40.572975 -3.528130 651.6 6 5 291.4 0 2 1 0 
542.81 114.9 40.573078 -3.528476 651.2 6 5 292.1 0.703 1 1 0 
543.81 112.9 40.573185 -3.528832 650.7 6 5 292.5 1.055 1 1 0 
544.81 112.4 40.573296 -3.529174 649.2 6 5 293.6 1.406 1 1 0 
545.84 111.3 40.573402 -3.529509 648.5 6 5 294.6 2.109 2 1 0 
546.88 110.3 40.573528 -3.529832 647.2 6 5 295.7 2.109 2 2 0 
547.88 108.1 40.573780 -3.530477 645.2 6 5 297.8 2.109 2 2 0 
548.84 108.1 40.573780 -3.530477 645.2 6 5 297.8 2.109 2 2 0 
549.80 107.8 40.573898 -3.530786 644.5 6 5 298.8 2.109 1 2 0 
550.82 107.7 40.574024 -3.531087 643.7 6 5 299.2 1.406 1 2 0 
551.81 107.9 40.574162 -3.531398 643.0 6 5 300.2 1.406 2 2 0 
552.92 107.3 40.574444 -3.532001 641.2 6 5 302.0 2.109 2 2 0 
553.84 107.3 40.574444 -3.532001 641.2 6 5 302.0 1.758 2 2 0 
554.82 107.4 40.574581 -3.532296 640.5 6 5 303.0 1.758 1 2 0 
555.83 107.4 40.574722 -3.532590 639.5 6 5 303.0 1.055 0 2 0 
556.80 108.4 40.574867 -3.532886 639.2 6 5 303.4 0.352 0 2 0 
557.90 109.5 40.575161 -3.533486 638.0 6 5 302.7 0.352 0 2 0 
558.91 109.5 40.575310 -3.533785 637.2 6 5 302.7 0.703 0 2 0 
559.80 109.5 40.575310 -3.533785 637.2 6 5 302.7 0.352 0 2 0 
560.83 109.7 40.575462 -3.534085 636.5 6 5 302.0 0.703 0 2 0 
561.82 109.6 40.575611 -3.534400 635.6 6 5 301.3 1.406 0 2 0 
562.81 109.7 40.575752 -3.534703 635.1 6 5 300.2 1.758 0 2 0 
563.82 109.9 40.575897 -3.535017 634.2 6 5 299.5 1.758 0 2 0 
564.90 109.7 40.576153 -3.535646 632.8 6 5 297.1 2.461 0 2 0 
565.85 109.7 40.576153 -3.535646 632.8 6 5 297.1 2.461 0 2 0 
566.85 108.2 40.576267 -3.535971 632.2 6 5 295.3 2.461 0 2 0 
567.90 109.5 40.576492 -3.536629 631.3 6 5 294.3 2.109 0 2 0 
568.84 109.5 40.576492 -3.536629 631.3 6 5 294.3 1.055 0 2 0 
569.82 109.6 40.576607 -3.536954 630.9 6 5 294.6 0.352 0 2 0 
570.80 109.7 40.576706 -3.537281 630.1 6 5 293.9 0.703 0 2 0 
571.82 110.2 40.576805 -3.537614 629.9 6 5 293.9 0.703 0 2 0 
572.81 110.3 40.576912 -3.537947 629.8 6 5 294.3 0.352 0 2 0 
573.84 108.8 40.577023 -3.538273 629.0 6 5 294.3 0.352 0 2 0 
574.83 107.4 40.577141 -3.538590 628.5 6 5 294.6 0.352 0 2 0 
575.84 106.3 40.577255 -3.538907 628.1 6 5 295.3 1.055 0 2 0 
576.80 105.5 40.577374 -3.539217 627.3 6 5 295.7 1.055 0 2 0 
577.80 103.9 40.577488 -3.539529 627.0 6 5 296.4 1.055 0 2 0 
578.80 102.6 40.577606 -3.539833 626.5 6 5 297.1 1.406 1 2 0 
579.87 101.9 40.577843 -3.540424 625.9 6 5 298.8 1.406 1 3 0 
580.80 101.9 40.577843 -3.540424 625.9 6 5 298.8 1.758 1 3 0 
581.82 102.1 40.577957 -3.540708 625.7 6 5 299.5 1.758 0 3 0 
582.80 100.9 40.578087 -3.541006 625.0 6 5 300.6 1.758 0 3 0 
583.83 101.1 40.578213 -3.541291 624.7 6 5 301.3 1.758 0 3 0 
584.88 100.7 40.578346 -3.541574 624.5 6 5 302.0 1.406 0 3 0 
585.80 100.7 40.578487 -3.541857 624.1 6 5 302.7 1.406 0 3 0 
586.80 100.7 40.578625 -3.542113 623.9 6 5 303.4 1.406 0 3 0 
587.89 102.3 40.578766 -3.542392 623.7 6 5 304.5 1.758 0 3 0 
588.80 103.1 40.578915 -3.542670 623.6 6 5 305.5 2.109 1 3 0 
589.81 104.3 40.579063 -3.542941 623.5 6 5 306.2 1.758 1 3 0 
590.90 104.4 40.579388 -3.543488 623.5 6 5 307.3 1.055 0 3 0 
591.82 104.4 40.579388 -3.543488 623.5 6 5 307.3 1.055 0 3 0 
592.81 103.7 40.579556 -3.543748 623.2 6 5 308.3 1.758 0 3 0 
593.88 103.1 40.579891 -3.544278 622.1 6 5 310.1 2.109 0 3 0 
594.81 103.1 40.579891 -3.544278 622.1 6 5 310.1 1.758 0 3 0 
595.81 102.8 40.580063 -3.544538 621.6 6 5 311.1 1.758 0 3 0 
596.81 102.3 40.580238 -3.544787 620.9 6 5 311.8 1.758 0 3 0 
597.85 101.8 40.580406 -3.545033 620.2 6 5 312.5 1.406 0 3 0 
598.81 101.4 40.580582 -3.545279 619.4 6 5 313.2 1.406 1 3 0 
599.81 101.8 40.580753 -3.545523 619.0 6 5 313.9 1.406 1 3 0 
600.81 100.5 40.580921 -3.545762 618.6 6 5 313.9 0.703 1 3 0 
601.81 99.4 40.581093 -3.545986 618.0 6 5 314.6 0.703 1 3 0 
602.81 98.9 40.581264 -3.546219 617.8 6 5 314.6 0.703 0 3 0 
603.87 97.8 40.581425 -3.546438 617.2 6 5 315.4 0.703 1 3 0 
604.90 97.7 40.581593 -3.546661 617.1 6 5 315.0 0.352 1 3 0 
605.81 97.1 40.581760 -3.546880 616.8 6 5 315.0 0.352 1 3 0 
606.81 96.3 40.581928 -3.547101 616.5 6 5 314.6 0.352 1 3 0 
607.82 95.4 40.582104 -3.547323 616.5 6 5 313.6 1.406 0 3 0 
608.81 95.3 40.582268 -3.547550 616.3 6 5 312.9 1.758 0 3 0 
609.81 95.4 40.582436 -3.547785 615.8 6 5 311.5 2.109 0 3 0 
610.81 95.4 40.582592 -3.548029 615.5 6 5 309.7 3.164 1 3 0 
611.82 95.5 40.582745 -3.548277 615.3 6 5 308.0 3.516 1 3 0 
612.82 96.2 40.582893 -3.548524 615.1 6 5 306.2 3.516 1 3 0 
613.81 96.4 40.583038 -3.548788 614.7 6 5 304.5 3.516 1 3 0 
614.82 96.5 40.583183 -3.549033 614.3 6 5 302.7 3.516 0 3 0 
615.83 96.6 40.583309 -3.549313 613.8 6 5 300.9 3.516 0 2 0 
616.83 96.7 40.583427 -3.549591 614.1 6 5 299.5 3.164 0 2 0 
617.82 96.9 40.583549 -3.549875 614.1 6 5 297.8 3.164 1 3 0 
618.89 97.4 40.583763 -3.550462 613.7 6 5 294.3 3.867 1 3 0 
619.85 97.4 40.583763 -3.550462 613.7 6 5 294.3 3.516 0 3 0 
620.82 97.7 40.583862 -3.550765 613.4 6 5 292.5 3.164 1 3 0 
621.82 97.4 40.583950 -3.551074 612.7 6 5 290.7 3.516 0 3 0 
622.84 96.6 40.584034 -3.551361 612.4 6 5 289.0 3.516 0 3 0 
623.80 95.3 40.584099 -3.551661 612.2 6 5 287.2 3.516 0 3 0 
624.84 94.1 40.584164 -3.551954 611.6 6 5 285.5 3.516 0 3 0 
625.82 92.8 40.584225 -3.552229 611.1 6 5 284.1 3.164 0 3 0 
626.80 92.0 40.584282 -3.552518 610.6 6 5 282.3 3.164 0 3 0 
627.82 90.8 40.584324 -3.552810 610.2 6 5 281.2 2.812 0 3 0 
628.82 89.7 40.584354 -3.553110 610.0 6 5 279.8 2.461 1 3 0 
629.82 88.7 40.584393 -3.553401 609.7 6 5 278.4 2.812 0 3 0 
630.83 87.8 40.584435 -3.553698 609.0 6 5 278.1 1.758 0 3 0 
