57.58 2 1 40.581047 -3.545941 20151221113944 
81.53 2 1 40.578384 -3.541612 20151221114008 
111.68 2 1 40.575977 -3.535249 20151221114038 
136.79 2 1 40.573551 -3.529969 20151221114103 
155.27 2 1 40.572186 -3.525629 20151221114122 
198.32 2 1 40.566353 -3.518058 20151221114205 
250.11 2 2 40.557743 -3.513550 20151221114256 
287.56 3 1 40.556278 -3.504175 20151221114334 
302.05 2 1 40.554951 -3.501243 20151221114348 
323.68 3 2 40.554256 -3.496080 20151221114410 
330.25 1 1 40.554684 -3.494299 20151221114417 
452.32 2 1 40.541740 -3.472290 20151221114619 
466.58 2 1 40.538754 -3.471246 20151221114633 
468.86 1 1 40.538300 -3.471103 20151221114635 
479.98 1 1 40.535988 -3.470164 20151221114646 
481.94 3 1 40.535618 -3.469869 20151221114648 
490.64 1 1 40.534328 -3.468073 20151221114657 
592.21 1 1 40.533787 -3.439686 20151221114839 
603.98 2 1 40.533821 -3.436386 20151221114850 
608.51 1 1 40.533806 -3.434872 20151221114855 
616.78 2 1 40.533680 -3.432553 20151221114903 
708.03 2 1 40.522919 -3.414027 20151221115034 
