27.00 90.0 1 primary 2 -1 40.584137 -3.552038 1.292 65.3 
80.76 90.0 1 primary 2 -1 40.584053 -3.551620 53.053 70.2 
82.52 90.0 1 primary 2 -1 40.578384 -3.541612 0.812 71.1 
83.63 90.0 1 primary 2 -1 40.578281 -3.541416 0.921 70.6 
84.55 90.0 1 primary 2 -1 40.578186 -3.541220 0.842 70.3 
85.57 90.0 1 primary 2 -1 40.578102 -3.541023 0.865 69.7 
87.21 90.0 1 primary 2 -1 40.578011 -3.540823 1.505 70.5 
88.95 90.0 1 primary 2 -1 40.577847 -3.540419 1.243 70.0 
90.59 90.0 1 primary 2 -1 40.577679 -3.540004 0.884 70.6 
91.79 90.0 1 primary 2 -1 40.577591 -3.539797 1.079 71.4 
93.87 90.0 1 primary 2 -1 40.577427 -3.539386 1.160 72.7 
95.82 90.0 1 primary 2 -1 40.577271 -3.538949 1.102 71.9 
97.96 90.0 1 primary 2 -1 40.577114 -3.538525 1.255 72.3 
99.50 90.0 1 primary 2 -1 40.576958 -3.538086 0.793 71.6 
101.02 90.0 1 primary 2 -1 40.576900 -3.537868 1.309 72.1 
102.78 90.0 1 primary 2 -1 40.576756 -3.537442 1.076 72.5 
104.87 90.0 1 primary 2 -1 40.576611 -3.537002 1.151 72.3 
106.47 90.0 1 primary 2 -1 40.576473 -3.536572 0.759 73.3 
107.69 90.0 1 primary 2 -1 40.576397 -3.536356 0.985 74.0 
108.41 90.0 1 primary 2 -1 40.576321 -3.536127 0.700 74.6 
109.23 90.0 1 primary 2 -1 40.576241 -3.535909 0.519 75.3 
110.56 90.0 1 primary 2 -1 40.576157 -3.535687 0.848 75.7 
111.28 90.0 1 primary 2 -1 40.576069 -3.535466 0.567 75.7 
112.26 90.0 1 primary 2 -1 40.575977 -3.535249 0.548 76.0 
113.33 90.0 1 primary 2 -1 40.575882 -3.535037 0.626 75.6 
114.37 90.0 1 primary 2 -1 40.575787 -3.534822 0.663 75.3 
115.37 90.0 1 primary 2 -1 40.575691 -3.534620 0.664 75.3 
116.65 90.0 1 primary 2 -1 40.575592 -3.534405 0.938 75.2 
117.52 90.0 1 primary 2 -1 40.575489 -3.534192 0.814 75.1 
118.75 90.0 1 primary 2 -1 40.575390 -3.533978 1.043 75.0 
120.40 90.0 1 primary 2 -1 40.575188 -3.533553 0.693 74.9 
121.62 90.0 1 primary 2 -1 40.575089 -3.533346 0.908 75.0 
122.71 90.0 1 primary 2 -1 40.574986 -3.533154 0.996 75.2 
123.29 90.0 1 primary 2 -1 40.574883 -3.532953 0.580 75.0 
124.22 90.0 1 primary 2 -1 40.574780 -3.532754 0.504 75.1 
125.55 90.0 1 primary 2 -1 40.574680 -3.532548 0.833 75.3 
126.34 90.0 1 primary 2 -1 40.574574 -3.532338 0.628 75.1 
127.37 90.0 1 primary 2 -1 40.574471 -3.532132 0.657 76.0 
128.58 90.0 1 primary 2 -1 40.574368 -3.531920 0.872 75.9 
129.91 90.0 1 primary 2 -1 40.574272 -3.531706 1.206 75.4 
131.87 90.0 1 primary 2 -1 40.574085 -3.531279 1.161 76.4 
133.70 90.0 1 primary 2 -1 40.573898 -3.530837 0.994 74.7 
134.83 90.0 1 primary 2 -1 40.573807 -3.530632 1.121 76.2 
138.14 90.0 1 primary 2 -1 40.573635 -3.530194 2.428 75.8 
165.22 90.0 1 primary 2 -1 40.573380 -3.529516 26.508 77.7 
177.23 90.0 1 primary 2 -1 40.571274 -3.523420 11.522 77.1 
178.97 90.0 1 primary 2 -1 40.569759 -3.521022 1.263 76.8 
180.81 90.0 1 primary 2 -1 40.569477 -3.520687 1.098 75.7 
190.33 90.0 1 primary 2 -1 40.569183 -3.520359 8.625 80.5 
251.73 -1.0 -1 - -1 -1 40.567764 -3.518991 61.022 78.7 
299.92 90.0 1 primary 3 2 40.557434 -3.512889 47.193 72.5 
301.89 90.0 1 primary 3 2 40.555050 -3.501431 1.161 70.0 
303.61 90.0 1 primary 3 2 40.554863 -3.501051 0.881 68.5 
304.78 90.0 1 primary 3 2 40.554783 -3.500859 1.051 68.9 
306.56 90.0 1 primary 3 3 40.554653 -3.500453 0.816 69.9 
307.40 90.0 1 primary 2 3 40.554600 -3.500243 0.666 69.2 
309.00 90.0 1 primary 2 3 40.554554 -3.500027 1.267 71.8 
310.58 90.0 1 primary 2 2 40.554466 -3.499587 0.848 72.4 
311.77 90.0 1 primary 2 2 40.554417 -3.499356 1.038 74.1 
313.76 90.0 1 primary 2 1 40.554333 -3.498901 1.031 75.9 
315.80 90.0 1 primary 2 1 40.554264 -3.498399 1.072 77.5 
317.64 90.0 1 primary 2 1 40.554211 -3.497875 0.905 78.6 
318.90 90.0 3 tertiary_link 1 1 40.554199 -3.497620 1.170 78.9 
320.71 90.0 3 tertiary_link 1 1 40.554195 -3.497101 0.972 78.5 
321.84 90.0 3 tertiary_link 1 1 40.554195 -3.496842 1.105 77.9 
323.68 90.0 3 tertiary_link 1 1 40.554234 -3.496337 0.950 78.1 
324.61 100.0 3 primary_link 1 1 40.554256 -3.496079 0.880 78.9 
325.85 100.0 3 primary_link 1 1 40.554295 -3.495814 1.116 80.2 
328.29 100.0 3 primary_link 1 1 40.554386 -3.495307 1.548 83.3 
330.13 100.0 3 primary_link 1 1 40.554520 -3.494797 1.399 84.3 
332.27 90.0 1 primary 2 1 40.554684 -3.494298 1.538 79.1 
334.27 90.0 1 primary 2 1 40.554863 -3.493821 1.539 79.5 
336.52 90.0 1 primary 2 1 40.555038 -3.493354 1.788 79.1 
338.30 90.0 1 primary 2 1 40.555225 -3.492887 1.573 79.9 
340.09 90.0 1 primary 2 1 40.555393 -3.492397 1.360 80.5 
342.65 90.0 3 tertiary_link 1 1 40.555534 -3.491912 1.919 80.6 
343.90 90.0 3 tertiary_link 1 1 40.555641 -3.491400 1.166 80.5 
346.23 100.0 3 primary_link 1 1 40.555725 -3.490882 1.499 82.7 
348.77 100.0 3 primary_link 1 1 40.555798 -3.490350 2.036 80.8 
351.10 90.0 1 primary 2 1 40.555855 -3.489555 1.369 82.3 
357.72 90.0 1 primary 2 1 40.555855 -3.489023 5.986 84.6 
359.01 90.0 1 primary 2 1 40.555775 -3.487403 1.275 87.0 
361.28 90.0 1 primary 2 1 40.555710 -3.486849 1.544 84.9 
362.79 90.0 1 primary 2 1 40.555618 -3.486300 1.057 85.0 
365.46 90.0 1 primary 2 1 40.555531 -3.485755 1.729 84.7 
368.43 90.0 1 primary 2 1 40.555405 -3.485209 2.698 87.0 
370.03 90.0 1 primary 2 1 40.555195 -3.484426 1.299 87.2 
372.00 90.0 1 primary 2 1 40.555038 -3.483881 1.268 87.4 
374.13 90.0 1 primary 2 1 40.554878 -3.483356 1.399 86.2 
375.67 90.0 1 primary 2 1 40.554699 -3.482825 0.939 84.2 
377.05 90.0 1 primary 2 1 40.554611 -3.482564 1.317 83.1 
381.64 90.0 1 primary 2 1 40.554420 -3.482076 3.909 84.4 
386.23 90.0 1 primary 2 1 40.553986 -3.481122 4.503 79.5 
410.96 90.0 1 primary 2 1 40.553398 -3.480009 24.229 82.3 
412.93 90.0 1 primary 2 1 40.549656 -3.475625 1.194 80.9 
414.73 90.0 1 primary 2 1 40.549305 -3.475361 0.999 79.7 
416.77 90.0 1 primary 2 1 40.548958 -3.475121 1.035 80.3 
418.93 90.0 1 primary 2 1 40.548599 -3.474892 1.197 77.2 
421.06 90.0 1 primary 2 1 40.548248 -3.474684 1.330 78.7 
422.88 90.0 1 primary 2 1 40.547886 -3.474491 1.149 80.6 
424.75 90.0 1 primary 2 1 40.547520 -3.474315 1.018 82.3 
426.80 90.0 1 primary 2 1 40.547131 -3.474140 1.065 83.5 
429.05 90.0 1 primary 2 1 40.546734 -3.473970 1.321 83.2 
430.69 90.0 1 primary 2 1 40.546329 -3.473819 0.947 82.8 
431.83 90.0 1 primary 2 1 40.546135 -3.473743 1.101 82.2 
433.78 90.0 1 primary 2 1 40.545738 -3.473607 1.045 80.4 
436.12 90.0 1 primary 2 1 40.545341 -3.473480 1.388 78.3 
437.89 90.0 1 primary 2 1 40.544960 -3.473361 1.160 79.1 
440.01 90.0 1 primary 2 1 40.544579 -3.473229 1.278 82.1 
441.49 90.0 1 primary 2 1 40.544174 -3.473109 0.753 81.6 
442.57 90.0 1 primary 2 1 40.543980 -3.473038 0.843 80.4 
443.81 90.0 1 primary 2 1 40.543785 -3.472969 1.077 82.6 
445.77 30.0 1 primary_link 1 1 40.543392 -3.472831 1.030 82.4 
447.99 30.0 1 primary_link 1 1 40.542999 -3.472704 1.254 85.4 
449.53 30.0 1 primary_link 1 1 40.542587 -3.472563 0.803 87.1 
450.84 30.0 1 primary_link 1 1 40.542377 -3.472495 1.106 85.8 
452.81 30.0 1 primary_link 1 1 40.541950 -3.472365 1.077 87.0 
454.86 30.0 1 primary_link 1 1 40.541534 -3.472228 1.124 89.2 
457.40 90.0 1 primary 2 1 40.541103 -3.472090 1.666 89.9 
459.67 90.0 1 primary 2 1 40.540676 -3.471930 1.935 89.0 
461.23 90.0 1 primary 2 1 40.540257 -3.471755 1.493 89.5 
463.15 90.0 1 primary 2 1 40.539829 -3.471603 1.420 88.9 
464.79 90.0 1 primary 2 1 40.539406 -3.471442 1.062 88.7 
467.35 90.0 1 primary 2 1 40.538967 -3.471300 1.619 89.9 
468.69 90.0 1 primary 2 1 40.538536 -3.471177 0.960 91.4 
470.03 90.0 1 primary 2 1 40.538300 -3.471103 1.298 89.6 
471.54 90.0 1 primary 2 1 40.537876 -3.470970 0.814 87.2 
477.89 90.0 1 primary 2 1 40.537666 -3.470902 6.163 89.5 
479.84 100.0 3 primary_link 1 1 40.536186 -3.470296 1.097 89.6 
481.53 100.0 3 primary_link 1 1 40.535801 -3.470011 0.797 83.6 
483.04 100.0 3 primary_link 1 1 40.535618 -3.469869 1.311 83.2 
485.06 100.0 3 primary_link 1 1 40.535278 -3.469537 1.332 84.3 
487.01 100.0 3 primary_link 1 1 40.534969 -3.469155 1.278 84.8 
489.16 100.0 3 primary_link 1 1 40.534687 -3.468757 1.418 85.2 
490.60 90.0 1 primary 2 1 40.534439 -3.468306 0.872 85.9 
492.03 90.0 1 primary 2 1 40.534328 -3.468072 1.293 81.9 
494.10 90.0 1 primary 2 1 40.534130 -3.467590 1.364 81.7 
496.26 90.0 1 primary 2 1 40.533966 -3.467077 1.528 83.7 
497.69 90.0 1 primary 2 1 40.533848 -3.466570 0.948 83.0 
498.69 90.0 1 primary 2 1 40.533787 -3.466313 0.962 83.1 
499.85 90.0 1 primary 2 1 40.533737 -3.466038 1.117 81.8 
502.37 90.0 1 primary 2 1 40.533684 -3.465506 1.638 82.9 
504.01 90.0 1 primary 2 1 40.533657 -3.464965 1.280 82.9 
505.83 90.0 1 primary 2 1 40.533653 -3.464425 1.102 81.7 
508.11 90.0 1 primary 2 1 40.533657 -3.463895 1.380 81.7 
511.07 90.0 1 primary 2 1 40.533669 -3.463360 2.339 82.7 
512.75 90.0 1 primary 2 1 40.533669 -3.462531 1.025 83.4 
515.07 90.0 1 primary 2 1 40.533672 -3.461998 1.336 84.5 
516.71 90.0 1 primary 2 1 40.533672 -3.461432 0.979 85.0 
518.65 90.0 1 primary 2 1 40.533676 -3.461145 1.914 86.2 
520.08 90.0 1 primary 2 1 40.533680 -3.460579 1.339 86.5 
521.62 90.0 1 primary 2 1 40.533684 -3.460006 0.884 85.8 
522.92 90.0 1 primary 2 1 40.533688 -3.459736 1.182 85.5 
525.16 90.0 1 primary 2 1 40.533691 -3.459162 1.425 87.2 
526.96 90.0 1 primary 2 1 40.533691 -3.458585 1.223 87.3 
528.91 90.0 1 primary 2 1 40.533691 -3.458013 1.178 89.2 
530.85 90.0 1 primary 2 1 40.533691 -3.457425 1.115 88.4 
533.09 90.0 1 primary 2 1 40.533695 -3.456860 1.360 88.6 
534.93 90.0 1 primary 2 1 40.533707 -3.456295 1.203 88.5 
536.86 90.0 1 primary 2 1 40.533707 -3.455700 1.125 88.7 
539.06 90.0 1 primary 2 1 40.533703 -3.455115 1.326 88.5 
541.08 90.0 1 primary 2 1 40.533699 -3.454531 1.351 88.1 
542.82 90.0 1 primary 2 1 40.533707 -3.453957 1.087 86.6 
544.87 90.0 1 primary 2 1 40.533722 -3.453391 1.130 86.5 
546.53 90.0 1 primary 2 1 40.533722 -3.452810 0.798 87.0 
547.63 90.0 1 primary 2 1 40.533722 -3.452532 0.903 87.2 
548.89 90.0 1 primary 2 1 40.533718 -3.452250 1.164 87.8 
550.39 90.0 1 primary 2 1 40.533726 -3.451687 0.663 86.5 
552.05 90.0 1 primary 2 1 40.533718 -3.451403 1.321 88.0 
553.78 90.0 1 primary 2 1 40.533718 -3.450828 1.045 86.3 
555.42 90.0 1 primary 2 1 40.533726 -3.450272 0.685 88.8 
557.16 90.0 1 primary 2 1 40.533733 -3.449982 1.429 88.8 
558.38 90.0 1 primary 2 1 40.533737 -3.449404 0.651 88.2 
559.57 90.0 1 primary 2 1 40.533737 -3.449106 0.844 87.5 
561.42 90.0 1 primary 2 1 40.533741 -3.448823 1.689 87.1 
563.13 90.0 1 primary 2 1 40.533741 -3.448240 1.398 87.1 
564.77 90.0 1 primary 2 1 40.533737 -3.447661 1.039 87.2 
566.94 90.0 1 primary 2 1 40.533752 -3.447087 1.204 88.1 
568.99 90.0 1 primary 2 1 40.533756 -3.446508 1.254 87.2 
570.95 90.0 1 primary 2 1 40.533760 -3.445936 1.216 88.0 
576.11 90.0 1 primary 2 1 40.533760 -3.445352 4.377 87.9 
579.68 90.0 1 primary 2 1 40.533760 -3.443922 2.951 86.5 
582.35 90.0 1 primary 2 1 40.533764 -3.443075 2.616 86.7 
584.83 90.0 1 primary 2 1 40.533752 -3.442206 2.096 87.0 
587.38 90.0 1 primary 2 1 40.533775 -3.441376 1.654 84.9 
591.04 90.0 1 primary 2 1 40.533783 -3.440811 3.312 86.6 
592.99 90.0 1 primary 2 1 40.533787 -3.439686 1.262 84.8 
595.66 90.0 1 primary 2 1 40.533779 -3.439134 1.931 83.6 
597.31 90.0 1 primary 2 1 40.533791 -3.438586 1.573 84.9 
600.82 90.0 1 primary 2 1 40.533802 -3.438034 3.088 83.3 
602.99 90.0 1 primary 2 1 40.533806 -3.436925 1.250 86.9 
604.93 90.0 1 primary 2 1 40.533821 -3.436386 1.199 89.1 
606.51 90.0 1 primary 2 1 40.533821 -3.435796 0.783 91.4 
607.53 90.0 1 primary 2 1 40.533825 -3.435490 0.804 92.4 
609.32 90.0 1 primary 2 1 40.533821 -3.435186 1.587 92.4 
611.09 90.0 1 primary 2 1 40.533798 -3.434561 1.353 89.6 
612.79 90.0 1 primary 2 1 40.533791 -3.433989 1.064 86.5 
615.13 90.0 1 primary 2 1 40.533764 -3.433431 1.394 87.0 
616.97 90.0 1 primary 2 1 40.533710 -3.432849 1.224 86.9 
623.25 90.0 1 primary 2 1 40.533646 -3.432275 5.522 85.7 
624.43 90.0 1 primary 2 1 40.533283 -3.430618 0.691 85.4 
626.00 90.0 1 primary 2 1 40.533207 -3.430356 1.266 85.5 
627.43 90.0 1 primary 2 1 40.533051 -3.429828 0.699 85.3 
628.89 90.0 1 primary 2 1 40.532955 -3.429581 1.158 85.2 
630.75 90.0 1 primary 2 1 40.532753 -3.429092 1.015 85.8 
632.73 90.0 1 primary 2 1 40.532528 -3.428612 1.002 83.5 
634.98 90.0 1 primary 2 1 40.532284 -3.428160 1.246 85.8 
637.16 90.0 1 primary 2 1 40.532028 -3.427737 1.432 84.9 
639.72 90.0 1 primary 2 1 40.531757 -3.427307 1.987 85.9 
641.02 90.0 1 primary 2 1 40.531475 -3.426909 1.288 84.6 
643.33 90.0 1 primary 2 1 40.531162 -3.426520 1.595 82.0 
644.51 90.0 1 primary 2 1 40.530849 -3.426158 0.784 80.8 
645.53 90.0 1 primary 2 1 40.530689 -3.425991 0.796 79.6 
647.08 90.0 1 primary 2 1 40.530533 -3.425832 1.354 78.4 
648.83 90.0 1 primary 2 1 40.530212 -3.425521 1.101 80.2 
651.07 90.0 1 primary 2 1 40.529869 -3.425226 1.334 80.2 
652.69 90.0 1 primary 2 1 40.529518 -3.424966 0.955 79.3 
654.38 90.0 1 primary 2 1 40.529343 -3.424852 1.645 79.4 
656.65 90.0 1 primary 2 1 40.528992 -3.424601 1.917 78.8 
657.83 90.0 1 primary 2 1 40.528629 -3.424360 1.094 78.6 
659.86 90.0 1 primary 2 1 40.528278 -3.424132 1.130 78.3 
661.91 90.0 1 primary 2 1 40.527931 -3.423884 1.177 78.6 
663.58 90.0 1 primary 2 1 40.527596 -3.423623 0.844 78.2 
664.68 90.0 1 primary 2 1 40.527435 -3.423487 0.944 80.1 
665.94 90.0 1 primary 2 1 40.527275 -3.423332 1.212 77.4 
667.85 90.0 1 primary 2 1 40.526962 -3.423031 1.119 77.1 
669.80 90.0 1 primary 2 1 40.526680 -3.422698 1.064 77.1 
671.74 90.0 1 primary 2 1 40.526405 -3.422337 1.006 76.6 
673.68 90.0 1 primary 2 1 40.526161 -3.421946 0.951 76.5 
674.42 90.0 1 primary 2 1 40.526051 -3.421738 0.691 78.6 
676.15 90.0 1 primary 2 1 40.525940 -3.421531 1.420 78.3 
677.78 100.0 1 primary 2 1 40.525738 -3.421097 1.049 78.3 
679.74 100.0 1 primary 2 1 40.525551 -3.420652 1.007 77.9 
682.03 100.0 1 primary 2 1 40.525387 -3.420182 1.303 77.8 
707.45 100.0 1 primary 2 1 40.525234 -3.419700 24.717 85.4 
708.84 100.0 1 primary 3 2 40.522919 -3.414027 1.114 84.6 
710.86 100.0 1 primary 3 2 40.522591 -3.413687 1.125 85.7 
712.83 100.0 1 primary 3 2 40.522243 -3.413353 1.096 89.0 
714.85 100.0 1 primary 3 2 40.521896 -3.413024 1.110 87.4 
716.94 100.0 1 primary 3 2 40.521542 -3.412683 1.204 88.7 
719.17 100.0 1 primary 3 2 40.521187 -3.412335 1.427 89.2 
721.47 100.0 1 primary 3 2 40.520817 -3.411995 1.741 88.1 
723.07 100.0 1 primary 2 2 40.520454 -3.411656 1.328 88.2 
724.47 100.0 1 primary 2 2 40.520111 -3.411340 0.743 86.7 
725.91 100.0 1 primary 2 2 40.519932 -3.411176 1.181 87.3 
727.96 100.0 1 primary 2 2 40.519581 -3.410851 1.218 89.1 
730.53 100.0 1 primary 2 2 40.519218 -3.410536 1.796 87.3 
731.93 100.0 1 primary 2 2 40.518867 -3.410201 1.195 89.6 
734.67 100.0 1 primary 2 2 40.518505 -3.409851 1.939 88.1 
736.13 100.0 1 primary 2 2 40.518154 -3.409527 1.400 88.0 
738.96 100.0 1 primary 2 2 40.517799 -3.409181 2.228 86.5 
741.16 100.0 1 primary 2 2 40.517273 -3.408686 1.428 86.4 
744.30 100.0 1 primary 2 1 40.516899 -3.408365 2.563 82.2 
745.81 100.0 1 primary 2 1 40.516384 -3.407912 1.069 81.7 
747.42 100.0 1 primary 2 1 40.516029 -3.407633 0.692 80.4 
748.64 100.0 1 primary 2 1 40.515862 -3.407494 0.910 80.1 
749.52 100.0 1 primary 2 1 40.515694 -3.407345 0.791 80.3 
750.94 100.0 1 primary 2 1 40.515526 -3.407207 1.213 81.1 
