24.98 -1.00 -1.00 0 66.0 
25.13 -1.00 -1.00 0 66.0 
25.24 -1.00 -1.00 0 66.0 
25.36 -1.00 -1.00 0 66.0 
25.47 -1.00 -1.00 0 66.0 
25.59 -1.00 -1.00 0 66.0 
25.71 -1.00 -1.00 0 66.0 
25.84 -1.00 -1.00 0 66.0 
25.95 -1.00 -1.00 0 66.0 
26.05 -1.00 -1.00 0 66.0 
26.19 -1.00 -1.00 0 66.0 
26.30 -1.00 -1.00 0 65.3 
26.41 -1.00 -1.00 0 65.3 
26.52 -1.00 -1.00 0 65.3 
26.61 -1.00 -1.00 0 65.3 
26.70 -1.00 -1.00 0 65.3 
26.82 -1.00 -1.00 0 65.3 
26.92 -1.00 -1.00 0 65.3 
27.00 -1.00 -1.00 0 65.3 
27.11 -1.00 -1.00 0 65.3 
27.26 -1.00 -1.00 0 65.3 
27.35 -1.00 -1.00 0 66.8 
27.44 -1.00 -1.00 0 66.8 
27.53 -1.00 -1.00 0 66.8 
27.62 -1.00 -1.00 0 66.8 
27.72 -1.00 -1.00 0 66.8 
27.81 -1.00 -1.00 0 66.8 
27.90 -1.00 -1.00 0 66.8 
27.98 -1.00 -1.00 0 66.8 
28.07 -1.00 -1.00 0 66.8 
28.20 -1.00 -1.00 0 66.8 
28.29 -1.00 -1.00 0 67.8 
28.37 -1.00 -1.00 0 67.8 
28.46 -1.00 -1.00 0 67.8 
28.55 -1.00 -1.00 0 67.8 
28.64 -1.00 -1.00 0 67.8 
28.74 -1.00 -1.00 0 67.8 
28.84 -1.00 -1.00 0 67.8 
28.93 -1.00 -1.00 0 67.8 
29.02 -1.00 -1.00 0 67.8 
29.13 -1.00 -1.00 0 67.8 
29.23 -1.00 -1.00 0 67.8 
29.31 -1.00 -1.00 0 68.0 
29.40 -1.00 -1.00 0 68.0 
29.49 -1.00 -1.00 0 68.0 
29.57 -1.00 -1.00 0 68.0 
29.65 -1.00 -1.00 0 68.0 
29.75 -1.00 -1.00 0 68.0 
29.86 -1.00 -1.00 0 68.0 
29.94 -1.00 -1.00 0 68.0 
30.04 -1.00 -1.00 0 68.0 
30.15 -1.00 -1.00 0 68.0 
30.27 -1.00 -1.00 0 68.0 
30.37 -1.00 -1.00 0 69.5 
30.46 -1.00 -1.00 0 69.5 
30.56 -1.00 -1.00 0 69.5 
30.66 -1.00 -1.00 0 69.5 
30.75 -1.00 -1.00 0 69.5 
30.83 -1.00 -1.00 0 69.5 
30.92 -1.00 -1.00 0 69.5 
31.00 -1.00 -1.00 0 69.5 
31.08 -1.00 -1.00 0 69.5 
31.17 -1.00 -1.00 0 69.5 
31.29 -1.00 -1.00 0 69.5 
31.39 -1.00 -1.00 0 68.8 
31.50 -1.00 -1.00 0 68.8 
31.59 -1.00 -1.00 0 68.8 
31.69 -1.00 -1.00 0 68.8 
31.78 -1.00 -1.00 0 68.8 
31.89 -1.00 -1.00 0 68.8 
31.98 -1.00 -1.00 0 68.8 
32.08 -1.00 -1.00 0 68.8 
32.19 -1.00 -1.00 0 68.8 
32.28 -1.00 -1.00 0 69.2 
32.37 -1.00 -1.00 0 69.2 
32.45 -1.00 -1.00 0 69.2 
32.55 -1.00 -1.00 0 69.2 
32.66 -1.00 -1.00 0 69.2 
32.75 -1.00 -1.00 0 69.2 
32.83 -1.00 -1.00 0 69.2 
32.93 -1.00 -1.00 0 69.2 
33.05 -1.00 -1.00 0 69.2 
33.16 -1.00 -1.00 0 69.2 
33.30 -1.00 -1.00 0 69.2 
33.42 151.41 7.98 1 68.3 
33.52 150.82 7.95 1 68.3 
33.64 -1.00 -1.00 1 68.3 
33.75 -1.00 -1.00 1 68.3 
33.86 -1.00 -1.00 1 68.3 
33.98 -1.00 -1.00 1 68.3 
34.11 -1.00 -1.00 0 68.3 
34.25 -1.00 -1.00 0 68.3 
34.36 -1.00 -1.00 0 69.1 
34.45 -1.00 -1.00 0 69.1 
34.55 -1.00 -1.00 0 69.1 
34.63 -1.00 -1.00 0 69.1 
34.71 -1.00 -1.00 0 69.1 
34.98 -1.00 -1.00 0 69.1 
35.10 -1.00 -1.00 0 69.1 
35.23 -1.00 -1.00 0 69.1 
35.32 -1.00 -1.00 0 69.9 
35.42 -1.00 -1.00 0 69.9 
35.52 -1.00 -1.00 0 69.9 
35.60 -1.00 -1.00 0 69.9 
35.71 -1.00 -1.00 0 69.9 
35.82 -1.00 -1.00 0 69.9 
35.92 -1.00 -1.00 0 69.9 
36.03 -1.00 -1.00 0 69.9 
36.11 -1.00 -1.00 0 69.9 
36.27 -1.00 -1.00 0 69.9 
36.36 -1.00 -1.00 0 70.0 
36.48 -1.00 -1.00 0 70.0 
36.57 -1.00 -1.00 0 70.0 
36.70 -1.00 -1.00 0 70.0 
36.78 -1.00 -1.00 0 70.0 
36.86 -1.00 -1.00 0 70.0 
36.93 -1.00 -1.00 0 70.0 
37.03 -1.00 -1.00 0 70.0 
37.12 -1.00 -1.00 0 70.0 
37.24 -1.00 -1.00 0 70.0 
37.33 -1.00 -1.00 0 70.6 
37.43 -1.00 -1.00 0 70.6 
37.51 -1.00 -1.00 0 70.6 
37.61 -1.00 -1.00 0 70.6 
37.72 -1.00 -1.00 0 70.6 
37.81 -1.00 -1.00 0 70.6 
37.91 -1.00 -1.00 0 70.6 
38.01 -1.00 -1.00 0 70.6 
38.08 -1.00 -1.00 0 70.6 
38.21 -1.00 -1.00 0 70.6 
38.31 -1.00 -1.00 0 71.0 
38.42 -1.00 -1.00 0 71.0 
38.51 -1.00 -1.00 0 71.0 
38.59 -1.00 -1.00 0 71.0 
38.68 -1.00 -1.00 0 71.0 
38.78 -1.00 -1.00 0 71.0 
38.88 -1.00 -1.00 0 71.0 
38.97 -1.00 -1.00 1 71.0 
39.08 -1.00 -1.00 1 71.0 
39.19 -1.00 -1.00 0 71.0 
39.28 -1.00 -1.00 0 71.0 
39.37 -1.00 -1.00 0 70.4 
39.46 -1.00 -1.00 0 70.4 
39.53 -1.00 -1.00 0 70.4 
39.62 -1.00 -1.00 0 70.4 
39.71 -1.00 -1.00 0 70.4 
39.78 -1.00 -1.00 0 70.4 
39.88 -1.00 -1.00 0 70.4 
39.98 -1.00 -1.00 0 70.4 
40.07 -1.00 -1.00 0 70.4 
40.16 -1.00 -1.00 0 70.4 
40.25 -1.00 -1.00 0 70.4 
40.35 -1.00 -1.00 0 70.8 
40.45 -1.00 -1.00 0 70.8 
40.54 -1.00 -1.00 0 70.8 
40.63 -1.00 -1.00 0 70.8 
40.72 -1.00 -1.00 0 70.8 
40.83 -1.00 -1.00 0 70.8 
40.92 -1.00 -1.00 0 70.8 
41.02 -1.00 -1.00 1 70.8 
41.13 -1.00 -1.00 1 70.8 
41.28 -1.00 -1.00 1 70.8 
41.39 -1.00 -1.00 0 71.0 
41.49 -1.00 -1.00 0 71.0 
41.58 -1.00 -1.00 0 71.0 
41.68 -1.00 -1.00 0 71.0 
41.78 -1.00 -1.00 0 71.0 
41.88 -1.00 -1.00 0 71.0 
41.99 -1.00 -1.00 0 71.0 
42.09 -1.00 -1.00 0 71.0 
42.23 -1.00 -1.00 0 71.0 
42.34 -1.00 -1.00 0 71.3 
42.44 -1.00 -1.00 0 71.3 
42.54 -1.00 -1.00 0 71.3 
42.63 -1.00 -1.00 0 71.3 
42.74 -1.00 -1.00 0 71.3 
42.82 -1.00 -1.00 0 71.3 
42.91 -1.00 -1.00 1 71.3 
43.02 -1.00 -1.00 0 71.3 
43.12 -1.00 -1.00 0 71.3 
43.22 -1.00 -1.00 0 71.3 
43.33 -1.00 -1.00 0 71.0 
43.43 -1.00 -1.00 0 71.0 
43.53 -1.00 -1.00 0 71.0 
43.63 -1.00 -1.00 0 71.0 
43.71 -1.00 -1.00 0 71.0 
43.81 -1.00 -1.00 0 71.0 
43.92 -1.00 -1.00 0 71.0 
44.02 -1.00 -1.00 0 71.0 
44.10 -1.00 -1.00 0 71.0 
44.23 -1.00 -1.00 0 71.0 
44.32 -1.00 -1.00 0 71.3 
44.43 -1.00 -1.00 0 71.3 
44.52 -1.00 -1.00 0 71.3 
44.60 -1.00 -1.00 0 71.3 
44.70 -1.00 -1.00 0 71.3 
44.90 -1.00 -1.00 0 71.3 
45.00 -1.00 -1.00 0 71.3 
45.08 -1.00 -1.00 0 71.3 
45.18 -1.00 -1.00 0 71.3 
45.29 -1.00 -1.00 0 71.3 
45.40 -1.00 -1.00 0 71.5 
45.48 -1.00 -1.00 0 71.5 
45.60 -1.00 -1.00 0 71.5 
45.69 -1.00 -1.00 0 71.5 
45.78 -1.00 -1.00 0 71.5 
45.92 -1.00 -1.00 0 71.5 
46.03 -1.00 -1.00 0 71.5 
46.11 -1.00 -1.00 0 71.5 
46.26 -1.00 -1.00 0 71.5 
46.36 -1.00 -1.00 0 71.7 
46.47 -1.00 -1.00 0 71.7 
46.59 -1.00 -1.00 0 71.7 
46.69 -1.00 -1.00 0 71.7 
46.80 -1.00 -1.00 0 71.7 
46.89 -1.00 -1.00 0 71.7 
47.00 -1.00 -1.00 0 71.7 
47.09 -1.00 -1.00 0 71.7 
47.23 -1.00 -1.00 0 71.7 
47.32 -1.00 -1.00 0 72.3 
47.42 -1.00 -1.00 0 72.3 
47.53 -1.00 -1.00 0 72.3 
47.63 -1.00 -1.00 0 72.3 
47.74 -1.00 -1.00 0 72.3 
47.85 -1.00 -1.00 0 72.3 
47.96 -1.00 -1.00 0 72.3 
48.07 -1.00 -1.00 0 72.3 
48.16 -1.00 -1.00 0 72.3 
48.32 -1.00 -1.00 0 72.3 
48.43 -1.00 -1.00 0 72.3 
48.52 -1.00 -1.00 0 72.3 
48.62 -1.00 -1.00 0 72.3 
48.73 -1.00 -1.00 0 72.3 
48.82 -1.00 -1.00 0 72.3 
48.95 -1.00 -1.00 0 72.3 
49.06 -1.00 -1.00 0 72.3 
49.20 -1.00 -1.00 0 72.3 
49.31 -1.00 -1.00 0 72.3 
49.42 -1.00 -1.00 0 72.3 
49.53 -1.00 -1.00 0 72.3 
49.64 -1.00 -1.00 0 72.3 
49.75 -1.00 -1.00 0 72.3 
49.87 -1.00 -1.00 1 72.3 
49.98 -1.00 -1.00 1 72.3 
50.09 -1.00 -1.00 1 72.3 
50.21 -1.00 -1.00 0 72.3 
50.32 -1.00 -1.00 1 72.3 
50.43 -1.00 -1.00 0 72.5 
50.53 -1.00 -1.00 0 72.5 
50.64 -1.00 -1.00 0 72.5 
50.76 -1.00 -1.00 0 72.5 
50.88 -1.00 -1.00 0 72.5 
50.97 -1.00 -1.00 0 72.5 
51.08 -1.00 -1.00 0 72.5 
51.19 -1.00 -1.00 0 72.5 
51.31 -1.00 -1.00 0 72.3 
51.42 -1.00 -1.00 0 72.3 
51.57 -1.00 -1.00 0 72.3 
51.67 -1.00 -1.00 0 72.3 
51.79 -1.00 -1.00 0 72.3 
51.89 -1.00 -1.00 0 72.3 
52.01 -1.00 -1.00 0 72.3 
52.14 -1.00 -1.00 0 72.3 
52.26 -1.00 -1.00 0 72.3 
52.39 -1.00 -1.00 0 72.7 
52.50 -1.00 -1.00 0 72.7 
52.63 -1.00 -1.00 0 72.7 
52.74 -1.00 -1.00 0 72.7 
52.84 -1.00 -1.00 0 72.7 
52.96 -1.00 -1.00 0 72.7 
53.07 -1.00 -1.00 0 72.7 
53.21 -1.00 -1.00 0 72.7 
53.33 -1.00 -1.00 0 72.6 
53.44 -1.00 -1.00 0 72.6 
53.56 -1.00 -1.00 0 72.6 
53.67 -1.00 -1.00 0 72.6 
53.79 -1.00 -1.00 0 72.6 
53.91 -1.00 -1.00 0 72.6 
54.03 -1.00 -1.00 0 72.6 
54.14 -1.00 -1.00 0 72.6 
54.29 -1.00 -1.00 0 72.6 
54.41 -1.00 -1.00 0 72.6 
54.53 -1.00 -1.00 0 72.6 
54.64 -1.00 -1.00 0 72.6 
54.91 -1.00 -1.00 0 72.6 
55.00 -1.00 -1.00 0 72.6 
55.12 -1.00 -1.00 0 72.6 
55.25 -1.00 -1.00 0 72.6 
55.38 -1.00 -1.00 0 72.3 
55.49 -1.00 -1.00 0 72.3 
55.60 -1.00 -1.00 0 72.3 
55.73 -1.00 -1.00 0 72.3 
55.84 -1.00 -1.00 0 72.3 
55.93 -1.00 -1.00 0 72.3 
56.07 -1.00 -1.00 0 72.3 
56.25 -1.00 -1.00 0 72.3 
56.39 -1.00 -1.00 0 72.4 
56.49 -1.00 -1.00 0 72.4 
56.61 -1.00 -1.00 0 72.4 
56.75 -1.00 -1.00 0 72.4 
56.89 -1.00 -1.00 0 72.4 
57.00 -1.00 -1.00 0 72.4 
57.12 -1.00 -1.00 0 72.4 
57.34 -1.00 -1.00 0 72.4 
57.45 -1.00 -1.00 0 72.1 
57.61 -1.00 -1.00 0 72.1 
57.72 -1.00 -1.00 0 72.1 
57.85 -1.00 -1.00 0 72.1 
57.98 -1.00 -1.00 0 72.1 
58.10 -1.00 -1.00 0 72.1 
58.24 -1.00 -1.00 0 72.1 
58.36 -1.00 -1.00 0 72.0 
58.48 -1.00 -1.00 0 72.0 
58.58 -1.00 -1.00 0 72.0 
58.69 -1.00 -1.00 0 72.0 
58.81 -1.00 -1.00 0 72.0 
58.96 -1.00 -1.00 0 72.0 
59.12 -1.00 -1.00 0 72.0 
59.27 -1.00 -1.00 0 72.0 
59.41 -1.00 -1.00 0 71.3 
59.53 -1.00 -1.00 0 71.3 
59.66 -1.00 -1.00 0 71.3 
59.78 -1.00 -1.00 0 71.3 
59.91 -1.00 -1.00 0 71.3 
60.04 -1.00 -1.00 0 71.3 
60.17 -1.00 -1.00 0 71.3 
60.32 -1.00 -1.00 0 71.3 
60.43 -1.00 -1.00 0 71.2 
60.56 -1.00 -1.00 0 71.2 
60.68 -1.00 -1.00 0 71.2 
60.80 -1.00 -1.00 0 71.2 
60.90 -1.00 -1.00 0 71.2 
61.04 -1.00 -1.00 0 71.2 
61.19 -1.00 -1.00 0 71.2 
61.32 -1.00 -1.00 0 71.3 
61.43 -1.00 -1.00 0 71.3 
61.56 -1.00 -1.00 0 71.3 
61.70 -1.00 -1.00 0 71.3 
61.82 -1.00 -1.00 0 71.3 
61.97 -1.00 -1.00 0 71.3 
62.10 -1.00 -1.00 0 71.3 
62.26 -1.00 -1.00 0 71.3 
62.40 -1.00 -1.00 0 71.1 
62.55 -1.00 -1.00 0 71.1 
62.68 -1.00 -1.00 0 71.1 
62.81 -1.00 -1.00 0 71.1 
62.94 -1.00 -1.00 0 71.1 
63.06 -1.00 -1.00 0 71.1 
63.20 -1.00 -1.00 0 71.1 
63.37 -1.00 -1.00 0 71.1 
63.50 -1.00 -1.00 0 70.1 
63.65 -1.00 -1.00 0 70.1 
63.82 -1.00 -1.00 0 70.1 
63.94 -1.00 -1.00 0 70.1 
64.08 -1.00 -1.00 0 70.1 
64.24 -1.00 -1.00 0 70.1 
64.39 -1.00 -1.00 0 71.0 
64.53 -1.00 -1.00 0 71.0 
64.66 -1.00 -1.00 0 71.0 
64.78 -1.00 -1.00 0 71.0 
64.92 -1.00 -1.00 0 71.0 
65.04 -1.00 -1.00 0 71.0 
65.20 -1.00 -1.00 0 71.0 
65.36 -1.00 -1.00 0 70.3 
65.49 -1.00 -1.00 0 70.3 
65.63 -1.00 -1.00 0 70.3 
65.77 -1.00 -1.00 0 70.3 
65.91 -1.00 -1.00 0 70.3 
66.03 -1.00 -1.00 0 70.3 
66.16 -1.00 -1.00 0 70.3 
66.33 -1.00 -1.00 0 70.3 
66.48 -1.00 -1.00 0 70.7 
66.59 -1.00 -1.00 0 70.7 
66.73 -1.00 -1.00 0 70.7 
66.85 -1.00 -1.00 0 70.7 
67.00 -1.00 -1.00 0 70.7 
67.13 -1.00 -1.00 0 70.7 
67.32 -1.00 -1.00 0 70.7 
67.43 -1.00 -1.00 0 70.6 
67.56 -1.00 -1.00 0 70.6 
67.70 -1.00 -1.00 0 70.6 
67.83 -1.00 -1.00 0 70.6 
67.98 -1.00 -1.00 0 70.6 
68.10 -1.00 -1.00 0 70.6 
68.28 -1.00 -1.00 0 70.6 
68.40 -1.00 -1.00 0 71.6 
68.54 -1.00 -1.00 0 71.6 
68.66 -1.00 -1.00 0 71.6 
68.80 -1.00 -1.00 0 71.6 
68.94 -1.00 -1.00 0 71.6 
69.06 -1.00 -1.00 0 71.6 
69.19 -1.00 -1.00 0 71.6 
69.35 -1.00 -1.00 0 70.6 
69.46 -1.00 -1.00 0 70.6 
69.60 -1.00 -1.00 0 70.6 
69.73 -1.00 -1.00 0 70.6 
69.88 -1.00 -1.00 0 70.6 
69.99 -1.00 -1.00 0 70.6 
70.13 -1.00 -1.00 0 70.6 
70.30 -1.00 -1.00 0 70.6 
70.45 -1.00 -1.00 0 70.8 
70.57 -1.00 -1.00 0 70.8 
70.70 -1.00 -1.00 0 70.8 
70.83 -1.00 -1.00 0 70.8 
70.97 -1.00 -1.00 0 70.8 
71.10 -1.00 -1.00 0 70.8 
71.23 -1.00 -1.00 0 70.8 
71.38 -1.00 -1.00 0 70.5 
71.50 -1.00 -1.00 0 70.5 
71.64 -1.00 -1.00 0 70.5 
71.77 -1.00 -1.00 0 70.5 
71.90 -1.00 -1.00 0 70.5 
72.05 -1.00 -1.00 0 70.5 
72.17 -1.00 -1.00 0 70.5 
72.30 -1.00 -1.00 0 70.5 
72.46 -1.00 -1.00 0 70.4 
72.59 -1.00 -1.00 0 70.4 
72.70 -1.00 -1.00 0 70.4 
72.82 -1.00 -1.00 0 70.4 
72.96 -1.00 -1.00 0 70.4 
73.11 -1.00 -1.00 0 70.4 
73.26 -1.00 -1.00 0 70.4 
73.39 -1.00 -1.00 0 70.8 
73.53 -1.00 -1.00 0 70.8 
73.67 -1.00 -1.00 0 70.8 
73.79 -1.00 -1.00 0 70.8 
73.93 -1.00 -1.00 0 70.8 
74.08 -1.00 -1.00 0 70.8 
74.22 -1.00 -1.00 0 70.8 
74.37 -1.00 -1.00 0 71.2 
74.50 -1.00 -1.00 0 71.2 
74.64 -1.00 -1.00 0 71.2 
74.77 -1.00 -1.00 0 71.2 
75.05 -1.00 -1.00 0 71.2 
75.16 -1.00 -1.00 0 71.2 
75.31 -1.00 -1.00 0 71.2 
75.43 -1.00 -1.00 0 70.9 
75.59 -1.00 -1.00 0 70.9 
75.73 -1.00 -1.00 0 70.9 
75.86 -1.00 -1.00 0 70.9 
76.01 -1.00 -1.00 0 70.9 
76.14 -1.00 -1.00 0 70.9 
76.31 -1.00 -1.00 0 70.9 
76.44 -1.00 -1.00 0 71.4 
76.59 -1.00 -1.00 0 71.4 
76.70 -1.00 -1.00 0 71.4 
76.82 -1.00 -1.00 0 71.4 
76.95 -1.00 -1.00 0 71.4 
77.10 -1.00 -1.00 0 71.4 
77.28 -1.00 -1.00 0 71.4 
77.40 -1.00 -1.00 0 70.4 
77.53 -1.00 -1.00 0 70.4 
77.68 -1.00 -1.00 0 70.4 
77.82 -1.00 -1.00 0 70.4 
77.94 -1.00 -1.00 0 70.4 
78.08 -1.00 -1.00 0 70.4 
78.27 -1.00 -1.00 0 70.4 
78.40 -1.00 -1.00 0 71.2 
78.53 -1.00 -1.00 0 71.2 
78.66 -1.00 -1.00 0 71.2 
78.79 -1.00 -1.00 0 71.2 
78.94 -1.00 -1.00 0 71.2 
79.06 -1.00 -1.00 0 71.2 
79.24 -1.00 -1.00 0 71.2 
79.39 -1.00 -1.00 0 70.6 
79.52 -1.00 -1.00 0 70.6 
79.65 -1.00 -1.00 0 70.6 
79.81 -1.00 -1.00 0 70.6 
79.96 -1.00 -1.00 0 70.6 
80.10 -1.00 -1.00 0 70.6 
80.25 -1.00 -1.00 0 70.6 
80.40 -1.00 -1.00 0 70.2 
80.51 -1.00 -1.00 0 70.2 
80.66 -1.00 -1.00 0 70.2 
80.77 -1.00 -1.00 0 70.2 
80.90 -1.00 -1.00 0 70.2 
81.06 -1.00 -1.00 0 70.2 
81.24 -1.00 -1.00 0 70.2 
81.37 -1.00 -1.00 0 70.3 
81.47 -1.00 -1.00 0 70.3 
81.61 -1.00 -1.00 0 70.3 
81.74 -1.00 -1.00 0 70.3 
81.88 -1.00 -1.00 0 70.3 
82.04 -1.00 -1.00 0 70.3 
82.17 -1.00 -1.00 0 70.3 
82.36 -1.00 -1.00 0 70.3 
82.49 -1.00 -1.00 0 71.1 
82.65 -1.00 -1.00 0 71.1 
82.77 -1.00 -1.00 0 71.1 
82.91 -1.00 -1.00 0 71.1 
83.03 -1.00 -1.00 0 71.1 
83.18 -1.00 -1.00 0 71.1 
83.35 -1.00 -1.00 0 71.1 
83.49 -1.00 -1.00 0 70.6 
83.64 -1.00 -1.00 0 70.6 
83.77 -1.00 -1.00 0 70.6 
83.88 -1.00 -1.00 0 70.6 
84.03 -1.00 -1.00 0 70.6 
84.15 -1.00 -1.00 0 70.6 
84.31 -1.00 -1.00 0 70.6 
84.47 -1.00 -1.00 0 70.3 
84.61 -1.00 -1.00 0 70.3 
84.93 -1.00 -1.00 0 70.3 
85.08 -1.00 -1.00 0 70.3 
85.23 -1.00 -1.00 1 70.3 
85.38 -1.00 -1.00 1 69.7 
85.52 -1.00 -1.00 0 69.7 
85.67 -1.00 -1.00 1 69.7 
85.84 -1.00 -1.00 0 69.7 
85.98 -1.00 -1.00 0 69.7 
86.11 -1.00 -1.00 0 69.7 
86.28 -1.00 -1.00 0 69.7 
86.46 -1.00 -1.00 0 69.4 
86.57 -1.00 -1.00 0 69.4 
86.69 -1.00 -1.00 0 69.4 
86.82 -1.00 -1.00 0 69.4 
86.94 -1.00 -1.00 0 69.4 
87.11 -1.00 -1.00 0 69.4 
87.27 -1.00 -1.00 0 69.4 
87.40 -1.00 -1.00 0 70.5 
87.54 -1.00 -1.00 0 70.5 
87.67 -1.00 -1.00 0 70.5 
87.80 -1.00 -1.00 0 70.5 
87.92 -1.00 -1.00 0 70.5 
88.05 -1.00 -1.00 0 70.5 
88.18 -1.00 -1.00 0 70.5 
88.35 -1.00 -1.00 0 70.5 
88.47 -1.00 -1.00 0 70.0 
88.61 -1.00 -1.00 0 70.0 
88.74 -1.00 -1.00 0 70.0 
88.88 -1.00 -1.00 0 70.0 
89.03 -1.00 -1.00 0 70.0 
89.13 -1.00 -1.00 0 70.0 
89.26 -1.00 -1.00 0 70.0 
89.41 -1.00 -1.00 0 69.6 
89.54 -1.00 -1.00 0 69.6 
89.68 -1.00 -1.00 0 69.6 
89.82 -1.00 -1.00 0 69.6 
89.94 -1.00 -1.00 0 69.6 
90.07 -1.00 -1.00 0 69.6 
90.23 -1.00 -1.00 0 69.6 
90.37 -1.00 -1.00 0 70.6 
90.51 -1.00 -1.00 0 70.6 
90.68 -1.00 -1.00 0 70.6 
90.84 -1.00 -1.00 0 70.6 
90.98 -1.00 -1.00 0 70.6 
91.12 -1.00 -1.00 0 70.6 
91.26 -1.00 -1.00 0 70.6 
91.40 -1.00 -1.00 0 71.4 
91.51 -1.00 -1.00 0 71.4 
91.66 -1.00 -1.00 0 71.4 
91.79 -1.00 -1.00 0 71.4 
91.92 -1.00 -1.00 0 71.4 
92.07 -1.00 -1.00 0 71.4 
92.22 -1.00 -1.00 0 71.4 
92.35 -1.00 -1.00 0 71.7 
92.45 -1.00 -1.00 0 71.7 
92.59 -1.00 -1.00 0 71.7 
92.72 -1.00 -1.00 0 71.7 
92.86 -1.00 -1.00 0 71.7 
92.98 -1.00 -1.00 0 71.7 
93.10 -1.00 -1.00 0 71.7 
93.24 -1.00 -1.00 0 71.7 
93.36 -1.00 -1.00 0 72.7 
93.51 -1.00 -1.00 0 72.7 
93.64 -1.00 -1.00 0 72.7 
93.76 -1.00 -1.00 0 72.7 
93.89 -1.00 -1.00 0 72.7 
94.01 -1.00 -1.00 0 72.7 
94.15 -1.00 -1.00 0 72.7 
94.27 -1.00 -1.00 0 72.7 
94.42 -1.00 -1.00 0 72.1 
94.54 -1.00 -1.00 0 72.1 
94.67 -1.00 -1.00 0 72.1 
94.83 -1.00 -1.00 0 72.1 
94.98 -1.00 -1.00 0 72.1 
95.12 -1.00 -1.00 0 72.1 
95.28 -1.00 -1.00 0 72.1 
95.42 -1.00 -1.00 0 71.9 
95.57 -1.00 -1.00 0 71.9 
95.71 -1.00 -1.00 0 71.9 
95.85 -1.00 -1.00 0 71.9 
95.96 -1.00 -1.00 0 71.9 
96.10 -1.00 -1.00 0 71.9 
96.22 -1.00 -1.00 0 71.9 
96.38 -1.00 -1.00 0 72.5 
96.52 -1.00 -1.00 0 72.5 
96.68 -1.00 -1.00 0 72.5 
96.81 -1.00 -1.00 0 72.5 
96.92 -1.00 -1.00 0 72.5 
97.07 -1.00 -1.00 0 72.5 
97.19 -1.00 -1.00 0 72.5 
97.39 -1.00 -1.00 0 72.5 
97.53 -1.00 -1.00 0 72.3 
97.67 -1.00 -1.00 0 72.3 
97.81 -1.00 -1.00 0 72.3 
97.96 -1.00 -1.00 0 72.3 
98.11 -1.00 -1.00 0 72.3 
98.27 -1.00 -1.00 0 72.3 
98.37 -1.00 -1.00 0 72.2 
98.49 -1.00 -1.00 0 72.2 
98.65 -1.00 -1.00 0 72.2 
98.78 -1.00 -1.00 0 72.2 
98.92 -1.00 -1.00 0 72.2 
99.04 -1.00 -1.00 0 72.2 
99.18 -1.00 -1.00 0 72.2 
99.35 -1.00 -1.00 0 72.2 
99.50 -1.00 -1.00 0 71.6 
99.64 -1.00 -1.00 0 71.6 
99.78 -1.00 -1.00 0 71.6 
99.95 -1.00 -1.00 0 71.6 
100.11 -1.00 -1.00 0 71.6 
100.29 -1.00 -1.00 0 71.6 
100.41 -1.00 -1.00 0 72.1 
100.55 -1.00 -1.00 0 72.1 
100.68 -1.00 -1.00 0 72.1 
100.83 -1.00 -1.00 0 72.1 
100.95 -1.00 -1.00 0 72.1 
101.08 -1.00 -1.00 0 72.1 
101.26 -1.00 -1.00 0 72.1 
101.39 -1.00 -1.00 0 72.4 
101.53 -1.00 -1.00 0 72.4 
101.65 -1.00 -1.00 0 72.4 
101.80 -1.00 -1.00 0 72.4 
101.91 -1.00 -1.00 0 72.4 
102.06 -1.00 -1.00 0 72.4 
102.19 -1.00 -1.00 0 72.4 
102.33 -1.00 -1.00 0 72.5 
102.45 -1.00 -1.00 0 72.5 
102.57 -1.00 -1.00 0 72.5 
102.71 -1.00 -1.00 0 72.5 
102.84 -1.00 -1.00 0 72.5 
102.95 -1.00 -1.00 0 72.5 
103.07 -1.00 -1.00 0 72.5 
103.24 -1.00 -1.00 0 72.5 
103.36 -1.00 -1.00 0 72.6 
103.47 -1.00 -1.00 0 72.6 
103.60 -1.00 -1.00 0 72.6 
103.71 -1.00 -1.00 0 72.6 
103.84 -1.00 -1.00 0 72.6 
103.94 -1.00 -1.00 0 72.6 
104.07 -1.00 -1.00 0 72.6 
104.18 -1.00 -1.00 0 72.6 
104.34 -1.00 -1.00 0 72.6 
104.46 -1.00 -1.00 0 72.3 
104.59 -1.00 -1.00 0 72.3 
104.87 -1.00 -1.00 0 72.3 
105.01 -1.00 -1.00 0 72.3 
105.15 -1.00 -1.00 0 72.3 
105.32 -1.00 -1.00 0 72.3 
105.46 -1.00 -1.00 0 73.7 
105.60 -1.00 -1.00 0 73.7 
105.74 -1.00 -1.00 0 73.7 
105.87 -1.00 -1.00 0 73.7 
106.01 -1.00 -1.00 0 73.7 
106.14 -1.00 -1.00 0 73.7 
106.29 -1.00 -1.00 0 73.7 
106.41 -1.00 -1.00 0 73.3 
106.58 -1.00 -1.00 0 73.3 
106.70 -1.00 -1.00 0 73.3 
106.82 -1.00 -1.00 0 73.3 
106.94 -1.00 -1.00 0 73.3 
107.08 -1.00 -1.00 0 73.3 
107.28 -1.00 -1.00 0 73.3 
107.40 -1.00 -1.00 0 74.0 
107.54 -1.00 -1.00 0 74.0 
107.67 -1.00 -1.00 0 74.0 
107.79 -1.00 -1.00 0 74.0 
107.90 -1.00 -1.00 0 74.0 
108.00 -1.00 -1.00 0 74.0 
108.12 -1.00 -1.00 0 74.0 
108.28 -1.00 -1.00 0 74.0 
108.39 -1.00 -1.00 0 74.6 
108.51 -1.00 -1.00 0 74.6 
108.65 -1.00 -1.00 0 74.6 
108.78 -1.00 -1.00 0 74.6 
108.93 -1.00 -1.00 0 74.6 
109.04 -1.00 -1.00 0 74.6 
109.22 -1.00 -1.00 0 74.6 
109.34 -1.00 -1.00 0 75.3 
109.48 -1.00 -1.00 0 75.3 
109.61 -1.00 -1.00 0 75.3 
109.74 -1.00 -1.00 0 75.3 
109.85 -1.00 -1.00 0 75.3 
109.98 -1.00 -1.00 0 75.3 
110.11 -1.00 -1.00 0 75.3 
110.28 -1.00 -1.00 0 75.3 
110.40 -1.00 -1.00 0 75.7 
110.51 -1.00 -1.00 0 75.7 
110.65 -1.00 -1.00 0 75.7 
110.78 -1.00 -1.00 0 75.7 
110.90 -1.00 -1.00 0 75.7 
111.01 -1.00 -1.00 0 75.7 
111.13 -1.00 -1.00 0 75.7 
111.24 -1.00 -1.00 0 75.7 
111.39 -1.00 -1.00 0 75.7 
111.55 -1.00 -1.00 0 75.2 
111.66 -1.00 -1.00 0 75.2 
111.78 -1.00 -1.00 0 75.2 
111.88 -1.00 -1.00 0 75.2 
112.01 -1.00 -1.00 0 75.2 
112.12 -1.00 -1.00 0 75.2 
112.28 -1.00 -1.00 0 75.2 
112.40 -1.00 -1.00 0 76.0 
112.51 -1.00 -1.00 0 76.0 
112.63 -1.00 -1.00 0 76.0 
112.74 -1.00 -1.00 0 76.0 
112.84 -1.00 -1.00 0 76.0 
112.95 -1.00 -1.00 0 76.0 
113.06 -1.00 -1.00 0 76.0 
113.23 -1.00 -1.00 0 76.0 
113.35 -1.00 -1.00 0 75.6 
113.47 -1.00 -1.00 0 75.6 
113.57 -1.00 -1.00 0 75.6 
113.69 -1.00 -1.00 0 75.6 
113.81 -1.00 -1.00 0 75.6 
113.93 -1.00 -1.00 0 75.6 
114.04 -1.00 -1.00 0 75.6 
114.20 -1.00 -1.00 0 75.6 
114.31 -1.00 -1.00 0 75.3 
114.42 -1.00 -1.00 0 75.3 
114.54 -1.00 -1.00 0 75.3 
114.67 -1.00 -1.00 0 75.3 
114.81 -1.00 -1.00 0 75.3 
114.92 -1.00 -1.00 0 75.3 
115.05 -1.00 -1.00 0 75.3 
115.19 -1.00 -1.00 0 75.3 
115.33 -1.00 -1.00 0 75.3 
115.44 -1.00 -1.00 0 75.3 
115.54 -1.00 -1.00 0 75.3 
115.67 -1.00 -1.00 0 75.3 
115.81 -1.00 -1.00 0 75.3 
115.91 -1.00 -1.00 0 75.3 
116.03 -1.00 -1.00 0 75.3 
116.14 -1.00 -1.00 0 75.3 
116.31 -1.00 -1.00 0 75.3 
116.40 -1.00 -1.00 0 75.2 
116.54 -1.00 -1.00 0 75.2 
116.64 -1.00 -1.00 0 75.2 
116.77 -1.00 -1.00 0 75.2 
116.89 -1.00 -1.00 0 75.2 
117.01 -1.00 -1.00 0 75.2 
117.13 -1.00 -1.00 0 75.2 
117.31 -1.00 -1.00 0 75.2 
117.41 -1.00 -1.00 0 75.1 
117.53 -1.00 -1.00 0 75.1 
117.66 -1.00 -1.00 0 75.1 
117.79 -1.00 -1.00 0 75.1 
117.91 -1.00 -1.00 0 75.1 
118.02 -1.00 -1.00 0 75.1 
118.14 -1.00 -1.00 0 75.1 
118.27 -1.00 -1.00 0 75.1 
118.38 -1.00 -1.00 0 75.0 
118.50 -1.00 -1.00 0 75.0 
118.61 -1.00 -1.00 0 75.0 
118.73 -1.00 -1.00 0 75.0 
118.85 -1.00 -1.00 0 75.0 
118.97 -1.00 -1.00 0 75.0 
119.09 -1.00 -1.00 0 75.0 
119.22 -1.00 -1.00 0 75.0 
119.34 -1.00 -1.00 0 75.1 
119.46 -1.00 -1.00 0 75.1 
119.58 -1.00 -1.00 0 75.1 
119.69 -1.00 -1.00 0 75.1 
119.81 -1.00 -1.00 0 75.1 
119.93 -1.00 -1.00 0 75.1 
120.05 -1.00 -1.00 0 75.1 
120.15 -1.00 -1.00 0 75.1 
120.30 -1.00 -1.00 0 75.1 
120.40 -1.00 -1.00 0 74.9 
120.52 -1.00 -1.00 0 74.9 
120.63 -1.00 -1.00 0 74.9 
120.76 -1.00 -1.00 0 74.9 
120.87 -1.00 -1.00 0 74.9 
120.98 -1.00 -1.00 0 74.9 
121.09 -1.00 -1.00 0 74.9 
121.19 -1.00 -1.00 0 74.9 
121.32 -1.00 -1.00 0 74.9 
121.44 -1.00 -1.00 0 75.0 
121.54 67.29 3.23 1 75.0 
121.64 67.13 3.22 1 75.0 
121.74 66.98 3.21 1 75.0 
121.85 -1.00 -1.00 1 75.0 
121.97 -1.00 -1.00 0 75.0 
122.10 100.94 4.84 1 75.0 
122.23 100.79 4.84 1 75.0 
122.36 100.16 4.79 1 75.2 
122.51 98.71 4.73 1 75.2 
122.62 98.17 4.70 2 75.2 
122.76 97.08 4.65 2 75.2 
122.90 96.64 4.63 1 75.2 
123.04 -1.00 -1.00 0 75.2 
123.15 -1.00 -1.00 1 75.2 
123.32 -1.00 -1.00 1 75.2 
123.42 -1.00 -1.00 0 75.0 
123.51 -1.00 -1.00 0 75.0 
123.63 -1.00 -1.00 0 75.0 
123.76 -1.00 -1.00 0 75.0 
123.86 -1.00 -1.00 0 75.0 
123.98 -1.00 -1.00 0 75.0 
124.08 -1.00 -1.00 0 75.0 
124.23 -1.00 -1.00 0 75.0 
124.36 -1.00 -1.00 0 75.1 
124.50 -1.00 -1.00 0 75.1 
124.63 -1.00 -1.00 0 75.1 
124.75 -1.00 -1.00 0 75.1 
124.99 -1.00 -1.00 0 75.1 
125.11 -1.00 -1.00 0 75.1 
125.23 -1.00 -1.00 0 75.1 
125.36 -1.00 -1.00 0 75.3 
125.48 -1.00 -1.00 0 75.3 
125.61 -1.00 -1.00 0 75.3 
125.71 -1.00 -1.00 0 75.3 
125.84 -1.00 -1.00 0 75.3 
125.94 -1.00 -1.00 0 75.3 
126.04 -1.00 -1.00 0 75.3 
126.20 -1.00 -1.00 0 75.3 
126.32 -1.00 -1.00 0 75.1 
126.45 -1.00 -1.00 0 75.1 
126.55 -1.00 -1.00 0 75.1 
126.68 -1.00 -1.00 0 75.1 
126.78 -1.00 -1.00 0 75.1 
126.92 -1.00 -1.00 0 75.1 
127.05 -1.00 -1.00 0 75.1 
127.15 -1.00 -1.00 0 75.1 
127.32 -1.00 -1.00 0 75.1 
127.43 -1.00 -1.00 0 76.0 
127.56 -1.00 -1.00 0 76.0 
127.68 -1.00 -1.00 0 76.0 
127.84 -1.00 -1.00 0 76.0 
127.95 -1.00 -1.00 0 76.0 
128.09 -1.00 -1.00 0 76.0 
128.20 -1.00 -1.00 0 76.0 
128.37 -1.00 -1.00 0 76.0 
128.48 -1.00 -1.00 0 75.9 
128.57 -1.00 -1.00 0 75.9 
128.69 -1.00 -1.00 0 75.9 
128.81 -1.00 -1.00 0 75.9 
128.94 -1.00 -1.00 0 75.9 
129.08 -1.00 -1.00 0 75.9 
129.20 -1.00 -1.00 0 75.9 
129.34 -1.00 -1.00 0 75.4 
129.45 -1.00 -1.00 0 75.4 
129.56 -1.00 -1.00 0 75.4 
129.66 -1.00 -1.00 0 75.4 
129.78 -1.00 -1.00 0 75.4 
129.91 -1.00 -1.00 0 75.4 
130.03 -1.00 -1.00 0 75.4 
130.14 -1.00 -1.00 0 75.4 
130.27 -1.00 -1.00 0 75.4 
130.38 -1.00 -1.00 1 75.3 
130.51 -1.00 -1.00 1 75.3 
130.62 -1.00 -1.00 1 75.3 
130.77 -1.00 -1.00 1 75.3 
130.91 -1.00 -1.00 1 75.3 
131.06 -1.00 -1.00 0 75.3 
131.16 -1.00 -1.00 0 75.3 
131.30 -1.00 -1.00 0 75.3 
131.42 -1.00 -1.00 0 76.4 
131.54 -1.00 -1.00 0 76.4 
131.65 -1.00 -1.00 0 76.4 
131.78 -1.00 -1.00 0 76.4 
131.92 -1.00 -1.00 0 76.4 
132.03 -1.00 -1.00 0 76.4 
132.15 -1.00 -1.00 0 76.4 
132.30 -1.00 -1.00 0 76.4 
132.40 -1.00 -1.00 0 75.8 
132.51 -1.00 -1.00 0 75.8 
132.64 -1.00 -1.00 0 75.8 
132.76 -1.00 -1.00 0 75.8 
132.90 -1.00 -1.00 0 75.8 
133.03 -1.00 -1.00 0 75.8 
133.19 -1.00 -1.00 0 75.8 
133.34 -1.00 -1.00 0 74.7 
133.46 -1.00 -1.00 0 74.7 
133.61 -1.00 -1.00 0 74.7 
133.74 -1.00 -1.00 0 74.7 
133.89 -1.00 -1.00 0 74.7 
133.99 -1.00 -1.00 0 74.7 
134.12 -1.00 -1.00 0 74.7 
134.29 -1.00 -1.00 0 74.7 
134.42 -1.00 -1.00 0 76.2 
134.55 -1.00 -1.00 0 76.2 
134.70 -1.00 -1.00 0 76.2 
134.99 -1.00 -1.00 0 76.2 
135.12 -1.00 -1.00 0 76.2 
135.28 -1.00 -1.00 0 76.2 
135.42 -1.00 -1.00 0 76.1 
135.54 -1.00 -1.00 0 76.1 
135.68 -1.00 -1.00 0 76.1 
135.80 -1.00 -1.00 0 76.1 
135.92 -1.00 -1.00 0 76.1 
136.05 -1.00 -1.00 0 76.1 
136.16 -1.00 -1.00 0 76.1 
136.31 -1.00 -1.00 0 76.1 
136.42 -1.00 -1.00 0 76.0 
136.56 -1.00 -1.00 1 76.0 
136.66 -1.00 -1.00 0 76.0 
136.78 -1.00 -1.00 1 76.0 
136.91 -1.00 -1.00 0 76.0 
137.03 -1.00 -1.00 0 76.0 
137.13 -1.00 -1.00 0 76.0 
137.25 -1.00 -1.00 0 76.0 
137.38 -1.00 -1.00 0 75.8 
137.49 -1.00 -1.00 0 75.8 
137.62 -1.00 -1.00 0 75.8 
137.74 -1.00 -1.00 0 75.8 
137.87 -1.00 -1.00 0 75.8 
137.99 -1.00 -1.00 0 75.8 
138.08 -1.00 -1.00 0 75.8 
138.23 -1.00 -1.00 0 75.8 
138.35 -1.00 -1.00 0 76.0 
138.46 -1.00 -1.00 0 76.0 
138.57 -1.00 -1.00 0 76.0 
138.68 -1.00 -1.00 0 76.0 
138.80 -1.00 -1.00 1 76.0 
138.93 -1.00 -1.00 0 76.0 
139.04 75.70 3.58 1 76.0 
139.23 -1.00 -1.00 1 76.0 
139.36 -1.00 -1.00 0 75.5 
139.51 -1.00 -1.00 0 75.5 
139.64 -1.00 -1.00 0 75.5 
139.78 -1.00 -1.00 0 75.5 
139.92 -1.00 -1.00 0 75.5 
140.04 -1.00 -1.00 0 75.5 
140.21 -1.00 -1.00 0 75.5 
140.33 -1.00 -1.00 0 75.6 
140.46 -1.00 -1.00 0 75.6 
140.57 -1.00 -1.00 0 75.6 
140.73 -1.00 -1.00 0 75.6 
140.87 -1.00 -1.00 0 75.6 
141.02 -1.00 -1.00 0 75.6 
141.17 -1.00 -1.00 0 75.6 
141.31 -1.00 -1.00 0 75.6 
141.47 -1.00 -1.00 0 75.8 
141.61 -1.00 -1.00 0 75.8 
141.74 -1.00 -1.00 0 75.8 
141.88 -1.00 -1.00 0 75.8 
142.02 -1.00 -1.00 0 75.8 
142.14 -1.00 -1.00 0 75.8 
142.27 -1.00 -1.00 0 75.8 
142.40 -1.00 -1.00 0 76.1 
142.55 -1.00 -1.00 0 76.1 
142.67 -1.00 -1.00 0 76.1 
142.82 -1.00 -1.00 0 76.1 
142.97 -1.00 -1.00 0 76.1 
143.10 -1.00 -1.00 0 76.1 
143.28 -1.00 -1.00 0 76.1 
143.41 -1.00 -1.00 0 75.4 
143.54 -1.00 -1.00 0 75.4 
143.70 -1.00 -1.00 0 75.4 
143.84 -1.00 -1.00 0 75.4 
143.98 -1.00 -1.00 0 75.4 
144.11 -1.00 -1.00 0 75.4 
144.31 -1.00 -1.00 0 75.4 
144.47 -1.00 -1.00 0 75.8 
144.62 -1.00 -1.00 0 75.8 
144.74 -1.00 -1.00 0 75.8 
144.88 -1.00 -1.00 0 75.8 
145.01 -1.00 -1.00 0 75.8 
145.19 -1.00 -1.00 0 75.8 
145.34 -1.00 -1.00 0 76.0 
145.48 -1.00 -1.00 0 76.0 
145.60 -1.00 -1.00 0 76.0 
145.75 -1.00 -1.00 0 76.0 
145.90 -1.00 -1.00 0 76.0 
146.02 -1.00 -1.00 0 76.0 
146.13 -1.00 -1.00 0 76.0 
146.27 -1.00 -1.00 0 76.0 
146.42 -1.00 -1.00 0 75.5 
146.54 -1.00 -1.00 0 75.5 
146.64 -1.00 -1.00 0 75.5 
146.82 -1.00 -1.00 0 75.5 
146.95 -1.00 -1.00 0 75.5 
147.08 -1.00 -1.00 0 75.5 
147.25 -1.00 -1.00 0 75.5 
147.37 -1.00 -1.00 0 76.1 
147.52 -1.00 -1.00 0 76.1 
147.63 -1.00 -1.00 0 76.1 
147.74 -1.00 -1.00 0 76.1 
147.85 -1.00 -1.00 0 76.1 
148.00 -1.00 -1.00 0 76.1 
148.12 -1.00 -1.00 0 76.1 
148.28 -1.00 -1.00 0 76.1 
148.43 -1.00 -1.00 0 75.4 
148.55 -1.00 -1.00 0 75.4 
148.68 -1.00 -1.00 0 75.4 
148.83 -1.00 -1.00 0 75.4 
148.96 -1.00 -1.00 0 75.4 
149.06 -1.00 -1.00 0 75.4 
149.24 -1.00 -1.00 0 75.4 
149.40 -1.00 -1.00 0 75.1 
149.52 -1.00 -1.00 0 75.1 
149.65 -1.00 -1.00 0 75.1 
149.78 -1.00 -1.00 0 75.1 
149.90 -1.00 -1.00 0 75.1 
150.01 -1.00 -1.00 0 75.1 
150.20 -1.00 -1.00 0 75.1 
150.32 -1.00 -1.00 0 74.5 
150.44 -1.00 -1.00 0 74.5 
150.57 -1.00 -1.00 0 74.5 
150.68 -1.00 -1.00 0 74.5 
150.82 -1.00 -1.00 0 74.5 
150.96 -1.00 -1.00 0 74.5 
151.10 -1.00 -1.00 0 74.5 
151.24 -1.00 -1.00 0 74.5 
151.38 -1.00 -1.00 0 75.0 
151.50 -1.00 -1.00 0 75.0 
151.65 -1.00 -1.00 0 75.0 
151.77 -1.00 -1.00 0 75.0 
151.90 -1.00 -1.00 0 75.0 
152.01 -1.00 -1.00 0 75.0 
152.16 -1.00 -1.00 0 75.0 
152.31 -1.00 -1.00 0 75.0 
152.42 -1.00 -1.00 0 75.0 
152.56 -1.00 -1.00 0 75.0 
152.67 -1.00 -1.00 0 75.0 
152.81 -1.00 -1.00 0 75.0 
152.94 -1.00 -1.00 0 75.0 
153.07 -1.00 -1.00 0 75.0 
153.21 -1.00 -1.00 0 75.0 
153.36 -1.00 -1.00 0 75.0 
153.49 -1.00 -1.00 0 75.5 
153.62 -1.00 -1.00 0 75.5 
153.76 -1.00 -1.00 0 75.5 
153.87 -1.00 -1.00 0 75.5 
153.99 -1.00 -1.00 0 75.5 
154.10 -1.00 -1.00 0 75.5 
154.26 -1.00 -1.00 0 75.5 
154.37 -1.00 -1.00 0 75.6 
154.50 -1.00 -1.00 0 75.6 
154.64 -1.00 -1.00 0 75.6 
154.75 -1.00 -1.00 0 75.6 
154.91 -1.00 -1.00 0 75.6 
155.07 -1.00 -1.00 0 75.6 
155.23 -1.00 -1.00 0 75.6 
155.35 -1.00 -1.00 0 75.9 
155.49 -1.00 -1.00 0 75.9 
155.62 -1.00 -1.00 0 75.9 
155.76 -1.00 -1.00 0 75.9 
155.87 -1.00 -1.00 0 75.9 
156.01 -1.00 -1.00 0 75.9 
156.15 -1.00 -1.00 0 75.9 
156.33 -1.00 -1.00 0 75.9 
156.44 -1.00 -1.00 0 75.7 
156.58 -1.00 -1.00 0 75.7 
156.72 -1.00 -1.00 0 75.7 
156.87 -1.00 -1.00 0 75.7 
157.00 -1.00 -1.00 0 75.7 
157.12 -1.00 -1.00 0 75.7 
157.31 -1.00 -1.00 0 75.7 
157.42 -1.00 -1.00 0 75.4 
157.58 -1.00 -1.00 0 75.4 
157.73 -1.00 -1.00 0 75.4 
157.89 -1.00 -1.00 0 75.4 
158.04 -1.00 -1.00 0 75.4 
158.24 -1.00 -1.00 0 75.4 
158.39 -1.00 -1.00 0 76.5 
158.52 -1.00 -1.00 0 76.5 
158.66 -1.00 -1.00 0 76.5 
158.82 -1.00 -1.00 0 76.5 
158.96 -1.00 -1.00 0 76.5 
159.09 -1.00 -1.00 0 76.5 
159.28 -1.00 -1.00 0 76.5 
159.42 -1.00 -1.00 0 76.4 
159.57 -1.00 -1.00 0 76.4 
159.70 -1.00 -1.00 0 76.4 
159.85 -1.00 -1.00 0 76.4 
159.99 -1.00 -1.00 0 76.4 
160.11 -1.00 -1.00 1 76.4 
160.30 -1.00 -1.00 0 76.4 
160.46 -1.00 -1.00 0 76.5 
160.61 -1.00 -1.00 0 76.5 
160.76 -1.00 -1.00 0 76.5 
160.92 -1.00 -1.00 0 76.5 
161.05 -1.00 -1.00 0 76.5 
161.22 -1.00 -1.00 0 76.5 
161.37 -1.00 -1.00 0 76.8 
161.53 -1.00 -1.00 0 76.8 
161.66 -1.00 -1.00 0 76.8 
161.83 -1.00 -1.00 0 76.8 
161.97 -1.00 -1.00 0 76.8 
162.13 -1.00 -1.00 0 76.8 
162.28 -1.00 -1.00 0 76.8 
162.43 -1.00 -1.00 0 76.9 
162.60 -1.00 -1.00 0 76.9 
162.72 -1.00 -1.00 0 76.9 
162.89 -1.00 -1.00 0 76.9 
163.02 -1.00 -1.00 0 76.9 
163.18 -1.00 -1.00 0 76.9 
163.37 -1.00 -1.00 0 76.9 
163.48 -1.00 -1.00 0 77.1 
163.63 -1.00 -1.00 0 77.1 
163.76 -1.00 -1.00 0 77.1 
163.90 -1.00 -1.00 0 77.1 
164.02 -1.00 -1.00 0 77.1 
164.20 -1.00 -1.00 0 77.1 
164.36 -1.00 -1.00 0 77.2 
164.52 -1.00 -1.00 0 77.2 
164.67 -1.00 -1.00 0 77.2 
164.82 -1.00 -1.00 0 77.2 
164.99 -1.00 -1.00 0 77.2 
165.14 -1.00 -1.00 0 77.2 
165.30 -1.00 -1.00 0 77.2 
165.43 -1.00 -1.00 0 77.7 
165.59 -1.00 -1.00 0 77.7 
165.73 -1.00 -1.00 0 77.7 
165.90 -1.00 -1.00 0 77.7 
166.02 -1.00 -1.00 0 77.7 
166.23 151.41 7.02 2 77.7 
166.38 151.02 6.98 2 77.9 
166.56 150.32 6.94 1 77.9 
166.72 149.00 6.88 1 77.9 
166.86 -1.00 -1.00 0 77.9 
167.00 -1.00 -1.00 1 77.9 
167.13 -1.00 -1.00 1 77.9 
167.26 -1.00 -1.00 0 77.9 
167.37 -1.00 -1.00 0 77.9 
167.48 -1.00 -1.00 0 77.9 
167.64 -1.00 -1.00 0 77.9 
167.75 -1.00 -1.00 0 77.9 
167.91 -1.00 -1.00 0 77.9 
168.02 -1.00 -1.00 0 77.9 
168.16 -1.00 -1.00 0 77.9 
168.35 -1.00 -1.00 0 77.9 
168.53 -1.00 -1.00 0 79.1 
168.65 -1.00 -1.00 0 79.1 
168.78 -1.00 -1.00 0 79.1 
168.93 -1.00 -1.00 0 79.1 
169.06 -1.00 -1.00 0 79.1 
169.22 -1.00 -1.00 0 79.1 
169.37 -1.00 -1.00 0 79.0 
169.48 -1.00 -1.00 0 79.0 
169.62 -1.00 -1.00 0 79.0 
169.80 -1.00 -1.00 0 79.0 
169.92 -1.00 -1.00 0 79.0 
170.06 -1.00 -1.00 0 79.0 
170.22 -1.00 -1.00 0 79.0 
170.33 -1.00 -1.00 0 79.3 
170.48 -1.00 -1.00 0 79.3 
170.63 -1.00 -1.00 0 79.3 
170.79 -1.00 -1.00 0 79.3 
170.94 -1.00 -1.00 0 79.3 
171.06 -1.00 -1.00 0 79.3 
171.22 -1.00 -1.00 1 79.3 
171.38 -1.00 -1.00 0 80.3 
171.53 -1.00 -1.00 0 80.3 
171.65 -1.00 -1.00 0 80.3 
171.77 -1.00 -1.00 0 80.3 
171.92 -1.00 -1.00 0 80.3 
172.05 -1.00 -1.00 0 80.3 
172.22 -1.00 -1.00 0 80.3 
172.38 -1.00 -1.00 0 79.1 
172.50 -1.00 -1.00 0 79.1 
172.63 -1.00 -1.00 0 79.1 
172.78 -1.00 -1.00 0 79.1 
172.91 -1.00 -1.00 0 79.1 
173.00 -1.00 -1.00 0 79.1 
173.12 -1.00 -1.00 0 79.1 
173.31 -1.00 -1.00 0 79.1 
173.42 -1.00 -1.00 0 78.4 
173.54 -1.00 -1.00 0 78.4 
173.64 -1.00 -1.00 0 78.4 
173.74 -1.00 -1.00 0 78.4 
173.87 -1.00 -1.00 0 78.4 
173.98 -1.00 -1.00 0 78.4 
174.13 -1.00 -1.00 0 78.4 
174.30 -1.00 -1.00 0 78.4 
174.40 -1.00 -1.00 0 76.9 
174.53 -1.00 -1.00 0 76.9 
174.66 -1.00 -1.00 0 76.9 
174.91 -1.00 -1.00 0 76.9 
175.03 -1.00 -1.00 0 76.9 
175.15 -1.00 -1.00 0 76.9 
175.25 -1.00 -1.00 0 76.9 
175.36 -1.00 -1.00 0 78.2 
175.50 -1.00 -1.00 0 78.2 
175.61 -1.00 -1.00 0 78.2 
175.72 -1.00 -1.00 0 78.2 
175.85 -1.00 -1.00 0 78.2 
175.97 -1.00 -1.00 0 78.2 
176.08 -1.00 -1.00 0 78.2 
176.24 -1.00 -1.00 0 78.2 
176.36 -1.00 -1.00 0 78.0 
176.50 -1.00 -1.00 0 78.0 
176.63 -1.00 -1.00 0 78.0 
176.76 -1.00 -1.00 0 78.0 
176.89 -1.00 -1.00 0 78.0 
177.02 -1.00 -1.00 0 78.0 
177.13 -1.00 -1.00 0 78.0 
177.32 -1.00 -1.00 0 78.0 
177.44 -1.00 -1.00 0 77.1 
177.55 -1.00 -1.00 0 77.1 
177.66 -1.00 -1.00 0 77.1 
177.76 -1.00 -1.00 0 77.1 
177.90 -1.00 -1.00 0 77.1 
178.01 -1.00 -1.00 0 77.1 
178.14 -1.00 -1.00 0 77.1 
178.27 -1.00 -1.00 0 77.1 
178.38 -1.00 -1.00 0 76.8 
178.48 -1.00 -1.00 0 76.8 
178.59 -1.00 -1.00 0 76.8 
178.67 -1.00 -1.00 0 76.8 
178.81 -1.00 -1.00 0 76.8 
178.91 -1.00 -1.00 0 76.8 
179.01 -1.00 -1.00 0 76.8 
179.12 -1.00 -1.00 0 76.8 
179.27 -1.00 -1.00 0 76.8 
179.40 -1.00 -1.00 0 76.3 
179.51 -1.00 -1.00 0 76.3 
179.63 -1.00 -1.00 0 76.3 
179.76 -1.00 -1.00 0 76.3 
179.87 -1.00 -1.00 0 76.3 
179.98 -1.00 -1.00 0 76.3 
180.08 -1.00 -1.00 0 76.3 
180.25 -1.00 -1.00 0 76.3 
180.35 -1.00 -1.00 0 75.7 
180.46 -1.00 -1.00 0 75.7 
180.59 -1.00 -1.00 0 75.7 
180.71 -1.00 -1.00 0 75.7 
180.81 -1.00 -1.00 0 75.7 
180.92 -1.00 -1.00 0 75.7 
181.07 -1.00 -1.00 0 75.7 
181.20 -1.00 -1.00 0 75.7 
181.32 -1.00 -1.00 0 78.3 
181.44 -1.00 -1.00 0 78.3 
181.56 -1.00 -1.00 0 78.3 
181.66 -1.00 -1.00 0 78.3 
181.76 -1.00 -1.00 0 78.3 
181.87 -1.00 -1.00 0 78.3 
181.96 -1.00 -1.00 0 78.3 
182.09 -1.00 -1.00 0 78.3 
182.23 -1.00 -1.00 0 78.3 
182.34 -1.00 -1.00 0 76.5 
182.44 -1.00 -1.00 0 76.5 
182.56 -1.00 -1.00 1 76.5 
182.69 -1.00 -1.00 1 76.5 
182.82 -1.00 -1.00 0 76.5 
182.96 -1.00 -1.00 0 76.5 
183.06 -1.00 -1.00 0 76.5 
183.19 -1.00 -1.00 0 76.5 
183.32 -1.00 -1.00 0 76.5 
183.42 -1.00 -1.00 0 77.8 
183.52 -1.00 -1.00 0 77.8 
183.64 -1.00 -1.00 0 77.8 
183.74 -1.00 -1.00 0 77.8 
183.85 -1.00 -1.00 0 77.8 
183.95 -1.00 -1.00 0 77.8 
184.05 -1.00 -1.00 0 77.8 
184.16 -1.00 -1.00 0 77.8 
184.30 -1.00 -1.00 0 77.8 
184.40 -1.00 -1.00 0 78.7 
184.49 -1.00 -1.00 0 78.7 
184.60 -1.00 -1.00 0 78.7 
184.69 -1.00 -1.00 0 78.7 
184.84 -1.00 -1.00 0 78.7 
184.96 -1.00 -1.00 0 78.7 
185.06 -1.00 -1.00 0 78.7 
185.22 -1.00 -1.00 0 78.7 
185.32 -1.00 -1.00 0 79.1 
185.44 -1.00 -1.00 0 79.1 
185.57 -1.00 -1.00 0 79.1 
185.68 -1.00 -1.00 0 79.1 
185.79 -1.00 -1.00 0 79.1 
185.91 -1.00 -1.00 0 79.1 
186.04 -1.00 -1.00 0 79.1 
186.14 -1.00 -1.00 0 79.1 
186.31 -1.00 -1.00 0 79.1 
186.41 -1.00 -1.00 0 79.3 
186.55 -1.00 -1.00 0 79.3 
186.67 -1.00 -1.00 0 79.3 
186.81 -1.00 -1.00 0 79.3 
186.92 -1.00 -1.00 0 79.3 
187.05 -1.00 -1.00 0 79.3 
187.15 -1.00 -1.00 0 79.3 
187.27 -1.00 -1.00 0 79.3 
187.39 -1.00 -1.00 0 80.3 
187.50 -1.00 -1.00 0 80.3 
187.63 -1.00 -1.00 0 80.3 
187.75 -1.00 -1.00 0 80.3 
187.88 -1.00 -1.00 0 80.3 
187.98 -1.00 -1.00 0 80.3 
188.08 -1.00 -1.00 0 80.3 
188.26 -1.00 -1.00 0 80.3 
188.37 -1.00 -1.00 0 80.5 
188.50 -1.00 -1.00 0 80.5 
188.62 -1.00 -1.00 0 80.5 
188.72 -1.00 -1.00 0 80.5 
188.83 -1.00 -1.00 0 80.5 
188.95 -1.00 -1.00 0 80.5 
189.09 -1.00 -1.00 0 80.5 
189.23 -1.00 -1.00 0 80.5 
189.37 -1.00 -1.00 0 80.8 
189.49 -1.00 -1.00 0 80.8 
189.63 -1.00 -1.00 0 80.8 
189.77 -1.00 -1.00 0 80.8 
189.91 -1.00 -1.00 0 80.8 
190.06 -1.00 -1.00 0 80.8 
190.21 -1.00 -1.00 0 80.8 
190.35 -1.00 -1.00 0 80.5 
190.46 -1.00 -1.00 0 80.5 
190.54 -1.00 -1.00 0 80.5 
190.65 -1.00 -1.00 0 80.5 
190.75 -1.00 -1.00 0 80.5 
190.84 -1.00 -1.00 0 80.5 
190.95 -1.00 -1.00 0 80.5 
191.06 -1.00 -1.00 0 80.5 
191.17 -1.00 -1.00 0 80.5 
191.34 -1.00 -1.00 0 80.5 
191.47 -1.00 -1.00 0 80.5 
191.60 -1.00 -1.00 0 80.5 
191.71 -1.00 -1.00 0 80.5 
191.84 -1.00 -1.00 0 80.5 
191.96 -1.00 -1.00 0 80.5 
192.08 -1.00 -1.00 0 80.5 
192.24 -1.00 -1.00 0 80.5 
192.37 -1.00 -1.00 0 79.8 
192.49 -1.00 -1.00 0 79.8 
192.61 -1.00 -1.00 0 79.8 
192.75 -1.00 -1.00 0 79.8 
192.85 -1.00 -1.00 0 79.8 
192.94 -1.00 -1.00 0 79.8 
193.04 -1.00 -1.00 0 79.8 
193.22 -1.00 -1.00 0 79.8 
193.34 -1.00 -1.00 0 78.4 
193.47 -1.00 -1.00 0 78.4 
193.61 -1.00 -1.00 0 78.4 
193.71 -1.00 -1.00 0 78.4 
193.81 -1.00 -1.00 0 78.4 
193.91 -1.00 -1.00 0 78.4 
194.03 -1.00 -1.00 0 78.4 
194.15 -1.00 -1.00 0 78.4 
194.28 -1.00 -1.00 0 78.4 
194.39 -1.00 -1.00 0 79.1 
194.49 -1.00 -1.00 0 79.1 
194.61 -1.00 -1.00 0 79.1 
194.88 -1.00 -1.00 0 79.1 
195.02 -1.00 -1.00 0 79.1 
195.11 -1.00 -1.00 0 79.1 
195.23 -1.00 -1.00 0 79.1 
195.37 -1.00 -1.00 0 79.7 
195.50 -1.00 -1.00 0 79.7 
195.59 -1.00 -1.00 0 79.7 
195.73 -1.00 -1.00 0 79.7 
195.86 -1.00 -1.00 0 79.7 
195.99 -1.00 -1.00 0 79.7 
196.10 -1.00 -1.00 0 79.7 
196.23 -1.00 -1.00 0 79.7 
196.38 -1.00 -1.00 0 78.5 
196.49 -1.00 -1.00 0 78.5 
196.64 -1.00 -1.00 0 78.5 
196.76 -1.00 -1.00 0 78.5 
196.89 -1.00 -1.00 0 78.5 
197.01 -1.00 -1.00 0 78.5 
197.14 -1.00 -1.00 0 78.5 
197.27 -1.00 -1.00 0 78.5 
197.40 -1.00 -1.00 0 78.6 
197.53 -1.00 -1.00 0 78.6 
197.66 -1.00 -1.00 0 78.6 
197.77 -1.00 -1.00 0 78.6 
197.93 -1.00 -1.00 0 78.6 
198.07 -1.00 -1.00 0 78.6 
198.23 -1.00 -1.00 0 78.6 
198.37 -1.00 -1.00 0 78.6 
198.51 -1.00 -1.00 0 78.6 
198.65 -1.00 -1.00 0 78.6 
198.80 -1.00 -1.00 0 78.6 
198.93 -1.00 -1.00 0 78.6 
199.06 -1.00 -1.00 0 78.6 
199.21 -1.00 -1.00 0 78.6 
199.31 -1.00 -1.00 0 77.9 
199.48 -1.00 -1.00 0 77.9 
199.61 -1.00 -1.00 0 77.9 
199.74 -1.00 -1.00 0 77.9 
199.86 -1.00 -1.00 0 77.9 
199.97 -1.00 -1.00 0 77.9 
200.11 -1.00 -1.00 0 77.9 
200.24 -1.00 -1.00 0 77.9 
200.40 -1.00 -1.00 0 76.5 
200.49 -1.00 -1.00 0 76.5 
200.61 -1.00 -1.00 0 76.5 
200.73 -1.00 -1.00 0 76.5 
200.86 -1.00 -1.00 0 76.5 
200.96 -1.00 -1.00 0 76.5 
201.08 -1.00 -1.00 0 76.5 
201.24 -1.00 -1.00 0 76.5 
201.36 -1.00 -1.00 0 75.9 
201.52 -1.00 -1.00 0 75.9 
201.64 -1.00 -1.00 0 75.9 
201.76 -1.00 -1.00 0 75.9 
201.86 -1.00 -1.00 0 75.9 
201.99 -1.00 -1.00 0 75.9 
202.10 -1.00 -1.00 0 75.9 
202.24 -1.00 -1.00 0 75.9 
202.38 -1.00 -1.00 0 75.3 
202.51 -1.00 -1.00 0 75.3 
202.68 -1.00 -1.00 0 75.3 
202.84 -1.00 -1.00 0 75.3 
202.96 -1.00 -1.00 0 75.3 
203.10 -1.00 -1.00 0 75.3 
203.27 -1.00 -1.00 0 75.3 
203.42 -1.00 -1.00 0 74.5 
203.55 -1.00 -1.00 0 74.5 
203.71 -1.00 -1.00 0 74.5 
203.83 -1.00 -1.00 0 74.5 
203.96 -1.00 -1.00 0 74.5 
204.11 -1.00 -1.00 0 74.5 
204.25 -1.00 -1.00 0 74.5 
204.37 -1.00 -1.00 0 73.6 
204.51 -1.00 -1.00 0 73.6 
204.62 -1.00 -1.00 0 73.6 
204.78 -1.00 -1.00 0 73.6 
204.93 -1.00 -1.00 0 73.6 
205.05 -1.00 -1.00 0 73.6 
205.20 -1.00 -1.00 0 73.6 
205.34 -1.00 -1.00 0 72.8 
205.48 -1.00 -1.00 0 72.8 
205.59 -1.00 -1.00 0 72.8 
205.70 -1.00 -1.00 0 72.8 
205.90 -1.00 -1.00 0 72.8 
205.99 -1.00 -1.00 0 72.8 
206.12 -1.00 -1.00 0 72.8 
206.27 -1.00 -1.00 0 72.8 
206.37 -1.00 -1.00 0 71.7 
206.51 -1.00 -1.00 0 71.7 
206.61 -1.00 -1.00 0 71.7 
206.71 -1.00 -1.00 0 71.7 
206.81 -1.00 -1.00 0 71.7 
206.91 -1.00 -1.00 0 71.7 
207.09 -1.00 -1.00 0 71.7 
207.26 -1.00 -1.00 0 71.7 
207.35 -1.00 -1.00 0 71.2 
207.49 -1.00 -1.00 0 71.2 
207.60 -1.00 -1.00 0 71.2 
207.71 -1.00 -1.00 0 71.2 
207.82 -1.00 -1.00 0 71.2 
207.91 -1.00 -1.00 0 71.2 
208.03 -1.00 -1.00 0 71.2 
208.17 -1.00 -1.00 0 71.2 
208.32 -1.00 -1.00 0 71.2 
208.45 -1.00 -1.00 0 71.3 
208.54 -1.00 -1.00 0 71.3 
208.65 -1.00 -1.00 0 71.3 
208.74 -1.00 -1.00 0 71.3 
208.87 -1.00 -1.00 0 71.3 
209.00 -1.00 -1.00 0 71.3 
209.14 -1.00 -1.00 0 71.3 
209.35 -1.00 -1.00 0 71.3 
209.46 -1.00 -1.00 0 71.6 
209.57 -1.00 -1.00 0 71.6 
209.71 -1.00 -1.00 0 71.6 
209.85 -1.00 -1.00 0 71.6 
209.99 -1.00 -1.00 0 71.6 
210.12 -1.00 -1.00 0 71.6 
210.29 -1.00 -1.00 0 71.6 
210.42 -1.00 -1.00 0 72.1 
210.55 -1.00 -1.00 0 72.1 
210.66 -1.00 -1.00 0 72.1 
210.80 -1.00 -1.00 0 72.1 
210.92 -1.00 -1.00 0 72.1 
211.12 -1.00 -1.00 0 72.1 
211.32 -1.00 -1.00 0 72.1 
211.51 -1.00 -1.00 1 72.4 
211.65 -1.00 -1.00 1 72.4 
211.79 -1.00 -1.00 1 72.4 
211.94 -1.00 -1.00 1 72.4 
212.11 -1.00 -1.00 1 72.4 
212.29 -1.00 -1.00 1 72.4 
212.45 -1.00 -1.00 1 72.8 
212.58 -1.00 -1.00 1 72.8 
212.75 -1.00 -1.00 1 72.8 
212.87 -1.00 -1.00 1 72.8 
213.03 -1.00 -1.00 1 72.8 
213.19 -1.00 -1.00 1 72.8 
213.32 -1.00 -1.00 1 72.8 
213.48 -1.00 -1.00 1 72.8 
213.60 26.73 1.32 1 72.8 
213.73 30.75 1.52 1 72.8 
213.85 31.25 1.55 1 72.8 
213.99 32.01 1.58 1 72.8 
214.14 34.37 1.70 1 72.8 
214.31 37.56 1.86 1 72.8 
214.48 37.74 1.86 1 72.9 
214.60 38.29 1.89 1 72.9 
214.71 38.39 1.89 1 72.9 
215.02 38.56 1.90 1 72.9 
215.16 38.62 1.91 1 72.9 
215.36 38.68 1.91 1 72.9 
215.46 39.56 1.94 1 73.5 
215.60 39.87 1.95 1 73.5 
215.75 41.08 2.01 1 73.5 
215.90 42.10 2.06 1 73.5 
216.03 44.25 2.17 1 73.5 
216.23 44.84 2.20 1 73.5 
216.35 45.90 2.23 1 74.2 
216.50 47.48 2.30 1 74.2 
216.64 47.17 2.29 1 74.2 
216.77 46.89 2.27 1 74.2 
216.96 48.33 2.34 1 74.2 
217.11 51.32 2.49 1 74.2 
217.28 52.93 2.57 1 74.2 
217.41 55.25 2.67 1 74.5 
217.58 58.35 2.82 1 74.5 
217.71 61.03 2.95 1 74.5 
217.86 66.57 3.22 1 74.5 
217.98 68.26 3.30 1 74.5 
218.15 71.05 3.43 1 74.5 
218.33 75.26 3.64 1 74.5 
218.48 77.28 3.70 1 75.2 
218.65 83.04 3.98 1 75.2 
218.77 85.90 4.11 1 75.2 
218.96 93.93 4.50 1 75.2 
219.15 97.80 4.68 1 75.2 
219.32 104.40 5.00 1 75.2 
219.48 -1.00 -1.00 1 75.1 
219.62 -1.00 -1.00 1 75.1 
219.74 -1.00 -1.00 1 75.1 
219.89 -1.00 -1.00 1 75.1 
220.02 -1.00 -1.00 1 75.1 
220.19 -1.00 -1.00 1 75.1 
220.38 147.80 7.09 1 75.1 
220.52 147.52 7.03 1 75.5 
220.69 149.87 7.14 1 75.5 
220.82 151.99 7.24 1 75.5 
221.00 151.24 7.21 1 75.5 
221.14 153.15 7.30 1 75.5 
221.36 159.39 7.60 1 75.5 
221.52 165.08 7.85 1 75.7 
221.65 170.27 8.09 1 75.7 
221.79 175.00 8.32 1 75.7 
221.94 179.42 8.53 1 75.7 
222.14 179.30 8.52 1 75.7 
222.32 176.51 8.39 1 75.7 
222.50 180.75 8.57 1 76.0 
222.67 184.63 8.75 1 76.0 
222.85 188.18 8.92 1 76.0 
223.04 191.44 9.07 1 76.0 
223.23 190.20 9.01 1 76.0 
223.42 193.23 9.15 1 76.0 
223.56 196.05 9.28 1 76.0 
223.73 198.55 9.40 1 76.0 
223.92 200.86 9.51 1 76.0 
224.06 202.98 9.61 1 76.0 
224.27 204.90 9.70 1 76.0 
224.46 206.60 9.80 1 75.9 
224.65 208.15 9.87 1 75.9 
224.78 209.54 9.94 1 75.9 
225.08 211.92 10.05 1 75.9 
225.33 -1.00 -1.00 1 75.9 
225.49 -1.00 -1.00 0 75.6 
225.61 -1.00 -1.00 0 75.6 
225.79 -1.00 -1.00 0 75.6 
225.94 -1.00 -1.00 0 75.6 
226.08 -1.00 -1.00 0 75.6 
226.20 -1.00 -1.00 0 75.6 
226.39 -1.00 -1.00 0 75.6 
226.51 -1.00 -1.00 0 75.7 
226.65 -1.00 -1.00 0 75.7 
226.78 -1.00 -1.00 0 75.7 
226.92 -1.00 -1.00 0 75.7 
227.04 -1.00 -1.00 0 75.7 
227.28 -1.00 -1.00 0 75.7 
227.43 -1.00 -1.00 0 75.5 
227.58 -1.00 -1.00 0 75.5 
227.70 -1.00 -1.00 0 75.5 
227.87 -1.00 -1.00 0 75.5 
228.01 -1.00 -1.00 0 75.5 
228.16 -1.00 -1.00 0 75.5 
228.31 -1.00 -1.00 0 75.5 
228.46 -1.00 -1.00 0 75.3 
228.62 -1.00 -1.00 0 75.3 
228.75 -1.00 -1.00 0 75.3 
228.93 -1.00 -1.00 0 75.3 
229.05 -1.00 -1.00 0 75.3 
229.23 -1.00 -1.00 0 75.3 
229.40 -1.00 -1.00 0 75.4 
229.57 -1.00 -1.00 0 75.4 
229.71 -1.00 -1.00 0 75.4 
229.87 -1.00 -1.00 0 75.4 
230.03 -1.00 -1.00 0 75.4 
230.19 -1.00 -1.00 0 75.4 
230.34 -1.00 -1.00 0 75.4 
230.48 -1.00 -1.00 0 75.4 
230.65 -1.00 -1.00 0 75.4 
230.78 -1.00 -1.00 0 75.4 
230.94 -1.00 -1.00 0 75.4 
231.12 -1.00 -1.00 0 75.4 
231.31 -1.00 -1.00 0 75.4 
231.46 -1.00 -1.00 0 75.7 
231.62 -1.00 -1.00 0 75.7 
231.75 -1.00 -1.00 0 75.7 
231.92 -1.00 -1.00 0 75.7 
232.07 -1.00 -1.00 0 75.7 
232.31 -1.00 -1.00 0 75.7 
232.48 -1.00 -1.00 0 75.1 
232.66 -1.00 -1.00 0 75.1 
232.80 -1.00 -1.00 0 75.1 
233.04 -1.00 -1.00 0 75.1 
233.19 -1.00 -1.00 0 75.1 
233.42 -1.00 -1.00 0 75.1 
233.56 -1.00 -1.00 0 74.5 
233.73 -1.00 -1.00 0 74.5 
233.92 -1.00 -1.00 0 74.5 
234.07 -1.00 -1.00 0 74.5 
234.24 -1.00 -1.00 0 74.5 
234.42 -1.00 -1.00 0 73.6 
234.56 -1.00 -1.00 0 73.6 
234.72 -1.00 -1.00 0 73.6 
235.07 -1.00 -1.00 0 73.6 
235.31 -1.00 -1.00 0 73.6 
235.48 -1.00 -1.00 0 73.5 
235.62 -1.00 -1.00 0 73.5 
235.76 -1.00 -1.00 0 73.5 
235.95 -1.00 -1.00 0 73.5 
236.11 -1.00 -1.00 0 73.5 
236.34 -1.00 -1.00 0 73.5 
236.57 -1.00 -1.00 0 73.6 
236.71 -1.00 -1.00 0 73.6 
236.90 -1.00 -1.00 0 73.6 
237.06 -1.00 -1.00 0 73.6 
237.27 -1.00 -1.00 0 73.6 
237.45 -1.00 -1.00 0 72.7 
237.61 -1.00 -1.00 0 72.7 
237.74 -1.00 -1.00 0 72.7 
237.94 -1.00 -1.00 0 72.7 
238.12 -1.00 -1.00 0 72.7 
238.36 -1.00 -1.00 0 72.7 
238.55 -1.00 -1.00 0 73.6 
238.70 -1.00 -1.00 0 73.6 
238.82 -1.00 -1.00 0 73.6 
238.95 -1.00 -1.00 0 73.6 
239.14 -1.00 -1.00 0 73.6 
239.36 -1.00 -1.00 0 73.6 
239.55 -1.00 -1.00 0 73.8 
239.73 -1.00 -1.00 0 73.8 
239.89 -1.00 -1.00 0 73.8 
240.09 -1.00 -1.00 0 73.8 
240.31 -1.00 -1.00 0 73.8 
240.49 -1.00 -1.00 0 74.8 
240.69 -1.00 -1.00 0 74.8 
240.83 -1.00 -1.00 0 74.8 
240.97 -1.00 -1.00 0 74.8 
241.13 -1.00 -1.00 0 74.8 
241.29 -1.00 -1.00 0 74.8 
241.49 -1.00 -1.00 0 75.4 
241.69 -1.00 -1.00 0 75.4 
241.85 -1.00 -1.00 0 75.4 
242.03 -1.00 -1.00 0 75.4 
242.18 -1.00 -1.00 0 75.4 
242.42 -1.00 -1.00 0 75.4 
242.65 -1.00 -1.00 0 76.0 
242.88 -1.00 -1.00 0 76.0 
243.01 -1.00 -1.00 0 76.0 
243.23 -1.00 -1.00 0 76.0 
243.39 -1.00 -1.00 0 76.2 
243.53 -1.00 -1.00 0 76.2 
243.70 -1.00 -1.00 0 76.2 
243.88 -1.00 -1.00 0 76.2 
244.07 -1.00 -1.00 0 76.2 
244.27 -1.00 -1.00 0 76.2 
244.43 -1.00 -1.00 0 77.4 
244.63 -1.00 -1.00 0 77.4 
244.85 -1.00 -1.00 0 77.4 
245.06 -1.00 -1.00 0 77.4 
245.31 -1.00 -1.00 0 77.4 
245.50 -1.00 -1.00 0 78.0 
245.64 -1.00 -1.00 0 78.0 
245.86 -1.00 -1.00 0 78.0 
246.03 -1.00 -1.00 0 78.0 
246.30 -1.00 -1.00 0 78.0 
246.46 -1.00 -1.00 0 78.0 
246.63 -1.00 -1.00 0 78.0 
246.83 -1.00 -1.00 0 78.0 
247.01 -1.00 -1.00 0 78.0 
247.28 -1.00 -1.00 0 78.0 
247.51 -1.00 -1.00 0 77.8 
247.70 -1.00 -1.00 0 77.8 
247.91 -1.00 -1.00 0 77.8 
248.07 -1.00 -1.00 0 77.8 
248.30 -1.00 -1.00 0 77.8 
248.50 -1.00 -1.00 0 78.6 
248.70 -1.00 -1.00 0 78.6 
248.93 -1.00 -1.00 0 78.6 
249.13 -1.00 -1.00 0 78.6 
249.32 -1.00 -1.00 0 78.6 
249.53 -1.00 -1.00 0 78.5 
249.72 -1.00 -1.00 0 78.5 
249.91 -1.00 -1.00 0 78.5 
250.15 -1.00 -1.00 0 78.5 
250.41 -1.00 -1.00 0 78.5 
250.60 -1.00 -1.00 0 78.6 
250.76 -1.00 -1.00 0 78.6 
250.95 -1.00 -1.00 0 78.6 
251.11 -1.00 -1.00 0 78.6 
251.36 -1.00 -1.00 0 78.6 
251.55 -1.00 -1.00 0 78.7 
251.77 -1.00 -1.00 0 78.7 
251.92 -1.00 -1.00 0 78.7 
252.14 -1.00 -1.00 0 78.7 
252.36 -1.00 -1.00 0 78.7 
252.59 -1.00 -1.00 0 78.7 
252.78 -1.00 -1.00 0 78.7 
252.99 -1.00 -1.00 0 78.7 
253.25 -1.00 -1.00 0 78.7 
253.39 -1.00 -1.00 0 79.2 
253.62 -1.00 -1.00 0 79.2 
253.78 -1.00 -1.00 0 79.2 
253.95 -1.00 -1.00 0 79.2 
254.15 -1.00 -1.00 0 79.2 
254.36 -1.00 -1.00 0 79.2 
254.57 -1.00 -1.00 0 78.8 
255.01 -1.00 -1.00 0 78.8 
255.15 -1.00 -1.00 0 78.8 
255.36 -1.00 -1.00 0 78.8 
255.56 -1.00 -1.00 0 78.5 
255.77 -1.00 -1.00 0 78.5 
255.92 -1.00 -1.00 0 78.5 
256.12 -1.00 -1.00 0 78.5 
256.33 -1.00 -1.00 0 78.5 
256.52 -1.00 -1.00 0 79.0 
256.73 -1.00 -1.00 0 79.0 
256.97 -1.00 -1.00 0 79.0 
257.25 -1.00 -1.00 0 79.0 
257.49 -1.00 -1.00 0 79.2 
257.67 -1.00 -1.00 0 79.2 
257.90 -1.00 -1.00 0 79.2 
258.12 -1.00 -1.00 0 79.2 
258.41 -1.00 -1.00 0 79.2 
258.66 -1.00 -1.00 0 78.8 
258.88 -1.00 -1.00 0 78.8 
259.12 -1.00 -1.00 0 78.8 
259.43 -1.00 -1.00 0 78.8 
259.62 -1.00 -1.00 0 80.4 
259.82 -1.00 -1.00 0 80.4 
260.07 -1.00 -1.00 0 80.4 
260.27 -1.00 -1.00 0 80.4 
260.52 -1.00 -1.00 0 78.4 
260.77 -1.00 -1.00 0 78.4 
260.93 -1.00 -1.00 0 78.4 
261.25 -1.00 -1.00 0 78.4 
261.50 -1.00 -1.00 0 78.9 
261.77 -1.00 -1.00 0 78.9 
262.06 -1.00 -1.00 0 78.9 
262.34 -1.00 -1.00 0 78.9 
262.50 -1.00 -1.00 0 78.9 
262.73 -1.00 -1.00 0 78.9 
262.91 -1.00 -1.00 0 78.9 
263.19 -1.00 -1.00 0 78.9 
263.45 -1.00 -1.00 0 78.9 
263.66 -1.00 -1.00 0 79.2 
263.93 -1.00 -1.00 0 79.2 
264.17 -1.00 -1.00 0 79.2 
264.36 -1.00 -1.00 0 79.2 
264.62 -1.00 -1.00 0 78.8 
265.08 -1.00 -1.00 0 78.8 
265.27 -1.00 -1.00 0 78.8 
265.48 -1.00 -1.00 0 79.0 
265.73 -1.00 -1.00 0 79.0 
265.99 -1.00 -1.00 0 79.0 
266.23 -1.00 -1.00 0 79.0 
266.47 -1.00 -1.00 0 79.1 
266.67 -1.00 -1.00 0 79.1 
266.88 -1.00 -1.00 0 79.1 
267.13 -1.00 -1.00 0 79.1 
267.39 -1.00 -1.00 0 79.1 
267.61 -1.00 -1.00 0 79.7 
267.86 -1.00 -1.00 0 79.7 
268.09 -1.00 -1.00 0 79.7 
268.30 -1.00 -1.00 0 79.7 
268.55 -1.00 -1.00 0 77.6 
268.70 -1.00 -1.00 0 77.6 
268.94 -1.00 -1.00 0 77.6 
269.25 -1.00 -1.00 0 77.6 
269.47 -1.00 -1.00 0 78.6 
269.76 -1.00 -1.00 0 78.6 
270.03 -1.00 -1.00 0 78.6 
270.37 -1.00 -1.00 0 78.6 
270.63 -1.00 -1.00 0 78.3 
270.89 -1.00 -1.00 0 78.3 
271.04 -1.00 -1.00 0 78.3 
271.36 -1.00 -1.00 0 78.3 
271.59 -1.00 -1.00 0 77.8 
271.85 -1.00 -1.00 0 77.8 
272.01 -1.00 -1.00 0 77.8 
272.31 -1.00 -1.00 0 77.8 
272.55 -1.00 -1.00 0 79.4 
272.76 -1.00 -1.00 0 79.4 
273.03 -1.00 -1.00 0 79.4 
273.33 -1.00 -1.00 0 79.4 
273.55 -1.00 -1.00 0 78.2 
273.77 -1.00 -1.00 0 78.2 
274.03 -1.00 -1.00 0 78.2 
274.33 -1.00 -1.00 0 78.2 
274.52 -1.00 -1.00 0 77.4 
274.85 -1.00 -1.00 0 77.4 
275.10 -1.00 -1.00 0 77.4 
275.35 -1.00 -1.00 0 77.4 
275.62 -1.00 -1.00 0 75.7 
275.88 -1.00 -1.00 0 75.7 
276.07 -1.00 -1.00 0 75.7 
276.39 -1.00 -1.00 1 75.7 
276.66 -1.00 -1.00 1 76.7 
276.91 -1.00 -1.00 0 76.7 
277.30 -1.00 -1.00 0 76.7 
277.50 -1.00 -1.00 0 77.2 
277.80 37.85 1.77 1 77.2 
278.01 37.64 1.76 1 77.2 
278.21 38.13 1.78 1 77.2 
278.44 39.12 1.82 2 77.3 
278.71 41.74 1.95 2 77.3 
278.97 45.10 2.10 2 77.3 
279.28 49.26 2.30 2 77.3 
279.51 51.90 2.43 2 77.0 
279.83 56.96 2.66 1 77.0 
280.01 66.46 3.11 1 77.0 
280.41 71.57 3.35 1 77.0 
280.70 -1.00 -1.00 1 77.1 
281.03 -1.00 -1.00 1 77.1 
281.37 -1.00 -1.00 1 77.1 
281.59 -1.00 -1.00 1 75.7 
281.79 -1.00 -1.00 1 75.7 
282.04 -1.00 -1.00 1 75.7 
282.39 -1.00 -1.00 1 75.7 
282.65 99.96 4.68 1 76.9 
282.85 104.96 4.92 1 76.9 
283.17 106.83 5.00 1 76.9 
283.48 111.23 5.21 1 76.9 
283.81 112.57 5.27 1 76.9 
284.04 113.79 5.33 1 76.9 
284.37 117.63 5.51 1 76.9 
284.68 118.43 5.53 1 77.1 
285.33 120.95 5.65 1 77.1 
285.60 121.40 5.70 1 76.7 
285.83 121.80 5.72 1 76.7 
286.14 -1.00 -1.00 0 76.7 
286.37 -1.00 -1.00 0 76.7 
286.65 -1.00 -1.00 0 75.8 
286.86 -1.00 -1.00 0 75.8 
287.04 -1.00 -1.00 0 75.8 
287.32 -1.00 -1.00 0 75.8 
287.61 -1.00 -1.00 0 77.4 
287.82 -1.00 -1.00 0 77.4 
288.05 -1.00 -1.00 0 77.4 
288.30 -1.00 -1.00 0 77.4 
288.56 -1.00 -1.00 0 76.6 
288.85 -1.00 -1.00 0 76.6 
289.07 -1.00 -1.00 0 76.6 
289.36 -1.00 -1.00 0 76.6 
289.60 -1.00 -1.00 0 76.9 
289.92 -1.00 -1.00 0 76.9 
290.14 -1.00 -1.00 0 76.9 
290.54 -1.00 -1.00 0 76.9 
290.71 -1.00 -1.00 0 75.7 
290.97 -1.00 -1.00 0 75.7 
291.32 -1.00 -1.00 0 75.7 
291.61 -1.00 -1.00 0 75.0 
291.85 -1.00 -1.00 0 75.0 
292.10 -1.00 -1.00 0 75.0 
292.47 -1.00 -1.00 0 75.0 
292.79 -1.00 -1.00 0 74.6 
293.04 -1.00 -1.00 0 74.6 
293.36 -1.00 -1.00 0 74.6 
293.62 -1.00 -1.00 0 74.5 
293.88 -1.00 -1.00 1 74.5 
294.14 -1.00 -1.00 1 74.5 
294.45 -1.00 -1.00 1 74.5 
294.66 -1.00 -1.00 1 74.4 
295.08 -1.00 -1.00 1 74.4 
295.34 -1.00 -1.00 1 74.4 
295.57 -1.00 -1.00 1 74.4 
295.92 -1.00 -1.00 1 74.4 
296.13 -1.00 -1.00 1 74.4 
296.36 -1.00 -1.00 1 74.4 
296.58 -1.00 -1.00 1 74.3 
296.74 50.42 2.44 1 74.3 
296.95 56.43 2.73 1 74.3 
297.21 -1.00 -1.00 1 74.3 
297.47 -1.00 -1.00 1 74.3 
297.69 -1.00 -1.00 1 74.4 
297.99 -1.00 -1.00 1 74.4 
298.35 -1.00 -1.00 1 74.4 
298.58 -1.00 -1.00 1 73.7 
298.86 -1.00 -1.00 0 73.7 
299.12 -1.00 -1.00 0 73.7 
299.39 -1.00 -1.00 0 73.7 
299.62 -1.00 -1.00 0 72.5 
299.92 -1.00 -1.00 0 72.5 
300.19 -1.00 -1.00 0 72.5 
300.55 -1.00 -1.00 1 72.5 
300.86 -1.00 -1.00 0 71.2 
301.12 -1.00 -1.00 0 71.2 
301.41 -1.00 -1.00 0 71.2 
301.66 -1.00 -1.00 0 70.0 
301.97 -1.00 -1.00 0 70.0 
302.23 -1.00 -1.00 0 70.0 
302.53 -1.00 -1.00 0 70.0 
302.83 -1.00 -1.00 0 68.7 
303.02 -1.00 -1.00 0 68.7 
303.30 -1.00 -1.00 1 68.7 
303.64 -1.00 -1.00 1 68.5 
304.00 -1.00 -1.00 1 68.5 
304.24 -1.00 -1.00 1 68.5 
304.59 -1.00 -1.00 1 68.9 
304.88 -1.00 -1.00 1 68.9 
305.15 -1.00 -1.00 1 68.9 
305.45 -1.00 -1.00 1 68.9 
305.73 -1.00 -1.00 1 69.3 
306.02 -1.00 -1.00 1 69.3 
306.44 -1.00 -1.00 1 69.3 
306.71 34.33 1.77 1 69.9 
307.02 35.60 1.83 1 69.9 
307.39 40.05 2.06 1 69.9 
307.67 41.03 2.13 1 69.2 
307.92 43.08 2.24 1 69.2 
308.18 43.77 2.28 1 69.2 
308.48 44.40 2.31 1 69.2 
308.79 44.12 2.21 1 71.8 
309.09 43.50 2.18 1 71.8 
309.42 43.31 2.17 1 71.8 
309.73 -1.00 -1.00 1 72.1 
309.94 -1.00 -1.00 1 72.1 
310.29 -1.00 -1.00 1 72.1 
310.65 -1.00 -1.00 1 72.4 
310.91 -1.00 -1.00 1 72.4 
311.26 -1.00 -1.00 1 72.4 
311.60 -1.00 -1.00 1 74.1 
311.86 -1.00 -1.00 1 74.1 
312.08 -1.00 -1.00 1 74.1 
312.51 -1.00 -1.00 1 74.1 
312.74 -1.00 -1.00 1 75.2 
313.07 -1.00 -1.00 1 75.2 
313.52 -1.00 -1.00 1 75.2 
313.86 -1.00 -1.00 0 75.9 
314.09 -1.00 -1.00 0 75.9 
314.41 -1.00 -1.00 0 75.9 
314.68 -1.00 -1.00 0 76.3 
315.30 -1.00 -1.00 0 76.3 
315.50 -1.00 -1.00 0 77.5 
315.84 -1.00 -1.00 0 77.5 
316.11 -1.00 -1.00 0 77.5 
316.48 -1.00 -1.00 0 77.5 
316.77 -1.00 -1.00 0 78.4 
316.97 -1.00 -1.00 1 78.4 
317.30 -1.00 -1.00 1 78.4 
317.57 -1.00 -1.00 0 78.6 
317.90 -1.00 -1.00 0 78.6 
318.12 -1.00 -1.00 0 78.6 
318.49 -1.00 -1.00 0 78.6 
318.80 -1.00 -1.00 0 78.9 
319.02 -1.00 -1.00 0 78.9 
319.27 -1.00 -1.00 0 78.9 
319.55 -1.00 -1.00 0 79.0 
319.85 -1.00 -1.00 0 79.0 
320.12 -1.00 -1.00 0 79.0 
320.45 -1.00 -1.00 0 79.0 
320.75 -1.00 -1.00 0 78.5 
321.01 -1.00 -1.00 0 78.5 
321.19 -1.00 -1.00 0 78.5 
321.50 -1.00 -1.00 0 78.5 
321.77 -1.00 -1.00 0 77.9 
322.09 -1.00 -1.00 0 77.9 
322.39 -1.00 -1.00 0 77.9 
322.69 -1.00 -1.00 0 78.3 
323.11 -1.00 -1.00 0 78.3 
323.48 -1.00 -1.00 0 78.3 
323.84 -1.00 -1.00 0 78.1 
324.11 -1.00 -1.00 0 78.1 
324.38 -1.00 -1.00 0 78.1 
324.65 -1.00 -1.00 0 78.9 
324.94 -1.00 -1.00 0 78.9 
325.23 -1.00 -1.00 0 78.9 
325.49 -1.00 -1.00 0 80.2 
325.71 -1.00 -1.00 0 80.2 
326.02 -1.00 -1.00 0 80.2 
326.35 -1.00 -1.00 0 80.2 
326.52 -1.00 -1.00 0 81.6 
326.81 -1.00 -1.00 0 81.6 
327.04 -1.00 -1.00 0 81.6 
327.29 -1.00 -1.00 0 81.6 
327.53 -1.00 -1.00 0 82.8 
327.80 -1.00 -1.00 0 82.8 
328.05 -1.00 -1.00 0 82.8 
328.38 -1.00 -1.00 0 82.8 
328.62 -1.00 -1.00 0 83.3 
328.78 -1.00 -1.00 0 83.3 
329.01 -1.00 -1.00 0 83.3 
329.35 -1.00 -1.00 0 83.3 
329.63 -1.00 -1.00 0 84.3 
329.92 -1.00 -1.00 0 84.3 
330.17 -1.00 -1.00 0 84.3 
330.53 -1.00 -1.00 0 84.3 
330.83 -1.00 -1.00 0 83.0 
331.12 -1.00 -1.00 0 83.0 
331.38 -1.00 -1.00 0 83.0 
331.69 -1.00 -1.00 0 80.0 
331.99 -1.00 -1.00 0 80.0 
332.31 -1.00 -1.00 0 80.0 
332.54 -1.00 -1.00 0 79.1 
332.92 -1.00 -1.00 0 79.1 
333.24 -1.00 -1.00 0 79.1 
333.54 -1.00 -1.00 0 79.2 
333.85 -1.00 -1.00 0 79.2 
334.04 -1.00 -1.00 0 79.2 
334.40 -1.00 -1.00 0 79.2 
334.66 -1.00 -1.00 0 79.5 
334.90 -1.00 -1.00 0 79.5 
335.18 -1.00 -1.00 0 79.5 
335.52 -1.00 -1.00 0 79.5 
335.69 -1.00 -1.00 0 79.0 
335.96 -1.00 -1.00 0 79.0 
336.25 -1.00 -1.00 0 79.0 
336.52 -1.00 -1.00 0 79.1 
336.83 -1.00 -1.00 0 79.1 
337.05 -1.00 -1.00 0 79.1 
337.34 -1.00 -1.00 0 79.1 
337.59 -1.00 -1.00 0 79.6 
337.87 -1.00 -1.00 0 79.6 
338.11 -1.00 -1.00 0 79.6 
338.46 -1.00 -1.00 0 79.6 
338.71 -1.00 -1.00 0 79.9 
338.93 -1.00 -1.00 0 79.9 
339.20 -1.00 -1.00 0 79.9 
339.44 -1.00 -1.00 0 79.9 
339.72 -1.00 -1.00 0 80.5 
339.97 -1.00 -1.00 0 80.5 
340.23 -1.00 -1.00 0 80.5 
340.48 -1.00 -1.00 0 80.4 
340.74 -1.00 -1.00 0 80.4 
340.92 -1.00 -1.00 0 80.4 
341.14 -1.00 -1.00 0 80.4 
341.41 -1.00 -1.00 0 80.4 
341.70 -1.00 -1.00 0 80.4 
341.97 -1.00 -1.00 0 80.4 
342.21 -1.00 -1.00 0 80.4 
342.47 -1.00 -1.00 0 80.4 
342.76 -1.00 -1.00 0 80.6 
343.00 -1.00 -1.00 0 80.6 
343.34 -1.00 -1.00 0 80.6 
343.63 -1.00 -1.00 0 80.5 
343.95 -1.00 -1.00 0 80.5 
344.21 -1.00 -1.00 0 80.5 
344.50 -1.00 -1.00 0 80.9 
344.77 -1.00 -1.00 0 80.9 
345.06 -1.00 -1.00 0 80.9 
345.45 -1.00 -1.00 0 80.9 
345.70 -1.00 -1.00 0 80.9 
346.03 -1.00 -1.00 0 80.9 
346.37 -1.00 -1.00 0 80.9 
346.63 -1.00 -1.00 0 82.7 
346.95 -1.00 -1.00 0 82.7 
347.34 -1.00 -1.00 0 82.7 
347.62 -1.00 -1.00 0 82.1 
347.90 -1.00 -1.00 0 82.1 
348.25 -1.00 -1.00 0 82.1 
348.51 -1.00 -1.00 0 80.8 
348.81 -1.00 -1.00 0 80.8 
349.06 -1.00 -1.00 0 80.8 
349.42 -1.00 -1.00 0 80.8 
349.73 -1.00 -1.00 0 82.8 
350.07 -1.00 -1.00 0 82.8 
350.40 -1.00 -1.00 0 82.8 
350.72 -1.00 -1.00 0 82.3 
350.96 -1.00 -1.00 0 82.3 
351.24 -1.00 -1.00 0 82.3 
351.48 -1.00 -1.00 0 82.5 
351.75 -1.00 -1.00 0 82.5 
352.04 -1.00 -1.00 0 82.5 
352.32 -1.00 -1.00 0 82.5 
352.62 -1.00 -1.00 0 80.8 
352.86 -1.00 -1.00 0 80.8 
353.23 -1.00 -1.00 0 80.8 
353.51 -1.00 -1.00 0 80.5 
353.81 -1.00 -1.00 0 80.5 
354.04 -1.00 -1.00 0 80.5 
354.35 -1.00 -1.00 0 80.5 
354.67 -1.00 -1.00 0 81.2 
354.97 -1.00 -1.00 0 81.2 
355.32 -1.00 -1.00 0 81.2 
355.58 -1.00 -1.00 0 82.3 
355.82 -1.00 -1.00 0 82.3 
356.09 -1.00 -1.00 0 82.3 
356.32 -1.00 -1.00 0 82.3 
356.52 -1.00 -1.00 0 83.6 
356.78 -1.00 -1.00 0 83.6 
357.02 -1.00 -1.00 0 83.6 
357.32 -1.00 -1.00 0 83.6 
357.63 -1.00 -1.00 0 84.6 
357.82 -1.00 -1.00 0 84.6 
358.06 -1.00 -1.00 0 84.6 
358.37 -1.00 -1.00 0 84.6 
358.58 -1.00 -1.00 0 87.0 
358.81 -1.00 -1.00 0 87.0 
359.08 -1.00 -1.00 0 87.0 
359.42 -1.00 -1.00 0 87.0 
359.63 -1.00 -1.00 0 85.6 
359.95 -1.00 -1.00 0 85.6 
360.27 -1.00 -1.00 0 85.6 
360.54 -1.00 -1.00 0 86.3 
360.78 -1.00 -1.00 0 86.3 
361.03 -1.00 -1.00 0 86.3 
361.39 -1.00 -1.00 0 86.3 
361.71 -1.00 -1.00 0 84.9 
362.03 -1.00 -1.00 0 84.9 
362.45 -1.00 -1.00 0 84.9 
362.79 -1.00 -1.00 0 85.0 
363.16 -1.00 -1.00 0 85.0 
363.39 -1.00 -1.00 0 85.0 
363.76 -1.00 -1.00 0 86.3 
363.99 -1.00 -1.00 0 86.3 
364.32 -1.00 -1.00 0 86.3 
364.57 -1.00 -1.00 0 86.1 
365.13 -1.00 -1.00 0 86.1 
365.57 -1.00 -1.00 0 86.1 
365.93 -1.00 -1.00 0 84.7 
366.21 -1.00 -1.00 0 84.7 
366.49 -1.00 -1.00 0 84.7 
366.76 -1.00 -1.00 0 85.1 
367.15 -1.00 -1.00 0 85.1 
367.45 -1.00 -1.00 0 85.1 
367.66 -1.00 -1.00 0 86.9 
367.97 -1.00 -1.00 0 86.9 
368.29 -1.00 -1.00 0 86.9 
368.71 -1.00 -1.00 0 87.0 
369.01 -1.00 -1.00 0 87.0 
369.40 -1.00 -1.00 0 87.0 
369.76 -1.00 -1.00 0 87.2 
370.15 -1.00 -1.00 0 87.2 
370.46 -1.00 -1.00 0 87.2 
370.75 -1.00 -1.00 0 87.4 
371.12 -1.00 -1.00 0 87.4 
371.46 -1.00 -1.00 0 87.4 
371.73 -1.00 -1.00 0 87.4 
372.00 -1.00 -1.00 0 87.4 
372.31 -1.00 -1.00 0 87.4 
372.58 -1.00 -1.00 0 87.0 
372.89 -1.00 -1.00 0 87.0 
373.04 -1.00 -1.00 0 87.0 
373.35 -1.00 -1.00 0 87.0 
373.60 -1.00 -1.00 0 86.2 
373.90 -1.00 -1.00 0 86.2 
374.15 -1.00 -1.00 0 86.2 
374.45 -1.00 -1.00 0 86.2 
374.72 -1.00 -1.00 0 85.2 
374.94 -1.00 -1.00 0 85.2 
375.43 -1.00 -1.00 0 85.2 
375.82 -1.00 -1.00 0 84.2 
376.02 -1.00 -1.00 0 84.2 
376.42 -1.00 -1.00 0 84.2 
376.76 -1.00 -1.00 0 83.1 
377.00 -1.00 -1.00 0 83.1 
377.29 -1.00 -1.00 0 83.1 
377.59 -1.00 -1.00 0 82.2 
377.94 -1.00 -1.00 0 82.2 
378.27 -1.00 -1.00 0 82.2 
378.48 -1.00 -1.00 0 82.6 
378.78 -1.00 -1.00 0 82.6 
379.05 -1.00 -1.00 0 82.6 
379.38 -1.00 -1.00 0 82.6 
379.63 -1.00 -1.00 0 81.3 
379.95 -1.00 -1.00 0 81.3 
380.16 -1.00 -1.00 0 81.3 
380.40 -1.00 -1.00 0 81.3 
380.67 -1.00 -1.00 0 83.7 
380.88 -1.00 -1.00 0 83.7 
381.11 -1.00 -1.00 0 83.7 
381.45 -1.00 -1.00 0 83.7 
381.72 -1.00 -1.00 0 84.4 
381.97 -1.00 -1.00 0 84.4 
382.28 -1.00 -1.00 0 84.4 
382.50 -1.00 -1.00 0 83.8 
382.80 -1.00 -1.00 0 83.8 
383.10 -1.00 -1.00 0 83.8 
383.30 -1.00 -1.00 0 83.8 
383.54 -1.00 -1.00 0 83.3 
383.70 -1.00 -1.00 0 83.3 
383.92 -1.00 -1.00 0 83.3 
384.16 -1.00 -1.00 0 83.3 
384.44 -1.00 -1.00 0 83.3 
384.61 -1.00 -1.00 0 82.8 
384.94 -1.00 -1.00 0 82.8 
385.17 -1.00 -1.00 0 82.8 
385.46 -1.00 -1.00 0 82.8 
385.65 -1.00 -1.00 0 81.0 
385.89 -1.00 -1.00 0 81.0 
386.12 -1.00 -1.00 0 81.0 
386.45 -1.00 -1.00 0 81.0 
386.67 -1.00 -1.00 0 79.5 
386.99 -1.00 -1.00 0 79.5 
387.24 -1.00 -1.00 0 79.5 
387.48 -1.00 -1.00 0 80.0 
387.87 -1.00 -1.00 0 80.0 
388.10 -1.00 -1.00 0 80.0 
388.42 -1.00 -1.00 0 80.0 
388.66 -1.00 -1.00 0 78.0 
388.89 -1.00 -1.00 0 78.0 
389.16 -1.00 -1.00 0 78.0 
389.46 -1.00 -1.00 0 78.0 
389.67 -1.00 -1.00 0 77.4 
389.86 -1.00 -1.00 0 77.4 
390.13 -1.00 -1.00 0 77.4 
390.41 -1.00 -1.00 0 77.4 
390.66 -1.00 -1.00 0 77.4 
390.89 -1.00 -1.00 0 77.4 
391.30 -1.00 -1.00 0 77.4 
391.66 -1.00 -1.00 0 78.0 
391.90 -1.00 -1.00 0 78.0 
392.11 -1.00 -1.00 0 78.0 
392.40 -1.00 -1.00 0 78.0 
392.56 -1.00 -1.00 0 79.3 
392.78 -1.00 -1.00 0 79.3 
392.92 -1.00 -1.00 0 79.3 
393.12 -1.00 -1.00 0 79.3 
393.36 -1.00 -1.00 0 79.3 
393.56 -1.00 -1.00 0 80.1 
393.71 -1.00 -1.00 0 80.1 
393.87 -1.00 -1.00 0 80.1 
394.12 -1.00 -1.00 0 80.1 
394.36 -1.00 -1.00 0 80.1 
394.57 -1.00 -1.00 0 81.4 
395.00 -1.00 -1.00 0 81.4 
395.28 -1.00 -1.00 0 81.4 
395.50 -1.00 -1.00 0 82.5 
395.71 -1.00 -1.00 0 82.5 
395.89 -1.00 -1.00 0 82.5 
396.14 -1.00 -1.00 0 82.5 
396.42 -1.00 -1.00 0 82.5 
396.65 -1.00 -1.00 0 82.2 
396.86 -1.00 -1.00 0 82.2 
397.09 -1.00 -1.00 0 82.2 
397.33 -1.00 -1.00 0 82.2 
397.56 -1.00 -1.00 0 81.5 
397.77 -1.00 -1.00 0 81.5 
398.00 -1.00 -1.00 0 81.5 
398.34 -1.00 -1.00 0 81.5 
398.64 -1.00 -1.00 0 81.8 
398.90 -1.00 -1.00 0 81.8 
399.25 -1.00 -1.00 0 81.8 
399.52 -1.00 -1.00 0 82.5 
399.75 -1.00 -1.00 0 82.5 
400.03 -1.00 -1.00 0 82.5 
400.40 -1.00 -1.00 0 82.5 
400.64 -1.00 -1.00 0 81.3 
400.87 -1.00 -1.00 0 81.3 
401.13 -1.00 -1.00 0 81.3 
401.40 -1.00 -1.00 0 81.3 
401.69 -1.00 -1.00 0 80.7 
401.98 -1.00 -1.00 0 80.7 
402.20 -1.00 -1.00 0 80.7 
402.49 -1.00 -1.00 0 80.7 
402.70 -1.00 -1.00 0 81.6 
403.00 -1.00 -1.00 0 81.6 
403.31 -1.00 -1.00 0 81.6 
403.57 -1.00 -1.00 0 81.4 
403.90 -1.00 -1.00 0 81.4 
404.17 -1.00 -1.00 0 81.4 
404.48 -1.00 -1.00 0 81.4 
404.72 -1.00 -1.00 0 81.4 
404.99 -1.00 -1.00 0 81.4 
405.29 -1.00 -1.00 0 81.4 
405.57 -1.00 -1.00 0 81.7 
405.88 -1.00 -1.00 0 81.7 
406.16 -1.00 -1.00 0 81.7 
406.44 -1.00 -1.00 0 81.7 
406.71 -1.00 -1.00 0 81.4 
407.03 -1.00 -1.00 0 81.4 
407.27 -1.00 -1.00 0 81.4 
407.54 -1.00 -1.00 0 82.0 
407.82 -1.00 -1.00 0 82.0 
408.12 -1.00 -1.00 0 82.0 
408.49 -1.00 -1.00 0 82.0 
408.78 -1.00 -1.00 0 81.8 
409.08 -1.00 -1.00 0 81.8 
409.40 -1.00 -1.00 0 81.8 
409.69 -1.00 -1.00 0 81.6 
409.98 -1.00 -1.00 0 81.6 
410.31 -1.00 -1.00 0 81.6 
410.61 -1.00 -1.00 0 82.3 
410.89 -1.00 -1.00 0 82.3 
411.16 -1.00 -1.00 0 82.3 
411.52 -1.00 -1.00 0 82.3 
411.82 -1.00 -1.00 0 81.4 
412.05 -1.00 -1.00 0 81.4 
412.43 -1.00 -1.00 0 81.4 
412.72 -1.00 -1.00 0 80.9 
413.06 -1.00 -1.00 0 80.9 
413.32 -1.00 -1.00 0 80.9 
413.60 -1.00 -1.00 0 79.8 
413.93 -1.00 -1.00 0 79.8 
414.33 -1.00 -1.00 0 79.8 
414.60 -1.00 -1.00 0 79.7 
415.17 -1.00 -1.00 0 79.7 
415.47 -1.00 -1.00 0 79.7 
415.73 -1.00 -1.00 0 78.9 
416.05 -1.00 -1.00 0 78.9 
416.41 -1.00 -1.00 0 78.9 
416.70 -1.00 -1.00 0 80.3 
416.93 -1.00 -1.00 0 80.3 
417.11 -1.00 -1.00 0 80.3 
417.41 -1.00 -1.00 0 80.3 
417.68 -1.00 -1.00 0 77.7 
417.88 -1.00 -1.00 0 77.7 
418.14 -1.00 -1.00 0 77.7 
418.47 -1.00 -1.00 0 77.7 
418.74 -1.00 -1.00 0 77.2 
419.05 200.00 9.32 1 77.2 
419.32 -1.00 -1.00 0 77.2 
419.51 -1.00 -1.00 0 77.3 
419.77 -1.00 -1.00 1 77.3 
420.07 -1.00 -1.00 1 77.3 
420.41 -1.00 -1.00 0 77.3 
420.68 -1.00 -1.00 0 78.7 
420.91 -1.00 -1.00 0 78.7 
421.26 -1.00 -1.00 0 78.7 
421.53 -1.00 -1.00 0 79.2 
421.81 -1.00 -1.00 0 79.2 
422.05 -1.00 -1.00 0 79.2 
422.42 -1.00 -1.00 0 79.2 
422.69 -1.00 -1.00 0 80.6 
422.95 -1.00 -1.00 0 80.6 
423.14 -1.00 -1.00 0 80.6 
423.42 -1.00 -1.00 0 80.6 
423.69 -1.00 -1.00 0 83.3 
423.97 -1.00 -1.00 0 83.3 
424.15 -1.00 -1.00 0 83.3 
424.45 -1.00 -1.00 0 83.3 
424.66 -1.00 -1.00 0 82.3 
424.90 -1.00 -1.00 0 82.3 
425.26 -1.00 -1.00 0 82.3 
425.59 -1.00 -1.00 0 83.2 
425.80 -1.00 -1.00 0 83.2 
426.14 -1.00 -1.00 0 83.2 
426.42 -1.00 -1.00 0 83.2 
426.71 -1.00 -1.00 0 83.5 
427.07 -1.00 -1.00 0 83.5 
427.41 -1.00 -1.00 0 83.5 
427.62 -1.00 -1.00 0 83.6 
427.89 -1.00 -1.00 0 83.6 
428.33 -1.00 -1.00 0 83.6 
428.62 -1.00 -1.00 0 83.2 
428.90 -1.00 -1.00 0 83.2 
429.16 -1.00 -1.00 0 83.2 
429.51 -1.00 -1.00 0 83.2 
429.83 -1.00 -1.00 0 83.2 
430.07 -1.00 -1.00 0 83.2 
430.39 -1.00 -1.00 0 83.2 
430.66 -1.00 -1.00 0 82.8 
430.90 -1.00 -1.00 0 82.8 
431.17 -1.00 -1.00 0 82.8 
431.55 -1.00 -1.00 0 82.8 
431.86 -1.00 -1.00 0 82.2 
432.11 -1.00 -1.00 0 82.2 
432.38 -1.00 -1.00 0 82.2 
432.63 -1.00 -1.00 0 80.4 
432.81 -1.00 -1.00 0 80.4 
433.09 -1.00 -1.00 0 80.4 
433.38 -1.00 -1.00 0 80.4 
433.56 -1.00 -1.00 0 80.4 
433.84 -1.00 -1.00 0 80.4 
434.05 -1.00 -1.00 0 80.4 
434.27 -1.00 -1.00 0 80.4 
434.53 -1.00 -1.00 0 79.8 
434.76 -1.00 -1.00 0 79.8 
435.24 -1.00 -1.00 0 79.8 
435.50 -1.00 -1.00 0 78.3 
435.68 -1.00 -1.00 0 78.3 
435.89 -1.00 -1.00 0 78.3 
436.13 -1.00 -1.00 0 78.3 
436.38 -1.00 -1.00 0 78.3 
436.66 -1.00 -1.00 0 78.4 
436.91 -1.00 -1.00 0 78.4 
437.13 -1.00 -1.00 0 78.4 
437.44 -1.00 -1.00 0 78.4 
437.64 -1.00 -1.00 0 79.1 
437.91 -1.00 -1.00 0 79.1 
438.06 -1.00 -1.00 0 79.1 
438.31 -1.00 -1.00 0 79.1 
438.46 -1.00 -1.00 0 80.4 
438.70 -1.00 -1.00 0 80.4 
438.95 -1.00 -1.00 0 80.4 
439.23 -1.00 -1.00 0 80.4 
439.47 -1.00 -1.00 0 82.1 
439.70 -1.00 -1.00 0 82.1 
439.91 -1.00 -1.00 0 82.1 
440.14 -1.00 -1.00 0 82.1 
440.32 -1.00 -1.00 0 82.1 
440.55 -1.00 -1.00 0 81.6 
440.74 -1.00 -1.00 0 81.6 
440.97 -1.00 -1.00 0 81.6 
441.29 -1.00 -1.00 0 81.6 
441.56 -1.00 -1.00 0 81.6 
441.74 -1.00 -1.00 0 81.6 
441.90 -1.00 -1.00 0 81.6 
442.12 -1.00 -1.00 0 81.6 
442.40 -1.00 -1.00 0 81.6 
442.64 -1.00 -1.00 0 80.4 
442.82 -1.00 -1.00 0 80.4 
443.08 -1.00 -1.00 0 80.4 
443.38 -1.00 -1.00 0 80.4 
443.57 -1.00 -1.00 0 82.6 
443.82 -1.00 -1.00 0 82.6 
444.01 -1.00 -1.00 0 82.6 
444.29 -1.00 -1.00 0 82.6 
444.49 -1.00 -1.00 0 82.6 
444.74 -1.00 -1.00 0 82.6 
445.22 -1.00 -1.00 0 82.6 
445.43 -1.00 -1.00 0 82.6 
445.68 -1.00 -1.00 0 82.4 
445.85 -1.00 -1.00 0 82.4 
446.11 -1.00 -1.00 0 82.4 
446.34 -1.00 -1.00 0 82.4 
446.61 -1.00 -1.00 0 84.1 
446.87 -1.00 -1.00 0 84.1 
447.15 -1.00 -1.00 0 84.1 
447.43 -1.00 -1.00 0 84.1 
447.65 -1.00 -1.00 0 85.4 
447.92 -1.00 -1.00 0 85.4 
448.21 -1.00 -1.00 0 85.4 
448.42 -1.00 -1.00 0 85.4 
448.68 -1.00 -1.00 0 86.7 
448.96 -1.00 -1.00 0 86.7 
449.28 -1.00 -1.00 0 86.7 
449.57 -1.00 -1.00 0 87.1 
449.87 -1.00 -1.00 0 87.1 
450.13 -1.00 -1.00 0 87.1 
450.45 -1.00 -1.00 0 87.1 
450.73 -1.00 -1.00 0 85.8 
450.98 -1.00 -1.00 0 85.8 
451.29 -1.00 -1.00 0 85.8 
451.57 -1.00 -1.00 0 86.1 
451.82 -1.00 -1.00 0 86.1 
451.99 -1.00 -1.00 0 86.1 
452.36 -1.00 -1.00 0 86.1 
452.61 -1.00 -1.00 0 87.0 
452.83 -1.00 -1.00 0 87.0 
453.12 -1.00 -1.00 0 87.0 
453.39 -1.00 -1.00 0 87.0 
453.63 -1.00 -1.00 0 88.3 
453.90 -1.00 -1.00 0 88.3 
454.13 -1.00 -1.00 0 88.3 
454.44 -1.00 -1.00 0 88.3 
454.68 -1.00 -1.00 0 89.2 
455.11 -1.00 -1.00 0 89.2 
455.41 -1.00 -1.00 0 89.2 
455.58 -1.00 -1.00 0 88.2 
455.81 -1.00 -1.00 0 88.2 
455.98 -1.00 -1.00 0 88.2 
456.28 -1.00 -1.00 0 88.2 
456.44 -1.00 -1.00 0 88.6 
456.72 -1.00 -1.00 0 88.6 
456.94 -1.00 -1.00 0 88.6 
457.16 -1.00 -1.00 0 88.6 
457.43 -1.00 -1.00 0 88.6 
457.68 -1.00 -1.00 0 89.9 
457.88 -1.00 -1.00 0 89.9 
458.14 -1.00 -1.00 0 89.9 
458.40 -1.00 -1.00 0 89.9 
458.61 -1.00 -1.00 0 89.2 
458.87 -1.00 -1.00 0 89.2 
459.13 -1.00 -1.00 0 89.2 
459.41 -1.00 -1.00 0 89.2 
459.66 -1.00 -1.00 0 89.0 
459.95 -1.00 -1.00 0 89.0 
460.11 -1.00 -1.00 0 89.0 
460.38 -1.00 -1.00 0 89.0 
460.59 -1.00 -1.00 0 89.5 
460.83 -1.00 -1.00 0 89.5 
460.98 -1.00 -1.00 0 89.5 
461.21 -1.00 -1.00 0 89.5 
461.42 -1.00 -1.00 0 89.5 
461.64 -1.00 -1.00 0 88.8 
461.91 -1.00 -1.00 0 88.8 
462.26 -1.00 -1.00 0 88.8 
462.47 -1.00 -1.00 0 88.9 
462.76 -1.00 -1.00 0 88.9 
462.95 -1.00 -1.00 0 88.9 
463.24 -1.00 -1.00 0 88.9 
463.48 -1.00 -1.00 0 89.2 
463.64 -1.00 -1.00 0 89.2 
463.89 -1.00 -1.00 0 89.2 
464.05 -1.00 -1.00 0 89.2 
464.30 -1.00 -1.00 0 89.2 
464.54 -1.00 -1.00 0 88.7 
464.87 -1.00 -1.00 0 88.7 
465.07 -1.00 -1.00 0 88.7 
465.33 -1.00 -1.00 0 88.7 
465.54 -1.00 -1.00 0 88.8 
465.73 -1.00 -1.00 0 88.8 
466.04 -1.00 -1.00 0 88.8 
466.39 -1.00 -1.00 0 88.8 
466.63 -1.00 -1.00 0 89.9 
466.89 -1.00 -1.00 0 89.9 
467.11 -1.00 -1.00 0 89.9 
467.37 -1.00 -1.00 0 89.9 
467.65 -1.00 -1.00 0 89.9 
467.89 -1.00 -1.00 0 89.9 
468.05 -1.00 -1.00 0 89.9 
468.25 -1.00 -1.00 0 89.9 
468.52 -1.00 -1.00 0 91.4 
468.76 -1.00 -1.00 0 91.4 
468.95 -1.00 -1.00 0 91.4 
469.14 -1.00 -1.00 0 91.4 
469.45 -1.00 -1.00 0 91.4 
469.62 -1.00 -1.00 0 89.6 
469.83 -1.00 -1.00 0 89.6 
470.05 -1.00 -1.00 0 89.6 
470.34 -1.00 -1.00 0 89.6 
470.53 -1.00 -1.00 0 87.3 
470.81 -1.00 -1.00 0 87.3 
471.05 -1.00 -1.00 0 87.3 
471.27 -1.00 -1.00 0 87.3 
471.51 -1.00 -1.00 0 87.2 
471.72 -1.00 -1.00 0 87.2 
471.92 -1.00 -1.00 0 87.2 
472.15 -1.00 -1.00 0 87.2 
472.47 -1.00 -1.00 0 87.2 
472.68 -1.00 -1.00 0 87.7 
472.93 -1.00 -1.00 0 87.7 
473.20 -1.00 -1.00 0 87.7 
473.53 -1.00 -1.00 0 88.3 
473.81 -1.00 -1.00 0 88.3 
474.06 -1.00 -1.00 0 88.3 
474.30 -1.00 -1.00 0 88.3 
474.56 -1.00 -1.00 0 88.5 
475.03 -1.00 -1.00 0 88.5 
475.39 -1.00 -1.00 0 88.5 
475.57 -1.00 -1.00 0 88.9 
475.90 -1.00 -1.00 0 88.9 
476.09 -1.00 -1.00 0 88.9 
476.36 -1.00 -1.00 0 88.9 
476.63 -1.00 -1.00 0 87.6 
476.92 -1.00 -1.00 0 87.6 
477.17 -1.00 -1.00 0 87.6 
477.54 -1.00 -1.00 0 87.6 
477.75 -1.00 -1.00 0 89.5 
478.06 -1.00 -1.00 0 89.5 
478.34 -1.00 -1.00 0 89.5 
478.53 -1.00 -1.00 0 89.8 
478.88 -1.00 -1.00 0 89.8 
479.24 -1.00 -1.00 0 89.8 
479.51 -1.00 -1.00 0 89.6 
479.78 -1.00 -1.00 0 89.6 
480.10 -1.00 -1.00 0 89.6 
480.34 -1.00 -1.00 0 89.6 
480.72 -1.00 -1.00 1 85.9 
481.00 150.75 6.32 1 85.9 
481.33 -1.00 -1.00 0 85.9 
481.75 -1.00 -1.00 0 83.6 
482.06 -1.00 -1.00 0 83.6 
482.34 -1.00 -1.00 0 83.6 
482.54 -1.00 -1.00 0 83.2 
482.92 -1.00 -1.00 0 83.2 
483.38 -1.00 -1.00 0 83.2 
483.68 -1.00 -1.00 0 83.4 
483.91 -1.00 -1.00 0 83.4 
484.16 -1.00 -1.00 0 83.4 
484.53 -1.00 -1.00 0 83.4 
485.13 -1.00 -1.00 0 84.3 
485.46 -1.00 -1.00 0 84.3 
485.73 -1.00 -1.00 0 85.7 
485.95 -1.00 -1.00 0 85.7 
486.27 -1.00 -1.00 0 85.7 
486.55 -1.00 -1.00 0 84.8 
486.87 -1.00 -1.00 0 84.8 
487.28 -1.00 -1.00 0 84.8 
487.58 -1.00 -1.00 0 84.9 
487.93 -1.00 -1.00 0 84.9 
488.28 -1.00 -1.00 0 84.9 
488.59 -1.00 -1.00 0 85.2 
488.98 -1.00 -1.00 0 85.2 
489.35 -1.00 -1.00 0 85.2 
489.64 -1.00 -1.00 0 85.3 
489.96 -1.00 -1.00 0 85.3 
490.31 -1.00 -1.00 0 85.3 
490.71 -1.00 -1.00 0 85.9 
490.98 -1.00 -1.00 0 85.9 
491.29 -1.00 -1.00 0 85.9 
491.55 -1.00 -1.00 0 81.9 
491.75 -1.00 -1.00 0 81.9 
492.08 -1.00 -1.00 0 81.9 
492.36 -1.00 -1.00 0 81.9 
492.63 -1.00 -1.00 0 80.8 
492.94 -1.00 -1.00 0 80.8 
493.27 -1.00 -1.00 0 80.8 
493.60 -1.00 -1.00 0 81.7 
493.86 -1.00 -1.00 0 81.7 
494.32 -1.00 -1.00 0 81.7 
494.57 -1.00 -1.00 0 82.6 
495.23 -1.00 -1.00 0 82.6 
495.60 -1.00 -1.00 0 82.6 
495.87 -1.00 -1.00 0 82.8 
496.36 -1.00 -1.00 0 82.8 
496.81 -1.00 -1.00 0 83.7 
497.11 -1.00 -1.00 0 83.7 
497.43 -1.00 -1.00 0 83.7 
497.79 -1.00 -1.00 0 83.0 
498.10 -1.00 -1.00 0 83.0 
498.46 -1.00 -1.00 0 83.0 
498.79 -1.00 -1.00 0 83.1 
499.06 -1.00 -1.00 0 83.1 
499.43 -1.00 -1.00 0 83.1 
499.66 -1.00 -1.00 0 81.8 
500.01 -1.00 -1.00 0 81.8 
500.31 -1.00 -1.00 0 81.8 
500.59 -1.00 -1.00 0 81.9 
500.84 -1.00 -1.00 0 81.9 
501.12 -1.00 -1.00 0 81.9 
501.39 -1.00 -1.00 0 81.9 
501.66 -1.00 -1.00 0 81.5 
501.94 -1.00 -1.00 0 81.5 
502.37 -1.00 -1.00 0 81.5 
502.63 -1.00 -1.00 0 82.9 
502.94 -1.00 -1.00 0 82.9 
503.24 -1.00 -1.00 0 82.9 
503.58 -1.00 -1.00 0 82.9 
503.99 -1.00 -1.00 0 82.9 
504.35 -1.00 -1.00 0 82.9 
504.62 -1.00 -1.00 0 82.2 
505.31 -1.00 -1.00 0 82.2 
505.63 -1.00 -1.00 0 81.7 
505.95 -1.00 -1.00 0 81.7 
506.19 -1.00 -1.00 0 81.7 
506.52 -1.00 -1.00 0 81.7 
506.94 -1.00 -1.00 0 81.4 
507.27 -1.00 -1.00 0 81.4 
507.62 -1.00 -1.00 0 81.7 
507.88 -1.00 -1.00 0 81.7 
508.28 -1.00 -1.00 0 81.7 
508.56 -1.00 -1.00 0 82.0 
508.81 -1.00 -1.00 0 82.0 
509.07 -1.00 -1.00 0 82.0 
509.36 -1.00 -1.00 0 82.0 
509.62 -1.00 -1.00 0 82.4 
509.87 -1.00 -1.00 0 82.4 
510.16 -1.00 -1.00 0 82.4 
510.52 -1.00 -1.00 0 82.4 
510.83 -1.00 -1.00 0 82.7 
511.13 -1.00 -1.00 0 82.7 
511.48 -1.00 -1.00 0 82.7 
511.76 -1.00 -1.00 0 83.1 
512.03 -1.00 -1.00 0 83.1 
512.33 -1.00 -1.00 0 83.1 
512.63 -1.00 -1.00 0 83.4 
513.01 -1.00 -1.00 0 83.4 
513.33 -1.00 -1.00 0 83.4 
513.64 -1.00 -1.00 0 84.2 
513.90 -1.00 -1.00 0 84.2 
514.26 -1.00 -1.00 0 84.2 
514.53 -1.00 -1.00 0 84.5 
514.85 -1.00 -1.00 0 84.5 
515.41 -1.00 -1.00 0 84.5 
515.70 -1.00 -1.00 0 85.3 
515.96 -1.00 -1.00 0 85.3 
516.38 -1.00 -1.00 0 85.3 
516.70 -1.00 -1.00 0 85.0 
517.02 -1.00 -1.00 0 85.0 
517.35 -1.00 -1.00 0 85.0 
517.64 -1.00 -1.00 0 86.0 
517.90 -1.00 -1.00 0 86.0 
518.12 -1.00 -1.00 0 86.0 
518.44 -1.00 -1.00 0 86.0 
518.70 -1.00 -1.00 0 86.2 
519.05 -1.00 -1.00 0 86.2 
519.36 -1.00 -1.00 0 86.2 
519.66 -1.00 -1.00 0 86.5 
519.91 -1.00 -1.00 0 86.5 
520.17 -1.00 -1.00 0 86.5 
520.48 -1.00 -1.00 0 86.5 
520.88 -1.00 -1.00 0 84.6 
521.11 -1.00 -1.00 0 84.6 
521.45 -1.00 -1.00 0 84.6 
521.72 -1.00 -1.00 0 85.8 
522.01 -1.00 -1.00 0 85.8 
522.36 -1.00 -1.00 0 85.8 
522.76 -1.00 -1.00 0 85.5 
523.11 -1.00 -1.00 0 85.5 
523.42 -1.00 -1.00 0 85.5 
523.64 -1.00 -1.00 1 87.5 
523.93 -1.00 -1.00 1 87.5 
524.27 23.56 0.97 1 87.5 
524.53 26.44 1.09 1 87.2 
524.83 29.56 1.22 1 87.2 
525.16 34.49 1.42 1 87.2 
525.43 38.59 1.59 1 87.2 
525.66 43.12 1.78 1 87.4 
526.00 52.35 2.16 1 87.4 
526.32 59.73 2.46 1 87.4 
526.61 69.10 2.85 1 87.3 
526.91 77.16 3.18 1 87.3 
527.16 88.71 3.66 1 87.3 
527.50 94.75 3.91 2 87.3 
527.77 104.47 4.26 2 88.2 
528.12 21.74 0.89 2 88.2 
528.47 23.85 0.97 2 88.2 
528.74 25.79 1.04 2 89.2 
529.05 29.98 1.21 2 89.2 
529.31 33.39 1.35 1 89.2 
529.67 40.45 1.63 1 89.3 
529.93 47.71 1.92 1 89.3 
530.15 53.69 2.16 1 89.3 
530.53 61.05 2.46 1 89.3 
530.90 75.29 3.07 1 88.4 
531.16 86.86 3.54 1 88.4 
531.49 88.82 3.62 1 88.4 
531.79 99.29 4.01 1 89.2 
532.07 104.65 4.22 1 89.2 
532.45 113.73 4.59 1 89.2 
532.79 118.10 4.80 1 88.6 
533.29 126.26 5.13 1 88.6 
533.59 133.84 5.43 1 88.7 
533.84 -1.00 -1.00 0 88.7 
534.12 -1.00 -1.00 0 88.7 
534.43 -1.00 -1.00 0 88.7 
534.74 -1.00 -1.00 0 88.5 
534.99 -1.00 -1.00 0 88.5 
535.33 -1.00 -1.00 0 88.5 
535.57 -1.00 -1.00 0 89.4 
535.86 -1.00 -1.00 0 89.4 
536.12 -1.00 -1.00 0 89.4 
536.51 -1.00 -1.00 0 89.4 
536.76 -1.00 -1.00 0 88.7 
537.03 -1.00 -1.00 0 88.7 
537.32 -1.00 -1.00 0 88.7 
537.72 -1.00 -1.00 0 88.8 
537.95 -1.00 -1.00 0 88.8 
538.26 -1.00 -1.00 0 88.8 
538.55 -1.00 -1.00 0 88.5 
538.84 -1.00 -1.00 0 88.5 
539.15 -1.00 -1.00 0 88.5 
539.45 -1.00 -1.00 0 88.5 
539.70 -1.00 -1.00 0 87.5 
539.93 -1.00 -1.00 0 87.5 
540.17 -1.00 -1.00 0 87.5 
540.48 -1.00 -1.00 0 87.5 
540.72 -1.00 -1.00 0 88.1 
540.94 -1.00 -1.00 0 88.1 
541.19 -1.00 -1.00 0 88.1 
541.49 -1.00 -1.00 0 88.1 
541.77 -1.00 -1.00 0 85.6 
542.03 -1.00 -1.00 0 85.6 
542.40 -1.00 -1.00 0 85.6 
542.66 -1.00 -1.00 0 86.6 
542.91 -1.00 -1.00 0 86.6 
543.27 -1.00 -1.00 0 86.6 
543.48 -1.00 -1.00 0 86.7 
543.80 -1.00 -1.00 0 86.7 
544.07 -1.00 -1.00 0 86.7 
544.37 -1.00 -1.00 0 86.7 
544.65 -1.00 -1.00 0 86.5 
545.33 -1.00 -1.00 0 86.5 
545.64 -1.00 -1.00 0 86.7 
545.95 -1.00 -1.00 0 86.7 
546.35 -1.00 -1.00 0 86.7 
546.64 -1.00 -1.00 0 87.0 
546.91 -1.00 -1.00 0 87.0 
547.12 -1.00 -1.00 0 87.0 
547.41 -1.00 -1.00 0 87.0 
547.75 -1.00 -1.00 0 87.2 
548.04 -1.00 -1.00 0 87.2 
548.29 -1.00 -1.00 0 87.2 
548.61 -1.00 -1.00 0 87.8 
548.90 -1.00 -1.00 0 87.8 
549.16 -1.00 -1.00 0 87.8 
549.52 -1.00 -1.00 1 87.8 
549.78 -1.00 -1.00 0 85.6 
550.07 -1.00 -1.00 0 85.6 
550.34 -1.00 -1.00 0 85.6 
550.62 -1.00 -1.00 0 86.5 
550.85 -1.00 -1.00 0 86.5 
551.14 -1.00 -1.00 0 86.5 
551.41 -1.00 -1.00 0 86.5 
551.68 -1.00 -1.00 0 88.0 
551.92 -1.00 -1.00 0 88.0 
552.21 -1.00 -1.00 0 88.0 
552.52 -1.00 -1.00 0 88.0 
552.81 -1.00 -1.00 0 86.8 
553.03 -1.00 -1.00 0 86.8 
553.32 -1.00 -1.00 0 86.8 
553.55 -1.00 -1.00 0 86.3 
553.81 -1.00 -1.00 0 86.3 
554.05 -1.00 -1.00 0 86.3 
554.33 -1.00 -1.00 0 86.3 
554.56 -1.00 -1.00 0 87.2 
555.12 -1.00 -1.00 0 87.2 
555.42 -1.00 -1.00 0 87.2 
555.72 -1.00 -1.00 0 88.8 
555.97 -1.00 -1.00 0 88.8 
556.30 -1.00 -1.00 0 88.8 
556.60 -1.00 -1.00 0 88.8 
556.83 -1.00 -1.00 0 88.8 
557.06 -1.00 -1.00 0 88.8 
557.32 -1.00 -1.00 0 88.8 
557.64 -1.00 -1.00 0 87.9 
557.90 -1.00 -1.00 0 87.9 
558.13 -1.00 -1.00 0 87.9 
558.38 -1.00 -1.00 0 87.9 
558.65 -1.00 -1.00 0 88.2 
558.89 -1.00 -1.00 1 88.2 
559.11 -1.00 -1.00 0 88.2 
559.37 -1.00 -1.00 0 88.2 
559.62 -1.00 -1.00 0 87.5 
559.88 -1.00 -1.00 0 87.5 
560.07 -1.00 -1.00 0 87.5 
560.30 -1.00 -1.00 0 87.5 
560.52 -1.00 -1.00 0 87.8 
560.75 -1.00 -1.00 0 87.8 
560.99 -1.00 -1.00 0 87.8 
561.30 -1.00 -1.00 0 87.8 
561.57 -1.00 -1.00 0 87.1 
561.82 -1.00 -1.00 0 87.1 
562.06 -1.00 -1.00 0 87.1 
562.31 -1.00 -1.00 0 87.1 
562.65 -1.00 -1.00 0 87.1 
562.98 -1.00 -1.00 0 87.1 
563.36 -1.00 -1.00 0 87.1 
563.70 -1.00 -1.00 0 87.2 
564.03 -1.00 -1.00 0 87.2 
564.37 -1.00 -1.00 0 87.2 
564.63 -1.00 -1.00 0 87.2 
565.36 -1.00 -1.00 0 87.2 
565.69 -1.00 -1.00 0 88.5 
566.01 -1.00 -1.00 0 88.5 
566.33 -1.00 -1.00 0 88.5 
566.63 -1.00 -1.00 0 88.1 
566.94 -1.00 -1.00 0 88.1 
567.30 -1.00 -1.00 0 88.1 
567.59 -1.00 -1.00 0 86.9 
567.95 -1.00 -1.00 0 86.9 
568.25 -1.00 -1.00 0 86.9 
568.55 -1.00 -1.00 0 86.9 
568.78 -1.00 -1.00 0 87.2 
569.04 -1.00 -1.00 0 87.2 
569.31 -1.00 -1.00 0 87.2 
569.57 -1.00 -1.00 0 87.1 
569.81 -1.00 -1.00 0 87.1 
570.11 -1.00 -1.00 0 87.1 
570.48 -1.00 -1.00 0 87.1 
570.76 -1.00 -1.00 0 88.0 
571.07 -1.00 -1.00 0 88.0 
571.41 -1.00 -1.00 0 88.0 
571.64 -1.00 -1.00 0 88.7 
571.91 -1.00 -1.00 0 88.7 
572.13 -1.00 -1.00 0 88.7 
572.37 -1.00 -1.00 0 88.7 
572.64 -1.00 -1.00 0 88.5 
572.91 -1.00 -1.00 0 88.5 
573.11 -1.00 -1.00 0 88.5 
573.39 -1.00 -1.00 0 88.5 
573.59 -1.00 -1.00 0 88.4 
573.86 -1.00 -1.00 0 88.4 
574.11 -1.00 -1.00 0 88.4 
574.35 -1.00 -1.00 0 88.4 
574.67 -1.00 -1.00 0 87.6 
575.29 -1.00 -1.00 0 87.6 
575.52 -1.00 -1.00 0 87.9 
575.80 -1.00 -1.00 0 87.9 
576.07 -1.00 -1.00 0 87.9 
576.31 -1.00 -1.00 0 87.9 
576.60 -1.00 -1.00 0 88.1 
576.87 -1.00 -1.00 0 88.1 
577.14 -1.00 -1.00 0 88.1 
577.46 -1.00 -1.00 0 88.1 
577.76 -1.00 -1.00 0 87.9 
578.01 -1.00 -1.00 0 87.9 
578.30 -1.00 -1.00 0 87.9 
578.50 -1.00 -1.00 0 87.1 
578.73 -1.00 -1.00 0 87.1 
578.96 -1.00 -1.00 0 87.1 
579.27 -1.00 -1.00 0 87.1 
579.53 -1.00 -1.00 0 86.5 
579.82 -1.00 -1.00 0 86.5 
580.06 -1.00 -1.00 0 86.5 
580.37 -1.00 -1.00 0 86.5 
580.58 -1.00 -1.00 0 87.0 
580.80 -1.00 -1.00 0 87.0 
581.04 -1.00 -1.00 0 87.0 
581.33 -1.00 -1.00 0 87.0 
581.55 -1.00 -1.00 0 86.7 
581.89 -1.00 -1.00 0 86.7 
582.29 -1.00 -1.00 0 86.7 
582.61 -1.00 -1.00 0 86.7 
582.84 -1.00 -1.00 0 86.7 
583.09 -1.00 -1.00 0 86.7 
583.37 -1.00 -1.00 0 86.7 
583.57 -1.00 -1.00 0 88.2 
583.79 -1.00 -1.00 0 88.2 
584.00 -1.00 -1.00 0 88.2 
584.30 -1.00 -1.00 0 88.2 
584.60 -1.00 -1.00 0 87.0 
585.11 -1.00 -1.00 0 87.0 
585.37 -1.00 -1.00 0 87.0 
585.61 -1.00 -1.00 0 87.0 
585.91 -1.00 -1.00 0 87.0 
586.14 -1.00 -1.00 0 87.0 
586.50 -1.00 -1.00 0 87.0 
586.76 -1.00 -1.00 0 85.8 
587.05 -1.00 -1.00 0 85.8 
587.35 -1.00 -1.00 0 85.8 
587.56 -1.00 -1.00 0 84.9 
587.83 -1.00 -1.00 0 84.9 
588.05 -1.00 -1.00 0 84.9 
588.36 -1.00 -1.00 0 84.9 
588.57 -1.00 -1.00 0 86.0 
588.84 -1.00 -1.00 0 86.0 
589.06 -1.00 -1.00 0 86.0 
589.33 -1.00 -1.00 0 86.0 
589.57 -1.00 -1.00 0 86.5 
589.88 -1.00 -1.00 1 86.5 
590.14 -1.00 -1.00 1 86.5 
590.41 -1.00 -1.00 0 86.5 
590.67 -1.00 -1.00 0 86.6 
590.89 -1.00 -1.00 0 86.6 
591.14 -1.00 -1.00 0 86.6 
591.48 -1.00 -1.00 0 86.6 
591.69 -1.00 -1.00 0 87.4 
591.94 -1.00 -1.00 0 87.4 
592.15 -1.00 -1.00 0 87.4 
592.39 -1.00 -1.00 0 87.4 
592.60 200.00 8.49 1 84.8 
592.82 200.40 8.51 1 84.8 
593.07 -1.00 -1.00 0 84.8 
593.37 -1.00 -1.00 0 84.8 
593.74 -1.00 -1.00 0 82.7 
593.94 -1.00 -1.00 0 82.7 
594.15 -1.00 -1.00 0 82.7 
594.49 -1.00 -1.00 0 82.7 
594.75 -1.00 -1.00 0 82.7 
595.15 -1.00 -1.00 0 82.7 
595.48 -1.00 -1.00 0 82.7 
595.79 -1.00 -1.00 0 83.6 
596.00 -1.00 -1.00 0 83.6 
596.25 -1.00 -1.00 0 83.6 
596.56 -1.00 -1.00 0 83.4 
596.79 -1.00 -1.00 0 83.4 
597.00 -1.00 -1.00 0 83.4 
597.30 -1.00 -1.00 0 83.4 
597.56 -1.00 -1.00 0 84.9 
597.81 -1.00 -1.00 0 84.9 
598.03 -1.00 -1.00 0 84.9 
598.30 -1.00 -1.00 0 84.9 
598.52 -1.00 -1.00 0 84.2 
598.77 -1.00 -1.00 0 84.2 
598.96 -1.00 -1.00 0 84.2 
599.23 -1.00 -1.00 0 84.2 
599.45 -1.00 -1.00 0 84.2 
599.70 -1.00 -1.00 0 84.2 
599.88 -1.00 -1.00 0 84.2 
600.06 -1.00 -1.00 0 84.2 
600.32 -1.00 -1.00 0 84.2 
600.55 -1.00 -1.00 0 83.3 
600.82 -1.00 -1.00 0 83.3 
601.09 -1.00 -1.00 1 83.3 
601.42 -1.00 -1.00 1 83.3 
601.71 -1.00 -1.00 1 84.9 
601.93 13.10 0.56 1 84.9 
602.17 14.81 0.63 1 84.9 
602.42 16.65 0.71 1 84.9 
602.62 18.27 0.76 1 86.9 
602.86 20.22 0.84 1 86.9 
603.11 22.02 0.91 1 86.9 
603.41 24.37 1.01 1 86.9 
603.66 28.03 1.15 1 87.6 
603.87 30.88 1.27 1 87.6 
604.06 34.46 1.42 1 87.6 
604.32 38.15 1.57 1 87.6 
604.54 40.49 1.64 1 89.1 
604.76 43.26 1.75 1 89.1 
605.15 50.35 2.03 1 89.1 
605.41 54.94 2.22 1 89.1 
605.60 58.89 2.35 1 90.2 
605.87 63.96 2.55 1 90.2 
606.15 66.81 2.67 2 90.2 
606.39 70.93 2.83 1 90.2 
606.59 76.68 3.02 1 91.4 
606.80 81.76 3.22 1 91.4 
607.07 86.30 3.40 1 91.4 
607.32 90.42 3.56 1 91.4 
607.53 94.15 3.67 1 92.4 
607.76 97.54 3.80 1 92.4 
608.05 100.58 3.92 1 92.4 
608.31 110.86 4.32 1 92.4 
608.51 119.81 4.57 1 94.4 
608.70 127.78 4.87 1 94.4 
608.89 135.00 5.15 1 94.4 
609.10 141.64 5.40 1 94.4 
609.32 147.75 5.63 1 94.4 
609.58 -1.00 -1.00 0 92.4 
609.80 -1.00 -1.00 0 92.4 
610.04 -1.00 -1.00 0 92.4 
610.28 -1.00 -1.00 0 92.4 
610.46 -1.00 -1.00 0 89.6 
610.70 -1.00 -1.00 0 89.6 
610.93 -1.00 -1.00 0 89.6 
611.09 -1.00 -1.00 0 89.6 
611.35 -1.00 -1.00 0 89.6 
611.57 -1.00 -1.00 0 85.7 
611.81 -1.00 -1.00 0 85.7 
611.99 -1.00 -1.00 0 85.7 
612.24 -1.00 -1.00 0 85.7 
612.45 -1.00 -1.00 0 86.5 
612.63 -1.00 -1.00 0 86.5 
612.90 -1.00 -1.00 0 86.5 
613.11 -1.00 -1.00 0 86.5 
613.35 -1.00 -1.00 0 86.5 
613.52 -1.00 -1.00 0 86.7 
613.74 -1.00 -1.00 0 86.7 
613.97 -1.00 -1.00 0 86.7 
614.16 -1.00 -1.00 0 86.7 
614.39 -1.00 -1.00 0 86.7 
614.63 -1.00 -1.00 0 87.0 
615.09 -1.00 -1.00 0 87.0 
615.31 -1.00 -1.00 0 87.0 
615.53 -1.00 -1.00 0 87.7 
615.70 -1.00 -1.00 0 87.7 
615.90 -1.00 -1.00 0 87.7 
616.14 -1.00 -1.00 0 87.7 
616.35 -1.00 -1.00 0 87.7 
616.59 -1.00 -1.00 0 86.9 
616.83 -1.00 -1.00 0 86.9 
617.03 -1.00 -1.00 0 86.9 
617.26 -1.00 -1.00 0 86.9 
617.44 -1.00 -1.00 0 87.6 
617.69 -1.00 -1.00 0 87.6 
617.86 -1.00 -1.00 0 87.6 
618.05 -1.00 -1.00 0 87.6 
618.30 -1.00 -1.00 0 87.6 
618.46 -1.00 -1.00 0 88.6 
618.62 -1.00 -1.00 0 88.6 
618.85 -1.00 -1.00 0 88.6 
619.02 -1.00 -1.00 0 88.6 
619.25 -1.00 -1.00 0 88.6 
619.46 -1.00 -1.00 0 87.8 
619.61 -1.00 -1.00 0 87.8 
619.91 -1.00 -1.00 0 87.8 
620.09 -1.00 -1.00 0 87.8 
620.33 -1.00 -1.00 0 87.8 
620.51 -1.00 -1.00 0 87.8 
620.73 -1.00 -1.00 0 87.8 
620.95 -1.00 -1.00 0 87.8 
621.16 -1.00 -1.00 0 87.8 
621.40 -1.00 -1.00 0 87.8 
621.60 -1.00 -1.00 0 85.6 
621.77 -1.00 -1.00 0 85.6 
622.00 -1.00 -1.00 0 85.6 
622.18 -1.00 -1.00 0 85.6 
622.49 -1.00 -1.00 0 85.6 
622.73 -1.00 -1.00 0 86.0 
622.97 -1.00 -1.00 0 86.0 
623.24 -1.00 -1.00 0 86.0 
623.48 -1.00 -1.00 0 85.7 
623.77 -1.00 -1.00 0 85.7 
623.98 -1.00 -1.00 0 85.7 
624.26 -1.00 -1.00 0 85.7 
624.45 -1.00 -1.00 0 85.4 
624.74 -1.00 -1.00 0 85.4 
625.18 -1.00 -1.00 0 85.4 
625.40 -1.00 -1.00 0 85.4 
625.61 -1.00 -1.00 0 85.5 
625.82 -1.00 -1.00 0 85.5 
626.12 -1.00 -1.00 0 85.5 
626.38 -1.00 -1.00 0 85.5 
626.61 -1.00 -1.00 0 85.5 
626.88 -1.00 -1.00 0 85.5 
627.06 -1.00 -1.00 0 85.5 
627.33 -1.00 -1.00 0 85.5 
627.56 -1.00 -1.00 0 85.3 
627.79 -1.00 -1.00 0 85.3 
628.07 -1.00 -1.00 0 85.3 
628.31 -1.00 -1.00 0 85.3 
628.56 -1.00 -1.00 0 85.2 
628.72 -1.00 -1.00 0 85.2 
628.89 -1.00 -1.00 0 85.2 
629.10 -1.00 -1.00 0 85.2 
629.37 -1.00 -1.00 0 85.2 
629.55 -1.00 -1.00 0 85.3 
629.70 -1.00 -1.00 0 85.3 
629.93 -1.00 -1.00 0 85.3 
630.09 -1.00 -1.00 0 85.3 
630.31 -1.00 -1.00 0 85.3 
630.49 -1.00 -1.00 0 85.8 
630.74 -1.00 -1.00 0 85.8 
630.96 -1.00 -1.00 0 85.8 
631.16 -1.00 -1.00 0 85.8 
631.41 -1.00 -1.00 0 85.8 
631.62 -1.00 -1.00 0 85.0 
631.81 -1.00 -1.00 0 85.0 
631.98 -1.00 -1.00 0 85.0 
632.15 -1.00 -1.00 0 85.0 
632.39 -1.00 -1.00 0 85.0 
632.63 -1.00 -1.00 0 83.5 
632.82 -1.00 -1.00 0 83.5 
633.05 -1.00 -1.00 0 83.5 
633.29 -1.00 -1.00 0 83.5 
633.52 -1.00 -1.00 0 84.3 
633.69 -1.00 -1.00 0 84.3 
633.88 -1.00 -1.00 0 84.3 
634.04 -1.00 -1.00 0 84.3 
634.31 -1.00 -1.00 0 84.3 
634.49 -1.00 -1.00 0 85.8 
634.65 -1.00 -1.00 0 85.8 
635.06 -1.00 -1.00 0 85.8 
635.27 -1.00 -1.00 0 85.8 
635.51 -1.00 -1.00 0 84.1 
635.68 -1.00 -1.00 0 84.1 
635.88 -1.00 -1.00 0 84.1 
636.10 -1.00 -1.00 0 84.1 
636.34 -1.00 -1.00 0 84.1 
636.57 -1.00 -1.00 0 84.9 
636.75 -1.00 -1.00 0 84.9 
636.94 -1.00 -1.00 0 84.9 
637.16 -1.00 -1.00 0 84.9 
637.41 -1.00 -1.00 0 84.9 
637.60 -1.00 -1.00 0 87.6 
637.81 -1.00 -1.00 0 87.6 
638.03 -1.00 -1.00 0 87.6 
638.25 -1.00 -1.00 0 87.6 
638.49 -1.00 -1.00 0 85.6 
638.68 -1.00 -1.00 0 85.6 
638.91 -1.00 -1.00 0 85.6 
639.13 -1.00 -1.00 0 85.6 
639.39 -1.00 -1.00 0 85.6 
639.58 -1.00 -1.00 0 85.9 
639.83 -1.00 -1.00 0 85.9 
640.05 -1.00 -1.00 0 85.9 
640.26 -1.00 -1.00 0 85.9 
640.45 -1.00 -1.00 1 84.6 
640.64 -1.00 -1.00 1 84.6 
640.83 -1.00 -1.00 0 84.6 
641.05 -1.00 -1.00 0 84.6 
641.28 -1.00 -1.00 0 84.6 
641.47 -1.00 -1.00 0 83.8 
641.66 -1.00 -1.00 0 83.8 
641.84 -1.00 -1.00 0 83.8 
642.00 -1.00 -1.00 0 83.8 
642.20 -1.00 -1.00 0 83.8 
642.45 100.94 4.34 1 83.8 
642.69 -1.00 -1.00 0 83.0 
642.89 -1.00 -1.00 0 83.0 
643.10 -1.00 -1.00 0 83.0 
643.33 -1.00 -1.00 0 83.0 
643.56 -1.00 -1.00 0 82.0 
643.74 -1.00 -1.00 0 82.0 
643.92 -1.00 -1.00 0 82.0 
644.11 -1.00 -1.00 0 82.0 
644.37 -1.00 -1.00 0 82.0 
644.57 -1.00 -1.00 0 80.8 
644.75 -1.00 -1.00 0 80.8 
644.94 -1.00 -1.00 0 80.8 
645.31 -1.00 -1.00 0 80.8 
645.53 -1.00 -1.00 0 79.6 
645.75 -1.00 -1.00 0 79.6 
645.95 -1.00 -1.00 0 79.6 
646.13 -1.00 -1.00 0 79.6 
646.33 -1.00 -1.00 0 79.6 
646.54 -1.00 -1.00 0 78.4 
646.72 -1.00 -1.00 0 78.4 
646.89 -1.00 -1.00 0 78.4 
647.14 -1.00 -1.00 0 78.4 
647.37 -1.00 -1.00 0 78.4 
647.56 -1.00 -1.00 0 79.1 
647.78 -1.00 -1.00 0 79.1 
647.99 -1.00 -1.00 0 79.1 
648.17 -1.00 -1.00 0 79.1 
648.41 -1.00 -1.00 0 79.1 
648.67 -1.00 -1.00 0 80.2 
648.91 -1.00 -1.00 0 80.2 
649.13 -1.00 -1.00 0 80.2 
649.39 -1.00 -1.00 0 80.2 
649.57 -1.00 -1.00 0 80.1 
649.82 -1.00 -1.00 0 80.1 
650.09 -1.00 -1.00 0 80.1 
650.36 -1.00 -1.00 0 80.1 
650.54 -1.00 -1.00 0 80.2 
650.78 -1.00 -1.00 0 80.2 
650.99 -1.00 -1.00 0 80.2 
651.23 -1.00 -1.00 0 80.2 
651.42 -1.00 -1.00 0 81.7 
651.69 -1.00 -1.00 0 81.7 
651.92 -1.00 -1.00 0 81.7 
652.08 -1.00 -1.00 0 81.7 
652.35 -1.00 -1.00 0 81.7 
652.55 -1.00 -1.00 0 79.3 
652.74 -1.00 -1.00 0 79.3 
652.96 -1.00 -1.00 0 79.3 
653.21 -1.00 -1.00 0 79.3 
653.45 -1.00 -1.00 0 79.1 
653.67 -1.00 -1.00 0 79.1 
653.92 -1.00 -1.00 0 79.1 
654.10 -1.00 -1.00 0 79.1 
654.42 -1.00 -1.00 0 79.1 
654.60 -1.00 -1.00 0 79.4 
655.11 -1.00 -1.00 0 79.4 
655.33 -1.00 -1.00 0 79.4 
655.57 -1.00 -1.00 0 79.0 
655.74 -1.00 -1.00 0 79.0 
655.94 -1.00 -1.00 0 79.0 
656.20 -1.00 -1.00 0 79.0 
656.44 -1.00 -1.00 0 79.0 
656.73 -1.00 -1.00 0 78.8 
657.01 -1.00 -1.00 0 78.8 
657.31 -1.00 -1.00 0 78.8 
657.53 -1.00 -1.00 0 78.6 
657.84 -1.00 -1.00 0 78.6 
658.04 -1.00 -1.00 0 78.6 
658.33 -1.00 -1.00 0 78.6 
658.54 -1.00 -1.00 0 78.2 
658.76 -1.00 -1.00 0 78.2 
658.98 -1.00 -1.00 0 78.2 
659.25 -1.00 -1.00 0 78.2 
659.46 -1.00 -1.00 0 78.3 
659.67 -1.00 -1.00 0 78.3 
659.92 -1.00 -1.00 0 78.3 
660.15 -1.00 -1.00 0 78.3 
660.37 -1.00 -1.00 0 78.3 
660.59 -1.00 -1.00 0 78.5 
660.79 -1.00 -1.00 0 78.5 
661.03 -1.00 -1.00 0 78.5 
661.35 -1.00 -1.00 0 78.5 
661.54 -1.00 -1.00 0 78.6 
661.73 -1.00 -1.00 0 78.6 
661.95 -1.00 -1.00 0 78.6 
662.13 -1.00 -1.00 0 78.6 
662.40 -1.00 -1.00 0 78.6 
662.55 -1.00 -1.00 0 77.2 
662.82 -1.00 -1.00 0 77.2 
663.06 -1.00 -1.00 0 77.2 
663.31 -1.00 -1.00 0 77.2 
663.48 -1.00 -1.00 0 78.2 
663.67 -1.00 -1.00 0 78.2 
663.91 -1.00 -1.00 0 78.2 
664.11 -1.00 -1.00 0 78.2 
664.43 -1.00 -1.00 0 78.2 
664.60 -1.00 -1.00 0 80.1 
665.08 -1.00 -1.00 0 80.1 
665.30 -1.00 -1.00 0 80.1 
665.50 -1.00 -1.00 0 77.4 
665.79 -1.00 -1.00 0 77.4 
666.00 -1.00 -1.00 0 77.4 
666.19 -1.00 -1.00 0 77.4 
666.42 -1.00 -1.00 0 77.4 
666.65 -1.00 -1.00 0 77.2 
666.80 -1.00 -1.00 0 77.2 
666.96 -1.00 -1.00 0 77.2 
667.13 -1.00 -1.00 0 77.2 
667.37 -1.00 -1.00 0 77.2 
667.58 -1.00 -1.00 0 77.1 
667.82 -1.00 -1.00 0 77.1 
668.07 -1.00 -1.00 0 77.1 
668.28 -1.00 -1.00 0 77.1 
668.49 -1.00 -1.00 0 76.8 
668.68 -1.00 -1.00 0 76.8 
668.95 -1.00 -1.00 0 76.8 
669.14 -1.00 -1.00 0 76.8 
669.40 -1.00 -1.00 0 76.8 
669.61 -1.00 -1.00 0 77.1 
669.83 -1.00 -1.00 0 77.1 
670.02 -1.00 -1.00 0 77.1 
670.25 -1.00 -1.00 0 77.1 
670.47 -1.00 -1.00 0 76.9 
670.66 -1.00 -1.00 0 76.9 
670.90 -1.00 -1.00 0 76.9 
671.14 -1.00 -1.00 0 76.9 
671.35 -1.00 -1.00 0 76.9 
671.57 -1.00 -1.00 0 76.6 
671.87 -1.00 -1.00 0 76.6 
672.09 -1.00 -1.00 0 76.6 
672.38 -1.00 -1.00 0 76.6 
672.53 -1.00 -1.00 0 77.1 
672.71 -1.00 -1.00 0 77.1 
672.89 -1.00 -1.00 0 77.1 
673.06 -1.00 -1.00 0 77.1 
673.27 -1.00 -1.00 0 77.1 
673.48 -1.00 -1.00 0 76.5 
673.68 -1.00 -1.00 0 76.5 
673.88 -1.00 -1.00 0 76.5 
674.07 -1.00 -1.00 0 76.5 
674.29 -1.00 -1.00 0 76.5 
674.48 -1.00 -1.00 0 78.6 
674.67 -1.00 -1.00 0 78.6 
675.11 -1.00 -1.00 0 78.6 
675.35 -1.00 -1.00 0 78.6 
675.59 -1.00 -1.00 0 78.3 
675.90 -1.00 -1.00 1 78.3 
676.15 -1.00 -1.00 1 78.3 
676.36 -1.00 -1.00 0 78.3 
676.59 -1.00 -1.00 0 78.6 
676.80 -1.00 -1.00 0 78.6 
676.99 -1.00 -1.00 0 78.6 
677.26 -1.00 -1.00 0 78.6 
677.43 -1.00 -1.00 0 78.3 
677.67 -1.00 -1.00 0 78.3 
677.89 -1.00 -1.00 0 78.3 
678.05 -1.00 -1.00 0 78.3 
678.24 -1.00 -1.00 0 78.3 
678.46 -1.00 -1.00 0 77.9 
678.65 -1.00 -1.00 0 77.9 
678.85 -1.00 -1.00 0 77.9 
679.09 -1.00 -1.00 0 77.9 
679.28 -1.00 -1.00 0 77.9 
679.50 -1.00 -1.00 0 77.9 
679.67 -1.00 -1.00 0 77.9 
679.89 -1.00 -1.00 0 77.9 
680.07 -1.00 -1.00 0 77.9 
680.31 -1.00 -1.00 0 77.9 
680.50 -1.00 -1.00 0 78.6 
680.68 -1.00 -1.00 0 78.6 
680.97 -1.00 -1.00 0 78.6 
681.26 -1.00 -1.00 0 78.6 
681.46 -1.00 -1.00 0 77.8 
681.72 -1.00 -1.00 0 77.8 
681.93 -1.00 -1.00 0 77.8 
682.14 -1.00 -1.00 0 77.8 
682.43 -1.00 -1.00 0 77.8 
682.65 -1.00 -1.00 0 78.4 
682.88 -1.00 -1.00 0 78.4 
683.08 -1.00 -1.00 0 78.4 
683.36 -1.00 -1.00 0 78.4 
683.58 -1.00 -1.00 0 78.9 
683.78 -1.00 -1.00 0 78.9 
684.00 -1.00 -1.00 0 78.9 
684.30 -1.00 -1.00 0 78.9 
684.50 -1.00 -1.00 0 77.0 
684.72 -1.00 -1.00 0 77.0 
685.10 -1.00 -1.00 0 77.0 
685.40 -1.00 -1.00 0 77.0 
685.58 -1.00 -1.00 0 77.4 
685.88 -1.00 -1.00 0 77.4 
686.09 -1.00 -1.00 0 77.4 
686.33 -1.00 -1.00 0 77.4 
686.61 -1.00 -1.00 0 77.9 
686.86 -1.00 -1.00 0 77.9 
687.06 -1.00 -1.00 0 77.9 
687.33 -1.00 -1.00 0 77.9 
687.56 -1.00 -1.00 0 78.2 
687.75 -1.00 -1.00 0 78.2 
687.98 -1.00 -1.00 0 78.2 
688.24 -1.00 -1.00 0 78.2 
688.48 -1.00 -1.00 0 79.1 
688.71 -1.00 -1.00 0 79.1 
688.93 -1.00 -1.00 0 79.1 
689.17 -1.00 -1.00 0 79.1 
689.44 -1.00 -1.00 0 79.1 
689.69 -1.00 -1.00 0 79.3 
690.00 -1.00 -1.00 0 79.3 
690.25 -1.00 -1.00 0 79.3 
690.52 -1.00 -1.00 0 77.7 
690.75 -1.00 -1.00 0 77.7 
691.03 -1.00 -1.00 0 77.7 
691.28 -1.00 -1.00 0 77.7 
691.51 -1.00 -1.00 1 78.1 
691.83 -1.00 -1.00 1 78.1 
692.13 -1.00 -1.00 1 78.1 
692.38 -1.00 -1.00 1 78.1 
692.64 -1.00 -1.00 1 77.3 
692.99 -1.00 -1.00 1 77.3 
693.27 -1.00 -1.00 1 77.3 
693.58 -1.00 -1.00 1 77.0 
693.89 -1.00 -1.00 1 77.0 
694.20 -1.00 -1.00 1 77.0 
694.56 -1.00 -1.00 1 77.0 
694.75 -1.00 -1.00 1 77.9 
695.24 -1.00 -1.00 2 77.9 
695.56 31.80 1.45 2 78.8 
695.84 34.67 1.58 2 78.8 
696.14 36.52 1.67 2 78.8 
696.47 39.36 1.80 2 78.8 
696.81 43.44 1.96 2 79.9 
697.04 46.90 2.11 2 79.9 
697.47 52.32 2.36 2 79.9 
697.80 55.57 2.46 2 81.3 
698.09 59.77 2.65 2 81.3 
698.43 67.42 2.98 2 81.3 
698.72 26.52 1.16 2 82.3 
698.97 33.08 1.45 2 82.3 
699.25 35.59 1.56 2 82.3 
699.56 37.80 1.64 2 82.9 
699.90 107.85 4.68 1 82.9 
700.11 105.86 4.60 1 82.9 
700.41 104.37 4.53 1 82.9 
700.70 105.18 4.66 1 81.2 
701.00 115.67 5.13 1 81.2 
701.33 117.50 5.21 1 81.2 
701.66 -1.00 -1.00 0 81.5 
701.95 -1.00 -1.00 0 81.5 
702.14 200.00 8.84 1 81.5 
702.43 200.00 8.84 1 81.5 
702.66 199.27 9.08 1 79.0 
702.87 199.21 9.08 1 79.0 
703.14 199.20 9.08 1 79.0 
703.45 199.21 9.08 1 79.0 
703.64 199.22 8.97 1 80.0 
703.89 199.25 8.97 1 80.0 
704.16 199.27 8.97 1 80.0 
704.52 199.30 8.97 1 80.0 
704.77 199.33 8.81 1 81.4 
705.22 -1.00 -1.00 0 81.4 
705.43 -1.00 -1.00 0 82.7 
705.69 -1.00 -1.00 0 82.7 
705.91 -1.00 -1.00 0 82.7 
706.14 -1.00 -1.00 0 82.7 
706.45 -1.00 -1.00 0 82.7 
706.65 -1.00 -1.00 0 83.3 
706.87 -1.00 -1.00 0 83.3 
707.07 -1.00 -1.00 0 83.3 
707.36 -1.00 -1.00 0 83.3 
707.56 -1.00 -1.00 0 85.4 
707.77 -1.00 -1.00 0 85.4 
708.02 -1.00 -1.00 0 85.4 
708.21 -1.00 -1.00 0 85.4 
708.48 -1.00 -1.00 0 85.4 
708.74 -1.00 -1.00 0 84.6 
708.98 -1.00 -1.00 0 84.6 
709.32 -1.00 -1.00 0 84.6 
709.59 -1.00 -1.00 0 85.7 
709.79 -1.00 -1.00 0 85.7 
710.15 -1.00 -1.00 0 85.7 
710.48 -1.00 -1.00 0 85.7 
710.72 -1.00 -1.00 0 85.7 
711.07 -1.00 -1.00 0 85.7 
711.40 -1.00 -1.00 0 85.7 
711.75 -1.00 -1.00 1 85.7 
712.10 -1.00 -1.00 0 85.7 
712.36 -1.00 -1.00 0 85.7 
712.60 -1.00 -1.00 0 89.0 
713.03 -1.00 -1.00 0 89.0 
713.31 -1.00 -1.00 0 89.0 
713.59 -1.00 -1.00 0 85.5 
713.99 -1.00 -1.00 1 85.5 
714.35 -1.00 -1.00 1 85.5 
714.73 33.14 1.37 1 87.4 
715.32 36.63 1.51 1 87.4 
715.61 39.30 1.60 1 88.2 
715.84 42.53 1.74 1 88.2 
716.15 47.59 1.94 1 88.2 
716.40 59.06 2.41 1 88.2 
716.70 63.29 2.57 1 88.7 
716.92 69.10 2.81 1 88.7 
717.21 81.75 3.32 1 88.7 
717.49 88.17 3.58 1 88.7 
717.71 98.19 3.96 1 89.2 
717.99 107.10 4.32 1 89.2 
718.21 115.28 4.65 1 89.2 
718.48 122.75 4.95 1 89.2 
718.72 67.70 2.73 1 89.2 
718.91 -1.00 -1.00 0 89.2 
719.05 -1.00 -1.00 0 89.2 
719.31 -1.00 -1.00 0 89.2 
719.53 -1.00 -1.00 0 89.0 
719.73 -1.00 -1.00 0 89.0 
720.01 -1.00 -1.00 0 89.0 
720.27 -1.00 -1.00 0 89.0 
720.49 -1.00 -1.00 0 88.3 
720.73 -1.00 -1.00 0 88.3 
720.92 -1.00 -1.00 0 88.3 
721.14 -1.00 -1.00 0 88.3 
721.39 -1.00 -1.00 0 88.3 
721.61 -1.00 -1.00 0 88.1 
721.85 -1.00 -1.00 0 88.1 
722.02 -1.00 -1.00 0 88.1 
722.22 -1.00 -1.00 0 88.1 
722.46 -1.00 -1.00 0 88.1 
722.65 -1.00 -1.00 0 88.2 
722.81 -1.00 -1.00 0 88.2 
723.07 -1.00 -1.00 0 88.2 
723.40 -1.00 -1.00 0 88.2 
723.60 -1.00 -1.00 0 86.6 
723.81 -1.00 -1.00 0 86.6 
724.00 -1.00 -1.00 0 86.6 
724.28 -1.00 -1.00 0 86.6 
724.47 -1.00 -1.00 0 86.7 
724.65 -1.00 -1.00 0 86.7 
725.10 -1.00 -1.00 0 86.7 
725.33 -1.00 -1.00 0 86.7 
725.54 -1.00 -1.00 0 87.3 
725.78 -1.00 -1.00 0 87.3 
726.04 -1.00 -1.00 0 87.3 
726.21 -1.00 -1.00 0 87.3 
726.39 -1.00 -1.00 0 87.3 
726.56 -1.00 -1.00 0 86.8 
726.72 -1.00 -1.00 0 86.8 
726.92 -1.00 -1.00 0 86.8 
727.11 -1.00 -1.00 0 86.8 
727.33 -1.00 -1.00 0 86.8 
727.52 -1.00 -1.00 0 89.1 
727.76 -1.00 -1.00 0 89.1 
727.94 -1.00 -1.00 0 89.1 
728.19 -1.00 -1.00 0 89.1 
728.47 -1.00 -1.00 0 89.1 
728.70 -1.00 -1.00 0 87.6 
728.90 -1.00 -1.00 0 87.6 
729.27 -1.00 -1.00 0 87.6 
729.51 -1.00 -1.00 0 87.4 
729.75 -1.00 -1.00 0 87.4 
729.94 -1.00 -1.00 0 87.4 
730.13 -1.00 -1.00 0 87.4 
730.35 -1.00 -1.00 0 87.4 
730.53 -1.00 -1.00 0 87.3 
730.76 -1.00 -1.00 0 87.3 
730.97 -1.00 -1.00 0 87.3 
731.17 -1.00 -1.00 0 87.3 
731.42 -1.00 -1.00 0 87.3 
731.67 -1.00 -1.00 0 89.6 
731.96 -1.00 -1.00 0 89.6 
732.23 -1.00 -1.00 0 89.6 
732.43 -1.00 -1.00 0 87.4 
732.61 -1.00 -1.00 0 87.4 
732.80 -1.00 -1.00 0 87.4 
732.99 -1.00 -1.00 0 87.4 
733.23 -1.00 -1.00 0 87.4 
733.44 -1.00 -1.00 0 87.4 
733.70 -1.00 -1.00 0 87.4 
733.94 -1.00 -1.00 0 87.4 
734.15 -1.00 -1.00 0 87.4 
734.37 -1.00 -1.00 0 87.4 
734.59 -1.00 -1.00 0 88.1 
735.10 -1.00 -1.00 0 88.1 
735.35 -1.00 -1.00 0 88.1 
735.60 -1.00 -1.00 0 88.0 
735.83 -1.00 -1.00 0 88.0 
736.00 -1.00 -1.00 0 88.0 
736.26 -1.00 -1.00 0 88.0 
736.46 -1.00 -1.00 0 87.3 
736.69 -1.00 -1.00 0 87.3 
736.85 -1.00 -1.00 0 87.3 
737.01 -1.00 -1.00 0 87.3 
737.22 -1.00 -1.00 0 87.3 
737.51 -1.00 -1.00 0 87.3 
737.76 -1.00 -1.00 0 85.5 
738.01 -1.00 -1.00 0 85.5 
738.26 -1.00 -1.00 0 85.5 
738.49 -1.00 -1.00 0 86.5 
738.71 -1.00 -1.00 0 86.5 
738.95 -1.00 -1.00 0 86.5 
739.26 -1.00 -1.00 0 86.5 
739.52 -1.00 -1.00 0 86.3 
739.70 -1.00 -1.00 0 86.3 
739.92 -1.00 -1.00 0 86.3 
740.14 -1.00 -1.00 0 86.3 
740.43 -1.00 -1.00 0 86.3 
740.63 -1.00 -1.00 0 86.4 
740.88 -1.00 -1.00 0 86.4 
741.16 -1.00 -1.00 0 86.4 
741.45 -1.00 -1.00 0 86.4 
741.69 -1.00 -1.00 0 85.0 
741.92 -1.00 -1.00 0 85.0 
742.18 -1.00 -1.00 0 85.0 
742.46 -1.00 -1.00 0 85.0 
742.66 -1.00 -1.00 0 83.2 
742.85 -1.00 -1.00 0 83.2 
743.14 -1.00 -1.00 0 83.2 
743.40 -1.00 -1.00 0 83.2 
743.61 -1.00 -1.00 0 82.9 
743.88 -1.00 -1.00 0 82.9 
744.09 -1.00 -1.00 0 82.9 
744.41 -1.00 -1.00 0 82.9 
744.75 -1.00 -1.00 0 82.2 
744.96 -1.00 -1.00 0 82.2 
745.19 50.47 2.21 1 82.2 
745.50 50.48 2.21 1 82.2 
745.86 50.71 2.23 1 81.7 
746.18 50.68 2.23 1 81.7 
746.58 -1.00 -1.00 0 81.7 
746.81 -1.00 -1.00 0 80.8 
747.07 -1.00 -1.00 0 80.8 
747.31 -1.00 -1.00 0 80.8 
747.64 -1.00 -1.00 0 80.4 
747.92 -1.00 -1.00 0 80.4 
748.28 -1.00 -1.00 0 80.4 
748.49 -1.00 -1.00 0 80.1 
748.81 -1.00 -1.00 0 80.1 
749.01 -1.00 -1.00 0 80.1 
749.31 -1.00 -1.00 0 80.1 
749.53 -1.00 -1.00 0 80.3 
749.75 -1.00 -1.00 0 80.3 
749.98 -1.00 -1.00 0 80.3 
750.15 -1.00 -1.00 0 80.3 
750.42 -1.00 -1.00 0 80.3 
750.65 -1.00 -1.00 0 81.1 
750.95 -1.00 -1.00 0 81.1 
751.14 -1.00 -1.00 0 81.1 
751.39 -1.00 -1.00 0 81.1 
751.60 -1.00 -1.00 0 83.4 
751.81 -1.00 -1.00 0 83.4 
752.08 -1.00 -1.00 0 83.4 
752.35 -1.00 -1.00 0 83.4 
752.51 -1.00 -1.00 0 85.1 
752.73 -1.00 -1.00 0 85.1 
