25.73 66.0 40.584137 -3.552038 616.2 3 5 104.8 1.406 0 0 0 
26.72 65.3 40.584099 -3.551829 616.6 3 5 106.2 2.812 0 0 0 
27.73 66.8 40.584053 -3.551620 616.7 3 5 107.2 2.461 0 0 0 
28.74 67.8 40.584000 -3.551411 616.9 3 5 108.3 2.109 0 0 0 
29.71 68.0 40.583942 -3.551190 617.0 3 5 109.7 2.461 0 0 0 
30.75 69.5 40.583870 -3.550976 617.3 3 5 111.8 3.516 0 0 0 
31.75 68.8 40.583805 -3.550771 617.3 3 5 111.8 2.109 0 0 0 
32.75 69.2 40.583733 -3.550564 617.6 3 5 113.2 1.406 0 0 0 
33.75 68.3 40.583660 -3.550354 617.6 3 5 114.6 2.812 0 0 0 
34.71 69.1 40.583591 -3.550147 618.1 3 5 116.0 2.812 0 0 0 
35.74 69.9 40.583508 -3.549937 618.3 3 5 116.7 2.109 0 0 0 
36.78 70.0 40.583427 -3.549731 618.6 3 5 117.1 1.055 0 0 0 
37.72 70.6 40.583351 -3.549537 619.0 3 5 119.5 2.812 0 0 0 
38.74 71.0 40.583263 -3.549337 619.0 3 5 120.6 3.516 0 0 0 
39.71 70.4 40.583176 -3.549138 619.1 3 5 121.3 1.758 0 0 0 
40.71 70.8 40.583080 -3.548943 619.5 3 5 123.0 2.461 0 0 0 
41.73 71.0 40.582985 -3.548746 619.7 3 5 124.5 3.164 0 0 0 
42.71 71.3 40.582886 -3.548549 619.9 3 5 126.2 3.164 0 0 0 
43.71 71.0 40.582779 -3.548353 620.1 3 5 127.3 2.812 0 0 0 
44.71 71.3 40.582668 -3.548169 620.2 3 5 128.3 2.109 0 0 0 
45.78 71.5 40.582550 -3.547986 620.6 3 5 129.4 2.109 0 0 0 
46.72 71.7 40.582436 -3.547816 620.8 3 5 130.8 2.461 0 0 0 
47.75 72.3 40.582314 -3.547645 621.6 3 5 131.8 2.461 0 0 0 
48.71 72.3 40.582191 -3.547471 621.2 3 5 132.9 2.109 0 0 0 
49.74 72.3 40.582066 -3.547307 621.2 3 5 133.6 1.758 0 0 0 
50.72 72.5 40.581944 -3.547127 621.9 3 5 134.3 1.406 0 0 0 
51.71 72.3 40.581814 -3.546950 622.5 3 5 134.3 0.703 0 0 0 
52.72 72.7 40.581684 -3.546783 622.7 3 5 133.9 0.352 0 0 0 
53.75 72.6 40.581562 -3.546613 622.8 3 5 134.3 0.352 0 0 0 
54.72 72.6 40.581432 -3.546439 623.3 3 5 135.4 1.406 0 0 0 
55.72 72.3 40.581303 -3.546271 623.5 3 5 135.7 1.406 0 0 0 
56.72 72.4 40.581177 -3.546108 623.7 3 5 136.4 1.055 0 0 0 
57.72 72.1 40.581047 -3.545941 623.7 3 5 135.4 1.055 1 0 0 
58.73 72.0 40.580925 -3.545775 623.8 3 5 133.9 2.461 1 0 0 
59.72 71.3 40.580795 -3.545610 624.1 3 5 133.9 1.406 1 0 0 
60.72 71.2 40.580677 -3.545441 624.4 3 5 133.9 0 1 0 0 
61.72 71.3 40.580559 -3.545270 624.8 3 5 132.9 1.055 1 0 0 
62.74 71.1 40.580441 -3.545099 625.1 3 5 132.5 1.406 1 1 0 
63.73 70.1 40.580322 -3.544928 625.4 3 5 132.2 0.703 1 1 0 
64.78 71.0 40.580200 -3.544758 625.7 3 5 131.8 0.703 1 1 0 
65.72 70.3 40.580082 -3.544580 626.0 3 5 131.5 0.703 1 1 0 
66.73 70.7 40.579964 -3.544404 626.2 3 5 130.1 1.758 0 2 0 
67.72 70.6 40.579845 -3.544229 626.2 3 5 129.0 2.461 0 1 0 
68.72 71.6 40.579727 -3.544044 626.8 3 5 129.0 1.055 0 1 0 
69.73 70.6 40.579613 -3.543859 627.0 3 5 129.0 0 0 1 0 
70.73 70.8 40.579498 -3.543677 627.3 3 5 129.7 0.703 0 1 0 
71.73 70.5 40.579388 -3.543498 627.6 3 5 129.0 0.703 0 1 0 
72.76 70.4 40.579281 -3.543314 627.7 3 5 128.0 1.758 1 1 0 
73.80 70.8 40.579178 -3.543135 627.8 3 5 127.3 1.758 1 2 0 
74.77 71.2 40.579075 -3.542952 627.8 3 5 125.9 2.109 1 2 0 
75.73 70.9 40.578957 -3.542757 628.4 3 5 124.8 2.461 0 2 0 
76.71 71.4 40.578854 -3.542569 628.4 3 5 124.5 1.406 0 2 0 
77.75 70.4 40.578758 -3.542382 628.7 3 5 123.8 1.055 0 2 0 
78.72 71.2 40.578667 -3.542180 629.0 3 5 123.0 1.406 0 2 0 
79.73 70.6 40.578575 -3.541982 629.2 3 5 123.0 0.703 0 2 0 
80.77 70.2 40.578476 -3.541792 629.4 3 5 123.4 0.352 0 2 0 
81.74 70.3 40.578384 -3.541612 629.6 3 5 124.1 1.055 0 1 0 
82.78 71.1 40.578281 -3.541417 629.8 3 5 123.8 0.352 1 2 0 
83.78 70.6 40.578186 -3.541221 629.9 3 5 122.0 2.109 2 2 0 
84.73 70.3 40.578102 -3.541023 630.2 3 5 120.2 3.516 1 2 0 
85.71 69.7 40.578011 -3.540823 630.4 3 5 119.2 2.812 0 2 0 
86.71 69.4 40.577923 -3.540625 630.5 3 5 119.2 1.055 0 2 0 
87.73 70.5 40.577847 -3.540420 631.4 3 5 118.8 0.352 0 2 0 
88.74 70.0 40.577759 -3.540214 630.6 3 5 117.8 1.406 0 2 0 
89.74 69.6 40.577679 -3.540004 631.6 3 5 117.1 1.758 0 2 0 
90.76 70.6 40.577591 -3.539797 631.9 3 5 117.1 0.703 0 2 0 
91.72 71.4 40.577507 -3.539590 632.4 3 5 117.1 0 0 2 0 
92.72 71.7 40.577427 -3.539386 632.5 3 5 117.1 0 0 2 0 
93.74 72.7 40.577351 -3.539168 632.7 3 5 116.4 0.703 0 2 0 
94.74 72.1 40.577271 -3.538949 632.6 3 5 116.0 1.055 0 2 0 
95.74 71.9 40.577190 -3.538732 632.4 3 5 115.3 1.055 0 2 0 
96.75 72.5 40.577114 -3.538525 632.5 3 5 115.7 0.352 1 2 0 
97.73 72.3 40.577042 -3.538301 632.9 3 5 114.6 1.055 1 2 0 
98.78 72.2 40.576958 -3.538086 632.8 3 5 114.6 1.055 1 2 0 
99.72 71.6 40.576900 -3.537869 633.1 3 5 113.6 1.055 0 2 0 
100.72 72.1 40.576828 -3.537658 632.9 3 5 113.2 1.406 0 2 0 
101.71 72.4 40.576756 -3.537442 633.3 3 5 113.2 0.352 0 2 0 
102.71 72.5 40.576683 -3.537221 633.5 3 5 113.6 0.352 0 2 0 
103.73 72.6 40.576611 -3.537002 634.3 3 5 113.6 0.352 0 2 0 
104.71 72.3 40.576550 -3.536793 634.3 3 5 113.2 0.352 1 2 0 
105.72 73.7 40.576473 -3.536572 634.0 3 5 113.9 0.703 2 3 0 
106.72 73.3 40.576397 -3.536356 634.3 3 5 114.6 1.406 2 3 0 
107.74 74.0 40.576321 -3.536127 634.8 3 5 116.0 2.109 1 3 0 
108.78 74.6 40.576241 -3.535909 635.0 3 5 116.4 1.758 1 3 0 
109.72 75.3 40.576157 -3.535687 635.4 3 5 116.4 0.352 0 3 0 
110.78 75.7 40.576069 -3.535466 635.8 3 5 117.1 0.703 0 3 0 
111.77 75.2 40.575977 -3.535249 636.5 3 5 118.8 2.461 0 3 0 
112.74 76.0 40.575882 -3.535037 636.7 3 5 119.9 2.812 0 3 0 
113.72 75.6 40.575787 -3.534822 637.2 3 5 119.9 1.055 1 3 0 
114.72 75.3 40.575691 -3.534620 637.7 3 5 120.2 0.352 1 3 0 
115.72 75.3 40.575592 -3.534405 638.3 3 5 120.9 1.055 1 4 0 
116.72 75.2 40.575489 -3.534192 638.7 3 5 121.3 1.055 1 4 0 
117.72 75.1 40.575390 -3.533978 639.1 3 5 121.3 0.352 1 4 0 
118.72 75.0 40.575287 -3.533766 639.9 3 5 122.0 0.703 1 4 0 
119.72 75.1 40.575188 -3.533554 640.2 3 5 122.3 1.055 0 4 0 
120.72 74.9 40.575089 -3.533346 640.7 3 5 122.3 0.352 0 4 0 
121.74 75.0 40.574986 -3.533154 641.3 3 5 123.4 1.055 1 4 0 
122.72 75.2 40.574883 -3.532954 641.7 3 5 123.4 1.055 1 4 0 
123.76 75.0 40.574780 -3.532754 642.0 3 5 123.8 0.352 0 3 0 
124.76 75.1 40.574680 -3.532548 642.7 3 5 124.1 0.703 0 3 0 
125.72 75.3 40.574574 -3.532338 643.5 3 5 123.8 0.352 1 3 0 
126.79 75.1 40.574471 -3.532133 644.1 3 5 122.7 1.406 1 3 0 
127.74 76.0 40.574368 -3.531921 644.6 3 5 121.6 2.109 1 3 0 
128.74 75.9 40.574272 -3.531706 645.2 3 5 120.6 2.109 0 3 0 
129.72 75.4 40.574181 -3.531490 645.8 3 5 119.9 1.758 0 3 0 
130.73 75.3 40.574085 -3.531280 646.1 3 5 119.9 0.703 0 3 0 
131.71 76.4 40.573990 -3.531061 646.8 3 5 120.2 0.352 0 3 0 
132.76 75.8 40.573898 -3.530837 647.5 3 5 118.8 1.406 0 3 0 
133.75 74.7 40.573807 -3.530633 648.0 3 5 118.1 2.109 0 3 0 
134.73 76.2 40.573715 -3.530411 648.7 3 5 117.1 1.758 0 3 0 
135.75 76.1 40.573635 -3.530194 649.2 3 5 116.4 1.758 0 3 0 
136.72 76.0 40.573551 -3.529969 649.7 3 5 116.0 1.055 0 3 0 
137.73 75.8 40.573467 -3.529746 650.0 3 5 116.7 0.703 0 3 0 
138.72 76.0 40.573380 -3.529516 650.6 3 5 116.7 0.703 0 3 0 
139.73 75.5 40.573303 -3.529290 651.1 3 5 115.3 1.406 1 3 0 
140.73 75.6 40.573227 -3.529065 651.5 3 5 113.9 2.812 1 3 0 
141.74 75.8 40.573151 -3.528833 651.9 3 5 112.9 2.461 1 3 0 
142.73 76.1 40.573074 -3.528600 652.8 3 5 112.9 1.055 1 3 0 
143.74 75.4 40.573006 -3.528371 653.4 3 5 112.1 0.703 1 3 0 
144.74 75.8 40.572937 -3.528144 653.7 3 5 112.5 0.352 2 3 0 
145.72 76.0 40.572872 -3.527917 654.1 3 5 111.8 0.703 2 3 0 
146.75 75.5 40.572800 -3.527679 654.5 3 5 110.4 2.109 0 4 0 
147.75 76.1 40.572723 -3.527441 655.0 3 5 109.7 2.109 0 4 0 
148.72 75.4 40.572662 -3.527216 655.5 3 5 110.0 0.352 0 4 0 
149.72 75.1 40.572598 -3.526984 656.1 3 5 110.7 1.055 0 4 0 
150.71 74.5 40.572540 -3.526754 656.3 3 5 110.4 0.352 0 4 0 
151.77 75.0 40.572475 -3.526528 657.0 3 5 111.1 0.703 0 4 0 
152.71 75.0 40.572407 -3.526302 657.6 3 5 111.1 0.703 0 4 0 
153.71 75.5 40.572330 -3.526073 658.0 3 5 112.5 1.406 0 4 0 
154.76 75.6 40.572262 -3.525847 658.7 3 5 113.6 2.461 0 4 0 
155.72 75.9 40.572186 -3.525629 658.8 3 5 115.0 2.461 0 4 0 
156.73 75.7 40.572109 -3.525402 659.5 3 5 116.0 2.461 1 4 0 
157.74 75.4 40.572029 -3.525178 660.2 3 5 116.0 1.055 1 4 0 
158.72 76.5 40.571945 -3.524954 660.3 3 5 115.7 0.352 0 4 0 
159.72 76.4 40.571861 -3.524729 661.0 3 5 116.4 0.703 0 3 0 
160.71 76.5 40.571777 -3.524515 661.8 3 5 118.8 3.164 0 3 0 
161.72 76.8 40.571678 -3.524290 662.4 3 5 119.5 3.164 0 3 0 
162.72 76.9 40.571579 -3.524069 662.6 3 5 119.5 0.703 0 3 0 
163.76 77.1 40.571484 -3.523851 663.1 3 5 120.9 1.406 0 3 0 
164.71 77.2 40.571384 -3.523639 663.3 3 5 122.3 2.812 0 3 0 
165.74 77.7 40.571274 -3.523420 663.4 3 5 124.1 3.164 0 3 0 
166.71 77.9 40.571159 -3.523207 663.7 3 5 124.8 2.461 0 3 0 
167.76 77.9 40.571053 -3.523006 663.7 3 5 125.5 1.406 0 3 0 
168.73 79.1 40.570930 -3.522793 663.4 3 5 126.2 1.406 0 3 0 
169.71 79.0 40.570808 -3.522577 664.1 3 5 126.9 1.406 0 3 0 
170.71 79.3 40.570683 -3.522373 664.4 3 5 128.7 2.461 0 3 0 
171.72 80.3 40.570553 -3.522168 663.7 3 5 129.7 2.812 0 3 0 
172.72 79.1 40.570419 -3.521959 663.3 3 5 130.4 1.758 0 3 0 
173.74 78.4 40.570290 -3.521764 662.9 3 5 131.1 1.406 0 3 0 
174.74 76.9 40.570171 -3.521587 662.6 3 5 131.8 1.406 0 3 0 
175.72 78.2 40.570038 -3.521393 662.3 3 5 132.5 1.406 2 2 0 
176.77 78.0 40.569901 -3.521201 662.0 3 5 133.9 2.109 2 2 0 
177.73 77.1 40.569759 -3.521022 661.6 3 5 136.1 3.516 2 2 0 
178.72 76.8 40.569618 -3.520848 661.3 3 5 137.1 3.164 0 2 0 
179.73 76.3 40.569477 -3.520688 660.5 3 5 138.9 2.812 0 2 0 
180.72 75.7 40.569332 -3.520524 660.5 3 5 139.6 2.461 0 2 0 
181.72 78.3 40.569183 -3.520359 659.9 3 5 140.3 1.406 0 2 0 
182.74 76.5 40.569042 -3.520202 659.3 3 5 140.6 1.055 1 2 0 
183.74 77.8 40.568893 -3.520047 659.1 3 5 141.7 1.406 1 2 0 
184.72 78.7 40.568741 -3.519888 658.9 3 5 142.7 2.109 2 3 0 
185.73 79.1 40.568581 -3.519731 658.7 3 5 143.4 1.758 2 3 0 
186.74 79.3 40.568420 -3.519574 658.3 3 5 143.8 1.055 1 3 0 
187.75 80.3 40.568256 -3.519420 658.1 3 5 144.5 1.055 0 3 0 
188.72 80.5 40.568096 -3.519269 657.9 3 5 145.5 1.758 0 3 0 
189.73 80.8 40.567932 -3.519129 657.4 3 5 147.0 2.461 0 3 0 
190.73 80.5 40.567764 -3.518991 657.0 3 5 148.4 2.812 0 3 0 
191.71 80.5 40.567589 -3.518857 656.6 3 5 149.4 2.461 1 3 0 
192.73 79.8 40.567421 -3.518728 656.0 3 5 151.2 2.812 0 3 0 
193.72 78.4 40.567249 -3.518604 656.0 3 5 152.6 3.164 0 3 0 
194.73 79.1 40.567070 -3.518495 655.6 3 5 154.7 3.516 0 3 0 
195.72 79.7 40.566891 -3.518388 655.0 3 5 155.0 2.461 1 3 0 
196.77 78.5 40.566715 -3.518271 655.0 3 5 154.7 0.352 1 3 0 
197.77 78.6 40.566532 -3.518163 654.6 3 5 155.7 1.055 1 3 0 
198.72 78.6 40.566353 -3.518058 654.4 3 5 155.7 1.055 2 3 0 
199.73 77.9 40.566162 -3.517977 654.4 3 5 159.3 3.516 0 3 0 
200.74 76.5 40.565979 -3.517898 654.4 3 5 160.7 4.922 0 3 0 
201.73 75.9 40.565800 -3.517816 654.2 3 5 161.0 1.758 0 3 0 
202.76 75.3 40.565620 -3.517731 654.4 3 5 161.0 0.352 0 3 0 
203.78 74.5 40.565441 -3.517653 654.6 3 5 161.4 0.352 0 3 0 
204.79 73.6 40.565269 -3.517576 654.9 3 5 162.1 1.055 0 3 0 
205.73 72.8 40.565098 -3.517505 655.0 3 5 163.5 2.109 1 2 0 
206.81 71.7 40.564926 -3.517443 656.4 3 5 164.5 2.461 1 2 0 
207.73 71.2 40.564751 -3.517384 657.9 3 5 165.2 1.758 1 3 0 
208.75 71.3 40.564579 -3.517322 657.7 3 5 165.2 0.703 0 3 0 
209.78 71.6 40.564407 -3.517258 656.8 3 5 165.2 0 0 3 0 
210.73 72.1 40.564232 -3.517207 657.1 3 5 166.3 1.055 0 3 0 
211.77 72.4 40.564053 -3.517155 657.9 3 5 167.7 2.461 1 3 0 
212.74 72.8 40.563877 -3.517111 658.6 3 5 169.1 2.812 1 3 0 
213.73 72.8 40.563694 -3.517067 659.0 3 5 170.2 2.461 1 3 0 
214.78 72.9 40.563511 -3.517026 659.7 3 5 170.9 1.758 1 3 0 
215.76 73.5 40.563328 -3.516991 660.4 3 5 171.9 1.758 1 3 0 
216.78 74.2 40.563145 -3.516963 661.1 3 5 173.0 2.109 1 4 0 
217.77 74.5 40.562958 -3.516932 661.7 3 5 173.3 1.406 2 4 0 
218.78 75.2 40.562771 -3.516901 662.4 3 5 173.3 0.352 2 4 0 
219.75 75.1 40.562584 -3.516870 663.2 3 5 173.3 0 2 4 0 
220.82 75.5 40.562397 -3.516842 663.9 3 5 173.3 0 0 4 0 
221.80 75.7 40.562210 -3.516813 664.7 3 5 173.0 0.352 0 4 0 
222.76 76.0 40.562019 -3.516782 665.3 3 5 173.3 0.352 0 4 0 
223.74 76.0 40.561832 -3.516753 666.0 3 5 173.3 0.352 0 4 0 
224.79 75.9 40.561642 -3.516723 666.6 3 5 172.6 0.703 0 4 0 
225.74 75.6 40.561451 -3.516691 667.5 3 5 171.2 2.109 0 4 0 
226.78 75.7 40.561268 -3.516646 668.3 3 5 169.8 2.812 0 4 0 
227.74 75.5 40.561081 -3.516592 669.1 3 5 167.3 3.867 0 4 0 
228.75 75.3 40.560902 -3.516526 669.9 3 5 164.9 4.922 0 4 0 
229.78 75.4 40.560730 -3.516459 670.2 3 5 161.4 5.977 0 4 0 
230.78 75.4 40.560555 -3.516372 671.0 3 5 158.9 5.977 0 4 0 
231.75 75.7 40.560379 -3.516282 671.7 3 5 156.4 4.922 0 4 0 
232.74 75.1 40.560207 -3.516172 672.0 3 5 155.4 3.516 1 4 0 
233.75 74.5 40.560040 -3.516070 672.9 3 5 154.7 1.758 2 4 0 
234.74 73.6 40.559883 -3.515965 673.7 3 5 152.6 2.812 2 4 0 
235.76 73.5 40.559708 -3.515846 674.1 3 5 151.9 2.812 2 4 0 
236.75 73.6 40.559547 -3.515729 674.7 3 5 150.5 2.109 1 4 0 
237.74 72.7 40.559391 -3.515612 675.5 3 5 148.7 3.164 0 4 0 
238.82 73.6 40.559235 -3.515479 675.9 3 5 145.9 4.570 0 4 0 
239.73 73.8 40.559078 -3.515342 676.5 3 5 143.8 4.922 0 4 0 
240.84 74.8 40.558922 -3.515198 677.4 3 5 142.4 3.516 0 4 0 
241.78 75.4 40.558773 -3.515047 678.2 3 5 140.6 3.164 0 4 0 
242.76 76.0 40.558632 -3.514888 678.9 3 5 138.5 3.867 0 4 0 
243.73 76.2 40.558495 -3.514719 679.9 3 5 136.4 4.219 0 4 0 
244.75 77.4 40.558353 -3.514541 680.8 3 5 135.0 3.516 0 4 0 
245.74 78.0 40.558224 -3.514341 681.4 3 5 133.2 3.164 0 3 0 
246.75 78.0 40.558086 -3.514155 682.6 3 5 131.8 3.164 1 3 0 
247.75 77.8 40.557976 -3.513959 683.3 3 5 129.4 3.867 1 4 0 
248.76 78.6 40.557850 -3.513757 684.5 3 5 127.6 4.219 1 4 0 
249.75 78.5 40.557743 -3.513550 685.4 3 5 125.5 3.867 1 4 0 
250.76 78.6 40.557632 -3.513339 686.6 3 5 123.4 4.219 1 4 0 
251.75 78.7 40.557529 -3.513123 687.6 3 5 120.6 4.922 0 4 0 
252.78 78.7 40.557434 -3.512889 688.6 3 5 118.1 5.273 0 4 0 
253.74 79.2 40.557354 -3.512663 690.0 3 5 116.0 4.570 1 4 0 
254.75 78.8 40.557266 -3.512434 690.8 3 5 114.6 3.516 2 4 0 
255.75 78.5 40.557178 -3.512205 692.0 3 5 113.9 2.109 2 4 0 
256.74 79.0 40.557102 -3.511959 692.8 3 5 113.6 1.055 1 4 0 
257.74 79.2 40.557034 -3.511707 693.7 3 5 111.1 2.812 0 4 0 
258.76 78.8 40.556965 -3.511470 694.9 3 5 109.3 4.219 0 4 0 
259.75 80.4 40.556904 -3.511217 696.2 3 5 106.9 4.219 0 4 0 
260.77 78.4 40.556858 -3.510975 697.1 3 5 104.4 4.922 0 4 0 
261.76 78.9 40.556816 -3.510731 698.1 3 5 102.3 4.570 0 4 0 
262.76 78.9 40.556770 -3.510487 699.1 3 5 99.8 4.570 0 4 0 
263.76 79.2 40.556740 -3.510234 700.3 3 5 98.1 4.219 1 4 0 
264.80 78.8 40.556709 -3.509971 701.3 3 5 96.7 3.164 1 4 0 
265.74 79.0 40.556686 -3.509713 702.8 3 5 95.6 2.461 1 4 0 
266.75 79.1 40.556671 -3.509454 703.9 3 5 94.9 1.758 0 4 0 
267.73 79.7 40.556671 -3.509199 704.9 3 5 92.1 3.516 0 4 0 
268.75 77.6 40.556667 -3.508945 705.5 3 5 88.6 6.328 0 4 0 
269.76 78.6 40.556675 -3.508696 706.6 3 5 87.5 4.570 0 4 0 
270.73 78.3 40.556686 -3.508441 707.6 4 5 86.8 1.758 1 4 0 
271.75 77.8 40.556705 -3.508189 708.6 3 5 87.9 1.055 2 4 0 
272.76 79.4 40.556717 -3.507923 709.5 3 5 88.2 1.406 2 4 0 
273.78 78.2 40.556721 -3.507658 710.4 4 5 89.6 1.758 0 4 0 
274.73 77.4 40.556717 -3.507401 711.5 3 5 91.4 3.164 0 4 0 
275.73 75.7 40.556709 -3.507142 712.0 3 5 91.1 1.406 1 4 0 
276.74 76.7 40.556702 -3.506897 714.1 3 5 92.5 1.406 1 4 0 
277.73 77.2 40.556694 -3.506647 714.3 3 5 93.2 2.109 0 4 0 
278.74 77.3 40.556679 -3.506389 715.7 3 5 94.2 1.758 0 3 0 
279.74 77.0 40.556656 -3.506134 716.9 3 5 95.3 2.109 1 3 0 
280.74 77.1 40.556637 -3.505880 717.9 3 5 97.4 3.164 2 3 0 
281.74 75.7 40.556610 -3.505632 718.8 3 5 99.8 4.570 2 4 0 
282.76 76.9 40.556572 -3.505378 720.1 3 5 103.0 5.625 2 4 0 
283.73 76.9 40.556526 -3.505133 720.7 3 5 103.0 3.164 1 4 0 
284.88 77.1 40.556458 -3.504906 721.7 3 5 109.3 6.328 0 4 0 
285.83 76.7 40.556400 -3.504659 722.5 3 5 107.6 4.570 0 4 0 
286.73 75.8 40.556343 -3.504416 723.6 3 5 107.6 1.758 0 4 0 
287.79 77.4 40.556278 -3.504175 725.2 3 5 109.3 1.758 0 4 0 
288.73 76.6 40.556206 -3.503932 726.2 3 5 110.7 3.164 0 4 0 
289.75 76.9 40.556129 -3.503700 727.1 3 5 113.2 3.867 0 4 0 
290.77 75.7 40.556046 -3.503474 727.9 3 5 115.3 4.570 0 4 0 
291.73 75.0 40.555962 -3.503251 728.9 3 5 116.7 3.516 0 4 0 
292.74 74.6 40.555870 -3.503026 729.8 3 5 117.8 2.461 0 4 0 
293.74 74.5 40.555779 -3.502810 731.7 3 5 118.8 2.109 0 4 0 
294.75 74.4 40.555683 -3.502598 731.9 3 5 120.2 2.461 0 3 0 
295.78 74.4 40.555584 -3.502394 732.7 3 5 122.3 3.516 1 3 0 
296.74 74.3 40.555481 -3.502196 733.8 3 5 124.1 3.867 1 3 0 
297.75 74.4 40.555374 -3.502002 734.7 3 5 124.8 2.461 1 4 0 
298.75 73.7 40.555264 -3.501806 736.0 3 5 125.9 1.758 0 4 0 
299.74 72.5 40.555157 -3.501615 737.0 3 5 126.6 1.758 0 4 0 
300.75 71.2 40.555050 -3.501431 737.9 3 5 125.9 0.703 0 4 0 
301.79 70.0 40.554951 -3.501243 738.5 3 5 124.1 2.461 0 4 0 
302.75 68.7 40.554863 -3.501052 740.9 3 5 122.0 3.867 1 4 0 
303.75 68.5 40.554783 -3.500860 740.5 3 5 116.7 7.383 2 4 0 
304.75 68.9 40.554714 -3.500661 741.1 3 5 114.3 7.734 2 4 0 
305.75 69.3 40.554653 -3.500453 742.1 3 5 110.4 6.328 2 4 0 
306.76 69.9 40.554600 -3.500243 742.5 3 5 106.5 7.734 0 4 0 
307.77 69.2 40.554554 -3.500027 743.2 3 5 103.0 7.383 0 4 0 
308.73 71.8 40.554512 -3.499804 743.7 3 5 103.4 3.164 0 4 0 
309.76 72.1 40.554466 -3.499587 744.5 3 5 105.1 2.109 0 4 0 
310.77 72.4 40.554417 -3.499356 744.9 3 5 106.2 2.812 0 3 0 
311.74 74.1 40.554379 -3.499134 745.3 3 5 105.5 0.703 0 3 0 
312.75 75.2 40.554333 -3.498901 746.1 3 5 103.7 2.461 0 3 0 
313.75 75.9 40.554298 -3.498653 746.8 3 5 101.6 3.867 0 3 0 
314.79 76.3 40.554264 -3.498399 746.6 3 5 99.1 4.570 0 3 0 
315.73 77.5 40.554237 -3.498137 746.7 4 5 97.4 4.219 1 3 0 
316.76 78.4 40.554211 -3.497875 746.1 3 5 95.6 3.516 0 3 0 
317.75 78.6 40.554199 -3.497620 746.3 3 5 93.2 4.219 0 3 0 
318.74 78.9 40.554192 -3.497362 746.0 3 5 91.4 4.219 0 3 0 
319.76 79.0 40.554195 -3.497101 746.2 3 5 88.9 4.219 0 3 0 
320.74 78.5 40.554195 -3.496843 745.8 3 5 86.5 4.922 0 3 0 
321.75 77.9 40.554214 -3.496587 745.6 3 5 84.7 4.219 0 3 0 
322.75 78.3 40.554234 -3.496337 745.9 3 5 83.0 3.516 0 3 0 
323.77 78.1 40.554256 -3.496080 745.7 3 5 80.5 4.219 0 3 0 
324.74 78.9 40.554295 -3.495814 745.3 3 5 78.8 4.219 0 3 0 
325.73 80.2 40.554337 -3.495561 745.1 3 5 77.3 3.164 0 3 0 
326.77 81.6 40.554386 -3.495307 745.5 3 5 74.2 4.570 0 3 0 
327.73 82.8 40.554447 -3.495052 745.2 3 5 71.7 5.625 0 3 0 
328.78 83.3 40.554520 -3.494797 745.0 3 5 69.3 4.922 0 3 0 
329.74 84.3 40.554604 -3.494549 744.7 3 5 67.1 4.570 0 3 0 
330.77 83.0 40.554684 -3.494299 744.2 3 5 65.4 3.867 0 2 0 
331.79 80.0 40.554775 -3.494061 743.6 3 5 64.3 2.812 0 2 0 
332.74 79.1 40.554863 -3.493821 742.9 3 5 63.3 2.109 0 2 0 
333.74 79.2 40.554943 -3.493581 742.6 3 5 63.3 1.055 0 2 0 
334.75 79.5 40.555038 -3.493355 742.2 3 5 61.9 1.406 0 2 0 
335.78 79.0 40.555134 -3.493120 742.0 3 5 61.5 1.758 0 2 0 
336.74 79.1 40.555225 -3.492887 741.8 3 5 62.2 0.703 0 2 0 
337.74 79.6 40.555313 -3.492644 741.6 3 5 65.4 3.867 0 2 0 
338.74 79.9 40.555393 -3.492397 741.4 3 5 66.4 4.219 0 2 0 
339.74 80.5 40.555473 -3.492160 741.0 3 5 68.2 2.812 0 2 0 
340.74 80.4 40.555534 -3.491912 740.7 3 5 71.4 4.922 0 2 0 
341.75 80.4 40.555595 -3.491657 740.4 3 5 74.2 5.977 0 1 0 
342.78 80.6 40.555641 -3.491400 740.0 3 5 75.9 4.570 2 1 0 
343.74 80.5 40.555683 -3.491141 739.8 3 5 77.0 2.812 2 1 0 
344.77 80.9 40.555725 -3.490882 740.0 3 5 78.4 2.461 2 1 0 
345.81 80.9 40.555767 -3.490618 739.7 3 5 79.1 2.109 1 2 0 
346.73 82.7 40.555798 -3.490350 739.6 3 5 80.9 2.461 0 2 0 
347.76 82.1 40.555832 -3.490084 739.6 3 5 81.9 2.812 0 2 0 
348.82 80.8 40.555847 -3.489815 739.3 3 5 85.4 4.570 0 2 0 
349.75 82.8 40.555855 -3.489555 738.8 3 5 89.3 7.383 1 2 0 
350.75 82.3 40.555862 -3.489289 738.5 3 5 89.6 4.219 1 2 0 
351.76 82.5 40.555855 -3.489023 738.4 3 5 90.7 1.406 0 2 0 
352.75 80.8 40.555862 -3.488757 738.2 3 5 91.1 1.406 0 2 0 
353.74 80.5 40.555862 -3.488483 737.9 3 5 92.5 1.758 0 2 0 
354.77 81.2 40.555851 -3.488223 737.8 3 5 93.9 2.812 0 2 0 
355.74 82.3 40.555836 -3.487952 737.3 3 5 96.7 4.219 0 2 0 
356.77 83.6 40.555809 -3.487678 737.3 3 5 98.1 4.219 0 2 0 
357.84 84.6 40.555775 -3.487404 737.2 3 5 98.4 1.758 1 2 0 
358.81 87.0 40.555744 -3.487123 737.1 3 5 100.5 2.461 2 2 0 
359.74 85.6 40.555710 -3.486849 737.0 3 5 100.5 2.109 1 2 0 
360.78 86.3 40.555664 -3.486573 736.7 3 5 100.5 0 0 2 0 
361.76 84.9 40.555618 -3.486301 736.2 4 5 101.6 1.055 0 2 0 
362.75 85.0 40.555573 -3.486031 736.1 4 5 102.0 1.406 0 2 0 
363.75 86.3 40.555531 -3.485755 735.9 4 5 103.4 1.758 1 2 0 
364.73 86.1 40.555470 -3.485476 735.6 4 5 105.1 3.164 1 2 0 
365.76 84.7 40.555405 -3.485209 735.2 4 5 105.8 2.461 1 2 0 
366.77 85.1 40.555344 -3.484983 735.1 4 5 107.2 2.109 1 2 0 
367.75 86.9 40.555275 -3.484705 734.8 4 5 108.6 2.812 0 2 0 
368.83 87.0 40.555195 -3.484426 734.4 4 5 110.4 3.164 0 2 0 
369.75 87.2 40.555119 -3.484154 734.6 4 5 111.1 2.461 0 2 0 
370.75 87.4 40.555038 -3.483881 734.5 4 5 111.1 0.703 0 2 0 
371.73 87.4 40.554962 -3.483621 733.9 4 5 111.4 0.352 0 2 0 
372.75 87.0 40.554878 -3.483356 733.5 4 5 112.5 1.406 0 2 0 
373.76 86.2 40.554790 -3.483093 733.6 4 5 113.6 2.109 1 2 0 
374.73 85.2 40.554699 -3.482826 733.1 3 5 114.6 2.109 1 2 0 
375.83 84.2 40.554611 -3.482564 732.9 3 5 116.0 2.461 1 2 0 
376.75 83.1 40.554520 -3.482313 732.4 3 5 117.8 3.164 0 2 0 
377.73 82.2 40.554420 -3.482076 731.8 3 5 119.2 3.164 0 2 0 
378.80 82.6 40.554314 -3.481837 731.3 3 5 119.9 2.109 0 2 0 
379.77 81.3 40.554214 -3.481609 730.9 3 5 120.6 1.406 0 2 0 
380.79 83.7 40.554108 -3.481370 730.8 3 5 120.9 1.055 0 2 0 
381.73 84.4 40.553986 -3.481122 730.3 3 5 121.6 1.055 0 2 0 
382.74 83.8 40.553867 -3.480883 730.0 3 5 123.0 2.109 0 2 0 
383.74 83.3 40.553753 -3.480662 729.2 3 5 124.5 2.812 0 2 0 
384.73 82.8 40.553631 -3.480436 729.0 3 5 124.8 1.758 1 2 0 
385.76 81.0 40.553516 -3.480222 728.2 3 5 125.9 1.406 0 3 0 
386.77 79.5 40.553398 -3.480009 727.3 3 5 126.2 1.406 0 3 0 
387.77 80.0 40.553276 -3.479806 726.7 3 5 127.6 1.758 0 3 0 
388.74 78.0 40.553158 -3.479598 726.0 3 5 128.7 2.461 0 3 0 
389.78 77.4 40.553032 -3.479398 725.3 3 5 129.4 1.758 1 3 0 
390.74 77.4 40.552910 -3.479200 724.5 3 5 130.4 1.758 1 3 0 
391.74 78.0 40.552780 -3.479001 724.2 3 5 131.1 1.758 1 3 0 
392.75 79.3 40.552647 -3.478812 723.7 3 5 132.2 1.758 1 3 0 
393.78 80.1 40.552513 -3.478621 723.1 3 5 132.9 1.758 1 3 0 
394.75 81.4 40.552380 -3.478432 722.5 3 5 133.2 1.055 1 3 0 
395.80 82.5 40.552238 -3.478239 721.4 4 5 133.9 1.055 1 4 0 
396.74 82.2 40.552082 -3.478044 721.1 4 5 136.1 2.812 1 4 0 
397.78 81.5 40.551933 -3.477859 720.8 4 5 137.1 3.164 2 4 0 
398.76 81.8 40.551773 -3.477684 719.6 3 5 137.5 1.406 2 4 0 
399.75 82.5 40.551620 -3.477503 718.8 3 5 138.9 1.758 2 4 0 
400.74 81.3 40.551460 -3.477334 718.4 3 5 139.2 1.758 2 4 0 
401.74 80.7 40.551311 -3.477164 717.1 3 5 139.6 0.703 2 5 1 
402.74 81.6 40.551155 -3.476995 716.6 3 5 141.0 1.758 2 5 1 
403.74 81.4 40.550999 -3.476828 715.7 3 5 142.4 2.812 1 5 1 
404.74 81.4 40.550838 -3.476666 714.9 3 5 143.1 2.109 2 5 1 
405.74 81.7 40.550671 -3.476497 714.2 3 5 144.5 2.109 2 5 1 
406.74 81.4 40.550507 -3.476341 713.8 3 5 145.5 2.461 2 5 1 
407.75 82.0 40.550335 -3.476197 713.4 3 5 144.8 0.703 1 5 1 
408.77 81.8 40.550171 -3.476051 712.8 3 5 145.2 0.352 0 5 1 
409.73 81.6 40.550007 -3.475899 711.9 3 5 147.3 2.461 0 5 1 
410.73 82.3 40.549831 -3.475764 711.0 3 5 149.4 4.219 0 4 0 
411.75 81.4 40.549656 -3.475625 710.6 3 5 150.8 3.516 1 4 0 
412.73 80.9 40.549480 -3.475490 709.8 3 5 151.2 1.758 2 5 1 
413.76 79.8 40.549305 -3.475362 708.9 3 5 151.5 0.703 2 5 1 
414.75 79.7 40.549133 -3.475243 707.9 3 5 152.6 1.406 2 5 1 
415.74 78.9 40.548958 -3.475121 706.6 3 5 153.3 1.758 2 5 1 
416.86 80.3 40.548775 -3.475003 706.0 3 5 154.0 1.406 2 5 1 
417.88 77.7 40.548599 -3.474892 705.3 3 5 154.7 1.406 2 5 1 
418.75 77.2 40.548420 -3.474791 704.4 3 5 155.4 1.406 2 5 1 
419.78 77.3 40.548248 -3.474684 703.5 3 5 156.4 1.758 1 5 1 
420.75 78.7 40.548069 -3.474589 702.8 3 5 157.5 2.109 1 5 1 
421.75 79.2 40.547886 -3.474491 702.3 3 5 158.9 2.461 1 6 1 
422.80 80.6 40.547707 -3.474401 702.0 3 5 159.3 1.758 2 6 1 
423.79 83.3 40.547520 -3.474315 701.3 3 5 161.4 2.461 2 6 1 
424.77 82.3 40.547325 -3.474226 700.8 3 5 161.4 2.109 2 6 1 
425.81 83.2 40.547131 -3.474140 700.2 3 5 161.4 0 1 6 1 
426.75 83.5 40.546932 -3.474062 699.4 3 5 162.4 1.055 0 6 1 
427.76 83.6 40.546734 -3.473970 699.2 3 5 163.5 2.109 1 6 1 
428.75 83.2 40.546535 -3.473883 699.0 3 5 164.2 1.758 1 6 1 
429.76 83.2 40.546329 -3.473819 697.7 3 5 164.2 0.703 1 6 1 
430.76 82.8 40.546135 -3.473743 696.7 3 5 164.2 0 0 6 1 
431.73 82.2 40.545933 -3.473674 695.9 3 5 164.5 0.352 0 6 1 
432.81 80.4 40.545738 -3.473607 695.1 3 5 164.5 0.352 0 6 1 
433.74 80.4 40.545536 -3.473541 694.4 3 5 165.6 1.055 0 6 1 
434.77 79.8 40.545341 -3.473480 693.5 3 5 166.3 1.758 0 6 1 
435.75 78.3 40.545147 -3.473422 692.6 3 5 166.6 1.055 0 6 1 
436.76 78.4 40.544960 -3.473361 691.6 3 5 166.3 0.352 1 6 1 
437.74 79.1 40.544769 -3.473294 691.0 3 5 166.3 0.352 1 6 1 
438.74 80.4 40.544579 -3.473229 690.2 3 5 165.9 0.352 2 6 1 
439.78 82.1 40.544380 -3.473164 689.7 3 5 166.3 0.352 2 6 1 
440.75 81.6 40.544174 -3.473109 688.9 3 5 165.9 0.352 2 7 1 
441.76 81.6 40.543980 -3.473038 688.3 3 5 165.6 0.703 1 7 1 
442.78 80.4 40.543785 -3.472969 688.0 3 5 164.2 1.758 0 7 1 
443.74 82.6 40.543591 -3.472903 686.9 3 5 164.9 0.703 0 7 1 
444.76 82.6 40.543392 -3.472831 686.0 3 5 164.9 0.703 0 7 1 
445.86 82.4 40.543198 -3.472767 685.9 3 5 166.3 1.406 0 7 1 
446.77 84.1 40.542999 -3.472704 685.2 3 5 165.2 1.055 0 7 1 
447.74 85.4 40.542797 -3.472639 685.0 3 5 165.2 1.055 1 7 1 
448.76 86.7 40.542587 -3.472563 684.9 3 5 165.2 0 1 7 1 
449.73 87.1 40.542377 -3.472495 684.2 3 5 166.3 1.055 1 7 1 
450.74 85.8 40.542168 -3.472430 683.6 3 5 167.3 2.109 0 7 1 
451.79 86.1 40.541950 -3.472365 682.6 3 5 166.3 1.055 0 7 1 
452.76 87.0 40.541740 -3.472290 682.2 4 5 165.6 1.758 0 7 1 
453.76 88.3 40.541534 -3.472228 681.6 4 5 166.6 1.055 1 7 1 
454.78 89.2 40.541321 -3.472157 681.3 4 5 167.0 1.406 2 7 1 
455.74 88.2 40.541103 -3.472090 681.2 4 5 166.6 0.352 2 7 1 
456.73 88.6 40.540894 -3.472009 680.7 4 5 165.9 1.055 2 7 1 
457.79 89.9 40.540676 -3.471930 680.3 3 5 164.9 1.758 1 7 1 
458.74 89.2 40.540470 -3.471840 679.9 3 5 164.2 1.758 0 7 1 
459.77 89.0 40.540257 -3.471755 679.7 4 5 164.5 0.352 0 6 1 
460.74 89.5 40.540043 -3.471677 679.1 4 5 164.9 0.703 1 6 1 
461.74 88.8 40.539829 -3.471603 678.4 4 5 165.6 1.055 1 6 1 
462.74 88.9 40.539612 -3.471537 678.2 4 5 165.6 0.703 2 6 1 
463.74 89.2 40.539406 -3.471442 677.7 4 5 165.2 0.352 2 6 1 
464.74 88.7 40.539188 -3.471371 677.2 4 5 166.6 1.406 2 6 1 
465.74 88.8 40.538967 -3.471300 676.9 4 5 166.6 1.406 0 6 1 
466.74 89.9 40.538754 -3.471246 676.9 4 5 166.6 0 0 6 1 
467.77 89.9 40.538536 -3.471177 676.1 4 5 166.6 0 0 6 1 
468.75 91.4 40.538300 -3.471103 675.9 4 5 166.6 0 0 6 1 
469.74 89.6 40.538086 -3.471035 675.1 4 5 166.3 0.352 0 6 1 
470.74 87.3 40.537876 -3.470970 674.5 4 5 165.9 0.703 1 6 1 
471.74 87.2 40.537666 -3.470902 673.7 4 5 165.9 0.352 1 6 1 
472.75 87.7 40.537449 -3.470840 673.6 4 5 165.6 0.352 1 6 1 
473.75 88.3 40.537235 -3.470786 673.2 4 5 164.9 1.055 1 6 1 
474.77 88.5 40.537025 -3.470702 673.0 4 5 163.8 1.758 1 6 1 
475.75 88.9 40.536819 -3.470617 673.0 3 5 162.4 2.461 1 6 1 
476.77 87.6 40.536606 -3.470523 672.7 3 5 159.6 4.219 0 6 1 
477.74 89.5 40.536392 -3.470416 672.6 3 5 157.1 5.273 1 6 1 
478.76 89.8 40.536186 -3.470296 671.8 3 5 154.0 5.625 1 6 1 
479.78 89.6 40.535988 -3.470164 671.2 3 5 151.5 5.625 0 6 1 
480.75 85.9 40.535801 -3.470012 670.3 3 5 147.7 6.328 0 6 1 
481.75 83.6 40.535618 -3.469869 669.5 3 5 145.2 6.328 0 6 1 
482.75 83.2 40.535442 -3.469702 669.1 3 5 142.7 4.922 0 5 1 
483.80 83.4 40.535278 -3.469537 668.9 3 5 140.6 4.570 0 5 1 
484.76 84.3 40.535122 -3.469353 669.6 3 5 137.8 4.922 0 5 1 
485.74 85.7 40.534969 -3.469156 668.7 3 5 134.3 6.328 0 5 1 
486.75 84.8 40.534828 -3.468970 668.6 3 5 133.2 4.570 1 5 1 
487.75 84.9 40.534687 -3.468757 668.4 4 5 130.4 3.867 1 5 1 
488.75 85.2 40.534557 -3.468533 668.0 3 5 125.9 7.383 1 5 1 
489.75 85.3 40.534439 -3.468306 667.6 3 5 122.3 8.086 0 5 1 
490.76 85.9 40.534328 -3.468073 666.8 3 5 121.3 4.570 0 5 1 
491.75 81.9 40.534225 -3.467828 666.1 3 5 118.5 3.867 0 5 1 
492.79 80.8 40.534130 -3.467590 665.3 3 5 116.0 5.273 0 5 1 
493.86 81.7 40.534039 -3.467336 664.7 3 5 112.9 5.625 0 5 1 
494.74 82.6 40.533966 -3.467077 664.4 3 5 110.0 5.977 0 5 1 
495.76 82.8 40.533909 -3.466830 664.0 3 5 107.9 4.922 0 5 1 
496.77 83.7 40.533848 -3.466570 663.3 3 5 105.8 4.219 0 5 1 
497.79 83.0 40.533787 -3.466313 662.6 4 5 103.7 4.219 0 4 0 
498.79 83.1 40.533737 -3.466038 662.1 4 5 100.5 5.273 0 4 0 
499.77 81.8 40.533710 -3.465769 661.6 4 5 98.1 5.625 0 4 0 
500.73 81.9 40.533684 -3.465507 661.0 3 5 95.3 5.273 0 4 0 
501.74 81.5 40.533669 -3.465238 660.5 4 5 93.9 4.219 0 4 0 
502.74 82.9 40.533657 -3.464966 659.9 4 5 91.4 3.867 0 4 0 
503.75 82.9 40.533653 -3.464701 659.9 3 5 90.4 3.516 0 4 0 
504.76 82.2 40.533653 -3.464425 659.5 3 5 90.0 1.406 0 4 0 
505.76 81.7 40.533657 -3.464149 658.7 3 5 90.0 0.352 1 4 0 
506.75 81.4 40.533657 -3.463895 658.0 3 5 89.6 0.352 1 4 0 
507.75 81.7 40.533661 -3.463628 657.6 3 5 89.6 0.352 1 4 0 
508.82 82.0 40.533669 -3.463361 657.5 3 5 89.6 0 1 4 0 
509.74 82.4 40.533669 -3.463089 657.3 3 5 90.4 0.703 1 4 0 
510.83 82.7 40.533665 -3.462812 656.8 3 5 89.6 0.703 2 4 0 
511.76 83.1 40.533669 -3.462532 656.5 3 5 88.9 1.406 1 4 0 
512.74 83.4 40.533669 -3.462257 656.0 3 5 88.6 1.055 0 4 0 
513.76 84.2 40.533672 -3.461998 655.4 3 5 90.0 1.406 0 4 0 
514.86 84.5 40.533672 -3.461716 654.4 3 5 90.4 1.758 0 4 0 
515.82 85.3 40.533672 -3.461433 654.1 3 5 90.4 0.352 1 4 0 
516.76 85.0 40.533676 -3.461146 653.5 3 5 91.1 0.703 2 4 0 
517.76 86.0 40.533680 -3.460870 652.9 3 5 90.4 0.703 2 4 0 
518.77 86.2 40.533680 -3.460579 652.3 3 5 89.6 1.406 2 4 0 
519.74 86.5 40.533684 -3.460287 652.1 3 5 88.9 1.406 1 4 0 
520.75 84.6 40.533684 -3.460006 652.0 3 5 88.6 1.055 0 4 0 
521.75 85.8 40.533688 -3.459736 653.3 3 5 88.9 0.352 0 4 0 
522.76 85.5 40.533691 -3.459447 651.6 3 5 88.6 0.352 0 4 0 
523.76 87.5 40.533691 -3.459162 650.8 3 5 88.9 0.352 0 4 0 
524.74 87.2 40.533691 -3.458872 650.5 3 5 90.4 1.758 0 4 0 
525.77 87.4 40.533691 -3.458585 650.5 3 5 91.1 2.109 0 3 0 
526.73 87.3 40.533691 -3.458298 650.4 3 5 90.0 1.055 1 3 0 
527.77 88.2 40.533691 -3.458013 650.0 3 5 89.3 1.758 1 4 0 
528.75 89.2 40.533695 -3.457726 649.6 3 5 90.4 1.055 1 4 0 
529.77 89.3 40.533691 -3.457426 649.6 3 5 89.6 0.703 2 4 0 
530.83 88.4 40.533688 -3.457150 649.7 3 5 88.9 1.406 1 4 0 
531.79 89.2 40.533695 -3.456860 649.7 3 5 88.9 0.703 0 4 0 
532.78 88.6 40.533695 -3.456588 650.1 3 5 89.3 0.352 0 4 0 
533.83 88.7 40.533707 -3.456295 650.0 3 5 88.9 0.352 0 3 0 
534.74 88.5 40.533714 -3.456003 650.1 3 5 89.6 0.703 0 3 0 
535.74 89.4 40.533707 -3.455700 650.5 3 5 90.4 1.406 0 3 0 
536.77 88.7 40.533703 -3.455403 652.1 3 5 90.4 0.703 0 3 0 
537.75 88.8 40.533703 -3.455115 652.2 3 5 89.6 0.703 1 3 0 
538.84 88.5 40.533703 -3.454823 652.7 3 5 89.6 0.703 0 3 0 
539.75 87.5 40.533699 -3.454531 652.8 3 5 90.0 0.352 2 3 0 
540.75 88.1 40.533703 -3.454239 653.2 3 5 90.0 0.352 2 3 0 
541.78 85.6 40.533707 -3.453957 653.3 3 5 88.9 1.055 1 3 0 
542.77 86.6 40.533710 -3.453668 653.7 3 5 88.6 1.406 0 3 0 
543.81 86.7 40.533722 -3.453391 654.0 4 5 88.9 0.352 0 3 0 
544.78 86.5 40.533718 -3.453102 654.5 4 5 89.3 0.703 0 3 0 
545.76 86.7 40.533722 -3.452810 654.8 4 5 89.3 0.352 0 3 0 
546.75 87.0 40.533722 -3.452532 654.8 3 5 90.0 0.703 0 3 0 
547.75 87.2 40.533718 -3.452250 654.9 3 5 90.0 0.703 0 3 0 
548.76 87.8 40.533714 -3.451962 655.3 3 5 90.7 0.703 0 3 0 
549.77 85.6 40.533726 -3.451687 656.5 3 5 89.6 1.055 0 3 0 
550.84 86.5 40.533718 -3.451403 656.8 3 5 90.7 1.055 1 3 0 
551.89 88.0 40.533718 -3.451114 657.4 3 5 90.4 0.703 1 3 0 
552.82 86.8 40.533718 -3.450828 658.0 3 5 90.4 0.352 2 3 0 
553.82 86.3 40.533722 -3.450540 658.7 3 5 90.0 0.352 2 4 0 
554.75 87.2 40.533726 -3.450272 658.9 3 5 88.9 1.406 2 4 0 
555.75 88.8 40.533733 -3.449982 659.0 3 5 88.6 1.406 0 4 0 
556.83 88.8 40.533733 -3.449687 659.2 3 5 89.3 0.703 0 4 0 
557.76 87.9 40.533737 -3.449404 659.6 3 5 89.3 0.703 0 4 0 
558.75 88.2 40.533737 -3.449107 659.6 3 5 89.6 0.352 0 4 0 
559.76 87.5 40.533741 -3.448823 660.3 3 5 90.0 0.703 0 4 0 
560.75 87.8 40.533741 -3.448532 660.6 3 5 90.7 1.055 1 4 0 
561.76 87.1 40.533741 -3.448240 660.9 3 5 90.0 0.703 2 4 0 
562.74 87.1 40.533737 -3.447953 661.5 3 5 90.0 0.703 2 4 0 
563.76 87.2 40.533737 -3.447661 661.7 3 5 89.3 0.703 2 4 0 
564.81 87.2 40.533741 -3.447375 662.0 3 5 89.3 0.703 1 5 1 
565.85 88.5 40.533752 -3.447087 662.4 3 5 88.2 1.055 0 5 1 
566.80 88.1 40.533756 -3.446794 662.7 3 5 89.3 1.055 0 4 0 
567.77 86.9 40.533756 -3.446508 662.7 3 5 88.9 0.703 0 4 0 
568.78 87.2 40.533760 -3.446221 662.8 3 5 89.3 0.352 0 4 0 
569.81 87.1 40.533760 -3.445936 663.7 3 5 90.0 1.055 0 4 0 
570.76 88.0 40.533764 -3.445642 664.2 3 5 90.0 0.703 0 4 0 
571.74 88.7 40.533760 -3.445353 664.5 3 5 89.6 0.352 0 4 0 
572.79 88.5 40.533764 -3.445068 665.0 3 5 89.3 0.703 1 4 0 
573.76 88.4 40.533764 -3.444769 665.7 3 5 89.3 0.352 2 4 0 
574.78 87.6 40.533764 -3.444488 666.0 3 5 90.0 0.703 2 4 0 
575.73 87.9 40.533764 -3.444208 666.3 3 5 90.4 1.055 0 4 0 
576.74 88.1 40.533760 -3.443922 666.9 3 5 91.1 1.055 0 4 0 
577.75 87.9 40.533760 -3.443639 666.9 3 5 90.4 0.703 0 4 0 
578.75 87.1 40.533760 -3.443356 667.4 3 5 90.0 1.055 0 3 0 
579.83 86.5 40.533764 -3.443076 667.8 3 5 90.0 0.352 1 3 0 
580.79 87.0 40.533756 -3.442782 668.2 3 5 90.4 0.352 1 3 0 
581.74 86.7 40.533752 -3.442493 669.0 3 5 90.0 0.352 2 4 0 
582.75 86.7 40.533752 -3.442206 669.2 3 5 90.0 0.352 2 4 0 
583.80 88.2 40.533764 -3.441919 669.0 3 5 88.9 1.055 1 4 0 
584.74 87.0 40.533772 -3.441651 668.9 3 5 88.6 1.406 0 4 0 
585.73 87.0 40.533775 -3.441376 669.2 3 5 88.6 0.352 0 4 0 
586.75 85.8 40.533783 -3.441092 669.1 3 5 88.9 0.352 0 4 0 
587.74 84.9 40.533783 -3.440811 669.1 3 5 89.6 1.055 0 4 0 
588.74 86.0 40.533787 -3.440543 669.0 3 5 90.7 1.758 0 4 0 
589.75 86.5 40.533783 -3.440258 668.6 3 5 89.6 1.055 0 4 0 
590.76 86.6 40.533783 -3.439975 669.0 3 5 89.6 1.055 0 3 0 
591.80 87.4 40.533787 -3.439686 668.7 3 5 89.6 0 0 3 0 
592.82 84.8 40.533783 -3.439409 668.1 3 5 90.0 0.352 0 3 0 
593.76 82.7 40.533779 -3.439135 667.2 3 5 90.0 0.352 1 4 0 
594.76 82.7 40.533783 -3.438863 665.8 3 5 89.3 0.703 0 4 0 
595.75 83.6 40.533791 -3.438586 664.5 3 5 88.9 1.055 0 4 0 
596.80 83.4 40.533794 -3.438310 663.9 3 5 87.9 1.406 0 4 0 
597.75 84.9 40.533802 -3.438034 662.9 3 5 89.6 1.758 0 4 0 
598.78 84.2 40.533806 -3.437761 661.5 3 5 90.4 2.461 0 3 0 
599.88 84.2 40.533806 -3.437482 660.6 3 5 90.7 1.055 0 3 0 
600.84 83.3 40.533802 -3.437204 661.0 3 5 90.4 0.352 1 3 0 
601.81 84.9 40.533806 -3.436926 658.0 3 5 89.6 1.055 1 3 0 
602.75 86.9 40.533813 -3.436651 657.2 3 5 89.6 0.703 1 3 0 
603.77 87.6 40.533821 -3.436386 655.6 3 5 89.6 0 1 3 0 
604.76 89.1 40.533821 -3.436094 654.1 3 5 89.3 0.352 1 4 0 
605.87 90.2 40.533821 -3.435796 653.4 3 5 89.3 0.352 0 4 0 
606.81 91.4 40.533825 -3.435490 652.0 3 5 89.6 0.352 1 4 0 
607.75 92.4 40.533821 -3.435187 651.1 3 5 90.4 1.055 1 4 0 
608.75 94.4 40.533806 -3.434872 650.2 3 5 90.7 1.055 1 4 0 
609.76 92.4 40.533798 -3.434562 648.5 3 5 90.4 0.352 0 4 0 
610.74 89.6 40.533794 -3.434268 647.3 3 5 91.4 1.055 0 4 0 
611.75 85.7 40.533791 -3.433989 645.6 3 5 92.5 2.109 0 4 0 
612.77 86.5 40.533775 -3.433696 644.2 3 5 94.2 2.812 1 4 0 
613.75 86.7 40.533764 -3.433432 643.0 3 5 93.9 1.406 1 4 0 
614.76 87.0 40.533745 -3.433146 641.8 3 5 96.3 2.461 1 4 0 
615.90 87.7 40.533710 -3.432849 640.2 3 5 98.1 4.219 1 4 0 
616.73 86.9 40.533680 -3.432553 639.5 3 5 98.8 2.461 1 4 0 
617.78 87.6 40.533646 -3.432275 638.6 3 5 100.9 2.812 1 4 0 
618.74 88.6 40.533600 -3.431989 637.5 3 5 103.4 4.570 2 4 0 
619.74 87.8 40.533543 -3.431716 636.7 3 5 104.1 3.164 2 4 0 
620.75 87.8 40.533482 -3.431432 635.3 3 5 105.1 1.758 2 5 1 
621.77 85.6 40.533424 -3.431160 634.1 3 5 106.2 2.109 1 5 1 
622.74 86.0 40.533356 -3.430885 632.6 3 5 108.3 3.164 1 5 1 
623.76 85.7 40.533283 -3.430618 631.3 3 5 110.0 3.867 0 4 0 
624.76 85.4 40.533207 -3.430356 630.0 3 5 111.8 3.516 0 4 0 
625.81 85.5 40.533131 -3.430095 628.9 3 5 113.6 3.516 1 4 0 
626.75 85.5 40.533051 -3.429828 627.4 3 5 115.3 3.516 1 5 1 
627.79 85.3 40.532955 -3.429582 626.6 3 5 116.7 3.164 1 5 1 
628.81 85.2 40.532856 -3.429336 625.4 3 5 118.1 2.812 2 5 1 
629.75 85.3 40.532753 -3.429092 624.5 3 5 119.5 2.812 2 5 1 
630.73 85.8 40.532642 -3.428847 623.1 3 5 120.9 2.812 2 5 1 
631.75 85.0 40.532528 -3.428613 621.5 3 5 122.0 2.461 2 5 1 
632.82 83.5 40.532410 -3.428383 620.5 3 5 124.1 3.164 2 5 1 
633.74 84.3 40.532284 -3.428160 619.6 3 5 124.8 2.812 2 5 1 
634.77 85.8 40.532158 -3.427936 618.7 4 5 126.9 2.812 2 5 1 
635.76 84.1 40.532028 -3.427738 617.6 4 5 128.7 3.867 2 5 1 
636.74 84.9 40.531898 -3.427527 617.1 3 5 129.0 2.109 1 6 1 
637.74 87.6 40.531757 -3.427307 617.0 3 5 130.4 1.758 0 6 1 
638.73 85.6 40.531616 -3.427091 616.8 3 5 131.8 2.812 0 6 1 
639.75 85.9 40.531475 -3.426909 616.2 4 5 133.9 3.516 0 6 1 
640.73 84.6 40.531315 -3.426708 616.0 3 5 136.1 4.219 0 5 1 
641.77 83.8 40.531162 -3.426521 615.8 3 5 137.8 3.867 0 5 1 
642.79 83.0 40.531002 -3.426332 616.1 3 5 138.9 2.812 0 5 1 
643.74 82.0 40.530849 -3.426158 616.4 3 5 140.6 2.812 1 5 1 
644.77 80.8 40.530689 -3.425992 617.3 3 5 142.0 3.164 1 5 1 
645.75 79.6 40.530533 -3.425832 617.5 3 5 142.7 2.109 1 5 1 
646.80 78.4 40.530373 -3.425669 617.8 3 5 143.8 1.758 1 5 1 
647.77 79.1 40.530212 -3.425521 618.6 3 5 145.2 2.461 0 5 1 
648.75 80.2 40.530048 -3.425365 619.1 3 5 146.6 2.812 0 5 1 
649.74 80.1 40.529869 -3.425226 619.4 3 5 148.4 3.164 0 5 1 
650.79 80.2 40.529694 -3.425095 620.0 3 5 150.1 3.516 0 5 1 
651.76 81.7 40.529518 -3.424967 620.5 3 5 151.9 3.516 0 5 1 
652.74 79.3 40.529343 -3.424852 620.4 3 5 152.2 2.109 0 5 1 
653.78 79.1 40.529167 -3.424725 621.0 3 5 152.6 0.703 0 5 1 
654.73 79.4 40.528992 -3.424601 621.4 3 5 152.9 0.703 0 5 1 
655.75 79.0 40.528812 -3.424471 622.0 3 5 153.6 1.055 0 5 1 
656.73 78.8 40.528629 -3.424360 622.1 3 5 154.0 1.055 0 5 1 
657.75 78.6 40.528458 -3.424255 622.3 3 5 153.3 0.703 0 5 1 
658.76 78.2 40.528278 -3.424132 622.7 3 5 152.6 1.406 0 5 1 
659.75 78.3 40.528103 -3.424016 623.0 3 5 152.2 1.055 0 5 1 
660.79 78.5 40.527931 -3.423884 623.7 3 5 150.8 1.758 1 5 1 
661.74 78.6 40.527763 -3.423756 624.6 3 5 150.1 2.109 2 5 1 
662.76 77.2 40.527596 -3.423624 624.9 3 5 148.7 2.109 2 5 1 
663.75 78.2 40.527435 -3.423487 625.3 3 5 147.0 3.164 1 5 1 
664.75 80.1 40.527275 -3.423332 625.5 3 5 146.2 2.461 0 5 1 
665.75 77.4 40.527115 -3.423189 625.8 3 5 144.1 2.812 0 5 1 
666.80 77.2 40.526962 -3.423031 626.1 3 5 141.3 4.922 0 5 1 
667.75 77.1 40.526817 -3.422866 626.6 3 5 138.2 5.977 0 5 1 
668.79 76.8 40.526680 -3.422698 626.9 3 5 136.1 5.273 0 5 1 
669.74 77.1 40.526539 -3.422514 627.1 3 5 135.4 2.812 1 5 1 
670.76 76.9 40.526405 -3.422337 627.7 3 5 133.2 2.812 2 5 1 
671.76 76.6 40.526276 -3.422139 628.0 3 5 130.1 5.273 2 5 1 
672.76 77.1 40.526161 -3.421947 628.8 3 5 127.3 5.977 1 5 1 
673.74 76.5 40.526051 -3.421738 629.2 3 5 124.5 5.625 0 5 1 
674.75 78.6 40.525940 -3.421531 629.9 3 5 123.4 3.867 0 5 1 
675.76 78.3 40.525837 -3.421316 630.4 3 5 122.0 2.461 0 5 1 
676.81 78.6 40.525738 -3.421098 631.0 3 5 120.9 2.461 0 5 1 
677.76 78.3 40.525639 -3.420875 631.5 3 5 119.5 2.461 0 4 0 
678.82 77.9 40.525551 -3.420652 632.0 3 5 117.4 3.516 0 4 0 
679.77 77.9 40.525463 -3.420425 632.5 3 5 117.4 2.109 0 4 0 
680.75 78.6 40.525387 -3.420182 632.8 3 5 113.2 4.219 0 4 0 
681.76 77.8 40.525311 -3.419944 633.5 3 5 111.4 5.977 0 4 0 
682.74 78.4 40.525234 -3.419700 634.2 3 5 111.4 1.758 0 4 0 
683.79 78.9 40.525166 -3.419461 634.3 3 5 110.7 0.703 0 4 0 
684.73 77.0 40.525101 -3.419231 634.6 3 5 109.3 2.109 0 4 0 
685.73 77.4 40.525043 -3.418996 635.0 3 5 108.3 2.461 0 3 0 
686.76 77.9 40.524982 -3.418747 635.3 3 5 107.2 2.109 0 3 0 
687.75 78.2 40.524929 -3.418507 636.1 3 5 106.9 1.406 0 3 0 
688.75 79.1 40.524879 -3.418266 637.5 3 5 105.5 1.758 0 3 0 
689.73 79.3 40.524826 -3.418017 638.3 3 5 106.9 1.406 0 3 0 
690.75 77.7 40.524765 -3.417771 637.4 3 5 107.9 2.461 0 3 0 
691.73 78.1 40.524700 -3.417531 637.4 3 5 109.3 2.461 0 2 0 
692.73 77.3 40.524628 -3.417310 638.0 3 5 112.9 4.922 0 2 0 
693.73 77.0 40.524551 -3.417066 640.0 3 5 111.8 2.461 0 2 0 
694.75 77.9 40.524471 -3.416827 639.2 3 5 114.3 2.461 0 2 0 
695.78 78.8 40.524387 -3.416602 639.1 3 5 115.3 3.516 0 2 0 
696.74 79.9 40.524296 -3.416366 639.1 3 5 116.7 2.461 0 2 0 
697.73 81.3 40.524200 -3.416136 639.3 3 5 119.5 4.219 0 1 0 
698.74 82.3 40.524094 -3.415895 639.2 3 5 121.3 4.570 0 1 0 
699.74 82.9 40.523983 -3.415660 639.3 3 5 122.7 3.164 0 1 0 
700.75 81.2 40.523869 -3.415436 638.8 3 5 124.1 2.812 0 1 0 
701.74 81.5 40.523750 -3.415215 638.2 3 5 125.9 3.164 0 1 0 
702.75 79.0 40.523628 -3.415007 637.3 3 5 127.3 3.164 1 2 0 
703.75 80.0 40.523506 -3.414803 636.7 3 5 130.1 4.219 1 2 0 
704.77 81.4 40.523369 -3.414602 636.1 3 5 132.2 4.922 2 2 0 
705.74 82.7 40.523235 -3.414412 636.0 3 5 134.3 4.219 1 2 0 
706.77 83.3 40.523087 -3.414225 635.6 3 5 136.8 4.570 0 2 0 
707.77 85.4 40.522919 -3.414027 634.9 3 5 137.5 3.164 0 2 0 
708.74 84.6 40.522758 -3.413858 634.1 3 5 140.6 3.867 1 2 0 
709.80 85.7 40.522591 -3.413687 633.2 3 5 142.4 4.922 0 2 0 
710.74 85.7 40.522419 -3.413519 632.3 3 5 144.1 3.516 0 2 0 
711.75 85.7 40.522243 -3.413354 631.3 3 5 144.1 1.758 0 2 0 
712.75 89.0 40.522072 -3.413179 630.8 4 5 144.8 0.703 0 2 0 
713.77 85.5 40.521896 -3.413025 630.3 4 5 145.5 1.406 0 2 0 
714.75 87.4 40.521717 -3.412854 630.0 4 5 144.5 1.055 0 2 0 
715.77 88.2 40.521542 -3.412683 629.2 3 5 143.8 1.758 1 2 0 
716.92 88.7 40.521370 -3.412514 629.0 4 5 143.8 0.703 0 2 0 
717.76 89.2 40.521187 -3.412336 628.3 3 5 144.5 0.703 0 2 0 
718.75 89.2 40.521004 -3.412164 627.6 4 5 144.8 1.055 0 2 0 
719.75 89.0 40.520817 -3.411995 626.8 4 5 145.5 1.055 0 2 0 
720.75 88.3 40.520634 -3.411822 626.6 4 5 145.2 0.352 0 2 0 
721.76 88.1 40.520454 -3.411656 626.2 3 5 144.8 0.703 0 2 0 
722.81 88.2 40.520279 -3.411500 626.0 3 5 143.8 1.406 0 2 0 
723.74 86.6 40.520111 -3.411341 625.5 3 5 143.1 1.758 1 1 0 
724.76 86.7 40.519932 -3.411177 625.2 3 5 143.8 0.703 2 2 0 
725.78 87.3 40.519756 -3.411010 625.0 3 5 144.5 1.406 0 2 0 
726.76 86.8 40.519581 -3.410851 624.8 4 5 145.2 1.406 0 2 0 
727.76 89.1 40.519394 -3.410685 624.7 3 5 145.2 0.703 1 2 0 
728.81 87.6 40.519218 -3.410536 624.3 4 5 143.8 1.406 1 2 0 
729.75 87.4 40.519043 -3.410373 624.2 4 5 143.8 1.406 2 2 0 
730.77 87.3 40.518867 -3.410201 623.8 4 5 143.8 0 2 2 0 
731.92 89.6 40.518688 -3.410027 623.7 4 5 144.8 1.055 2 2 0 
732.80 87.4 40.518505 -3.409851 623.5 4 5 144.1 0.703 0 2 0 
733.80 87.4 40.518322 -3.409687 623.6 4 5 144.1 0.703 0 2 0 
734.80 88.1 40.518154 -3.409528 623.2 4 5 144.1 0 0 2 0 
735.75 88.0 40.517975 -3.409350 622.8 4 5 143.8 0.352 0 2 0 
736.78 87.3 40.517799 -3.409181 623.0 4 5 144.1 0.352 0 2 0 
737.76 85.5 40.517632 -3.409006 622.6 4 5 143.8 0.352 0 2 0 
738.76 86.5 40.517452 -3.408846 622.0 4 5 146.2 2.461 0 2 0 
739.81 86.3 40.517273 -3.408686 621.8 4 5 147.7 3.867 0 2 0 
740.75 86.4 40.517078 -3.408530 621.2 4 5 147.7 1.406 2 2 0 
741.76 85.0 40.516899 -3.408365 621.1 4 5 147.3 0.352 2 2 0 
742.85 83.2 40.516739 -3.408214 621.1 4 5 146.6 1.055 0 2 0 
743.75 82.9 40.516560 -3.408067 620.7 4 5 147.3 0.703 0 2 0 
744.76 82.2 40.516384 -3.407912 620.2 4 5 147.7 1.055 0 2 0 
745.76 81.7 40.516212 -3.407766 619.9 4 5 149.1 1.758 2 2 0 
746.82 80.8 40.516029 -3.407633 619.6 4 5 148.7 1.055 0 2 0 
747.76 80.4 40.515862 -3.407494 619.6 4 5 148.0 1.055 0 2 0 
748.73 80.1 40.515694 -3.407346 618.8 4 5 147.7 1.055 0 2 0 
749.75 80.3 40.515526 -3.407207 618.5 4 5 148.0 0.352 0 2 0 
750.73 81.1 40.515354 -3.407065 617.9 4 5 149.4 1.758 0 2 0 
751.76 83.4 40.515175 -3.406932 617.6 4 5 151.2 3.164 0 2 0 
752.75 85.1 40.514988 -3.406810 617.2 4 5 149.1 2.109 0 2 0 
