83.07 -1 40.499229 -3.377005 0.55 1.50
180.81 -1 40.483231 -3.400440 0.76 1.50
229.41 1 40.474167 -3.413237 0.71 1.50
249.12 -1 40.472500 -3.419700 0.70 1.50
261.60 1 40.471386 -3.423761 0.57 1.50
387.70 1 40.467190 -3.465560 0.92 1.50
394.88 1 40.467209 -3.467879 0.52 1.50
531.26 -1 40.465565 -3.478742 1.35 1.50
546.95 -1 40.466328 -3.475113 0.75 1.50
715.10 -1 40.469719 -3.429213 0.44 1.50
735.07 1 40.471634 -3.422472 0.76 1.50
937.51 1 40.502537 -3.369744 0.64 1.50
943.74 1 40.503258 -3.368154 0.72 1.50
