16.54 120.0 1 motorway 4 2 40.505913 -3.358250 1.550 85.1 
18.50 120.0 1 motorway 3 2 40.505951 -3.358792 1.512 85.8 
19.58 120.0 1 motorway 3 2 40.505978 -3.359363 0.603 85.3 
21.02 120.0 1 motorway 3 2 40.505985 -3.359627 1.038 84.8 
23.91 120.0 1 motorway 3 2 40.505989 -3.360187 1.928 84.8 
25.25 120.0 1 motorway 3 2 40.505970 -3.360735 1.267 82.7 
26.96 120.0 1 motorway 3 2 40.505932 -3.361275 0.977 83.1 
28.40 120.0 1 motorway 3 2 40.505905 -3.361550 1.422 84.1 
30.95 120.0 1 motorway 3 2 40.505836 -3.362092 1.964 85.2 
32.59 120.0 1 motorway 3 2 40.505749 -3.362640 1.606 86.4 
34.53 120.0 1 motorway 3 2 40.505642 -3.363179 1.553 88.8 
37.13 120.0 1 motorway 3 2 40.505505 -3.363739 2.143 90.8 
39.67 120.0 1 motorway 3 2 40.505260 -3.364563 1.684 93.2 
41.00 120.0 1 motorway 3 2 40.505074 -3.365130 1.016 90.7 
42.83 120.0 1 motorway 3 2 40.504848 -3.365647 0.849 92.8 
45.70 120.0 1 motorway 3 2 40.504730 -3.365907 2.718 98.1 
46.62 120.0 1 motorway 3 2 40.504337 -3.366703 0.643 99.4 
48.01 120.0 1 motorway 3 2 40.504200 -3.366980 1.023 100.4 
49.80 120.0 1 motorway 3 2 40.503929 -3.367537 0.814 100.8 
50.42 120.0 1 motorway 3 2 40.503796 -3.367812 0.438 100.8 
51.36 120.0 1 motorway 3 2 40.503658 -3.368091 0.375 103.1 
52.53 120.0 1 motorway 3 2 40.503513 -3.368373 0.546 101.3 
53.38 120.0 1 motorway 3 2 40.503376 -3.368649 0.397 100.7 
55.42 120.0 1 motorway 3 2 40.503239 -3.368938 1.441 98.6 
57.28 120.0 1 motorway 3 2 40.502991 -3.369487 1.295 101.2 
59.60 120.0 1 motorway 3 2 40.502720 -3.370041 1.616 100.0 
60.85 120.0 1 motorway 3 2 40.502457 -3.370610 0.874 99.3 
61.79 120.0 1 motorway 3 2 40.502327 -3.370883 0.803 98.1 
63.47 120.0 1 motorway 3 2 40.502197 -3.371155 1.488 95.4 
65.26 120.0 1 motorway 3 2 40.501930 -3.371697 1.280 92.6 
67.86 120.0 1 motorway 3 2 40.501671 -3.372206 1.882 93.3 
69.77 120.0 1 motorway 3 2 40.501423 -3.372715 1.789 95.4 
71.10 120.0 1 motorway 3 2 40.501156 -3.373231 1.122 99.1 
73.04 120.0 1 motorway 3 2 40.500889 -3.373766 1.057 99.5 
74.74 120.0 1 motorway 3 2 40.500618 -3.374291 0.754 100.0 
75.91 120.0 1 motorway 3 2 40.500481 -3.374562 0.924 99.9 
76.83 120.0 1 motorway 3 2 40.500340 -3.374834 0.847 100.1 
78.18 120.0 1 motorway 3 2 40.500202 -3.375114 1.166 100.3 
80.53 120.0 1 motorway 3 2 40.499924 -3.375659 1.547 99.3 
82.17 120.0 1 motorway 3 2 40.499653 -3.376202 1.189 98.7 
84.34 120.0 1 motorway 3 3 40.499371 -3.376745 1.359 97.2 
86.38 120.0 1 motorway 3 3 40.499092 -3.377266 1.400 98.2 
88.51 120.0 1 motorway 3 3 40.498814 -3.377798 1.527 98.1 
90.15 120.0 1 motorway 3 3 40.498543 -3.378331 1.166 99.0 
93.01 120.0 1 motorway 3 2 40.498268 -3.378869 2.031 97.3 
94.67 120.0 1 motorway 3 2 40.497868 -3.379687 0.691 97.2 
97.51 120.0 1 motorway 3 2 40.497734 -3.379958 2.529 100.9 
100.43 120.0 1 motorway 3 2 40.497322 -3.380783 2.444 103.5 
102.05 120.0 1 motorway 3 2 40.496902 -3.381614 1.069 103.9 
103.87 120.0 1 motorway 3 2 40.496620 -3.382176 0.890 103.6 
110.01 120.0 1 motorway 3 2 40.496475 -3.382455 6.025 103.7 
113.48 120.0 1 motorway 3 2 40.495415 -3.384386 2.504 104.5 
116.07 120.0 1 motorway 3 2 40.494949 -3.385186 2.092 107.1 
118.92 120.0 1 motorway 3 2 40.494450 -3.386008 1.944 108.8 
122.10 120.0 1 motorway 3 2 40.494110 -3.386559 3.122 111.9 
123.82 120.0 1 motorway 3 2 40.493397 -3.387671 0.847 111.0 
125.98 120.0 1 motorway 3 2 40.493217 -3.387950 1.998 108.3 
130.07 120.0 1 motorway 3 2 40.492867 -3.388479 4.092 102.9 
133.35 120.0 1 motorway 3 2 40.491982 -3.389743 2.371 97.3 
134.89 120.0 1 motorway 3 2 40.491467 -3.390451 0.909 95.7 
136.23 120.0 1 motorway 3 2 40.491295 -3.390677 1.249 95.0 
139.44 120.0 1 motorway 3 2 40.490971 -3.391124 2.461 97.7 
142.32 120.0 1 motorway 3 2 40.490471 -3.391816 2.341 100.6 
143.52 120.0 1 motorway 3 2 40.489944 -3.392535 0.545 99.9 
144.66 120.0 1 motorway 3 2 40.489769 -3.392774 0.687 98.5 
145.66 120.0 1 motorway 3 2 40.489594 -3.393000 0.679 98.7 
146.56 120.0 1 motorway 3 2 40.489418 -3.393223 0.580 96.8 
148.00 120.0 1 motorway 3 2 40.489243 -3.393443 1.025 96.6 
149.94 120.0 1 motorway 3 2 40.488922 -3.393898 0.939 95.0 
150.57 120.0 1 motorway 3 2 40.488754 -3.394125 0.596 92.6 
152.50 120.0 1 motorway 3 2 40.488590 -3.394355 1.524 90.2 
153.62 120.0 1 motorway 3 2 40.488281 -3.394788 0.645 90.8 
155.07 120.0 1 motorway 3 2 40.488121 -3.395005 1.097 93.5 
158.59 120.0 1 motorway 3 2 40.487797 -3.395431 2.614 94.7 
159.80 120.0 1 motorway 3 2 40.487305 -3.396096 0.825 93.8 
160.79 120.0 1 motorway 3 2 40.487133 -3.396316 0.815 93.8 
162.03 120.0 1 motorway 3 2 40.486961 -3.396543 1.054 94.9 
164.28 120.0 1 motorway 3 2 40.486610 -3.396974 1.304 95.1 
165.61 120.0 1 motorway 3 2 40.486267 -3.397381 0.629 95.7 
166.84 120.0 1 motorway 3 2 40.486088 -3.397585 0.866 96.7 
167.76 120.0 1 motorway 3 2 40.485897 -3.397784 0.780 97.5 
169.19 120.0 1 motorway 3 2 40.485710 -3.397986 1.210 97.6 
171.65 120.0 1 motorway 3 2 40.485332 -3.398389 1.669 97.7 
173.21 120.0 1 motorway 3 2 40.484955 -3.398767 1.224 95.4 
174.53 120.0 1 motorway 3 2 40.484566 -3.399149 0.547 93.8 
176.52 120.0 1 motorway 3 2 40.484379 -3.399333 1.538 91.7 
178.02 120.0 1 motorway 3 2 40.484005 -3.399701 1.031 90.9 
179.68 120.0 1 motorway 3 2 40.483616 -3.400067 0.705 96.8 
180.35 120.0 1 motorway 3 2 40.483429 -3.400252 0.377 97.5 
182.21 120.0 1 motorway 3 3 40.483231 -3.400440 1.232 97.1 
184.45 120.0 1 motorway 3 3 40.482838 -3.400798 1.468 98.4 
186.46 120.0 1 motorway 3 3 40.482437 -3.401170 1.479 100.8 
187.93 120.0 1 motorway 3 3 40.482040 -3.401541 0.950 102.4 
188.64 120.0 1 motorway 3 3 40.481846 -3.401740 0.667 104.3 
190.50 120.0 1 motorway 3 3 40.481632 -3.401932 1.520 105.5 
192.19 120.0 1 motorway 3 3 40.481213 -3.402356 1.214 105.3 
194.38 120.0 1 motorway 3 3 40.480793 -3.402772 1.402 106.6 
195.93 120.0 1 motorway 3 2 40.480366 -3.403193 0.952 107.4 
196.58 120.0 1 motorway 3 2 40.480148 -3.403408 0.600 108.0 
198.10 120.0 1 motorway 3 2 40.479927 -3.403622 1.122 107.0 
200.83 120.0 1 motorway 3 2 40.479511 -3.404048 1.854 108.2 
201.86 120.0 1 motorway 3 2 40.479095 -3.404495 0.878 110.0 
202.78 120.0 1 motorway 3 2 40.478886 -3.404723 0.800 111.5 
203.71 120.0 1 motorway 3 2 40.478680 -3.404966 0.733 113.2 
204.96 120.0 1 motorway 3 2 40.478474 -3.405225 0.984 113.6 
205.95 120.0 1 motorway 3 2 40.478264 -3.405480 0.977 113.8 
207.49 120.0 1 motorway 3 2 40.478062 -3.405743 1.510 115.6 
208.51 120.0 1 motorway 3 2 40.477661 -3.406287 0.536 114.7 
210.05 120.0 1 motorway 3 2 40.477470 -3.406557 1.075 112.8 
211.60 120.0 1 motorway 3 2 40.477097 -3.407114 0.618 114.3 
213.34 120.0 1 motorway 3 2 40.476910 -3.407398 1.361 117.1 
214.58 120.0 1 motorway 3 2 40.476543 -3.407978 0.601 118.2 
215.58 120.0 1 motorway 3 2 40.476364 -3.408286 0.599 118.7 
217.74 120.0 1 motorway 3 2 40.476185 -3.408598 1.764 117.6 
219.08 120.0 1 motorway 3 2 40.475845 -3.409236 1.103 117.6 
221.00 120.0 1 motorway 3 2 40.475521 -3.409878 1.027 120.1 
222.86 120.0 1 motorway 3 2 40.475204 -3.410553 0.880 120.3 
224.79 120.0 1 motorway 3 2 40.475052 -3.410892 1.816 117.2 
225.52 120.0 1 motorway 3 2 40.474770 -3.411575 0.544 116.1 
227.05 120.0 1 motorway 3 2 40.474636 -3.411915 1.069 110.1 
228.72 120.0 1 motorway 3 2 40.474392 -3.412579 0.745 108.5 
230.25 120.0 1 motorway 3 1 40.474274 -3.412905 1.267 107.2 
232.17 120.0 1 motorway 3 1 40.474072 -3.413587 1.191 102.2 
233.81 120.0 1 motorway 3 1 40.473885 -3.414248 0.823 102.3 
234.73 120.0 1 motorway 3 1 40.473801 -3.414561 0.744 103.3 
236.06 120.0 1 motorway 3 1 40.473717 -3.414885 1.080 105.6 
238.21 120.0 1 motorway 3 1 40.473560 -3.415528 1.229 107.9 
239.86 120.0 1 motorway 3 1 40.473400 -3.416196 0.880 108.4 
240.77 120.0 1 motorway 3 1 40.473320 -3.416528 0.791 108.7 
242.10 120.0 1 motorway 3 1 40.473228 -3.416858 1.127 104.8 
243.74 120.0 1 motorway 3 1 40.473061 -3.417519 0.760 104.8 
245.27 120.0 1 motorway 3 1 40.472977 -3.417844 1.296 99.9 
247.84 120.0 1 motorway 3 1 40.472820 -3.418485 1.866 99.2 
249.27 120.0 1 motorway 3 1 40.472668 -3.419080 1.293 101.8 
251.02 120.0 1 motorway 3 1 40.472500 -3.419700 1.046 104.5 
253.17 120.0 1 motorway 3 1 40.472324 -3.420349 1.190 110.1 
255.43 120.0 1 motorway 3 1 40.472145 -3.421025 1.454 110.8 
257.67 120.0 1 motorway 3 1 40.471962 -3.421717 1.690 112.5 
258.50 120.0 1 motorway 3 1 40.471775 -3.422388 0.519 113.3 
260.22 120.0 1 motorway 3 1 40.471684 -3.422734 1.245 113.0 
262.78 120.0 1 motorway 3 1 40.471489 -3.423426 1.806 109.9 
264.74 120.0 1 motorway 3 1 40.471291 -3.424108 1.761 106.6 
286.76 120.0 1 motorway 3 1 40.471107 -3.424782 21.778 111.2 
288.69 120.0 1 motorway 3 1 40.469223 -3.432354 1.707 112.6 
289.62 120.0 1 motorway 3 1 40.469105 -3.433087 0.644 113.1 
291.88 120.0 1 motorway 3 1 40.469051 -3.433452 1.898 110.7 
293.20 120.0 1 motorway 3 1 40.468941 -3.434172 1.219 105.3 
295.01 120.0 1 motorway 3 1 40.468834 -3.434860 1.025 105.2 
296.93 120.0 1 motorway 3 1 40.468731 -3.435526 0.953 104.0 
297.91 120.0 1 motorway 3 1 40.468678 -3.435860 0.929 103.2 
299.44 120.0 1 motorway 3 1 40.468628 -3.436181 1.466 102.0 
300.99 120.0 1 motorway 3 1 40.468494 -3.436827 1.011 100.9 
302.93 120.0 1 motorway 3 1 40.468388 -3.437461 0.953 99.5 
303.89 120.0 1 motorway 3 1 40.468338 -3.437788 0.915 100.4 
305.49 120.0 1 motorway 3 1 40.468277 -3.438106 1.511 100.0 
306.82 120.0 1 motorway 3 1 40.468163 -3.438734 0.840 100.7 
307.74 120.0 1 motorway 3 1 40.468105 -3.439069 0.757 100.7 
310.00 120.0 1 motorway 3 1 40.468044 -3.439389 2.021 100.9 
312.55 120.0 1 motorway 3 1 40.467888 -3.440336 1.575 101.5 
315.12 120.0 1 motorway 3 1 40.467789 -3.440976 2.140 100.4 
317.67 120.0 1 motorway 3 1 40.467655 -3.441960 1.692 100.9 
319.55 120.0 1 motorway 3 1 40.467583 -3.442612 1.577 98.6 
321.46 120.0 1 motorway 3 1 40.467529 -3.443259 1.483 96.2 
326.91 120.0 1 motorway 3 1 40.467472 -3.443889 4.936 98.6 
329.09 120.0 1 motorway 3 1 40.467331 -3.445511 2.111 96.6 
331.09 120.0 1 motorway 3 1 40.467247 -3.446486 1.106 95.4 
335.38 120.0 1 motorway 3 1 40.467201 -3.447100 3.406 96.3 
340.85 120.0 1 motorway 3 1 40.467098 -3.448366 4.858 99.1 
345.57 120.0 2 motorway 3 1 40.466969 -3.449973 4.579 99.4 
346.55 120.0 1 motorway 3 1 40.466869 -3.451584 0.569 99.9 
350.71 120.0 1 motorway 3 1 40.466854 -3.451897 3.735 101.8 
358.83 120.0 1 motorway 3 1 40.466801 -3.453222 7.854 98.0 
363.57 120.0 1 motorway 3 1 40.466785 -3.455829 4.583 102.4 
370.11 120.0 1 motorway 3 1 40.466816 -3.457525 6.135 104.8 
388.94 120.0 1 motorway 3 1 40.466919 -3.459902 17.962 98.9 
390.61 120.0 1 motorway 3 1 40.467209 -3.465889 1.629 98.9 
392.20 120.0 1 motorway 3 1 40.467213 -3.466557 1.222 96.8 
393.76 120.0 1 motorway 3 1 40.467205 -3.467214 0.766 97.2 
395.09 120.0 1 motorway 3 1 40.467205 -3.467551 1.108 95.5 
397.35 120.0 1 motorway 3 1 40.467213 -3.468172 1.372 97.5 
399.90 120.0 1 motorway 3 1 40.467216 -3.468788 1.918 93.8 
401.13 120.0 1 motorway 3 1 40.467205 -3.469396 1.153 92.9 
402.56 120.0 1 motorway 3 1 40.467182 -3.470000 0.585 92.1 
403.65 120.0 1 motorway 3 1 40.467163 -3.470295 0.665 90.9 
404.77 120.0 1 motorway 3 1 40.467148 -3.470584 0.792 90.3 
405.94 120.0 1 motorway 3 1 40.467125 -3.470879 0.962 90.0 
407.28 120.0 1 motorway 3 1 40.467102 -3.471170 1.285 91.0 
408.66 120.0 1 motorway 3 1 40.467049 -3.471767 0.687 91.6 
410.14 120.0 1 motorway 3 1 40.467022 -3.472050 1.155 90.7 
411.76 120.0 1 motorway 3 1 40.466953 -3.472637 0.784 91.2 
413.06 120.0 1 motorway 3 1 40.466915 -3.472926 1.084 91.5 
414.98 -1.0 0 track 1 1 40.466843 -3.473514 1.005 90.5 
417.60 120.0 1 motorway 3 1 40.466759 -3.474108 1.625 87.3 
419.05 120.0 1 motorway 3 1 40.466671 -3.474663 1.074 86.7 
421.11 120.0 1 motorway 3 1 40.466583 -3.475251 1.131 84.7 
423.26 80.0 1 primary_link 1 1 40.466484 -3.475805 1.283 83.8 
425.22 80.0 1 primary_link 1 1 40.466393 -3.476314 1.245 83.0 
427.76 80.0 1 primary_link 1 1 40.466290 -3.476846 1.779 84.2 
430.11 80.0 1 primary_link 1 1 40.466187 -3.477366 2.130 82.1 
432.17 80.0 1 primary_link 1 1 40.466034 -3.478169 1.193 78.3 
434.33 80.0 1 primary_link 1 1 40.465935 -3.478645 1.345 74.6 
436.58 80.0 1 primary_link 1 1 40.465843 -3.479114 1.603 71.3 
438.37 80.0 1 primary_link 1 1 40.465771 -3.479574 1.393 71.2 
440.10 70.0 1 primary_link 1 1 40.465752 -3.480049 1.121 69.0 
442.19 70.0 1 primary_link 1 1 40.465759 -3.480495 1.199 70.0 
444.12 70.0 1 primary_link 1 1 40.465843 -3.480932 1.138 71.9 
445.91 70.0 1 primary_link 1 1 40.465973 -3.481365 0.937 73.4 
446.84 70.0 1 primary_link 1 1 40.466053 -3.481583 0.859 75.5 
448.64 70.0 1 primary_link 1 1 40.466133 -3.481812 1.667 69.9 
449.99 70.0 1 primary_link 1 1 40.466278 -3.482206 1.011 68.7 
451.99 70.0 1 primary_link 1 1 40.466419 -3.482630 1.001 66.0 
454.18 70.0 1 primary_link 1 1 40.466557 -3.483026 1.206 65.9 
456.53 70.0 1 primary_link 1 1 40.466656 -3.483430 1.550 67.8 
458.63 70.0 1 primary_link 1 1 40.466702 -3.483874 1.649 66.7 
461.88 70.0 1 primary_link 1 1 40.466702 -3.484328 2.905 65.9 
464.17 70.0 1 primary_link 1 1 40.466602 -3.484959 2.193 65.3 
468.15 70.0 1 primary_link 1 1 40.466358 -3.485496 3.171 62.5 
470.47 90.0 3 motorway_link 1 1 40.465954 -3.486146 1.488 62.4 
474.60 90.0 3 motorway_link 1 1 40.465748 -3.486459 3.627 62.8 
480.90 90.0 3 motorway_link 1 1 40.465343 -3.487091 5.924 55.2 
484.99 50.0 1 primary 1 1 40.464687 -3.487852 4.014 48.8 
498.19 100.0 3 primary 1 1 40.463612 -3.486386 1.215 53.7 
499.45 100.0 3 primary 1 1 40.463726 -3.486067 0.475 55.5 
500.49 90.0 1 motorway_link 1 1 40.463791 -3.485899 0.505 56.8 
501.39 90.0 1 motorway_link 1 1 40.463856 -3.485737 0.412 60.9 
502.64 90.0 1 motorway_link 1 1 40.463913 -3.485567 0.662 62.6 
503.57 90.0 1 motorway_link 1 1 40.463966 -3.485382 0.587 64.7 
504.83 90.0 1 motorway_link 1 1 40.464016 -3.485189 0.854 66.9 
505.47 90.0 1 motorway_link 1 1 40.464066 -3.484996 0.496 67.9 
507.01 90.0 1 motorway_link 1 1 40.464111 -3.484777 1.033 67.7 
508.57 90.0 1 motorway_link 1 1 40.464207 -3.484344 0.580 68.4 
509.70 90.0 1 motorway_link 1 1 40.464252 -3.484133 0.712 70.5 
510.95 90.0 1 motorway_link 1 1 40.464310 -3.483917 0.970 72.9 
511.95 90.0 1 motorway_link 1 1 40.464359 -3.483683 0.972 74.3 
512.44 90.0 1 motorway_link 1 1 40.464417 -3.483462 0.463 76.5 
513.79 90.0 1 motorway_link 1 1 40.464470 -3.483227 0.813 78.7 
514.39 90.0 1 motorway_link 1 1 40.464523 -3.482992 0.395 76.8 
515.71 90.0 1 motorway_link 1 1 40.464573 -3.482748 0.726 77.2 
516.64 90.0 1 motorway_link 1 1 40.464630 -3.482504 0.658 77.5 
517.47 90.0 1 motorway_link 1 1 40.464684 -3.482255 0.488 79.3 
518.43 90.0 1 motorway_link 1 1 40.464745 -3.482002 0.452 79.5 
519.61 90.0 1 motorway_link 1 1 40.464802 -3.481746 0.635 80.0 
521.15 90.0 1 motorway_link 1 1 40.464867 -3.481492 1.170 76.7 
522.57 90.0 1 motorway_link 1 1 40.464985 -3.481017 0.595 75.7 
523.41 90.0 1 motorway_link 1 1 40.465042 -3.480777 0.434 74.5 
524.42 90.0 1 motorway_link 1 1 40.465107 -3.480555 0.439 73.5 
525.70 90.0 1 motorway_link 1 1 40.465168 -3.480333 0.724 73.3 
526.70 90.0 1 motorway_link 1 1 40.465233 -3.480102 0.718 74.2 
528.72 90.0 1 motorway_link 1 1 40.465294 -3.479877 1.742 72.7 
530.06 90.0 1 motorway_link 1 1 40.465412 -3.479416 1.076 71.5 
531.59 90.0 1 motorway_link 1 1 40.465511 -3.478974 0.608 72.9 
533.23 90.0 1 motorway_link 1 1 40.465565 -3.478742 1.248 72.7 
535.17 90.0 1 motorway_link 1 1 40.465679 -3.478286 1.188 74.8 
536.82 90.0 1 motorway_link 1 1 40.465782 -3.477838 0.839 76.1 
538.05 90.0 1 motorway_link 1 1 40.465839 -3.477594 1.072 74.2 
539.67 90.0 1 motorway_link 1 1 40.465946 -3.477128 0.694 75.6 
540.91 90.0 1 motorway_link 1 1 40.465988 -3.476894 0.928 76.8 
541.66 120.0 1 motorway 4 1 40.466038 -3.476652 0.685 78.1 
542.57 120.0 1 motorway 4 1 40.466084 -3.476407 0.585 77.3 
543.93 120.0 1 motorway 4 1 40.466133 -3.476174 0.948 82.2 
546.37 120.0 1 motorway 4 1 40.466187 -3.475906 2.396 84.5 
548.94 120.0 1 motorway 4 2 40.466328 -3.475113 1.963 82.6 
551.18 120.0 1 motorway 4 2 40.466427 -3.474571 2.193 77.9 
553.40 120.0 1 motorway 4 2 40.466549 -3.473773 1.419 78.0 
555.40 120.0 1 motorway 4 2 40.466625 -3.473281 1.420 76.7 
557.57 120.0 1 motorway 4 2 40.466686 -3.472782 1.588 74.4 
558.58 120.0 1 motorway 4 2 40.466759 -3.472317 0.594 73.9 
560.77 120.0 1 motorway 4 2 40.466778 -3.472071 1.795 72.0 
564.08 120.0 1 motorway 4 2 40.466824 -3.471590 3.091 67.9 
566.22 120.0 1 motorway 4 2 40.466919 -3.470674 1.233 64.7 
567.74 120.0 1 motorway 4 2 40.466946 -3.470242 0.757 63.6 
569.15 120.0 1 motorway 4 2 40.466961 -3.470034 1.167 61.9 
571.64 120.0 1 motorway 3 2 40.466980 -3.469629 1.657 58.8 
572.45 120.0 1 motorway 3 2 40.466991 -3.469219 0.470 57.6 
574.03 120.0 1 motorway 3 2 40.467003 -3.469029 1.042 58.3 
576.03 120.0 1 motorway 3 2 40.467010 -3.468634 1.056 61.7 
578.69 120.0 1 motorway 3 2 40.467037 -3.468253 1.706 63.4 
581.26 120.0 1 motorway 3 2 40.467041 -3.467858 2.270 62.6 
583.57 120.0 1 motorway 3 2 40.467041 -3.467235 1.591 62.7 
585.55 120.0 1 motorway 3 2 40.467045 -3.466817 1.571 67.3 
587.10 120.0 1 motorway 3 2 40.467037 -3.466386 1.127 69.7 
589.98 120.0 1 motorway 3 2 40.467030 -3.465927 1.998 72.8 
590.72 120.0 1 motorway 3 2 40.467018 -3.465440 0.742 73.7 
592.10 120.0 1 motorway 3 2 40.467010 -3.465192 1.122 76.7 
593.95 120.0 1 motorway 3 2 40.466995 -3.464703 0.970 76.7 
594.57 120.0 1 motorway 3 2 40.466980 -3.464438 0.588 76.5 
595.79 120.0 1 motorway 3 2 40.466965 -3.464171 0.812 75.7 
597.98 120.0 1 motorway 3 2 40.466961 -3.463924 2.005 73.0 
600.74 120.0 1 motorway 3 2 40.466938 -3.463199 1.750 73.5 
602.55 120.0 1 motorway 3 2 40.466919 -3.462722 1.573 75.1 
604.28 120.0 1 motorway 3 2 40.466900 -3.462231 1.302 74.9 
605.63 120.0 1 motorway 3 2 40.466869 -3.461735 0.649 75.2 
607.60 120.0 1 motorway 3 2 40.466858 -3.461487 1.619 79.1 
608.69 120.0 1 motorway 3 2 40.466831 -3.460976 0.717 81.5 
610.23 120.0 1 motorway 3 2 40.466820 -3.460711 1.251 84.5 
612.29 120.0 1 motorway 3 2 40.466789 -3.460165 1.313 82.9 
613.92 120.0 1 motorway 3 2 40.466766 -3.459623 0.926 84.2 
615.16 120.0 1 motorway 3 2 40.466751 -3.459358 1.185 85.6 
617.62 120.0 1 motorway 3 2 40.466724 -3.458802 1.638 83.9 
618.69 120.0 1 motorway 3 2 40.466694 -3.458249 0.709 83.0 
620.60 120.0 1 motorway 3 2 40.466679 -3.457973 1.616 84.3 
621.60 120.0 1 motorway 3 2 40.466660 -3.457433 0.617 85.6 
623.19 120.0 1 motorway 3 2 40.466652 -3.457156 1.210 86.4 
625.43 120.0 1 motorway 3 2 40.466633 -3.456585 1.454 88.1 
627.03 120.0 1 motorway 3 2 40.466614 -3.456016 1.056 86.8 
629.35 120.0 1 motorway 3 2 40.466599 -3.455451 1.369 84.9 
631.10 120.0 1 motorway 3 2 40.466591 -3.454894 1.118 87.3 
647.20 120.0 1 motorway 3 2 40.466599 -3.454348 15.219 85.4 
648.64 120.0 1 motorway 3 2 40.466831 -3.449740 0.648 85.7 
649.77 120.0 1 motorway 3 2 40.466854 -3.449464 0.795 86.6 
650.37 120.0 1 motorway 3 2 40.466881 -3.449187 0.394 87.6 
651.45 120.0 1 motorway 3 2 40.466904 -3.448899 0.470 89.1 
657.46 120.0 1 motorway 3 2 40.466923 -3.448606 5.487 89.8 
658.46 120.0 1 motorway 3 2 40.467068 -3.446833 0.484 89.2 
659.90 120.0 1 motorway 3 2 40.467094 -3.446535 0.920 87.4 
661.13 120.0 1 motorway 3 2 40.467113 -3.446252 1.147 87.3 
663.48 120.0 1 motorway 3 2 40.467163 -3.445682 1.502 90.1 
665.13 120.0 1 motorway 3 2 40.467224 -3.445105 1.150 93.0 
667.68 120.0 1 motorway 3 2 40.467270 -3.444506 1.703 93.2 
669.64 120.0 1 motorway 3 2 40.467323 -3.443901 1.642 93.8 
670.54 120.0 1 motorway 3 2 40.467373 -3.443289 0.567 97.5 
672.11 120.0 1 motorway 3 2 40.467407 -3.442982 1.128 95.8 
673.83 120.0 1 motorway 3 2 40.467464 -3.442351 0.845 96.6 
674.79 120.0 1 motorway 3 2 40.467499 -3.442032 0.812 97.0 
675.87 120.0 1 motorway 3 2 40.467537 -3.441723 0.889 98.1 
677.04 120.0 1 motorway 3 2 40.467571 -3.441397 1.059 98.9 
680.27 120.0 1 motorway 3 2 40.467670 -3.440775 2.295 97.0 
681.91 120.0 1 motorway 3 2 40.467815 -3.439832 0.933 97.0 
683.54 120.0 1 motorway 3 2 40.467869 -3.439522 1.564 92.4 
685.70 120.0 1 motorway 3 2 40.467979 -3.438941 1.726 92.6 
687.38 120.0 1 motorway 3 2 40.468094 -3.438355 1.399 93.4 
689.93 120.0 1 motorway 3 2 40.468189 -3.437747 1.933 94.0 
691.84 120.0 1 motorway 3 2 40.468292 -3.437150 1.867 92.3 
693.79 120.0 1 motorway 3 2 40.468391 -3.436561 1.812 91.7 
697.30 120.0 1 motorway 3 2 40.468494 -3.435992 3.313 97.2 
700.36 120.0 1 motorway 3 2 40.468704 -3.434797 2.383 99.6 
702.39 120.0 1 motorway 3 2 40.468853 -3.433867 1.412 97.9 
705.09 120.0 1 motorway 3 2 40.468945 -3.433226 2.114 94.2 
718.38 120.0 1 motorway 3 3 40.469090 -3.432302 12.393 106.2 
750.34 120.0 1 motorway 3 2 40.469986 -3.428231 31.362 112.7 
752.62 120.0 1 motorway 3 2 40.472965 -3.417284 1.635 114.0 
754.52 120.0 1 motorway 3 2 40.473145 -3.416570 1.526 114.1 
756.05 120.0 1 motorway 3 2 40.473328 -3.415856 1.072 111.0 
759.33 120.0 1 motorway 3 2 40.473495 -3.415140 2.343 108.8 
761.17 120.0 1 motorway 3 2 40.473755 -3.414110 1.185 106.2 
762.70 120.0 1 motorway 3 2 40.473949 -3.413462 0.728 105.6 
764.05 120.0 1 motorway 3 2 40.474056 -3.413146 1.074 105.4 
766.05 120.0 1 motorway 3 2 40.474277 -3.412516 1.068 104.8 
767.94 120.0 1 motorway 3 2 40.474499 -3.411894 0.961 105.1 
768.89 120.0 1 motorway 3 2 40.474609 -3.411584 0.911 104.2 
769.62 120.0 1 motorway 3 2 40.474735 -3.411280 0.635 104.4 
770.49 120.0 1 motorway 3 2 40.474857 -3.410989 0.513 104.9 
771.41 120.0 1 motorway 3 2 40.474991 -3.410687 0.432 105.0 
773.35 120.0 1 motorway 3 2 40.475121 -3.410392 1.376 103.9 
775.05 120.0 1 motorway 3 2 40.475403 -3.409809 1.064 102.1 
776.94 120.0 1 motorway 3 2 40.475685 -3.409234 0.951 101.4 
777.86 120.0 1 motorway 3 2 40.475822 -3.408969 0.883 101.0 
779.13 120.0 1 motorway 3 2 40.475979 -3.408692 1.141 101.2 
781.04 120.0 1 motorway 3 2 40.476280 -3.408159 1.062 101.4 
782.58 120.0 1 motorway 3 2 40.476589 -3.407627 0.601 101.7 
783.49 120.0 1 motorway 3 2 40.476734 -3.407359 0.506 101.4 
785.25 120.0 1 motorway 3 2 40.476891 -3.407111 1.269 100.7 
786.78 120.0 1 motorway 3 2 40.477230 -3.406620 0.806 100.8 
787.80 120.0 1 motorway 3 2 40.477402 -3.406370 0.826 100.3 
788.47 120.0 1 motorway 3 2 40.477577 -3.406132 0.492 100.5 
789.57 120.0 1 motorway 3 2 40.477749 -3.405904 0.593 100.9 
790.98 120.0 1 motorway 3 2 40.477928 -3.405669 1.007 100.1 
792.94 120.0 1 motorway 3 2 40.478287 -3.405216 0.967 100.4 
794.76 120.0 1 motorway 3 2 40.478474 -3.404992 1.778 104.8 
795.48 120.0 1 motorway 3 2 40.478859 -3.404557 0.500 102.4 
796.29 120.0 1 motorway 3 2 40.479053 -3.404343 0.313 102.3 
797.51 120.0 1 motorway 3 2 40.479252 -3.404123 0.525 102.4 
798.44 120.0 1 motorway 3 2 40.479446 -3.403913 0.464 102.3 
799.67 120.0 1 motorway 3 2 40.479649 -3.403708 0.692 102.9 
800.50 120.0 1 motorway 3 2 40.479851 -3.403502 0.515 103.8 
801.54 120.0 1 motorway 3 2 40.480061 -3.403296 0.561 102.7 
802.52 120.0 1 motorway 3 2 40.480263 -3.403089 0.531 103.6 
803.46 120.0 1 motorway 3 2 40.480469 -3.402886 0.481 104.0 
804.49 120.0 1 motorway 3 2 40.480679 -3.402693 0.511 104.0 
805.52 120.0 1 motorway 3 2 40.480892 -3.402504 0.538 104.5 
806.61 120.0 1 motorway 3 2 40.481110 -3.402304 0.628 104.7 
807.71 120.0 1 motorway 3 2 40.481327 -3.402095 0.736 104.1 
808.55 120.0 1 motorway 3 2 40.481529 -3.401884 0.571 102.4 
809.50 120.0 1 motorway 3 2 40.481731 -3.401683 0.522 101.2 
810.42 120.0 1 motorway 3 2 40.481934 -3.401491 0.438 101.3 
811.60 120.0 1 motorway 3 2 40.482151 -3.401294 0.612 101.3 
812.57 120.0 1 motorway 3 2 40.482349 -3.401098 0.596 98.9 
813.42 120.0 1 motorway 3 2 40.482548 -3.400905 0.434 98.1 
814.52 120.0 1 motorway 3 2 40.482750 -3.400714 0.542 98.2 
815.82 120.0 1 motorway 3 2 40.482948 -3.400529 0.840 98.3 
816.81 120.0 1 motorway 3 2 40.483143 -3.400348 0.831 98.9 
817.81 120.0 1 motorway 3 2 40.483337 -3.400145 0.826 98.7 
818.72 120.0 1 motorway 3 2 40.483532 -3.399948 0.744 99.1 
819.43 120.0 1 motorway 3 2 40.483727 -3.399755 0.443 99.3 
820.56 120.0 1 motorway 3 2 40.483925 -3.399554 0.587 97.0 
821.48 120.0 1 motorway 3 2 40.484127 -3.399370 0.505 95.4 
822.82 120.0 1 motorway 3 2 40.484314 -3.399181 0.844 95.7 
823.87 120.0 1 motorway 3 2 40.484509 -3.398997 0.895 96.2 
824.62 120.0 1 motorway 3 2 40.484692 -3.398806 0.640 95.8 
825.37 120.0 1 motorway 3 2 40.484882 -3.398599 0.388 94.4 
827.32 120.0 1 motorway 3 2 40.485065 -3.398414 1.343 92.4 
828.67 120.0 1 motorway 3 2 40.485409 -3.398027 0.692 93.1 
829.57 120.0 1 motorway 3 2 40.485588 -3.397822 0.592 93.4 
831.23 120.0 1 motorway 3 2 40.485775 -3.397636 1.250 95.8 
833.16 120.0 1 motorway 3 2 40.486137 -3.397231 1.178 97.7 
834.82 120.0 1 motorway 3 2 40.486504 -3.396795 0.844 97.9 
835.66 120.0 1 motorway 3 2 40.486675 -3.396590 0.685 98.0 
836.95 120.0 1 motorway 3 2 40.486866 -3.396372 0.971 98.7 
837.67 120.0 1 motorway 3 2 40.487053 -3.396122 0.695 99.3 
838.92 120.0 1 motorway 3 2 40.487209 -3.395889 0.942 99.4 
839.51 120.0 1 motorway 3 2 40.487404 -3.395653 0.520 100.2 
840.75 120.0 1 motorway 3 2 40.487576 -3.395425 0.774 99.4 
841.76 120.0 1 motorway 3 2 40.487751 -3.395196 0.779 99.9 
843.10 120.0 1 motorway 3 2 40.487919 -3.394965 1.122 99.7 
845.38 120.0 1 motorway 3 2 40.488266 -3.394492 1.398 99.2 
847.10 120.0 1 motorway 3 2 40.488617 -3.394019 1.122 99.7 
848.73 120.0 1 motorway 3 2 40.488956 -3.393579 0.755 99.6 
849.75 120.0 1 motorway 3 2 40.489132 -3.393341 0.771 99.5 
851.28 120.0 1 motorway 3 2 40.489296 -3.393096 1.304 97.9 
852.92 120.0 1 motorway 3 2 40.489635 -3.392631 0.943 98.9 
854.22 120.0 1 motorway 3 2 40.489811 -3.392423 1.236 98.2 
856.11 120.0 1 motorway 3 2 40.490147 -3.391956 1.118 97.6 
857.63 120.0 1 motorway 3 2 40.490486 -3.391480 0.657 97.3 
859.31 120.0 1 motorway 3 2 40.490658 -3.391255 1.319 97.2 
861.03 120.0 1 motorway 3 2 40.491005 -3.390802 1.056 97.3 
862.88 120.0 1 motorway 3 2 40.491344 -3.390334 0.893 97.8 
864.08 120.0 1 motorway 3 2 40.491512 -3.390100 1.098 97.8 
866.14 120.0 1 motorway 3 2 40.491840 -3.389661 1.160 97.9 
868.90 120.0 1 motorway 3 2 40.492199 -3.389190 1.912 98.6 
870.61 120.0 1 motorway 3 2 40.492531 -3.388707 1.630 98.6 
873.77 120.0 1 motorway 3 2 40.492847 -3.388231 2.796 99.6 
875.99 120.0 1 motorway 3 2 40.493340 -3.387489 2.001 98.5 
877.81 120.0 1 motorway 3 2 40.493801 -3.386757 0.835 98.5 
879.16 120.0 1 motorway 3 2 40.493961 -3.386521 1.171 99.5 
884.17 120.0 1 motorway 3 2 40.494282 -3.386014 4.197 100.5 
887.04 120.0 1 motorway 3 2 40.495037 -3.384717 2.058 100.9 
889.58 120.0 1 motorway 3 2 40.495499 -3.383902 1.605 103.6 
891.30 120.0 1 motorway 3 2 40.495796 -3.383379 1.318 102.7 
892.55 120.0 1 motorway 3 2 40.496086 -3.382808 0.572 102.6 
896.64 120.0 1 motorway 3 2 40.496239 -3.382535 3.666 102.0 
898.31 120.0 1 motorway 3 2 40.496784 -3.381399 1.336 105.9 
899.52 120.0 1 motorway 3 2 40.497070 -3.380831 0.542 104.1 
900.54 120.0 1 motorway 3 2 40.497211 -3.380543 0.567 105.3 
901.84 120.0 1 motorway 3 2 40.497349 -3.380250 0.862 105.6 
902.76 120.0 1 motorway 3 2 40.497505 -3.379964 0.785 104.9 
903.94 120.0 1 motorway 3 2 40.497654 -3.379675 0.949 104.1 
905.68 120.0 1 motorway 3 2 40.497799 -3.379390 1.703 103.9 
906.58 120.0 1 motorway 3 2 40.498081 -3.378825 0.608 103.9 
908.52 120.0 1 motorway 3 2 40.498226 -3.378555 1.536 104.4 
910.12 120.0 1 motorway 3 2 40.498508 -3.377983 1.139 104.1 
911.74 120.0 1 motorway 3 2 40.498798 -3.377433 0.746 104.4 
912.56 120.0 1 motorway 3 2 40.498943 -3.377146 0.580 105.4 
913.44 120.0 1 motorway 3 2 40.499096 -3.376849 0.461 105.1 
914.87 120.0 1 motorway 3 2 40.499241 -3.376557 0.896 104.9 
915.73 120.0 1 motorway 3 2 40.499386 -3.376273 0.747 105.4 
916.45 120.0 1 motorway 3 2 40.499527 -3.375989 0.474 104.8 
917.58 120.0 1 motorway 3 2 40.499683 -3.375706 0.591 104.9 
918.57 120.0 1 motorway 3 2 40.499821 -3.375433 0.586 104.9 
919.80 120.0 1 motorway 3 2 40.499973 -3.375128 0.824 105.4 
920.30 120.0 1 motorway 3 2 40.500122 -3.374832 0.321 105.6 
921.53 120.0 1 motorway 3 2 40.500271 -3.374560 0.550 106.2 
922.48 120.0 1 motorway 3 2 40.500412 -3.374267 0.499 106.5 
923.81 120.0 1 motorway 3 2 40.500565 -3.373957 0.828 105.9 
925.01 120.0 1 motorway 3 2 40.500698 -3.373666 1.030 105.8 
926.55 120.0 1 motorway 3 2 40.500977 -3.373083 0.570 106.8 
927.79 120.0 1 motorway 3 2 40.501114 -3.372779 0.812 106.0 
929.52 120.0 1 motorway 3 2 40.501251 -3.372494 1.533 103.9 
931.20 120.0 1 motorway 3 2 40.501541 -3.371916 1.218 101.0 
932.76 120.0 1 motorway 3 2 40.501797 -3.371358 0.784 97.9 
934.40 120.0 1 motorway 3 2 40.501926 -3.371076 1.419 94.2 
936.57 120.0 1 motorway 3 2 40.502182 -3.370546 1.595 91.4 
938.25 120.0 1 motorway 4 2 40.502419 -3.370016 1.251 93.0 
939.76 120.0 1 motorway 4 2 40.502663 -3.369488 0.783 93.8 
940.78 120.0 1 motorway 4 2 40.502781 -3.369225 0.803 94.5 
942.09 120.0 1 motorway 4 2 40.502903 -3.368954 1.100 92.8 
943.95 120.0 1 motorway 4 1 40.503147 -3.368417 0.974 92.3 
945.74 120.0 1 motorway 4 1 40.503258 -3.368154 1.760 90.9 
947.14 120.0 1 motorway 4 1 40.503494 -3.367642 1.165 90.9 
949.18 120.0 1 motorway 4 1 40.503723 -3.367135 1.200 87.2 
951.33 120.0 1 motorway 4 1 40.503963 -3.366651 1.347 77.5 
952.92 120.0 1 motorway 4 1 40.504173 -3.366179 0.947 69.0 
953.93 120.0 1 motorway 4 1 40.504269 -3.365971 0.951 65.1 
954.81 120.0 1 motorway 4 1 40.504360 -3.365780 0.831 64.3 
955.42 120.0 1 motorway 4 1 40.504444 -3.365591 0.444 63.8 
956.65 120.0 1 motorway 4 1 40.504532 -3.365410 0.673 61.9 
957.70 120.0 1 motorway 4 1 40.504604 -3.365233 0.719 60.6 
958.39 120.0 1 motorway 4 1 40.504677 -3.365051 0.415 60.7 
960.24 120.0 1 motorway 4 1 40.504745 -3.364862 1.260 64.9 
961.59 120.0 1 motorway 4 1 40.504871 -3.364488 0.612 67.7 
963.20 120.0 1 motorway 4 1 40.504940 -3.364278 1.226 72.2 
965.06 120.0 1 motorway 4 1 40.505081 -3.363867 1.083 72.5 
966.69 120.0 1 motorway 4 1 40.505207 -3.363438 0.716 72.5 
967.69 120.0 1 motorway 4 1 40.505268 -3.363215 0.716 70.7 
968.56 120.0 1 motorway 4 1 40.505322 -3.362989 0.578 70.4 
969.45 120.0 1 motorway 4 1 40.505367 -3.362803 0.474 69.3 
970.59 120.0 1 motorway 3 1 40.505428 -3.362548 0.615 68.2 
971.50 120.0 1 motorway 3 1 40.505470 -3.362333 0.524 67.2 
972.54 120.0 1 motorway 3 1 40.505505 -3.362121 0.559 66.5 
973.65 120.0 1 motorway 3 1 40.505539 -3.361900 0.672 66.4 
975.10 120.0 1 motorway 3 1 40.505558 -3.361699 1.118 64.3 
977.25 120.0 1 motorway 3 1 40.505608 -3.361279 1.273 64.7 
978.77 120.0 1 motorway 3 1 40.505623 -3.360877 0.792 63.7 
980.18 90.0 3 motorway_link 1 1 40.505627 -3.360665 1.192 53.5 
981.64 90.0 3 motorway_link 1 1 40.505634 -3.360272 0.661 48.6 
998.46 90.0 1 motorway_link 2 1 40.505634 -3.358167 1.472 57.3 
999.77 90.0 1 motorway_link 2 1 40.505611 -3.357831 0.796 59.4 
