15.07 83.6 40.505932 -3.358523 604.2 3 5 276.0 0.352 0 0 0 
15.98 83.6 40.505932 -3.358523 604.2 3 5 276.0 0.352 0 0 0 
17.02 85.1 40.505951 -3.358792 603.6 4 5 275.3 0.703 0 0 0 
17.99 85.5 40.505970 -3.359071 603.5 4 5 274.9 1.055 0 0 0 
19.04 85.8 40.505978 -3.359362 603.3 4 5 272.8 2.461 0 0 0 
20.06 85.3 40.505985 -3.359627 603.4 4 5 270.7 4.219 0 0 0 
20.99 84.8 40.505993 -3.359898 603.2 4 5 269.6 3.164 0 0 0 
22.00 85.3 40.505989 -3.360186 603.2 4 5 268.9 1.758 0 0 0 
22.99 85.6 40.505978 -3.360462 603.3 3 5 267.5 2.109 0 0 0 
24.04 83.4 40.505951 -3.361004 604.3 3 5 265.4 2.812 0 0 0 
24.99 83.4 40.505951 -3.361004 604.3 3 5 265.4 2.109 0 0 0 
26.00 82.7 40.505932 -3.361275 605.9 3 5 264.4 1.758 0 0 0 
27.06 83.1 40.505905 -3.361550 604.9 3 5 263.0 2.461 0 0 0 
28.00 83.7 40.505871 -3.361823 605.0 3 5 260.9 3.516 0 0 0 
29.00 84.1 40.505836 -3.362092 606.5 3 5 259.5 3.516 0 0 0 
30.06 85.2 40.505749 -3.362640 606.5 3 5 257.0 2.109 0 0 0 
31.01 85.2 40.505749 -3.362640 606.5 3 5 257.0 2.461 0 0 0 
32.01 85.6 40.505695 -3.362913 607.0 3 5 255.6 3.164 0 0 0 
32.99 86.4 40.505642 -3.363178 607.2 4 5 254.2 2.812 0 0 0 
34.01 88.1 40.505573 -3.363460 607.6 4 5 252.4 3.164 0 0 0 
35.00 88.8 40.505505 -3.363739 608.3 4 5 251.0 3.164 2 0 0 
36.00 89.6 40.505428 -3.364009 608.7 4 5 248.9 3.516 1 0 0 
37.01 90.7 40.505348 -3.364282 609.5 4 5 248.2 2.812 0 0 0 
37.99 90.8 40.505260 -3.364562 609.2 4 5 248.2 0.703 0 0 0 
39.00 90.8 40.505177 -3.364835 609.3 6 5 248.2 0 0 0 0 
40.02 93.2 40.505074 -3.365130 609.2 6 5 244.0 4.219 0 0 0 
41.01 90.7 40.504974 -3.365392 609.5 6 5 242.2 5.977 0 0 0 
42.00 93.1 40.504848 -3.365646 609.4 4 5 241.2 2.812 0 0 0 
43.01 92.8 40.504730 -3.365906 609.6 6 5 240.1 2.109 1 0 0 
44.00 94.6 40.504604 -3.366168 609.6 4 5 238.0 3.164 2 0 0 
45.01 96.6 40.504471 -3.366432 609.7 4 5 237.7 2.461 2 1 0 
46.04 99.4 40.504200 -3.366980 608.9 4 5 237.3 0.703 0 1 0 
46.99 99.4 40.504200 -3.366980 608.9 4 5 237.3 0.352 0 1 0 
48.02 100.9 40.503929 -3.367537 608.6 4 5 237.0 0 0 1 0 
49.09 100.8 40.503796 -3.367812 608.1 4 5 237.7 0.703 0 1 0 
49.99 100.8 40.503796 -3.367812 608.1 4 5 237.7 0.703 0 1 0 
51.05 103.1 40.503513 -3.368373 607.4 4 5 237.0 0.703 0 1 0 
51.99 103.1 40.503513 -3.368373 607.4 4 5 237.0 0.703 0 1 0 
53.05 100.7 40.503239 -3.368937 606.6 4 5 237.3 0.352 0 1 0 
54.07 101.2 40.503113 -3.369214 606.2 4 5 237.7 0.352 0 1 0 
55.01 101.2 40.503113 -3.369214 606.2 4 5 237.7 0.352 0 1 0 
56.02 98.6 40.502991 -3.369486 606.5 4 5 238.7 1.406 0 1 0 
57.00 100.4 40.502857 -3.369763 606.3 4 5 237.3 1.406 0 1 0 
58.03 99.4 40.502586 -3.370333 605.7 4 5 237.3 0.352 0 1 0 
59.03 100.0 40.502457 -3.370609 604.8 4 5 237.7 0.703 0 1 0 
59.99 100.0 40.502457 -3.370609 604.8 4 5 237.7 0.703 0 1 0 
61.05 98.1 40.502197 -3.371154 604.8 3 5 237.7 0.703 0 1 0 
62.00 98.1 40.502197 -3.371154 604.8 3 5 237.7 0.352 0 1 0 
62.99 97.6 40.502060 -3.371425 604.9 3 5 237.3 0.703 0 1 0 
64.08 94.8 40.501801 -3.371955 603.9 3 5 237.3 0.352 0 0 0 
65.00 94.8 40.501801 -3.371955 603.9 3 5 237.3 0.352 0 0 0 
65.99 92.6 40.501671 -3.372205 603.4 3 5 237.0 0.703 0 0 0 
67.06 93.3 40.501423 -3.372715 603.3 4 5 237.3 0.352 0 0 0 
67.99 93.3 40.501423 -3.372715 603.3 4 5 237.3 0.352 0 0 0 
68.99 93.5 40.501293 -3.372972 602.9 4 5 237.0 0.352 0 0 0 
70.01 95.4 40.501156 -3.373231 602.6 4 5 237.3 0.352 1 1 0 
71.00 95.5 40.501026 -3.373492 602.7 4 5 236.6 0.703 1 1 0 
72.02 97.8 40.500748 -3.374023 602.0 4 5 237.3 0.703 0 1 0 
73.01 97.8 40.500748 -3.374023 602.0 4 5 237.3 0.703 0 1 0 
74.06 100.0 40.500481 -3.374562 601.9 4 5 237.0 0.352 0 1 0 
74.99 100.0 40.500481 -3.374562 601.9 4 5 237.0 0.352 0 1 0 
76.00 99.9 40.500340 -3.374834 601.8 4 5 237.0 0 1 1 0 
77.03 100.1 40.500202 -3.375113 601.6 4 5 237.0 0 1 1 0 
78.07 100.3 40.499924 -3.375659 600.9 3 5 236.6 0.352 1 1 0 
79.03 98.9 40.499794 -3.375931 600.6 4 5 237.0 0.352 0 1 0 
80.01 98.9 40.499794 -3.375931 600.6 4 5 237.0 0.352 0 1 0 
81.05 97.7 40.499508 -3.376478 600.3 3 5 235.5 1.406 0 1 0 
82.00 97.7 40.499508 -3.376478 600.3 3 5 235.5 1.406 1 1 0 
83.07 98.4 40.499229 -3.377005 599.4 3 5 234.1 1.406 2 1 0 
84.05 98.4 40.499229 -3.377005 599.4 3 5 234.1 1.406 0 1 0 
85.03 97.2 40.498951 -3.377537 599.4 3 5 235.2 1.055 0 1 0 
86.03 98.2 40.498814 -3.377797 599.0 3 5 235.5 1.406 0 1 0 
87.00 98.1 40.498676 -3.378064 599.1 3 5 236.2 1.406 0 1 0 
88.00 98.1 40.498676 -3.378064 599.1 3 5 236.2 1.055 0 1 0 
89.05 98.2 40.498402 -3.378598 599.3 3 5 236.6 0.703 0 1 0 
90.05 99.0 40.498268 -3.378869 600.8 3 5 236.2 0.352 0 1 0 
91.00 99.0 40.498268 -3.378869 600.8 3 5 236.2 0.352 0 1 0 
92.00 98.6 40.498135 -3.379151 600.0 3 5 237.0 0.703 0 1 0 
93.09 97.7 40.497868 -3.379687 599.9 3 5 236.2 0.703 0 1 0 
94.01 97.7 40.497868 -3.379687 599.9 3 5 236.2 0.703 0 1 0 
95.10 99.1 40.497597 -3.380238 600.8 4 5 235.5 1.055 0 1 0 
96.00 99.1 40.497597 -3.380238 600.8 4 5 235.5 1.055 0 1 0 
97.09 100.9 40.497322 -3.380783 601.0 4 5 236.6 1.055 0 1 0 
98.09 100.0 40.497177 -3.381059 599.3 4 5 236.6 1.055 0 1 0 
99.00 100.0 40.497177 -3.381059 599.3 4 5 236.6 0 0 1 0 
100.04 103.5 40.496902 -3.381614 596.1 4 5 236.2 0.352 0 1 0 
101.01 103.5 40.496902 -3.381614 596.1 4 5 236.2 0.352 0 1 0 
102.01 103.9 40.496620 -3.382176 596.8 4 5 236.6 0.352 0 1 0 
103.01 103.6 40.496475 -3.382455 597.1 4 5 236.2 0.352 0 1 0 
104.08 103.2 40.496330 -3.382730 597.2 4 5 235.9 0.703 0 1 0 
104.98 103.2 40.496330 -3.382730 597.2 4 5 235.9 0.703 0 1 0 
105.98 103.8 40.496178 -3.383010 597.6 3 5 235.2 1.055 0 1 0 
106.99 104.3 40.496025 -3.383291 598.1 3 5 234.8 1.055 0 1 0 
108.04 103.5 40.495724 -3.383842 598.1 3 5 234.1 0.703 0 1 0 
109.02 103.7 40.495567 -3.384117 598.0 3 5 233.8 0.703 0 1 0 
110.07 102.7 40.495415 -3.384386 597.7 3 5 233.8 0.703 0 1 0 
111.05 102.4 40.495262 -3.384642 597.8 3 5 232.7 1.055 0 1 0 
111.98 102.4 40.495262 -3.384642 597.8 3 5 232.7 1.055 0 1 0 
112.99 103.6 40.495106 -3.384915 598.2 3 5 233.1 0.703 0 1 0 
114.01 105.4 40.494789 -3.385460 598.5 3 5 232.0 0.352 0 1 0 
115.00 105.4 40.494789 -3.385460 598.5 3 5 232.0 1.055 0 1 0 
115.98 106.1 40.494621 -3.385733 598.8 3 5 231.7 1.055 0 1 0 
117.01 107.8 40.494282 -3.386281 598.7 3 5 231.0 0.703 0 1 0 
118.02 108.8 40.494110 -3.386559 598.8 3 5 231.0 0.352 0 1 0 
118.98 108.8 40.494110 -3.386559 598.8 3 5 231.0 0.352 0 1 0 
120.03 109.4 40.493935 -3.386836 598.6 3 5 230.6 0.352 0 1 0 
121.00 110.3 40.493759 -3.387112 598.4 3 5 230.3 0.703 0 1 0 
122.00 111.2 40.493580 -3.387392 598.3 3 5 229.9 0.703 0 1 0 
122.98 111.9 40.493397 -3.387671 598.6 3 5 229.9 0.352 0 1 0 
124.04 109.1 40.493042 -3.388217 597.8 3 5 229.2 0.352 0 1 0 
125.01 109.1 40.493042 -3.388217 597.8 3 5 229.2 0.703 0 1 0 
126.00 108.3 40.492867 -3.388479 597.5 3 5 228.5 1.055 0 1 0 
126.98 106.7 40.492687 -3.388740 597.0 3 5 228.9 0.352 0 1 0 
128.03 104.9 40.492516 -3.388991 596.5 3 5 227.8 1.055 0 1 0 
128.99 105.0 40.492336 -3.389245 596.4 3 5 227.5 1.406 0 1 0 
130.02 102.9 40.491982 -3.389742 596.0 3 5 226.8 0.703 0 1 0 
131.02 101.2 40.491806 -3.389989 595.6 3 5 226.4 0.703 0 0 0 
131.99 101.2 40.491806 -3.389989 595.6 3 5 226.4 0.703 0 0 0 
132.98 98.8 40.491634 -3.390220 595.2 3 5 226.1 0.703 0 0 0 
134.00 97.3 40.491467 -3.390450 594.4 3 5 226.4 0.352 0 0 0 
135.03 95.2 40.491131 -3.390898 593.4 3 5 226.1 0.352 0 0 0 
135.99 95.2 40.491131 -3.390898 593.4 3 5 226.1 0.352 0 0 0 
137.06 95.2 40.490803 -3.391351 593.5 3 5 226.1 0 0 0 0 
138.00 95.2 40.490803 -3.391351 593.5 3 5 226.1 0 0 0 0 
139.03 96.7 40.490639 -3.391583 592.8 3 5 226.1 0 0 0 0 
139.99 97.7 40.490471 -3.391816 593.4 3 5 226.4 0.352 0 0 0 
140.99 99.6 40.490299 -3.392053 594.9 3 5 226.4 0.352 0 0 0 
142.03 100.6 40.489944 -3.392534 593.1 3 5 226.1 0 0 0 0 
143.01 100.6 40.489944 -3.392534 593.1 3 5 226.1 0.352 0 0 0 
144.05 98.5 40.489594 -3.393000 592.6 3 5 225.7 0.703 0 0 0 
145.00 98.5 40.489594 -3.393000 592.6 3 5 225.7 0.352 0 0 0 
146.04 98.7 40.489418 -3.393223 591.9 3 5 225.0 0.703 0 0 0 
147.03 96.6 40.489079 -3.393669 594.0 3 5 226.1 1.055 0 0 0 
148.06 96.4 40.488922 -3.393898 592.2 3 5 226.1 1.055 0 0 0 
149.01 96.4 40.488922 -3.393898 592.2 3 5 226.1 0 0 0 0 
150.01 95.0 40.488754 -3.394125 592.1 3 5 226.4 0.352 0 0 0 
151.01 92.6 40.488590 -3.394354 591.5 3 5 226.4 0.352 0 0 0 
152.00 91.3 40.488434 -3.394571 591.3 3 5 225.7 0.703 0 0 0 
153.06 90.8 40.488121 -3.395005 591.7 3 5 226.1 0.703 0 0 0 
154.00 90.8 40.488121 -3.395005 591.7 3 5 226.1 0.352 0 0 0 
155.00 92.3 40.487961 -3.395214 590.6 3 5 226.1 0.352 0 0 0 
156.02 93.8 40.487633 -3.395660 590.8 3 5 225.7 0 0 0 0 
157.00 93.8 40.487633 -3.395660 590.8 3 5 225.7 0.352 0 0 0 
158.00 94.1 40.487465 -3.395876 590.9 3 5 225.0 1.055 0 0 0 
159.07 93.8 40.487133 -3.396316 591.2 3 5 224.3 0.703 0 0 0 
160.04 93.8 40.486961 -3.396543 591.6 3 5 223.4 1.214 0 0 0 
161.02 94.9 40.486794 -3.396751 590.8 3 5 223.4 1.214 0 0 0 
162.10 94.6 40.486610 -3.396974 590.8 3 5 223.4 0.862 0 0 0 
163.10 94.5 40.486439 -3.397180 590.5 3 5 222.2 1.260 0 0 0 
164.01 95.1 40.486267 -3.397381 590.3 3 5 221.2 1.260 0 0 0 
165.03 95.7 40.486088 -3.397585 590.3 3 5 221.2 2.190 0 0 0 
166.00 95.7 40.486088 -3.397585 590.3 3 5 221.2 0.930 0 0 0 
167.00 96.7 40.485897 -3.397784 592.4 3 5 220.4 0.860 0 0 0 
168.00 97.5 40.485710 -3.397986 591.4 3 5 219.7 1.500 0 0 0 
169.03 97.6 40.485332 -3.398388 591.9 3 5 218.5 1.221 0 0 0 
170.03 98.4 40.485146 -3.398578 591.6 3 5 218.0 1.221 0 0 0 
171.04 97.7 40.484955 -3.398767 591.4 3 5 218.0 0.500 0 0 0 
172.03 96.7 40.484749 -3.398970 590.6 3 5 217.3 0.764 0 0 0 
173.01 96.7 40.484749 -3.398970 590.6 3 5 217.3 0.764 0 0 0 
174.02 95.4 40.484566 -3.399148 589.9 3 5 216.4 1.623 0 0 0 
175.01 93.8 40.484379 -3.399333 589.6 3 5 216.4 0.859 0 0 0 
176.02 91.7 40.484005 -3.399701 589.7 3 5 216.8 0 0 0 0 
177.01 91.7 40.484005 -3.399701 589.7 3 5 216.8 0.358 0 0 0 
178.02 90.9 40.483814 -3.399869 590.3 3 5 216.9 0.516 0 0 0 
178.98 94.7 40.483616 -3.400066 589.2 3 5 216.9 0.158 1 0 0 
180.02 97.5 40.483231 -3.400440 588.9 3 5 216.9 0 2 0 0 
181.07 97.0 40.483032 -3.400628 588.5 3 5 217.6 0.636 0 0 0 
181.99 97.0 40.483032 -3.400628 588.5 3 5 217.6 0.636 0 0 0 
182.99 97.1 40.482838 -3.400798 587.7 3 5 217.6 0.636 0 0 0 
184.02 98.4 40.482437 -3.401170 587.5 3 5 216.7 0.861 0 0 0 
184.99 98.4 40.482437 -3.401170 587.5 3 5 216.7 0.861 0 0 0 
186.05 99.2 40.482235 -3.401363 587.1 3 5 217.3 0.612 0 0 0 
187.04 102.4 40.481846 -3.401740 587.5 3 5 216.3 0.960 0 0 0 
188.04 104.3 40.481632 -3.401932 587.1 3 5 216.3 0.960 0 0 0 
188.99 104.3 40.481632 -3.401932 587.1 3 5 216.3 0 0 0 0 
190.04 104.7 40.481422 -3.402145 586.7 3 5 216.3 0 0 0 0 
191.04 106.0 40.481003 -3.402566 586.4 3 5 216.3 0 0 0 0 
191.99 106.0 40.481003 -3.402566 586.4 3 5 216.3 0 0 0 0 
193.04 105.6 40.480587 -3.402983 586.3 3 5 216.9 0.703 0 0 0 
194.03 106.6 40.480366 -3.403193 585.9 3 5 216.6 0.352 0 0 0 
195.06 107.4 40.480148 -3.403408 586.4 3 5 216.9 0.352 0 0 0 
196.02 108.0 40.479927 -3.403621 586.2 3 5 216.9 0.352 0 0 0 
197.00 108.0 40.479927 -3.403621 586.2 3 5 216.9 0.352 0 0 0 
197.99 107.0 40.479721 -3.403842 585.1 4 5 217.6 0.703 0 0 0 
198.99 107.0 40.479511 -3.404048 584.9 4 5 218.3 1.406 0 0 0 
199.99 108.2 40.479298 -3.404269 584.9 4 5 219.0 1.406 0 0 0 
200.99 108.2 40.479095 -3.404494 584.1 4 5 220.1 1.758 0 0 0 
202.04 111.5 40.478680 -3.404966 583.3 4 5 221.8 1.758 0 0 0 
203.02 111.5 40.478680 -3.404966 583.3 4 5 221.8 1.758 0 0 0 
204.09 113.6 40.478264 -3.405480 583.6 3 5 223.2 1.406 0 0 0 
205.09 113.8 40.478062 -3.405743 583.4 3 5 224.3 1.406 0 0 0 
206.03 115.8 40.477856 -3.406014 583.5 3 5 225.4 1.758 0 0 0 
207.02 115.8 40.477856 -3.406014 583.5 3 5 225.4 2.109 0 0 0 
208.04 114.7 40.477470 -3.406557 583.5 3 5 227.5 2.109 0 0 0 
209.00 114.7 40.477470 -3.406557 583.5 3 5 227.5 2.109 0 0 0 
210.00 114.3 40.477280 -3.406834 583.2 4 5 228.2 1.758 0 0 0 
211.00 112.8 40.477097 -3.407114 582.0 4 5 229.2 1.758 0 0 0 
212.02 114.3 40.476910 -3.407397 581.2 4 5 229.6 1.406 0 0 0 
213.00 113.5 40.476727 -3.407685 582.3 4 5 231.0 1.758 0 0 0 
214.07 117.1 40.476543 -3.407978 581.5 4 5 232.0 2.461 0 0 0 
215.05 118.7 40.476185 -3.408597 581.2 4 5 233.8 2.109 0 0 0 
215.98 118.7 40.476185 -3.408597 581.2 4 5 233.8 1.758 0 0 0 
217.00 119.4 40.476013 -3.408915 581.5 4 5 234.5 1.406 0 0 0 
218.03 117.6 40.475845 -3.409235 581.3 3 5 235.5 1.758 0 0 0 
218.99 117.2 40.475685 -3.409552 580.9 3 5 237.0 2.461 0 0 0 
220.03 118.6 40.475357 -3.410205 580.9 3 5 238.4 1.406 0 0 0 
221.03 120.1 40.475204 -3.410553 581.8 3 5 239.4 1.758 0 0 0 
222.04 120.3 40.475052 -3.410891 582.4 3 5 240.1 1.758 0 0 0 
223.02 120.3 40.475052 -3.410891 582.4 3 5 240.1 1.758 0 0 0 
224.02 117.2 40.474770 -3.411575 584.1 3 5 242.6 2.461 0 0 0 
225.07 116.1 40.474636 -3.411915 581.9 3 5 244.0 2.461 0 0 0 
225.99 116.1 40.474636 -3.411915 581.9 3 5 244.0 2.461 0 0 0 
227.02 110.1 40.474392 -3.412578 581.4 3 5 245.0 1.406 0 0 0 
228.03 108.5 40.474274 -3.412905 582.0 3 5 246.1 1.055 1 0 0 
229.04 108.1 40.474167 -3.413237 582.1 3 5 247.9 2.109 2 0 0 
230.07 107.2 40.474072 -3.413586 582.3 3 5 249.6 2.812 0 0 0 
231.03 103.9 40.473976 -3.413922 582.2 3 5 249.6 3.516 0 0 0 
231.99 103.9 40.473976 -3.413922 582.2 3 5 249.6 1.758 0 0 0 
233.01 102.2 40.473885 -3.414247 582.8 3 5 250.0 0.352 0 0 0 
234.01 102.3 40.473801 -3.414560 582.9 4 5 250.3 0.703 0 0 0 
235.04 103.3 40.473717 -3.414884 584.1 4 5 251.4 1.406 0 0 0 
236.02 105.6 40.473560 -3.415528 585.3 4 5 252.1 1.406 0 0 0 
236.98 105.6 40.473560 -3.415528 585.3 4 5 252.1 0.703 0 0 0 
238.01 106.2 40.473484 -3.415858 585.1 4 5 252.8 1.055 1 0 0 
239.03 108.4 40.473320 -3.416528 585.8 4 5 251.0 1.758 0 0 0 
240.09 108.7 40.473228 -3.416858 586.5 3 5 251.4 0.703 0 0 0 
240.98 108.7 40.473228 -3.416858 586.5 3 5 251.4 0.703 0 0 0 
241.98 107.0 40.473145 -3.417189 587.3 3 5 251.4 0.352 0 0 0 
242.99 104.8 40.473061 -3.417518 585.2 4 5 251.4 0 0 0 0 
243.99 104.8 40.472977 -3.417844 585.3 4 5 251.4 0 0 0 0 
244.98 101.6 40.472904 -3.418169 585.6 4 5 251.7 0.352 0 0 0 
246.04 97.8 40.472744 -3.418773 583.2 4 5 251.7 0.352 0 0 0 
246.99 97.8 40.472744 -3.418773 583.2 4 5 251.7 0 0 0 0 
248.10 99.7 40.472588 -3.419384 582.9 4 5 251.0 0.703 1 0 0 
249.03 101.8 40.472500 -3.419700 582.5 3 5 249.6 0.703 2 0 0 
249.99 101.8 40.472500 -3.419700 582.5 3 5 249.6 2.109 0 0 0 
250.98 104.5 40.472408 -3.420013 582.5 3 5 249.6 1.406 0 0 0 
252.00 107.2 40.472324 -3.420349 582.6 3 5 250.3 0.703 0 0 0 
253.08 110.1 40.472145 -3.421025 582.3 3 5 250.7 1.406 0 0 0 
254.00 110.1 40.472145 -3.421025 582.3 3 5 250.7 0.352 0 0 0 
255.07 110.8 40.471962 -3.421717 582.9 3 5 250.7 0.352 0 0 0 
255.99 110.8 40.471962 -3.421717 582.9 3 5 250.7 0.352 0 0 0 
256.99 111.9 40.471870 -3.422049 582.4 3 5 250.3 0.703 0 0 0 
258.04 113.3 40.471684 -3.422734 583.9 3 5 250.0 0.352 0 0 0 
259.02 113.3 40.471684 -3.422734 583.9 3 5 250.0 0.352 0 0 0 
260.00 112.8 40.471588 -3.423079 582.4 3 5 251.0 1.055 0 0 0 
260.98 113.0 40.471489 -3.423425 581.9 3 5 250.3 0.703 2 0 0 
262.11 109.9 40.471291 -3.424108 580.2 3 5 250.7 0.352 0 0 0 
262.99 109.9 40.471291 -3.424108 580.2 3 5 250.7 0.352 0 0 0 
264.01 106.6 40.471107 -3.424781 580.5 3 5 249.3 0.352 0 0 0 
265.01 106.6 40.471107 -3.424781 580.5 3 5 249.3 1.406 0 0 0 
266.03 106.1 40.470905 -3.425424 581.6 3 5 247.5 2.461 0 0 0 
267.00 106.1 40.470905 -3.425424 581.6 3 5 247.5 1.758 0 0 0 
267.99 109.5 40.470814 -3.425760 582.7 3 5 249.6 2.109 0 0 0 
269.11 109.7 40.470627 -3.426437 578.7 3 5 249.3 0.352 0 0 0 
269.99 109.7 40.470627 -3.426437 578.7 3 5 249.3 0.352 0 0 0 
271.03 109.5 40.470432 -3.427106 580.8 3 5 250.0 0 0 0 0 
272.07 109.9 40.470337 -3.427435 581.5 3 5 250.3 1.055 0 0 0 
273.03 110.1 40.470245 -3.427778 581.8 3 5 250.0 1.055 0 0 0 
274.00 110.1 40.470245 -3.427778 581.8 3 5 250.0 0.352 0 0 0 
275.03 111.5 40.470055 -3.428473 582.9 3 5 250.7 0.703 0 0 0 
276.10 112.0 40.469967 -3.428821 583.2 3 5 251.0 0.352 0 0 0 
277.02 112.0 40.469967 -3.428821 583.2 3 5 251.0 0.352 0 0 0 
278.00 112.5 40.469875 -3.429168 583.8 3 5 251.7 1.055 0 0 0 
279.15 113.1 40.469700 -3.429850 585.6 3 5 252.8 1.055 0 0 0 
280.03 113.1 40.469624 -3.430215 586.1 3 5 253.8 1.055 0 0 0 
281.03 113.4 40.469543 -3.430570 586.1 3 5 254.9 2.109 0 0 0 
282.01 113.4 40.469543 -3.430570 586.1 3 5 254.9 2.109 0 0 0 
283.05 112.7 40.469402 -3.431286 587.3 3 5 256.3 2.109 0 0 0 
284.01 113.0 40.469337 -3.431649 587.8 3 5 257.0 1.406 0 0 0 
285.04 111.3 40.469276 -3.432003 588.6 3 5 257.3 1.055 0 0 0 
286.04 111.2 40.469223 -3.432354 589.3 3 5 258.4 1.055 0 0 0 
287.00 111.2 40.469223 -3.432354 589.3 3 5 258.4 1.406 0 0 0 
287.99 111.8 40.469166 -3.432715 590.3 3 5 258.8 1.406 0 0 0 
289.02 113.1 40.469051 -3.433451 591.4 3 5 258.4 0.352 0 0 0 
290.00 113.1 40.469051 -3.433451 591.4 3 5 258.4 0.352 0 0 0 
291.04 110.7 40.468941 -3.434172 592.0 4 5 258.8 0.352 0 0 0 
292.00 110.7 40.468941 -3.434172 592.0 4 5 258.8 0.352 0 0 0 
292.98 107.0 40.468887 -3.434520 593.4 4 5 258.4 0.352 0 0 0 
294.06 105.3 40.468834 -3.434860 594.4 4 5 257.0 1.758 0 0 0 
295.03 105.2 40.468777 -3.435204 592.8 4 5 257.7 0.703 0 0 0 
296.00 104.3 40.468731 -3.435525 592.9 4 5 258.0 1.055 0 0 0 
297.00 104.0 40.468678 -3.435859 593.4 4 5 258.0 0.352 0 0 0 
298.02 103.2 40.468628 -3.436181 593.3 4 5 257.7 0.352 0 0 0 
299.13 102.0 40.468494 -3.436827 593.3 4 5 257.0 0.703 0 0 0 
300.05 100.9 40.468441 -3.437153 592.6 4 5 257.0 0 0 0 0 
301.05 99.4 40.468388 -3.437461 592.0 4 5 257.0 0 0 0 0 
302.03 99.5 40.468338 -3.437788 592.1 4 5 256.6 0 0 0 0 
303.02 100.4 40.468277 -3.438106 591.7 4 5 256.6 0.352 0 0 0 
304.01 100.4 40.468277 -3.438106 591.7 4 5 256.6 0.352 0 0 0 
305.04 100.2 40.468224 -3.438420 591.1 4 5 257.0 0.352 0 0 0 
306.06 100.7 40.468105 -3.439069 590.5 4 5 257.0 0.352 0 0 0 
307.00 100.7 40.468105 -3.439069 590.5 4 5 257.0 0 0 0 0 
308.07 100.7 40.467987 -3.439711 589.6 4 5 257.0 0 0 0 0 
309.12 100.9 40.467937 -3.440026 589.1 4 5 257.7 0.703 0 0 0 
310.05 100.9 40.467937 -3.440026 589.1 4 5 257.7 0.703 0 0 0 
311.07 100.8 40.467838 -3.440652 588.3 4 5 257.7 0.352 0 0 0 
312.02 100.8 40.467838 -3.440652 588.3 4 5 257.7 0.352 0 0 0 
313.05 101.2 40.467739 -3.441305 587.9 6 5 259.1 1.406 0 0 0 
314.09 101.5 40.467697 -3.441643 590.0 4 5 260.9 1.406 0 0 0 
315.09 100.4 40.467655 -3.441959 589.2 4 5 261.2 2.109 0 0 0 
316.01 100.4 40.467655 -3.441959 589.2 4 5 261.2 2.109 0 0 0 
317.09 100.9 40.467583 -3.442612 587.7 4 5 262.3 1.055 0 0 0 
318.00 100.9 40.467583 -3.442612 587.7 4 5 262.3 1.055 0 0 0 
319.00 100.2 40.467556 -3.442938 587.8 4 5 263.0 1.406 0 0 0 
320.00 98.6 40.467529 -3.443258 587.5 4 5 263.3 1.055 0 0 0 
321.06 96.2 40.467472 -3.443888 587.1 4 5 263.7 0.352 0 0 0 
322.03 94.6 40.467445 -3.444204 587.2 4 5 264.0 0.352 0 0 0 
323.00 94.6 40.467445 -3.444204 587.2 4 5 264.0 0.703 0 0 0 
324.03 96.4 40.467419 -3.444520 587.5 4 5 263.7 0.352 0 0 0 
325.00 97.7 40.467384 -3.444854 587.6 4 5 264.0 0.352 0 0 0 
326.03 97.9 40.467350 -3.445173 587.4 4 5 263.7 0.352 0 0 0 
327.01 98.6 40.467331 -3.445511 586.7 4 5 263.7 0.352 0 0 0 
328.01 99.0 40.467300 -3.445839 588.7 4 5 264.0 0.352 0 0 0 
329.11 96.6 40.467247 -3.446486 587.4 4 5 263.7 0.352 0 0 0 
330.01 96.6 40.467247 -3.446486 587.4 4 5 263.7 0.352 0 0 0 
331.07 95.4 40.467201 -3.447100 587.9 4 5 263.7 0 0 0 0 
332.11 96.3 40.467182 -3.447417 588.0 3 5 264.0 0 0 0 0 
333.06 97.6 40.467155 -3.447728 588.4 3 5 263.7 0.352 0 0 0 
334.09 97.6 40.467155 -3.447728 588.4 3 5 263.7 0.352 0 0 0 
335.08 96.3 40.467098 -3.448365 588.8 4 5 264.0 0.352 0 0 0 
336.08 97.2 40.467072 -3.448677 588.8 4 5 264.0 0 0 0 0 
337.07 97.7 40.467049 -3.448998 588.9 4 5 263.7 0 0 0 0 
337.98 97.7 40.467049 -3.448998 588.9 4 5 263.7 0.352 0 0 0 
339.00 97.6 40.467022 -3.449324 589.0 4 5 263.7 0.352 0 0 0 
340.03 98.7 40.466995 -3.449648 589.6 4 5 263.7 0 0 0 0 
341.02 99.1 40.466969 -3.449972 589.7 3 5 264.4 0.703 0 0 0 
341.98 99.1 40.466953 -3.450294 591.3 3 5 264.7 1.055 0 0 0 
343.11 99.1 40.466904 -3.450941 590.0 3 5 265.1 0.352 0 0 0 
344.01 99.1 40.466904 -3.450941 590.0 3 5 265.1 0.352 0 0 0 
345.05 99.4 40.466869 -3.451583 590.3 4 5 266.1 0.703 0 0 0 
346.05 99.9 40.466854 -3.451896 590.6 4 5 266.1 1.055 0 0 0 
347.05 100.1 40.466839 -3.452229 591.0 4 5 265.8 0.352 0 0 0 
348.10 100.3 40.466827 -3.452558 591.1 4 5 266.5 0.352 0 0 0 
349.03 100.3 40.466827 -3.452558 591.1 4 5 266.5 0.703 0 0 0 
349.98 100.8 40.466812 -3.452887 591.3 4 5 266.8 1.055 0 0 0 
350.99 101.8 40.466801 -3.453221 591.3 4 5 267.5 1.055 0 0 0 
352.05 102.1 40.466785 -3.453893 591.5 4 5 268.9 1.055 0 0 0 
353.01 102.1 40.466785 -3.453893 591.5 4 5 268.9 1.406 0 0 0 
354.07 101.1 40.466770 -3.454551 593.5 4 5 269.3 1.406 0 0 0 
354.99 101.1 40.466770 -3.454551 593.5 4 5 269.3 0.352 0 0 0 
355.99 100.5 40.466774 -3.454874 591.9 3 5 270.0 0.703 0 0 0 
357.05 99.5 40.466789 -3.455523 592.0 4 5 271.1 1.758 0 0 0 
358.06 98.0 40.466785 -3.455828 592.1 4 5 270.7 0.352 0 0 0 
359.06 100.4 40.466785 -3.456167 593.3 4 5 271.4 0.352 0 0 0 
359.98 100.4 40.466785 -3.456167 593.3 4 5 271.4 0.703 0 0 0 
361.01 102.9 40.466782 -3.456512 593.3 4 5 271.8 1.055 0 0 0 
362.03 103.1 40.466785 -3.456857 593.2 4 5 272.5 1.055 0 0 0 
362.99 102.8 40.466801 -3.457198 593.8 4 5 272.5 0.703 0 0 0 
364.06 101.2 40.466831 -3.457857 593.7 4 5 273.2 0.352 0 0 0 
364.99 101.2 40.466831 -3.457857 593.7 4 5 273.2 0.703 0 0 0 
366.08 103.9 40.466850 -3.458534 595.7 4 5 272.8 0.352 0 0 0 
367.09 103.7 40.466869 -3.458878 595.3 4 5 273.2 0.352 0 0 0 
368.04 103.9 40.466885 -3.459222 594.4 4 5 273.9 0.352 0 0 0 
369.07 103.9 40.466885 -3.459222 594.4 4 5 273.9 1.055 0 0 0 
370.09 104.8 40.466919 -3.459901 594.5 4 5 273.9 0.703 0 0 0 
371.07 99.6 40.466942 -3.460236 595.4 4 5 273.9 0 0 0 0 
372.03 104.3 40.466957 -3.460585 596.4 4 5 273.9 0 0 0 0 
373.04 103.9 40.466969 -3.460924 594.2 4 5 273.5 0 0 0 0 
374.06 103.9 40.466969 -3.460924 594.2 4 5 273.5 0.352 0 0 0 
375.00 102.4 40.466988 -3.461252 594.0 4 5 273.9 0.352 0 0 0 
376.00 101.6 40.467007 -3.461601 594.4 4 5 273.9 0.352 0 0 0 
377.00 100.7 40.467026 -3.461916 595.5 4 5 273.9 0 0 0 0 
378.10 102.3 40.467060 -3.462585 594.7 4 5 273.5 0 0 0 0 
379.01 102.3 40.467060 -3.462585 594.7 4 5 273.5 0.352 0 0 0 
379.99 102.8 40.467075 -3.462918 594.9 4 5 273.2 0.703 0 0 0 
381.12 104.8 40.467113 -3.463576 594.8 4 5 273.9 0.703 0 0 0 
381.98 104.8 40.467113 -3.463576 594.8 4 5 273.9 0.703 0 0 0 
383.05 99.3 40.467140 -3.464251 594.7 4 5 272.8 1.055 0 0 0 
384.01 99.3 40.467140 -3.464251 594.7 4 5 272.8 1.055 0 0 0 
385.01 97.8 40.467152 -3.464592 595.8 4 5 272.8 0 0 0 0 
386.05 100.1 40.467178 -3.465242 594.5 4 5 273.2 0.703 0 0 0 
387.04 98.6 40.467190 -3.465560 594.1 4 5 273.5 0.703 2 0 0 
388.07 98.9 40.467209 -3.465888 594.0 4 5 273.9 1.055 0 0 0 
389.05 98.8 40.467213 -3.466213 593.9 4 5 272.1 0.703 0 0 0 
390.01 98.8 40.467213 -3.466213 593.9 4 5 272.1 1.758 0 0 0 
391.09 97.2 40.467205 -3.466899 594.2 4 5 269.6 4.219 0 0 0 
392.01 97.2 40.467205 -3.466899 594.2 4 5 269.6 2.461 0 0 0 
393.11 97.2 40.467205 -3.467550 594.6 4 5 270.4 0.703 0 0 0 
394.01 97.2 40.467205 -3.467550 594.6 4 5 270.4 0.703 2 0 0 
395.07 95.5 40.467213 -3.468171 594.1 4 5 270.7 0 0 0 0 
396.05 98.7 40.467216 -3.468490 594.3 4 5 270.0 0.352 0 0 0 
397.04 98.7 40.467216 -3.468490 594.3 4 5 270.0 0.703 0 0 0 
398.04 96.0 40.467213 -3.469097 594.5 4 5 268.9 2.109 0 0 0 
399.01 96.0 40.467213 -3.469097 594.5 4 5 268.9 1.055 0 0 0 
400.05 93.1 40.467194 -3.469699 594.4 3 5 266.8 1.406 0 0 0 
401.06 92.9 40.467182 -3.470000 594.3 3 5 266.5 2.109 0 0 0 
402.05 92.1 40.467163 -3.470294 594.2 3 5 265.4 1.055 0 0 0 
403.04 90.9 40.467148 -3.470584 602.5 3 5 265.1 1.406 1 0 0 
403.99 90.9 40.467148 -3.470584 602.5 3 5 265.1 1.406 1 0 0 
405.14 90.0 40.467102 -3.471170 601.9 3 5 264.4 0.703 0 0 0 
406.07 90.4 40.467075 -3.471469 602.1 3 5 263.7 0.703 0 0 0 
407.00 90.4 40.467075 -3.471469 602.1 3 5 263.7 1.055 0 0 0 
408.11 91.6 40.467022 -3.472050 601.0 3 5 261.9 1.758 0 0 0 
409.14 91.1 40.466988 -3.472346 602.9 4 5 261.6 1.055 0 0 0 
410.02 91.1 40.466988 -3.472346 602.9 4 5 261.6 1.055 0 0 0 
411.02 90.7 40.466953 -3.472636 600.4 4 5 261.2 0.703 0 0 0 
412.08 91.5 40.466873 -3.473222 599.8 4 5 260.5 0.703 0 0 0 
413.16 89.5 40.466843 -3.473514 599.5 4 5 259.8 1.055 0 0 0 
414.04 90.5 40.466805 -3.473810 599.5 4 5 259.1 1.055 0 0 0 
415.01 90.5 40.466805 -3.473810 599.5 4 5 259.1 1.406 0 0 0 
416.11 89.1 40.466717 -3.474391 598.2 6 5 258.4 1.055 1 0 0 
417.09 87.3 40.466671 -3.474663 597.3 6 5 258.0 0.703 1 1 0 
418.06 88.0 40.466629 -3.474963 595.2 6 5 258.0 0.703 0 1 0 
419.07 86.7 40.466583 -3.475251 593.4 6 5 257.7 0.352 0 1 0 
420.08 87.8 40.466534 -3.475545 600.4 6 5 258.0 0.352 0 1 0 
421.07 84.7 40.466484 -3.475805 600.1 6 5 257.3 0.352 0 1 0 
422.07 84.9 40.466427 -3.476068 598.8 6 5 255.6 0.703 0 1 0 
423.06 83.8 40.466393 -3.476313 598.1 6 5 256.3 2.461 0 1 0 
424.02 83.8 40.466393 -3.476313 598.1 6 5 256.3 1.055 0 1 0 
425.04 83.0 40.466290 -3.476846 598.8 6 5 255.6 0.703 0 1 0 
426.04 83.3 40.466244 -3.477103 600.2 6 5 254.9 0.703 0 1 0 
427.05 84.2 40.466187 -3.477366 600.2 6 5 254.9 0.703 0 1 0 
428.01 84.2 40.466187 -3.477366 600.2 6 5 254.9 0.703 0 1 0 
428.98 85.8 40.466148 -3.477648 597.5 6 5 256.6 1.758 0 1 0 
430.02 84.6 40.466080 -3.477907 598.0 6 5 254.5 2.109 0 1 0 
431.01 82.1 40.466034 -3.478169 596.1 6 5 256.6 2.109 0 1 0 
432.06 78.3 40.465935 -3.478645 597.3 6 5 257.0 1.758 0 1 0 
433.01 78.3 40.465935 -3.478645 597.3 6 5 257.0 0.703 0 1 0 
434.01 76.2 40.465889 -3.478886 598.1 4 5 257.3 1.055 0 1 0 
435.07 72.9 40.465805 -3.479346 597.7 4 5 259.1 0.352 0 1 0 
436.03 72.9 40.465805 -3.479346 597.7 4 5 259.1 2.109 0 1 0 
437.08 73.1 40.465748 -3.479813 597.7 4 5 263.7 2.461 0 1 0 
438.02 73.1 40.465748 -3.479813 597.7 4 5 263.7 4.570 0 1 0 
439.03 71.2 40.465752 -3.480049 596.9 4 5 267.9 8.438 1 1 0 
440.03 69.0 40.465759 -3.480495 596.9 4 5 279.1 8.438 1 1 0 
441.06 69.0 40.465759 -3.480495 596.9 4 5 279.1 11.250 0 1 0 
442.01 69.0 40.465790 -3.480719 596.7 3 5 285.1 13.008 0 1 0 
443.10 71.6 40.465904 -3.481153 596.6 3 5 291.1 9.141 0 1 0 
443.99 71.6 40.465904 -3.481153 596.6 3 5 291.1 5.977 0 1 0 
444.99 71.9 40.465973 -3.481365 596.9 3 5 292.9 4.570 0 1 0 
446.12 75.5 40.466133 -3.481811 598.1 3 5 295.3 2.461 0 1 0 
446.98 75.5 40.466133 -3.481811 598.1 3 5 295.3 2.461 0 1 0 
448.01 71.6 40.466202 -3.482012 598.0 3 5 295.0 0.352 0 1 0 
449.12 68.7 40.466351 -3.482426 596.1 3 5 294.6 0.352 0 1 0 
450.10 65.2 40.466419 -3.482630 596.1 3 5 294.3 0.352 0 1 0 
451.14 66.0 40.466484 -3.482821 595.3 4 5 295.7 1.406 0 1 0 
451.98 66.0 40.466484 -3.482821 595.3 4 5 295.7 1.406 0 1 0 
453.09 66.5 40.466621 -3.483227 595.7 4 5 291.4 2.109 0 1 0 
454.06 65.9 40.466656 -3.483430 595.7 4 5 285.1 4.219 0 1 0 
455.02 65.9 40.466656 -3.483430 595.7 4 5 285.1 8.438 1 0 0 
456.11 65.6 40.466682 -3.483637 596.1 4 5 280.5 10.898 0 0 0 
457.14 67.8 40.466702 -3.483873 596.4 4 5 275.3 9.844 0 0 0 
458.02 66.6 40.466709 -3.484101 597.3 3 5 269.6 10.898 0 0 0 
459.14 65.1 40.466682 -3.484554 596.7 3 5 261.9 9.492 0 0 0 
460.11 65.1 40.466682 -3.484554 596.7 3 5 261.9 7.734 0 0 0 
461.09 65.9 40.466602 -3.484958 596.6 3 5 250.3 8.438 0 0 0 
462.01 65.9 40.466602 -3.484958 596.6 3 5 250.3 11.602 1 1 0 
462.99 65.9 40.466541 -3.485134 597.2 3 5 241.9 15.469 1 1 0 
464.17 65.3 40.466358 -3.485496 596.2 3 5 233.1 12.305 0 1 0 
465.12 65.5 40.466259 -3.485668 595.8 3 5 229.6 8.789 0 1 0 
466.01 65.5 40.466259 -3.485668 595.8 3 5 229.6 8.438 0 1 0 
467.07 62.6 40.466057 -3.485988 595.5 3 5 230.3 3.164 0 1 0 
468.16 62.5 40.465954 -3.486146 594.5 3 5 230.3 0.703 0 1 0 
469.10 62.1 40.465847 -3.486305 594.5 3 5 229.6 0.352 0 1 0 
469.98 62.1 40.465847 -3.486305 594.5 3 5 229.6 0.703 0 1 0 
470.99 62.4 40.465748 -3.486458 594.5 3 5 229.2 1.055 0 1 0 
472.03 62.2 40.465649 -3.486615 594.3 3 5 228.2 1.406 0 1 0 
472.98 61.9 40.465542 -3.486779 594.1 3 5 229.9 1.758 0 1 0 
474.01 61.8 40.465443 -3.486938 594.1 3 5 229.6 1.406 0 1 0 
475.04 62.8 40.465343 -3.487091 594.8 3 5 229.6 0.352 0 1 0 
476.01 62.4 40.465237 -3.487245 594.5 3 5 228.9 0.703 0 0 0 
476.99 61.8 40.465134 -3.487394 594.3 3 5 228.5 1.055 0 0 0 
477.98 60.2 40.465034 -3.487533 594.3 3 5 226.8 2.109 1 0 0 
479.08 57.1 40.464809 -3.487774 594.7 3 5 214.8 8.086 0 0 0 
480.02 57.1 40.464809 -3.487774 594.7 3 5 214.8 11.953 0 0 0 
480.99 55.2 40.464687 -3.487852 595.9 3 5 202.9 17.578 0 0 0 
482.04 52.0 40.464428 -3.487939 596.6 3 5 187.0 20.391 0 0 0 
482.98 52.0 40.464428 -3.487939 596.6 3 5 187.0 15.820 0 0 0 
484.08 48.8 40.464184 -3.487903 598.7 3 5 165.2 0 -9 -9 0 
484.98 48.8 40.464184 -3.487903 598.7 3 5 165.2 0 -9 -9 0 
485.98 49.4 40.464069 -3.487845 598.9 3 5 156.4 0 -9 -9 0 
486.98 47.5 40.463955 -3.487764 599.2 3 5 149.4 0 -9 -9 0 
487.99 46.0 40.463863 -3.487664 599.2 3 5 140.3 0 -9 -9 0 
488.98 43.8 40.463779 -3.487562 598.7 3 5 133.9 0 -9 -9 0 
489.98 45.4 40.463707 -3.487446 598.4 3 5 124.1 0 -9 -9 0 
490.98 46.0 40.463646 -3.487308 598.2 3 5 116.7 0 -9 -9 0 
491.99 47.9 40.463604 -3.487168 598.1 3 5 110.0 0 -9 -9 0 
492.98 48.1 40.463566 -3.487013 598.1 3 5 100.2 0 -9 -9 0 
493.99 49.8 40.463547 -3.486843 597.8 3 5 94.6 0 -9 -9 0 
494.98 47.5 40.463547 -3.486691 598.0 3 5 84.0 0 -9 -9 0 
495.99 48.6 40.463570 -3.486537 598.1 3 5 78.4 0 -9 -9 0 
496.98 50.0 40.463612 -3.486386 598.5 3 5 71.4 12.656 0 0 0 
498.07 53.7 40.463726 -3.486067 598.3 3 5 60.5 14.062 0 0 0 
499.09 53.7 40.463726 -3.486067 598.3 3 5 60.5 10.898 0 0 0 
499.98 55.5 40.463791 -3.485899 598.4 3 5 62.9 2.461 0 0 0 
501.00 56.8 40.463856 -3.485738 597.8 3 5 64.7 4.219 0 0 0 
501.99 60.9 40.463913 -3.485567 593.3 3 5 68.9 5.977 0 0 0 
503.00 62.6 40.463966 -3.485383 592.2 3 5 70.7 5.977 0 0 0 
504.00 64.7 40.464016 -3.485189 591.5 3 5 71.7 2.812 0 0 0 
505.01 66.9 40.464066 -3.484996 590.5 3 5 72.8 2.109 0 0 0 
506.00 67.9 40.464111 -3.484777 590.5 3 5 72.4 0.703 0 0 0 
507.07 67.7 40.464161 -3.484556 589.0 3 5 73.1 0.703 0 0 0 
508.08 68.4 40.464252 -3.484133 588.9 3 5 73.8 1.055 0 0 0 
509.03 68.4 40.464252 -3.484133 588.9 3 5 73.8 0.703 0 0 0 
510.04 70.5 40.464310 -3.483917 589.0 3 5 73.8 0.352 0 0 0 
511.02 72.9 40.464359 -3.483683 589.1 3 5 73.8 0 0 0 0 
511.99 74.3 40.464417 -3.483462 589.1 3 5 73.1 0.703 0 0 0 
513.01 76.5 40.464470 -3.483227 589.2 3 5 73.5 0.352 0 0 0 
514.03 78.7 40.464523 -3.482992 589.3 3 5 73.1 0.352 0 0 0 
515.02 76.8 40.464573 -3.482749 589.4 3 5 73.5 0.352 0 0 0 
516.10 77.5 40.464684 -3.482256 589.2 3 5 73.5 0.352 1 0 0 
517.09 79.3 40.464745 -3.482002 589.1 3 5 73.5 0.352 1 0 0 
518.07 79.5 40.464802 -3.481746 589.1 3 5 73.1 0.352 1 0 0 
519.16 80.0 40.464867 -3.481492 589.1 3 5 72.4 0.352 1 0 0 
520.11 78.6 40.464928 -3.481252 589.1 4 5 72.4 1.055 0 0 0 
521.09 76.7 40.464985 -3.481017 589.0 3 5 72.1 0.703 1 1 0 
522.02 76.7 40.464985 -3.481017 589.0 3 5 72.1 0.352 1 1 0 
522.98 75.7 40.465042 -3.480777 588.7 3 5 71.4 1.055 0 1 0 
524.00 74.5 40.465107 -3.480555 588.4 3 5 71.0 1.055 0 1 0 
524.99 73.5 40.465168 -3.480333 588.3 3 5 70.0 1.406 0 1 0 
525.99 73.3 40.465233 -3.480102 588.5 3 5 69.6 1.406 0 1 0 
527.00 74.2 40.465294 -3.479877 588.4 3 5 70.3 0.703 0 1 0 
527.98 73.9 40.465355 -3.479651 588.7 3 5 71.4 1.758 0 1 0 
529.08 71.5 40.465458 -3.479202 587.7 3 5 73.8 2.461 1 1 0 
530.08 71.5 40.465511 -3.478974 587.7 3 5 72.4 2.461 2 1 0 
530.99 71.5 40.465511 -3.478974 587.7 3 5 72.4 1.406 2 1 0 
532.03 72.9 40.465565 -3.478742 587.5 3 5 72.4 1.406 0 1 0 
533.07 72.7 40.465679 -3.478287 587.6 3 5 72.4 0.352 0 1 0 
534.02 72.7 40.465679 -3.478287 587.6 3 5 72.4 0.352 0 1 0 
535.11 74.8 40.465782 -3.477839 587.7 3 5 73.1 0.703 0 1 0 
535.99 74.8 40.465782 -3.477839 587.7 3 5 73.1 0.703 0 1 0 
536.98 76.1 40.465839 -3.477594 587.9 3 5 74.2 1.055 0 1 0 
537.98 74.2 40.465897 -3.477349 588.0 3 5 74.9 1.758 0 1 0 
539.02 73.3 40.465946 -3.477128 587.8 3 5 75.2 1.055 0 1 0 
540.09 76.8 40.466038 -3.476652 588.1 3 5 75.6 0.352 0 1 0 
541.01 76.8 40.466038 -3.476652 588.1 3 5 75.6 0.352 0 1 0 
542.01 78.1 40.466084 -3.476407 588.2 3 5 75.6 0.352 0 1 0 
543.01 77.3 40.466133 -3.476174 588.6 3 5 75.9 0.352 0 1 0 
543.99 82.2 40.466187 -3.475906 589.0 3 5 75.9 0.352 1 1 0 
544.98 82.2 40.466232 -3.475650 589.4 3 5 76.6 0.703 0 1 0 
546.00 84.8 40.466278 -3.475384 588.9 4 5 76.6 0.703 2 1 0 
547.03 84.5 40.466328 -3.475113 589.0 4 5 76.3 0.352 0 1 0 
548.00 84.4 40.466377 -3.474840 589.1 4 5 75.6 1.055 0 1 0 
549.00 82.6 40.466427 -3.474571 589.1 4 5 75.9 0.352 0 1 0 
549.99 80.3 40.466469 -3.474303 589.2 4 5 77.0 1.406 0 1 0 
551.00 79.8 40.466511 -3.474034 589.4 4 5 78.4 2.461 0 1 0 
551.99 77.9 40.466549 -3.473773 589.5 4 5 79.1 2.109 0 1 0 
552.98 77.3 40.466591 -3.473535 589.5 3 5 79.8 1.406 0 1 0 
554.09 76.9 40.466656 -3.473028 589.4 3 5 80.2 0.352 0 1 0 
555.14 76.7 40.466686 -3.472782 589.2 3 5 80.5 0.352 0 2 0 
556.09 75.5 40.466721 -3.472543 589.2 3 5 80.9 0.703 0 2 0 
557.12 74.4 40.466759 -3.472318 589.5 3 5 80.9 0.352 0 2 0 
558.16 73.9 40.466778 -3.472071 589.5 3 5 81.9 0.352 0 2 0 
558.98 73.9 40.466778 -3.472071 589.5 3 5 81.9 1.055 0 2 0 
560.08 72.0 40.466824 -3.471590 589.5 3 5 83.0 1.406 0 2 0 
561.05 71.2 40.466843 -3.471353 589.4 3 5 83.3 1.055 0 2 0 
562.06 71.2 40.466843 -3.471353 589.4 3 5 83.3 1.055 0 1 0 
562.99 69.6 40.466866 -3.471120 589.7 3 5 84.0 1.055 0 1 0 
564.05 67.9 40.466919 -3.470674 589.3 4 5 85.1 1.055 0 1 0 
565.06 66.2 40.466930 -3.470455 589.3 3 5 85.4 1.055 0 1 0 
566.11 64.7 40.466946 -3.470242 589.4 3 5 85.4 0.352 0 1 0 
567.13 63.6 40.466961 -3.470034 589.3 3 5 85.8 0.352 0 1 0 
568.01 63.6 40.466961 -3.470034 589.3 3 5 85.8 0.352 0 1 0 
569.02 63.2 40.466972 -3.469825 589.4 3 5 86.5 1.055 0 1 0 
570.07 61.1 40.466988 -3.469422 589.2 3 5 86.8 0.703 0 1 0 
571.01 61.1 40.466988 -3.469422 589.2 3 5 86.8 0.352 0 1 0 
571.99 58.8 40.466991 -3.469219 588.8 3 5 86.8 0.352 0 1 0 
573.03 57.6 40.467003 -3.469029 588.8 3 5 86.8 0 0 1 0 
573.98 58.3 40.467007 -3.468826 588.9 3 5 87.2 0.352 0 1 0 
575.11 61.7 40.467018 -3.468453 589.4 3 5 87.9 1.055 0 1 0 
576.00 61.7 40.467018 -3.468453 589.4 3 5 87.9 0.703 0 1 0 
577.04 62.1 40.467037 -3.468253 589.0 3 5 88.2 0.352 0 1 0 
578.10 63.4 40.467041 -3.467858 589.2 3 5 89.3 1.055 0 1 0 
579.02 63.4 40.467041 -3.467858 589.2 3 5 89.3 1.055 0 1 0 
579.98 64.3 40.467041 -3.467645 589.6 3 5 89.6 0.703 0 1 0 
581.02 63.4 40.467045 -3.467443 589.3 3 5 90.0 0.703 0 1 0 
582.05 63.0 40.467041 -3.467031 589.1 3 5 90.4 0.703 0 0 0 
582.98 63.0 40.467041 -3.467031 589.1 3 5 90.4 0.352 0 0 0 
583.99 62.7 40.467045 -3.466817 589.1 3 5 90.0 0.352 0 0 0 
584.98 65.2 40.467041 -3.466610 589.3 3 5 90.0 0.352 0 0 0 
585.99 67.3 40.467037 -3.466386 589.4 3 5 90.4 0.352 0 0 0 
586.98 67.5 40.467037 -3.466156 589.5 3 5 90.7 0.703 0 0 0 
588.06 71.6 40.467022 -3.465684 589.7 3 5 91.4 0.703 0 0 0 
589.04 72.8 40.467018 -3.465441 589.9 3 5 91.8 0.703 0 0 0 
590.08 73.7 40.467010 -3.465192 589.9 3 5 91.8 0.703 0 0 0 
591.08 75.4 40.466999 -3.464951 590.1 3 5 92.5 0.352 0 0 0 
591.99 75.4 40.466999 -3.464951 590.1 3 5 92.5 0.703 0 0 0 
593.04 76.7 40.466995 -3.464703 590.2 3 5 92.5 0.703 0 0 0 
594.09 76.5 40.466965 -3.464171 590.6 3 5 93.2 0.703 0 0 0 
595.01 76.5 40.466965 -3.464171 590.6 3 5 93.2 0.703 0 0 0 
596.12 73.9 40.466957 -3.463680 590.9 3 5 93.2 0.352 0 0 0 
596.99 73.9 40.466957 -3.463680 590.9 3 5 93.2 0.352 0 0 0 
598.10 73.8 40.466938 -3.463199 590.2 3 5 93.5 0.703 0 0 0 
599.02 73.8 40.466938 -3.463199 590.2 3 5 93.5 0.352 0 0 0 
600.10 73.5 40.466919 -3.462722 590.2 3 5 93.2 0.352 0 0 0 
601.00 73.5 40.466919 -3.462722 590.2 3 5 93.2 0.352 0 0 0 
602.00 74.1 40.466911 -3.462486 590.1 3 5 93.2 0 0 0 0 
602.99 75.1 40.466900 -3.462231 590.1 3 5 93.5 0.352 0 0 0 
603.98 75.0 40.466881 -3.461982 590.2 3 5 93.9 0.703 0 0 0 
605.14 75.2 40.466858 -3.461488 590.5 3 5 93.5 0.352 0 0 0 
605.99 75.2 40.466858 -3.461488 590.5 3 5 93.5 0.352 0 0 0 
607.00 76.7 40.466843 -3.461230 590.8 3 5 93.5 0.352 0 0 0 
608.01 79.1 40.466831 -3.460977 590.9 3 5 93.5 0 0 0 0 
609.05 81.5 40.466820 -3.460712 590.9 3 5 93.2 0.352 0 0 0 
610.02 82.6 40.466805 -3.460438 591.0 3 5 93.9 0.703 0 0 0 
611.04 84.6 40.466774 -3.459892 590.7 3 5 93.9 0.703 0 0 0 
612.03 84.6 40.466774 -3.459892 590.7 3 5 93.9 0 0 0 0 
613.13 84.2 40.466751 -3.459358 590.6 3 5 93.5 0 0 0 0 
613.99 84.2 40.466751 -3.459358 590.6 3 5 93.5 0.352 0 0 0 
615.06 86.2 40.466736 -3.459077 590.5 3 5 93.5 0.352 0 0 0 
616.00 85.6 40.466724 -3.458803 590.7 3 5 93.5 0 0 0 0 
617.15 83.9 40.466694 -3.458249 590.7 3 5 93.2 0 0 0 0 
617.99 83.9 40.466694 -3.458249 590.7 3 5 93.2 0.352 0 0 0 
619.01 83.0 40.466679 -3.457973 590.3 3 5 93.2 0.352 0 0 0 
619.99 83.5 40.466671 -3.457705 589.6 4 5 92.8 0.352 0 0 0 
621.02 84.3 40.466660 -3.457434 589.5 3 5 92.5 0.703 0 0 0 
622.00 85.6 40.466652 -3.457156 589.3 3 5 92.1 0.703 1 0 0 
623.01 86.2 40.466640 -3.456872 589.3 3 5 92.1 0.352 0 0 0 
623.99 86.4 40.466633 -3.456585 589.2 3 5 92.1 0 0 0 0 
624.99 87.3 40.466621 -3.456296 589.1 3 5 92.1 0 0 0 0 
626.07 88.1 40.466606 -3.455727 588.7 3 5 92.1 0.352 0 0 0 
627.07 86.8 40.466599 -3.455452 588.4 3 5 91.4 1.055 0 0 0 
628.09 86.1 40.466599 -3.455175 588.2 4 5 91.4 1.055 0 0 0 
629.03 86.1 40.466599 -3.455175 588.2 4 5 91.4 0.703 0 0 0 
630.10 86.6 40.466599 -3.454614 587.8 4 5 89.6 0.703 0 0 0 
631.08 87.3 40.466599 -3.454348 587.9 4 5 90.4 1.758 0 0 0 
632.11 87.7 40.466602 -3.454062 588.0 4 5 88.9 0.703 0 0 0 
633.00 87.7 40.466602 -3.454062 588.0 4 5 88.9 1.406 0 0 0 
634.07 86.4 40.466614 -3.453506 588.4 4 5 88.6 0.352 0 0 0 
635.06 86.1 40.466621 -3.453225 588.5 4 5 87.5 1.055 0 0 0 
636.01 86.1 40.466621 -3.453225 588.5 4 5 87.5 1.055 0 0 0 
637.08 87.0 40.466667 -3.452688 587.6 4 5 86.8 0.703 0 0 0 
637.99 87.0 40.466667 -3.452688 587.6 4 5 86.8 0.703 0 0 0 
639.11 89.5 40.466686 -3.452115 586.8 4 5 86.1 0.352 0 0 0 
639.99 89.5 40.466686 -3.452115 586.8 4 5 86.1 0.703 0 0 0 
641.05 89.2 40.466713 -3.451510 586.9 4 5 86.1 0.352 0 0 0 
642.02 89.2 40.466713 -3.451510 586.9 4 5 86.1 0 0 0 0 
643.01 90.3 40.466728 -3.451205 586.7 4 5 85.8 0.352 0 0 0 
644.10 89.6 40.466763 -3.450610 586.5 4 5 85.4 0.703 0 0 0 
644.98 89.6 40.466763 -3.450610 586.5 4 5 85.4 0.352 0 0 0 
646.04 87.0 40.466808 -3.450016 585.6 4 5 84.4 0.352 0 0 0 
647.01 87.0 40.466808 -3.450016 585.6 4 5 84.4 1.055 0 0 0 
648.02 85.4 40.466831 -3.449740 585.3 4 5 84.0 1.055 0 0 0 
649.08 86.6 40.466881 -3.449188 584.8 4 5 83.7 0.352 0 0 0 
650.08 87.6 40.466904 -3.448899 584.9 3 5 83.7 0.352 0 0 0 
651.11 89.1 40.466923 -3.448606 585.0 3 5 84.0 0.352 0 0 0 
652.07 90.8 40.466946 -3.448313 585.8 3 5 83.7 0.352 0 0 0 
653.11 90.4 40.466972 -3.448023 586.8 3 5 83.7 0.352 0 0 0 
654.04 90.4 40.466972 -3.448023 586.8 3 5 83.7 0.352 0 0 0 
655.00 90.3 40.466984 -3.447711 587.6 3 5 84.7 1.055 0 0 0 
656.05 90.1 40.467037 -3.447127 586.7 3 5 83.7 1.055 0 0 0 
657.06 89.8 40.467068 -3.446833 586.7 3 5 84.0 1.055 0 0 0 
658.10 89.2 40.467094 -3.446535 586.3 3 5 84.0 0.352 0 0 0 
659.01 89.2 40.467094 -3.446535 586.3 3 5 84.0 0.352 0 0 0 
660.06 88.5 40.467136 -3.445966 586.2 3 5 83.7 0.352 0 0 0 
661.13 87.3 40.467163 -3.445682 587.2 3 5 83.3 0.352 0 0 0 
662.06 87.3 40.467163 -3.445682 587.2 3 5 83.3 0.352 0 0 0 
663.04 90.1 40.467224 -3.445105 586.2 3 5 83.3 0.703 0 0 0 
664.06 90.8 40.467247 -3.444805 586.5 3 5 83.7 0.703 0 0 0 
665.01 90.8 40.467247 -3.444805 586.5 3 5 83.7 0.352 0 0 0 
665.98 93.0 40.467270 -3.444507 586.5 3 5 83.0 0.703 0 0 0 
667.02 93.5 40.467297 -3.444207 586.9 3 5 83.7 0.703 0 0 0 
668.06 94.4 40.467346 -3.443597 587.3 3 5 84.0 0.703 0 0 0 
669.11 93.8 40.467373 -3.443290 585.0 3 5 83.7 0.352 0 0 0 
670.07 97.5 40.467407 -3.442983 584.4 3 5 83.0 0.352 1 0 0 
671.01 97.5 40.467407 -3.442983 584.4 3 5 83.0 1.055 0 0 0 
672.00 95.1 40.467434 -3.442670 584.3 3 5 83.0 0.703 0 0 0 
673.00 95.8 40.467464 -3.442352 584.8 3 5 82.6 0.352 0 0 0 
674.12 97.0 40.467537 -3.441723 585.8 3 5 80.2 2.109 0 0 0 
675.00 97.0 40.467537 -3.441723 585.8 3 5 80.2 2.461 0 0 0 
676.09 98.7 40.467613 -3.441087 586.1 3 5 78.8 1.406 0 0 0 
677.06 98.9 40.467670 -3.440775 586.1 3 5 78.4 1.758 0 0 0 
678.05 99.4 40.467712 -3.440460 586.5 3 5 77.7 1.758 0 0 0 
679.06 97.3 40.467762 -3.440145 586.5 3 5 77.3 1.055 0 0 0 
680.09 97.0 40.467815 -3.439832 587.1 3 5 77.3 0.352 0 0 0 
681.04 97.0 40.467869 -3.439522 587.0 3 5 77.3 0.352 0 0 0 
682.01 97.0 40.467869 -3.439522 587.0 3 5 77.3 0 0 0 0 
683.08 92.4 40.467979 -3.438942 587.4 3 5 77.0 0.352 0 0 0 
684.08 92.4 40.468037 -3.438653 589.2 3 5 76.6 0.703 0 0 0 
685.01 92.4 40.468037 -3.438653 589.2 3 5 76.6 0.703 0 0 0 
685.98 92.6 40.468094 -3.438355 588.5 3 5 76.6 0.352 0 0 0 
687.12 93.4 40.468189 -3.437747 589.3 3 5 77.3 0.703 0 0 0 
688.06 93.8 40.468243 -3.437447 589.9 3 5 77.0 0.352 0 0 0 
689.06 93.8 40.468243 -3.437447 589.9 3 5 77.0 0.352 0 0 0 
690.06 92.9 40.468342 -3.436851 590.8 3 5 77.0 0.352 0 0 0 
691.08 92.3 40.468391 -3.436561 590.8 3 5 76.6 0.352 0 0 0 
691.98 92.3 40.468391 -3.436561 590.8 3 5 76.6 0.352 0 0 0 
693.06 91.7 40.468494 -3.435992 590.8 3 5 78.8 0.352 0 0 0 
694.02 91.7 40.468494 -3.435992 590.8 3 5 78.8 2.109 0 0 0 
695.07 93.6 40.468605 -3.435405 592.8 3 5 78.4 1.055 0 0 0 
696.12 95.5 40.468662 -3.435105 591.9 4 5 78.0 0.352 0 0 0 
697.07 97.2 40.468704 -3.434797 591.4 4 5 78.4 0.352 0 0 0 
697.99 97.2 40.468704 -3.434797 591.4 4 5 78.4 0.352 0 0 0 
699.01 97.6 40.468754 -3.434500 591.3 4 5 78.8 0.703 0 0 0 
700.01 99.2 40.468800 -3.434180 591.1 4 5 78.8 0.352 0 0 0 
701.03 99.6 40.468853 -3.433867 591.3 4 5 78.8 0 0 0 0 
702.01 99.1 40.468899 -3.433544 590.8 4 5 78.4 0.352 0 0 0 
703.09 96.2 40.468987 -3.432918 589.5 4 5 79.5 0.703 0 0 0 
703.98 96.2 40.468987 -3.432918 589.5 4 5 79.5 1.055 0 0 0 
705.01 95.3 40.469036 -3.432600 589.2 4 5 78.8 0.703 0 0 0 
706.02 94.2 40.469090 -3.432302 588.4 3 5 78.8 0.703 0 0 0 
707.07 92.9 40.469185 -3.431695 587.2 4 5 78.0 0.703 0 0 0 
707.98 92.9 40.469185 -3.431695 587.2 4 5 78.0 0.703 0 0 0 
709.06 95.1 40.469280 -3.431087 587.1 4 5 75.9 1.055 0 0 0 
709.99 95.1 40.469280 -3.431087 587.1 4 5 75.9 2.109 0 0 0 
710.99 96.8 40.469349 -3.430770 586.4 4 5 75.2 2.109 0 0 0 
712.05 99.8 40.469486 -3.430164 585.5 4 5 73.8 1.406 0 0 0 
713.07 101.4 40.469551 -3.429846 585.4 4 5 72.8 1.406 0 0 0 
714.05 103.2 40.469627 -3.429528 584.9 3 5 71.4 1.758 2 0 0 
715.05 104.1 40.469719 -3.429213 584.7 3 5 70.3 2.461 2 0 0 
716.00 104.1 40.469719 -3.429213 584.7 3 5 70.3 2.461 0 0 0 
716.99 105.2 40.469810 -3.428891 584.0 4 5 69.6 1.758 0 0 0 
717.99 106.5 40.469898 -3.428560 584.2 3 5 70.7 1.055 0 0 0 
719.01 106.2 40.469986 -3.428231 585.2 4 5 71.4 1.758 0 0 0 
719.99 106.6 40.470074 -3.427906 585.1 4 5 70.3 1.055 0 0 0 
721.04 107.5 40.470261 -3.427256 582.7 4 5 69.6 1.406 0 0 0 
722.10 108.1 40.470352 -3.426927 582.6 3 5 69.6 0.352 0 0 0 
723.04 109.0 40.470448 -3.426596 582.2 3 5 68.9 0.352 0 0 0 
724.03 109.5 40.470543 -3.426260 581.8 3 5 68.9 0.703 0 0 0 
725.06 110.5 40.470642 -3.425919 581.2 3 5 69.3 0.703 0 0 0 
726.05 110.9 40.470745 -3.425577 581.9 3 5 68.6 0.352 0 0 0 
727.06 110.7 40.470848 -3.425243 582.2 3 5 68.6 0.703 0 0 0 
728.15 111.6 40.470947 -3.424913 582.8 3 5 68.6 0 0 0 0 
728.99 111.6 40.470947 -3.424913 582.8 3 5 68.6 0 0 0 0 
730.04 112.9 40.471146 -3.424232 582.2 3 5 69.3 0.352 0 0 0 
731.03 112.5 40.471252 -3.423882 582.0 3 5 69.6 0.703 0 0 0 
732.03 114.9 40.471359 -3.423518 582.0 3 5 69.6 0.703 0 0 0 
733.02 114.9 40.471359 -3.423518 582.0 3 5 69.6 0.352 0 0 0 
734.03 114.9 40.471451 -3.423162 582.3 3 5 70.0 0.352 1 0 0 
735.04 113.8 40.471634 -3.422472 582.6 3 5 71.7 1.758 2 0 0 
736.00 113.8 40.471634 -3.422472 582.6 3 5 71.7 1.758 0 0 0 
737.09 109.9 40.471817 -3.421779 582.7 4 5 71.4 0.352 0 0 0 
738.01 109.9 40.471817 -3.421779 582.7 4 5 71.4 0.352 0 0 0 
739.01 109.7 40.471905 -3.421448 582.3 4 5 71.4 0.352 0 0 0 
740.02 110.3 40.472000 -3.421108 582.4 4 5 71.0 0.352 0 0 0 
741.01 111.3 40.472084 -3.420751 582.3 3 5 71.4 0.352 0 0 0 
742.07 111.2 40.472256 -3.420053 583.1 3 5 71.7 0.352 0 0 0 
742.99 111.2 40.472256 -3.420053 583.1 3 5 71.7 0.352 0 0 0 
744.01 111.0 40.472347 -3.419707 584.0 3 5 71.7 0.352 0 0 0 
745.14 110.7 40.472527 -3.419020 584.9 3 5 71.7 0.352 0 0 0 
746.00 110.7 40.472527 -3.419020 584.9 3 5 71.7 0.352 0 0 0 
746.98 110.8 40.472614 -3.418673 585.0 3 5 71.7 0.352 0 0 0 
748.01 110.5 40.472706 -3.418324 585.8 3 5 71.7 0 1 0 0 
749.11 109.6 40.472881 -3.417624 586.3 3 5 72.4 1.055 1 0 0 
750.07 112.7 40.472965 -3.417284 586.0 3 5 71.7 1.055 0 0 0 
751.17 114.6 40.473049 -3.416925 588.0 3 5 72.8 0.703 0 0 0 
752.05 114.0 40.473145 -3.416571 588.5 4 5 71.4 1.055 0 0 0 
753.08 113.9 40.473236 -3.416215 589.0 4 5 71.7 1.055 0 0 0 
754.04 113.9 40.473236 -3.416215 589.0 4 5 71.7 1.055 0 0 0 
754.98 114.1 40.473328 -3.415856 586.8 4 5 72.1 0.703 0 0 0 
756.07 111.0 40.473495 -3.415141 586.0 3 5 71.7 0.352 0 0 0 
757.01 111.0 40.473495 -3.415141 586.0 3 5 71.7 0.352 0 0 0 
758.05 108.6 40.473660 -3.414455 585.4 3 5 70.7 1.055 0 0 0 
759.03 108.6 40.473660 -3.414455 585.4 3 5 70.7 1.055 0 0 0 
760.01 108.8 40.473755 -3.414110 585.1 3 5 69.3 2.109 0 0 0 
761.06 106.2 40.473949 -3.413462 584.3 3 5 67.5 2.461 0 0 0 
762.09 105.6 40.474056 -3.413147 584.9 3 5 66.1 1.758 0 0 0 
763.07 105.4 40.474167 -3.412827 584.3 3 5 66.1 2.109 0 0 0 
763.98 105.4 40.474167 -3.412827 584.3 3 5 66.1 1.406 0 0 0 
765.04 104.4 40.474388 -3.412206 583.0 3 5 64.3 0.703 0 0 0 
766.02 104.4 40.474388 -3.412206 583.0 3 5 64.3 1.758 0 0 0 
767.05 105.1 40.474609 -3.411585 583.2 3 5 63.3 1.758 0 0 0 
768.01 105.1 40.474609 -3.411585 583.2 3 5 63.3 1.055 0 0 0 
769.07 104.4 40.474857 -3.410989 583.2 3 5 61.2 1.406 0 0 0 
769.98 104.4 40.474857 -3.410989 583.2 3 5 61.2 2.109 0 0 0 
771.02 104.9 40.474991 -3.410687 582.8 3 5 60.5 1.758 0 0 0 
771.99 105.0 40.475121 -3.410393 583.0 3 5 59.4 1.758 0 0 0 
773.01 104.7 40.475262 -3.410098 582.7 3 5 58.7 1.758 0 0 0 
774.07 103.0 40.475544 -3.409520 582.3 3 5 57.3 1.406 0 0 0 
775.03 102.1 40.475685 -3.409234 582.1 3 5 56.6 1.406 0 0 0 
776.05 102.1 40.475685 -3.409234 582.1 3 5 56.6 1.406 0 0 0 
777.01 101.4 40.475822 -3.408969 582.3 3 5 55.2 2.109 0 0 0 
778.07 101.3 40.476128 -3.408427 581.8 3 5 53.8 2.109 0 0 0 
778.98 101.3 40.476128 -3.408427 581.8 3 5 53.8 1.406 0 0 0 
780.04 101.4 40.476429 -3.407890 581.4 3 5 52.4 1.406 0 0 0 
781.06 101.4 40.476429 -3.407890 581.4 3 5 52.4 1.406 0 0 0 
782.04 101.7 40.476734 -3.407360 582.0 3 5 51.0 1.758 0 0 0 
783.09 101.4 40.476891 -3.407111 582.0 3 5 49.6 1.406 0 0 0 
784.00 101.4 40.476891 -3.407111 582.0 3 5 49.6 1.758 0 0 0 
785.05 100.7 40.477230 -3.406621 582.4 4 5 47.8 2.109 0 0 0 
786.07 100.8 40.477402 -3.406370 582.6 3 5 47.5 1.758 0 0 0 
787.00 100.8 40.477402 -3.406370 582.6 3 5 47.5 1.406 0 0 0 
788.01 100.3 40.477577 -3.406132 582.5 3 5 46.4 1.406 1 0 0 
789.06 100.9 40.477928 -3.405670 582.3 3 5 45.0 1.758 0 0 0 
790.04 100.1 40.478107 -3.405444 585.0 3 5 44.3 1.406 0 0 0 
791.13 100.4 40.478287 -3.405216 583.7 3 5 43.6 1.406 0 0 0 
792.07 100.4 40.478474 -3.404993 583.0 4 5 42.5 1.406 0 0 0 
793.04 101.9 40.478657 -3.404764 583.3 3 5 41.8 1.758 0 0 0 
793.98 101.9 40.478657 -3.404764 583.3 3 5 41.8 1.758 0 0 0 
795.06 102.4 40.479053 -3.404343 584.3 4 5 40.1 2.109 0 0 0 
796.01 102.4 40.479053 -3.404343 584.3 4 5 40.1 1.758 0 0 0 
797.07 102.4 40.479446 -3.403913 585.1 3 5 38.7 1.406 0 0 0 
798.00 102.4 40.479446 -3.403913 585.1 3 5 38.7 1.406 0 0 0 
799.03 102.9 40.479851 -3.403503 585.9 3 5 37.3 1.758 0 0 0 
800.04 103.8 40.480061 -3.403296 586.0 3 5 36.9 0.703 0 0 0 
800.98 103.8 40.480061 -3.403296 586.0 3 5 36.9 0.703 0 0 0 
802.00 102.7 40.480263 -3.403089 586.5 3 5 37.3 0.352 0 0 0 
803.03 103.6 40.480469 -3.402886 586.4 3 5 36.9 0.352 0 0 0 
804.06 104.0 40.480892 -3.402504 588.3 3 5 36.6 0.352 0 0 0 
805.02 104.0 40.480892 -3.402504 588.3 3 5 36.6 0.352 0 0 0 
805.98 104.5 40.481110 -3.402305 588.3 4 5 36.6 0.352 0 0 0 
806.99 104.7 40.481327 -3.402095 587.6 4 5 36.6 0 0 0 0 
808.01 104.1 40.481529 -3.401885 587.7 4 5 36.7 0.154 1 0 0 
809.03 102.4 40.481731 -3.401684 587.6 4 5 36.7 0.154 0 0 0 
810.11 101.3 40.482151 -3.401295 589.2 4 5 36.5 0.405 0 0 0 
811.02 101.3 40.482151 -3.401295 589.2 4 5 36.5 0.405 0 0 0 
812.13 98.9 40.482548 -3.400905 591.2 4 5 36.5 0 0 0 0 
813.01 98.9 40.482548 -3.400905 591.2 4 5 36.5 0 0 0 0 
814.10 98.2 40.482948 -3.400529 592.7 4 5 36.6 0 0 0 0 
815.11 98.3 40.483143 -3.400348 592.0 4 5 36.6 0.097 0 0 0 
816.06 98.9 40.483337 -3.400145 592.1 4 5 36.6 0.097 0 0 0 
817.09 98.7 40.483532 -3.399948 590.7 4 5 36.6 0 0 0 0 
817.98 98.7 40.483532 -3.399948 590.7 4 5 36.6 0 0 0 0 
819.04 99.1 40.483727 -3.399755 591.3 4 5 36.6 0 0 0 0 
820.03 97.0 40.484127 -3.399371 592.0 4 5 36.8 0.953 0 0 0 
821.05 97.0 40.484127 -3.399371 592.0 4 5 36.8 1.138 0 0 0 
822.02 95.4 40.484314 -3.399181 592.7 4 5 36.8 1.138 0 0 0 
822.99 95.7 40.484509 -3.398998 592.6 4 5 37.3 0.438 1 0 0 
824.01 96.2 40.484692 -3.398806 592.7 4 5 37.8 1.025 0 0 0 
825.06 94.4 40.485065 -3.398415 593.1 4 5 37.8 0.587 0 0 0 
826.13 92.5 40.485241 -3.398216 594.3 4 5 37.8 0 0 0 0 
827.03 92.5 40.485241 -3.398216 594.3 4 5 37.8 0 0 0 0 
827.98 92.4 40.485409 -3.398027 593.0 4 5 39.9 2.097 0 0 0 
828.98 93.1 40.485588 -3.397822 592.5 4 5 40.3 2.429 0 0 0 
829.99 93.4 40.485775 -3.397636 592.9 4 5 40.3 0.332 0 0 0 
830.98 94.5 40.485954 -3.397439 593.3 4 5 41.6 1.292 0 0 0 
831.99 95.8 40.486137 -3.397231 593.9 3 5 43.2 2.935 0 0 0 
833.01 96.7 40.486320 -3.397017 593.3 3 5 43.2 1.643 0 0 0 
834.05 97.9 40.486675 -3.396590 593.2 3 5 44.1 0 0 0 0 
835.01 97.9 40.486675 -3.396590 593.2 3 5 44.1 0.851 0 0 0 
836.07 98.7 40.487053 -3.396122 594.5 3 5 44.1 0.851 0 0 0 
837.18 99.3 40.487209 -3.395890 594.1 4 5 57.2 13.167 0 0 0 
837.99 99.3 40.487209 -3.395890 594.1 4 5 57.2 13.167 0 0 0 
839.01 99.4 40.487404 -3.395653 593.6 4 5 45.2 12.005 0 0 0 
840.19 99.4 40.487751 -3.395197 593.6 4 5 45.0 0.217 0 0 0 
841.04 99.4 40.487751 -3.395197 593.6 4 5 45.0 0.217 0 0 0 
841.98 99.9 40.487919 -3.394965 594.3 4 5 46.1 1.055 0 0 0 
843.08 99.7 40.488091 -3.394731 594.8 4 5 46.1 1.055 0 0 0 
844.01 99.3 40.488266 -3.394493 594.2 4 5 46.1 0 0 0 0 
844.99 98.8 40.488441 -3.394260 594.1 4 5 46.1 0 0 0 0 
846.06 99.6 40.488785 -3.393786 594.2 4 5 46.1 0.352 0 0 0 
847.00 99.6 40.488785 -3.393786 594.2 4 5 46.1 0.352 0 0 0 
848.01 99.7 40.488956 -3.393580 594.4 4 5 45.7 0.352 0 0 0 
849.11 99.5 40.489296 -3.393096 595.1 4 5 46.4 0.703 0 0 0 
850.05 99.4 40.489468 -3.392859 595.0 4 5 46.1 0.703 0 0 0 
850.99 99.4 40.489468 -3.392859 595.0 4 5 46.1 0.352 0 0 0 
852.02 97.9 40.489635 -3.392631 595.5 4 5 45.7 0.703 0 0 0 
852.99 98.9 40.489811 -3.392423 595.5 4 5 46.1 0.352 0 0 0 
854.05 98.2 40.490147 -3.391956 595.9 3 5 46.1 0.703 0 0 0 
855.02 98.2 40.490147 -3.391956 595.9 3 5 46.1 0.352 0 0 0 
856.01 97.6 40.490322 -3.391720 596.2 3 5 46.4 0.352 0 0 0 
857.00 97.6 40.490486 -3.391480 595.8 3 5 46.4 0.352 0 0 0 
858.05 97.7 40.490829 -3.391023 596.6 4 5 45.5 0.352 0 0 0 
859.00 97.7 40.490829 -3.391023 596.6 4 5 45.5 0.929 0 0 0 
860.02 97.2 40.491005 -3.390802 596.5 4 5 45.9 0.446 0 0 0 
861.00 97.3 40.491180 -3.390565 596.8 3 5 45.9 0.446 0 0 0 
862.01 97.5 40.491344 -3.390334 596.6 3 5 46.2 0.284 0 0 0 
863.01 97.8 40.491512 -3.390100 597.0 3 5 46.2 0.284 0 0 0 
864.01 96.8 40.491676 -3.389872 597.1 3 5 46.2 0 0 0 0 
865.00 97.8 40.491840 -3.389661 597.6 3 5 46.5 0.321 0 0 0 
865.98 97.2 40.492020 -3.389432 597.3 4 5 46.5 0.321 0 0 0 
867.18 97.9 40.492363 -3.388951 598.1 4 5 47.3 0.798 0 0 0 
868.05 98.6 40.492531 -3.388707 598.1 3 5 47.8 0.798 0 0 0 
869.02 98.6 40.492531 -3.388707 598.1 3 5 47.8 0.472 0 0 0 
869.99 98.6 40.492695 -3.388470 598.2 4 5 47.6 0.307 0 0 0 
871.08 98.6 40.492847 -3.388231 598.2 4 5 48.4 0.749 0 0 0 
872.03 99.0 40.493015 -3.387981 598.6 4 5 48.4 0.749 0 0 0 
873.02 99.0 40.493176 -3.387732 598.7 4 5 48.9 0.564 0 0 0 
874.01 99.6 40.493340 -3.387489 598.9 4 5 49.5 1.099 0 0 0 
874.99 98.2 40.493496 -3.387244 598.6 4 5 50.1 1.114 0 0 0 
876.02 98.5 40.493649 -3.386990 598.7 4 5 50.7 1.246 0 0 0 
877.00 96.9 40.493801 -3.386757 598.8 4 5 50.7 0.668 0 0 0 
878.11 98.4 40.494114 -3.386272 599.0 4 5 50.7 0 0 0 0 
879.08 99.5 40.494282 -3.386014 599.1 4 5 51.1 0 0 0 0 
880.04 99.4 40.494438 -3.385760 599.0 4 5 51.1 0.413 0 0 0 
881.00 99.4 40.494438 -3.385760 599.0 4 5 51.1 0.413 0 0 0 
882.07 99.2 40.494736 -3.385236 598.8 4 5 52.4 1.292 0 0 0 
883.01 99.2 40.494736 -3.385236 598.8 4 5 52.4 1.292 0 0 0 
884.06 100.5 40.495037 -3.384717 598.6 4 5 53.0 0.616 0 0 0 
885.00 100.5 40.495037 -3.384717 598.6 4 5 53.0 0.616 0 0 0 
886.04 100.9 40.495335 -3.384182 598.3 4 5 54.0 0.429 0 0 0 
886.98 100.9 40.495335 -3.384182 598.3 4 5 54.0 1.375 0 0 0 
887.98 102.9 40.495499 -3.383903 599.5 4 5 54.0 1.375 0 0 0 
889.02 104.0 40.495647 -3.383644 600.4 4 5 53.8 0.156 0 0 0 
890.06 103.3 40.495941 -3.383089 598.7 4 5 56.7 2.821 0 0 0 
890.98 103.3 40.495941 -3.383089 598.7 4 5 56.7 2.821 0 0 0 
892.04 102.7 40.496086 -3.382808 598.2 4 5 56.7 1.712 0 0 0 
893.04 102.6 40.496239 -3.382535 598.3 4 5 56.7 0 0 0 0 
894.10 102.6 40.496510 -3.381959 598.3 4 5 55.9 0.772 0 0 0 
894.98 102.6 40.496510 -3.381959 598.3 4 5 55.9 0.772 0 0 0 
896.08 102.0 40.496784 -3.381399 597.9 4 5 56.5 0.661 0 0 0 
897.03 102.0 40.496784 -3.381399 597.9 4 5 56.5 0.661 0 0 0 
897.98 103.1 40.496925 -3.381115 597.7 4 5 55.9 1.130 0 0 0 
899.12 104.1 40.497211 -3.380544 599.1 4 5 56.5 0.573 0 0 0 
900.01 104.1 40.497211 -3.380544 599.1 4 5 56.5 0.573 0 0 0 
901.05 105.6 40.497505 -3.379965 599.0 4 5 56.5 0 0 0 0 
902.03 105.6 40.497505 -3.379965 599.0 4 5 56.5 0 0 0 0 
903.02 104.9 40.497654 -3.379675 598.8 4 5 56.5 0 0 0 0 
903.99 104.1 40.497799 -3.379390 599.2 4 5 56.3 0.210 0 0 0 
904.99 103.0 40.497936 -3.379106 599.1 4 5 56.3 0.210 0 0 0 
905.99 103.9 40.498081 -3.378825 599.5 4 5 55.9 0.332 0 0 0 
907.09 104.0 40.498371 -3.378268 599.8 4 5 55.9 0 0 0 0 
908.11 104.4 40.498508 -3.377983 599.8 4 5 55.6 0.365 0 0 0 
909.06 103.8 40.498653 -3.377711 600.2 4 5 55.6 0.365 0 0 0 
910.02 103.8 40.498653 -3.377711 600.2 4 5 55.6 0.365 0 0 0 
911.05 104.4 40.498943 -3.377146 600.6 4 5 56.2 0.622 0 0 0 
912.01 104.4 40.498943 -3.377146 600.6 4 5 56.2 0.622 0 0 0 
912.99 105.4 40.499096 -3.376850 601.1 4 5 56.2 0 0 0 0 
914.00 105.1 40.499241 -3.376557 601.2 4 5 56.2 0 0 0 0 
914.99 104.9 40.499386 -3.376273 601.1 4 5 57.0 0.762 0 0 0 
915.99 105.4 40.499527 -3.375989 601.2 4 5 57.0 0.762 0 0 0 
917.02 104.8 40.499683 -3.375706 601.3 4 5 57.0 0 0 0 0 
918.01 104.9 40.499821 -3.375434 601.0 4 5 56.7 0.286 0 0 0 
919.09 105.4 40.500122 -3.374833 602.1 4 5 55.9 0.767 0 0 0 
920.00 105.4 40.500122 -3.374833 602.1 4 5 55.9 0.767 0 0 0 
920.99 105.6 40.500271 -3.374560 601.7 4 5 55.9 0.767 0 0 0 
921.99 106.2 40.500412 -3.374267 601.9 4 5 57.9 2.006 0 0 0 
923.07 105.9 40.500698 -3.373666 602.5 4 5 57.7 0.237 0 0 0 
924.06 105.8 40.500835 -3.373370 602.2 4 5 57.7 0.237 0 0 0 
925.03 106.3 40.500977 -3.373083 602.8 4 5 57.7 0.237 0 0 0 
926.00 106.3 40.500977 -3.373083 602.8 4 5 57.7 0 0 0 0 
927.05 106.0 40.501251 -3.372494 602.5 4 5 57.7 0.185 0 0 0 
928.10 105.8 40.501400 -3.372211 603.4 4 5 57.7 0.131 0 0 0 
929.01 105.8 40.501400 -3.372211 603.4 4 5 57.7 0.131 0 0 0 
930.01 103.9 40.501541 -3.371916 603.4 4 5 57.4 0.311 0 0 0 
931.04 103.0 40.501671 -3.371641 603.0 4 5 57.4 0.311 0 0 0 
932.03 97.9 40.501926 -3.371077 602.8 4 5 57.4 0 0 0 0 
933.04 95.9 40.502052 -3.370813 602.9 4 5 57.4 0 0 0 0 
934.01 95.9 40.502052 -3.370813 602.9 4 5 57.4 0 0 0 0 
935.03 94.2 40.502182 -3.370546 602.9 4 5 58.0 0.542 0 0 0 
936.00 92.4 40.502304 -3.370277 604.0 4 5 55.2 2.756 0 0 0 
937.12 92.5 40.502537 -3.369744 602.6 4 5 58.4 3.244 2 0 0 
937.99 92.5 40.502537 -3.369744 602.6 4 5 58.4 3.244 0 0 0 
939.01 93.0 40.502663 -3.369489 602.8 4 5 57.5 0.980 0 0 0 
940.04 93.8 40.502781 -3.369225 603.4 4 5 57.5 0.980 0 0 0 
941.01 94.5 40.502903 -3.368955 603.3 4 5 57.9 0.472 0 0 0 
942.00 93.9 40.503021 -3.368686 603.4 4 5 57.9 0.472 0 0 0 
943.02 92.8 40.503147 -3.368417 603.6 4 5 57.9 0 2 0 0 
943.98 92.3 40.503258 -3.368154 603.9 4 5 57.9 0 0 0 0 
944.98 90.3 40.503372 -3.367901 604.1 4 5 58.6 0.636 0 0 0 
946.08 91.2 40.503605 -3.367390 604.3 4 5 57.9 0.677 0 0 0 
947.09 90.9 40.503723 -3.367136 604.2 4 5 58.3 0.444 0 0 0 
948.17 89.4 40.503845 -3.366893 604.6 4 5 58.3 0.444 0 0 0 
949.00 89.4 40.503845 -3.366893 604.6 4 5 58.3 0.444 0 0 0 
950.04 84.8 40.504074 -3.366404 604.2 4 5 58.3 0.475 0 0 0 
950.98 84.8 40.504074 -3.366404 604.2 4 5 58.3 0.475 0 0 0 
952.04 69.0 40.504269 -3.365972 604.1 3 5 58.3 0.475 0 0 0 
952.99 69.0 40.504269 -3.365972 604.1 3 5 58.3 0 0 0 0 
954.02 65.1 40.504360 -3.365781 603.5 3 5 60.1 1.800 0 0 0 
955.03 63.8 40.504532 -3.365410 603.5 3 5 60.9 2.556 0 0 0 
956.01 63.8 40.504532 -3.365410 603.5 3 5 60.9 0.756 0 0 0 
957.06 60.6 40.504677 -3.365051 603.8 3 5 63.4 2.578 0 0 0 
958.03 60.6 40.504677 -3.365051 603.8 3 5 63.4 2.578 0 0 0 
958.99 60.7 40.504745 -3.364862 603.8 3 5 64.4 2.448 0 0 0 
960.02 62.5 40.504807 -3.364687 603.9 3 5 64.4 0.941 0 0 0 
961.04 67.7 40.504940 -3.364278 604.6 3 5 65.9 1.485 0 0 0 
962.03 67.7 40.504940 -3.364278 604.6 3 5 65.9 1.485 0 0 0 
963.00 70.1 40.505009 -3.364072 604.8 3 5 67.6 1.735 0 0 0 
964.00 72.2 40.505081 -3.363868 604.9 3 5 69.0 3.101 0 0 0 
965.03 72.5 40.505142 -3.363654 604.6 3 5 69.0 1.366 0 0 0 
966.01 73.4 40.505207 -3.363438 604.6 3 5 70.8 1.845 0 0 0 
967.00 72.5 40.505268 -3.363215 604.5 3 5 72.5 3.554 0 0 0 
968.00 70.7 40.505322 -3.362989 604.2 3 5 72.5 1.709 0 0 0 
969.00 70.4 40.505367 -3.362803 604.1 3 5 72.5 0 0 0 0 
969.99 69.3 40.505428 -3.362548 603.8 3 5 85.2 12.721 0 0 0 
970.99 68.2 40.505470 -3.362334 603.3 3 5 79.8 7.235 0 0 0 
972.00 67.2 40.505505 -3.362121 603.0 3 5 79.8 5.486 0 0 0 
973.00 66.5 40.505539 -3.361900 602.6 4 5 78.4 1.353 0 0 0 
973.99 66.4 40.505558 -3.361699 602.4 4 5 79.8 1.406 0 0 0 
975.11 64.3 40.505608 -3.361279 601.8 3 5 83.0 2.812 0 0 0 
976.00 64.3 40.505608 -3.361279 601.8 3 5 83.0 3.164 0 0 0 
976.98 63.5 40.505619 -3.361085 601.5 3 5 85.8 4.570 0 0 0 
978.02 64.7 40.505623 -3.360877 601.3 3 5 87.9 4.922 0 0 0 
979.04 63.7 40.505627 -3.360665 601.1 3 5 89.6 3.867 0 0 0 
980.00 57.5 40.505634 -3.360462 600.7 3 5 89.3 1.406 0 0 0 
980.98 53.5 40.505634 -3.360272 600.2 3 5 90.0 0.703 0 0 0 
981.99 48.6 40.505638 -3.360106 600.2 3 5 90.0 0 -9 -9 0 
982.99 44.5 40.505646 -3.359972 599.8 3 5 89.3 0 -9 -9 0 
983.99 42.8 40.505646 -3.359825 599.6 3 5 89.6 0 -9 -9 0 
985.00 37.5 40.505646 -3.359698 599.4 3 5 89.3 0 -9 -9 0 
986.00 37.3 40.505646 -3.359575 599.3 3 5 89.3 0 -9 -9 0 
987.00 37.3 40.505646 -3.359452 599.2 3 5 89.6 0 -9 -9 0 
988.00 35.0 40.505642 -3.359322 599.3 3 5 89.6 0 -9 -9 0 
989.00 35.4 40.505638 -3.359214 599.6 3 5 89.6 0 -9 -9 0 
990.00 32.4 40.505642 -3.359105 599.2 3 5 89.3 0 -9 -9 0 
991.00 31.8 40.505642 -3.358986 599.4 4 5 89.6 0 -9 -9 0 
992.01 34.8 40.505638 -3.358876 599.5 3 5 89.6 0 -9 -9 0 
993.01 37.2 40.505638 -3.358749 599.7 3 5 89.6 0 -9 -9 0 
994.00 41.4 40.505638 -3.358613 599.8 3 5 90.0 0 -9 -9 0 
995.00 42.5 40.505642 -3.358478 600.0 3 5 91.4 0 -9 -9 0 
996.00 46.5 40.505638 -3.358334 600.8 3 5 92.5 0 -9 -9 0 
997.04 52.7 40.505634 -3.358168 600.6 3 5 93.2 1.758 0 0 0 
998.01 55.0 40.505623 -3.358001 600.9 3 5 95.3 2.812 0 0 0 
998.98 57.3 40.505611 -3.357831 601.2 3 5 97.0 3.867 0 0 0 
1000.02 59.4 40.505592 -3.357639 601.5 3 5 98.4 3.164 0 0 0 
1001.02 60.9 40.505569 -3.357437 601.8 3 5 98.8 1.758 0 0 0 
1001.99 62.1 40.505550 -3.357243 601.9 3 5 97.7 1.055 0 0 0 
1002.99 64.9 40.505531 -3.357049 602.4 3 5 97.4 1.406 0 0 0 
1004.05 65.4 40.505505 -3.356824 602.7 3 5 96.7 1.055 0 0 0 
1004.98 63.1 40.505486 -3.356608 602.8 3 5 96.3 1.055 0 0 0 
1006.00 64.2 40.505478 -3.356385 602.6 3 5 96.7 0.352 0 0 0 
1007.00 66.5 40.505455 -3.356169 602.8 3 5 96.7 0.352 0 0 0 
