41.70 -1 40.505898 -3.361455 1.08 1.50
53.58 1 40.505230 -3.364593 0.43 1.50
94.44 -1 40.500164 -3.375244 0.90 1.50
264.64 -1 40.472176 -3.421042 0.80 1.50
286.55 1 40.470169 -3.428062 1.06 1.50
394.24 1 40.467075 -3.461890 1.00 1.50
414.39 1 40.467239 -3.467531 1.03 1.50
479.75 -1 40.466694 -3.484444 1.15 1.50
533.92 -1 40.464832 -3.481811 0.48 1.50
546.80 -1 40.465469 -3.479306 1.24 1.50
556.90 -1 40.466064 -3.476604 1.03 1.50
583.01 -1 40.467041 -3.467764 0.69 1.50
592.75 1 40.467010 -3.464502 1.09 1.50
605.51 1 40.466774 -3.459885 0.70 1.50
619.75 -1 40.466599 -3.455517 0.83 1.50
645.08 -1 40.467041 -3.447461 0.72 1.50
728.76 1 40.472816 -3.418080 0.77 1.50
748.81 1 40.474796 -3.411258 0.58 1.50
756.48 -1 40.475941 -3.408806 0.87 1.50
781.52 1 40.481007 -3.402501 1.47 1.50
841.25 -1 40.493729 -3.386991 0.84 1.50
853.03 1 40.495991 -3.383151 1.19 1.50
896.43 1 40.502808 -3.369475 1.10 1.50
904.39 1 40.503899 -3.367122 1.20 1.50
930.24 1 40.505665 -3.359268 0.96 1.50
933.77 1 40.505615 -3.358449 1.17 1.50
