25.08 90.0 1 motorway_link 2 1 40.505798 -3.356529 2.130 72.4 
27.69 120.0 1 motorway 4 1 40.505848 -3.357232 1.745 80.9 
28.79 120.0 1 motorway 4 1 40.505886 -3.357765 0.851 84.2 
30.86 120.0 1 motorway 4 1 40.505905 -3.358050 1.912 87.0 
32.68 120.0 1 motorway 3 1 40.505947 -3.358624 1.741 90.7 
34.24 120.0 1 motorway 3 1 40.505978 -3.359208 1.299 89.1 
36.69 120.0 1 motorway 3 1 40.505989 -3.359499 1.745 85.9 
37.90 120.0 1 motorway 3 1 40.505997 -3.360076 0.960 84.0 
38.72 120.0 1 motorway 3 1 40.505970 -3.360651 0.780 84.0 
39.79 120.0 1 motorway 3 1 40.505951 -3.360924 0.847 82.5 
40.88 120.0 1 motorway 3 1 40.505928 -3.361189 0.935 82.9 
41.90 120.0 1 motorway 3 2 40.505898 -3.361455 0.956 83.4 
43.85 120.0 1 motorway 3 2 40.505859 -3.361729 1.904 82.7 
44.97 120.0 1 motorway 3 2 40.505783 -3.362255 1.031 81.7 
46.61 120.0 1 motorway 3 2 40.505684 -3.362758 0.666 82.0 
47.75 120.0 1 motorway 3 2 40.505630 -3.363008 0.811 82.8 
49.89 120.0 1 motorway 3 2 40.505569 -3.363267 1.945 84.2 
51.01 120.0 1 motorway 3 2 40.505440 -3.363786 1.072 87.4 
52.76 120.0 1 motorway 3 2 40.505306 -3.364311 0.819 89.6 
53.47 120.0 1 motorway 3 2 40.505230 -3.364593 0.528 90.5 
54.93 120.0 1 motorway 3 1 40.505146 -3.364862 0.993 89.0 
56.03 120.0 1 motorway 3 1 40.505062 -3.365135 1.089 87.0 
57.93 120.0 1 motorway 3 1 40.504871 -3.365645 0.990 83.6 
58.79 120.0 1 motorway 3 1 40.504761 -3.365885 0.852 83.6 
59.53 120.0 1 motorway 3 1 40.504654 -3.366116 0.589 83.3 
60.68 120.0 1 motorway 3 1 40.504547 -3.366352 0.736 82.3 
61.88 120.0 1 motorway 3 1 40.504436 -3.366575 0.937 81.2 
62.79 120.0 1 motorway 3 1 40.504322 -3.366800 0.844 80.7 
63.54 120.0 1 motorway 3 1 40.504211 -3.367024 0.590 80.5 
64.91 120.0 1 motorway 3 1 40.504108 -3.367249 0.956 84.8 
66.59 120.0 1 motorway 3 1 40.503994 -3.367478 1.647 86.4 
67.60 120.0 1 motorway 3 1 40.503754 -3.367960 0.658 86.9 
68.97 120.0 1 motorway 3 1 40.503635 -3.368204 1.028 91.2 
70.94 120.0 1 motorway 3 1 40.503391 -3.368719 1.000 94.4 
73.29 120.0 1 motorway 3 1 40.503128 -3.369253 1.346 100.2 
74.47 120.0 1 motorway 3 1 40.502857 -3.369811 0.528 100.5 
75.49 120.0 1 motorway 3 1 40.502857 -3.369811 0.544 99.5 
76.91 120.0 1 motorway 3 1 40.502586 -3.370360 0.965 101.6 
77.54 120.0 1 motorway 3 1 40.502453 -3.370642 0.596 101.6 
78.56 120.0 1 motorway 3 1 40.502312 -3.370924 0.614 102.6 
79.79 120.0 1 motorway 3 1 40.502174 -3.371205 0.845 102.3 
81.17 120.0 1 motorway 3 1 40.502033 -3.371488 1.228 100.5 
83.78 120.0 1 motorway 3 1 40.501766 -3.372035 1.838 99.3 
84.81 120.0 1 motorway 3 1 40.501499 -3.372583 0.865 99.4 
86.88 120.0 1 motorway 3 1 40.501362 -3.372854 1.934 100.4 
87.92 120.0 1 motorway 3 1 40.501091 -3.373410 0.973 99.9 
88.72 120.0 1 motorway 3 1 40.500954 -3.373682 0.779 99.9 
89.62 120.0 1 motorway 3 1 40.500820 -3.373952 0.679 98.4 
90.54 120.0 1 motorway 3 1 40.500690 -3.374217 0.599 97.0 
91.46 120.0 1 motorway 3 1 40.500561 -3.374480 0.510 95.8 
92.62 120.0 1 motorway 3 1 40.500427 -3.374740 0.679 94.6 
93.64 120.0 1 motorway 3 1 40.500298 -3.374993 0.691 94.0 
94.75 120.0 1 motorway 3 2 40.500164 -3.375244 0.805 92.5 
95.76 120.0 1 motorway 3 2 40.500027 -3.375493 0.816 93.7 
96.61 120.0 1 motorway 3 2 40.499889 -3.375748 0.669 96.6 
97.65 120.0 1 motorway 3 2 40.499756 -3.376017 0.708 99.1 
98.73 120.0 1 motorway 3 2 40.499611 -3.376295 0.789 103.2 
100.18 120.0 1 motorway 3 2 40.499462 -3.376578 1.242 108.1 
101.80 120.0 1 motorway 3 2 40.499161 -3.377158 0.858 107.6 
102.72 120.0 1 motorway 3 2 40.499008 -3.377455 0.781 109.7 
104.29 120.0 1 motorway 3 2 40.498859 -3.377763 1.349 109.4 
106.03 120.0 1 motorway 3 2 40.498550 -3.378357 1.083 111.1 
107.54 120.0 1 motorway 3 2 40.498249 -3.378967 0.596 111.6 
108.83 120.0 1 motorway 3 2 40.498096 -3.379268 0.886 110.2 
110.03 120.0 1 motorway 3 2 40.497944 -3.379567 1.084 107.6 
111.95 120.0 1 motorway 3 2 40.497646 -3.380155 1.013 106.1 
114.10 120.0 1 motorway 3 2 40.497353 -3.380729 1.161 108.3 
115.90 120.0 1 motorway 3 2 40.497055 -3.381320 0.958 107.7 
118.19 120.0 1 motorway 3 2 40.496902 -3.381613 2.244 104.8 
119.85 120.0 1 motorway 3 2 40.496456 -3.382482 0.904 106.2 
120.85 120.0 1 motorway 3 2 40.496307 -3.382761 0.907 105.7 
121.77 120.0 1 motorway 3 2 40.496159 -3.383043 0.827 105.0 
125.63 120.0 1 motorway 3 2 40.496006 -3.383325 3.683 104.9 
127.45 120.0 1 motorway 3 2 40.495384 -3.384438 1.502 104.4 
129.25 120.0 1 motorway 3 2 40.495094 -3.384995 1.305 105.2 
131.00 120.0 1 motorway 3 2 40.494766 -3.385544 1.055 106.9 
133.96 120.0 1 motorway 3 2 40.494434 -3.386100 2.006 103.6 
136.74 120.0 1 motorway 3 2 40.493938 -3.386880 1.795 102.3 
138.27 120.0 1 motorway 3 2 40.493774 -3.387134 1.326 101.7 
140.61 120.0 1 motorway 3 2 40.493290 -3.387896 1.664 99.1 
142.08 120.0 1 motorway 3 2 40.492962 -3.388384 1.133 99.0 
143.81 120.0 1 motorway 3 2 40.492630 -3.388868 0.866 97.5 
145.22 120.0 1 motorway 3 2 40.492462 -3.389114 1.278 100.8 
146.65 120.0 1 motorway 3 2 40.492111 -3.389606 0.711 103.0 
147.99 120.0 1 motorway 3 2 40.491932 -3.389844 1.044 106.8 
149.76 120.0 1 motorway 3 2 40.491558 -3.390357 0.817 108.3 
150.46 120.0 1 motorway 3 2 40.491371 -3.390618 0.510 108.6 
151.67 120.0 1 motorway 3 2 40.491177 -3.390879 0.731 109.0 
152.70 120.0 1 motorway 3 2 40.490986 -3.391130 0.745 108.5 
154.21 120.0 1 motorway 3 2 40.490788 -3.391393 1.271 108.7 
155.89 120.0 1 motorway 3 2 40.490417 -3.391905 0.950 107.0 
157.12 120.0 1 motorway 3 2 40.490231 -3.392157 1.174 105.8 
158.96 120.0 1 motorway 3 2 40.489857 -3.392664 1.018 103.6 
161.42 120.0 1 motorway 3 2 40.489685 -3.392904 1.476 104.4 
163.46 120.0 1 motorway 3 2 40.489136 -3.393652 1.517 107.9 
164.88 120.0 1 motorway 3 2 40.488766 -3.394150 0.938 108.9 
165.94 120.0 1 motorway 3 2 40.488571 -3.394415 0.998 109.3 
167.14 120.0 1 motorway 3 2 40.488396 -3.394677 1.191 109.7 
169.29 120.0 1 motorway 3 2 40.488010 -3.395187 1.343 107.4 
171.74 120.0 1 motorway 3 2 40.487640 -3.395684 1.800 109.2 
174.01 120.0 1 motorway 3 2 40.487247 -3.396186 2.064 108.8 
177.24 120.0 1 motorway 3 2 40.486641 -3.396938 2.296 106.9 
179.43 120.0 1 motorway 3 2 40.486050 -3.397643 1.486 106.6 
181.16 120.0 1 motorway 3 2 40.485653 -3.398088 1.219 104.1 
183.44 120.0 1 motorway 3 2 40.485256 -3.398516 1.494 103.4 
185.27 120.0 1 motorway 3 2 40.484844 -3.398926 1.325 105.0 
187.41 120.0 1 motorway 3 2 40.484425 -3.399330 1.470 104.8 
188.84 120.0 1 motorway 3 2 40.484005 -3.399743 0.895 104.8 
191.01 120.0 1 motorway 3 2 40.483795 -3.399938 2.059 106.2 
193.01 120.0 1 motorway 3 2 40.483150 -3.400560 1.064 107.5 
195.20 120.0 1 motorway 3 2 40.482933 -3.400774 1.261 107.6 
196.64 120.0 1 motorway 3 2 40.482292 -3.401413 0.690 107.0 
198.07 120.0 1 motorway 3 2 40.482075 -3.401621 1.129 107.5 
200.11 120.0 1 motorway 3 2 40.481640 -3.402037 1.165 110.5 
202.03 120.0 1 motorway 3 2 40.481194 -3.402460 1.085 109.4 
204.69 120.0 1 motorway 3 2 40.480759 -3.402889 1.738 108.8 
206.67 120.0 1 motorway 3 2 40.480328 -3.403323 1.729 107.8 
207.99 120.0 1 motorway 3 2 40.479889 -3.403756 1.052 109.2 
210.25 120.0 1 motorway 3 2 40.479462 -3.404206 1.298 111.2 
211.97 120.0 1 motorway 3 2 40.479046 -3.404675 1.018 111.9 
213.94 120.0 1 motorway 3 2 40.478615 -3.405168 0.992 114.8 
215.98 120.0 1 motorway 3 2 40.478191 -3.405679 1.039 115.6 
218.69 120.0 1 motorway 3 2 40.477779 -3.406195 1.749 114.8 
220.00 120.0 1 motorway 3 2 40.477375 -3.406750 1.060 114.1 
222.12 120.0 1 motorway 3 2 40.476997 -3.407320 1.176 114.1 
223.91 120.0 1 motorway 3 2 40.476631 -3.407892 0.970 112.9 
225.20 120.0 1 motorway 3 2 40.476460 -3.408182 1.246 112.5 
227.59 120.0 1 motorway 3 2 40.476120 -3.408770 1.651 111.5 
228.88 120.0 1 motorway 3 2 40.475803 -3.409365 0.939 111.2 
229.91 120.0 1 motorway 3 2 40.475658 -3.409665 0.964 111.6 
232.17 120.0 1 motorway 3 2 40.475510 -3.409976 2.218 109.3 
234.05 120.0 1 motorway 3 2 40.475082 -3.410915 1.110 108.3 
236.01 120.0 1 motorway 3 2 40.474842 -3.411520 1.066 107.9 
238.01 120.0 1 motorway 3 2 40.474716 -3.411835 1.060 108.0 
240.79 120.0 1 motorway 3 2 40.474377 -3.412800 1.852 108.8 
242.74 120.0 1 motorway 3 2 40.474152 -3.413452 1.794 109.2 
244.24 120.0 1 motorway 3 2 40.473942 -3.414124 1.300 109.0 
246.39 120.0 1 motorway 3 2 40.473755 -3.414782 1.452 108.3 
247.81 120.0 1 motorway 3 2 40.473591 -3.415453 0.864 107.6 
248.85 120.0 1 motorway 3 2 40.473503 -3.415782 0.912 106.8 
249.98 120.0 1 motorway 3 2 40.473423 -3.416107 1.036 105.7 
251.72 120.0 1 motorway 3 2 40.473270 -3.416761 0.777 104.9 
253.18 120.0 1 motorway 3 2 40.473186 -3.417084 1.235 103.2 
254.96 120.0 1 motorway 3 2 40.473019 -3.417724 1.010 103.4 
256.66 120.0 1 motorway 3 2 40.472935 -3.418053 0.718 101.7 
257.76 120.0 1 motorway 3 2 40.472778 -3.418689 0.816 102.6 
259.48 120.0 1 motorway 3 2 40.472778 -3.418689 1.534 107.1 
260.85 120.0 1 motorway 3 2 40.472534 -3.419683 0.906 108.0 
261.78 120.0 1 motorway 3 2 40.472454 -3.420025 0.840 109.3 
263.42 120.0 1 motorway 3 2 40.472454 -3.420025 1.474 111.5 
265.24 120.0 1 motorway 3 3 40.472176 -3.421043 1.294 109.9 
266.58 120.0 1 motorway 3 3 40.471989 -3.421710 0.642 109.0 
267.69 120.0 1 motorway 3 3 40.471893 -3.422044 0.749 108.0 
268.62 120.0 1 motorway 3 3 40.471790 -3.422376 0.680 108.9 
269.95 120.0 1 motorway 3 3 40.471703 -3.422713 1.008 106.3 
272.02 120.0 1 motorway 3 3 40.471535 -3.423369 1.076 104.7 
273.76 120.0 1 motorway 3 3 40.471348 -3.424007 0.817 102.6 
274.71 120.0 1 motorway 3 3 40.471252 -3.424328 0.765 100.9 
276.20 120.0 1 motorway 3 3 40.471161 -3.424629 1.259 98.0 
278.27 120.0 1 motorway 3 3 40.470985 -3.425230 1.325 98.9 
279.99 120.0 1 motorway 3 3 40.470798 -3.425851 1.049 101.8 
281.83 120.0 1 motorway 3 3 40.470615 -3.426476 0.885 103.2 
283.66 120.0 1 motorway 3 3 40.470520 -3.426795 1.715 103.8 
284.93 120.0 1 motorway 3 3 40.470345 -3.427421 0.985 104.9 
285.82 120.0 1 motorway 3 3 40.470253 -3.427750 0.875 104.9 
287.05 120.0 1 motorway 3 2 40.470169 -3.428062 1.100 107.1 
289.88 120.0 1 motorway 3 2 40.470093 -3.428383 1.934 107.4 
290.95 120.0 1 motorway 3 2 40.469929 -3.429066 1.006 105.6 
292.78 120.0 1 motorway 3 2 40.469685 -3.430059 0.837 106.2 
293.70 120.0 1 motorway 3 2 40.469608 -3.430385 0.761 105.3 
294.97 120.0 1 motorway 3 2 40.469540 -3.430716 1.016 107.4 
297.04 120.0 1 motorway 3 2 40.469410 -3.431415 1.089 109.7 
299.34 120.0 1 motorway 3 2 40.469296 -3.432127 1.389 112.1 
300.87 120.0 1 motorway 3 2 40.469177 -3.432853 0.927 114.2 
301.90 120.0 1 motorway 3 2 40.469128 -3.433216 0.948 112.7 
302.97 120.0 1 motorway 3 2 40.469067 -3.433580 1.023 111.1 
304.89 120.0 1 motorway 3 2 40.468960 -3.434298 0.940 110.8 
305.99 120.0 1 motorway 3 2 40.468914 -3.434659 1.049 107.9 
307.94 120.0 1 motorway 3 2 40.468800 -3.435351 1.002 105.9 
310.51 120.0 1 motorway 3 2 40.468678 -3.436025 1.555 105.7 
312.34 120.0 1 motorway 3 2 40.468620 -3.436356 1.399 106.3 
315.33 120.0 1 motorway 3 2 40.468449 -3.437371 2.375 103.4 
317.46 120.0 1 motorway 3 2 40.468334 -3.438022 1.517 103.6 
319.10 120.0 1 motorway 3 2 40.468163 -3.439007 1.158 105.0 
321.06 120.0 1 motorway 3 2 40.468037 -3.439681 1.108 104.7 
323.32 120.0 1 motorway 3 2 40.467926 -3.440351 1.375 102.8 
325.90 120.0 1 motorway 3 2 40.467823 -3.441012 1.959 98.7 
327.94 120.0 1 motorway 3 2 40.467731 -3.441648 1.994 95.4 
329.24 120.0 1 motorway 3 2 40.467655 -3.442261 1.294 94.8 
331.11 120.0 1 motorway 3 2 40.467587 -3.442883 1.168 92.9 
335.63 120.0 1 motorway 3 2 40.467541 -3.443497 3.683 99.8 
336.81 120.0 1 motorway 3 2 40.467434 -3.444777 0.870 99.2 
338.97 120.0 1 motorway 3 2 40.467400 -3.445093 2.024 94.6 
341.62 120.0 1 motorway 3 2 40.467312 -3.446017 1.677 88.2 
345.01 120.0 1 motorway 3 2 40.467262 -3.446581 3.070 76.4 
348.04 120.0 1 motorway 3 2 40.467194 -3.447607 2.100 72.8 
361.40 120.0 1 motorway 3 2 40.467133 -3.448324 12.457 91.9 
370.51 120.0 1 motorway 3 2 40.466885 -3.451879 8.570 96.7 
408.42 120.0 1 motorway 3 1 40.466805 -3.454614 37.481 87.1 
410.24 120.0 1 motorway 3 1 40.467232 -3.466108 1.295 87.2 
412.33 120.0 1 motorway 3 1 40.467236 -3.466676 1.380 87.2 
413.97 120.0 1 motorway 3 1 40.467239 -3.467248 1.017 88.7 
416.09 120.0 1 motorway 3 1 40.467239 -3.467824 1.149 90.9 
419.00 120.0 1 motorway 3 1 40.467232 -3.468400 2.055 90.4 
421.41 120.0 1 motorway 3 1 40.467205 -3.469296 1.465 87.9 
423.66 120.0 1 motorway 3 1 40.467182 -3.469854 1.707 85.8 
425.82 120.0 1 motorway 3 1 40.467148 -3.470406 1.875 85.1 
427.94 120.0 1 motorway 3 1 40.467113 -3.470957 1.990 88.5 
429.18 120.0 1 motorway 3 1 40.467064 -3.471546 1.233 90.1 
431.24 120.0 1 motorway 3 1 40.467003 -3.472135 1.301 89.8 
433.89 120.0 1 motorway 3 1 40.466942 -3.472713 1.952 87.1 
435.73 120.0 1 motorway 3 1 40.466869 -3.473288 1.790 87.8 
438.12 -1.0 0 track 1 1 40.466801 -3.473851 2.173 88.8 
440.37 120.0 1 motorway 3 1 40.466671 -3.474710 1.431 88.3 
442.34 120.0 1 motorway 3 1 40.466572 -3.475279 1.389 91.0 
444.15 120.0 1 motorway 3 1 40.466469 -3.475860 1.208 94.1 
446.70 80.0 1 primary_link 1 1 40.466358 -3.476465 1.757 92.8 
448.26 80.0 1 primary_link 1 1 40.466240 -3.477064 1.317 89.4 
450.38 80.0 1 primary_link 1 1 40.466129 -3.477613 1.433 86.5 
451.93 80.0 1 primary_link 1 1 40.466030 -3.478183 0.983 83.6 
453.43 80.0 1 primary_link 1 1 40.465981 -3.478433 1.489 82.6 
454.79 80.0 1 primary_link 1 1 40.465904 -3.478942 0.843 80.8 
455.93 80.0 1 primary_link 1 1 40.465858 -3.479193 0.984 78.5 
456.98 80.0 1 primary_link 1 1 40.465813 -3.479449 1.033 77.2 
459.18 70.0 1 primary_link 1 1 40.465767 -3.479937 1.238 74.2 
461.79 70.0 1 primary_link 1 1 40.465771 -3.480387 1.851 70.9 
463.99 70.0 1 primary_link 1 1 40.465805 -3.480621 2.053 70.7 
466.23 70.0 1 primary_link 1 1 40.466015 -3.481477 1.288 71.5 
468.32 70.0 1 primary_link 1 1 40.466167 -3.481886 1.379 69.7 
470.35 70.0 1 primary_link 1 1 40.466309 -3.482311 1.393 66.2 
472.80 70.0 1 primary_link 1 1 40.466434 -3.482689 1.853 66.1 
475.01 70.0 1 primary_link 1 1 40.466572 -3.483076 2.065 70.3 
477.20 70.0 1 primary_link 1 1 40.466705 -3.483761 1.261 69.8 
479.92 70.0 1 primary_link 1 1 40.466717 -3.484212 1.974 69.4 
481.93 70.0 1 primary_link 1 1 40.466667 -3.484664 1.985 69.1 
484.06 70.0 1 primary_link 1 1 40.466560 -3.485095 2.120 68.8 
487.25 70.0 1 primary_link 1 1 40.466270 -3.485662 2.302 64.1 
489.09 90.0 3 motorway_link 1 1 40.465961 -3.486138 1.142 64.5 
491.07 90.0 3 motorway_link 1 1 40.465862 -3.486309 1.131 61.5 
499.00 90.0 3 motorway_link 1 1 40.465565 -3.486777 7.054 64.6 
503.16 50.0 1 primary 1 1 40.464600 -3.487892 3.214 58.9 
505.81 50.0 1 primary 1 1 40.464027 -3.487804 1.862 55.1 
508.26 50.0 1 primary 1 1 40.463909 -3.487698 2.314 57.1 
510.81 50.0 1 primary 1 1 40.463654 -3.487289 1.864 58.9 
512.17 50.0 1 primary 1 1 40.463589 -3.486742 1.224 59.1 
514.21 50.0 1 primary 1 1 40.463619 -3.486557 1.265 61.5 
516.67 90.0 1 motorway_link 1 1 40.463799 -3.485999 1.724 68.9 
528.18 90.0 1 motorway_link 1 1 40.463936 -3.485569 11.234 69.0 
530.69 90.0 1 motorway_link 1 1 40.464569 -3.482985 1.751 63.8 
532.24 90.0 1 motorway_link 1 1 40.464703 -3.482378 1.297 61.0 
534.24 90.0 1 motorway_link 1 1 40.464798 -3.482000 1.293 59.9 
536.39 90.0 1 motorway_link 1 1 40.464867 -3.481627 1.455 57.8 
538.24 90.0 1 motorway_link 1 1 40.464909 -3.481445 1.302 62.4 
540.24 90.0 1 motorway_link 1 1 40.465054 -3.480857 1.293 68.8 
542.57 90.0 1 motorway_link 1 1 40.465172 -3.480417 1.631 73.4 
544.17 90.0 1 motorway_link 1 1 40.465298 -3.479967 1.233 71.9 
547.56 90.0 1 motorway_link 1 1 40.465412 -3.479526 2.619 70.2 
549.50 90.0 1 motorway_link 1 1 40.465576 -3.478863 1.564 75.9 
551.33 90.0 1 motorway_link 1 1 40.465702 -3.478385 1.384 75.9 
553.28 90.0 1 motorway_link 1 1 40.465801 -3.477889 1.338 79.6 
555.23 90.0 1 motorway_link 1 1 40.465912 -3.477374 1.282 78.4 
557.15 90.0 1 motorway_link 1 1 40.466003 -3.476875 1.211 85.7 
559.02 120.0 1 motorway 4 1 40.466129 -3.476332 1.085 93.5 
561.61 120.0 1 motorway 4 1 40.466244 -3.475743 1.675 100.9 
563.90 120.0 1 motorway 4 1 40.466351 -3.475099 1.925 107.7 
565.26 120.0 1 motorway 4 1 40.466469 -3.474414 1.322 113.7 
566.60 120.0 1 motorway 4 1 40.466583 -3.473695 0.651 112.9 
568.24 120.0 1 motorway 4 1 40.466648 -3.473337 1.307 116.1 
569.81 120.0 1 motorway 4 1 40.466747 -3.472574 0.874 116.6 
571.01 120.0 1 motorway 4 1 40.466782 -3.472209 1.070 113.2 
573.26 120.0 1 motorway 4 1 40.466858 -3.471464 1.317 109.0 
575.05 120.0 1 motorway 4 1 40.466911 -3.470757 1.113 105.8 
577.04 120.0 1 motorway 4 1 40.466957 -3.470063 1.106 103.1 
579.30 120.0 1 motorway 3 1 40.466991 -3.469384 1.347 99.8 
581.44 120.0 1 motorway 3 1 40.467022 -3.468724 1.506 97.1 
586.42 120.0 1 motorway 3 2 40.467033 -3.468084 4.482 108.0 
592.74 120.0 1 motorway 3 2 40.467079 -3.466375 5.805 119.8 
594.33 120.0 1 motorway 3 1 40.466991 -3.464108 1.391 118.0 
597.43 120.0 1 motorway 3 1 40.466949 -3.463339 2.488 112.3 
599.37 120.0 1 motorway 3 1 40.466900 -3.462242 1.428 108.8 
601.41 120.0 1 motorway 3 1 40.466854 -3.461537 1.472 105.9 
603.26 120.0 1 motorway 3 1 40.466820 -3.460851 1.320 102.9 
607.46 120.0 1 motorway 3 1 40.466797 -3.460206 3.517 98.0 
610.12 120.0 1 motorway 3 1 40.466713 -3.458932 2.180 96.2 
612.89 120.0 1 motorway 3 1 40.466671 -3.457984 1.943 94.9 
614.72 120.0 1 motorway 3 1 40.466644 -3.457360 1.786 95.7 
624.26 120.0 1 motorway 3 2 40.466625 -3.456722 9.324 93.0 
629.06 120.0 1 motorway 3 2 40.466629 -3.453710 4.118 96.6 
633.67 120.0 1 motorway 3 2 40.466686 -3.452143 3.723 94.3 
635.12 120.0 1 motorway 3 2 40.466747 -3.450901 1.176 94.5 
637.37 120.0 1 motorway 3 2 40.466782 -3.450298 1.429 91.3 
639.01 120.0 1 motorway 3 2 40.466835 -3.449689 1.075 93.9 
641.69 120.0 1 motorway 3 2 40.466896 -3.449064 1.750 95.0 
643.22 120.0 1 motorway 3 2 40.466949 -3.448442 1.272 100.5 
645.65 120.0 1 motorway 3 3 40.467007 -3.447788 1.714 99.6 
647.19 120.0 1 motorway 3 3 40.467041 -3.447460 1.249 104.7 
649.64 120.0 1 motorway 3 3 40.467144 -3.446467 1.706 107.5 
651.59 120.0 1 motorway 3 3 40.467194 -3.445763 1.652 110.2 
653.06 120.0 1 motorway 3 3 40.467258 -3.445054 1.114 108.0 
655.49 120.0 1 motorway 3 3 40.467319 -3.444335 1.555 108.1 
657.23 120.0 1 motorway 3 3 40.467373 -3.443624 1.287 112.6 
659.68 120.0 1 motorway 3 3 40.467430 -3.442882 1.741 113.6 
661.95 120.0 1 motorway 3 3 40.467510 -3.442135 2.007 108.3 
665.18 120.0 1 motorway 3 3 40.467663 -3.441093 2.243 111.0 
668.45 120.0 1 motorway 3 3 40.467831 -3.440036 2.515 117.0 
671.25 120.0 1 motorway 3 3 40.468029 -3.438937 2.309 118.7 
676.37 120.0 1 motorway 3 3 40.468227 -3.437782 4.425 108.9 
681.19 120.0 1 motorway 3 3 40.468548 -3.436002 4.235 109.1 
682.96 120.0 1 motorway 3 3 40.468822 -3.434269 1.022 107.9 
685.11 120.0 1 motorway 3 3 40.468933 -3.433584 1.165 105.9 
686.61 120.0 1 motorway 3 3 40.469040 -3.432904 0.669 106.3 
688.97 120.0 1 motorway 3 3 40.469093 -3.432565 2.027 111.8 
691.13 120.0 1 motorway 3 2 40.469265 -3.431503 1.187 113.0 
692.65 120.0 1 motorway 3 2 40.469410 -3.430781 0.713 113.3 
694.33 120.0 1 motorway 3 2 40.469479 -3.430424 1.391 113.9 
696.15 120.0 1 motorway 3 2 40.469635 -3.429705 1.216 111.8 
697.99 120.0 1 motorway 3 2 40.469807 -3.429000 1.046 109.5 
700.15 120.0 1 motorway 3 2 40.469986 -3.428327 1.215 109.4 
702.07 120.0 1 motorway 3 2 40.470161 -3.427655 1.134 108.3 
704.22 120.0 1 motorway 3 2 40.470348 -3.426999 1.285 109.8 
706.11 120.0 1 motorway 3 2 40.470547 -3.426338 1.169 112.5 
708.42 120.0 1 motorway 3 2 40.470760 -3.425655 1.484 114.6 
710.68 120.0 1 motorway 3 2 40.470982 -3.424968 1.745 111.1 
712.62 120.0 1 motorway 3 2 40.471085 -3.424625 1.687 111.1 
714.56 120.0 1 motorway 3 2 40.471367 -3.423609 1.620 115.0 
717.46 120.0 1 motorway 3 2 40.471558 -3.422909 2.519 119.8 
719.52 120.0 1 motorway 3 2 40.471764 -3.422184 1.582 121.1 
721.13 120.0 1 motorway 3 2 40.472065 -3.421051 1.190 123.7 
724.09 120.0 1 motorway 3 2 40.472260 -3.420282 2.152 118.6 
726.60 120.0 1 motorway 3 2 40.472542 -3.419176 1.662 118.0 
728.29 120.0 1 motorway 3 2 40.472733 -3.418443 1.349 116.8 
730.29 120.0 1 motorway 3 1 40.472904 -3.417711 1.347 113.6 
733.07 120.0 1 motorway 3 1 40.472973 -3.417361 2.133 110.1 
736.17 120.0 1 motorway 3 1 40.473240 -3.416345 2.234 112.0 
738.74 120.0 1 motorway 3 1 40.473583 -3.414945 1.802 112.0 
741.01 120.0 1 motorway 3 1 40.473671 -3.414602 2.069 112.8 
744.47 120.0 1 motorway 3 1 40.474087 -3.413226 2.530 111.7 
747.03 120.0 1 motorway 3 1 40.474426 -3.412232 2.082 109.8 
748.98 120.0 1 motorway 3 1 40.474796 -3.411257 1.032 109.4 
752.00 120.0 1 motorway 3 1 40.475052 -3.410621 2.062 108.3 
761.16 120.0 1 motorway 3 2 40.475468 -3.409705 8.219 110.2 
763.92 120.0 1 motorway 3 2 40.476997 -3.407099 1.985 113.3 
765.26 120.0 1 motorway 3 2 40.477367 -3.406545 1.309 111.2 
767.00 120.0 1 motorway 3 2 40.477745 -3.406012 1.065 107.0 
769.97 120.0 1 motorway 3 2 40.478134 -3.405511 2.034 109.1 
771.72 120.0 1 motorway 3 2 40.478722 -3.404788 0.780 109.2 
772.84 120.0 1 motorway 3 2 40.478928 -3.404551 0.900 108.7 
774.17 120.0 1 motorway 3 2 40.479149 -3.404329 1.228 114.9 
776.20 120.0 2 motorway 3 2 40.479588 -3.403870 1.252 116.2 
778.11 120.0 1 motorway 3 2 40.480057 -3.403413 1.173 118.0 
780.43 120.0 2 motorway 3 2 40.480530 -3.402951 1.491 119.3 
782.20 120.0 1 motorway 3 1 40.481007 -3.402501 1.264 120.6 
784.02 120.0 1 motorway 3 1 40.481491 -3.402009 1.085 121.2 
786.09 120.0 2 motorway 3 1 40.481987 -3.401515 1.156 118.7 
788.31 120.0 1 motorway 3 1 40.482449 -3.401069 1.368 116.1 
789.84 120.0 2 motorway 3 1 40.482906 -3.400623 0.895 115.6 
791.16 120.0 1 motorway 3 1 40.483139 -3.400396 1.227 113.3 
793.94 120.0 2 motorway 3 1 40.483589 -3.399960 2.001 113.5 
796.71 120.0 1 motorway 3 1 40.484283 -3.399291 1.767 113.8 
798.92 120.0 2 motorway 3 1 40.484737 -3.398844 1.982 116.0 
800.18 120.0 1 motorway 3 1 40.485199 -3.398374 1.233 117.5 
802.18 120.0 1 motorway 3 1 40.485661 -3.397882 1.243 119.2 
803.95 120.0 1 motorway 3 1 40.486118 -3.397377 1.012 118.5 
806.22 120.0 1 motorway 3 1 40.486557 -3.396854 1.279 118.8 
808.02 120.0 1 motorway 3 1 40.486996 -3.396321 1.078 120.3 
809.80 120.0 1 motorway 3 1 40.487423 -3.395794 0.865 121.2 
810.93 120.0 1 motorway 3 1 40.487629 -3.395520 0.986 121.0 
812.05 120.0 1 motorway 3 1 40.487839 -3.395234 1.114 121.4 
814.72 120.0 1 motorway 3 1 40.488255 -3.394671 1.779 121.0 
816.45 120.0 1 motorway 3 1 40.488667 -3.394103 1.516 123.4 
818.96 120.0 2 motorway 3 1 40.489109 -3.393457 2.024 117.5 
821.92 120.0 1 motorway 3 1 40.489708 -3.392622 1.982 113.9 
823.32 120.0 2 motorway 3 1 40.490097 -3.392113 1.373 115.2 
825.06 120.0 1 motorway 3 1 40.490498 -3.391587 1.120 115.5 
827.00 120.0 2 motorway 3 1 40.490894 -3.391042 1.064 115.1 
829.92 120.0 1 motorway 3 1 40.491299 -3.390499 1.985 115.2 
831.81 120.0 2 motorway 3 1 40.491703 -3.389959 1.875 112.1 
833.06 120.0 1 motorway 3 1 40.492081 -3.389427 1.125 109.6 
835.20 120.0 2 motorway 3 1 40.492455 -3.388898 1.250 108.5 
836.53 120.0 1 motorway 3 1 40.492821 -3.388367 0.587 108.6 
838.31 120.0 2 motorway 3 1 40.493000 -3.388090 1.368 109.5 
840.14 120.0 1 motorway 3 1 40.493179 -3.387817 1.202 110.7 
842.30 120.0 2 motorway 3 2 40.493729 -3.386991 1.359 115.9 
844.63 120.0 1 motorway 3 2 40.494106 -3.386421 1.696 120.0 
847.69 120.0 1 motorway 3 2 40.494488 -3.385801 2.748 123.5 
856.71 120.0 1 motorway 3 1 40.495071 -3.384816 8.772 121.1 
858.13 120.0 1 motorway 3 1 40.496662 -3.381792 1.197 118.3 
860.55 120.0 1 motorway 3 1 40.496994 -3.381147 1.610 119.0 
862.02 120.0 1 motorway 3 1 40.497326 -3.380502 1.083 120.6 
863.95 120.0 1 motorway 3 1 40.497665 -3.379843 1.008 121.1 
871.06 120.0 1 motorway 3 1 40.497993 -3.379191 6.126 115.9 
872.98 120.0 1 motorway 3 1 40.499153 -3.376907 1.038 113.3 
874.88 120.0 2 motorway 3 1 40.499477 -3.376306 0.942 114.2 
876.34 120.0 1 motorway 3 1 40.499638 -3.375985 1.402 112.8 
877.76 120.0 2 motorway 3 1 40.499950 -3.375378 0.819 112.4 
879.66 120.0 1 motorway 3 1 40.500099 -3.375080 1.712 111.6 
880.73 120.0 1 motorway 3 1 40.500397 -3.374463 0.787 111.8 
881.82 120.0 2 motorway 3 1 40.500557 -3.374164 0.880 111.2 
882.99 120.0 1 motorway 3 1 40.500557 -3.374164 1.054 113.1 
884.65 120.0 1 motorway 3 1 40.500996 -3.373249 0.717 113.6 
885.82 120.0 1 motorway 3 1 40.501152 -3.372916 0.886 113.9 
887.06 120.0 1 motorway 3 1 40.501293 -3.372604 1.118 114.1 
889.06 120.0 1 motorway 3 1 40.501598 -3.371953 1.116 113.5 
891.41 120.0 2 motorway 3 1 40.501915 -3.371317 1.472 112.2 
893.46 120.0 1 motorway 3 1 40.502197 -3.370709 1.524 110.4 
895.53 120.0 1 motorway 4 2 40.502487 -3.370081 1.595 108.9 
897.59 120.0 2 motorway 4 1 40.502808 -3.369474 1.650 106.7 
900.12 120.0 1 motorway 4 1 40.503078 -3.368882 2.182 104.6 
903.60 90.0 3 secondary 2 1 40.503475 -3.368013 2.665 107.9 
905.36 90.0 2 secondary 2 1 40.503899 -3.367121 1.422 108.2 
908.07 120.0 1 motorway 4 2 40.504173 -3.366495 2.128 106.8 
910.25 120.0 1 motorway 4 2 40.504574 -3.365576 1.317 103.8 
912.64 120.0 1 motorway 4 2 40.504803 -3.364994 1.700 100.4 
914.26 120.0 1 motorway 4 2 40.505009 -3.364392 1.321 96.9 
917.46 120.0 1 motorway 4 2 40.505192 -3.363794 2.524 98.5 
919.38 120.0 1 motorway 4 2 40.505413 -3.362865 1.438 96.7 
921.35 120.0 1 motorway 3 2 40.505531 -3.362253 1.405 95.0 
922.87 120.0 1 motorway 3 2 40.505623 -3.361648 0.929 93.2 
926.14 120.0 1 motorway 3 2 40.505653 -3.361349 3.207 91.0 
928.08 90.0 3 motorway_link 1 2 40.505661 -3.360140 1.146 88.9 
930.24 90.0 1 motorway_link 2 1 40.505661 -3.359555 1.303 87.6 
932.48 90.0 1 motorway_link 2 1 40.505665 -3.359268 1.541 84.2 
934.24 90.0 1 motorway_link 2 1 40.505615 -3.358449 1.300 81.5 
936.55 90.0 1 motorway_link 2 1 40.505569 -3.357909 1.612 78.6 
938.62 90.0 1 motorway_link 2 1 40.505516 -3.357408 1.684 76.0 
940.05 90.0 1 motorway_link 2 1 40.505463 -3.356901 1.117 73.7 
942.05 90.0 1 motorway_link 2 1 40.505424 -3.356424 1.110 68.9 
944.35 90.0 1 motorway_link 2 1 40.505405 -3.356186 1.417 61.5 
946.40 90.0 1 motorway_link 2 1 40.505363 -3.355752 1.457 58.7 
948.58 70.0 1 motorway_link 2 1 40.505310 -3.355170 1.638 56.3 
950.30 70.0 1 motorway_link 2 1 40.505272 -3.354804 1.360 53.1 
952.48 70.0 1 motorway_link 2 1 40.505211 -3.354466 1.543 51.2 
954.49 70.0 1 motorway_link 2 1 40.505173 -3.354303 1.552 43.3 
