22.38 -1.00 -1.00 0 61.7 
22.61 -1.00 -1.00 0 61.7 
22.90 -1.00 -1.00 1 61.7 
23.24 -1.00 -1.00 2 64.0 
23.45 -1.00 -1.00 2 64.0 
23.67 -1.00 -1.00 2 64.0 
23.95 -1.00 -1.00 2 64.0 
24.21 -1.00 -1.00 2 67.5 
24.41 -1.00 -1.00 2 67.5 
24.68 -1.00 -1.00 2 67.5 
24.88 -1.00 -1.00 2 67.5 
25.15 -1.00 -1.00 2 72.4 
25.39 -1.00 -1.00 2 72.4 
25.64 33.36 1.66 2 72.4 
25.84 33.26 1.65 2 72.4 
26.12 33.17 1.65 2 72.4 
26.34 33.09 1.55 2 76.8 
26.60 -1.00 -1.00 1 76.8 
26.75 -1.00 -1.00 1 76.8 
27.06 -1.00 -1.00 1 76.8 
27.26 -1.00 -1.00 1 80.9 
27.41 -1.00 -1.00 1 80.9 
27.60 -1.00 -1.00 1 80.9 
27.81 -1.00 -1.00 1 80.9 
28.05 -1.00 -1.00 1 80.9 
28.31 -1.00 -1.00 1 84.2 
28.49 -1.00 -1.00 1 84.2 
28.70 -1.00 -1.00 1 84.2 
28.92 -1.00 -1.00 1 84.2 
29.13 -1.00 -1.00 1 87.9 
29.35 -1.00 -1.00 1 87.9 
29.51 -1.00 -1.00 1 87.9 
29.75 -1.00 -1.00 1 87.9 
30.00 -1.00 -1.00 1 87.9 
30.23 -1.00 -1.00 1 87.0 
30.37 -1.00 -1.00 1 87.0 
30.58 -1.00 -1.00 1 87.0 
30.75 -1.00 -1.00 1 87.0 
31.00 -1.00 -1.00 1 87.0 
31.23 -1.00 -1.00 1 88.7 
31.38 -1.00 -1.00 1 88.7 
31.62 -1.00 -1.00 1 88.7 
31.79 -1.00 -1.00 1 88.7 
32.08 -1.00 -1.00 1 88.7 
32.32 -1.00 -1.00 1 90.7 
32.52 -1.00 -1.00 1 90.7 
32.76 -1.00 -1.00 2 90.7 
32.98 -1.00 -1.00 2 90.7 
33.24 -1.00 -1.00 2 89.6 
33.47 -1.00 -1.00 2 89.6 
33.70 -1.00 -1.00 2 89.6 
33.93 -1.00 -1.00 1 89.6 
34.18 -1.00 -1.00 1 89.1 
34.38 -1.00 -1.00 1 89.1 
34.57 -1.00 -1.00 1 89.1 
34.76 -1.00 -1.00 1 89.1 
35.00 -1.00 -1.00 1 89.1 
35.19 -1.00 -1.00 1 86.6 
35.39 -1.00 -1.00 1 86.6 
35.56 -1.00 -1.00 1 86.6 
35.75 -1.00 -1.00 1 86.6 
35.93 -1.00 -1.00 1 86.6 
36.14 -1.00 -1.00 1 85.9 
36.38 97.98 4.10 2 85.9 
36.58 97.69 4.09 2 85.9 
36.81 97.25 4.07 2 85.9 
37.09 96.26 4.03 2 85.9 
37.29 95.64 4.03 2 85.4 
37.47 99.26 4.19 2 85.4 
37.73 98.28 4.15 2 85.4 
37.97 97.22 4.10 2 85.4 
38.24 94.76 4.06 2 84.0 
38.41 92.78 3.98 2 84.0 
38.66 89.99 3.86 2 84.0 
38.86 85.81 3.68 2 84.0 
39.13 85.25 3.72 2 82.5 
39.30 82.63 3.61 2 82.5 
39.48 84.09 3.67 2 82.5 
39.70 82.37 3.60 1 82.5 
39.97 86.72 3.79 1 82.5 
40.22 86.01 3.73 1 82.9 
40.43 83.03 3.61 1 82.9 
40.63 82.65 3.59 1 82.9 
40.89 80.89 3.51 2 82.9 
41.14 -1.00 -1.00 2 82.9 
41.38 -1.00 -1.00 2 82.9 
41.59 -1.00 -1.00 2 82.9 
41.84 -1.00 -1.00 2 82.9 
42.09 91.11 3.93 2 83.4 
42.34 88.71 3.83 2 83.4 
42.58 92.85 4.01 2 83.4 
42.78 89.27 3.85 2 83.4 
43.02 90.42 3.90 2 83.4 
43.27 86.85 3.78 2 82.7 
43.47 84.62 3.68 2 82.7 
43.68 80.48 3.50 2 82.7 
43.93 78.80 3.43 2 82.7 
44.15 75.07 3.29 2 82.2 
44.37 73.95 3.24 1 82.2 
44.57 70.68 3.10 1 82.2 
44.81 67.74 2.97 1 82.2 
45.09 71.93 3.15 1 82.2 
45.35 69.99 3.08 1 81.7 
45.57 71.29 3.14 1 81.7 
45.91 69.43 3.06 1 81.7 
46.13 67.78 2.98 1 82.0 
46.34 66.30 2.91 1 82.0 
46.59 68.19 2.99 1 82.0 
46.79 66.70 2.93 1 82.0 
47.08 66.74 2.93 1 82.0 
47.32 68.57 2.98 1 82.8 
47.50 68.44 2.97 1 82.8 
47.71 66.03 2.87 1 82.8 
47.95 63.05 2.74 1 82.8 
48.16 60.34 2.60 1 83.4 
48.33 57.93 2.50 1 83.4 
48.56 55.83 2.41 1 83.4 
48.75 62.32 2.69 1 83.4 
49.01 64.83 2.80 1 83.4 
49.25 64.03 2.74 1 84.2 
49.46 62.27 2.66 1 84.2 
49.68 61.73 2.64 1 84.2 
49.90 62.65 2.68 1 84.2 
50.12 67.78 2.86 1 85.3 
50.35 67.96 2.87 1 85.3 
50.60 65.89 2.78 1 85.3 
50.77 64.98 2.74 1 85.3 
51.01 65.51 2.77 1 85.3 
51.24 64.67 2.66 1 87.4 
51.46 63.93 2.63 1 87.4 
51.64 63.28 2.61 1 87.4 
51.90 62.72 2.58 1 87.4 
52.15 63.61 2.55 1 89.6 
52.36 64.39 2.59 1 89.6 
52.53 66.86 2.69 1 89.6 
52.77 68.96 2.77 1 89.6 
53.00 70.80 2.84 1 89.6 
53.17 74.74 2.97 1 90.5 
53.38 75.89 3.02 1 90.5 
53.56 76.88 3.06 1 90.5 
53.76 94.03 3.74 2 90.5 
54.04 -1.00 -1.00 2 90.5 
54.22 -1.00 -1.00 2 90.7 
54.40 -1.00 -1.00 2 90.7 
54.63 -1.00 -1.00 2 90.7 
54.80 -1.00 -1.00 2 90.7 
55.03 -1.00 -1.00 2 90.7 
55.24 -1.00 -1.00 2 89.0 
55.38 122.31 4.95 2 89.0 
55.56 122.84 4.97 2 89.0 
55.71 123.29 4.99 2 89.0 
55.93 123.61 5.00 2 89.0 
56.12 123.87 5.13 2 87.0 
56.29 124.06 5.14 2 87.0 
56.45 -1.00 -1.00 1 87.0 
56.62 -1.00 -1.00 1 87.0 
56.79 -1.00 -1.00 1 87.0 
57.06 -1.00 -1.00 1 87.0 
57.23 -1.00 -1.00 1 85.6 
57.40 -1.00 -1.00 1 85.6 
57.59 -1.00 -1.00 1 85.6 
57.77 -1.00 -1.00 1 85.6 
58.03 -1.00 -1.00 1 85.6 
58.20 -1.00 -1.00 1 83.6 
58.37 -1.00 -1.00 1 83.6 
58.55 -1.00 -1.00 1 83.6 
58.74 -1.00 -1.00 1 83.6 
58.94 -1.00 -1.00 1 83.6 
59.10 -1.00 -1.00 1 83.3 
59.33 -1.00 -1.00 1 83.3 
59.49 -1.00 -1.00 1 83.3 
59.71 -1.00 -1.00 1 83.3 
59.90 -1.00 -1.00 1 83.3 
60.11 -1.00 -1.00 1 82.3 
60.33 -1.00 -1.00 1 82.3 
60.49 -1.00 -1.00 1 82.3 
60.68 45.86 2.01 2 82.3 
60.89 47.95 2.10 2 82.3 
61.13 48.39 2.14 2 81.2 
61.29 -1.00 -1.00 2 81.2 
61.52 49.11 2.18 2 81.2 
61.71 -1.00 -1.00 2 81.2 
61.86 -1.00 -1.00 2 81.2 
62.10 -1.00 -1.00 2 81.2 
62.31 51.48 2.30 2 80.7 
62.51 -1.00 -1.00 2 80.7 
62.70 -1.00 -1.00 2 80.7 
62.92 -1.00 -1.00 2 80.7 
63.19 -1.00 -1.00 2 80.5 
63.40 54.40 2.43 3 80.5 
63.63 53.94 2.41 3 80.5 
63.81 -1.00 -1.00 3 80.5 
64.10 54.32 2.43 3 80.5 
64.30 54.45 2.38 3 82.2 
64.46 54.56 2.39 3 82.2 
64.64 54.65 2.39 3 82.2 
64.96 -1.00 -1.00 2 82.2 
65.19 -1.00 -1.00 2 84.8 
65.37 -1.00 -1.00 2 84.8 
65.57 -1.00 -1.00 2 84.8 
65.80 -1.00 -1.00 2 84.8 
66.07 -1.00 -1.00 2 84.8 
66.32 -1.00 -1.00 2 86.4 
66.51 38.83 1.62 2 86.4 
66.75 -1.00 -1.00 2 86.4 
67.08 39.64 1.65 2 86.4 
67.27 39.97 1.66 2 86.9 
67.50 40.25 1.67 2 86.9 
67.69 40.49 1.68 2 86.9 
67.98 40.70 1.69 2 86.9 
68.13 40.87 1.69 2 86.9 
68.41 42.10 1.74 2 86.9 
68.61 42.08 1.74 2 86.9 
68.85 42.06 1.74 2 86.9 
69.08 42.02 1.66 2 91.2 
69.30 41.99 1.66 2 91.2 
69.55 41.97 1.66 2 91.2 
69.72 41.95 1.66 2 91.2 
70.02 41.49 1.64 2 91.2 
70.22 41.08 1.58 2 93.4 
70.45 41.17 1.59 2 93.4 
70.63 41.25 1.59 2 93.4 
70.83 41.32 1.59 2 93.4 
71.08 40.92 1.58 2 93.4 
71.33 41.03 1.56 2 94.4 
71.54 -1.00 -1.00 2 94.4 
71.74 -1.00 -1.00 2 94.4 
71.96 -1.00 -1.00 2 94.4 
72.18 -1.00 -1.00 2 97.1 
72.34 41.36 1.53 2 97.1 
72.55 41.39 1.53 2 97.1 
72.74 41.42 1.54 2 97.1 
72.97 41.97 1.56 2 97.1 
73.18 41.91 1.51 2 100.2 
73.43 41.86 1.50 2 100.2 
73.61 41.81 1.50 2 100.2 
73.86 41.77 1.50 2 100.2 
74.11 41.73 1.50 2 100.2 
74.31 41.70 1.49 2 100.5 
74.56 41.20 1.48 2 100.5 
74.78 41.24 1.48 2 100.5 
74.94 41.27 1.48 2 100.5 
75.16 41.29 1.48 2 100.5 
75.38 41.32 1.49 2 99.5 
75.55 41.33 1.49 2 99.5 
75.74 41.34 1.50 2 99.5 
76.02 -1.00 -1.00 1 99.5 
76.23 -1.00 -1.00 1 100.4 
76.40 -1.00 -1.00 1 100.4 
76.61 -1.00 -1.00 1 100.4 
76.77 -1.00 -1.00 1 100.4 
77.01 -1.00 -1.00 1 100.4 
77.18 -1.00 -1.00 1 101.6 
77.40 -1.00 -1.00 1 101.6 
77.63 -1.00 -1.00 1 101.6 
77.86 -1.00 -1.00 1 101.6 
78.08 34.45 1.22 1 101.6 
78.29 -1.00 -1.00 1 102.6 
78.46 -1.00 -1.00 1 102.6 
78.71 -1.00 -1.00 1 102.6 
78.91 -1.00 -1.00 1 102.6 
79.11 -1.00 -1.00 1 102.3 
79.30 -1.00 -1.00 1 102.3 
79.49 -1.00 -1.00 1 102.3 
79.69 -1.00 -1.00 1 102.3 
79.97 38.18 1.34 1 102.3 
80.15 -1.00 -1.00 1 101.6 
80.31 -1.00 -1.00 1 101.6 
80.48 -1.00 -1.00 1 101.6 
80.69 -1.00 -1.00 1 101.6 
80.92 -1.00 -1.00 1 101.6 
81.10 -1.00 -1.00 1 100.5 
81.34 -1.00 -1.00 1 100.5 
81.57 -1.00 -1.00 1 100.5 
81.73 -1.00 -1.00 1 100.5 
81.94 -1.00 -1.00 1 100.5 
82.20 -1.00 -1.00 1 99.6 
82.38 -1.00 -1.00 1 99.6 
82.58 43.87 1.59 1 99.6 
82.73 -1.00 -1.00 1 99.6 
82.93 44.09 1.59 1 99.6 
83.09 -1.00 -1.00 1 99.3 
83.29 -1.00 -1.00 1 99.3 
83.50 -1.00 -1.00 1 99.3 
83.72 -1.00 -1.00 1 99.3 
83.91 -1.00 -1.00 1 99.3 
84.11 -1.00 -1.00 1 99.4 
84.31 -1.00 -1.00 1 99.4 
84.48 -1.00 -1.00 1 99.4 
84.65 -1.00 -1.00 1 99.4 
84.88 -1.00 -1.00 1 99.4 
85.06 -1.00 -1.00 1 99.4 
85.25 -1.00 -1.00 1 99.4 
85.46 -1.00 -1.00 1 99.4 
85.64 -1.00 -1.00 1 99.4 
85.90 -1.00 -1.00 1 99.4 
86.10 -1.00 -1.00 1 99.7 
86.31 36.03 1.30 2 99.7 
86.51 36.06 1.30 2 99.7 
86.75 36.64 1.32 2 99.7 
87.01 36.41 1.31 2 99.7 
87.19 36.57 1.31 2 100.4 
87.40 36.79 1.32 2 100.4 
87.63 36.20 1.30 3 100.4 
87.85 36.95 1.33 2 100.4 
88.14 35.21 1.26 2 100.4 
88.36 34.68 1.25 2 99.9 
88.54 33.81 1.22 3 99.9 
88.80 33.84 1.22 3 99.9 
89.12 32.63 1.18 3 99.9 
89.36 32.85 1.20 3 98.4 
89.53 31.95 1.17 3 98.4 
89.78 31.40 1.15 3 98.4 
90.06 30.92 1.13 3 98.4 
90.23 29.91 1.11 3 97.0 
90.45 29.43 1.09 3 97.0 
90.63 28.46 1.06 3 97.0 
90.92 27.59 1.02 4 97.0 
91.19 27.08 1.02 3 95.8 
91.38 26.64 1.00 4 95.8 
91.61 25.16 0.95 4 95.8 
91.80 23.92 0.90 4 95.8 
92.31 23.43 0.89 4 94.6 
92.54 22.72 0.86 4 94.6 
92.74 21.87 0.83 4 94.6 
93.01 21.18 0.81 4 94.6 
93.30 20.24 0.77 4 94.0 
93.55 19.35 0.74 5 94.0 
93.80 17.23 0.66 4 94.0 
94.09 16.74 0.64 4 94.0 
94.34 17.49 0.68 4 92.5 
94.58 16.93 0.66 4 92.5 
94.79 -1.00 -1.00 3 92.5 
95.06 10.67 0.42 3 92.5 
95.30 11.24 0.43 2 93.7 
95.51 12.18 0.47 2 93.7 
95.75 12.79 0.49 2 93.7 
96.00 13.54 0.52 2 93.7 
96.23 14.33 0.53 2 96.6 
96.40 14.93 0.56 2 96.6 
96.65 15.41 0.57 2 96.6 
96.83 15.89 0.59 2 96.6 
97.09 16.39 0.61 2 96.6 
97.38 17.18 0.62 1 99.1 
97.56 17.65 0.64 1 99.1 
97.78 18.04 0.66 1 99.1 
98.02 18.63 0.68 1 99.1 
98.19 18.82 0.66 1 103.2 
98.40 19.11 0.67 1 103.2 
98.56 19.49 0.68 1 103.2 
98.78 19.79 0.69 1 103.2 
98.99 20.54 0.72 1 103.2 
99.22 20.96 0.72 1 104.7 
99.44 21.47 0.74 1 104.7 
99.65 22.08 0.76 1 104.7 
99.91 22.38 0.77 1 104.7 
100.07 22.46 0.75 1 108.1 
100.30 22.68 0.76 1 108.1 
100.45 23.26 0.77 1 108.1 
100.67 23.95 0.80 1 108.1 
100.81 24.30 0.81 1 108.1 
101.08 25.03 0.83 1 108.1 
101.26 24.98 0.84 1 107.6 
101.43 25.35 0.85 1 107.6 
101.64 25.65 0.86 2 107.6 
101.86 25.68 0.86 2 107.6 
102.11 25.52 0.84 2 109.7 
102.35 25.36 0.83 2 109.7 
102.56 26.16 0.86 2 109.7 
102.78 26.54 0.87 2 109.7 
103.04 26.87 0.88 2 109.7 
103.23 26.31 0.86 2 109.6 
103.42 26.20 0.86 2 109.6 
103.66 26.80 0.88 2 109.6 
103.92 27.36 0.90 2 109.6 
104.18 27.52 0.91 2 109.4 
104.40 27.43 0.90 2 109.4 
104.59 27.34 0.90 2 109.4 
104.93 27.04 0.89 2 109.4 
105.15 27.00 0.88 2 110.7 
105.40 26.77 0.87 2 110.7 
105.57 26.77 0.87 2 110.7 
105.76 26.75 0.87 2 110.7 
106.07 26.33 0.86 2 110.7 
106.29 26.17 0.85 2 111.1 
106.53 26.27 0.85 2 111.1 
106.70 26.34 0.85 2 111.1 
107.02 26.64 0.86 2 111.1 
107.21 25.88 0.83 2 111.6 
107.40 25.80 0.83 2 111.6 
107.66 25.51 0.82 2 111.6 
107.85 25.49 0.82 2 111.6 
108.08 25.46 0.82 2 111.6 
108.28 25.44 0.83 2 110.2 
108.46 25.20 0.82 2 110.2 
108.74 25.22 0.82 2 110.2 
108.98 25.45 0.83 2 110.2 
109.18 25.42 0.84 2 109.1 
109.39 25.62 0.85 2 109.1 
109.63 26.03 0.86 2 109.1 
109.80 26.37 0.87 2 109.1 
110.09 26.18 0.86 2 109.1 
110.29 26.24 0.88 2 107.6 
110.53 26.06 0.87 2 107.6 
110.76 26.65 0.89 2 107.6 
111.01 26.65 0.89 2 107.6 
111.23 26.61 0.90 2 106.8 
111.42 26.38 0.89 2 106.8 
111.63 26.39 0.89 2 106.8 
111.81 26.40 0.89 2 106.8 
112.12 26.18 0.88 2 106.8 
112.36 26.02 0.88 2 106.1 
112.59 25.65 0.87 2 106.1 
112.89 26.04 0.88 2 106.1 
113.23 26.36 0.89 2 107.2 
113.49 26.61 0.89 2 107.2 
113.72 26.58 0.89 2 107.2 
113.95 26.34 0.88 2 107.2 
114.21 26.36 0.88 2 108.3 
114.45 26.36 0.88 2 108.3 
114.65 26.62 0.88 2 108.3 
114.96 26.82 0.89 2 108.3 
115.18 26.53 0.88 2 108.9 
115.38 27.02 0.89 2 108.9 
115.62 26.32 0.87 2 108.9 
115.91 26.32 0.87 3 108.9 
116.10 26.57 0.89 3 107.7 
116.33 26.32 0.88 3 107.7 
116.58 26.32 0.88 3 107.7 
116.77 26.31 0.88 3 107.7 
117.06 25.89 0.87 3 107.7 
117.24 25.97 0.87 3 107.6 
117.45 26.28 0.88 3 107.6 
117.67 26.06 0.87 3 107.6 
117.92 25.68 0.86 3 107.6 
118.12 26.03 0.89 3 104.8 
118.35 25.67 0.88 3 104.8 
118.56 25.34 0.87 3 104.8 
118.89 25.08 0.86 3 104.8 
119.11 24.85 0.84 3 106.2 
119.26 24.66 0.84 3 106.2 
119.51 24.72 0.84 3 106.2 
119.71 24.56 0.83 3 106.2 
119.92 24.43 0.83 3 106.2 
120.15 24.54 0.84 3 105.7 
120.36 24.85 0.85 2 105.7 
120.54 24.67 0.84 2 105.7 
120.75 24.34 0.83 2 105.7 
121.05 24.69 0.84 2 105.7 
121.22 24.35 0.83 2 105.0 
121.44 24.07 0.83 2 105.0 
121.61 24.25 0.83 2 105.0 
121.80 24.00 0.82 2 105.0 
122.10 23.98 0.82 2 105.0 
122.26 22.99 0.79 2 104.4 
122.49 22.97 0.79 2 104.4 
122.66 22.77 0.79 2 104.4 
122.90 22.26 0.77 2 104.4 
123.14 22.58 0.77 2 105.4 
123.32 22.84 0.78 2 105.4 
123.50 22.84 0.78 2 105.4 
123.69 23.26 0.79 2 105.4 
123.97 24.09 0.82 2 105.4 
124.13 24.07 0.83 2 104.6 
124.34 23.87 0.82 2 104.6 
124.52 23.69 0.82 2 104.6 
124.79 23.54 0.81 2 104.6 
125.06 23.63 0.81 2 104.6 
125.32 23.50 0.81 2 104.9 
125.52 23.79 0.82 3 104.9 
125.79 24.28 0.83 3 104.9 
126.13 24.44 0.84 2 104.9 
126.34 24.79 0.85 2 104.9 
126.54 25.33 0.87 2 104.9 
126.77 25.53 0.88 3 104.9 
127.16 25.70 0.88 3 104.9 
127.35 25.59 0.88 3 104.4 
127.59 25.98 0.90 3 104.4 
127.90 26.32 0.91 3 104.4 
128.14 26.56 0.91 3 105.2 
128.37 26.78 0.92 3 105.2 
128.55 26.71 0.91 3 105.2 
128.75 26.67 0.91 3 105.2 
129.04 27.13 0.93 3 105.2 
129.28 27.50 0.94 3 105.2 
129.49 27.56 0.94 3 105.2 
129.67 27.15 0.93 3 105.2 
129.98 27.02 0.92 3 105.2 
130.15 26.66 0.89 3 107.6 
130.40 26.61 0.89 3 107.6 
130.65 27.08 0.91 3 107.6 
130.90 27.19 0.91 3 107.6 
131.12 27.29 0.92 3 106.9 
131.36 27.62 0.93 3 106.9 
131.55 27.90 0.94 3 106.9 
131.81 28.14 0.95 3 106.9 
132.31 28.22 0.97 3 105.2 
132.49 28.13 0.96 3 105.2 
132.68 28.33 0.97 3 105.2 
132.94 28.21 0.97 3 105.2 
133.15 28.12 0.97 3 104.2 
133.37 28.30 0.98 3 104.2 
133.56 28.45 0.98 3 104.2 
133.79 28.31 0.98 3 104.2 
134.01 28.47 0.98 3 104.2 
134.24 28.59 0.99 3 103.6 
134.48 28.69 1.00 3 103.6 
134.69 28.50 0.99 3 103.6 
134.91 28.35 0.98 3 103.6 
135.14 28.48 1.01 3 101.8 
135.36 28.33 1.00 3 101.8 
135.58 28.76 1.02 3 101.8 
135.74 29.12 1.03 3 101.8 
136.02 29.40 1.04 3 101.8 
136.18 29.11 1.02 3 102.3 
136.39 29.11 1.02 3 102.3 
136.55 29.39 1.03 3 102.3 
136.81 29.08 1.02 3 102.3 
137.01 29.08 1.02 3 102.3 
137.20 28.82 1.02 3 102.2 
137.43 29.14 1.03 3 102.2 
137.66 29.41 1.04 3 102.2 
137.91 29.95 1.06 3 102.2 
138.12 29.81 1.06 2 101.7 
138.27 29.96 1.06 2 101.7 
138.50 30.40 1.08 2 101.7 
138.69 30.77 1.09 2 101.7 
138.90 31.42 1.11 2 101.7 
139.18 31.95 1.15 2 100.3 
139.42 32.40 1.16 2 100.3 
139.58 32.44 1.16 2 100.3 
139.76 32.80 1.18 2 100.3 
140.03 33.48 1.20 2 100.3 
140.26 33.68 1.22 2 99.1 
140.49 33.52 1.22 2 99.1 
140.71 33.71 1.22 2 99.1 
141.03 34.23 1.24 2 99.1 
141.26 34.68 1.26 3 99.0 
141.57 35.94 1.31 3 99.0 
141.83 35.76 1.30 3 99.0 
142.09 35.97 1.31 3 99.0 
142.31 36.12 1.31 3 99.0 
142.58 37.15 1.35 3 99.0 
142.78 38.53 1.40 3 99.0 
143.09 39.17 1.42 2 99.0 
143.29 39.71 1.47 2 97.5 
143.54 39.72 1.47 2 97.5 
143.76 39.71 1.47 2 97.5 
144.03 39.32 1.45 2 97.5 
144.29 39.36 1.44 2 98.5 
144.50 39.37 1.44 2 98.5 
144.74 39.84 1.46 2 98.5 
144.95 39.79 1.45 2 98.5 
145.23 40.20 1.44 2 100.8 
145.47 40.54 1.45 2 100.8 
145.73 40.84 1.46 2 100.8 
146.04 40.62 1.45 2 100.8 
146.24 40.88 1.43 2 103.0 
146.47 41.10 1.44 2 103.0 
146.71 40.84 1.43 2 103.0 
147.04 40.63 1.42 2 103.0 
147.32 40.43 1.38 2 105.3 
147.50 40.24 1.38 2 105.3 
147.73 40.09 1.37 2 105.3 
148.00 32.93 1.13 2 105.3 
148.25 33.82 1.14 2 106.8 
148.47 34.58 1.17 2 106.8 
148.72 35.65 1.20 2 106.8 
149.01 36.14 1.22 2 106.8 
149.25 42.09 1.40 2 108.3 
149.43 42.11 1.40 2 108.3 
149.67 37.26 1.24 2 108.3 
150.05 37.95 1.26 2 108.3 
150.28 38.55 1.28 2 108.6 
150.55 39.07 1.29 2 108.6 
150.74 40.00 1.33 2 108.6 
151.01 39.87 1.32 2 108.6 
151.24 40.69 1.34 2 109.0 
151.43 41.76 1.38 2 109.0 
151.69 42.29 1.40 2 109.0 
151.92 42.23 1.39 2 109.0 
152.14 43.30 1.44 2 108.5 
152.40 42.66 1.42 2 108.5 
152.57 42.10 1.40 2 108.5 
152.83 41.60 1.38 2 108.5 
153.03 42.13 1.40 2 108.5 
153.28 41.64 1.38 2 108.6 
153.50 42.17 1.40 2 108.6 
153.70 41.65 1.38 2 108.6 
154.01 42.18 1.40 2 108.6 
154.24 41.65 1.38 2 108.7 
154.44 41.19 1.36 2 108.7 
154.66 40.40 1.34 2 108.7 
154.88 41.11 1.36 2 108.7 
155.12 41.19 1.38 2 107.8 
155.31 41.24 1.38 2 107.8 
155.58 40.83 1.36 2 107.8 
155.79 40.93 1.37 3 107.8 
156.13 40.56 1.35 3 107.8 
156.32 40.71 1.37 3 107.0 
156.59 40.37 1.36 3 107.0 
156.85 41.06 1.38 3 107.0 
157.13 41.65 1.40 3 107.0 
157.37 42.15 1.43 2 105.8 
157.61 42.06 1.43 2 105.8 
157.81 41.99 1.43 2 105.8 
158.07 41.92 1.43 2 105.8 
158.30 42.37 1.46 2 104.7 
158.54 42.25 1.45 2 104.7 
158.78 42.13 1.45 2 104.7 
159.10 42.03 1.44 2 104.7 
159.30 41.94 1.46 2 103.6 
159.46 41.42 1.44 2 103.6 
159.74 40.96 1.42 2 103.6 
159.99 40.16 1.39 2 103.6 
160.27 39.87 1.39 2 103.1 
160.47 39.63 1.38 2 103.1 
160.68 39.02 1.36 2 103.1 
161.00 38.48 1.34 2 103.1 
161.18 38.44 1.33 2 104.4 
161.45 38.40 1.32 2 104.4 
161.66 38.39 1.32 2 104.4 
161.83 38.37 1.32 2 104.4 
162.11 37.94 1.31 2 104.4 
162.32 37.99 1.29 2 105.8 
162.59 37.26 1.27 2 105.8 
162.76 37.42 1.27 2 105.8 
163.04 36.77 1.25 2 105.8 
163.24 36.58 1.22 2 107.9 
163.49 36.06 1.20 2 107.9 
163.71 35.97 1.20 2 107.9 
164.02 36.32 1.21 2 107.9 
164.24 36.22 1.20 2 108.3 
164.43 36.11 1.20 2 108.3 
164.68 35.34 1.18 2 108.3 
164.91 35.38 1.18 2 108.3 
165.15 34.71 1.15 2 108.9 
165.42 34.48 1.14 2 108.9 
165.60 34.29 1.13 2 108.9 
165.84 33.79 1.12 2 108.9 
166.14 34.09 1.13 2 108.9 
166.36 33.96 1.12 2 109.3 
166.57 33.53 1.10 2 109.3 
166.73 33.49 1.10 2 109.3 
167.03 33.46 1.10 2 109.3 
167.25 33.46 1.10 2 109.7 
167.43 33.09 1.09 2 109.7 
167.67 32.79 1.08 2 109.7 
167.92 32.89 1.08 2 109.7 
168.17 32.65 1.08 2 108.7 
168.39 32.42 1.07 2 108.7 
168.63 32.60 1.08 2 108.7 
168.88 32.40 1.07 2 108.7 
169.13 31.39 1.05 2 107.4 
169.33 30.78 1.03 2 107.4 
169.56 30.58 1.03 2 107.4 
169.74 30.73 1.03 2 107.4 
170.00 31.19 1.05 2 107.4 
170.21 31.24 1.04 2 108.1 
170.47 30.45 1.01 2 108.1 
170.65 30.01 1.00 2 108.1 
170.89 29.95 1.00 2 108.1 
171.11 29.89 0.99 2 109.2 
171.38 29.85 0.98 2 109.2 
171.62 29.55 0.97 2 109.2 
171.81 29.57 0.97 2 109.2 
172.03 29.60 0.98 2 109.2 
172.25 29.07 0.96 2 108.5 
172.49 28.65 0.95 2 108.5 
172.74 28.05 0.93 2 108.5 
172.95 28.06 0.93 2 108.5 
173.19 28.07 0.93 2 109.0 
173.46 27.83 0.92 2 109.0 
173.68 27.38 0.90 1 109.0 
173.97 27.26 0.90 1 109.0 
174.22 27.43 0.91 1 108.8 
174.42 27.58 0.91 1 108.8 
174.62 27.43 0.91 1 108.8 
174.90 27.88 0.92 1 108.8 
175.09 27.24 0.90 1 108.4 
175.36 27.16 0.90 1 108.4 
175.56 27.11 0.90 1 108.4 
175.88 27.07 0.90 1 108.4 
176.12 27.59 0.93 1 106.9 
176.36 27.48 0.93 1 106.9 
176.52 27.38 0.92 1 106.9 
176.73 27.30 0.92 1 106.9 
177.00 27.51 0.93 1 106.9 
177.26 27.97 0.94 1 106.9 
177.51 28.34 0.95 1 106.9 
177.76 28.36 0.96 1 106.9 
178.04 28.39 0.96 1 106.9 
178.26 28.39 0.96 1 106.5 
178.51 28.17 0.95 1 106.5 
178.76 28.51 0.96 1 106.5 
179.00 28.80 0.97 1 106.5 
179.21 28.76 0.97 1 106.6 
179.48 29.00 0.98 1 106.6 
179.72 28.67 0.97 1 106.6 
180.03 28.39 0.96 1 106.6 
180.24 28.15 0.97 1 104.4 
180.51 28.23 0.97 1 104.4 
180.69 28.01 0.97 1 104.4 
180.94 28.11 0.97 1 104.4 
181.16 28.20 0.97 1 104.1 
181.41 28.01 0.97 1 104.1 
181.66 28.11 0.97 1 104.1 
181.86 28.81 1.00 1 104.1 
182.20 28.78 0.99 1 104.1 
182.44 29.03 1.00 1 104.3 
182.64 29.24 1.01 1 104.3 
182.94 28.89 1.00 1 104.3 
183.11 28.58 0.99 1 103.4 
183.33 28.88 1.01 1 103.4 
183.55 28.85 1.00 1 103.4 
183.78 29.41 1.02 1 103.4 
184.07 29.57 1.03 1 103.4 
184.28 -1.00 -1.00 1 104.9 
184.47 30.47 1.05 1 104.9 
184.66 30.19 1.04 1 104.9 
184.96 31.27 1.07 1 104.9 
185.19 -1.00 -1.00 1 105.0 
185.43 -1.00 -1.00 1 105.0 
185.67 -1.00 -1.00 1 105.0 
185.97 32.56 1.12 1 105.0 
186.20 -1.00 -1.00 2 105.1 
186.40 -1.00 -1.00 2 105.1 
186.69 -1.00 -1.00 2 105.1 
186.91 34.10 1.17 1 105.1 
187.22 33.84 1.16 1 105.1 
187.55 34.30 1.18 1 104.8 
187.78 -1.00 -1.00 1 104.8 
188.11 -1.00 -1.00 1 104.8 
188.31 -1.00 -1.00 1 104.8 
188.49 -1.00 -1.00 1 104.8 
188.73 36.93 1.27 1 104.8 
189.09 37.33 1.28 1 104.8 
189.38 38.13 1.30 1 105.4 
189.62 -1.00 -1.00 1 105.4 
189.86 39.87 1.36 1 105.4 
190.16 40.76 1.39 1 105.4 
190.45 40.61 1.38 1 105.7 
190.70 40.89 1.39 1 105.7 
191.01 41.13 1.40 1 105.7 
191.23 -1.00 -1.00 1 106.2 
191.49 -1.00 -1.00 1 106.2 
191.74 -1.00 -1.00 1 106.2 
192.10 -1.00 -1.00 1 106.2 
192.33 43.85 1.48 1 107.0 
192.59 -1.00 -1.00 1 107.0 
192.93 45.50 1.53 1 107.0 
193.20 46.84 1.57 1 107.5 
193.44 -1.00 -1.00 1 107.5 
193.72 -1.00 -1.00 1 107.5 
193.92 -1.00 -1.00 1 107.5 
194.20 -1.00 -1.00 1 107.5 
194.46 -1.00 -1.00 1 108.3 
194.68 -1.00 -1.00 1 108.3 
194.94 49.80 1.66 1 108.3 
195.23 -1.00 -1.00 1 107.6 
195.49 -1.00 -1.00 1 107.6 
195.76 50.89 1.70 1 107.6 
196.09 -1.00 -1.00 1 107.6 
196.35 52.64 1.77 1 107.0 
196.55 -1.00 -1.00 1 107.0 
196.82 -1.00 -1.00 1 107.0 
197.16 54.83 1.85 1 107.0 
197.44 54.21 1.83 1 106.7 
197.66 54.30 1.83 1 106.7 
197.96 55.10 1.86 1 106.7 
198.22 54.43 1.82 1 107.5 
198.43 55.20 1.85 1 107.5 
198.66 55.88 1.87 1 107.5 
198.91 55.70 1.87 1 107.5 
199.18 55.55 1.84 1 108.8 
199.36 54.75 1.81 1 108.8 
199.60 -1.00 -1.00 1 108.8 
199.92 -1.00 -1.00 1 108.8 
200.12 -1.00 -1.00 1 110.5 
200.34 -1.00 -1.00 1 110.5 
200.57 -1.00 -1.00 1 110.5 
200.84 -1.00 -1.00 1 110.5 
201.14 53.62 1.75 1 110.5 
201.39 -1.00 -1.00 1 109.0 
201.64 48.04 1.59 2 109.0 
201.91 48.05 1.59 2 109.0 
202.20 48.04 1.58 2 109.4 
202.48 48.70 1.60 2 109.4 
202.67 49.00 1.61 2 109.4 
202.95 49.31 1.62 2 109.4 
203.21 48.51 1.60 2 108.9 
203.47 49.48 1.64 2 108.9 
203.75 48.92 1.62 2 108.9 
204.03 48.38 1.60 2 108.9 
204.29 47.88 1.58 2 108.8 
204.60 47.90 1.59 2 108.8 
204.97 47.42 1.57 2 108.8 
205.21 47.03 1.56 2 108.8 
205.41 46.21 1.53 2 108.8 
205.71 45.93 1.52 2 108.8 
205.96 46.85 1.55 2 108.8 
206.21 46.04 1.54 2 107.8 
206.48 46.89 1.57 2 107.8 
206.75 49.32 1.65 2 107.8 
207.03 53.92 1.80 2 107.8 
207.25 55.35 1.83 2 108.8 
207.54 54.53 1.80 2 108.8 
207.75 54.36 1.80 2 108.8 
208.06 54.92 1.82 2 108.8 
208.35 54.70 1.80 2 109.2 
208.57 54.50 1.80 2 109.2 
208.93 54.31 1.79 2 109.2 
209.21 53.52 1.75 2 110.0 
209.48 54.19 1.77 2 110.0 
209.69 54.01 1.77 2 110.0 
210.03 -1.00 -1.00 2 110.0 
210.33 -1.00 -1.00 2 111.2 
210.58 -1.00 -1.00 2 111.2 
210.84 -1.00 -1.00 2 111.2 
211.20 -1.00 -1.00 2 111.2 
211.41 -1.00 -1.00 2 111.0 
211.65 -1.00 -1.00 2 111.0 
211.87 -1.00 -1.00 2 111.0 
212.18 -1.00 -1.00 2 111.0 
212.47 -1.00 -1.00 2 111.9 
212.75 -1.00 -1.00 2 111.9 
213.13 -1.00 -1.00 2 111.9 
213.32 -1.00 -1.00 2 114.2 
213.64 -1.00 -1.00 2 114.2 
213.93 -1.00 -1.00 2 114.2 
214.20 -1.00 -1.00 2 114.8 
214.47 -1.00 -1.00 2 114.8 
214.77 -1.00 -1.00 2 114.8 
215.15 -1.00 -1.00 2 114.8 
215.38 -1.00 -1.00 2 115.8 
215.66 -1.00 -1.00 2 115.8 
215.90 -1.00 -1.00 2 115.8 
216.20 -1.00 -1.00 2 115.6 
216.40 -1.00 -1.00 2 115.6 
216.73 -1.00 -1.00 2 115.6 
217.03 -1.00 -1.00 2 115.6 
217.34 -1.00 -1.00 2 114.5 
217.69 -1.00 -1.00 2 114.5 
217.95 -1.00 -1.00 2 114.5 
218.26 -1.00 -1.00 2 114.8 
218.54 -1.00 -1.00 2 114.8 
218.96 -1.00 -1.00 2 114.8 
219.19 -1.00 -1.00 2 114.7 
219.53 -1.00 -1.00 2 114.7 
219.76 -1.00 -1.00 2 114.7 
220.16 -1.00 -1.00 2 114.7 
220.45 -1.00 -1.00 2 114.1 
220.72 -1.00 -1.00 2 114.1 
221.04 -1.00 -1.00 2 114.1 
221.33 -1.00 -1.00 2 113.2 
221.60 -1.00 -1.00 1 113.2 
221.93 -1.00 -1.00 1 113.2 
222.21 -1.00 -1.00 1 114.1 
222.44 -1.00 -1.00 1 114.1 
222.76 -1.00 -1.00 1 114.1 
223.10 -1.00 -1.00 1 114.1 
223.35 -1.00 -1.00 1 113.1 
223.61 -1.00 -1.00 1 113.1 
223.91 -1.00 -1.00 1 113.1 
224.24 -1.00 -1.00 1 112.9 
224.54 -1.00 -1.00 1 112.9 
224.83 -1.00 -1.00 1 112.9 
225.19 41.18 1.31 2 112.9 
225.53 41.49 1.33 2 112.5 
225.96 41.86 1.34 2 112.5 
226.28 42.34 1.36 2 111.7 
226.62 42.52 1.37 2 111.7 
226.97 42.70 1.38 2 111.7 
227.29 42.88 1.38 2 111.5 
227.51 43.47 1.40 2 111.5 
227.95 43.58 1.41 2 111.5 
228.27 43.27 1.40 2 111.6 
228.55 43.90 1.42 3 111.6 
228.95 43.56 1.41 3 111.6 
229.26 43.25 1.40 3 111.2 
229.52 42.60 1.38 3 111.2 
229.92 42.01 1.36 3 111.2 
230.27 41.49 1.34 3 111.6 
230.55 41.91 1.35 3 111.6 
230.81 41.40 1.34 3 111.6 
231.21 40.60 1.31 3 111.6 
231.58 33.11 1.08 3 110.8 
232.32 33.94 1.12 3 109.3 
232.54 34.57 1.14 3 109.3 
232.91 35.10 1.16 3 109.3 
233.25 35.53 1.18 3 108.7 
233.57 36.32 1.20 3 108.7 
233.88 36.25 1.20 3 108.7 
234.27 36.16 1.20 3 108.3 
234.54 35.40 1.18 3 108.3 
234.94 34.77 1.16 3 108.3 
235.16 34.18 1.15 3 107.2 
235.44 33.75 1.13 3 107.2 
235.75 33.03 1.11 3 107.2 
236.17 33.46 1.12 3 107.2 
236.47 33.12 1.10 3 107.9 
236.85 32.83 1.10 3 107.9 
237.34 32.61 1.09 3 107.9 
237.58 32.73 1.09 3 107.8 
238.01 32.50 1.09 3 107.8 
238.36 33.45 1.12 3 108.0 
238.76 33.13 1.10 3 108.0 
239.13 33.18 1.11 3 108.0 
239.59 33.59 1.12 3 108.2 
239.95 33.93 1.13 3 108.2 
240.32 33.85 1.12 4 108.8 
240.63 33.46 1.11 3 108.8 
240.99 33.12 1.10 3 108.8 
241.33 33.18 1.09 3 109.2 
241.69 32.35 1.07 3 109.2 
242.40 30.99 1.02 3 109.2 
242.78 30.45 1.00 3 109.2 
243.14 29.83 0.98 3 109.2 
243.48 29.02 0.96 3 109.1 
243.81 28.32 0.93 3 109.1 
244.28 28.90 0.95 3 109.1 
244.59 28.49 0.94 3 109.0 
245.03 28.14 0.93 3 109.0 
245.35 27.42 0.91 3 108.6 
245.63 26.59 0.88 3 108.6 
246.01 25.89 0.86 3 108.6 
246.36 25.34 0.84 3 108.3 
246.68 24.88 0.83 3 108.3 
247.01 24.72 0.82 3 108.3 
247.28 24.60 0.82 2 107.6 
247.62 24.10 0.81 2 107.6 
248.04 24.34 0.81 2 107.6 
248.39 24.10 0.81 2 106.8 
248.63 24.09 0.81 2 106.8 
248.98 23.87 0.80 2 106.8 
249.26 23.73 0.80 2 106.2 
249.53 24.07 0.82 2 106.2 
249.92 24.33 0.82 2 106.2 
250.24 24.32 0.83 2 105.7 
250.47 24.56 0.84 2 105.7 
250.78 24.32 0.83 2 105.7 
251.03 24.34 0.83 2 105.7 
251.31 24.16 0.83 2 104.9 
251.66 23.45 0.80 1 104.9 
251.94 22.85 0.78 1 104.9 
252.23 22.37 0.77 1 104.5 
252.54 22.17 0.76 1 104.5 
252.95 21.66 0.75 1 104.5 
253.36 22.48 0.78 1 103.2 
253.68 23.09 0.81 1 103.2 
254.18 23.84 0.83 1 103.2 
254.59 24.74 0.86 1 103.2 
254.96 25.74 0.90 1 103.2 
255.32 26.28 0.92 1 103.4 
255.74 26.46 0.92 1 103.4 
256.11 27.17 0.95 1 103.4 
256.47 27.74 0.98 1 101.7 
256.92 27.92 0.99 1 101.7 
257.34 28.13 0.99 1 102.6 
257.78 28.53 1.00 1 102.6 
258.14 28.11 0.99 2 102.6 
258.55 28.25 0.97 2 105.0 
258.87 28.64 0.98 2 105.0 
259.30 29.30 1.00 2 105.0 
259.71 29.52 0.99 2 107.1 
260.00 30.02 1.01 2 107.1 
260.36 30.42 1.01 2 108.0 
260.65 30.75 1.02 3 108.0 
261.03 31.07 1.04 3 108.0 
261.39 32.02 1.06 3 109.3 
261.78 32.43 1.07 3 109.3 
262.46 33.76 1.10 3 110.5 
262.84 34.26 1.12 2 110.5 
263.24 34.33 1.12 1 110.5 
263.58 34.08 1.10 2 111.5 
263.99 33.29 1.07 2 111.5 
264.36 -1.00 -1.00 2 110.5 
264.76 -1.00 -1.00 2 110.5 
265.09 31.67 1.03 3 110.5 
265.47 31.74 1.04 3 109.9 
265.72 31.87 1.04 2 109.9 
266.07 30.89 1.01 3 109.9 
266.35 30.82 1.02 3 109.0 
266.64 30.43 1.00 3 109.0 
267.07 30.48 1.01 3 109.0 
267.39 28.96 0.97 3 108.0 
267.75 27.61 0.92 3 108.0 
268.09 27.05 0.90 3 108.0 
268.51 27.32 0.90 3 108.9 
269.03 27.29 0.90 3 108.9 
269.39 27.27 0.91 3 108.0 
269.69 -1.00 -1.00 2 108.0 
269.98 21.32 0.71 2 108.0 
270.33 19.83 0.67 2 106.3 
270.73 18.51 0.63 2 106.3 
271.24 17.44 0.59 2 106.3 
271.56 16.21 0.56 3 105.0 
271.96 15.51 0.53 2 105.0 
272.33 14.27 0.49 2 104.7 
272.61 13.63 0.47 2 104.7 
273.04 13.21 0.45 2 104.7 
273.46 12.65 0.44 2 102.6 
273.79 12.28 0.43 2 102.6 
274.39 12.37 0.43 2 102.6 
274.89 11.89 0.42 1 100.9 
275.17 12.33 0.44 1 99.8 
275.65 12.47 0.45 2 99.8 
276.09 12.84 0.46 1 99.8 
276.35 13.63 0.50 1 98.0 
276.67 14.00 0.51 1 98.0 
277.19 14.38 0.53 1 98.0 
277.49 14.90 0.55 2 98.0 
277.68 15.30 0.56 2 98.0 
278.12 15.86 0.58 2 98.0 
278.41 16.42 0.60 2 98.9 
278.73 16.99 0.62 2 98.9 
279.10 17.16 0.63 2 98.9 
279.48 17.43 0.63 2 100.0 
279.78 17.77 0.64 1 100.0 
280.18 -1.00 -1.00 1 100.0 
280.54 -1.00 -1.00 1 101.8 
280.78 -1.00 -1.00 1 101.8 
281.13 -1.00 -1.00 1 101.8 
281.53 -1.00 -1.00 1 103.2 
281.82 -1.00 -1.00 1 103.2 
282.17 -1.00 -1.00 2 103.2 
282.51 -1.00 -1.00 2 104.6 
282.85 -1.00 -1.00 2 104.6 
283.29 -1.00 -1.00 2 104.6 
283.72 -1.00 -1.00 2 103.8 
284.08 -1.00 -1.00 2 103.8 
284.46 -1.00 -1.00 2 103.7 
284.82 -1.00 -1.00 2 103.7 
285.25 -1.00 -1.00 2 103.7 
285.63 -1.00 -1.00 2 104.9 
286.05 -1.00 -1.00 2 104.9 
286.38 -1.00 -1.00 2 106.0 
286.74 -1.00 -1.00 2 106.0 
287.13 38.90 1.32 1 106.0 
287.41 38.41 1.29 1 107.1 
287.70 38.38 1.29 1 107.1 
288.04 38.35 1.29 1 107.1 
288.40 38.32 1.27 1 108.5 
288.69 37.91 1.26 1 108.5 
289.09 37.94 1.26 1 108.5 
289.38 37.97 1.27 1 107.4 
289.74 38.47 1.29 1 107.4 
290.18 38.89 1.30 1 107.4 
290.57 38.79 1.30 2 107.7 
290.95 38.68 1.29 2 107.7 
291.34 37.81 1.29 2 105.6 
291.68 37.42 1.28 2 105.6 
292.15 37.53 1.28 2 105.6 
292.53 38.15 1.29 2 106.2 
292.83 37.75 1.28 2 106.2 
293.23 36.66 1.24 1 106.2 
293.60 36.45 1.25 1 105.3 
294.09 36.30 1.24 1 105.3 
294.48 35.76 1.21 1 106.7 
294.76 35.30 1.19 1 106.7 
295.14 35.33 1.19 1 106.7 
295.56 34.58 1.16 1 107.4 
295.96 34.76 1.17 1 107.4 
296.25 34.89 1.16 1 108.7 
296.59 34.63 1.15 1 108.7 
297.04 34.79 1.15 1 108.7 
297.39 34.55 1.13 1 109.7 
297.69 34.33 1.13 1 109.7 
298.15 33.79 1.11 1 109.7 
298.55 33.33 1.08 1 110.6 
298.99 32.62 1.06 1 110.6 
299.35 32.33 1.04 1 112.1 
299.67 32.12 1.03 1 112.1 
300.15 31.92 1.02 1 112.1 
300.59 31.15 0.98 1 114.2 
301.05 30.47 0.96 1 114.2 
301.38 29.95 0.95 1 113.3 
301.70 29.26 0.93 2 113.3 
302.49 28.15 0.90 2 112.7 
302.97 27.56 0.88 2 112.7 
303.30 26.75 0.87 2 111.1 
303.63 25.14 0.81 2 111.1 
304.15 24.81 0.80 2 111.1 
304.46 24.59 0.80 2 110.8 
304.81 24.39 0.79 2 110.8 
305.22 23.60 0.77 2 110.8 
305.52 22.95 0.75 2 109.9 
305.93 22.65 0.74 2 109.9 
306.33 22.65 0.76 2 107.9 
306.65 22.70 0.76 2 107.9 
307.07 22.48 0.75 2 107.9 
307.44 22.57 0.76 2 107.5 
307.71 22.42 0.75 2 107.5 
308.10 22.52 0.75 4 107.5 
308.48 22.01 0.75 4 105.9 
308.96 21.46 0.73 4 105.9 
309.39 21.18 0.72 3 105.4 
309.77 21.20 0.72 3 105.4 
310.30 21.19 0.72 3 105.4 
310.69 21.17 0.72 2 105.7 
311.02 21.21 0.72 3 105.7 
311.40 21.88 0.75 3 105.7 
311.77 22.66 0.77 3 105.7 
312.21 23.31 0.79 3 105.7 
312.58 23.84 0.81 3 106.3 
312.89 24.03 0.81 3 106.3 
313.27 24.18 0.83 4 105.2 
313.62 24.34 0.83 3 105.2 
314.06 24.69 0.84 3 105.2 
314.45 25.53 0.88 3 104.2 
314.70 25.93 0.90 3 104.2 
315.07 26.02 0.90 3 104.2 
315.42 26.65 0.93 3 103.4 
315.79 25.95 0.90 3 103.4 
316.17 26.25 0.91 3 103.4 
316.50 26.28 0.91 3 103.6 
316.81 26.30 0.91 3 103.6 
317.21 26.84 0.93 2 103.6 
317.55 27.32 0.95 2 103.6 
317.96 27.99 0.97 2 103.6 
318.34 28.59 1.00 2 103.3 
318.71 28.46 0.99 3 103.3 
319.10 29.27 1.02 3 103.3 
319.51 29.61 1.02 2 105.0 
319.96 28.82 0.99 2 105.0 
320.27 28.38 0.97 2 105.0 
320.64 28.52 0.98 2 105.0 
320.94 29.31 1.01 2 105.0 
321.34 25.40 0.87 2 104.7 
321.61 30.47 1.05 2 104.7 
322.35 31.01 1.08 2 103.7 
322.64 32.26 1.12 2 103.7 
323.09 33.17 1.15 2 103.7 
323.38 32.84 1.15 2 102.8 
323.68 35.24 1.23 2 102.8 
324.11 36.62 1.28 2 102.8 
324.41 37.25 1.32 2 101.6 
324.71 36.62 1.30 2 101.6 
325.10 35.75 1.27 2 101.6 
325.44 35.26 1.27 2 100.3 
325.93 34.83 1.25 2 100.3 
326.32 34.81 1.27 2 98.7 
326.64 34.45 1.26 2 98.7 
327.00 34.47 1.26 2 98.7 
327.40 34.51 1.28 2 97.4 
327.69 34.54 1.28 2 97.4 
328.11 34.55 1.28 2 97.4 
328.42 34.96 1.32 2 95.4 
328.74 34.89 1.32 2 95.4 
329.13 34.82 1.31 2 95.4 
329.53 35.17 1.34 3 94.8 
329.94 35.06 1.33 3 94.8 
330.30 34.98 1.32 4 95.8 
330.69 35.28 1.33 3 95.8 
331.15 35.98 1.35 3 95.8 
331.55 36.59 1.42 3 92.9 
332.29 35.26 1.34 3 94.6 
332.65 35.98 1.37 3 94.6 
332.98 35.72 1.36 3 94.6 
333.28 36.34 1.37 3 95.5 
333.69 36.00 1.36 3 95.5 
334.10 36.58 1.38 3 95.5 
334.54 35.84 1.32 2 98.0 
334.93 35.95 1.32 2 98.0 
335.27 36.49 1.32 2 99.8 
335.48 36.96 1.33 2 99.8 
335.90 37.86 1.37 2 99.8 
336.20 38.61 1.40 2 99.2 
336.48 38.73 1.41 2 99.2 
336.82 39.34 1.43 2 99.2 
337.14 39.83 1.45 2 99.2 
337.47 40.26 1.49 2 97.5 
337.80 39.68 1.47 2 97.5 
338.22 39.61 1.46 2 97.5 
338.53 40.04 1.50 2 95.9 
338.99 39.92 1.50 3 95.9 
339.32 40.34 1.54 3 94.6 
339.74 40.68 1.55 3 94.6 
340.20 40.96 1.56 3 94.6 
340.57 -1.00 -1.00 2 91.3 
340.97 39.92 1.57 2 91.3 
341.34 40.35 1.65 2 88.2 
341.77 -1.00 -1.00 2 88.2 
342.12 9.01 0.37 3 88.2 
342.50 9.01 0.39 3 82.7 
342.90 9.09 0.40 3 82.7 
343.38 9.30 0.42 3 79.6 
343.79 9.75 0.44 3 79.6 
344.24 10.09 0.46 3 79.6 
344.67 10.06 0.47 1 77.1 
345.09 10.03 0.47 1 77.1 
345.37 10.01 0.47 1 76.4 
345.61 10.19 0.48 1 76.4 
346.11 10.22 0.48 1 76.4 
346.44 10.35 0.50 2 75.0 
346.86 -1.00 -1.00 1 75.0 
347.21 36.38 1.75 1 75.0 
347.54 -1.00 -1.00 1 74.4 
347.95 -1.00 -1.00 1 74.4 
348.27 12.53 0.62 2 72.8 
348.50 12.42 0.61 1 72.8 
348.95 12.27 0.61 1 72.8 
349.30 12.32 0.62 1 71.5 
349.60 12.24 0.62 1 71.5 
349.87 12.90 0.65 1 71.5 
350.25 12.83 0.64 1 72.7 
350.59 12.69 0.63 1 72.7 
350.91 12.93 0.64 1 72.7 
351.25 13.19 0.63 2 74.9 
351.68 13.46 0.65 2 74.9 
352.08 13.51 0.65 2 74.9 
352.43 -1.00 -1.00 2 75.9 
352.73 -1.00 -1.00 2 75.9 
353.15 -1.00 -1.00 2 75.9 
353.48 38.43 1.80 3 76.8 
353.70 38.34 1.80 3 76.8 
354.17 38.04 1.78 3 76.8 
354.48 38.06 1.71 3 80.0 
354.75 38.36 1.73 3 80.0 
355.16 38.36 1.73 3 80.0 
355.53 38.39 1.68 3 82.3 
355.82 38.74 1.69 3 82.3 
356.22 39.08 1.71 3 82.3 
356.50 38.99 1.64 3 85.4 
356.80 38.93 1.64 3 85.4 
357.16 27.98 1.18 3 85.4 
357.50 29.75 1.20 3 89.0 
357.95 30.84 1.25 3 89.0 
358.31 32.13 1.29 3 89.4 
358.72 34.12 1.37 3 89.4 
359.19 34.90 1.41 3 89.4 
359.48 36.43 1.44 3 91.1 
359.78 37.30 1.47 3 91.1 
360.20 39.01 1.54 3 91.1 
360.57 40.36 1.58 3 92.2 
360.96 40.08 1.56 3 92.2 
361.38 40.27 1.58 4 91.9 
361.83 40.43 1.58 3 91.9 
362.23 40.56 1.59 4 91.9 
362.60 40.69 1.59 4 92.0 
362.97 40.33 1.58 4 92.0 
363.35 41.02 1.60 4 92.2 
363.74 40.62 1.59 4 92.2 
364.10 40.74 1.59 4 92.2 
364.47 40.84 1.59 4 92.4 
364.79 40.92 1.59 4 92.4 
365.19 41.52 1.62 4 92.4 
365.59 42.04 1.65 3 91.9 
365.91 43.79 1.71 3 91.9 
366.20 45.27 1.79 3 91.0 
366.50 45.27 1.79 3 91.0 
366.84 45.27 1.79 3 91.0 
367.24 45.26 1.79 3 91.0 
367.54 44.28 1.76 3 90.8 
367.82 43.41 1.72 4 90.8 
368.20 30.47 1.21 4 90.8 
368.61 43.42 1.69 4 92.5 
369.03 41.87 1.63 4 92.5 
369.29 34.33 1.32 4 93.7 
369.61 35.54 1.37 4 93.7 
369.93 36.14 1.39 4 93.7 
370.21 37.08 1.38 4 96.7 
370.43 43.50 1.62 2 96.7 
370.74 43.16 1.61 2 96.7 
371.05 43.40 1.62 2 96.7 
371.35 42.61 1.54 2 99.8 
371.60 42.93 1.55 2 99.8 
371.91 41.62 1.50 2 99.8 
372.16 43.47 1.55 2 101.1 
372.40 45.52 1.62 2 101.1 
372.66 46.04 1.64 2 101.1 
373.03 47.21 1.68 2 101.1 
373.36 41.89 1.51 3 99.9 
373.71 42.00 1.51 3 99.9 
374.14 47.49 1.71 1 99.9 
374.43 46.63 1.68 1 99.9 
374.80 47.69 1.72 1 99.9 
375.27 47.28 1.70 1 99.9 
375.53 46.92 1.68 1 100.3 
375.97 46.60 1.67 1 100.3 
376.34 45.79 1.62 1 101.6 
376.68 45.60 1.62 1 101.6 
377.09 44.91 1.59 1 101.6 
377.40 43.83 1.57 1 100.7 
377.77 43.92 1.57 1 100.7 
378.11 42.99 1.54 1 100.7 
378.48 43.19 1.52 1 102.2 
378.98 42.83 1.51 1 102.2 
379.32 43.05 1.54 1 100.6 
379.67 42.72 1.53 1 100.6 
380.19 41.94 1.50 1 100.6 
380.40 41.78 1.52 1 99.0 
380.74 41.15 1.50 1 99.0 
381.10 41.09 1.49 1 99.0 
381.32 40.57 1.50 1 97.3 
381.63 39.69 1.47 1 97.3 
382.02 39.37 1.46 2 97.3 
382.36 38.65 1.45 2 96.1 
382.57 38.06 1.43 2 96.1 
383.01 37.54 1.41 2 96.1 
383.37 37.12 1.39 2 96.2 
383.74 36.75 1.37 2 96.2 
384.10 35.42 1.33 2 96.2 
384.46 35.34 1.30 2 98.2 
384.72 35.27 1.29 2 98.2 
385.08 35.67 1.31 2 98.2 
385.36 35.18 1.28 2 98.6 
385.64 35.60 1.30 2 98.6 
385.95 35.98 1.31 2 98.6 
386.23 35.86 1.33 2 97.2 
386.50 36.18 1.34 2 97.2 
386.75 36.95 1.37 2 97.2 
387.03 37.12 1.37 2 97.2 
387.31 37.27 1.40 2 95.7 
387.57 36.98 1.39 2 95.7 
387.94 36.71 1.38 2 95.7 
388.27 36.94 1.42 2 93.9 
388.55 37.11 1.42 2 93.9 
388.97 37.29 1.43 2 93.9 
389.28 36.98 1.43 2 93.1 
389.61 37.66 1.46 2 93.1 
389.86 37.75 1.46 2 93.1 
390.25 37.83 1.46 3 93.1 
390.62 37.88 1.50 2 91.1 
390.92 38.46 1.52 3 91.1 
391.28 38.01 1.52 3 89.9 
391.52 38.54 1.54 3 89.9 
391.76 39.02 1.56 3 89.9 
392.12 39.95 1.60 3 89.9 
392.47 39.18 1.59 3 88.7 
392.79 40.57 1.65 3 88.7 
393.07 41.30 1.68 3 88.7 
393.37 42.55 1.75 3 87.4 
393.68 44.33 1.83 3 87.4 
393.98 45.10 1.86 3 87.4 
394.27 44.93 1.88 3 85.9 
394.56 -1.00 -1.00 3 85.9 
394.78 -1.00 -1.00 3 85.9 
395.07 18.60 0.78 4 85.9 
395.29 18.50 0.78 4 84.9 
395.57 18.44 0.78 4 84.9 
395.82 18.24 0.77 4 84.9 
396.17 18.32 0.78 4 84.9 
396.45 18.37 0.79 4 83.5 
396.71 18.30 0.79 4 83.5 
397.01 18.23 0.79 4 83.5 
397.32 18.43 0.79 3 84.3 
397.60 18.36 0.78 3 84.3 
397.89 18.41 0.79 3 84.3 
398.17 18.46 0.78 3 85.2 
398.45 18.62 0.79 3 85.2 
398.74 17.88 0.76 2 85.2 
399.11 18.32 0.77 2 85.2 
399.38 18.51 0.77 2 86.2 
399.74 18.67 0.78 2 86.2 
400.05 18.68 0.78 2 86.2 
400.33 18.80 0.79 2 85.2 
400.65 19.08 0.81 2 85.2 
400.93 19.28 0.81 3 85.2 
401.30 18.56 0.79 3 84.4 
401.58 18.72 0.80 3 84.4 
401.85 19.21 0.82 3 84.4 
402.19 19.23 0.82 3 84.4 
402.53 19.59 0.84 3 84.2 
402.93 19.48 0.83 3 84.2 
403.19 19.76 0.84 3 84.5 
403.51 19.66 0.84 3 84.5 
403.79 19.61 0.84 3 84.5 
404.21 19.53 0.83 3 84.5 
404.40 19.65 0.83 3 85.1 
404.74 19.56 0.83 3 85.1 
405.08 19.50 0.83 3 85.1 
405.40 19.78 0.82 3 86.4 
405.74 19.68 0.82 3 86.4 
406.06 19.58 0.82 3 86.4 
406.33 19.67 0.80 3 88.0 
406.54 20.28 0.83 3 88.0 
406.99 20.21 0.83 3 88.0 
407.29 20.35 0.85 2 86.7 
407.61 19.83 0.82 2 86.7 
407.85 19.58 0.81 2 86.7 
408.21 19.37 0.80 2 87.1 
408.45 19.32 0.80 2 87.1 
408.86 19.47 0.80 2 87.1 
409.12 19.41 0.80 2 87.1 
409.46 19.37 0.80 2 87.7 
409.75 19.18 0.79 2 87.7 
410.07 19.19 0.79 2 87.7 
410.39 19.18 0.79 2 87.2 
410.68 19.35 0.80 2 87.2 
411.07 19.19 0.79 2 87.2 
411.40 19.52 0.81 2 86.9 
411.78 19.32 0.80 2 86.9 
412.16 19.02 0.79 2 86.9 
412.53 18.93 0.78 2 87.2 
412.78 19.01 0.78 2 87.2 
413.17 17.64 0.73 2 87.2 
413.45 16.51 0.68 2 87.8 
413.73 16.97 0.70 2 87.8 
414.15 17.65 0.72 2 87.8 
414.51 17.58 0.71 2 88.7 
414.79 -1.00 -1.00 2 88.7 
415.16 -1.00 -1.00 2 88.7 
415.41 -1.00 -1.00 2 89.9 
415.70 -1.00 -1.00 2 89.9 
416.00 -1.00 -1.00 2 89.9 
416.23 -1.00 -1.00 2 90.9 
416.54 -1.00 -1.00 2 90.9 
416.74 -1.00 -1.00 2 90.9 
417.06 -1.00 -1.00 2 90.9 
417.34 -1.00 -1.00 2 91.0 
417.65 -1.00 -1.00 2 91.0 
418.00 -1.00 -1.00 2 91.0 
418.23 -1.00 -1.00 1 90.9 
418.52 -1.00 -1.00 1 90.9 
418.82 -1.00 -1.00 1 90.9 
419.16 -1.00 -1.00 1 90.9 
419.43 -1.00 -1.00 1 90.4 
419.75 -1.00 -1.00 1 90.4 
420.12 -1.00 -1.00 1 90.4 
420.42 -1.00 -1.00 1 89.3 
420.68 -1.00 -1.00 1 89.3 
421.09 -1.00 -1.00 1 89.3 
421.38 -1.00 -1.00 1 87.9 
421.73 -1.00 -1.00 1 87.9 
422.42 -1.00 -1.00 1 86.5 
422.70 -1.00 -1.00 1 86.5 
422.99 -1.00 -1.00 1 86.5 
423.30 -1.00 -1.00 1 85.8 
423.52 -1.00 -1.00 1 85.8 
423.80 -1.00 -1.00 1 85.8 
424.17 -1.00 -1.00 1 85.8 
424.43 -1.00 -1.00 1 85.0 
424.69 -1.00 -1.00 1 85.0 
425.02 -1.00 -1.00 1 85.0 
425.28 -1.00 -1.00 1 85.1 
425.51 -1.00 -1.00 1 85.1 
425.90 -1.00 -1.00 1 85.1 
426.22 -1.00 -1.00 1 85.6 
426.54 -1.00 -1.00 1 85.6 
426.79 -1.00 -1.00 1 85.6 
427.17 -1.00 -1.00 1 85.6 
427.41 -1.00 -1.00 1 87.6 
427.70 -1.00 -1.00 1 87.6 
428.11 -1.00 -1.00 1 87.6 
428.41 -1.00 -1.00 1 88.5 
428.70 -1.00 -1.00 1 88.5 
429.11 -1.00 -1.00 1 88.5 
429.43 -1.00 -1.00 1 90.1 
429.76 -1.00 -1.00 1 90.1 
430.16 -1.00 -1.00 1 90.1 
430.46 -1.00 -1.00 1 90.7 
430.75 -1.00 -1.00 1 90.7 
431.01 -1.00 -1.00 1 90.7 
431.35 -1.00 -1.00 1 89.8 
431.57 -1.00 -1.00 1 89.8 
431.77 -1.00 -1.00 1 89.8 
432.39 -1.00 -1.00 1 89.2 
432.68 -1.00 -1.00 1 89.2 
432.94 -1.00 -1.00 1 89.2 
433.17 -1.00 -1.00 1 87.3 
433.46 -1.00 -1.00 1 87.3 
433.64 -1.00 -1.00 1 87.3 
433.96 -1.00 -1.00 1 87.3 
434.25 -1.00 -1.00 1 87.1 
434.53 -1.00 -1.00 1 87.1 
434.83 -1.00 -1.00 1 87.1 
435.16 -1.00 -1.00 1 87.1 
435.42 -1.00 -1.00 1 87.8 
435.73 -1.00 -1.00 1 87.8 
436.11 -1.00 -1.00 1 87.8 
436.31 -1.00 -1.00 1 87.0 
436.55 -1.00 -1.00 1 87.0 
436.82 -1.00 -1.00 1 87.0 
437.09 -1.00 -1.00 1 87.0 
437.34 -1.00 -1.00 1 88.5 
437.55 -1.00 -1.00 1 88.5 
437.76 -1.00 -1.00 0 88.5 
438.03 -1.00 -1.00 0 88.5 
438.26 -1.00 -1.00 0 88.8 
438.52 -1.00 -1.00 0 88.8 
438.80 -1.00 -1.00 0 88.8 
439.08 -1.00 -1.00 0 88.8 
439.29 -1.00 -1.00 0 88.4 
439.58 -1.00 -1.00 0 88.4 
439.81 -1.00 -1.00 0 88.4 
440.08 -1.00 -1.00 0 88.4 
440.36 -1.00 -1.00 0 88.3 
440.63 -1.00 -1.00 0 88.3 
440.91 -1.00 -1.00 0 88.3 
441.23 -1.00 -1.00 0 90.1 
441.44 -1.00 -1.00 0 90.1 
441.68 -1.00 -1.00 0 90.1 
442.30 -1.00 -1.00 0 91.0 
442.52 -1.00 -1.00 1 91.0 
442.74 -1.00 -1.00 1 91.0 
442.99 -1.00 -1.00 1 91.0 
443.24 -1.00 -1.00 1 92.9 
443.51 -1.00 -1.00 1 92.9 
443.95 -1.00 -1.00 1 92.9 
444.23 -1.00 -1.00 1 94.1 
444.47 -1.00 -1.00 1 94.1 
444.81 -1.00 -1.00 1 94.1 
445.14 -1.00 -1.00 1 94.1 
445.42 -1.00 -1.00 1 94.2 
445.60 -1.00 -1.00 1 94.2 
445.83 -1.00 -1.00 2 94.2 
446.13 -1.00 -1.00 2 94.2 
446.35 -1.00 -1.00 2 92.8 
446.62 -1.00 -1.00 2 92.8 
446.88 -1.00 -1.00 3 92.8 
447.22 -1.00 -1.00 3 91.3 
447.55 -1.00 -1.00 3 91.3 
447.74 -1.00 -1.00 3 91.3 
448.11 -1.00 -1.00 3 91.3 
448.41 -1.00 -1.00 3 89.4 
448.68 -1.00 -1.00 2 89.4 
449.01 -1.00 -1.00 2 89.4 
449.20 -1.00 -1.00 3 88.2 
449.53 -1.00 -1.00 3 88.2 
449.88 -1.00 -1.00 3 88.2 
450.13 -1.00 -1.00 3 86.5 
450.39 -1.00 -1.00 3 86.5 
450.63 -1.00 -1.00 3 86.5 
450.92 -1.00 -1.00 3 86.5 
451.12 -1.00 -1.00 3 84.8 
451.37 -1.00 -1.00 3 84.8 
451.70 -1.00 -1.00 3 84.8 
452.01 -1.00 -1.00 2 84.8 
452.23 -1.00 -1.00 2 83.6 
452.45 -1.00 -1.00 3 83.6 
452.69 -1.00 -1.00 3 83.6 
453.06 -1.00 -1.00 3 83.6 
453.30 -1.00 -1.00 3 82.6 
453.57 -1.00 -1.00 3 82.6 
453.78 -1.00 -1.00 3 82.6 
454.06 -1.00 -1.00 3 82.6 
454.33 -1.00 -1.00 3 80.8 
454.53 -1.00 -1.00 3 80.8 
454.78 -1.00 -1.00 3 80.8 
454.98 -1.00 -1.00 2 80.8 
455.20 -1.00 -1.00 2 79.6 
455.41 -1.00 -1.00 2 79.6 
455.67 -1.00 -1.00 2 79.6 
455.99 -1.00 -1.00 1 79.6 
456.22 -1.00 -1.00 1 78.5 
456.44 -1.00 -1.00 0 78.5 
456.68 -1.00 -1.00 0 78.5 
456.99 -1.00 -1.00 0 78.5 
457.23 -1.00 -1.00 0 77.2 
457.39 -1.00 -1.00 0 77.2 
457.63 -1.00 -1.00 0 77.2 
457.92 -1.00 -1.00 0 77.2 
458.19 -1.00 -1.00 0 75.6 
458.36 -1.00 -1.00 0 75.6 
458.60 -1.00 -1.00 0 75.6 
458.83 -1.00 -1.00 0 75.6 
459.00 -1.00 -1.00 0 75.6 
459.23 -1.00 -1.00 0 74.2 
459.47 -1.00 -1.00 0 74.2 
459.70 -1.00 -1.00 0 74.2 
459.94 -1.00 -1.00 0 74.2 
460.15 -1.00 -1.00 0 71.9 
460.40 -1.00 -1.00 0 71.9 
460.72 -1.00 -1.00 0 71.9 
460.93 -1.00 -1.00 0 71.9 
461.18 -1.00 -1.00 0 70.9 
461.42 -1.00 -1.00 0 70.9 
461.67 -1.00 -1.00 0 70.9 
461.96 -1.00 -1.00 0 70.9 
462.25 -1.00 -1.00 0 69.4 
462.56 -1.00 -1.00 0 69.4 
462.85 -1.00 -1.00 0 69.4 
463.15 -1.00 -1.00 0 69.4 
463.46 -1.00 -1.00 0 70.2 
463.73 -1.00 -1.00 0 70.2 
463.98 -1.00 -1.00 0 70.2 
464.22 -1.00 -1.00 0 70.7 
464.59 -1.00 -1.00 0 70.7 
464.84 -1.00 -1.00 0 70.7 
465.22 -1.00 -1.00 0 71.6 
465.57 -1.00 -1.00 0 71.6 
465.97 -1.00 -1.00 0 71.6 
466.32 -1.00 -1.00 0 71.5 
466.62 -1.00 -1.00 0 71.5 
466.99 -1.00 -1.00 0 71.5 
467.29 -1.00 -1.00 0 71.6 
467.59 -1.00 -1.00 0 71.6 
467.78 -1.00 -1.00 0 71.6 
468.04 -1.00 -1.00 0 71.6 
468.26 -1.00 -1.00 0 69.7 
468.57 -1.00 -1.00 0 69.7 
468.79 -1.00 -1.00 0 69.7 
469.19 -1.00 -1.00 0 69.7 
469.45 -1.00 -1.00 0 67.9 
469.75 -1.00 -1.00 0 67.9 
470.12 -1.00 -1.00 0 67.9 
470.42 -1.00 -1.00 0 66.2 
470.69 -1.00 -1.00 0 66.2 
471.09 -1.00 -1.00 0 66.2 
471.39 -1.00 -1.00 0 64.5 
471.70 -1.00 -1.00 0 64.5 
472.35 -1.00 -1.00 0 66.1 
472.62 -1.00 -1.00 0 66.1 
472.97 -1.00 -1.00 0 66.1 
473.22 -1.00 -1.00 0 68.1 
473.49 -1.00 -1.00 0 68.1 
473.75 -1.00 -1.00 0 68.1 
474.07 -1.00 -1.00 0 68.1 
474.42 -1.00 -1.00 0 69.0 
474.69 -1.00 -1.00 0 69.0 
474.94 -1.00 -1.00 0 69.0 
475.20 -1.00 -1.00 0 70.3 
475.44 -1.00 -1.00 0 70.3 
475.62 -1.00 -1.00 0 70.3 
475.95 -1.00 -1.00 0 70.3 
476.19 -1.00 -1.00 0 71.1 
476.48 -1.00 -1.00 0 71.1 
476.74 -1.00 -1.00 0 71.1 
477.08 -1.00 -1.00 0 71.1 
477.31 -1.00 -1.00 0 69.8 
477.56 -1.00 -1.00 0 69.8 
477.95 -1.00 -1.00 0 69.8 
478.20 -1.00 -1.00 0 70.5 
478.52 -1.00 -1.00 0 70.5 
478.86 -1.00 -1.00 0 70.5 
479.14 -1.00 -1.00 0 70.5 
479.36 -1.00 -1.00 0 69.6 
479.64 -1.00 -1.00 0 69.6 
479.97 -1.00 -1.00 0 69.6 
480.31 -1.00 -1.00 0 69.4 
480.67 -1.00 -1.00 0 69.4 
480.96 -1.00 -1.00 0 69.4 
481.32 -1.00 -1.00 0 68.7 
481.57 -1.00 -1.00 0 68.7 
481.96 -1.00 -1.00 0 68.7 
482.21 -1.00 -1.00 0 69.1 
482.49 -1.00 -1.00 0 69.1 
482.80 -1.00 -1.00 0 69.1 
483.04 -1.00 -1.00 0 69.1 
483.29 -1.00 -1.00 0 69.0 
483.55 -1.00 -1.00 0 69.0 
483.91 -1.00 -1.00 0 69.0 
484.22 -1.00 -1.00 0 68.8 
484.44 -1.00 -1.00 0 68.8 
484.80 -1.00 -1.00 0 68.8 
485.13 -1.00 -1.00 0 68.8 
485.37 -1.00 -1.00 0 67.1 
485.66 -1.00 -1.00 0 67.1 
486.04 -1.00 -1.00 0 67.1 
486.29 -1.00 -1.00 0 65.7 
486.60 -1.00 -1.00 0 65.7 
486.83 -1.00 -1.00 0 65.7 
487.24 -1.00 -1.00 1 65.7 
487.52 -1.00 -1.00 1 64.1 
487.91 -1.00 -1.00 1 64.1 
488.23 -1.00 -1.00 1 64.4 
488.55 -1.00 -1.00 1 64.4 
488.94 -1.00 -1.00 1 64.4 
489.30 -1.00 -1.00 1 64.5 
489.62 -1.00 -1.00 1 64.5 
490.00 -1.00 -1.00 1 64.5 
490.31 -1.00 -1.00 1 62.4 
490.60 -1.00 -1.00 1 62.4 
490.83 -1.00 -1.00 1 62.4 
491.18 -1.00 -1.00 1 62.4 
491.38 16.05 0.94 1 61.5 
491.64 16.99 0.99 1 61.5 
491.95 17.22 1.01 1 61.5 
492.29 17.42 1.05 1 60.0 
492.62 17.15 1.03 1 60.0 
492.98 17.89 1.07 1 60.0 
493.22 20.46 1.18 1 62.2 
493.51 20.82 1.20 1 62.2 
493.91 21.27 1.23 1 62.2 
494.16 21.65 1.18 1 65.8 
494.50 22.14 1.21 1 65.8 
494.71 24.82 1.36 1 65.8 
495.03 27.28 1.49 1 65.8 
495.27 30.21 1.67 1 65.2 
495.65 31.33 1.73 1 65.2 
495.86 32.28 1.78 1 65.2 
496.22 -1.00 -1.00 1 65.2 
496.43 -1.00 -1.00 0 67.0 
496.72 -1.00 -1.00 0 67.0 
497.04 -1.00 -1.00 1 67.0 
497.37 -1.00 -1.00 1 67.4 
497.61 -1.00 -1.00 1 67.4 
497.92 -1.00 -1.00 1 67.4 
498.26 -1.00 -1.00 1 65.6 
498.61 -1.00 -1.00 1 65.6 
499.05 -1.00 -1.00 1 65.6 
499.32 -1.00 -1.00 1 64.6 
499.58 -1.00 -1.00 1 64.6 
499.94 -1.00 -1.00 1 64.6 
500.30 -1.00 -1.00 1 64.3 
500.56 -1.00 -1.00 1 64.3 
500.96 -1.00 -1.00 1 64.3 
501.38 -1.00 -1.00 1 62.0 
501.75 -1.00 -1.00 1 62.0 
502.13 -1.00 -1.00 1 62.0 
502.44 -1.00 -1.00 1 60.1 
502.76 -1.00 -1.00 1 60.1 
503.16 -1.00 -1.00 1 60.1 
503.58 -1.00 -1.00 1 58.9 
503.97 -1.00 -1.00 1 58.9 
504.25 -1.00 -1.00 1 56.2 
504.50 -1.00 -1.00 1 56.2 
504.85 -1.00 -1.00 1 56.2 
505.10 -1.00 -1.00 1 56.2 
505.41 -1.00 -1.00 1 55.1 
505.67 -1.00 -1.00 1 55.1 
506.12 -1.00 -1.00 1 55.1 
506.39 -1.00 -1.00 1 54.8 
506.68 -1.00 -1.00 1 54.8 
507.06 -1.00 -1.00 1 54.8 
507.31 -1.00 -1.00 1 55.7 
507.56 -1.00 -1.00 1 55.7 
507.95 -1.00 -1.00 1 55.7 
508.28 -1.00 -1.00 1 57.1 
508.49 -1.00 -1.00 1 57.1 
508.72 -1.00 -1.00 1 57.1 
509.07 -1.00 -1.00 1 57.1 
509.37 -1.00 -1.00 1 57.7 
509.75 -1.00 -1.00 1 57.7 
510.14 -1.00 -1.00 1 57.7 
510.45 -1.00 -1.00 1 58.9 
510.82 -1.00 -1.00 1 58.9 
511.19 -1.00 -1.00 1 58.9 
511.63 -1.00 -1.00 1 59.2 
512.41 -1.00 -1.00 0 59.1 
512.68 -1.00 -1.00 0 59.1 
513.14 -1.00 -1.00 0 59.1 
513.46 -1.00 -1.00 0 59.5 
513.81 -1.00 -1.00 0 59.5 
514.21 -1.00 -1.00 0 59.5 
514.59 -1.00 -1.00 0 61.5 
514.99 -1.00 -1.00 1 61.5 
515.21 22.41 1.24 1 64.8 
515.47 22.58 1.25 1 64.8 
515.72 22.65 1.26 1 64.8 
516.00 22.85 1.27 1 64.8 
516.26 23.38 1.22 1 68.9 
516.48 23.85 1.25 1 68.9 
516.76 24.24 1.27 1 68.9 
517.00 25.30 1.32 1 68.9 
517.31 26.15 1.28 1 73.6 
517.60 27.16 1.33 1 73.6 
517.94 27.99 1.37 1 73.6 
518.12 28.69 1.34 1 76.9 
518.41 28.31 1.33 1 76.9 
518.60 28.20 1.32 1 76.9 
518.88 -1.00 -1.00 0 76.9 
519.18 -1.00 -1.00 0 76.9 
519.40 44.35 2.04 1 78.3 
519.59 44.08 2.03 1 78.3 
519.78 43.95 2.02 1 78.3 
520.12 43.96 2.02 1 78.3 
520.30 43.50 1.99 1 78.6 
520.59 42.57 1.95 1 78.6 
520.89 41.21 1.89 1 78.6 
521.23 40.10 1.84 1 78.6 
521.49 37.67 1.73 1 78.4 
521.77 35.20 1.62 1 78.4 
522.12 32.72 1.50 1 78.4 
522.40 30.28 1.39 1 78.4 
522.75 27.90 1.28 1 78.4 
523.11 25.48 1.17 2 78.4 
523.52 23.36 1.10 2 76.5 
523.77 21.43 1.01 2 76.5 
524.16 19.72 0.93 2 76.5 
524.37 18.16 0.87 2 74.8 
524.80 16.77 0.81 2 74.8 
525.23 15.50 0.75 2 74.8 
525.59 14.30 0.71 2 72.6 
525.94 13.02 0.65 2 72.6 
526.29 12.11 0.60 2 72.6 
526.59 11.19 0.55 2 72.6 
526.96 10.78 0.53 2 72.6 
527.29 10.18 0.49 2 74.5 
527.64 9.35 0.45 2 74.5 
527.86 8.75 0.42 2 74.5 
528.38 6.76 0.35 2 69.0 
528.69 7.08 0.37 2 69.0 
529.05 7.11 0.37 2 69.0 
529.45 7.28 0.40 2 65.7 
529.74 7.46 0.41 2 65.7 
530.14 7.59 0.42 1 65.7 
530.48 7.94 0.45 1 63.8 
530.92 8.01 0.45 1 63.8 
531.22 7.98 0.46 1 62.6 
531.49 8.14 0.47 1 62.6 
531.88 8.38 0.48 1 62.6 
532.43 8.79 0.52 1 61.0 
532.78 9.09 0.54 1 61.0 
533.06 9.54 0.56 1 61.0 
533.39 9.86 0.59 1 60.6 
533.73 10.35 0.61 1 60.6 
534.06 -1.00 -1.00 1 60.6 
534.34 -1.00 -1.00 1 59.9 
534.53 11.99 0.72 1 59.9 
534.91 12.55 0.75 1 59.9 
535.12 13.16 0.80 1 59.0 
535.32 13.62 0.83 1 59.0 
535.55 14.18 0.87 1 59.0 
535.76 14.41 0.88 1 59.0 
536.06 14.80 0.90 1 59.0 
536.30 15.32 0.95 1 57.8 
536.62 15.84 0.99 1 57.8 
536.84 16.37 1.02 1 57.8 
537.19 16.92 1.05 1 57.8 
537.41 16.97 1.03 1 59.5 
537.67 16.37 0.99 1 59.5 
538.11 17.23 1.04 1 59.5 
538.40 18.04 1.04 1 62.4 
538.71 18.23 1.05 1 62.4 
539.03 18.99 1.10 2 62.4 
539.40 19.75 1.08 2 65.7 
539.62 20.03 1.10 2 65.7 
539.88 19.71 1.08 2 65.7 
540.18 19.99 1.09 3 65.7 
540.52 19.68 1.03 3 68.8 
540.88 19.96 1.04 2 68.8 
541.23 20.51 1.03 3 71.9 
541.53 20.78 1.04 3 71.9 
541.93 20.83 1.04 3 71.9 
542.28 20.73 1.02 3 73.4 
542.57 20.78 1.02 4 73.4 
542.86 20.69 1.01 5 73.4 
543.25 20.91 1.03 5 73.1 
543.59 21.10 1.04 5 73.1 
543.94 20.79 1.02 4 73.1 
544.32 20.83 1.04 4 71.9 
544.66 20.86 1.05 4 71.9 
545.04 20.88 1.05 4 71.9 
545.33 9.56 0.49 4 70.7 
545.68 9.68 0.49 4 70.7 
546.01 9.91 0.50 4 70.7 
546.30 24.48 1.26 4 69.9 
546.53 10.27 0.53 4 69.9 
546.91 10.45 0.54 4 69.9 
547.23 17.60 0.90 4 70.2 
547.56 18.40 0.94 4 70.2 
547.86 18.77 0.96 4 70.2 
548.19 19.04 0.98 3 70.2 
548.43 19.27 0.96 3 72.6 
548.72 19.74 0.98 3 72.6 
549.06 20.70 1.03 3 72.6 
549.37 21.10 1.00 3 75.9 
549.65 21.43 1.02 3 75.9 
549.98 21.70 1.03 2 75.9 
550.23 22.10 1.05 2 75.9 
550.54 22.42 1.06 2 75.9 
550.88 22.68 1.08 2 75.9 
551.17 22.54 1.07 3 75.9 
551.57 11.54 0.55 3 75.9 
551.81 22.32 1.06 3 75.9 
552.18 11.23 0.53 3 75.9 
552.44 11.16 0.52 3 77.4 
552.89 11.01 0.51 3 77.4 
553.12 10.88 0.49 3 79.6 
553.41 10.64 0.48 2 79.6 
553.68 10.56 0.48 2 79.6 
554.09 10.54 0.48 2 79.6 
554.35 10.48 0.48 2 79.4 
554.62 10.24 0.46 2 79.4 
555.00 10.19 0.46 2 79.4 
555.33 9.77 0.45 2 78.4 
555.72 9.70 0.45 2 78.4 
556.20 9.64 0.44 2 78.4 
556.64 9.54 0.42 2 81.1 
557.01 9.25 0.41 1 81.1 
557.33 14.41 0.61 2 85.7 
557.66 14.46 0.61 2 85.7 
557.96 14.80 0.62 2 85.7 
558.26 15.44 0.62 3 89.2 
558.53 16.25 0.66 2 89.2 
558.81 17.08 0.69 2 89.2 
559.20 18.07 0.73 2 89.2 
559.51 -1.00 -1.00 2 93.5 
559.81 -1.00 -1.00 2 93.5 
560.22 -1.00 -1.00 3 93.5 
560.50 22.66 0.84 3 97.5 
560.78 24.13 0.89 3 97.5 
561.13 25.32 0.93 3 97.5 
561.41 -1.00 -1.00 3 100.9 
562.43 -1.00 -1.00 2 104.0 
562.82 -1.00 -1.00 2 104.0 
563.26 -1.00 -1.00 2 104.0 
563.64 -1.00 -1.00 1 107.7 
564.04 -1.00 -1.00 1 107.7 
564.51 32.64 1.06 2 111.0 
564.96 -1.00 -1.00 1 111.0 
565.35 -1.00 -1.00 1 113.7 
565.72 -1.00 -1.00 1 113.7 
566.14 -1.00 -1.00 2 113.7 
566.46 -1.00 -1.00 2 112.9 
566.77 -1.00 -1.00 2 112.9 
567.18 -1.00 -1.00 2 112.9 
567.51 -1.00 -1.00 2 112.9 
567.86 -1.00 -1.00 2 112.9 
568.14 -1.00 -1.00 2 112.9 
568.51 -1.00 -1.00 2 116.1 
568.88 38.43 1.19 3 116.1 
569.27 38.32 1.18 3 116.6 
569.57 38.02 1.17 3 116.6 
570.00 37.52 1.16 3 116.6 
570.30 36.95 1.16 3 114.8 
570.53 35.90 1.13 3 114.8 
570.84 34.85 1.09 3 114.8 
571.13 33.54 1.05 3 114.8 
571.51 32.00 1.02 3 113.2 
571.73 30.74 0.98 3 113.2 
572.17 29.33 0.93 3 113.2 
572.57 27.94 0.90 3 111.2 
572.82 26.17 0.85 3 111.2 
573.15 24.41 0.79 3 111.2 
573.53 22.81 0.75 3 109.0 
573.91 21.11 0.70 3 109.0 
574.27 19.68 0.66 3 107.5 
574.57 18.28 0.61 3 107.5 
574.92 17.13 0.57 3 107.5 
575.23 16.00 0.54 3 105.8 
575.51 15.10 0.51 4 105.8 
575.87 14.21 0.48 3 105.8 
576.28 12.98 0.45 3 104.4 
576.65 12.40 0.43 3 104.4 
576.96 12.02 0.41 5 104.4 
577.30 11.68 0.41 4 103.1 
577.65 11.30 0.39 4 103.1 
578.03 11.02 0.39 4 103.1 
578.40 10.77 0.38 4 101.4 
578.68 10.64 0.38 4 101.4 
578.97 10.43 0.37 4 101.4 
579.36 10.46 0.38 4 99.8 
579.66 10.48 0.38 4 99.8 
580.04 10.38 0.37 4 99.8 
580.36 10.30 0.38 4 98.4 
580.57 -1.00 -1.00 3 98.4 
581.01 10.20 0.37 3 98.4 
581.30 10.13 0.38 3 97.1 
581.63 10.25 0.38 2 97.1 
581.92 10.28 0.38 2 97.1 
582.26 10.35 0.39 2 96.4 
582.53 10.36 0.39 3 96.4 
582.91 -1.00 -1.00 3 96.4 
583.24 10.35 0.38 2 99.0 
583.54 32.72 1.19 2 99.0 
583.85 31.66 1.15 2 99.0 
584.20 29.75 1.08 2 99.0 
584.56 -1.00 -1.00 2 101.4 
584.94 27.92 0.99 3 101.4 
585.18 27.12 0.93 3 104.8 
585.48 26.82 0.92 3 104.8 
585.78 26.56 0.91 3 104.8 
586.15 26.34 0.91 3 104.8 
586.52 26.37 0.88 3 108.0 
586.84 26.89 0.90 2 108.0 
587.19 27.34 0.91 2 108.0 
587.49 28.28 0.92 2 110.1 
587.96 28.73 0.94 2 110.1 
588.26 28.84 0.94 2 110.3 
588.56 29.21 0.95 2 110.3 
588.89 29.25 0.95 2 110.3 
589.26 29.26 0.94 2 111.9 
589.53 29.05 0.93 2 111.9 
589.79 29.37 0.94 2 111.9 
590.13 29.12 0.94 2 111.9 
590.41 28.91 0.90 2 115.4 
590.75 28.73 0.90 1 115.4 
591.07 28.84 0.90 1 115.4 
591.41 29.22 0.89 1 117.8 
591.76 29.24 0.89 1 117.8 
592.42 29.56 0.89 1 119.8 
592.69 30.48 0.92 1 119.8 
593.07 31.20 0.94 1 119.8 
593.33 -1.00 -1.00 1 118.9 
593.61 -1.00 -1.00 1 118.9 
594.03 -1.00 -1.00 1 118.9 
594.34 -1.00 -1.00 1 118.0 
594.65 -1.00 -1.00 1 118.0 
594.96 -1.00 -1.00 1 118.0 
595.19 -1.00 -1.00 1 115.7 
595.47 -1.00 -1.00 1 115.7 
595.78 -1.00 -1.00 1 115.7 
596.18 -1.00 -1.00 1 115.7 
596.46 -1.00 -1.00 1 113.6 
596.92 -1.00 -1.00 1 113.6 
597.22 -1.00 -1.00 1 112.3 
597.50 -1.00 -1.00 1 112.3 
597.90 -1.00 -1.00 1 112.3 
598.22 37.37 1.23 1 109.5 
598.51 48.04 1.58 2 109.5 
598.73 47.80 1.57 2 109.5 
599.22 48.05 1.58 2 109.5 
599.50 48.07 1.59 3 108.8 
599.93 48.06 1.59 3 108.8 
600.23 47.72 1.62 3 106.0 
600.61 41.39 1.41 3 106.0 
601.00 47.78 1.62 3 106.0 
601.26 42.72 1.45 3 105.9 
601.55 43.23 1.47 3 105.9 
601.91 43.66 1.48 3 105.9 
602.21 44.04 1.52 3 104.3 
602.51 44.36 1.53 3 104.3 
602.91 44.63 1.54 3 104.3 
603.24 45.64 1.60 3 102.9 
603.46 44.31 1.55 3 102.9 
603.75 44.29 1.55 3 102.9 
604.06 44.29 1.55 3 102.9 
604.32 44.29 1.56 3 102.5 
604.57 43.84 1.54 2 102.5 
604.80 43.07 1.51 2 102.5 
605.17 42.78 1.50 2 102.5 
605.49 43.02 1.55 2 99.8 
605.76 42.32 1.53 2 99.8 
606.08 32.34 1.17 2 99.8 
606.32 31.69 1.16 2 98.7 
606.64 31.39 1.15 2 98.7 
607.04 30.64 1.12 2 98.7 
607.36 30.24 1.11 2 98.0 
607.68 29.64 1.09 2 98.0 
608.07 28.90 1.06 2 98.0 
608.38 28.51 1.05 2 97.7 
608.69 28.21 1.04 2 97.7 
609.11 27.95 1.03 2 97.7 
609.44 27.73 1.03 2 96.9 
609.75 27.55 1.02 2 96.9 
610.01 27.41 1.02 2 96.9 
610.37 27.04 1.01 2 96.2 
610.63 26.76 1.00 2 96.2 
610.97 26.76 1.00 2 96.2 
611.28 26.12 0.99 2 94.5 
611.51 25.77 0.98 2 94.5 
611.72 25.09 0.96 2 94.5 
612.37 23.74 0.90 3 94.9 
612.70 23.64 0.90 3 94.9 
612.95 23.35 0.89 3 94.9 
613.18 22.78 0.86 3 95.1 
613.45 22.16 0.84 3 95.1 
613.75 21.64 0.82 3 95.1 
614.08 21.09 0.80 3 95.1 
614.29 20.63 0.78 3 95.7 
614.56 19.87 0.75 3 95.7 
614.79 19.25 0.72 3 95.7 
615.10 18.89 0.71 3 95.7 
615.34 18.47 0.70 3 95.3 
615.56 18.43 0.70 4 95.3 
615.90 17.89 0.68 4 95.3 
616.19 17.45 0.67 4 93.5 
616.43 16.90 0.65 4 93.5 
616.71 16.47 0.63 4 93.5 
617.18 15.94 0.61 3 93.5 
617.59 15.73 0.61 3 92.1 
617.94 15.02 0.59 3 92.1 
618.33 14.45 0.57 3 92.1 
618.62 14.00 0.55 2 92.1 
619.09 13.59 0.53 2 92.1 
619.58 13.04 0.51 2 91.9 
619.86 12.53 0.49 2 91.9 
620.24 39.27 1.54 3 91.9 
620.66 39.12 1.58 3 89.4 
621.09 38.99 1.57 3 89.4 
621.45 -1.00 -1.00 2 90.6 
621.72 11.09 0.44 3 90.6 
622.13 10.99 0.44 3 90.6 
622.43 11.12 0.43 3 93.4 
622.80 11.27 0.43 3 93.4 
623.26 11.42 0.44 3 93.4 
623.63 11.45 0.44 4 93.4 
623.95 11.72 0.45 4 93.4 
624.36 11.85 0.46 4 93.0 
625.00 11.96 0.46 4 93.0 
625.35 12.28 0.48 3 92.3 
625.70 12.58 0.49 3 92.3 
626.14 12.98 0.51 2 92.3 
626.51 -1.00 -1.00 2 92.8 
626.75 13.67 0.53 2 92.8 
627.10 -1.00 -1.00 2 92.8 
627.45 31.89 1.21 2 94.5 
627.84 31.59 1.20 3 94.5 
628.18 31.66 1.21 3 94.5 
628.54 31.48 1.18 3 96.1 
628.91 31.32 1.17 2 96.1 
629.26 31.42 1.17 2 96.6 
629.59 31.52 1.17 2 96.6 
629.94 31.61 1.18 2 96.6 
630.28 31.42 1.18 2 96.2 
630.63 31.52 1.18 2 96.2 
631.02 31.61 1.18 2 96.2 
631.35 31.99 1.20 2 96.3 
631.70 31.99 1.20 2 96.3 
632.42 32.56 1.22 2 95.8 
632.65 14.95 0.56 2 95.8 
633.02 15.44 0.58 2 95.8 
633.35 16.04 0.61 2 94.3 
633.57 16.51 0.63 1 94.3 
633.92 17.01 0.65 2 94.3 
634.24 17.06 0.65 2 93.9 
634.54 17.44 0.67 2 93.9 
634.92 17.63 0.68 2 93.9 
635.27 18.17 0.69 2 94.5 
635.51 18.46 0.70 2 94.5 
635.82 18.83 0.72 2 94.5 
636.07 19.26 0.73 2 94.5 
636.36 19.35 0.77 2 90.9 
636.65 19.54 0.77 2 90.9 
637.03 19.83 0.79 2 90.9 
637.37 20.23 0.80 2 91.3 
637.67 20.72 0.82 2 91.3 
638.09 21.11 0.83 2 91.3 
638.45 21.11 0.80 2 95.1 
638.84 21.26 0.80 2 95.1 
639.22 21.74 0.82 2 95.1 
639.50 21.94 0.84 3 93.9 
639.87 22.10 0.85 3 93.9 
640.17 21.91 0.84 3 93.3 
640.61 21.90 0.84 3 93.3 
641.04 21.75 0.84 3 93.3 
641.47 21.60 0.82 2 95.0 
641.82 21.34 0.81 2 95.0 
642.27 21.29 0.81 3 95.0 
642.56 20.82 0.77 3 98.0 
643.01 20.28 0.75 4 98.0 
643.45 19.72 0.71 3 100.5 
643.78 19.37 0.69 3 100.5 
644.08 18.73 0.67 3 100.5 
644.34 18.12 0.65 3 100.4 
644.71 17.51 0.63 3 100.4 
645.13 16.92 0.61 3 100.4 
645.44 19.21 0.69 3 99.6 
645.77 19.56 0.71 3 99.6 
646.12 19.56 0.71 3 99.6 
646.35 20.18 0.71 3 102.6 
646.72 20.66 0.73 2 102.6 
647.08 21.42 0.75 2 102.6 
647.42 22.26 0.77 2 104.7 
647.76 22.56 0.78 3 104.7 
648.08 23.40 0.81 3 104.7 
648.41 24.33 0.82 3 106.2 
648.63 24.85 0.84 3 106.2 
649.08 25.08 0.85 4 106.2 
649.47 25.47 0.85 3 107.5 
649.74 25.79 0.86 3 107.5 
650.10 26.29 0.88 3 107.5 
650.45 26.48 0.87 3 109.0 
650.85 26.61 0.88 3 109.0 
651.20 26.96 0.89 3 109.0 
651.42 27.79 0.91 3 110.2 
651.72 28.18 0.92 4 110.2 
652.15 29.11 0.95 3 110.2 
652.51 29.85 0.99 3 108.1 
652.85 30.47 1.01 3 108.1 
653.26 30.42 1.01 3 108.1 
653.62 30.93 1.03 2 108.0 
653.98 31.08 1.04 2 108.0 
654.29 31.16 1.05 2 106.5 
654.61 30.98 1.05 2 106.5 
655.03 31.08 1.05 2 106.5 
655.39 31.15 1.04 3 108.1 
655.73 30.68 1.02 2 108.1 
656.12 30.82 1.03 3 108.1 
656.49 31.59 1.03 3 110.9 
656.96 31.88 1.03 3 110.9 
657.33 31.82 1.02 2 112.6 
657.61 32.40 1.04 2 112.6 
657.90 32.24 1.03 2 112.6 
658.24 32.40 1.02 1 113.9 
658.53 32.52 1.03 1 113.9 
658.89 32.61 1.03 2 113.9 
659.24 33.03 1.05 1 113.6 
659.43 33.01 1.05 1 113.6 
659.78 32.72 1.04 1 113.6 
660.03 33.10 1.05 1 113.6 
660.34 33.06 1.06 1 112.3 
660.55 33.39 1.07 1 112.3 
660.82 33.66 1.08 1 112.3 
661.20 33.54 1.08 1 112.3 
661.43 33.78 1.10 1 110.4 
661.78 33.96 1.11 1 110.4 
662.13 34.12 1.11 1 110.4 
662.45 33.91 1.13 1 108.3 
662.78 34.07 1.13 1 108.3 
663.17 34.19 1.14 1 108.3 
663.41 35.59 1.19 1 107.6 
663.72 36.75 1.23 2 107.6 
664.08 36.48 1.22 2 107.6 
664.37 35.92 1.18 1 109.2 
664.75 35.41 1.17 1 109.2 
665.08 34.96 1.15 1 109.2 
665.38 34.56 1.12 1 111.0 
665.72 34.55 1.12 1 111.0 
666.13 33.90 1.10 1 111.0 
666.49 33.33 1.06 1 113.5 
666.81 33.17 1.05 1 113.5 
667.27 33.02 1.05 1 113.5 
667.65 32.59 1.02 1 114.7 
667.95 31.93 1.00 1 114.7 
668.31 31.38 0.97 1 117.0 
668.67 30.90 0.95 1 117.0 
669.06 31.11 0.96 1 117.0 
669.35 30.97 0.94 1 118.7 
669.66 30.86 0.94 1 118.7 
669.92 31.07 0.94 1 118.7 
670.25 30.92 0.93 1 119.6 
670.48 30.52 0.92 1 119.6 
670.75 31.15 0.94 1 119.6 
671.15 31.31 0.94 1 119.6 
671.43 31.14 0.94 1 118.7 
671.77 31.01 0.94 1 118.7 
672.09 31.19 0.95 1 118.7 
672.45 30.76 0.94 1 118.0 
672.74 29.90 0.91 1 118.0 
673.02 29.67 0.90 2 118.0 
673.31 29.76 0.94 2 114.4 
673.60 29.59 0.93 2 114.4 
673.82 29.41 0.92 2 114.4 
674.18 28.99 0.91 2 114.4 
674.50 28.66 0.92 2 112.4 
674.80 28.64 0.92 2 112.4 
675.19 28.92 0.93 3 112.4 
675.47 28.59 0.93 2 110.7 
675.83 28.60 0.93 2 110.7 
676.17 29.22 0.95 2 110.7 
676.56 29.39 0.97 2 108.9 
676.93 29.26 0.97 2 108.9 
677.21 29.15 0.98 2 106.8 
677.54 28.13 0.95 2 106.8 
677.90 27.95 0.94 2 106.8 
678.19 28.07 0.95 2 106.0 
678.50 28.47 0.97 3 106.0 
678.80 28.50 0.97 2 106.0 
679.15 29.50 1.00 2 106.0 
679.44 30.33 1.04 2 105.1 
679.71 30.07 1.03 1 105.1 
680.11 30.44 1.04 2 105.1 
680.37 30.75 1.02 1 108.4 
680.72 31.02 1.03 1 108.4 
681.03 31.59 1.05 1 108.4 
681.36 32.06 1.06 1 109.1 
681.63 33.28 1.10 1 109.1 
682.34 34.32 1.11 1 111.4 
682.66 35.16 1.14 1 111.4 
683.01 35.87 1.16 1 111.4 
683.26 36.45 1.22 1 107.9 
683.51 37.41 1.25 1 107.9 
683.98 38.23 1.28 1 107.9 
684.31 38.92 1.31 1 106.8 
684.62 39.50 1.33 1 106.8 
684.96 40.00 1.35 1 106.8 
685.24 39.56 1.34 1 105.9 
685.55 40.05 1.36 1 105.9 
685.98 39.99 1.36 1 105.9 
686.24 40.41 1.37 1 106.3 
686.50 40.75 1.38 1 106.3 
686.79 41.04 1.39 1 106.3 
687.16 41.29 1.40 1 106.3 
687.42 41.49 1.38 1 108.3 
687.68 42.20 1.40 1 108.3 
688.06 41.41 1.38 2 108.3 
688.43 41.10 1.35 2 109.7 
688.75 40.82 1.34 3 109.7 
689.16 40.57 1.33 3 109.7 
689.54 40.36 1.30 3 111.8 
689.89 40.65 1.31 3 111.8 
690.28 41.43 1.33 3 112.2 
690.63 42.08 1.35 3 112.2 
690.96 42.12 1.35 2 112.2 
691.24 42.66 1.36 2 113.0 
691.46 43.12 1.37 2 113.0 
691.73 43.50 1.39 2 113.0 
692.42 -1.00 -1.00 1 113.3 
692.77 -1.00 -1.00 1 113.3 
693.08 -1.00 -1.00 1 113.3 
693.40 -1.00 -1.00 2 113.7 
693.75 -1.00 -1.00 2 113.7 
694.06 -1.00 -1.00 2 113.7 
694.44 -1.00 -1.00 2 113.9 
694.70 35.38 1.12 1 113.9 
695.04 35.01 1.11 1 113.9 
695.38 34.65 1.11 1 112.0 
695.65 33.86 1.09 1 112.0 
696.05 33.32 1.07 1 112.0 
696.33 32.20 1.04 1 111.8 
696.60 31.16 1.00 1 111.8 
697.03 30.03 0.97 2 111.8 
697.37 29.46 0.96 2 110.3 
697.58 29.24 0.95 2 110.3 
698.00 28.79 0.94 2 110.3 
698.28 28.17 0.93 2 109.5 
698.54 27.43 0.90 2 109.5 
698.95 26.83 0.88 2 109.5 
699.27 27.08 0.90 2 108.4 
699.59 27.29 0.91 2 108.4 
700.00 27.79 0.92 3 108.4 
700.32 28.55 0.94 3 109.4 
700.57 28.54 0.94 3 109.4 
701.00 28.25 0.93 3 109.4 
701.30 28.61 0.96 3 107.6 
701.66 29.25 0.98 3 107.6 
701.98 30.15 1.01 3 107.6 
702.29 30.89 1.03 3 108.3 
702.57 31.52 1.05 3 108.3 
702.93 31.66 1.05 3 108.3 
703.29 32.15 1.06 3 108.9 
703.54 33.44 1.11 3 108.9 
704.00 34.06 1.13 4 108.9 
704.35 35.55 1.17 3 109.8 
704.66 35.83 1.17 3 109.8 
704.95 -1.00 -1.00 3 109.8 
705.27 -1.00 -1.00 3 111.5 
705.56 37.52 1.21 3 111.5 
706.02 37.47 1.21 3 111.5 
706.44 37.40 1.20 2 112.5 
706.74 37.32 1.19 2 112.5 
707.18 37.25 1.19 2 112.5 
707.43 -1.00 -1.00 2 114.6 
707.65 36.36 1.14 2 114.6 
708.07 35.99 1.13 2 114.6 
708.35 36.55 1.15 2 114.6 
708.73 37.01 1.16 2 114.6 
708.99 -1.00 -1.00 2 114.6 
709.32 36.70 1.16 2 113.5 
709.54 -1.00 -1.00 2 113.5 
709.93 -1.00 -1.00 2 113.5 
710.14 -1.00 -1.00 2 111.1 
710.43 -1.00 -1.00 2 111.1 
710.79 -1.00 -1.00 2 111.1 
711.05 -1.00 -1.00 2 111.1 
711.37 -1.00 -1.00 2 110.5 
711.62 -1.00 -1.00 2 110.5 
712.30 -1.00 -1.00 2 111.1 
712.64 -1.00 -1.00 2 111.1 
712.95 -1.00 -1.00 2 111.1 
713.26 -1.00 -1.00 2 112.5 
713.58 -1.00 -1.00 2 112.5 
713.84 -1.00 -1.00 2 112.5 
714.27 -1.00 -1.00 2 112.5 
714.49 -1.00 -1.00 2 115.0 
714.90 -1.00 -1.00 2 115.0 
715.25 -1.00 -1.00 2 117.1 
715.56 -1.00 -1.00 2 117.1 
715.91 -1.00 -1.00 2 117.1 
716.22 -1.00 -1.00 2 118.5 
716.48 -1.00 -1.00 2 118.5 
716.76 -1.00 -1.00 2 118.5 
717.20 -1.00 -1.00 1 118.5 
717.41 -1.00 -1.00 1 119.8 
717.71 -1.00 -1.00 1 119.8 
718.07 -1.00 -1.00 1 119.8 
718.28 -1.00 -1.00 1 119.8 
718.58 -1.00 -1.00 1 119.8 
718.97 -1.00 -1.00 1 119.8 
719.21 -1.00 -1.00 1 121.1 
719.42 -1.00 -1.00 1 121.1 
719.70 -1.00 -1.00 1 121.1 
720.03 -1.00 -1.00 1 121.1 
720.39 -1.00 -1.00 1 122.4 
720.69 -1.00 -1.00 0 122.4 
721.08 -1.00 -1.00 0 122.4 
721.40 -1.00 -1.00 0 123.7 
721.65 -1.00 -1.00 0 123.7 
722.31 -1.00 -1.00 0 123.2 
722.55 -1.00 -1.00 0 123.2 
722.78 -1.00 -1.00 0 123.2 
723.11 -1.00 -1.00 0 123.2 
723.40 -1.00 -1.00 0 121.1 
723.69 -1.00 -1.00 0 121.1 
724.09 -1.00 -1.00 0 121.1 
724.36 -1.00 -1.00 0 118.6 
724.65 -1.00 -1.00 0 118.6 
724.99 -1.00 -1.00 0 118.6 
725.19 -1.00 -1.00 0 117.6 
725.48 -1.00 -1.00 0 117.6 
725.75 -1.00 -1.00 0 117.6 
726.00 -1.00 -1.00 0 117.6 
726.24 -1.00 -1.00 0 118.0 
726.43 -1.00 -1.00 0 118.0 
726.68 -1.00 -1.00 0 118.0 
726.95 -1.00 -1.00 0 118.0 
727.25 32.03 0.98 1 118.0 
727.56 31.99 0.98 1 118.0 
727.92 32.16 0.98 1 118.0 
728.21 32.17 0.99 1 116.8 
728.60 32.17 0.99 1 116.8 
728.98 -1.00 -1.00 1 116.8 
729.27 -1.00 -1.00 1 116.8 
729.51 -1.00 -1.00 1 116.8 
729.97 -1.00 -1.00 1 116.8 
730.30 -1.00 -1.00 1 113.6 
730.64 34.84 1.10 1 113.6 
730.96 35.03 1.11 1 113.6 
731.30 35.19 1.14 1 111.2 
731.57 35.33 1.14 1 111.2 
732.33 35.22 1.14 1 111.2 
732.75 35.37 1.15 1 111.2 
733.08 35.50 1.15 1 111.2 
733.40 35.26 1.15 1 110.1 
733.80 35.41 1.16 1 110.1 
734.13 35.53 1.16 1 110.1 
734.40 35.63 1.16 1 110.4 
734.73 35.72 1.16 1 110.4 
735.08 -1.00 -1.00 1 110.4 
735.29 36.21 1.17 1 111.5 
735.65 36.21 1.17 1 111.5 
736.00 36.23 1.17 1 111.5 
736.35 36.23 1.16 2 112.0 
736.72 -1.00 -1.00 3 112.0 
737.14 -1.00 -1.00 2 112.0 
737.44 -1.00 -1.00 2 112.2 
737.72 -1.00 -1.00 2 112.2 
738.16 -1.00 -1.00 2 112.2 
738.49 -1.00 -1.00 1 112.0 
738.81 -1.00 -1.00 1 112.0 
739.06 -1.00 -1.00 1 112.0 
739.39 -1.00 -1.00 1 112.1 
739.76 -1.00 -1.00 1 112.1 
740.15 -1.00 -1.00 1 112.1 
740.51 -1.00 -1.00 1 112.6 
740.80 -1.00 -1.00 1 112.6 
741.20 -1.00 -1.00 0 112.6 
741.43 -1.00 -1.00 0 112.8 
741.78 -1.00 -1.00 0 112.8 
742.45 -1.00 -1.00 0 112.6 
742.72 -1.00 -1.00 0 112.6 
743.09 -1.00 -1.00 0 112.6 
743.34 -1.00 -1.00 0 112.3 
743.66 -1.00 -1.00 0 112.3 
744.01 -1.00 -1.00 0 112.3 
744.34 -1.00 -1.00 0 111.7 
744.59 -1.00 -1.00 0 111.7 
745.07 -1.00 -1.00 0 111.7 
745.42 -1.00 -1.00 0 109.9 
745.65 -1.00 -1.00 0 109.9 
746.06 -1.00 -1.00 0 109.9 
746.41 -1.00 -1.00 0 110.0 
746.66 -1.00 -1.00 0 110.0 
746.92 -1.00 -1.00 0 110.0 
747.21 -1.00 -1.00 0 109.8 
747.52 -1.00 -1.00 0 109.8 
747.75 -1.00 -1.00 0 109.8 
748.08 -1.00 -1.00 0 109.8 
748.38 -1.00 -1.00 0 109.5 
748.61 -1.00 -1.00 1 109.5 
748.99 -1.00 -1.00 1 109.5 
749.24 -1.00 -1.00 1 109.4 
749.50 -1.00 -1.00 1 109.4 
749.94 -1.00 -1.00 1 109.4 
750.21 -1.00 -1.00 1 109.2 
750.45 -1.00 -1.00 1 109.2 
750.70 -1.00 -1.00 1 109.2 
751.00 -1.00 -1.00 1 109.2 
751.24 -1.00 -1.00 1 108.7 
751.48 -1.00 -1.00 1 108.7 
751.74 -1.00 -1.00 1 108.7 
752.13 -1.00 -1.00 1 108.7 
752.36 -1.00 -1.00 1 108.3 
752.54 -1.00 -1.00 1 108.3 
752.79 -1.00 -1.00 1 108.3 
753.16 -1.00 -1.00 1 108.3 
753.35 -1.00 -1.00 1 108.3 
753.67 -1.00 -1.00 1 108.3 
754.06 -1.00 -1.00 1 108.3 
754.32 -1.00 -1.00 1 109.1 
754.63 -1.00 -1.00 2 109.1 
754.96 -1.00 -1.00 2 109.1 
755.29 -1.00 -1.00 2 110.6 
755.49 -1.00 -1.00 2 110.6 
755.82 -1.00 -1.00 2 110.6 
756.17 -1.00 -1.00 1 110.6 
756.45 -1.00 -1.00 1 112.3 
756.76 -1.00 -1.00 2 112.3 
757.11 -1.00 -1.00 2 112.3 
757.47 -1.00 -1.00 2 113.8 
757.76 -1.00 -1.00 2 113.8 
758.03 72.07 2.28 2 113.8 
758.29 72.11 2.28 2 113.8 
758.56 72.10 2.28 2 113.8 
758.82 72.14 2.28 2 113.8 
759.16 71.69 2.27 2 113.8 
759.39 41.18 1.32 3 112.1 
759.71 41.17 1.32 3 112.1 
759.98 41.00 1.32 3 112.1 
760.24 40.79 1.33 3 110.6 
760.54 40.84 1.33 3 110.6 
761.01 40.60 1.32 3 110.6 
761.29 39.63 1.30 3 110.2 
761.67 38.93 1.27 4 110.2 
762.16 38.25 1.25 4 110.2 
762.55 37.15 1.21 4 110.4 
762.96 35.75 1.17 4 110.4 
763.29 34.49 1.12 4 111.1 
763.53 33.58 1.09 4 111.1 
763.76 32.36 1.05 4 111.1 
764.15 31.71 1.03 4 111.1 
764.37 31.16 0.99 4 113.3 
764.66 30.27 0.96 4 113.3 
764.99 29.31 0.93 4 113.3 
765.37 28.67 0.93 4 111.2 
765.69 28.16 0.91 3 111.2 
766.16 27.31 0.88 3 111.2 
766.44 26.28 0.86 3 109.7 
766.71 25.40 0.83 3 109.7 
767.07 24.82 0.81 3 109.7 
767.49 24.02 0.81 3 107.0 
767.82 23.22 0.78 2 107.0 
768.12 22.27 0.75 2 107.0 
768.35 21.49 0.72 2 106.8 
768.67 20.74 0.70 2 106.8 
768.96 20.01 0.67 3 106.8 
769.36 19.41 0.65 3 107.3 
769.62 18.69 0.63 3 107.3 
770.06 18.24 0.61 3 107.3 
770.31 17.52 0.58 3 109.1 
770.70 16.77 0.55 3 109.1 
771.06 16.35 0.54 3 109.1 
771.42 15.56 0.51 3 109.2 
771.75 30.80 1.02 3 109.2 
772.14 30.99 1.02 3 109.2 
772.45 13.67 0.45 3 108.7 
772.73 14.42 0.48 3 108.7 
773.06 15.51 0.51 3 108.7 
773.32 16.21 0.52 2 113.3 
773.62 16.65 0.53 2 113.3 
773.99 17.40 0.55 3 113.3 
774.42 18.15 0.57 2 114.9 
774.66 18.90 0.59 2 114.9 
774.91 19.35 0.61 2 114.9 
775.27 19.70 0.61 2 115.6 
775.52 20.00 0.62 2 115.6 
775.95 20.74 0.65 2 115.6 
776.21 21.15 0.66 2 116.2 
776.53 21.66 0.67 2 116.2 
776.93 22.24 0.69 1 116.2 
777.25 22.74 0.70 1 117.1 
777.53 23.34 0.72 2 117.1 
777.77 23.82 0.73 2 117.1 
778.15 24.44 0.75 2 117.1 
778.46 24.73 0.75 2 118.0 
778.74 25.19 0.77 1 118.0 
778.99 25.57 0.78 1 118.0 
779.29 26.38 0.80 1 118.8 
779.62 27.05 0.82 1 118.8 
780.08 27.87 0.84 1 118.8 
780.43 28.57 0.86 1 119.3 
780.74 29.15 0.88 1 119.3 
781.02 29.93 0.90 1 119.3 
781.31 -1.00 -1.00 1 119.9 
781.60 30.56 0.92 1 119.9 
781.86 -1.00 -1.00 1 119.9 
782.24 -1.00 -1.00 1 120.6 
782.50 -1.00 -1.00 1 120.6 
782.74 -1.00 -1.00 1 120.6 
783.12 33.91 1.01 2 120.6 
783.41 33.81 1.00 2 121.6 
783.64 33.65 1.00 2 121.6 
783.93 -1.00 -1.00 2 121.6 
784.18 -1.00 -1.00 2 121.2 
784.46 -1.00 -1.00 2 121.2 
784.76 -1.00 -1.00 2 121.2 
785.05 -1.00 -1.00 2 121.2 
785.35 -1.00 -1.00 2 120.1 
785.73 -1.00 -1.00 2 120.1 
786.16 -1.00 -1.00 2 120.1 
786.50 -1.00 -1.00 2 118.7 
786.89 43.68 1.32 2 118.7 
787.24 44.19 1.35 1 117.4 
787.58 -1.00 -1.00 1 117.4 
787.81 -1.00 -1.00 1 117.4 
788.08 -1.00 -1.00 1 117.4 
788.41 45.22 1.40 1 116.1 
788.69 38.43 1.19 2 116.1 
789.11 38.55 1.20 2 116.1 
789.42 38.73 1.21 2 115.6 
789.61 38.70 1.20 2 115.6 
789.92 38.68 1.20 2 115.6 
790.24 38.38 1.21 2 114.3 
790.43 38.11 1.20 2 114.3 
790.73 38.14 1.20 1 114.3 
791.08 38.55 1.21 1 114.3 
791.33 38.90 1.24 1 113.3 
791.65 38.84 1.23 1 113.3 
791.91 38.13 1.21 1 113.3 
792.19 37.82 1.21 1 112.6 
792.51 37.56 1.20 1 112.6 
792.93 38.08 1.22 2 112.6 
793.33 -1.00 -1.00 1 112.0 
793.69 -1.00 -1.00 1 112.0 
794.07 -1.00 -1.00 1 112.0 
794.34 -1.00 -1.00 1 113.5 
794.68 -1.00 -1.00 1 113.5 
794.98 -1.00 -1.00 1 113.5 
795.24 -1.00 -1.00 1 113.0 
795.58 -1.00 -1.00 1 113.0 
795.92 -1.00 -1.00 0 113.0 
796.18 -1.00 -1.00 0 113.8 
796.38 -1.00 -1.00 1 113.8 
796.71 -1.00 -1.00 0 113.8 
797.03 -1.00 -1.00 1 113.8 
797.28 -1.00 -1.00 1 114.6 
797.59 -1.00 -1.00 1 114.6 
797.96 -1.00 -1.00 1 114.6 
798.23 -1.00 -1.00 1 115.5 
798.50 -1.00 -1.00 1 115.5 
798.74 -1.00 -1.00 1 115.5 
799.14 -1.00 -1.00 1 115.5 
799.46 -1.00 -1.00 1 116.0 
799.81 -1.00 -1.00 0 116.0 
800.21 -1.00 -1.00 0 116.0 
800.51 -1.00 -1.00 0 117.5 
800.71 -1.00 -1.00 0 117.5 
801.09 -1.00 -1.00 0 117.5 
801.39 -1.00 -1.00 0 119.6 
801.67 -1.00 -1.00 0 119.6 
802.37 -1.00 -1.00 0 119.2 
802.60 -1.00 -1.00 0 119.2 
802.95 -1.00 -1.00 0 119.2 
803.14 -1.00 -1.00 0 119.1 
803.45 -1.00 -1.00 0 119.1 
803.64 -1.00 -1.00 0 119.1 
804.00 -1.00 -1.00 0 119.1 
804.30 -1.00 -1.00 0 118.5 
804.50 -1.00 -1.00 0 118.5 
804.79 -1.00 -1.00 0 118.5 
805.12 -1.00 -1.00 0 118.5 
805.44 -1.00 -1.00 0 119.6 
805.64 -1.00 -1.00 0 119.6 
805.97 -1.00 -1.00 0 119.6 
806.29 -1.00 -1.00 0 118.8 
806.54 -1.00 -1.00 0 118.8 
806.88 -1.00 -1.00 1 118.8 
807.26 -1.00 -1.00 1 118.8 
807.55 -1.00 -1.00 1 120.6 
807.92 -1.00 -1.00 1 120.6 
808.28 -1.00 -1.00 1 120.3 
808.52 -1.00 -1.00 0 120.3 
808.81 -1.00 -1.00 0 120.3 
809.14 -1.00 -1.00 0 120.3 
809.41 -1.00 -1.00 0 121.2 
809.70 -1.00 -1.00 0 121.2 
810.08 -1.00 -1.00 0 121.2 
810.34 -1.00 -1.00 0 121.2 
810.60 -1.00 -1.00 0 121.2 
810.94 -1.00 -1.00 0 121.2 
811.24 -1.00 -1.00 0 121.0 
811.48 -1.00 -1.00 0 121.0 
811.67 -1.00 -1.00 0 121.0 
811.97 -1.00 -1.00 0 121.0 
812.25 -1.00 -1.00 0 121.4 
812.52 -1.00 -1.00 0 121.4 
812.75 -1.00 -1.00 0 121.4 
813.11 -1.00 -1.00 0 121.4 
813.43 -1.00 -1.00 0 121.0 
813.68 -1.00 -1.00 0 121.0 
814.07 -1.00 -1.00 0 121.0 
814.36 -1.00 -1.00 0 121.0 
814.56 -1.00 -1.00 0 121.0 
814.98 -1.00 -1.00 0 121.0 
815.26 -1.00 -1.00 0 119.2 
815.60 -1.00 -1.00 0 119.2 
815.92 -1.00 -1.00 0 119.2 
816.14 -1.00 -1.00 0 123.4 
816.45 -1.00 -1.00 0 123.4 
816.75 -1.00 -1.00 0 123.4 
817.10 -1.00 -1.00 0 123.4 
817.39 -1.00 -1.00 0 119.4 
817.58 -1.00 -1.00 0 119.4 
817.89 -1.00 -1.00 0 119.4 
818.09 -1.00 -1.00 0 117.5 
818.39 -1.00 -1.00 0 117.5 
818.58 -1.00 -1.00 0 117.5 
818.98 41.18 1.26 1 117.5 
819.30 41.19 1.26 1 117.5 
819.62 41.01 1.26 1 117.5 
819.87 40.81 1.25 1 117.5 
820.24 40.84 1.28 1 115.3 
820.51 40.88 1.28 2 115.3 
820.79 40.33 1.26 2 115.3 
821.13 40.09 1.25 2 115.3 
821.38 39.87 1.26 2 113.7 
821.74 39.37 1.25 2 113.7 
822.17 38.60 1.22 2 113.7 
822.50 38.22 1.21 2 113.9 
822.80 37.87 1.20 2 113.9 
823.16 37.26 1.18 2 113.9 
823.38 36.73 1.15 2 115.2 
823.73 36.26 1.13 2 115.2 
824.15 35.58 1.11 2 115.2 
824.53 34.69 1.07 1 117.2 
824.76 34.24 1.05 1 117.2 
825.08 34.49 1.06 1 117.2 
825.46 34.35 1.07 1 115.5 
825.77 34.58 1.08 1 115.5 
826.23 34.13 1.06 1 115.5 
826.53 33.75 1.05 1 116.0 
826.74 33.13 1.03 2 116.0 
827.12 32.34 1.00 2 116.0 
827.47 31.68 0.99 2 115.1 
827.74 30.64 0.96 2 115.1 
828.09 29.76 0.93 2 115.1 
828.46 29.01 0.91 2 114.7 
828.72 28.37 0.89 2 114.7 
829.09 27.84 0.87 2 114.7 
829.40 27.42 0.86 2 115.4 
829.70 26.84 0.84 2 115.4 
830.10 26.36 0.82 2 115.4 
830.41 26.20 0.82 2 115.2 
830.63 25.64 0.80 2 115.2 
830.91 25.37 0.79 2 115.2 
831.23 24.60 0.79 2 112.1 
831.58 23.95 0.77 2 112.1 
831.78 23.60 0.76 2 112.1 
832.37 22.75 0.74 2 111.0 
832.61 22.63 0.73 2 111.0 
832.90 22.36 0.72 2 111.0 
833.13 21.82 0.72 2 109.6 
833.45 21.90 0.72 2 109.6 
833.77 21.44 0.70 2 109.6 
834.11 20.93 0.69 2 109.6 
834.46 20.67 0.68 2 108.9 
834.69 20.04 0.66 2 108.9 
835.11 19.96 0.66 3 108.9 
835.57 19.48 0.65 3 108.5 
835.98 19.37 0.64 1 108.5 
836.22 18.88 0.63 2 108.6 
836.53 19.06 0.63 2 108.6 
836.80 18.64 0.62 2 108.6 
837.20 18.31 0.61 2 108.6 
837.39 18.03 0.59 2 110.1 
837.70 18.27 0.60 2 110.1 
837.96 17.89 0.58 2 110.1 
838.26 17.72 0.58 2 109.5 
838.56 17.48 0.57 2 109.5 
838.80 17.42 0.57 2 109.5 
839.13 17.65 0.58 2 109.5 
839.37 17.56 0.58 2 109.8 
839.65 17.63 0.58 2 109.8 
839.99 17.31 0.57 2 109.8 
840.18 17.05 0.55 1 110.7 
840.41 16.55 0.54 1 110.7 
840.70 16.35 0.53 1 110.7 
841.00 15.99 0.52 1 110.7 
841.30 15.81 0.50 1 113.3 
841.58 -1.00 -1.00 1 113.3 
841.93 -1.00 -1.00 1 113.3 
842.46 -1.00 -1.00 1 115.9 
842.74 -1.00 -1.00 2 115.9 
843.00 -1.00 -1.00 2 115.9 
843.28 -1.00 -1.00 2 118.4 
843.52 -1.00 -1.00 2 118.4 
843.90 -1.00 -1.00 1 118.4 
844.18 -1.00 -1.00 2 120.0 
844.48 -1.00 -1.00 2 120.0 
844.80 -1.00 -1.00 1 120.0 
845.08 -1.00 -1.00 1 120.0 
845.39 -1.00 -1.00 1 121.5 
845.59 -1.00 -1.00 1 121.5 
845.83 -1.00 -1.00 1 121.5 
846.22 -1.00 -1.00 1 121.5 
846.51 -1.00 -1.00 1 122.8 
846.79 -1.00 -1.00 1 122.8 
847.12 -1.00 -1.00 0 122.8 
847.41 -1.00 -1.00 0 123.5 
847.61 -1.00 -1.00 0 123.5 
847.98 -1.00 -1.00 0 123.5 
848.20 -1.00 -1.00 0 124.4 
848.43 -1.00 -1.00 0 124.4 
848.75 -1.00 -1.00 0 124.4 
849.18 -1.00 -1.00 0 124.4 
849.54 -1.00 -1.00 0 125.5 
849.91 -1.00 -1.00 0 125.5 
850.22 -1.00 -1.00 0 125.9 
850.54 -1.00 -1.00 0 125.9 
850.81 -1.00 -1.00 0 125.9 
851.10 -1.00 -1.00 0 125.9 
851.38 -1.00 -1.00 0 127.7 
851.59 -1.00 -1.00 0 127.7 
851.95 -1.00 -1.00 0 127.7 
852.18 -1.00 -1.00 0 127.4 
852.45 -1.00 -1.00 0 127.4 
852.67 -1.00 -1.00 0 127.4 
853.02 -1.00 -1.00 0 127.4 
853.26 -1.00 -1.00 0 126.3 
853.53 -1.00 -1.00 0 126.3 
853.79 -1.00 -1.00 0 126.3 
854.10 -1.00 -1.00 0 126.3 
854.32 -1.00 -1.00 0 124.4 
854.56 -1.00 -1.00 0 124.4 
854.78 -1.00 -1.00 0 124.4 
855.02 -1.00 -1.00 0 124.4 
855.24 -1.00 -1.00 0 122.5 
855.49 -1.00 -1.00 0 122.5 
855.75 -1.00 -1.00 0 122.5 
856.03 -1.00 -1.00 0 122.5 
856.23 -1.00 -1.00 0 121.1 
856.47 -1.00 -1.00 0 121.1 
856.73 -1.00 -1.00 0 121.1 
856.98 -1.00 -1.00 0 121.1 
857.22 -1.00 -1.00 0 119.1 
857.50 -1.00 -1.00 0 119.1 
857.91 -1.00 -1.00 0 119.1 
858.14 -1.00 -1.00 0 118.3 
858.39 -1.00 -1.00 0 118.3 
858.63 -1.00 -1.00 0 118.3 
858.94 -1.00 -1.00 0 118.3 
859.14 -1.00 -1.00 0 118.4 
859.48 -1.00 -1.00 0 118.4 
859.71 -1.00 -1.00 0 118.4 
860.03 -1.00 -1.00 0 118.4 
860.25 -1.00 -1.00 0 119.0 
860.56 -1.00 -1.00 0 119.0 
860.79 -1.00 -1.00 0 119.0 
861.15 -1.00 -1.00 0 119.0 
861.44 -1.00 -1.00 0 119.5 
861.70 -1.00 -1.00 0 119.5 
861.97 -1.00 -1.00 0 119.5 
862.28 -1.00 -1.00 0 120.6 
862.54 -1.00 -1.00 0 120.6 
862.77 -1.00 -1.00 0 120.6 
863.11 -1.00 -1.00 0 120.6 
863.32 -1.00 -1.00 0 120.9 
863.56 -1.00 -1.00 0 120.9 
863.82 -1.00 -1.00 0 120.9 
864.09 -1.00 -1.00 0 120.9 
864.32 -1.00 -1.00 0 121.1 
864.50 -1.00 -1.00 0 121.1 
864.76 -1.00 -1.00 0 121.1 
865.08 -1.00 -1.00 0 121.1 
865.28 -1.00 -1.00 0 121.2 
865.57 -1.00 -1.00 0 121.2 
865.89 -1.00 -1.00 0 121.2 
866.14 -1.00 -1.00 0 121.8 
866.33 -1.00 -1.00 0 121.8 
866.55 -1.00 -1.00 0 121.8 
866.80 -1.00 -1.00 0 121.8 
867.12 -1.00 -1.00 0 121.8 
867.38 -1.00 -1.00 0 120.2 
867.63 -1.00 -1.00 0 120.2 
867.98 -1.00 -1.00 0 120.2 
868.29 -1.00 -1.00 0 121.0 
868.57 -1.00 -1.00 0 121.0 
868.78 -1.00 -1.00 0 121.0 
869.15 -1.00 -1.00 0 121.0 
869.34 -1.00 -1.00 0 121.0 
869.65 -1.00 -1.00 0 121.0 
869.87 -1.00 -1.00 0 121.0 
870.16 -1.00 -1.00 0 118.4 
870.44 -1.00 -1.00 0 118.4 
870.73 -1.00 -1.00 0 118.4 
871.06 -1.00 -1.00 0 118.4 
871.34 -1.00 -1.00 0 115.9 
871.59 -1.00 -1.00 0 115.9 
871.80 -1.00 -1.00 0 115.9 
872.14 -1.00 -1.00 0 115.9 
872.35 -1.00 -1.00 0 114.0 
872.58 -1.00 -1.00 0 114.0 
872.83 -1.00 -1.00 1 114.0 
873.24 -1.00 -1.00 0 114.0 
873.50 -1.00 -1.00 0 113.3 
873.75 -1.00 -1.00 0 113.3 
874.11 -1.00 -1.00 0 113.3 
874.33 -1.00 -1.00 0 114.2 
874.63 -1.00 -1.00 0 114.2 
874.88 -1.00 -1.00 0 114.2 
875.15 -1.00 -1.00 0 113.7 
875.40 -1.00 -1.00 0 113.7 
875.63 -1.00 -1.00 0 113.7 
875.94 -1.00 -1.00 0 113.7 
876.23 -1.00 -1.00 0 112.8 
876.47 -1.00 -1.00 0 112.8 
876.72 -1.00 -1.00 0 112.8 
876.97 -1.00 -1.00 0 112.8 
877.33 -1.00 -1.00 0 112.4 
877.60 -1.00 -1.00 0 112.4 
877.94 -1.00 -1.00 0 112.4 
878.21 -1.00 -1.00 0 111.9 
878.50 -1.00 -1.00 0 111.9 
878.81 -1.00 -1.00 0 111.9 
879.14 -1.00 -1.00 0 111.9 
879.39 -1.00 -1.00 0 111.6 
879.66 -1.00 -1.00 0 111.6 
879.96 -1.00 -1.00 0 111.6 
880.29 -1.00 -1.00 0 111.8 
880.58 -1.00 -1.00 0 111.8 
880.93 -1.00 -1.00 0 111.8 
881.21 -1.00 -1.00 0 111.2 
881.47 -1.00 -1.00 0 111.2 
881.84 -1.00 -1.00 1 111.2 
882.14 -1.00 -1.00 0 111.2 
882.35 -1.00 -1.00 0 111.7 
882.67 -1.00 -1.00 0 111.7 
883.01 -1.00 -1.00 0 111.7 
883.33 -1.00 -1.00 0 113.1 
883.61 -1.00 -1.00 0 113.1 
883.93 -1.00 -1.00 0 113.1 
884.28 -1.00 -1.00 0 113.6 
884.50 -1.00 -1.00 0 113.6 
884.87 -1.00 -1.00 0 113.6 
885.09 -1.00 -1.00 0 113.9 
885.41 -1.00 -1.00 0 113.9 
885.67 -1.00 -1.00 0 113.9 
885.95 -1.00 -1.00 0 113.9 
886.26 48.04 1.51 1 114.8 
886.48 48.02 1.51 1 114.8 
886.76 47.37 1.49 1 114.8 
887.13 47.16 1.48 1 114.8 
887.41 46.21 1.46 2 114.1 
887.72 45.22 1.43 2 114.1 
888.18 45.51 1.44 2 114.1 
888.55 45.37 1.43 3 113.9 
888.90 44.86 1.42 3 113.9 
889.25 44.78 1.42 3 113.5 
889.57 43.94 1.39 3 113.5 
889.81 43.97 1.39 3 113.5 
890.25 43.56 1.38 3 113.5 
890.59 43.18 1.38 3 112.7 
890.90 43.85 1.40 3 112.7 
891.33 43.41 1.39 2 112.2 
891.60 43.53 1.40 2 112.2 
892.45 43.24 1.40 2 111.4 
892.70 42.47 1.37 2 111.4 
893.13 41.79 1.35 2 111.4 
893.39 41.19 1.34 2 110.4 
893.75 40.67 1.33 2 110.4 
893.97 40.25 1.31 2 110.4 
894.27 39.49 1.29 2 110.4 
894.45 39.23 1.28 2 110.4 
894.73 39.01 1.27 2 110.4 
894.99 38.83 1.27 2 110.4 
895.29 27.81 0.92 2 108.9 
895.60 38.96 1.29 2 108.9 
895.85 30.08 0.99 2 108.9 
896.11 30.41 1.01 2 108.9 
896.42 30.66 1.02 2 108.1 
896.61 32.31 1.08 2 108.1 
896.85 39.35 1.31 2 108.1 
897.11 39.11 1.30 3 108.1 
897.38 -1.00 -1.00 3 106.7 
897.67 -1.00 -1.00 3 106.7 
898.02 -1.00 -1.00 3 106.7 
898.24 -1.00 -1.00 3 105.3 
898.48 -1.00 -1.00 3 105.3 
898.70 -1.00 -1.00 2 105.3 
899.03 -1.00 -1.00 2 105.3 
899.30 -1.00 -1.00 2 103.8 
899.52 -1.00 -1.00 2 103.8 
899.83 -1.00 -1.00 2 103.8 
900.29 36.77 1.28 2 103.8 
900.62 -1.00 -1.00 2 104.6 
901.03 -1.00 -1.00 2 104.6 
901.33 -1.00 -1.00 2 104.6 
901.58 37.82 1.30 2 104.6 
901.92 -1.00 -1.00 2 104.6 
902.19 37.53 1.25 2 108.1 
902.51 38.11 1.27 2 108.1 
902.82 38.12 1.27 2 108.1 
903.17 37.32 1.24 2 108.1 
903.39 37.97 1.27 2 107.9 
903.76 38.49 1.28 2 107.9 
904.09 38.95 1.30 2 107.9 
904.34 32.45 1.08 2 107.8 
904.65 32.38 1.08 2 107.8 
904.99 -1.00 -1.00 2 107.8 
905.24 -1.00 -1.00 1 108.2 
905.53 -1.00 -1.00 1 108.2 
905.81 -1.00 -1.00 1 108.2 
906.09 -1.00 -1.00 1 108.2 
906.30 -1.00 -1.00 1 109.2 
906.61 -1.00 -1.00 1 109.2 
906.92 -1.00 -1.00 1 109.2 
907.17 -1.00 -1.00 2 108.3 
907.37 -1.00 -1.00 2 108.3 
907.67 41.01 1.36 2 108.3 
907.89 41.02 1.36 2 108.3 
908.18 -1.00 -1.00 2 108.3 
908.50 40.77 1.37 2 106.8 
908.77 -1.00 -1.00 2 106.8 
909.18 -1.00 -1.00 2 106.8 
909.43 -1.00 -1.00 2 105.2 
909.70 40.99 1.40 2 105.2 
910.00 -1.00 -1.00 2 105.2 
910.33 -1.00 -1.00 2 103.8 
910.61 -1.00 -1.00 1 103.8 
911.00 -1.00 -1.00 1 103.8 
911.36 -1.00 -1.00 1 102.0 
911.69 -1.00 -1.00 1 102.0 
912.37 -1.00 -1.00 1 100.4 
912.64 -1.00 -1.00 1 100.4 
912.87 -1.00 -1.00 1 100.4 
913.20 -1.00 -1.00 1 98.9 
913.43 -1.00 -1.00 1 98.9 
913.75 -1.00 -1.00 1 98.9 
914.13 -1.00 -1.00 1 98.9 
914.47 -1.00 -1.00 1 96.9 
914.73 -1.00 -1.00 1 96.9 
915.17 -1.00 -1.00 1 96.9 
915.43 -1.00 -1.00 1 97.5 
915.74 -1.00 -1.00 1 97.5 
916.14 -1.00 -1.00 1 97.5 
916.44 -1.00 -1.00 1 98.5 
916.78 -1.00 -1.00 1 98.5 
917.20 -1.00 -1.00 1 98.5 
917.46 -1.00 -1.00 1 98.5 
917.78 -1.00 -1.00 1 98.5 
918.11 -1.00 -1.00 1 98.5 
918.34 -1.00 -1.00 1 97.5 
918.55 -1.00 -1.00 1 97.5 
918.97 -1.00 -1.00 1 97.5 
919.26 -1.00 -1.00 1 96.7 
919.54 -1.00 -1.00 1 96.7 
919.91 -1.00 -1.00 1 96.7 
920.17 -1.00 -1.00 1 95.9 
920.44 -1.00 -1.00 1 95.9 
920.73 -1.00 -1.00 1 95.9 
921.05 -1.00 -1.00 1 95.9 
921.43 -1.00 -1.00 1 95.0 
921.73 -1.00 -1.00 1 95.0 
922.36 -1.00 -1.00 1 93.1 
922.61 -1.00 -1.00 1 93.1 
922.91 -1.00 -1.00 1 93.1 
923.20 -1.00 -1.00 1 93.2 
923.39 -1.00 -1.00 0 93.2 
923.67 -1.00 -1.00 0 93.2 
923.95 -1.00 -1.00 0 93.2 
924.17 -1.00 -1.00 1 92.7 
924.44 -1.00 -1.00 1 92.7 
924.67 -1.00 -1.00 1 92.7 
925.03 -1.00 -1.00 1 92.7 
925.31 -1.00 -1.00 1 91.0 
925.54 -1.00 -1.00 1 91.0 
925.84 -1.00 -1.00 1 91.0 
926.07 -1.00 -1.00 1 91.0 
926.35 -1.00 -1.00 1 91.0 
926.58 -1.00 -1.00 1 91.0 
926.78 -1.00 -1.00 1 91.0 
927.10 -1.00 -1.00 1 91.0 
927.35 -1.00 -1.00 1 90.0 
927.53 -1.00 -1.00 1 90.0 
927.82 -1.00 -1.00 1 90.0 
928.16 -1.00 -1.00 1 90.0 
928.38 -1.00 -1.00 1 88.9 
928.66 -1.00 -1.00 1 88.9 
929.14 -1.00 -1.00 1 88.9 
929.47 -1.00 -1.00 1 87.6 
929.73 -1.00 -1.00 1 87.6 
929.95 -1.00 -1.00 1 87.6 
930.28 -1.00 -1.00 1 87.6 
930.59 -1.00 -1.00 1 87.6 
930.85 57.65 2.37 1 87.6 
931.18 57.32 2.36 1 87.6 
931.47 57.14 2.48 1 82.9 
931.71 57.55 2.50 1 82.9 
932.32 -1.00 -1.00 1 84.2 
932.62 -1.00 -1.00 1 84.2 
932.85 -1.00 -1.00 1 84.2 
933.18 -1.00 -1.00 1 84.2 
933.39 -1.00 -1.00 1 83.4 
933.67 -1.00 -1.00 1 83.4 
934.04 -1.00 -1.00 1 83.4 
934.25 53.80 2.38 1 81.5 
934.50 54.28 2.40 1 81.5 
934.78 53.55 2.37 1 81.5 
935.06 54.10 2.39 1 81.5 
935.28 53.90 2.43 1 79.9 
935.56 -1.00 -1.00 1 79.9 
935.76 51.58 2.32 1 79.9 
936.10 -1.00 -1.00 1 79.9 
936.36 49.65 2.28 1 78.6 
936.62 49.99 2.29 1 78.6 
936.93 49.66 2.28 1 78.6 
937.17 48.85 2.28 1 77.3 
937.41 48.67 2.27 1 77.3 
937.72 48.51 2.26 1 77.3 
938.09 48.38 2.25 1 77.3 
938.37 48.89 2.32 1 76.0 
938.71 48.73 2.31 1 76.0 
939.05 49.17 2.33 1 76.0 
939.32 48.92 2.36 1 74.8 
939.58 49.36 2.38 1 74.8 
939.89 49.74 2.39 1 74.8 
940.17 50.06 2.45 1 73.7 
940.46 49.74 2.43 1 73.7 
940.67 50.07 2.45 1 73.7 
941.10 49.76 2.43 1 73.7 
941.39 49.48 2.49 1 71.5 
941.71 49.87 2.51 1 71.5 
942.32 50.01 2.61 1 68.9 
942.62 49.16 2.57 2 68.9 
942.89 48.94 2.56 2 68.9 
943.30 48.74 2.55 2 68.9 
943.50 48.02 2.64 2 65.4 
943.82 47.38 2.61 2 65.4 
944.19 46.82 2.58 2 65.4 
944.52 46.90 2.75 2 61.5 
944.84 48.46 2.84 2 61.5 
945.23 48.35 2.83 2 61.5 
945.57 48.26 2.86 2 60.8 
946.00 47.61 2.82 2 60.8 
946.29 48.30 2.96 2 58.7 
946.62 46.75 2.87 2 58.7 
946.85 45.80 2.81 2 58.7 
947.23 46.06 2.82 2 58.7 
947.53 46.28 2.89 2 57.7 
947.81 46.49 2.90 2 57.7 
948.22 46.07 2.88 2 57.7 
948.45 45.71 2.92 2 56.3 
948.72 46.67 2.98 1 56.3 
949.08 46.82 2.99 1 56.3 
949.34 47.59 3.15 1 54.3 
949.62 -1.00 -1.00 1 54.3 
949.99 -1.00 -1.00 1 54.3 
950.33 -1.00 -1.00 1 53.1 
950.63 -1.00 -1.00 1 53.1 
950.83 -1.00 -1.00 1 53.1 
951.10 -1.00 -1.00 1 53.1 
951.34 -1.00 -1.00 1 52.7 
951.63 -1.00 -1.00 1 52.7 
951.91 -1.00 -1.00 1 52.7 
952.18 -1.00 -1.00 1 52.7 
952.49 -1.00 -1.00 1 51.2 
952.73 -1.00 -1.00 1 51.2 
952.97 -1.00 -1.00 2 51.2 
