22.97 64.0 40.505798 -3.356529 604.8 3 5 274.9 0.703 0 0 0 
23.96 67.5 40.505814 -3.356752 605.0 3 5 275.6 0.703 0 0 0 
24.98 72.4 40.505833 -3.356981 605.2 3 5 274.6 1.055 2 0 0 
25.97 76.8 40.505848 -3.357232 605.3 3 5 274.6 1.055 0 0 0 
26.96 80.9 40.505867 -3.357494 606.0 3 5 274.6 0 0 0 0 
27.97 84.2 40.505886 -3.357765 606.3 3 5 274.2 0.352 1 0 0 
28.96 87.9 40.505905 -3.358050 605.9 3 5 275.6 1.406 2 0 0 
30.01 87.0 40.505932 -3.358337 605.6 3 5 276.0 1.758 2 0 0 
30.98 88.7 40.505947 -3.358623 605.2 3 5 276.0 0.352 1 0 0 
31.97 90.7 40.505962 -3.358915 604.8 3 5 274.2 1.758 0 4 0 
32.98 89.6 40.505978 -3.359208 604.5 3 5 273.9 2.109 0 3 0 
33.95 89.1 40.505989 -3.359499 604.9 3 5 272.8 1.406 0 3 0 
34.97 86.6 40.505997 -3.359790 605.0 3 5 270.7 3.164 0 3 0 
35.96 85.9 40.505997 -3.360076 605.1 3 5 268.9 3.867 0 2 0 
36.96 85.9 40.505997 -3.360076 605.1 3 5 268.9 3.867 0 2 0 
37.95 84.0 40.505970 -3.360651 605.5 3 5 267.2 1.758 1 2 0 
38.94 82.5 40.505951 -3.360924 606.1 4 5 265.8 1.406 0 2 0 
39.98 82.9 40.505928 -3.361189 606.5 4 5 263.0 4.219 1 2 0 
40.94 82.9 40.505898 -3.361455 607.1 4 5 261.2 4.570 2 3 0 
41.96 83.4 40.505859 -3.361729 607.3 6 5 259.8 3.164 0 3 0 
43.01 82.7 40.505825 -3.361990 607.9 4 5 258.8 2.461 0 3 0 
43.95 82.2 40.505783 -3.362255 608.5 4 5 258.0 1.758 0 3 0 
44.95 81.7 40.505733 -3.362507 609.2 4 5 257.0 1.758 0 3 0 
45.96 82.0 40.505684 -3.362758 609.5 4 5 255.6 2.461 0 2 0 
46.95 82.8 40.505630 -3.363008 609.8 4 5 254.2 2.812 0 2 0 
47.95 83.4 40.505569 -3.363267 610.3 4 5 252.8 2.812 0 2 0 
49.02 84.2 40.505512 -3.363521 610.7 4 5 251.4 2.812 2 2 0 
49.99 85.3 40.505440 -3.363786 610.8 4 5 251.0 1.758 2 3 0 
51.00 87.4 40.505379 -3.364049 611.1 4 5 250.3 1.055 1 3 0 
51.96 89.6 40.505306 -3.364311 613.6 4 5 249.3 1.758 0 3 0 
52.95 90.5 40.505230 -3.364593 612.5 4 5 248.9 1.406 1 3 0 
53.96 90.7 40.505146 -3.364862 612.7 4 5 248.6 0.703 0 3 0 
55.04 89.0 40.505062 -3.365135 612.6 3 5 246.8 2.109 0 3 0 
55.95 87.0 40.504967 -3.365396 612.7 3 5 242.9 5.625 0 3 0 
56.96 85.6 40.504871 -3.365645 612.7 3 5 240.8 5.977 0 3 0 
57.95 83.6 40.504761 -3.365884 612.4 3 5 239.4 3.516 0 3 0 
58.96 83.3 40.504654 -3.366116 612.4 3 5 238.7 2.109 0 2 0 
60.00 82.3 40.504547 -3.366352 611.5 3 5 238.7 0.703 0 2 0 
60.96 81.2 40.504436 -3.366575 613.4 3 5 238.0 0.703 0 2 0 
61.95 80.7 40.504322 -3.366799 612.5 3 5 237.7 1.055 0 2 0 
62.97 80.5 40.504211 -3.367024 610.6 3 5 237.3 0.703 0 2 0 
63.97 82.2 40.504108 -3.367249 610.6 3 5 237.7 0.352 1 2 0 
64.96 84.8 40.503994 -3.367477 610.9 3 5 237.7 0.352 0 2 0 
65.96 86.4 40.503872 -3.367721 610.8 3 5 237.3 0.352 0 2 0 
66.96 86.9 40.503754 -3.367960 610.9 3 5 238.0 0.703 0 2 0 
67.96 86.9 40.503635 -3.368203 610.6 3 5 238.4 1.055 0 2 0 
68.99 91.2 40.503521 -3.368465 610.1 3 5 238.0 0.352 0 2 0 
69.96 93.4 40.503391 -3.368719 610.0 3 5 237.3 1.055 0 2 0 
71.03 94.4 40.503258 -3.368980 610.4 3 5 237.0 1.055 0 2 0 
71.96 97.1 40.503128 -3.369252 610.4 3 5 237.3 0.352 0 2 0 
72.97 100.2 40.502995 -3.369531 610.3 3 5 237.7 0.703 0 2 0 
73.96 100.5 40.502857 -3.369811 610.0 3 5 237.3 0.352 0 2 0 
75.03 99.5 40.502724 -3.370082 609.7 3 5 237.3 0.352 0 2 0 
75.96 100.4 40.502586 -3.370360 609.6 3 5 237.3 0 0 2 0 
77.01 101.6 40.502453 -3.370641 609.7 3 5 237.3 0 0 2 0 
77.96 102.6 40.502312 -3.370924 609.4 3 5 237.3 0 0 2 0 
78.99 102.3 40.502174 -3.371205 609.0 3 5 237.3 0 0 2 0 
79.96 101.6 40.502033 -3.371488 608.8 3 5 237.3 0 0 2 0 
80.98 100.5 40.501900 -3.371762 609.1 3 5 237.3 0 0 2 0 
81.94 99.6 40.501766 -3.372035 608.4 3 5 237.3 0 0 2 0 
82.97 99.3 40.501633 -3.372309 607.7 3 5 237.3 0 0 2 0 
83.97 99.4 40.501499 -3.372583 609.2 3 5 237.3 0 0 2 0 
84.97 99.4 40.501362 -3.372854 609.6 3 5 237.0 0.352 0 2 0 
85.95 99.7 40.501225 -3.373129 608.2 3 5 237.3 0.352 0 2 0 
86.96 100.4 40.501091 -3.373409 607.7 3 5 237.3 0.352 0 2 0 
87.96 99.9 40.500954 -3.373682 607.3 3 5 237.3 0 0 2 0 
88.97 98.4 40.500820 -3.373952 607.1 3 5 237.3 0 0 1 0 
89.95 97.0 40.500690 -3.374216 606.2 3 5 237.3 0 0 1 0 
91.01 95.8 40.500561 -3.374480 606.1 3 5 237.3 0 0 1 0 
92.01 94.6 40.500427 -3.374740 607.5 3 5 237.0 0.352 0 1 0 
92.97 94.0 40.500298 -3.374993 606.1 3 5 236.6 0.703 1 1 0 
93.97 92.5 40.500164 -3.375244 605.7 3 5 235.5 1.406 2 1 0 
94.97 93.7 40.500027 -3.375493 605.8 3 5 234.5 2.109 0 1 0 
95.97 96.6 40.499889 -3.375748 605.9 3 5 235.5 2.109 0 1 0 
96.95 99.1 40.499756 -3.376016 606.1 3 5 236.2 1.758 0 1 0 
97.97 103.2 40.499611 -3.376295 605.5 3 5 235.5 0.703 0 1 0 
98.99 104.7 40.499462 -3.376578 607.5 3 5 235.9 0.352 0 1 0 
99.95 108.1 40.499306 -3.376867 609.9 3 5 235.9 0.352 0 1 0 
100.95 107.6 40.499161 -3.377158 609.5 3 5 236.2 0.352 0 1 0 
101.96 109.7 40.499008 -3.377455 608.4 3 5 235.9 0.352 0 1 0 
102.95 109.6 40.498859 -3.377762 605.6 3 5 236.2 0.352 0 1 0 
103.95 109.4 40.498703 -3.378060 606.3 3 5 236.2 0.352 0 1 0 
104.95 110.7 40.498550 -3.378357 606.2 3 5 236.6 0.352 0 1 0 
105.95 111.1 40.498398 -3.378659 605.6 3 5 236.2 0.352 0 1 0 
106.99 111.6 40.498249 -3.378967 605.3 3 5 236.2 0.352 0 1 0 
107.95 110.2 40.498096 -3.379268 605.3 3 5 236.6 0.352 0 1 0 
108.99 109.1 40.497944 -3.379567 604.4 3 5 236.2 0.352 0 1 0 
109.95 107.6 40.497795 -3.379859 604.0 3 5 236.2 0.352 0 1 0 
111.01 106.8 40.497646 -3.380155 606.2 3 5 236.2 0 0 0 0 
111.95 106.1 40.497501 -3.380442 608.4 3 5 235.9 0.352 0 0 0 
112.95 107.2 40.497353 -3.380728 605.5 3 5 235.9 0 0 0 0 
113.95 108.3 40.497208 -3.381028 604.4 3 5 236.2 0.352 0 0 0 
114.95 108.9 40.497055 -3.381320 604.3 3 5 236.6 0.703 0 0 0 
116.08 107.7 40.496902 -3.381613 604.3 3 5 236.2 0.352 0 0 0 
116.95 107.6 40.496750 -3.381907 604.0 3 5 236.6 0.352 0 0 0 
117.95 104.8 40.496601 -3.382191 604.2 3 5 236.2 0.352 0 0 0 
118.96 106.2 40.496456 -3.382482 604.2 3 5 235.9 0.703 0 0 0 
120.00 105.7 40.496307 -3.382761 604.7 3 5 235.2 1.055 0 0 0 
120.96 105.0 40.496159 -3.383042 604.6 3 5 234.8 1.055 0 0 0 
121.97 104.4 40.496006 -3.383324 604.0 3 5 234.5 0.703 0 0 0 
122.95 105.4 40.495850 -3.383607 603.9 3 5 234.5 0.352 0 0 0 
123.96 104.6 40.495697 -3.383885 603.9 3 5 234.1 0.352 0 0 0 
124.96 104.9 40.495541 -3.384161 603.8 3 5 233.8 0.703 0 0 0 
125.96 104.9 40.495384 -3.384438 604.2 3 5 233.8 0.352 0 0 0 
126.95 104.4 40.495251 -3.384720 604.5 3 5 234.1 0.352 0 0 0 
128.00 105.2 40.495094 -3.384995 605.0 3 5 233.1 1.055 0 0 0 
128.96 105.2 40.494934 -3.385269 604.8 3 5 232.4 1.758 0 0 0 
129.96 107.6 40.494766 -3.385544 604.9 3 5 232.0 1.055 0 0 0 
130.96 106.9 40.494598 -3.385825 605.0 3 5 231.3 1.055 0 0 0 
131.97 105.2 40.494434 -3.386099 604.8 3 5 231.3 0.703 0 0 0 
132.96 104.2 40.494267 -3.386370 604.9 3 5 231.0 0.352 0 0 0 
134.01 103.6 40.494102 -3.386626 604.6 3 5 230.6 0.703 0 0 0 
134.96 101.8 40.493938 -3.386880 604.7 3 5 230.3 0.703 0 0 0 
135.96 102.3 40.493774 -3.387133 604.2 3 5 229.9 0.703 0 0 0 
137.02 102.2 40.493607 -3.387387 603.8 3 5 230.6 0.703 0 0 0 
137.99 101.7 40.493443 -3.387645 603.3 3 5 229.6 1.055 0 0 0 
138.97 100.3 40.493290 -3.387895 605.2 3 5 229.2 1.406 0 0 0 
139.97 99.1 40.493122 -3.388137 603.8 3 5 228.9 0.703 0 0 0 
140.98 99.0 40.492962 -3.388384 603.1 3 5 228.5 0.703 0 0 0 
141.97 99.0 40.492802 -3.388627 603.2 3 5 228.5 0.352 0 0 0 
142.97 97.5 40.492630 -3.388868 603.0 3 5 228.2 0.352 0 0 0 
144.03 98.5 40.492462 -3.389114 603.5 3 5 227.8 0.703 0 0 0 
144.96 100.8 40.492290 -3.389355 603.5 3 5 226.8 1.406 0 0 0 
145.98 103.0 40.492111 -3.389606 603.2 3 5 226.8 1.055 0 0 0 
146.97 105.3 40.491932 -3.389844 603.3 3 5 226.4 0.352 0 0 0 
148.00 106.8 40.491745 -3.390099 602.6 3 5 226.4 0.352 0 0 0 
148.98 108.3 40.491558 -3.390357 602.4 3 5 226.1 0.352 0 0 0 
149.95 108.6 40.491371 -3.390618 603.0 3 5 226.1 0.352 0 0 0 
150.99 109.0 40.491177 -3.390878 603.8 3 5 225.7 0.352 0 0 0 
151.97 108.5 40.490986 -3.391129 603.5 4 5 225.7 0.352 0 0 0 
153.03 108.6 40.490788 -3.391393 602.7 4 5 226.1 0.352 0 0 0 
153.97 108.7 40.490601 -3.391652 602.7 3 5 226.1 0.352 0 0 0 
154.98 107.8 40.490417 -3.391905 602.1 3 5 226.1 0 0 0 0 
155.95 107.0 40.490231 -3.392156 601.7 4 5 226.1 0 0 0 0 
156.96 105.8 40.490044 -3.392409 601.4 4 5 226.1 0 0 0 0 
158.02 104.7 40.489857 -3.392664 601.5 4 5 225.7 0.352 0 0 0 
158.95 103.6 40.489685 -3.392903 601.1 4 5 226.1 0.352 0 0 0 
159.98 103.1 40.489498 -3.393155 600.3 4 5 226.4 0.703 0 0 0 
160.95 104.4 40.489315 -3.393414 600.1 4 5 226.1 0.703 0 0 0 
161.96 105.8 40.489136 -3.393652 599.6 4 5 226.1 0.352 0 0 0 
162.95 107.9 40.488953 -3.393897 599.5 4 5 226.1 0 0 0 0 
163.96 108.3 40.488766 -3.394150 601.2 4 5 226.1 0 0 0 0 
164.95 108.9 40.488571 -3.394414 603.2 4 5 226.1 0 0 0 0 
165.96 109.3 40.488396 -3.394677 603.1 4 5 226.1 0 1 0 0 
166.95 109.7 40.488205 -3.394936 602.7 4 5 226.1 0 0 0 0 
167.95 108.7 40.488010 -3.395186 598.4 4 5 225.7 0 0 0 0 
168.97 107.4 40.487835 -3.395431 598.9 4 5 226.1 0.352 0 0 0 
169.96 108.1 40.487640 -3.395684 599.5 4 5 225.7 0.352 1 0 0 
170.96 109.2 40.487450 -3.395931 599.7 4 5 225.0 1.055 0 0 0 
172.04 108.5 40.487247 -3.396186 600.3 4 5 224.3 1.406 0 0 0 
172.94 109.0 40.487045 -3.396440 600.5 4 5 223.9 1.406 2 0 0 
173.95 108.8 40.486843 -3.396701 600.5 4 5 223.2 1.055 0 0 0 
175.08 108.4 40.486641 -3.396938 600.6 3 5 222.9 1.055 0 0 0 
175.95 106.9 40.486446 -3.397172 600.7 3 5 222.9 0.352 0 0 0 
176.96 106.9 40.486252 -3.397410 600.8 4 5 222.2 0.703 0 0 0 
178.04 106.5 40.486050 -3.397643 600.5 4 5 221.1 1.758 0 0 0 
178.98 106.6 40.485847 -3.397871 600.6 4 5 221.5 0.703 0 0 0 
179.96 104.4 40.485653 -3.398087 600.8 4 5 219.7 1.758 0 0 0 
180.95 104.1 40.485455 -3.398300 600.8 4 5 219.0 2.461 0 0 0 
181.96 104.3 40.485256 -3.398516 600.8 4 5 218.7 1.055 0 0 0 
182.96 103.4 40.485050 -3.398716 600.0 4 5 218.3 0.703 0 0 0 
183.96 104.9 40.484844 -3.398926 599.9 4 5 217.6 1.055 0 0 0 
184.96 105.0 40.484638 -3.399129 599.9 4 5 217.3 1.055 0 0 0 
185.96 105.1 40.484425 -3.399330 599.8 3 5 216.6 1.055 0 0 0 
187.00 104.8 40.484215 -3.399538 599.5 4 5 216.6 0.703 0 0 0 
187.98 104.8 40.484005 -3.399742 599.5 4 5 216.6 0 0 0 0 
188.97 105.4 40.483795 -3.399938 598.9 4 5 216.2 0.352 0 0 0 
189.96 105.7 40.483578 -3.400146 598.2 3 5 216.9 0.703 0 0 0 
190.95 106.2 40.483364 -3.400353 598.2 4 5 216.6 0.352 0 0 0 
191.97 107.0 40.483150 -3.400560 597.8 3 5 216.6 0.352 0 0 0 
193.03 107.5 40.482933 -3.400774 597.5 3 5 216.6 0 0 0 0 
193.96 108.3 40.482719 -3.400993 596.8 3 5 217.6 0 0 0 0 
194.95 107.6 40.482502 -3.401200 596.8 3 5 216.6 1.055 0 0 0 
195.97 107.0 40.482292 -3.401413 596.3 3 5 216.6 1.055 0 0 0 
196.97 106.7 40.482075 -3.401620 595.6 3 5 216.6 0 0 0 0 
197.96 107.5 40.481861 -3.401830 595.2 3 5 216.6 0 0 0 0 
199.01 108.8 40.481640 -3.402037 595.6 3 5 216.2 0.352 0 0 0 
200.02 110.5 40.481411 -3.402251 595.6 3 5 216.9 0.703 0 0 0 
200.97 109.0 40.481194 -3.402459 595.0 3 5 216.6 0.352 0 0 0 
201.96 109.4 40.480980 -3.402673 594.5 3 5 216.6 0.352 0 0 0 
202.97 108.9 40.480759 -3.402889 594.3 3 5 216.6 0 0 0 0 
203.97 108.8 40.480545 -3.403105 594.1 3 5 216.6 0 0 0 0 
204.95 108.8 40.480328 -3.403323 594.3 3 5 216.9 0.352 0 0 0 
205.96 107.8 40.480114 -3.403533 594.6 3 5 216.7 0.258 0 0 0 
206.96 108.8 40.479889 -3.403756 594.2 3 5 217.1 0.405 0 0 0 
207.95 109.2 40.479683 -3.403977 593.7 3 5 217.1 0.405 0 0 0 
208.99 110.0 40.479462 -3.404205 592.4 3 5 219.4 2.360 0 0 0 
209.95 111.2 40.479252 -3.404447 592.2 4 5 221.1 4.064 0 0 0 
210.97 111.0 40.479046 -3.404675 591.7 4 5 221.4 2.020 0 0 0 
211.97 111.9 40.478817 -3.404929 591.5 3 5 221.4 0.316 1 0 0 
212.97 114.2 40.478615 -3.405167 591.8 3 5 222.4 0.969 0 0 0 
213.95 114.8 40.478401 -3.405425 591.5 3 5 222.9 1.449 1 0 0 
214.95 115.8 40.478191 -3.405679 591.0 3 5 223.9 1.535 0 0 0 
215.94 115.6 40.477982 -3.405939 591.7 3 5 224.6 1.758 1 0 0 
216.94 114.5 40.477779 -3.406195 590.7 3 5 225.4 1.406 0 0 0 
217.95 114.8 40.477573 -3.406471 590.5 3 5 226.8 2.109 0 0 0 
218.96 114.7 40.477375 -3.406750 589.8 3 5 227.8 2.109 0 0 0 
219.94 114.1 40.477184 -3.407032 589.4 4 5 228.9 2.109 0 0 0 
220.98 113.2 40.476997 -3.407320 589.3 4 5 229.9 2.109 0 0 0 
221.95 114.1 40.476810 -3.407608 588.6 4 5 230.3 1.406 0 0 0 
222.96 113.1 40.476631 -3.407892 587.9 4 5 231.3 1.406 0 0 0 
223.96 112.9 40.476460 -3.408182 588.4 4 5 232.4 2.109 0 0 0 
224.95 112.5 40.476288 -3.408476 589.6 4 5 233.4 2.109 0 0 0 
225.95 111.7 40.476120 -3.408770 590.1 3 5 234.1 1.758 0 0 0 
226.96 111.5 40.475964 -3.409068 589.3 3 5 234.8 1.406 0 0 0 
227.95 111.6 40.475803 -3.409364 588.3 3 5 235.5 1.406 0 0 0 
228.96 111.2 40.475658 -3.409664 587.6 3 5 237.0 2.109 0 0 0 
229.98 111.6 40.475510 -3.409975 587.8 3 5 237.7 2.109 0 0 0 
230.95 110.8 40.475357 -3.410297 588.3 3 5 238.7 1.758 0 0 0 
231.96 109.3 40.475220 -3.410613 589.7 3 5 239.4 1.758 0 0 0 
232.98 108.7 40.475082 -3.410914 589.7 3 5 240.1 1.406 0 0 0 
233.95 108.3 40.474960 -3.411221 590.2 3 5 241.2 1.758 0 0 0 
234.96 107.2 40.474842 -3.411519 589.8 3 5 242.9 2.812 0 0 0 
235.94 107.9 40.474716 -3.411834 589.5 3 5 243.3 2.109 0 0 0 
236.98 107.8 40.474594 -3.412157 589.0 3 5 244.0 2.109 0 0 0 
237.95 108.0 40.474483 -3.412480 589.4 3 5 244.7 1.406 0 0 0 
238.99 108.2 40.474377 -3.412799 588.8 3 5 245.4 1.406 0 0 0 
239.96 108.8 40.474262 -3.413130 589.1 3 5 246.1 1.406 0 0 0 
240.96 109.2 40.474152 -3.413452 589.7 3 5 246.8 1.406 0 0 0 
241.96 109.2 40.474152 -3.413452 589.7 3 5 246.8 1.406 0 0 0 
242.96 109.1 40.473942 -3.414123 590.6 4 5 248.6 1.758 0 0 0 
243.96 109.0 40.473846 -3.414450 590.8 4 5 250.0 2.461 0 0 0 
244.95 108.6 40.473755 -3.414781 590.9 4 5 250.7 2.109 0 0 0 
245.95 108.3 40.473675 -3.415112 591.8 4 5 251.7 1.758 0 0 0 
246.97 107.6 40.473591 -3.415453 591.9 4 5 252.4 1.758 0 0 0 
247.95 106.8 40.473503 -3.415782 592.3 4 5 252.1 0.352 0 0 0 
248.95 106.2 40.473423 -3.416106 593.0 4 5 251.7 0.703 0 0 0 
249.94 105.7 40.473347 -3.416436 592.7 4 5 252.1 0.352 0 0 0 
251.01 104.9 40.473270 -3.416760 592.6 4 5 252.1 0.352 0 0 0 
251.97 104.5 40.473186 -3.417084 592.6 4 5 251.7 0.352 0 0 0 
252.95 103.2 40.473103 -3.417403 592.5 4 5 251.4 0.703 0 0 0 
253.97 103.2 40.473019 -3.417723 592.2 4 5 251.4 0.352 0 0 0 
254.98 103.4 40.472935 -3.418053 592.2 4 5 251.4 0 0 0 0 
256.03 101.7 40.472855 -3.418367 591.8 4 5 252.1 0.703 0 0 0 
257.04 102.6 40.472778 -3.418688 591.6 4 5 252.1 0.703 0 0 0 
258.07 105.0 40.472706 -3.419017 591.8 4 5 252.1 0.703 0 0 0 
258.96 107.1 40.472622 -3.419348 591.9 4 5 251.7 0.352 0 0 0 
260.00 108.0 40.472534 -3.419683 591.3 4 5 251.7 0.352 0 0 0 
261.03 109.3 40.472454 -3.420024 590.9 4 5 251.7 0.352 0 0 0 
261.95 109.3 40.472454 -3.420024 590.9 4 5 251.7 0 0 0 0 
263.00 111.5 40.472271 -3.420702 589.7 3 5 250.7 1.055 0 0 0 
263.96 110.5 40.472176 -3.421042 589.2 3 5 249.6 1.758 2 0 0 
265.00 109.9 40.472084 -3.421376 588.6 3 5 249.3 1.406 0 0 0 
265.99 109.0 40.471989 -3.421710 588.4 4 5 248.9 0.703 0 0 0 
267.01 108.0 40.471893 -3.422044 588.2 4 5 249.6 0.703 0 0 0 
267.99 108.9 40.471790 -3.422375 587.8 4 5 250.0 1.055 0 0 0 
268.94 108.0 40.471703 -3.422713 587.4 4 5 250.0 0.352 0 0 0 
269.99 106.3 40.471611 -3.423044 588.1 3 5 250.0 0 0 0 0 
270.96 105.0 40.471535 -3.423369 587.6 4 5 249.6 0.352 0 0 0 
271.97 104.7 40.471443 -3.423689 587.1 4 5 249.6 0.352 0 0 0 
272.95 102.6 40.471348 -3.424006 585.9 4 5 249.3 0.352 0 0 0 
273.96 100.9 40.471252 -3.424327 585.3 3 5 249.3 0.352 0 0 0 
274.97 99.8 40.471161 -3.424629 584.0 4 5 248.9 0.352 0 0 0 
275.95 98.0 40.471085 -3.424922 584.6 4 5 249.3 0.352 0 0 0 
276.96 98.0 40.470985 -3.425230 584.2 4 5 248.9 0.352 0 0 0 
277.95 98.9 40.470894 -3.425549 583.5 4 5 248.9 0.352 0 0 0 
278.95 100.0 40.470798 -3.425850 583.9 4 5 248.9 0 1 0 0 
279.95 101.8 40.470707 -3.426167 585.3 4 5 248.9 0 1 0 0 
280.97 103.2 40.470615 -3.426476 586.9 3 5 249.3 0 1 0 0 
281.99 104.6 40.470520 -3.426795 587.5 3 5 249.3 0.352 1 0 0 
282.95 103.8 40.470440 -3.427106 587.8 4 5 249.3 0 1 1 0 
283.99 103.7 40.470345 -3.427421 588.1 4 5 250.3 0 1 1 0 
285.01 104.9 40.470253 -3.427749 587.2 4 5 250.7 1.055 1 1 0 
285.96 106.0 40.470169 -3.428062 586.6 4 5 251.4 1.055 2 1 0 
286.96 107.1 40.470093 -3.428383 587.8 4 5 252.4 1.758 0 1 0 
287.98 108.5 40.470009 -3.428722 588.9 4 5 252.8 1.406 0 1 0 
288.95 107.4 40.469929 -3.429065 588.6 4 5 252.8 0.352 0 1 0 
289.98 107.7 40.469841 -3.429403 588.8 4 5 252.1 0.703 0 1 0 
290.97 105.6 40.469765 -3.429731 590.2 4 5 252.4 0.352 0 1 0 
291.98 106.2 40.469685 -3.430058 589.8 4 5 252.8 0.703 0 1 0 
292.96 105.3 40.469608 -3.430384 590.6 4 5 254.2 1.758 0 1 0 
293.96 106.7 40.469540 -3.430716 590.7 4 5 254.9 2.109 0 1 0 
294.96 107.4 40.469471 -3.431062 591.9 3 5 255.6 1.406 0 1 0 
295.96 108.7 40.469410 -3.431414 594.3 3 5 256.3 1.406 0 1 0 
296.96 109.7 40.469349 -3.431768 594.7 3 5 257.3 1.758 0 1 0 
297.96 110.6 40.469296 -3.432126 595.3 3 5 258.0 1.758 0 1 0 
298.95 112.1 40.469231 -3.432491 594.6 3 5 258.8 1.406 0 1 0 
299.95 114.2 40.469177 -3.432853 595.1 3 5 258.8 0.703 0 1 0 
300.97 113.3 40.469128 -3.433216 595.8 3 5 258.4 0.352 0 1 0 
302.01 112.7 40.469067 -3.433580 596.6 3 5 258.8 0.352 0 1 0 
302.97 111.1 40.469009 -3.433937 596.6 3 5 258.8 0.352 0 1 0 
303.97 110.8 40.468960 -3.434297 597.3 3 5 258.8 0 0 1 0 
304.98 109.9 40.468914 -3.434658 597.3 4 5 258.8 0 0 1 0 
305.94 107.9 40.468857 -3.435006 597.6 4 5 258.0 0 0 1 0 
306.97 107.5 40.468800 -3.435351 600.8 4 5 257.3 1.406 0 1 0 
307.96 105.9 40.468739 -3.435689 599.6 4 5 257.7 0.352 0 1 0 
308.97 105.4 40.468678 -3.436024 598.6 4 5 257.3 0.352 1 1 0 
309.95 105.7 40.468620 -3.436355 597.7 4 5 257.7 0.352 0 1 0 
311.00 105.7 40.468567 -3.436688 597.9 4 5 257.3 0.352 0 1 0 
311.96 106.3 40.468506 -3.437026 601.1 3 5 257.0 0.703 0 1 0 
312.97 105.2 40.468449 -3.437370 598.7 3 5 257.0 0.352 0 1 0 
314.00 104.2 40.468399 -3.437691 597.4 4 5 257.0 0 1 1 0 
314.95 103.4 40.468334 -3.438021 597.2 4 5 257.0 0 1 1 0 
315.95 103.6 40.468281 -3.438353 596.6 4 5 256.6 0 1 2 0 
316.98 103.6 40.468224 -3.438687 596.2 4 5 256.6 0.352 0 2 0 
317.96 103.3 40.468163 -3.439006 596.6 4 5 257.0 0.352 0 2 0 
318.98 105.0 40.468098 -3.439345 595.6 4 5 257.0 0.352 0 2 0 
319.97 105.0 40.468037 -3.439680 595.0 4 5 257.0 0 0 2 0 
320.96 104.7 40.467979 -3.440017 594.8 4 5 257.3 0 0 2 0 
321.95 103.7 40.467926 -3.440351 594.2 4 5 258.0 1.055 0 2 0 
322.97 102.8 40.467873 -3.440686 593.9 4 5 258.8 1.406 1 2 0 
323.96 101.6 40.467823 -3.441012 593.5 3 5 259.1 1.055 1 2 0 
324.96 100.3 40.467777 -3.441328 592.8 3 5 259.8 1.055 0 2 0 
325.95 98.7 40.467731 -3.441648 592.4 3 5 260.2 1.055 0 2 0 
327.00 97.4 40.467690 -3.441960 592.3 3 5 260.9 1.055 0 2 0 
327.95 95.4 40.467655 -3.442261 591.9 3 5 260.9 0.703 0 2 0 
328.98 94.8 40.467621 -3.442575 592.5 3 5 262.3 1.406 0 2 0 
329.96 95.8 40.467587 -3.442883 591.1 3 5 263.0 2.109 1 2 0 
330.94 92.9 40.467564 -3.443191 591.5 3 5 263.0 0.703 0 2 0 
331.95 94.6 40.467541 -3.443497 590.6 3 5 263.0 0 0 2 0 
332.99 95.5 40.467510 -3.443802 590.7 3 5 263.7 0.703 0 2 0 
333.95 98.0 40.467480 -3.444116 591.5 3 5 264.0 1.055 0 2 0 
335.03 99.8 40.467457 -3.444449 591.3 4 5 263.3 0.703 0 2 0 
335.96 99.2 40.467434 -3.444777 592.3 4 5 263.3 0.703 0 2 0 
337.00 97.5 40.467400 -3.445093 592.2 3 5 263.3 0 0 2 0 
337.94 95.9 40.467369 -3.445412 591.2 3 5 263.7 0.352 0 2 0 
338.95 94.6 40.467342 -3.445714 590.6 4 5 263.3 0.352 0 2 0 
339.97 91.3 40.467312 -3.446017 590.8 3 5 263.7 0.352 0 2 0 
340.98 88.2 40.467285 -3.446300 590.1 3 5 263.3 0.352 0 1 0 
342.00 82.7 40.467262 -3.446580 589.7 4 5 263.7 0.352 0 1 0 
342.97 79.6 40.467247 -3.446848 589.4 3 5 263.7 0.352 0 1 0 
343.96 77.1 40.467228 -3.447109 588.7 4 5 264.4 0.703 0 1 0 
344.98 76.4 40.467209 -3.447358 589.0 3 5 263.7 0.703 0 1 0 
345.96 75.0 40.467194 -3.447607 588.7 3 5 264.0 0.352 0 1 0 
346.95 74.4 40.467175 -3.447851 589.0 3 5 264.0 0.352 0 1 0 
347.96 72.8 40.467155 -3.448093 589.2 3 5 264.0 0 0 1 0 
348.96 71.5 40.467133 -3.448324 588.6 3 5 263.3 0.703 0 1 0 
349.95 72.7 40.467121 -3.448565 589.9 3 5 263.7 0.352 0 1 0 
350.96 74.9 40.467098 -3.448813 589.7 3 5 264.0 0.703 0 1 0 
351.96 75.9 40.467072 -3.449057 590.1 3 5 263.7 0.352 0 1 0 
353.02 76.8 40.467052 -3.449308 590.3 3 5 264.4 0.703 1 1 0 
353.96 80.0 40.467026 -3.449569 591.1 3 5 264.4 0.703 1 1 0 
354.96 82.3 40.467007 -3.449829 591.2 3 5 264.4 0 0 1 0 
355.96 85.4 40.466991 -3.450114 591.3 3 5 264.7 0.352 0 1 0 
357.05 89.0 40.466972 -3.450397 591.5 3 5 264.7 0.352 0 1 0 
357.96 89.4 40.466953 -3.450683 591.5 3 5 265.1 0.352 0 1 0 
358.96 91.1 40.466930 -3.450982 592.6 3 5 265.1 0.352 0 1 0 
359.96 92.2 40.466915 -3.451283 592.0 3 5 265.8 0.703 0 1 0 
360.95 91.9 40.466896 -3.451583 591.7 3 5 265.8 0.703 1 1 0 
361.97 92.0 40.466885 -3.451879 591.6 3 5 265.8 0.703 0 1 0 
362.95 92.2 40.466873 -3.452179 592.1 3 5 266.1 0 0 1 0 
363.95 92.4 40.466862 -3.452485 592.3 3 5 266.5 0.352 0 1 0 
365.03 91.9 40.466862 -3.452775 591.9 3 5 266.8 0.703 0 1 0 
366.13 91.0 40.466839 -3.453079 592.2 3 5 266.8 0.352 0 1 0 
367.00 90.8 40.466831 -3.453371 592.4 3 5 267.5 0.703 0 1 0 
367.99 92.5 40.466824 -3.453669 592.9 3 5 268.6 1.774 0 1 0 
368.97 93.7 40.466816 -3.453978 592.5 3 5 268.6 1.071 0 1 0 
369.96 96.7 40.466808 -3.454294 593.2 3 5 268.6 0 0 1 0 
370.96 99.8 40.466805 -3.454614 593.6 3 5 269.0 0.415 0 1 0 
372.02 101.1 40.466805 -3.454949 593.7 3 5 269.7 1.076 0 1 0 
372.99 99.9 40.466808 -3.455278 593.8 3 5 269.7 0.661 0 1 0 
373.94 99.9 40.466812 -3.455618 594.3 3 5 270.7 1.000 0 1 0 
374.97 100.3 40.466816 -3.455945 594.6 3 5 271.6 1.913 0 0 0 
375.97 101.6 40.466824 -3.456281 594.4 3 5 271.6 0.913 0 0 0 
376.95 100.7 40.466831 -3.456613 594.8 3 5 272.5 0.927 0 0 0 
378.00 102.2 40.466839 -3.456940 596.6 4 5 272.5 0.927 0 0 0 
378.96 100.6 40.466854 -3.457265 597.5 4 5 272.5 0 0 0 0 
379.95 99.0 40.466866 -3.457590 597.0 4 5 273.5 0.931 0 0 0 
380.97 97.3 40.466873 -3.457905 593.9 4 5 272.9 0.533 0 0 0 
382.02 96.1 40.466881 -3.458230 592.9 4 5 272.9 0.533 0 0 0 
382.98 96.2 40.466896 -3.458543 593.1 4 5 273.6 0.721 0 0 0 
384.00 98.2 40.466915 -3.458859 593.8 4 5 273.2 0.484 0 0 0 
384.95 98.6 40.466930 -3.459185 594.2 4 5 273.6 0.449 0 0 0 
385.95 97.2 40.466953 -3.459511 594.4 3 5 273.6 0.449 0 0 0 
386.97 97.2 40.466953 -3.459511 594.4 3 5 273.6 0.449 1 0 0 
387.95 93.9 40.466980 -3.460130 594.3 3 5 273.6 0 1 0 0 
388.96 93.1 40.466999 -3.460436 595.8 3 5 273.6 0 0 0 0 
389.96 91.1 40.467022 -3.460729 594.6 3 5 273.6 0.046 0 0 0 
390.94 89.9 40.467030 -3.461013 594.6 3 5 273.6 0.046 0 0 0 
391.94 88.7 40.467041 -3.461305 594.4 3 5 274.0 0.046 0 0 0 
393.00 87.4 40.467056 -3.461607 594.5 3 5 274.0 0.429 1 0 0 
393.95 85.9 40.467075 -3.461890 594.2 3 5 274.0 0 2 1 0 
394.99 84.9 40.467102 -3.462156 593.8 3 5 273.3 0.732 0 1 0 
395.99 83.5 40.467117 -3.462429 593.9 4 5 273.3 0.732 0 1 0 
396.94 84.3 40.467129 -3.462706 593.5 4 5 273.3 0.732 0 1 0 
397.95 85.2 40.467144 -3.462994 593.6 4 5 273.8 0.503 0 1 0 
398.97 86.2 40.467159 -3.463284 594.9 4 5 273.8 0.503 0 1 0 
399.96 85.2 40.467171 -3.463562 594.6 4 5 272.9 0.908 0 1 0 
400.95 84.4 40.467182 -3.463851 593.6 4 5 272.9 0.908 0 1 0 
402.00 84.2 40.467190 -3.464118 593.8 4 5 272.9 0 0 1 0 
402.95 84.5 40.467201 -3.464396 593.9 4 5 272.9 0 0 1 0 
403.95 85.1 40.467209 -3.464669 593.7 4 5 271.9 0.936 0 1 0 
404.97 86.4 40.467216 -3.464954 593.7 4 5 271.9 0.936 0 1 0 
405.98 88.0 40.467224 -3.465243 593.3 4 5 271.4 0.476 0 1 0 
406.95 86.7 40.467228 -3.465541 593.5 4 5 270.6 1.351 0 1 0 
407.95 87.1 40.467228 -3.465836 593.3 3 5 270.6 0.875 0 1 0 
408.99 87.7 40.467232 -3.466107 593.5 3 5 270.6 0 0 1 0 
409.95 87.2 40.467236 -3.466386 594.6 4 5 271.0 0.422 0 1 0 
410.96 86.9 40.467236 -3.466676 594.0 3 5 270.3 0.699 0 1 0 
411.96 87.2 40.467239 -3.466976 593.3 4 5 270.1 0.867 0 0 0 
412.96 87.8 40.467239 -3.467248 593.2 3 5 270.1 0.168 0 0 0 
413.95 88.7 40.467239 -3.467531 593.1 3 5 270.1 0 2 1 0 
414.96 89.9 40.467239 -3.467824 593.3 3 5 269.5 0.590 0 1 0 
415.98 90.9 40.467236 -3.468116 593.1 3 5 269.5 0.629 0 1 0 
416.97 91.0 40.467232 -3.468400 593.2 3 5 268.5 1.036 0 1 0 
417.96 90.9 40.467224 -3.468713 593.5 3 5 267.8 1.659 0 1 0 
418.96 90.4 40.467216 -3.469002 592.8 3 5 267.8 0.662 0 1 0 
419.96 89.3 40.467205 -3.469296 593.1 3 5 267.4 0.438 0 1 0 
420.96 87.9 40.467194 -3.469585 593.1 3 5 266.7 1.088 0 1 0 
421.98 86.5 40.467182 -3.469854 592.9 3 5 265.7 1.665 0 1 0 
422.95 85.8 40.467163 -3.470134 592.4 3 5 265.2 1.548 0 1 0 
423.96 85.0 40.467148 -3.470405 592.4 3 5 265.2 0.532 0 1 0 
424.96 85.1 40.467129 -3.470679 592.4 3 5 265.2 0 0 1 0 
425.99 85.6 40.467113 -3.470957 592.6 3 5 264.0 1.191 0 1 0 
426.97 87.6 40.467087 -3.471253 593.0 3 5 264.0 1.191 0 1 0 
428.00 88.5 40.467064 -3.471546 592.8 3 5 263.0 0.986 0 1 0 
428.97 90.1 40.467037 -3.471828 593.2 3 5 262.4 1.614 0 1 0 
429.97 90.7 40.467003 -3.472134 593.0 3 5 262.4 0.628 0 1 0 
430.98 89.8 40.466976 -3.472408 592.8 3 5 262.1 0.313 0 1 0 
431.97 89.2 40.466942 -3.472713 592.8 4 5 261.0 1.368 0 1 0 
432.95 87.3 40.466908 -3.472999 592.5 4 5 260.0 2.058 1 1 0 
433.97 87.1 40.466869 -3.473288 592.4 4 5 261.2 1.205 1 1 0 
434.96 87.1 40.466869 -3.473288 592.4 4 5 261.2 1.205 1 1 0 
435.97 87.0 40.466801 -3.473851 592.3 4 5 259.3 1.910 0 1 0 
436.96 88.5 40.466759 -3.474136 592.3 4 5 259.3 1.910 0 1 0 
437.95 88.8 40.466717 -3.474422 592.4 4 5 258.7 0.662 0 1 0 
439.03 88.4 40.466671 -3.474710 592.5 4 5 257.7 0.662 0 1 0 
439.97 88.3 40.466621 -3.474994 592.7 4 5 257.7 0.969 0 1 0 
440.99 90.1 40.466572 -3.475279 592.9 4 5 257.0 0.717 0 1 0 
441.96 91.0 40.466522 -3.475571 593.1 4 5 257.0 0.717 0 1 0 
442.97 92.9 40.466469 -3.475859 593.6 4 5 256.4 0.607 0 1 0 
443.94 94.1 40.466412 -3.476166 593.9 4 5 256.4 0.607 0 1 0 
445.00 94.2 40.466358 -3.476464 593.5 4 5 255.5 0.864 0 1 0 
445.95 92.8 40.466301 -3.476752 593.7 4 5 255.5 0.864 0 1 0 
446.97 91.3 40.466240 -3.477064 594.5 4 5 255.5 0 0 1 0 
447.97 89.4 40.466183 -3.477344 594.3 4 5 255.5 0 0 1 0 
448.97 88.2 40.466129 -3.477613 595.1 4 5 255.5 0 0 1 0 
449.98 86.5 40.466076 -3.477901 593.6 4 5 255.5 0 0 1 0 
450.95 84.8 40.466030 -3.478182 592.6 4 5 253.4 2.143 0 1 0 
452.02 83.6 40.465981 -3.478432 592.1 4 5 260.2 2.143 0 1 0 
452.95 82.6 40.465939 -3.478689 592.1 4 5 260.2 6.855 0 1 0 
453.95 80.8 40.465904 -3.478942 592.3 4 5 256.6 3.573 0 0 0 
454.98 79.6 40.465858 -3.479193 593.1 4 5 257.7 3.573 0 0 0 
455.95 78.5 40.465813 -3.479448 593.0 4 5 258.8 2.109 0 0 0 
456.94 77.2 40.465786 -3.479692 593.0 3 5 261.6 3.867 0 0 0 
457.96 75.6 40.465767 -3.479937 593.1 3 5 264.4 5.625 0 0 0 
459.00 74.2 40.465752 -3.480171 593.4 3 5 265.1 3.510 0 0 0 
459.95 71.9 40.465771 -3.480386 593.3 3 5 279.7 15.285 0 0 0 
460.95 70.9 40.465805 -3.480621 593.2 3 5 289.4 24.319 0 0 0 
461.97 69.4 40.465843 -3.480837 593.3 3 5 289.4 24.319 0 0 0 
462.95 70.2 40.465885 -3.481054 593.4 3 5 290.3 0.878 0 0 0 
463.98 70.7 40.465946 -3.481250 593.3 3 5 292.1 2.730 0 0 0 
465.02 71.6 40.466015 -3.481477 593.3 3 5 293.3 3.060 0 0 0 
465.97 71.5 40.466091 -3.481681 593.4 3 5 294.0 1.859 0 0 0 
466.94 71.6 40.466167 -3.481885 593.6 3 5 294.0 0.651 0 0 0 
467.95 69.7 40.466236 -3.482091 593.5 3 5 294.9 0.888 0 0 0 
468.97 67.9 40.466309 -3.482311 593.8 3 5 295.1 1.094 0 0 0 
469.98 66.2 40.466373 -3.482502 593.8 3 5 295.1 0.206 0 0 0 
470.96 64.5 40.466434 -3.482689 593.8 3 5 295.1 0.053 0 0 0 
471.95 66.1 40.466511 -3.482897 593.6 3 5 295.1 0.053 1 1 0 
472.96 68.1 40.466572 -3.483075 593.7 3 5 301.0 0.053 2 1 0 
473.98 69.0 40.466667 -3.483282 593.9 3 5 302.1 6.946 1 1 0 
474.97 70.3 40.466682 -3.483536 594.5 3 5 283.7 18.363 1 1 0 
475.96 71.1 40.466705 -3.483761 595.1 3 5 277.7 18.363 1 1 0 
477.04 69.8 40.466724 -3.483991 595.4 3 5 272.1 11.602 2 1 0 
477.96 70.5 40.466717 -3.484212 595.6 3 5 265.8 11.953 2 1 0 
478.96 69.6 40.466694 -3.484444 595.2 3 5 261.7 10.385 2 1 0 
479.95 69.4 40.466667 -3.484664 595.3 3 5 252.3 13.497 0 1 0 
480.95 68.7 40.466621 -3.484882 595.0 3 5 247.5 13.497 2 2 0 
481.97 69.1 40.466560 -3.485095 595.0 3 5 245.6 6.684 1 2 0 
483.05 69.0 40.466473 -3.485299 595.2 3 5 238.2 9.285 1 2 0 
483.96 68.8 40.466377 -3.485482 595.3 3 5 236.0 9.553 0 2 0 
484.98 67.1 40.466270 -3.485662 594.8 3 5 238.6 2.523 0 2 0 
485.96 65.7 40.466171 -3.485830 594.8 3 5 229.3 9.296 0 2 0 
486.96 64.1 40.466061 -3.485984 594.8 3 5 229.3 9.296 0 2 0 
487.96 64.4 40.465961 -3.486138 594.8 3 5 231.2 1.896 0 2 0 
488.96 64.5 40.465862 -3.486309 595.0 3 5 231.6 1.896 0 2 0 
489.95 62.4 40.465755 -3.486472 594.7 3 5 231.6 2.337 0 2 0 
490.98 61.5 40.465664 -3.486626 594.5 3 5 231.2 0.441 0 2 0 
491.95 60.0 40.465565 -3.486777 594.6 3 5 231.2 0.390 0 2 0 
492.96 62.2 40.465462 -3.486934 594.5 3 5 231.5 0.255 0 2 0 
493.95 65.8 40.465359 -3.487095 594.8 3 5 224.8 6.683 0 2 0 
495.03 65.2 40.465252 -3.487253 594.9 3 5 224.8 6.683 0 2 0 
495.97 67.0 40.465141 -3.487426 594.7 3 5 224.8 0 0 1 0 
496.96 67.4 40.465023 -3.487587 595.0 3 5 224.3 0 0 1 0 
497.97 65.6 40.464893 -3.487733 595.4 3 5 216.2 8.600 0 1 0 
499.03 64.6 40.464748 -3.487832 596.6 3 5 208.0 16.247 0 1 0 
499.95 64.3 40.464600 -3.487892 598.0 3 5 195.0 21.176 0 1 0 
500.96 62.0 40.464439 -3.487921 599.0 3 5 185.6 22.435 0 1 0 
501.97 60.1 40.464302 -3.487922 599.8 3 5 168.3 26.756 0 1 0 
502.95 58.9 40.464161 -3.487880 600.5 3 5 166.8 26.756 0 2 0 
503.97 56.2 40.464027 -3.487804 600.9 3 5 149.5 18.772 0 1 0 
504.98 55.1 40.463909 -3.487698 601.1 3 5 147.1 19.732 0 2 0 
505.97 54.8 40.463806 -3.487585 601.1 3 5 141.7 19.732 0 1 0 
506.96 55.7 40.463715 -3.487450 601.5 3 5 126.0 21.114 0 1 0 
507.95 57.1 40.463654 -3.487289 601.1 3 5 113.3 28.376 0 2 0 
509.08 57.7 40.463608 -3.487107 601.2 3 5 106.9 19.053 0 2 0 
509.98 58.9 40.463573 -3.486939 601.2 3 5 117.6 19.053 0 2 0 
511.04 59.2 40.463589 -3.486742 601.1 3 5 71.1 46.484 0 2 0 
511.96 59.1 40.463619 -3.486557 601.0 3 5 69.7 47.883 0 2 0 
513.01 59.1 40.463619 -3.486557 601.0 3 5 69.7 47.883 0 2 0 
513.98 61.5 40.463665 -3.486133 601.1 3 5 69.5 0.126 1 2 0 
514.95 64.8 40.463799 -3.485999 601.0 3 5 64.3 0.126 0 2 0 
516.00 68.9 40.463867 -3.485791 600.7 3 5 66.1 3.450 0 2 0 
517.01 73.6 40.463936 -3.485569 599.9 3 5 68.9 3.450 0 2 0 
517.96 76.9 40.464005 -3.485328 598.7 3 5 71.0 4.922 0 2 0 
518.97 76.9 40.464005 -3.485328 598.7 3 5 71.0 4.922 0 2 0 
519.97 78.6 40.464111 -3.484832 595.9 3 5 73.5 2.461 0 1 0 
520.96 78.4 40.464161 -3.484584 594.9 3 5 73.8 0.352 0 1 0 
521.97 78.4 40.464218 -3.484338 594.3 3 5 73.1 0.703 0 1 0 
523.01 76.5 40.464287 -3.484102 594.0 3 5 72.4 1.406 0 1 0 
523.96 74.8 40.464340 -3.483867 593.8 3 5 73.1 0.703 1 2 0 
525.00 72.6 40.464390 -3.483643 593.6 3 5 73.8 1.406 1 2 0 
525.95 72.6 40.464443 -3.483414 593.4 3 5 73.5 1.406 0 2 0 
526.97 74.5 40.464520 -3.483197 593.2 3 5 72.4 1.406 0 2 0 
527.97 69.0 40.464569 -3.482985 593.0 3 5 72.4 1.055 0 2 0 
529.00 65.7 40.464615 -3.482782 592.9 3 5 72.4 0 0 2 0 
529.94 63.8 40.464657 -3.482582 592.9 3 5 72.1 0 0 2 0 
530.96 62.6 40.464703 -3.482378 592.7 3 5 71.7 0.703 0 2 0 
531.96 61.0 40.464752 -3.482191 592.7 3 5 71.7 0.352 0 2 0 
532.97 60.6 40.464798 -3.482000 592.6 3 5 71.0 0.703 2 2 0 
533.96 59.9 40.464832 -3.481811 592.5 3 5 70.7 1.055 0 2 0 
535.02 59.0 40.464867 -3.481627 592.5 3 5 70.3 0.703 0 1 0 
535.95 59.0 40.464867 -3.481627 592.5 3 5 70.3 0.703 0 1 0 
536.98 57.8 40.464909 -3.481445 592.5 3 5 70.7 0.352 0 1 0 
537.94 62.4 40.465015 -3.481073 592.9 3 5 69.6 1.055 0 1 0 
538.98 65.7 40.465054 -3.480857 593.1 3 5 69.3 0.703 1 1 0 
540.01 68.8 40.465118 -3.480648 593.3 3 5 68.2 1.406 0 1 0 
540.96 71.9 40.465172 -3.480418 593.1 3 5 67.5 1.758 0 1 0 
541.97 73.4 40.465240 -3.480192 593.1 3 5 66.8 1.406 0 0 0 
542.95 73.1 40.465298 -3.479968 593.1 3 5 67.1 0.352 0 0 0 
543.95 71.9 40.465355 -3.479748 592.6 3 5 68.2 1.406 0 0 0 
544.97 70.7 40.465412 -3.479526 592.5 3 5 74.1 1.406 1 0 0 
545.94 69.9 40.465469 -3.479306 592.4 3 5 74.1 5.936 2 0 0 
546.95 70.2 40.465519 -3.479086 592.1 3 5 74.1 0 0 1 0 
547.96 72.6 40.465576 -3.478863 592.1 3 5 74.1 0 0 1 0 
549.00 75.9 40.465641 -3.478620 592.7 3 5 74.1 0 0 1 0 
549.96 75.9 40.465702 -3.478385 592.7 3 5 74.1 0 0 1 0 
550.97 75.9 40.465752 -3.478141 592.5 3 5 74.1 0 0 1 0 
551.97 77.4 40.465801 -3.477889 592.4 3 5 76.0 1.824 0 1 0 
552.99 79.6 40.465855 -3.477635 592.6 3 5 75.1 0.978 0 1 0 
553.99 79.4 40.465912 -3.477374 591.9 3 5 75.1 0.846 0 1 0 
555.00 78.4 40.465954 -3.477130 593.4 3 5 75.1 0 0 1 0 
555.96 81.1 40.466003 -3.476875 592.7 3 5 75.1 0 2 1 0 
556.95 85.7 40.466064 -3.476604 593.3 3 5 75.5 0.427 0 1 0 
557.95 89.2 40.466129 -3.476332 593.7 3 5 76.0 0.846 0 1 0 
558.96 93.5 40.466187 -3.476044 594.3 3 5 76.0 0.419 0 1 0 
559.94 97.5 40.466244 -3.475744 594.4 3 5 76.5 0.580 0 1 0 
560.95 100.9 40.466297 -3.475419 594.7 3 5 76.5 0.580 0 1 0 
562.01 104.0 40.466351 -3.475100 595.1 3 5 77.4 0.837 1 1 0 
562.97 107.7 40.466408 -3.474762 596.5 3 5 78.3 1.791 0 1 0 
563.97 111.0 40.466469 -3.474414 596.5 3 5 78.3 0.954 0 1 0 
564.97 113.7 40.466530 -3.474051 597.0 3 5 78.3 0 0 1 0 
565.97 112.9 40.466583 -3.473696 597.1 3 5 79.4 1.053 0 1 0 
566.95 112.9 40.466648 -3.473337 597.4 3 5 79.4 1.053 0 1 0 
567.96 116.1 40.466698 -3.472963 597.3 3 5 80.7 1.053 0 1 0 
568.94 116.6 40.466747 -3.472575 596.8 3 5 80.7 1.336 0 1 0 
569.95 114.8 40.466782 -3.472209 596.2 3 5 82.8 2.095 0 1 0 
570.95 113.2 40.466827 -3.471827 596.1 3 5 83.5 2.762 0 1 0 
571.94 111.2 40.466858 -3.471465 597.3 3 5 83.5 0.681 0 1 0 
572.98 109.0 40.466885 -3.471104 598.7 3 5 83.5 0.015 0 1 0 
573.97 107.5 40.466911 -3.470757 596.0 3 5 84.5 1.001 0 1 0 
574.94 105.8 40.466942 -3.470387 596.5 3 5 85.0 1.549 0 1 0 
575.96 104.4 40.466957 -3.470063 595.6 3 5 86.0 1.507 0 1 0 
576.95 103.1 40.466976 -3.469728 595.2 3 5 86.5 1.470 0 1 0 
577.97 101.4 40.466991 -3.469385 594.7 3 5 86.5 0.511 0 1 0 
578.97 99.8 40.467007 -3.469053 594.8 3 5 86.5 0 0 1 0 
579.97 98.4 40.467022 -3.468724 595.5 3 5 88.1 0 0 1 0 
580.94 97.1 40.467030 -3.468401 594.5 3 5 88.7 2.213 0 1 0 
581.95 96.4 40.467033 -3.468085 594.6 3 5 88.7 0.621 0 1 0 
583.01 99.0 40.467041 -3.467764 594.7 3 5 86.8 1.897 2 1 0 
583.94 99.0 40.467041 -3.467764 594.7 3 5 86.8 1.897 0 1 0 
584.94 104.8 40.467056 -3.467099 595.3 3 5 88.6 1.758 0 1 0 
585.95 108.0 40.467075 -3.466738 595.7 3 5 90.0 1.758 0 1 0 
586.95 110.1 40.467079 -3.466376 596.8 3 5 90.7 2.109 0 1 0 
587.95 110.3 40.467072 -3.466012 596.8 3 5 91.4 1.406 0 1 0 
588.96 111.9 40.467060 -3.465650 596.4 3 5 91.4 0.703 0 1 0 
589.95 115.4 40.467049 -3.465276 596.9 3 5 91.8 0.352 0 1 0 
590.95 117.8 40.467033 -3.464894 596.9 3 5 92.8 1.406 0 1 0 
591.99 119.8 40.467010 -3.464502 597.0 3 5 93.5 1.758 2 1 0 
592.95 118.9 40.466991 -3.464109 597.1 3 5 94.2 1.406 0 1 0 
593.95 118.0 40.466969 -3.463715 596.3 3 5 93.3 0.966 0 1 0 
594.96 115.7 40.466949 -3.463339 596.5 3 5 93.3 0.966 0 1 0 
595.95 113.6 40.466927 -3.462963 595.8 3 5 93.3 0.966 0 1 0 
596.96 112.3 40.466919 -3.462603 595.1 3 5 93.5 0.213 0 1 0 
598.02 109.5 40.466900 -3.462242 595.0 3 5 93.5 0.213 0 1 0 
598.95 108.8 40.466877 -3.461892 594.9 3 5 93.5 0 0 1 0 
599.96 106.0 40.466854 -3.461538 594.7 3 5 93.5 0 1 1 0 
600.95 105.9 40.466835 -3.461194 594.4 3 5 93.5 0 1 1 0 
601.95 104.3 40.466820 -3.460852 593.8 3 5 93.5 0 1 1 0 
602.95 102.9 40.466801 -3.460516 593.9 3 5 93.3 0.174 1 1 0 
603.99 102.5 40.466797 -3.460207 593.6 3 5 93.7 0.447 1 1 0 
604.99 99.8 40.466774 -3.459885 593.9 3 5 93.7 0.447 2 1 0 
605.94 98.7 40.466747 -3.459560 593.4 3 5 93.7 0 0 1 0 
606.96 98.0 40.466732 -3.459256 593.3 3 5 93.7 0 0 1 0 
607.97 97.7 40.466713 -3.458932 592.9 3 5 93.7 0 1 1 0 
608.96 96.9 40.466690 -3.458618 593.0 3 5 93.5 0.220 0 1 0 
609.95 96.2 40.466686 -3.458294 592.6 3 5 93.5 0.220 0 1 0 
610.98 94.5 40.466671 -3.457984 592.6 3 5 93.5 0 0 1 0 
612.02 94.9 40.466660 -3.457668 592.3 3 5 92.5 1.042 0 1 0 
612.95 95.1 40.466644 -3.457361 592.4 3 5 92.5 1.042 0 1 0 
613.95 95.7 40.466637 -3.457050 592.1 3 5 92.5 0 0 1 0 
614.96 95.3 40.466625 -3.456722 591.5 3 5 91.7 0.738 0 1 0 
615.99 93.5 40.466614 -3.456409 591.5 3 5 91.7 0.738 0 1 0 
616.99 92.1 40.466610 -3.456121 591.5 3 5 90.8 0.989 0 1 0 
617.95 92.1 40.466602 -3.455817 592.4 3 5 90.0 0.989 0 1 0 
618.96 91.9 40.466599 -3.455517 591.2 3 5 91.0 0.992 2 1 0 
619.97 89.4 40.466606 -3.455231 591.0 3 5 90.5 0.542 0 1 0 
620.97 90.6 40.466610 -3.454942 591.6 3 5 90.5 0.542 0 1 0 
621.94 93.4 40.466614 -3.454634 591.2 3 5 90.5 0 0 1 0 
622.95 93.4 40.466618 -3.454318 590.9 3 5 91.0 0.576 0 1 0 
623.96 93.0 40.466625 -3.454011 590.7 3 5 88.6 2.441 0 1 0 
624.96 92.3 40.466629 -3.453711 590.2 3 5 87.9 3.148 0 1 0 
625.94 92.8 40.466633 -3.453407 591.8 3 5 87.1 1.516 0 1 0 
626.98 94.5 40.466648 -3.453090 590.7 3 5 87.1 0.810 0 1 0 
627.99 96.1 40.466660 -3.452778 590.9 3 5 87.1 0 0 1 0 
628.96 96.6 40.466671 -3.452466 590.7 3 5 87.1 0 0 1 0 
629.97 96.2 40.466686 -3.452144 591.2 3 5 87.1 0 0 1 0 
631.02 96.3 40.466698 -3.451830 591.0 3 5 86.0 1.049 0 1 0 
631.95 95.8 40.466713 -3.451526 590.7 3 5 85.5 1.564 0 1 0 
632.98 94.3 40.466728 -3.451216 591.0 3 5 85.0 0.998 0 1 0 
633.96 93.9 40.466747 -3.450902 590.9 3 5 85.0 0.483 0 1 0 
634.94 94.5 40.466763 -3.450598 590.9 3 5 85.0 0 0 1 0 
635.94 90.9 40.466782 -3.450298 590.7 3 5 85.0 0 0 1 0 
637.03 91.3 40.466808 -3.449999 591.6 3 5 85.0 0.065 0 1 0 
637.99 95.1 40.466835 -3.449690 590.4 3 5 84.3 0.668 0 1 0 
638.96 93.9 40.466877 -3.449366 589.8 3 5 84.3 0.668 0 1 0 
639.98 93.3 40.466896 -3.449064 589.5 3 5 83.9 0.353 1 1 0 
640.98 93.3 40.466896 -3.449064 589.5 3 5 83.9 0.353 2 1 0 
641.97 98.0 40.466949 -3.448442 590.1 3 5 84.8 0.823 1 1 0 
642.95 100.5 40.466976 -3.448114 590.6 3 5 84.1 0.670 1 1 0 
643.95 100.4 40.467007 -3.447789 591.7 3 5 84.1 0.670 0 1 0 
644.96 99.6 40.467041 -3.447461 591.0 3 5 82.6 1.538 2 1 0 
645.94 99.6 40.467041 -3.447461 591.0 3 5 82.6 1.538 0 1 0 
646.95 104.7 40.467106 -3.446812 590.9 4 5 83.2 0.634 0 1 0 
648.00 106.2 40.467144 -3.446468 591.5 4 5 84.0 0.788 0 1 0 
648.95 107.5 40.467167 -3.446106 592.0 4 5 84.0 0.788 0 1 0 
650.01 109.0 40.467194 -3.445764 592.1 4 5 84.3 0.304 0 1 0 
650.97 110.2 40.467228 -3.445411 592.0 4 5 84.3 0.304 0 1 0 
652.02 108.1 40.467258 -3.445054 592.5 4 5 83.6 0.694 0 1 0 
652.96 108.0 40.467289 -3.444692 592.4 3 5 83.6 0.694 0 1 0 
653.95 106.5 40.467319 -3.444336 591.5 3 5 83.6 0 0 1 0 
654.96 108.1 40.467342 -3.443988 591.3 3 5 84.0 0.440 0 1 0 
655.95 110.9 40.467373 -3.443624 591.3 3 5 82.8 1.184 0 1 0 
656.96 112.6 40.467403 -3.443255 592.7 3 5 82.4 1.660 0 1 0 
657.96 113.9 40.467430 -3.442882 592.7 4 5 82.4 0.475 0 1 0 
658.95 113.6 40.467464 -3.442518 593.3 3 5 81.9 0.433 0 1 0 
659.99 112.3 40.467510 -3.442136 592.6 3 5 81.9 0.433 0 1 0 
660.98 110.4 40.467567 -3.441790 592.6 3 5 80.5 1.394 0 1 0 
661.94 108.3 40.467613 -3.441435 592.4 4 5 79.8 2.154 0 1 0 
662.98 107.6 40.467663 -3.441093 592.3 3 5 78.7 1.887 0 1 0 
663.96 109.2 40.467720 -3.440748 592.9 3 5 78.7 1.127 0 1 0 
664.95 111.0 40.467773 -3.440399 593.3 3 5 77.4 1.282 0 1 0 
665.96 113.5 40.467831 -3.440036 593.7 3 5 77.4 1.282 0 0 0 
666.97 114.7 40.467899 -3.439671 594.2 3 5 75.2 2.195 0 0 0 
667.96 117.0 40.467960 -3.439322 595.4 3 5 76.7 2.195 0 0 0 
668.96 118.7 40.468029 -3.438937 596.4 3 5 77.3 2.170 0 0 0 
669.94 119.6 40.468090 -3.438542 596.7 3 5 77.3 0.605 0 0 0 
670.95 118.7 40.468159 -3.438163 596.9 3 5 76.6 0.703 0 0 0 
671.97 118.0 40.468227 -3.437782 596.8 3 5 78.0 1.406 0 0 0 
672.96 114.4 40.468292 -3.437415 597.1 3 5 77.0 1.055 0 0 0 
673.99 112.4 40.468353 -3.437052 597.6 3 5 77.3 0.703 0 0 0 
674.99 110.7 40.468418 -3.436705 597.8 3 5 77.0 0.352 0 0 0 
675.96 108.9 40.468491 -3.436355 597.5 3 5 77.3 0.352 0 0 0 
676.98 106.8 40.468548 -3.436002 597.4 3 5 77.3 0.352 0 0 0 
678.01 106.0 40.468601 -3.435658 597.0 3 5 77.7 0.352 0 0 0 
678.96 105.1 40.468658 -3.435318 597.2 3 5 77.7 0.352 0 0 0 
679.96 108.4 40.468712 -3.434978 597.4 3 5 78.4 0.703 0 0 0 
680.97 109.1 40.468769 -3.434635 597.9 3 5 78.4 0.703 0 0 0 
681.99 111.4 40.468822 -3.434270 597.4 3 5 79.8 1.406 0 0 0 
683.01 107.9 40.468880 -3.433920 597.1 3 5 78.4 1.406 0 0 0 
683.97 106.8 40.468933 -3.433585 597.0 3 5 78.4 1.406 0 0 0 
684.95 105.9 40.468987 -3.433249 596.1 3 5 78.4 0 0 0 0 
685.97 106.3 40.469040 -3.432905 595.1 3 5 78.8 0.352 0 0 0 
687.02 108.3 40.469093 -3.432566 594.9 3 5 78.8 0.352 0 0 0 
688.01 109.7 40.469147 -3.432216 594.5 3 5 78.4 0.352 0 0 0 
688.96 111.8 40.469204 -3.431858 594.5 3 5 78.0 0.703 0 0 0 
689.94 112.2 40.469265 -3.431503 593.5 3 5 77.3 1.055 0 0 0 
690.95 113.0 40.469341 -3.431151 593.0 4 5 76.6 1.406 0 0 0 
691.96 113.3 40.469410 -3.430782 592.2 3 5 75.9 1.406 0 0 0 
692.96 113.7 40.469479 -3.430425 592.1 3 5 74.2 2.461 0 0 0 
693.94 113.9 40.469563 -3.430057 591.8 3 5 73.5 2.461 0 0 0 
694.95 112.0 40.469635 -3.429705 591.2 3 5 73.1 1.055 0 0 0 
695.94 111.8 40.469719 -3.429348 590.5 3 5 72.4 1.055 0 0 0 
696.95 110.3 40.469807 -3.429000 589.7 4 5 72.1 1.055 0 0 0 
697.95 109.5 40.469898 -3.428658 589.0 4 5 71.0 1.406 0 0 0 
698.95 108.4 40.469986 -3.428327 588.6 3 5 70.7 1.406 0 0 0 
699.96 109.4 40.470070 -3.427984 587.8 3 5 71.0 0.352 0 0 0 
700.95 107.6 40.470161 -3.427656 587.1 3 5 70.7 0.352 0 0 0 
701.99 108.3 40.470257 -3.427325 586.2 3 5 70.7 0.352 0 0 0 
702.95 108.9 40.470348 -3.426999 586.2 3 5 69.6 1.055 0 0 0 
703.95 109.8 40.470451 -3.426675 585.5 3 5 69.3 1.406 0 0 0 
704.96 111.5 40.470547 -3.426338 585.3 3 5 68.9 0.703 2 0 0 
705.95 112.5 40.470654 -3.426003 585.3 3 5 68.2 1.055 1 0 0 
706.94 114.6 40.470760 -3.425656 586.1 4 5 68.2 0.703 0 0 0 
707.99 114.6 40.470875 -3.425307 585.0 4 5 68.6 0.352 0 0 0 
708.99 113.5 40.470982 -3.424969 585.2 3 5 68.9 0.352 0 0 0 
709.95 111.1 40.471085 -3.424625 585.8 3 5 68.9 0.352 0 0 0 
711.06 110.5 40.471180 -3.424288 586.3 3 5 68.9 0.352 0 0 0 
711.96 111.1 40.471275 -3.423939 587.0 3 5 69.3 0.352 0 0 0 
712.96 112.5 40.471367 -3.423610 586.6 3 5 69.6 0.703 0 0 0 
713.97 115.0 40.471466 -3.423264 585.7 3 5 70.0 0.703 0 0 0 
714.94 117.1 40.471558 -3.422909 586.3 3 5 69.6 0.352 0 0 0 
715.95 118.5 40.471657 -3.422538 586.9 3 5 70.0 0.352 0 0 0 
716.94 119.8 40.471764 -3.422184 587.4 3 5 70.3 0.703 0 0 0 
717.96 119.8 40.471764 -3.422184 587.4 3 5 70.3 0.703 0 0 0 
718.95 121.1 40.471970 -3.421433 587.9 3 5 70.7 0.352 0 0 0 
719.95 122.4 40.472065 -3.421052 588.6 3 5 71.0 0.703 0 0 0 
720.95 123.7 40.472164 -3.420665 588.7 3 5 71.4 0.703 0 0 0 
721.95 123.2 40.472260 -3.420283 589.3 3 5 71.7 0.703 0 0 0 
722.96 121.1 40.472355 -3.419909 590.0 3 5 72.1 0.703 0 0 0 
723.96 118.6 40.472446 -3.419541 589.3 3 5 71.7 0.352 0 0 0 
724.94 117.6 40.472542 -3.419177 588.9 3 5 71.4 0.703 0 0 0 
725.97 118.0 40.472637 -3.418815 589.6 3 5 71.7 0.352 0 0 0 
726.96 118.0 40.472733 -3.418444 590.2 3 5 71.7 0.352 0 0 0 
727.96 116.8 40.472816 -3.418080 590.8 3 5 72.4 0.703 2 0 0 
728.98 116.8 40.472904 -3.417712 590.7 3 5 72.4 0.703 0 0 0 
729.94 113.6 40.472973 -3.417361 590.8 3 5 74.2 0.703 0 0 0 
730.99 111.2 40.473072 -3.417033 591.0 3 5 72.4 1.758 0 0 0 
731.97 111.2 40.473160 -3.416694 590.9 3 5 72.4 1.758 0 0 0 
732.99 110.1 40.473240 -3.416346 590.4 3 5 72.1 0.352 0 0 0 
734.05 110.4 40.473324 -3.415997 590.0 3 5 71.7 0.352 0 0 0 
734.96 111.5 40.473412 -3.415659 590.0 3 5 71.7 0.352 0 0 0 
735.96 112.0 40.473495 -3.415303 590.2 3 5 72.1 0.352 0 0 0 
737.00 112.2 40.473583 -3.414946 590.0 3 5 72.1 0.352 0 0 0 
737.95 112.0 40.473671 -3.414603 588.6 3 5 71.0 1.055 0 0 0 
739.06 112.1 40.473766 -3.414261 588.1 3 5 70.0 2.109 0 0 0 
739.95 112.6 40.473869 -3.413913 587.8 3 5 68.9 2.109 0 0 0 
740.97 112.8 40.473976 -3.413571 587.4 3 5 67.9 2.109 0 0 0 
741.96 112.6 40.474087 -3.413227 586.0 3 5 67.1 1.758 0 0 0 
742.94 112.3 40.474197 -3.412892 586.1 3 5 66.4 1.406 0 0 0 
743.97 111.7 40.474312 -3.412557 588.0 3 5 65.4 1.758 0 0 0 
744.96 109.9 40.474426 -3.412232 588.7 3 5 64.7 1.758 0 0 0 
745.96 110.0 40.474548 -3.411901 587.4 3 5 63.6 1.758 1 0 0 
746.94 109.8 40.474670 -3.411577 585.5 3 5 63.3 1.406 0 0 0 
747.97 109.5 40.474796 -3.411258 585.6 3 5 63.3 0.352 1 0 0 
748.94 109.4 40.474922 -3.410937 586.1 3 5 63.3 0 0 1 0 
749.94 109.2 40.475052 -3.410621 586.4 3 5 62.9 0.352 0 1 0 
750.95 108.7 40.475185 -3.410310 586.0 3 5 61.2 2.109 0 1 0 
751.96 108.3 40.475323 -3.410007 585.9 3 5 59.4 3.516 0 1 0 
752.97 108.3 40.475468 -3.409705 585.6 3 5 57.7 3.516 0 1 0 
753.94 109.1 40.475620 -3.409408 585.2 3 5 56.6 2.812 0 1 0 
754.96 110.6 40.475777 -3.409107 585.6 3 5 55.5 2.109 1 1 0 
755.95 112.3 40.475941 -3.408806 585.5 3 5 54.1 2.109 2 1 0 
757.05 113.8 40.476116 -3.408509 585.6 3 5 52.7 2.461 0 1 0 
757.98 113.8 40.476295 -3.408216 585.3 3 5 51.7 2.461 0 1 0 
758.94 112.1 40.476463 -3.407928 584.8 3 5 51.7 1.055 0 1 0 
759.95 110.6 40.476643 -3.407651 585.9 3 5 51.0 1.055 0 1 0 
760.94 110.2 40.476818 -3.407373 585.7 3 5 50.6 1.055 0 1 0 
761.96 110.4 40.476997 -3.407099 584.5 3 5 49.9 1.055 0 1 0 
762.95 111.1 40.477180 -3.406824 585.3 4 5 49.2 1.406 0 1 0 
763.96 113.3 40.477367 -3.406546 585.4 4 5 48.5 1.406 0 1 0 
764.97 113.3 40.477367 -3.406546 585.4 4 5 48.5 1.406 0 1 0 
765.95 109.7 40.477745 -3.406013 584.7 3 5 46.1 2.461 0 1 0 
766.95 107.0 40.477943 -3.405745 585.6 3 5 45.7 1.758 0 0 0 
767.96 106.8 40.478134 -3.405512 586.2 3 5 43.9 1.758 0 0 0 
768.95 107.3 40.478325 -3.405263 584.9 3 5 43.2 2.461 0 0 0 
769.96 109.1 40.478523 -3.405025 585.6 3 5 42.2 1.758 0 0 0 
770.97 109.2 40.478722 -3.404789 586.3 3 5 41.8 1.406 0 0 0 
771.95 108.7 40.478928 -3.404551 586.2 4 5 42.5 0.703 0 0 0 
772.97 113.3 40.479149 -3.404329 586.1 4 5 38.0 4.570 0 0 0 
773.95 114.9 40.479370 -3.404098 587.5 4 5 38.0 4.570 0 0 0 
774.97 115.6 40.479588 -3.403871 589.8 4 5 38.0 0 0 0 0 
775.95 116.2 40.479820 -3.403643 588.8 4 5 37.6 0.352 0 0 0 
776.96 117.1 40.480057 -3.403413 589.2 3 5 36.9 1.055 1 1 0 
777.95 118.0 40.480297 -3.403176 590.0 3 5 36.6 1.055 1 1 0 
778.98 118.8 40.480530 -3.402952 590.1 3 5 36.9 0.352 1 1 0 
779.94 119.3 40.480774 -3.402730 590.2 3 5 37.3 0.703 2 1 0 
780.95 119.9 40.481007 -3.402501 590.4 3 5 36.7 0.549 2 1 0 
781.96 120.6 40.481247 -3.402261 590.3 3 5 36.7 0.549 0 1 0 
782.96 121.6 40.481491 -3.402009 590.9 3 5 36.7 0 0 1 0 
783.95 121.2 40.481731 -3.401766 591.0 3 5 36.7 0 0 1 0 
784.96 120.1 40.481987 -3.401515 591.3 3 5 36.5 0.184 0 1 0 
785.95 118.7 40.482216 -3.401292 591.6 3 5 36.5 0.184 0 1 0 
787.02 117.4 40.482449 -3.401069 591.7 3 5 36.5 0 0 1 0 
787.95 116.1 40.482681 -3.400836 592.1 3 5 36.5 0 0 1 0 
788.96 115.6 40.482906 -3.400623 592.8 3 5 36.6 0.097 0 1 0 
789.99 114.3 40.483139 -3.400397 595.6 3 5 36.6 0.097 0 1 0 
790.95 113.3 40.483376 -3.400170 593.2 3 5 36.6 0 0 1 0 
791.95 112.6 40.483589 -3.399960 593.7 3 5 36.6 0 0 1 0 
792.96 112.0 40.483826 -3.399727 594.1 3 5 36.6 0 0 1 0 
794.02 113.5 40.484047 -3.399508 594.7 3 5 36.8 0.185 0 1 0 
794.96 113.0 40.484283 -3.399291 595.6 3 5 36.8 0.185 0 1 0 
796.03 113.8 40.484501 -3.399075 596.1 3 5 37.3 0.438 0 1 0 
796.96 114.6 40.484737 -3.398844 596.3 3 5 37.8 0.438 0 1 0 
797.94 115.5 40.484966 -3.398604 596.3 3 5 37.8 0.587 1 1 0 
798.98 116.0 40.485199 -3.398374 596.9 3 5 37.8 0 1 1 0 
799.94 117.5 40.485420 -3.398142 596.7 3 5 39.0 1.136 1 1 0 
800.97 119.6 40.485661 -3.397882 596.4 3 5 40.3 2.429 0 2 0 
801.94 119.2 40.485893 -3.397634 597.1 3 5 40.3 1.293 0 2 0 
802.97 119.1 40.486118 -3.397377 596.9 3 5 41.6 1.292 0 2 0 
803.96 118.5 40.486336 -3.397115 596.6 3 5 43.2 2.935 0 2 0 
804.95 119.6 40.486557 -3.396855 596.9 3 5 43.2 1.643 1 2 0 
805.95 118.8 40.486774 -3.396587 596.3 3 5 44.1 0.851 1 2 0 
806.95 120.6 40.486996 -3.396321 596.2 4 5 44.1 0.851 0 2 0 
807.95 120.3 40.487206 -3.396067 596.5 4 5 44.1 0 0 2 0 
808.98 121.2 40.487423 -3.395794 596.1 4 5 44.3 0.242 0 2 0 
809.97 121.2 40.487629 -3.395520 596.3 4 5 45.7 1.649 1 2 0 
810.94 121.0 40.487839 -3.395234 596.5 4 5 45.7 1.406 0 2 0 
811.97 121.4 40.488049 -3.394953 596.1 3 5 46.1 0.352 0 2 0 
812.95 121.0 40.488255 -3.394671 595.9 3 5 45.0 1.055 0 2 0 
813.94 121.0 40.488464 -3.394386 596.2 4 5 45.0 1.055 0 2 0 
814.94 119.2 40.488667 -3.394104 596.3 4 5 45.3 0.317 0 2 0 
815.94 123.4 40.488911 -3.393750 596.2 4 5 46.8 1.758 0 1 0 
816.96 119.4 40.489109 -3.393457 596.6 4 5 47.1 1.793 0 1 0 
817.97 117.5 40.489319 -3.393193 596.8 4 5 46.8 1.793 0 1 0 
818.95 117.5 40.489521 -3.392913 596.4 4 5 46.8 0.352 0 1 0 
819.94 115.3 40.489708 -3.392622 596.6 4 5 46.2 0.606 0 1 0 
820.97 113.7 40.489887 -3.392369 596.8 4 5 45.7 1.045 0 1 0 
821.96 113.9 40.490097 -3.392114 596.7 4 5 45.7 0.439 0 1 0 
822.97 115.2 40.490295 -3.391855 596.9 4 5 46.3 0.439 0 1 0 
823.95 117.2 40.490498 -3.391587 597.3 4 5 46.3 0.613 0 1 0 
824.94 115.5 40.490700 -3.391310 597.5 4 5 45.5 0.849 0 1 0 
825.99 116.0 40.490894 -3.391042 597.3 6 5 45.9 0.446 0 1 0 
826.95 115.1 40.491096 -3.390769 598.7 6 5 45.9 0.446 0 1 0 
827.95 114.7 40.491299 -3.390499 599.0 6 5 45.9 0 0 1 0 
829.00 115.4 40.491497 -3.390224 596.4 4 5 46.2 0.284 0 1 0 
829.95 115.2 40.491703 -3.389960 596.9 4 5 46.2 0.284 0 1 0 
830.94 112.1 40.491901 -3.389675 597.3 4 5 46.5 0.321 0 1 0 
831.94 111.0 40.492081 -3.389428 597.4 4 5 46.5 0.321 0 1 0 
832.97 109.6 40.492271 -3.389155 597.1 4 5 47.3 0.798 0 1 0 
833.98 108.9 40.492455 -3.388898 597.0 4 5 47.3 0.798 0 1 0 
834.95 108.5 40.492634 -3.388631 597.3 3 5 47.8 0.472 0 1 0 
835.95 108.6 40.492821 -3.388367 597.5 3 5 49.3 1.972 1 1 0 
836.97 110.1 40.493000 -3.388090 598.0 3 5 48.4 0.916 0 1 0 
837.97 109.5 40.493179 -3.387817 598.9 3 5 48.9 0.564 0 1 0 
838.96 109.5 40.493179 -3.387817 598.9 3 5 48.9 0.564 0 1 0 
839.95 109.8 40.493355 -3.387557 599.3 3 5 49.5 1.099 1 1 0 
840.99 113.3 40.493729 -3.386991 597.9 3 5 50.7 1.246 2 1 0 
841.96 115.9 40.493916 -3.386709 598.7 3 5 50.7 0.668 0 1 0 
842.97 118.4 40.494106 -3.386421 599.4 3 5 50.7 0.668 0 1 0 
844.02 120.0 40.494301 -3.386106 600.2 3 5 51.1 0.413 0 1 0 
844.98 121.5 40.494488 -3.385802 600.1 3 5 51.1 0.413 0 1 0 
845.98 122.8 40.494682 -3.385479 599.8 3 5 51.5 0.387 0 1 0 
846.95 123.5 40.494873 -3.385156 600.6 3 5 52.4 1.292 0 1 0 
847.96 124.4 40.495071 -3.384816 599.9 3 5 53.0 1.521 0 1 0 
848.96 125.5 40.495255 -3.384490 600.3 3 5 52.6 0.429 0 1 0 
849.94 125.9 40.495449 -3.384156 601.0 3 5 54.0 1.375 0 1 0 
850.95 127.7 40.495632 -3.383824 600.8 3 5 53.8 1.219 0 1 0 
851.95 127.4 40.495815 -3.383485 600.9 3 5 53.8 0.156 2 1 0 
852.96 126.3 40.495991 -3.383151 600.1 3 5 56.7 2.821 2 1 0 
853.96 124.4 40.496170 -3.382797 599.7 3 5 56.7 2.821 0 1 0 
854.99 122.5 40.496334 -3.382459 599.1 3 5 56.7 0 0 1 0 
856.00 121.1 40.496502 -3.382122 599.0 3 5 55.9 0.772 0 1 0 
856.99 119.1 40.496662 -3.381792 599.0 3 5 57.0 0.772 0 1 0 
857.94 118.3 40.496838 -3.381463 598.7 3 5 56.5 0.661 0 1 0 
858.96 118.4 40.496994 -3.381148 598.6 3 5 55.9 1.130 0 1 0 
859.97 119.0 40.497166 -3.380820 598.8 3 5 55.9 0.640 0 1 0 
860.95 119.5 40.497326 -3.380503 598.6 4 5 56.5 0.573 0 1 0 
861.98 120.6 40.497498 -3.380178 599.1 4 5 56.5 0.573 0 1 0 
862.95 120.9 40.497665 -3.379843 599.3 4 5 56.5 0 0 1 0 
864.00 121.1 40.497837 -3.379511 599.5 4 5 56.3 0.210 0 1 0 
864.96 121.2 40.497993 -3.379191 600.1 4 5 56.3 0.210 0 1 0 
865.99 121.8 40.498165 -3.378849 599.8 4 5 55.9 0.332 0 0 0 
866.96 120.2 40.498333 -3.378544 600.2 4 5 55.9 0.332 0 0 0 
867.97 121.0 40.498497 -3.378214 600.8 4 5 55.9 0.332 1 0 0 
868.96 121.0 40.498669 -3.377872 601.3 6 5 55.6 0.365 1 1 0 
869.96 118.4 40.498829 -3.377548 600.5 4 5 56.2 0.622 1 1 0 
870.94 115.9 40.499004 -3.377208 600.5 4 5 56.2 0.622 1 1 0 
871.95 114.0 40.499153 -3.376908 600.8 4 5 56.2 0 1 1 0 
872.95 113.3 40.499317 -3.376589 600.5 4 5 56.2 0 1 1 0 
873.95 114.2 40.499477 -3.376306 601.2 4 5 57.0 0.762 2 1 0 
874.96 113.7 40.499638 -3.375985 601.5 4 5 57.0 0.762 2 1 0 
875.95 112.8 40.499790 -3.375690 601.1 4 5 56.7 0.286 1 2 0 
876.98 112.4 40.499950 -3.375378 601.0 4 5 56.7 0.286 1 2 0 
877.96 111.9 40.500099 -3.375080 601.0 4 5 55.9 0.767 1 2 0 
878.94 111.6 40.500248 -3.374780 601.4 4 5 55.9 0.767 1 2 0 
879.95 111.8 40.500397 -3.374463 601.3 4 5 55.9 0 2 2 0 
880.95 111.2 40.500557 -3.374165 601.0 4 5 57.9 2.006 2 2 0 
881.97 111.2 40.500557 -3.374165 601.0 4 5 57.9 2.006 0 3 0 
883.03 113.1 40.500847 -3.373555 601.8 4 5 57.7 0.237 0 3 0 
883.94 113.6 40.500996 -3.373249 602.7 4 5 57.7 0.237 0 3 0 
884.98 113.9 40.501152 -3.372917 602.3 6 5 57.7 0 1 3 0 
885.96 114.8 40.501293 -3.372604 601.6 4 5 57.7 0.054 2 3 0 
886.95 114.1 40.501450 -3.372266 601.6 4 5 57.7 0.054 1 3 0 
887.96 113.9 40.501598 -3.371953 601.5 4 5 57.4 0.311 1 3 0 
888.96 113.5 40.501762 -3.371636 601.8 4 5 57.4 0.311 0 3 0 
889.96 112.7 40.501915 -3.371317 601.9 4 5 57.4 0 0 3 0 
891.00 112.2 40.502056 -3.371006 601.6 4 5 57.4 0 0 3 0 
891.96 111.4 40.502197 -3.370710 601.0 4 5 58.0 0.542 0 3 0 
892.94 110.4 40.502342 -3.370392 600.8 4 5 54.2 3.763 0 3 0 
893.96 110.4 40.502487 -3.370082 602.5 6 5 57.8 3.763 0 3 0 
894.95 108.9 40.502644 -3.369784 604.2 6 5 58.4 3.579 0 3 0 
895.98 108.1 40.502808 -3.369475 601.4 6 5 57.5 0.980 2 3 0 
896.99 106.7 40.502930 -3.369183 601.3 6 5 57.5 0.980 0 3 0 
897.97 105.3 40.503078 -3.368883 601.8 6 5 57.9 0.472 0 3 0 
898.94 103.8 40.503204 -3.368603 602.0 4 5 57.9 0.472 0 3 0 
899.95 104.6 40.503338 -3.368311 602.2 4 5 57.9 0 0 3 0 
900.97 104.6 40.503475 -3.368013 602.2 4 5 58.6 0 0 3 0 
901.95 108.1 40.503613 -3.367707 602.9 4 5 57.9 0.677 1 3 0 
902.96 107.9 40.503750 -3.367400 602.7 4 5 58.3 0.444 2 3 0 
903.96 107.8 40.503899 -3.367122 603.0 4 5 58.3 0.444 2 3 0 
904.94 108.2 40.504040 -3.366819 603.3 4 5 57.8 0.512 0 3 0 
905.96 109.2 40.504173 -3.366495 603.5 4 5 58.3 0.475 0 3 0 
907.02 108.3 40.504299 -3.366185 603.3 4 5 58.3 0.475 0 3 0 
907.96 108.3 40.504299 -3.366185 603.3 4 5 58.3 0.475 0 3 0 
908.97 105.2 40.504574 -3.365577 603.9 4 5 60.9 2.556 0 3 0 
909.98 103.8 40.504688 -3.365287 603.6 3 5 61.9 3.627 0 4 0 
910.96 102.0 40.504803 -3.364994 604.0 3 5 63.4 2.578 0 4 0 
911.95 100.4 40.504917 -3.364681 603.4 3 5 64.4 2.448 1 3 0 
912.99 98.9 40.505009 -3.364392 603.4 3 5 65.9 2.426 1 3 0 
913.94 98.9 40.505009 -3.364392 603.4 3 5 65.9 2.426 1 3 0 
914.95 97.5 40.505192 -3.363794 603.3 3 5 69.0 3.101 0 3 0 
915.96 98.5 40.505268 -3.363492 603.6 3 5 70.8 3.211 0 3 0 
916.95 98.5 40.505344 -3.363179 602.8 3 5 72.5 3.554 0 3 0 
917.98 97.5 40.505413 -3.362865 602.5 3 5 72.5 1.709 0 3 0 
918.95 96.7 40.505474 -3.362558 602.5 3 5 75.3 2.766 1 3 0 
920.08 95.9 40.505531 -3.362254 602.0 3 5 77.0 4.476 1 4 0 
920.96 95.0 40.505581 -3.361945 601.5 3 5 78.4 3.116 1 4 0 
921.97 93.1 40.505623 -3.361648 601.0 3 5 80.2 3.164 1 4 0 
923.02 93.2 40.505653 -3.361349 600.4 3 5 83.0 4.570 1 4 0 
923.95 92.7 40.505665 -3.361048 600.4 3 5 85.4 5.273 0 4 0 
925.00 91.0 40.505672 -3.360743 600.0 3 5 88.9 5.977 0 4 0 
925.95 91.0 40.505676 -3.360445 600.2 4 5 88.9 5.977 0 4 0 
926.96 90.0 40.505661 -3.360140 599.8 4 5 88.9 0 0 4 0 
927.96 88.9 40.505657 -3.359845 599.7 4 5 89.3 0.352 0 4 0 
928.96 87.6 40.505661 -3.359555 599.3 4 5 88.6 0.703 1 4 0 
929.96 87.6 40.505665 -3.359268 599.3 4 5 88.6 0.703 2 4 0 
930.96 87.6 40.505665 -3.359268 599.3 4 5 88.6 0.703 0 4 0 
931.98 84.2 40.505630 -3.358727 598.8 3 5 93.2 4.570 0 4 0 
932.95 83.4 40.505615 -3.358449 598.8 3 5 93.9 1.758 2 4 0 
933.94 81.5 40.505596 -3.358175 598.5 3 5 94.2 1.758 0 4 0 
934.95 79.9 40.505569 -3.357909 598.6 3 5 96.3 2.461 0 4 0 
935.94 78.6 40.505547 -3.357662 598.7 3 5 97.4 3.164 0 3 0 
936.95 77.3 40.505516 -3.357408 598.9 3 5 97.7 1.406 0 3 0 
937.97 76.0 40.505489 -3.357151 599.2 3 5 97.4 0.352 0 3 0 
938.97 74.8 40.505463 -3.356902 599.3 3 5 97.0 0.703 0 3 0 
939.97 73.7 40.505444 -3.356660 599.3 3 5 96.3 1.055 0 3 0 
940.95 71.5 40.505424 -3.356424 599.4 3 5 96.3 0.703 0 3 0 
941.98 68.9 40.505405 -3.356186 599.4 3 5 97.4 1.055 0 2 0 
942.94 68.9 40.505405 -3.356186 599.4 3 5 97.4 1.055 0 2 0 
943.94 65.4 40.505386 -3.355963 599.5 3 5 96.7 0.703 0 2 0 
944.96 61.5 40.505363 -3.355752 599.6 3 5 97.0 0.352 0 2 0 
945.96 58.7 40.505333 -3.355354 599.9 3 5 98.4 1.406 0 2 0 
946.99 57.7 40.505310 -3.355170 600.3 3 5 99.5 2.109 0 2 0 
947.97 56.3 40.505299 -3.354979 600.5 3 5 100.5 2.109 0 2 0 
948.95 54.3 40.505272 -3.354804 600.4 3 5 102.0 2.461 1 2 0 
949.95 53.1 40.505245 -3.354633 600.6 3 5 102.7 2.109 2 2 0 
951.06 52.7 40.505211 -3.354467 600.6 3 5 104.8 2.812 2 2 0 
951.96 52.7 40.505211 -3.354467 600.6 3 5 104.8 2.812 2 2 0 
952.96 48.1 40.505127 -3.354161 600.9 3 5 115.3 5.977 -9 -9 0 
953.95 43.3 40.505077 -3.354034 601.0 3 5 124.8 0 -9 -9 0 
954.95 35.9 40.505077 -3.353935 600.6 3 5 104.4 0 -9 -9 0 
