18.02 -1 40.505829 -3.356743 1.07 1.50
33.49 -1 40.505955 -3.360917 0.76 1.50
54.30 -1 40.503979 -3.367324 1.04 1.50
64.52 1 40.502411 -3.370460 1.20 1.50
81.35 1 40.499718 -3.375908 0.63 1.50
95.50 -1 40.497585 -3.380155 0.79 1.50
102.27 1 40.496475 -3.382278 0.66 1.50
137.45 -1 40.489902 -3.392500 1.26 1.50
163.47 -1 40.484226 -3.399428 1.27 1.50
174.44 1 40.481548 -3.402012 0.77 1.50
206.69 -1 40.474934 -3.411036 0.90 1.50
255.46 1 40.469826 -3.429164 0.87 1.50
270.13 -1 40.468803 -3.434807 0.60 1.50
302.99 1 40.467236 -3.446680 0.80 1.50
370.70 1 40.467129 -3.470563 0.88 1.50
374.28 1 40.467030 -3.471846 0.97 1.50
411.24 1 40.466232 -3.482074 0.06 1.50
480.50 -1 40.465435 -3.479063 0.92 1.50
483.85 -1 40.465729 -3.477899 1.08 1.50
499.48 1 40.466660 -3.472585 0.71 1.50
511.18 -1 40.466938 -3.467959 0.51 1.50
573.32 -1 40.467354 -3.443183 0.71 1.50
603.32 1 40.469185 -3.431608 0.67 1.50
616.13 -1 40.470333 -3.426714 1.40 1.50
639.08 1 40.472778 -3.418018 1.35 1.50
781.36 1 40.498150 -3.378710 0.81 1.50
811.95 1 40.502472 -3.369714 1.22 1.50
851.76 1 40.505638 -3.358822 0.71 1.50
855.31 2 40.505589 -3.358019 1.52 1.50
