11.88 0.0 40.505939 -3.360690 610.3 30 201 -1 -1 -9 -9 0 
12.90 78.8 40.506252 -3.355367 636.5 16 30 272.5 87.539 0 0 0 
13.93 82.7 40.505802 -3.355622 605.9 4 5 273.9 1.406 0 0 0 
14.89 85.5 40.505798 -3.355894 606.3 6 5 274.6 2.109 0 0 0 
15.88 85.7 40.505810 -3.356182 606.9 6 5 274.9 1.055 0 0 0 
16.88 85.5 40.505817 -3.356466 606.4 6 5 274.9 0.352 2 0 0 
17.88 85.6 40.505829 -3.356743 606.0 6 5 274.6 0.352 2 0 0 
18.91 85.2 40.505844 -3.357017 605.4 6 5 274.9 0.352 2 0 0 
19.89 86.0 40.505863 -3.357301 604.9 6 5 275.3 0.703 2 3 0 
20.87 87.2 40.505878 -3.357584 604.5 4 5 275.6 0.703 2 0 0 
21.89 87.0 40.505898 -3.357868 604.1 4 5 276.0 0.703 1 4 0 
22.89 86.8 40.505920 -3.358151 603.7 4 5 276.3 0.703 1 4 0 
23.89 86.6 40.505939 -3.358435 603.7 4 5 276.3 0.352 1 4 0 
24.89 86.4 40.505959 -3.358722 603.9 4 5 275.6 0.703 0 4 0 
25.90 84.9 40.505974 -3.358997 603.3 4 5 274.9 1.406 1 4 0 
26.87 84.0 40.505985 -3.359269 603.7 4 5 273.5 2.109 1 4 0 
27.89 85.0 40.505993 -3.359544 603.2 4 5 272.8 2.109 1 5 1 
28.89 84.1 40.505997 -3.359816 603.0 4 5 270.7 2.812 1 5 1 
29.95 83.9 40.505997 -3.360087 603.7 4 5 269.3 3.516 0 5 1 
30.90 84.4 40.505997 -3.360363 602.5 4 5 268.2 2.461 0 4 0 
31.90 84.1 40.505985 -3.360638 601.7 4 5 266.5 2.812 0 4 0 
32.90 86.2 40.505955 -3.360917 602.4 4 5 263.7 4.570 2 4 0 
33.93 88.9 40.505928 -3.361200 603.7 4 5 262.3 4.219 0 4 0 
34.91 91.6 40.505894 -3.361497 604.8 4 5 261.9 1.758 0 4 0 
35.87 93.8 40.505852 -3.361800 605.1 4 5 260.5 1.758 0 4 0 
36.90 95.3 40.505806 -3.362112 605.5 4 5 259.5 2.461 0 4 0 
37.92 96.1 40.505756 -3.362425 605.6 4 5 258.4 2.109 0 4 0 
38.87 96.9 40.505699 -3.362735 606.2 4 5 257.0 2.461 0 4 0 
39.90 98.0 40.505630 -3.363040 607.1 4 5 255.6 2.812 0 3 0 
40.93 98.8 40.505554 -3.363353 606.9 4 5 253.8 3.164 0 3 0 
41.90 100.7 40.505470 -3.363674 607.6 4 5 252.1 3.516 0 3 0 
42.90 102.5 40.505383 -3.364004 607.9 4 5 250.7 3.164 0 3 0 
43.87 104.0 40.505291 -3.364334 608.3 4 5 249.3 2.812 0 3 0 
44.91 105.0 40.505184 -3.364660 607.8 4 5 247.5 3.164 0 3 0 
45.87 104.6 40.505077 -3.364972 608.1 4 5 245.7 3.516 0 3 0 
46.87 104.2 40.504963 -3.365273 608.6 4 5 244.0 3.516 0 3 0 
47.89 105.3 40.504837 -3.365581 609.6 4 5 242.2 3.516 0 3 0 
48.88 106.5 40.504715 -3.365886 611.0 4 5 240.5 3.516 0 2 0 
49.87 107.0 40.504578 -3.366187 610.6 4 5 239.4 2.812 0 2 0 
50.88 107.0 40.504436 -3.366474 610.4 4 5 238.4 2.109 0 2 0 
51.87 106.3 40.504295 -3.366757 609.0 4 5 237.7 1.758 0 2 0 
52.87 106.6 40.504143 -3.367037 606.6 4 5 237.0 1.406 1 2 0 
53.87 108.2 40.503979 -3.367324 606.3 4 5 235.5 2.109 2 2 0 
54.87 110.1 40.503819 -3.367620 607.0 4 5 235.2 1.758 0 2 0 
55.87 112.0 40.503654 -3.367920 607.9 4 5 235.9 0.703 0 2 0 
56.88 112.0 40.503498 -3.368220 608.3 4 5 235.9 0.703 0 2 0 
57.90 114.5 40.503342 -3.368517 608.8 4 5 237.5 1.607 0 2 0 
58.90 115.3 40.503181 -3.368821 609.2 4 5 237.5 1.607 0 2 0 
59.88 115.8 40.503017 -3.369144 610.4 4 5 237.5 0 0 2 0 
60.87 116.7 40.502861 -3.369470 610.1 4 5 236.7 0.765 0 2 0 
61.88 116.9 40.502708 -3.369791 606.3 4 5 237.0 0.496 0 2 0 
62.87 117.5 40.502560 -3.370119 605.5 4 5 237.0 0.270 0 2 0 
63.88 118.0 40.502411 -3.370460 606.3 4 5 238.7 1.701 2 2 0 
64.88 118.5 40.502266 -3.370798 606.0 3 5 239.1 2.053 0 2 0 
65.90 119.0 40.502117 -3.371135 605.5 3 5 239.1 0.352 0 2 0 
66.89 119.2 40.501953 -3.371472 604.9 3 5 238.0 1.055 0 2 0 
67.88 118.5 40.501789 -3.371799 604.4 3 5 237.7 1.406 0 2 0 
68.89 117.5 40.501633 -3.372122 603.7 3 5 237.3 0.703 0 2 0 
69.88 117.1 40.501469 -3.372440 603.9 3 5 237.3 0.352 0 2 0 
70.90 116.8 40.501308 -3.372756 602.4 3 5 237.3 0 0 2 0 
71.88 116.4 40.501148 -3.373082 602.4 3 5 237.3 0 0 2 0 
72.88 116.3 40.500992 -3.373397 601.6 3 5 237.3 0 0 2 0 
73.96 116.2 40.500832 -3.373708 601.4 3 5 237.3 0 0 2 0 
74.89 116.6 40.500660 -3.374033 602.1 3 5 237.3 0 0 2 0 
75.88 117.2 40.500507 -3.374349 600.7 3 5 237.3 0 0 2 0 
76.90 116.7 40.500347 -3.374666 600.8 3 5 237.0 0.352 0 2 0 
77.88 116.2 40.500183 -3.374978 601.5 4 5 236.6 0.703 0 2 0 
78.93 114.6 40.500023 -3.375287 602.2 4 5 236.6 0.352 0 2 0 
79.89 114.1 40.499866 -3.375598 598.2 4 5 237.3 0.703 0 2 0 
80.89 112.9 40.499718 -3.375908 597.7 4 5 238.4 1.758 2 1 0 
81.88 113.3 40.499569 -3.376226 598.0 4 5 238.0 0.703 0 1 0 
82.89 113.3 40.499420 -3.376548 598.3 4 5 237.3 1.055 0 1 0 
83.88 113.2 40.499264 -3.376857 597.8 3 5 237.0 1.055 0 1 0 
84.90 113.0 40.499107 -3.377169 597.4 3 5 236.6 0.703 0 1 0 
85.87 111.8 40.498951 -3.377475 597.3 3 5 236.6 0.352 0 1 0 
86.87 110.6 40.498802 -3.377782 596.7 3 5 236.6 0 0 1 0 
87.89 109.6 40.498650 -3.378084 595.8 3 5 236.6 0 0 1 0 
88.91 109.4 40.498497 -3.378378 595.5 4 5 236.6 0 0 1 0 
89.89 108.6 40.498341 -3.378677 595.4 4 5 236.2 0.352 0 1 0 
90.89 109.3 40.498184 -3.378973 594.7 4 5 236.2 0.352 0 0 0 
91.89 108.4 40.498035 -3.379266 594.6 4 5 235.9 0.352 0 0 0 
92.89 107.0 40.497887 -3.379556 594.7 3 5 235.9 0.352 0 0 0 
93.89 107.9 40.497738 -3.379848 595.0 3 5 235.5 0.352 0 0 0 
94.89 109.0 40.497585 -3.380155 593.6 3 5 234.5 1.406 2 0 0 
95.92 109.7 40.497425 -3.380449 593.3 3 5 234.1 1.406 0 1 0 
96.96 112.0 40.497265 -3.380762 593.3 3 5 235.2 1.055 1 1 0 
97.90 112.2 40.497093 -3.381074 593.2 3 5 235.5 1.406 0 1 0 
98.90 112.1 40.496937 -3.381377 592.9 3 5 236.6 1.406 0 1 0 
99.88 112.8 40.496784 -3.381671 593.5 3 5 236.2 0.703 0 1 0 
100.87 113.0 40.496628 -3.381976 596.0 3 5 236.6 0.352 0 1 0 
101.90 113.4 40.496475 -3.382278 592.5 3 5 237.7 1.406 2 1 0 
102.87 114.5 40.496323 -3.382595 593.0 4 5 237.7 1.055 0 1 0 
103.87 114.8 40.496166 -3.382903 593.7 3 5 236.6 1.055 0 1 0 
104.87 114.2 40.496006 -3.383219 594.0 3 5 235.5 2.109 0 1 0 
105.87 114.5 40.495846 -3.383532 593.6 3 5 234.8 1.758 0 1 0 
106.87 114.5 40.495678 -3.383837 593.7 4 5 234.1 1.406 0 1 0 
107.88 114.4 40.495522 -3.384142 594.1 4 5 233.8 1.055 0 1 0 
108.89 114.4 40.495350 -3.384444 593.7 4 5 233.8 0.352 0 1 0 
109.87 112.6 40.495171 -3.384761 593.3 4 5 232.7 1.055 0 1 0 
110.87 112.9 40.495003 -3.385071 593.6 4 5 233.1 0.703 0 1 0 
111.90 113.3 40.494823 -3.385368 593.4 4 5 232.0 1.055 0 1 0 
112.87 113.3 40.494640 -3.385658 593.3 4 5 231.3 1.758 0 1 0 
113.91 113.3 40.494465 -3.385944 593.2 4 5 231.3 0.703 0 1 0 
114.88 113.8 40.494286 -3.386226 592.6 3 5 231.3 0 0 1 0 
115.89 114.3 40.494106 -3.386519 592.4 3 5 231.0 0.352 0 1 0 
116.87 115.1 40.493916 -3.386803 592.6 4 5 230.6 0.703 0 1 0 
117.87 116.2 40.493729 -3.387081 593.1 4 5 229.9 1.055 0 1 0 
118.88 116.9 40.493534 -3.387376 593.7 4 5 229.9 0.703 0 1 0 
119.88 117.5 40.493340 -3.387671 593.1 4 5 229.1 0.858 0 1 0 
120.88 117.8 40.493145 -3.387969 593.0 4 5 228.9 1.055 0 1 0 
121.90 118.2 40.492943 -3.388267 593.2 4 5 228.9 0.197 0 1 0 
122.94 118.0 40.492752 -3.388546 592.3 6 5 227.7 1.140 0 1 0 
123.88 118.3 40.492561 -3.388830 592.3 6 5 227.1 1.719 0 0 0 
124.88 118.7 40.492359 -3.389119 592.6 6 5 227.1 0.579 0 0 0 
125.88 117.7 40.492165 -3.389410 593.0 6 5 227.1 0 0 0 0 
126.91 118.4 40.491966 -3.389699 592.3 6 5 226.6 0.511 0 0 0 
127.91 118.5 40.491764 -3.389988 592.2 6 5 226.1 1.032 0 0 0 
128.91 118.6 40.491558 -3.390271 591.6 6 5 226.1 0.521 0 0 0 
129.88 117.6 40.491348 -3.390556 591.8 6 5 226.1 0 0 0 0 
130.88 117.7 40.491138 -3.390833 591.1 6 5 226.1 0 0 0 0 
131.88 117.9 40.490936 -3.391115 590.8 6 5 226.1 0 0 0 0 
132.87 118.1 40.490719 -3.391402 590.6 6 5 226.1 0 0 0 0 
133.88 118.1 40.490513 -3.391680 590.3 6 5 225.0 1.115 0 0 0 
134.87 117.8 40.490318 -3.391951 590.3 6 5 225.9 0.919 0 0 0 
135.88 117.9 40.490105 -3.392232 589.9 6 5 225.9 0.919 1 0 0 
136.95 117.9 40.489902 -3.392500 589.7 6 5 225.9 0 2 1 0 
137.88 119.2 40.489700 -3.392772 589.6 6 5 225.9 0 0 1 0 
138.88 118.9 40.489506 -3.393032 589.4 4 5 225.9 0.048 0 1 0 
139.87 119.8 40.489300 -3.393304 589.9 4 5 225.9 0.048 0 1 0 
140.89 120.2 40.489105 -3.393589 589.4 4 5 226.1 0.247 0 1 0 
141.87 121.3 40.488899 -3.393865 588.9 4 5 226.1 0.247 0 0 0 
142.90 122.2 40.488674 -3.394155 589.2 4 5 226.1 0.062 0 0 0 
143.87 121.8 40.488457 -3.394449 588.6 6 5 226.1 0.062 0 0 0 
144.89 122.6 40.488247 -3.394743 588.3 4 5 226.4 0.352 0 0 0 
145.89 122.6 40.488037 -3.395039 588.7 4 5 226.4 0.352 0 0 0 
146.91 122.3 40.487823 -3.395322 588.5 4 5 225.7 0.703 0 0 0 
147.91 123.3 40.487602 -3.395614 588.6 4 5 225.7 0.703 0 0 0 
148.87 122.8 40.487373 -3.395904 588.1 6 5 225.4 0.352 0 0 0 
149.87 123.7 40.487160 -3.396189 587.9 6 5 224.6 1.055 0 0 0 
150.89 123.3 40.486942 -3.396472 587.4 6 5 223.9 1.406 0 0 0 
151.89 122.7 40.486725 -3.396751 588.0 4 5 222.9 1.758 0 0 0 
152.89 121.0 40.486507 -3.397017 588.0 4 5 222.5 1.406 0 0 0 
153.89 120.5 40.486282 -3.397284 587.5 6 5 221.8 1.055 0 0 0 
154.87 119.6 40.486061 -3.397543 587.1 4 5 221.5 1.055 0 0 0 
155.91 120.7 40.485836 -3.397796 587.7 4 5 220.4 1.406 0 0 0 
156.89 118.5 40.485615 -3.398042 587.2 6 5 219.7 1.758 0 0 0 
157.89 116.9 40.485394 -3.398287 587.2 6 5 219.4 1.055 0 0 0 
158.87 117.5 40.485172 -3.398525 586.7 4 5 218.7 1.055 0 0 0 
159.89 117.6 40.484943 -3.398759 586.9 4 5 218.0 1.351 0 0 0 
160.86 116.7 40.484699 -3.398974 586.2 4 5 217.3 1.412 0 0 0 
161.90 117.5 40.484467 -3.399191 586.0 4 5 216.4 1.623 2 0 0 
162.87 118.5 40.484226 -3.399428 586.3 4 5 216.4 0.859 2 0 0 
163.87 117.3 40.483967 -3.399662 585.5 6 5 216.8 0.358 0 0 0 
164.87 117.7 40.483734 -3.399874 584.8 6 5 216.9 0.516 0 0 0 
165.87 119.3 40.483479 -3.400107 584.5 6 5 216.9 0.158 0 0 0 
166.87 118.5 40.483231 -3.400343 585.5 4 5 216.9 0 0 0 0 
167.88 119.2 40.482994 -3.400570 586.6 4 5 217.6 0.636 0 0 0 
168.92 121.1 40.482750 -3.400831 586.2 4 5 217.6 0.636 0 0 0 
169.87 121.9 40.482513 -3.401056 583.0 4 5 216.7 0.861 0 0 0 
170.87 120.8 40.482273 -3.401291 583.2 4 5 217.3 0.612 0 0 0 
171.90 121.9 40.482025 -3.401532 582.7 4 5 216.3 0.960 0 0 0 
172.88 121.7 40.481789 -3.401771 582.2 4 5 216.3 0.960 0 0 0 
173.89 122.5 40.481548 -3.402012 582.2 4 5 216.3 0 2 0 0 
174.90 123.0 40.481304 -3.402259 581.4 4 5 216.3 0 0 0 0 
175.87 122.1 40.481052 -3.402517 580.7 4 5 216.3 0 0 1 0 
176.87 121.9 40.480820 -3.402749 581.0 4 5 216.3 0 0 1 0 
177.90 121.4 40.480576 -3.403002 581.2 4 5 216.9 0 0 1 0 
178.92 121.4 40.480328 -3.403244 578.4 4 5 216.7 0.312 0 1 0 
179.94 120.6 40.480083 -3.403482 578.3 4 5 216.7 0.243 0 0 0 
180.88 120.6 40.479843 -3.403723 578.6 4 5 217.1 0.405 0 1 0 
181.87 121.1 40.479607 -3.403955 577.3 4 5 217.1 0.405 0 1 0 
182.89 120.8 40.479359 -3.404217 576.5 4 5 219.4 2.360 0 1 0 
183.91 120.7 40.479130 -3.404464 576.5 4 5 221.1 4.064 0 1 0 
184.89 120.4 40.478912 -3.404703 575.5 4 5 221.4 2.020 0 1 0 
185.88 120.5 40.478691 -3.404958 574.3 4 5 221.4 0.316 0 1 0 
186.88 119.4 40.478481 -3.405209 574.7 4 5 222.5 1.098 0 1 0 
187.93 120.1 40.478256 -3.405483 574.3 4 5 223.2 1.801 0 1 0 
188.90 119.8 40.478050 -3.405756 573.5 4 5 224.3 1.758 0 1 0 
189.95 120.7 40.477833 -3.406030 573.2 4 5 225.0 1.758 0 1 0 
190.93 120.8 40.477627 -3.406311 572.3 6 5 226.4 2.109 0 1 0 
191.96 119.7 40.477425 -3.406598 571.9 6 5 227.1 2.109 0 1 0 
192.93 120.1 40.477226 -3.406875 571.3 4 5 227.8 1.406 0 1 0 
193.92 120.3 40.477024 -3.407166 570.9 4 5 229.2 2.109 0 1 0 
194.88 120.7 40.476818 -3.407472 570.3 4 5 229.9 2.109 0 1 0 
195.90 120.3 40.476627 -3.407781 570.1 4 5 231.0 1.758 0 1 0 
196.89 119.7 40.476437 -3.408095 570.5 4 5 232.0 2.109 0 0 0 
197.88 119.4 40.476269 -3.408421 570.3 4 5 233.1 2.109 0 0 0 
198.89 120.1 40.476089 -3.408741 570.6 4 5 234.1 2.109 0 0 0 
199.87 119.8 40.475910 -3.409051 569.3 4 5 235.2 2.109 0 0 0 
200.90 120.3 40.475742 -3.409378 568.9 4 5 236.2 2.109 0 0 0 
201.88 120.2 40.475571 -3.409701 569.6 4 5 237.0 1.758 0 0 0 
202.90 120.8 40.475410 -3.410026 569.4 4 5 238.0 1.758 0 0 0 
203.89 120.4 40.475246 -3.410353 569.0 4 5 238.4 1.406 0 0 0 
204.87 121.6 40.475094 -3.410694 569.0 4 5 239.4 1.406 0 0 0 
205.90 124.1 40.474934 -3.411036 571.0 4 5 239.8 1.406 2 0 0 
206.89 122.7 40.474777 -3.411397 571.6 4 5 240.5 1.055 0 1 0 
207.89 122.0 40.474632 -3.411751 570.7 4 5 241.9 2.109 0 1 0 
208.87 122.7 40.474510 -3.412101 569.8 4 5 243.3 2.812 0 1 0 
209.89 122.0 40.474377 -3.412467 570.2 4 5 244.7 2.812 0 1 0 
210.90 121.2 40.474251 -3.412818 571.0 4 5 245.4 2.109 0 1 0 
211.90 122.4 40.474133 -3.413177 573.1 6 5 245.7 1.055 0 1 0 
212.89 120.9 40.474010 -3.413538 574.7 6 5 247.1 1.758 0 1 0 
213.88 121.1 40.473892 -3.413888 574.1 6 5 248.2 2.461 0 1 0 
214.88 120.9 40.473778 -3.414257 572.8 6 5 249.6 2.461 0 1 0 
215.94 121.1 40.473682 -3.414646 574.6 6 5 250.7 2.461 0 1 0 
216.89 121.1 40.473587 -3.415021 575.6 6 5 251.7 2.109 0 1 0 
217.97 121.4 40.473503 -3.415394 575.3 6 5 252.1 1.406 0 1 0 
218.88 122.3 40.473419 -3.415781 575.4 6 5 252.1 0.352 0 1 0 
219.90 123.6 40.473328 -3.416163 575.6 6 5 251.7 0.352 0 1 0 
220.96 123.1 40.473240 -3.416550 576.4 6 5 251.7 0.352 0 1 0 
221.87 123.4 40.473145 -3.416935 577.7 6 5 251.7 0 0 0 0 
222.93 123.3 40.473053 -3.417320 576.9 6 5 251.7 0 0 0 0 
223.88 123.3 40.472958 -3.417704 575.3 6 5 251.7 0 0 0 0 
224.87 123.6 40.472862 -3.418097 575.6 6 5 251.7 0 0 0 0 
225.87 121.4 40.472771 -3.418466 575.7 6 5 251.7 0 0 0 0 
226.88 122.8 40.472675 -3.418847 575.4 6 5 251.7 0 0 0 0 
227.91 122.5 40.472584 -3.419236 575.6 6 5 251.7 0 0 0 0 
228.89 122.8 40.472488 -3.419623 574.2 6 5 251.7 0 0 0 0 
229.97 121.6 40.472408 -3.419979 574.0 6 5 251.7 0 0 0 0 
230.89 120.7 40.472313 -3.420353 573.3 6 5 251.4 0.352 0 0 0 
231.88 120.2 40.472221 -3.420714 572.2 6 5 251.4 0.352 0 0 0 
232.88 119.2 40.472130 -3.421086 571.6 6 5 251.0 0.352 0 0 0 
233.88 118.4 40.472027 -3.421453 570.8 6 5 250.7 0.703 1 0 0 
234.86 117.4 40.471939 -3.421821 571.1 6 5 250.7 0.352 0 0 0 
235.88 116.0 40.471851 -3.422169 570.8 6 5 250.0 0.703 0 0 0 
236.88 114.4 40.471760 -3.422521 570.2 6 5 250.0 0.703 0 0 0 
237.88 114.9 40.471661 -3.422881 571.2 6 5 249.6 0.352 0 0 0 
238.89 114.0 40.471561 -3.423227 570.7 6 5 249.3 0.703 0 0 0 
239.95 114.6 40.471458 -3.423579 571.3 6 5 249.6 0.352 0 0 0 
240.88 115.6 40.471348 -3.423936 568.3 4 5 249.3 0.352 0 0 0 
241.88 116.5 40.471241 -3.424290 569.4 4 5 249.3 0.352 0 0 0 
242.89 117.7 40.471134 -3.424655 570.4 4 5 249.3 0 0 0 0 
243.95 119.1 40.471016 -3.425011 569.9 4 5 247.9 1.406 0 0 0 
244.88 119.6 40.470901 -3.425374 569.8 4 5 248.2 1.055 0 0 0 
245.89 121.0 40.470779 -3.425734 570.5 4 5 248.6 0.703 0 0 0 
246.87 122.0 40.470657 -3.426111 570.8 4 5 248.9 0.703 0 0 0 
247.91 122.0 40.470551 -3.426486 570.7 4 5 248.9 0.352 0 0 0 
248.89 122.7 40.470440 -3.426865 571.3 4 5 249.3 0.352 0 0 0 
249.94 122.8 40.470329 -3.427247 572.0 4 5 250.0 1.055 0 0 0 
250.88 122.8 40.470230 -3.427623 574.2 4 5 250.7 1.406 0 0 0 
251.88 122.6 40.470131 -3.427999 573.8 4 5 251.0 1.055 0 0 0 
252.87 122.8 40.470024 -3.428387 573.3 4 5 251.0 0.352 0 0 0 
253.88 123.6 40.469929 -3.428770 574.1 4 5 251.7 0.703 0 0 0 
254.88 122.7 40.469826 -3.429164 574.6 4 5 252.4 1.406 2 0 0 
255.93 121.3 40.469734 -3.429546 576.5 4 5 253.1 1.406 0 0 0 
256.89 121.9 40.469654 -3.429921 576.6 4 5 253.8 1.406 0 0 0 
257.92 122.0 40.469574 -3.430308 575.4 4 5 254.5 1.406 0 0 0 
258.88 121.9 40.469494 -3.430691 576.1 4 5 255.2 1.406 0 0 0 
259.94 121.9 40.469414 -3.431074 577.0 4 5 256.3 1.758 0 0 0 
260.89 120.9 40.469337 -3.431456 579.6 4 5 257.0 1.758 0 0 0 
261.89 119.1 40.469273 -3.431834 577.2 4 5 258.0 1.758 0 0 0 
262.90 117.7 40.469215 -3.432217 578.3 4 5 258.4 1.406 0 0 0 
263.92 116.4 40.469158 -3.432598 579.2 4 5 258.4 0.352 0 0 0 
264.89 114.9 40.469105 -3.432968 579.2 4 5 258.8 0.352 0 0 0 
265.89 115.1 40.469051 -3.433346 579.8 4 5 258.8 0.352 0 0 0 
266.87 115.2 40.468990 -3.433716 580.1 4 5 258.8 0 0 0 0 
267.89 115.8 40.468948 -3.434069 580.9 4 5 258.4 0.352 0 0 0 
268.94 115.6 40.468880 -3.434439 581.5 4 5 257.7 1.055 0 0 0 
269.89 116.3 40.468803 -3.434807 581.5 6 5 257.0 1.406 2 0 0 
270.89 115.0 40.468739 -3.435176 581.9 6 5 256.3 1.406 0 0 0 
271.87 114.3 40.468647 -3.435539 581.5 4 5 257.0 0.703 0 0 0 
272.89 113.0 40.468575 -3.435892 582.1 6 5 256.6 0.352 0 0 0 
273.91 113.0 40.468510 -3.436262 582.5 4 5 257.0 0.352 0 0 0 
274.88 111.9 40.468449 -3.436615 582.2 6 5 257.0 0.352 0 0 0 
275.89 111.9 40.468391 -3.436970 581.9 6 5 257.3 0.352 0 0 0 
276.90 111.3 40.468338 -3.437323 581.4 6 5 257.0 0.352 0 0 0 
277.90 111.5 40.468281 -3.437680 580.9 6 5 257.0 0.352 0 0 0 
278.86 112.4 40.468224 -3.438035 580.1 6 5 256.6 0.352 0 0 0 
279.88 113.0 40.468166 -3.438390 580.0 6 5 257.0 0.352 0 0 0 
280.88 112.8 40.468105 -3.438753 579.6 6 5 257.0 0.352 0 0 0 
281.86 112.1 40.468037 -3.439112 579.8 6 5 257.0 0 0 0 0 
282.87 112.0 40.467979 -3.439468 579.5 6 5 257.0 0 0 0 0 
283.88 111.2 40.467918 -3.439823 579.2 6 5 257.0 0 0 0 0 
284.87 110.7 40.467861 -3.440181 578.8 4 5 257.3 0.352 0 0 0 
285.91 110.4 40.467800 -3.440539 577.5 4 5 257.7 0.703 0 0 0 
286.88 110.2 40.467751 -3.440904 577.6 4 5 259.1 1.758 0 0 0 
287.91 109.3 40.467682 -3.441265 577.5 4 5 259.5 1.758 0 0 0 
288.90 110.8 40.467640 -3.441629 578.7 4 5 260.2 1.055 0 0 0 
289.87 110.5 40.467598 -3.441993 578.7 4 5 260.9 1.406 0 0 0 
290.89 111.3 40.467548 -3.442360 578.3 4 5 261.6 1.406 0 0 0 
291.94 111.4 40.467503 -3.442716 577.1 6 5 262.3 1.406 0 0 0 
292.89 112.5 40.467468 -3.443079 577.2 4 5 263.3 1.758 0 0 0 
293.89 112.0 40.467438 -3.443447 577.0 6 5 263.3 1.055 0 0 0 
294.87 112.2 40.467407 -3.443816 576.2 6 5 263.7 0.352 0 0 0 
295.87 112.2 40.467373 -3.444181 576.9 6 5 263.3 0.352 0 0 0 
296.87 112.0 40.467346 -3.444546 578.4 6 5 263.7 0.352 0 0 0 
297.89 110.9 40.467308 -3.444901 579.3 6 5 263.3 0.352 0 0 0 
298.90 110.5 40.467289 -3.445262 579.2 6 5 263.7 0.352 0 0 0 
299.92 110.9 40.467270 -3.445630 579.7 6 5 263.7 0.352 0 0 0 
300.89 109.9 40.467251 -3.445983 577.6 6 5 264.0 0.352 0 0 0 
301.88 109.4 40.467255 -3.446323 576.4 6 5 265.1 1.406 1 0 0 
302.96 108.4 40.467236 -3.446680 576.4 6 5 265.4 1.406 2 0 0 
303.91 108.1 40.467213 -3.447036 577.2 6 5 265.1 0.352 0 0 0 
304.88 107.5 40.467190 -3.447384 577.8 6 5 264.7 0.703 0 0 0 
305.93 106.5 40.467163 -3.447727 578.3 6 5 264.4 0.703 0 0 0 
306.88 106.9 40.467133 -3.448065 578.4 6 5 264.0 0.703 0 0 0 
307.89 107.5 40.467106 -3.448412 576.0 6 5 264.0 0.352 0 0 0 
308.88 107.9 40.467072 -3.448756 576.5 6 5 263.7 0.352 0 0 0 
309.96 107.5 40.467026 -3.449115 577.1 6 5 263.7 0.352 0 0 0 
310.88 107.5 40.466999 -3.449468 577.3 6 5 264.4 0.703 0 0 0 
311.95 107.0 40.466984 -3.449800 577.5 6 5 264.7 1.055 0 0 0 
312.88 105.9 40.466957 -3.450152 577.7 6 5 264.7 0.352 0 0 0 
313.88 106.1 40.466934 -3.450498 578.9 6 5 264.7 0 0 0 0 
314.89 106.5 40.466911 -3.450852 579.7 6 5 265.1 0.352 0 0 0 
315.95 104.9 40.466900 -3.451195 577.8 6 5 265.8 1.055 0 0 0 
316.93 104.7 40.466888 -3.451540 577.2 6 5 266.1 1.055 0 0 0 
317.87 104.5 40.466873 -3.451886 578.0 6 5 266.1 0.352 0 0 0 
318.89 104.2 40.466850 -3.452232 578.4 6 5 266.1 0 0 0 0 
319.91 103.2 40.466843 -3.452579 578.6 6 5 266.8 0.703 0 0 0 
320.89 104.3 40.466820 -3.452935 578.7 6 5 266.8 0.703 0 0 0 
321.89 103.6 40.466808 -3.453289 578.8 6 5 267.5 0.703 0 0 0 
322.88 103.8 40.466805 -3.453636 579.1 4 5 268.2 1.406 0 0 0 
323.89 103.9 40.466805 -3.453983 579.9 4 5 268.6 1.055 0 0 0 
324.88 103.0 40.466793 -3.454311 579.8 4 5 269.3 1.055 0 0 0 
325.89 103.8 40.466793 -3.454643 579.7 4 5 269.0 0.431 0 0 0 
326.88 103.2 40.466793 -3.454980 580.2 4 5 269.7 0.661 0 0 0 
327.87 104.3 40.466793 -3.455328 580.5 4 5 269.7 0.661 0 0 0 
328.89 104.3 40.466793 -3.455669 581.1 4 5 272.3 2.645 0 0 0 
329.91 105.0 40.466805 -3.456006 581.0 4 5 271.6 1.913 0 0 0 
330.91 105.3 40.466812 -3.456356 580.7 4 5 271.6 0.731 0 0 0 
331.89 105.8 40.466824 -3.456706 581.4 4 5 272.5 0.927 0 0 0 
332.87 106.3 40.466831 -3.457065 581.1 3 5 272.5 0.927 0 0 0 
333.87 107.3 40.466835 -3.457402 581.2 3 5 272.5 0 0 0 0 
334.92 107.4 40.466831 -3.457752 581.9 3 5 272.9 0.397 0 0 0 
335.89 107.9 40.466835 -3.458122 581.6 3 5 272.9 0.397 0 0 0 
336.88 108.3 40.466835 -3.458479 581.7 3 5 273.6 0.721 0 0 0 
337.87 108.8 40.466854 -3.458838 581.8 3 5 273.2 0.484 0 0 0 
338.88 107.9 40.466866 -3.459189 581.2 3 5 273.6 0.449 0 0 0 
339.94 108.8 40.466888 -3.459557 582.5 3 5 273.6 0.449 0 0 0 
340.98 109.8 40.466908 -3.459903 582.8 3 5 273.6 0 0 0 0 
341.87 109.9 40.466919 -3.460260 583.5 3 5 273.2 0.446 0 0 0 
342.91 109.6 40.466938 -3.460624 583.2 3 5 273.9 0.703 0 0 0 
343.87 109.4 40.466957 -3.460989 580.0 4 5 273.5 0.352 0 0 0 
344.87 110.4 40.466976 -3.461347 581.2 4 5 273.9 0.352 0 0 0 
345.94 110.7 40.467003 -3.461709 581.5 4 5 273.9 0.352 0 0 0 
346.90 110.9 40.467022 -3.462069 582.2 3 5 273.9 0 0 0 0 
347.91 110.7 40.467041 -3.462439 582.8 4 5 273.9 0 0 0 0 
348.88 111.5 40.467068 -3.462805 582.1 3 5 273.5 0.352 0 0 0 
349.87 112.4 40.467083 -3.463168 582.3 3 5 273.2 0.703 0 0 0 
350.87 113.2 40.467102 -3.463538 582.3 3 5 272.8 0.703 0 0 0 
351.93 113.5 40.467117 -3.463916 581.8 3 5 272.8 0.352 0 0 0 
352.93 114.9 40.467140 -3.464299 581.9 3 5 272.8 0 0 0 0 
353.87 115.2 40.467155 -3.464674 582.3 3 5 272.5 0.352 0 0 0 
354.89 115.7 40.467167 -3.465048 581.6 3 5 272.1 0.703 0 0 0 
355.90 115.7 40.467178 -3.465428 582.2 4 5 271.8 0.703 0 0 0 
356.89 116.2 40.467197 -3.465799 582.7 3 5 271.8 0.352 0 0 0 
357.96 115.2 40.467213 -3.466166 581.9 4 5 272.1 0.352 0 0 0 
358.87 114.8 40.467216 -3.466544 581.6 3 5 271.1 1.055 0 0 0 
359.88 115.5 40.467216 -3.466913 581.2 4 5 270.0 2.109 0 0 0 
360.89 115.3 40.467216 -3.467288 581.2 4 5 269.6 1.406 0 0 0 
361.93 114.7 40.467201 -3.467662 580.2 4 5 269.5 0.466 0 0 0 
362.94 114.2 40.467194 -3.468044 580.4 3 5 269.5 0.153 0 0 0 
363.88 113.1 40.467197 -3.468405 580.3 3 5 268.5 1.036 0 0 0 
364.88 111.9 40.467197 -3.468778 580.0 3 5 267.8 1.659 0 0 0 
365.88 110.3 40.467186 -3.469160 580.8 3 5 267.4 1.101 0 0 0 
366.88 111.1 40.467175 -3.469527 580.1 3 5 266.7 1.088 0 0 0 
367.88 109.7 40.467152 -3.469896 578.8 3 5 265.7 1.665 0 0 0 
368.88 105.7 40.467140 -3.470205 578.6 4 5 265.2 1.548 0 0 0 
369.88 103.3 40.467129 -3.470563 578.8 4 5 265.2 0.532 2 0 0 
370.91 101.1 40.467110 -3.470901 578.5 4 5 266.8 1.636 0 0 0 
371.89 98.6 40.467091 -3.471233 578.3 4 5 265.8 1.055 0 0 0 
372.89 97.4 40.467068 -3.471551 578.2 4 5 264.7 2.109 1 0 0 
373.90 95.4 40.467030 -3.471846 578.9 4 5 262.4 3.386 2 0 0 
374.88 95.3 40.467003 -3.472155 578.1 4 5 262.4 2.331 0 0 0 
375.95 94.8 40.466969 -3.472460 577.9 4 5 262.1 0.313 0 0 0 
376.88 95.5 40.466938 -3.472759 577.9 4 5 261.5 0.894 0 0 0 
377.94 96.6 40.466900 -3.473058 578.4 4 5 260.0 2.058 0 0 0 
378.89 97.1 40.466862 -3.473371 577.9 4 5 261.2 1.205 0 0 0 
379.89 96.7 40.466824 -3.473673 578.2 4 5 259.9 1.291 0 0 0 
380.89 99.4 40.466778 -3.473994 577.9 6 5 259.3 1.910 0 0 0 
381.94 97.6 40.466732 -3.474301 577.7 6 5 258.7 1.281 0 0 0 
382.89 97.6 40.466686 -3.474605 578.0 6 5 258.7 0.662 0 0 0 
383.89 97.3 40.466637 -3.474908 578.2 6 5 257.7 0.969 0 0 0 
384.89 96.7 40.466583 -3.475216 578.3 6 5 257.0 1.686 0 0 0 
385.87 96.2 40.466534 -3.475507 577.9 6 5 257.0 0.717 0 0 0 
386.92 95.1 40.466473 -3.475840 577.9 6 5 256.4 0.607 0 0 0 
387.87 95.0 40.466415 -3.476134 578.0 6 5 256.4 0.607 0 0 0 
388.96 93.2 40.466351 -3.476426 578.3 6 5 255.5 0.864 0 0 0 
389.87 95.0 40.466290 -3.476723 577.8 6 5 255.5 0.864 0 0 0 
390.89 94.6 40.466240 -3.476996 577.9 6 5 255.5 0 0 0 0 
391.92 95.6 40.466171 -3.477299 578.1 6 5 255.5 0 0 0 0 
392.88 93.8 40.466106 -3.477597 577.9 6 5 255.5 0 0 0 0 
393.87 92.7 40.466053 -3.477881 577.7 6 5 255.5 0 0 0 0 
394.89 90.3 40.465996 -3.478172 577.7 6 5 253.4 2.143 0 0 0 
395.90 90.5 40.465939 -3.478455 577.1 6 5 254.4 1.143 0 0 0 
396.88 85.6 40.465878 -3.478740 577.2 6 5 256.6 3.283 0 0 0 
397.92 83.8 40.465832 -3.479004 577.0 6 5 256.6 2.283 0 0 0 
398.87 81.3 40.465786 -3.479262 576.6 6 5 258.0 1.406 0 0 0 
399.89 78.6 40.465767 -3.479510 576.7 6 5 259.5 2.812 0 0 0 
400.93 76.3 40.465721 -3.479770 576.3 4 5 264.4 6.328 0 0 0 
401.87 75.0 40.465710 -3.480039 576.5 4 5 267.2 7.734 0 0 0 
402.88 74.2 40.465717 -3.480291 577.1 4 5 273.9 9.492 1 0 0 
403.89 73.0 40.465744 -3.480541 577.4 4 5 289.4 22.205 0 0 0 
404.87 72.9 40.465794 -3.480757 577.6 3 5 289.4 15.525 0 0 0 
405.87 72.0 40.465858 -3.480991 577.9 3 5 290.3 0.878 0 0 0 
406.88 71.5 40.465935 -3.481214 578.1 3 5 292.1 2.730 0 0 0 
407.93 70.7 40.466011 -3.481426 579.5 3 5 293.3 3.060 0 0 0 
408.87 70.8 40.466087 -3.481639 579.4 3 5 294.0 1.859 0 0 0 
409.87 71.1 40.466160 -3.481851 579.3 3 5 292.9 1.129 0 0 0 
410.88 71.5 40.466232 -3.482074 579.6 3 5 292.1 1.832 0 0 0 
411.88 72.5 40.466309 -3.482294 580.4 3 5 293.2 1.055 0 0 0 
412.97 72.3 40.466385 -3.482521 580.6 3 5 293.6 1.406 0 0 0 
413.98 70.4 40.466454 -3.482726 580.9 3 5 293.6 0.352 0 0 0 
414.90 67.0 40.466526 -3.482927 580.8 4 5 293.9 0.352 0 0 0 
415.88 65.5 40.466579 -3.483120 581.1 3 5 292.9 1.055 0 0 0 
416.88 67.8 40.466640 -3.483329 581.7 3 5 286.9 7.031 0 0 0 
417.89 68.8 40.466675 -3.483546 582.0 3 5 281.6 11.250 1 0 0 
418.87 69.7 40.466698 -3.483777 582.6 3 5 277.0 9.844 1 1 0 
419.89 68.3 40.466717 -3.484021 582.7 3 5 271.1 10.527 1 1 0 
421.00 67.3 40.466728 -3.484246 583.1 3 5 267.1 9.956 0 1 0 
421.88 67.7 40.466702 -3.484459 583.4 3 5 258.4 12.720 0 1 0 
422.89 67.2 40.466671 -3.484683 583.8 3 5 252.3 14.791 1 1 0 
423.88 67.3 40.466618 -3.484879 583.7 3 5 247.5 10.897 1 1 0 
424.88 67.6 40.466549 -3.485081 583.9 3 5 245.6 6.684 1 1 0 
425.90 67.4 40.466465 -3.485270 583.9 3 5 238.2 9.285 0 1 0 
426.89 64.3 40.466377 -3.485447 584.0 3 5 236.0 9.553 0 1 0 
427.91 64.0 40.466274 -3.485623 583.9 3 5 236.0 2.125 0 1 0 
428.89 65.4 40.466171 -3.485804 584.0 3 5 229.3 6.773 0 1 0 
429.90 66.6 40.466057 -3.485967 584.6 3 5 229.3 6.773 0 1 0 
430.90 68.2 40.465950 -3.486137 585.2 3 5 231.2 1.896 0 1 0 
431.88 69.7 40.465836 -3.486311 585.6 3 5 231.6 2.337 0 1 0 
432.95 71.8 40.465721 -3.486492 585.8 3 5 231.6 0.441 0 1 0 
433.89 73.5 40.465603 -3.486691 586.2 3 5 231.2 0.390 0 1 0 
434.89 75.7 40.465485 -3.486881 586.7 3 5 231.2 0.390 0 1 0 
435.90 78.1 40.465359 -3.487078 587.0 3 5 224.8 6.428 0 1 0 
436.87 78.0 40.465229 -3.487276 587.3 3 5 224.8 6.428 0 1 0 
437.90 77.7 40.465096 -3.487473 587.0 3 5 224.3 0.512 0 1 0 
438.88 76.5 40.464958 -3.487640 587.0 3 5 221.8 3.033 0 1 0 
439.89 74.2 40.464806 -3.487795 587.7 3 5 208.0 16.247 0 1 0 
440.87 74.2 40.464806 -3.487795 587.7 3 5 208.0 16.247 1 1 0 
441.87 67.9 40.464455 -3.487934 589.9 3 5 188.5 19.529 1 1 0 
442.89 64.0 40.464298 -3.487936 591.0 3 5 168.3 37.299 1 1 0 
443.87 62.2 40.464146 -3.487912 592.1 3 5 166.8 21.677 0 1 0 
444.89 60.3 40.464008 -3.487849 592.7 3 5 149.5 18.791 0 1 0 
445.87 57.8 40.463871 -3.487742 593.2 3 5 147.1 19.732 0 1 0 
446.87 56.6 40.463764 -3.487613 593.1 3 5 141.7 7.760 0 1 0 
447.87 56.6 40.463764 -3.487613 593.1 3 5 141.7 7.760 0 1 0 
448.89 56.9 40.463596 -3.487303 592.8 3 5 113.3 28.376 0 1 0 
449.87 57.5 40.463554 -3.487125 593.1 3 5 106.9 19.053 0 1 0 
450.87 58.1 40.463509 -3.486935 593.1 3 5 117.6 10.625 0 1 0 
451.87 59.4 40.463528 -3.486741 592.9 3 5 71.1 46.484 0 1 0 
452.93 61.5 40.463558 -3.486553 593.1 3 5 69.7 47.883 0 1 0 
453.88 63.3 40.463596 -3.486354 593.3 3 5 69.7 1.400 0 1 0 
454.87 66.6 40.463657 -3.486152 593.7 3 5 63.3 6.388 0 1 0 
455.94 70.5 40.463734 -3.485952 593.5 3 5 63.6 6.037 0 1 0 
456.87 72.8 40.463821 -3.485729 593.1 3 5 66.1 2.812 0 1 0 
457.88 76.3 40.463890 -3.485499 592.1 3 5 68.9 5.273 1 1 0 
458.94 80.9 40.463955 -3.485250 591.3 3 5 70.7 4.570 0 1 0 
459.87 83.7 40.464020 -3.484997 590.4 4 5 72.8 3.867 0 1 0 
460.88 88.1 40.464081 -3.484724 588.9 4 5 73.1 2.461 0 1 0 
461.88 90.6 40.464146 -3.484450 587.9 4 5 73.1 0.352 0 1 0 
462.87 92.9 40.464214 -3.484150 587.6 4 5 73.1 0 0 1 0 
463.89 94.4 40.464291 -3.483844 587.3 4 5 73.5 0.352 0 1 0 
464.86 96.0 40.464363 -3.483538 587.4 4 5 73.5 0.352 0 1 0 
465.88 97.2 40.464436 -3.483220 587.8 4 5 73.1 0.352 0 1 0 
466.87 97.9 40.464508 -3.482909 588.0 4 5 72.8 0.703 0 1 0 
467.84 99.2 40.464584 -3.482578 587.7 4 5 73.8 1.055 0 1 0 
468.84 99.1 40.464653 -3.482264 587.5 4 5 73.8 1.055 0 1 0 
469.91 99.3 40.464725 -3.481949 587.6 4 5 73.5 0.352 0 1 0 
470.86 98.0 40.464794 -3.481619 586.8 4 5 72.8 1.055 0 1 0 
471.86 95.9 40.464867 -3.481312 586.4 4 5 72.8 0.703 1 1 0 
472.85 95.1 40.464951 -3.481020 586.1 4 5 72.1 0.703 1 1 0 
473.86 92.1 40.465015 -3.480737 585.2 4 5 71.0 1.758 1 1 0 
474.85 92.9 40.465084 -3.480450 585.3 4 5 70.3 1.758 1 2 0 
475.98 91.5 40.465157 -3.480174 585.1 4 5 70.3 0.703 0 2 0 
476.87 89.6 40.465248 -3.479902 584.8 4 5 65.8 4.476 0 2 0 
477.90 89.7 40.465343 -3.479640 584.8 4 5 61.5 8.836 0 2 0 
478.85 89.0 40.465363 -3.479341 584.7 4 5 74.1 12.663 1 1 0 
479.90 89.4 40.465435 -3.479063 583.9 4 5 74.1 12.663 2 1 0 
480.86 90.7 40.465515 -3.478773 583.9 4 5 74.1 0 0 1 0 
481.86 91.0 40.465595 -3.478479 583.8 4 5 74.1 0 0 1 0 
482.89 93.1 40.465660 -3.478191 583.7 4 5 74.1 0 2 1 0 
483.85 95.2 40.465729 -3.477899 584.1 4 5 76.0 1.824 2 2 0 
484.88 97.4 40.465809 -3.477591 584.8 4 5 75.1 0.978 0 1 0 
486.02 100.0 40.465881 -3.477273 585.0 4 5 75.1 0.846 0 1 0 
486.86 101.3 40.465958 -3.476948 585.7 6 5 75.1 0 0 1 0 
487.92 105.8 40.466034 -3.476622 586.3 4 5 75.5 0.427 0 1 0 
488.99 107.8 40.466103 -3.476287 586.2 4 5 76.0 0.846 0 1 0 
489.86 109.5 40.466179 -3.475939 586.6 4 5 76.5 0.999 0 1 0 
490.88 111.7 40.466244 -3.475571 587.2 4 5 76.5 0.580 0 1 0 
491.85 112.8 40.466309 -3.475199 587.4 4 5 77.4 0.837 0 1 0 
492.87 113.7 40.466377 -3.474842 587.9 4 5 77.4 0.837 0 1 0 
493.86 115.0 40.466438 -3.474466 588.3 4 5 78.3 0.954 0 1 0 
494.85 116.2 40.466484 -3.474099 588.4 4 5 78.3 0.954 0 1 0 
495.90 117.2 40.466530 -3.473724 589.2 6 5 79.4 1.053 0 1 0 
496.87 117.8 40.466572 -3.473361 589.1 6 5 79.4 1.053 0 1 0 
497.84 117.8 40.466572 -3.473361 589.1 6 5 79.4 1.053 0 1 0 
498.89 117.1 40.466660 -3.472585 589.2 4 5 80.7 1.336 2 1 0 
499.86 118.2 40.466686 -3.472216 589.2 4 5 82.8 2.095 0 1 0 
500.86 118.3 40.466721 -3.471841 589.1 4 5 83.5 2.762 0 1 0 
501.84 119.7 40.466759 -3.471444 589.3 4 5 83.5 0.681 0 1 0 
502.88 119.2 40.466797 -3.471059 589.8 4 5 83.5 0.015 0 1 0 
503.97 118.7 40.466824 -3.470674 589.5 4 5 84.5 1.001 0 1 0 
504.86 119.3 40.466850 -3.470269 590.0 4 5 85.0 1.549 0 1 0 
505.85 118.4 40.466869 -3.469889 590.0 4 5 86.0 1.507 0 1 0 
506.88 118.0 40.466888 -3.469504 590.0 4 5 86.5 1.470 0 1 0 
507.86 118.2 40.466908 -3.469121 590.1 4 5 86.5 0.511 0 1 0 
508.95 118.1 40.466923 -3.468737 589.7 4 5 88.1 1.592 0 1 0 
509.88 118.3 40.466934 -3.468334 590.1 4 5 111.0 24.453 1 1 0 
510.91 119.2 40.466938 -3.467959 590.4 4 5 92.4 18.575 2 1 0 
511.84 120.1 40.466961 -3.467561 590.2 4 5 87.5 23.434 0 1 0 
512.84 121.1 40.466972 -3.467162 590.6 4 5 88.6 3.805 0 1 0 
513.86 121.7 40.466972 -3.466766 590.8 4 5 89.6 2.109 0 1 0 
514.84 122.6 40.466980 -3.466355 590.5 4 5 91.1 2.461 1 1 0 
515.87 122.8 40.466976 -3.465949 592.5 4 5 91.1 1.406 0 1 0 
516.95 122.5 40.466969 -3.465541 594.0 4 5 91.8 0.703 0 1 0 
517.87 123.7 40.466965 -3.465212 594.6 4 5 93.4 2.352 0 1 0 
518.84 123.3 40.466953 -3.464731 591.1 4 5 92.1 1.297 0 1 0 
519.84 124.1 40.466942 -3.464324 594.2 4 5 92.5 0.946 0 1 0 
520.87 123.7 40.466923 -3.463912 594.6 4 5 92.8 0.703 0 1 0 
521.85 123.7 40.466908 -3.463509 593.1 4 5 93.5 1.055 0 1 0 
522.87 124.1 40.466896 -3.463104 593.7 6 5 93.3 0.440 0 1 0 
523.89 124.8 40.466881 -3.462694 594.0 6 5 93.5 0.213 0 1 0 
524.84 124.4 40.466881 -3.462295 593.5 6 5 93.5 0.213 0 1 0 
525.86 124.1 40.466869 -3.461892 593.4 6 5 93.5 0 0 1 0 
526.85 124.5 40.466850 -3.461489 594.0 6 5 93.5 0 0 1 0 
527.85 125.3 40.466835 -3.461079 593.2 6 5 93.5 0 0 1 0 
528.85 126.2 40.466797 -3.460697 593.8 6 5 93.5 0 0 1 0 
529.85 126.6 40.466766 -3.460314 593.2 6 5 93.7 0.273 0 1 0 
530.96 126.6 40.466743 -3.459894 592.5 6 5 93.7 0.273 0 1 0 
531.84 127.7 40.466724 -3.459487 595.1 6 5 93.7 0 0 1 0 
532.89 128.7 40.466705 -3.459054 594.9 6 5 93.7 0 0 1 0 
533.86 129.1 40.466686 -3.458637 591.4 6 5 93.5 0.220 1 1 0 
534.90 129.7 40.466667 -3.458218 594.6 6 5 93.5 0.220 0 1 0 
535.87 131.3 40.466652 -3.457792 595.0 6 5 92.5 1.042 0 1 0 
536.85 129.9 40.466640 -3.457370 595.5 6 5 92.5 1.042 0 1 0 
537.86 129.3 40.466621 -3.456945 593.2 6 5 92.5 0 0 1 0 
538.84 128.2 40.466606 -3.456527 593.6 6 5 91.7 0.738 0 1 0 
539.85 127.2 40.466599 -3.456109 593.6 4 5 90.8 1.727 0 1 0 
540.85 127.3 40.466595 -3.455685 593.0 6 5 91.4 0.682 0 1 0 
541.86 125.6 40.466583 -3.455260 593.3 6 5 90.5 0.982 0 1 0 
542.86 124.9 40.466587 -3.454827 593.7 4 5 90.5 0.982 0 1 0 
543.88 123.5 40.466579 -3.454417 594.4 4 5 91.0 0.576 0 1 0 
544.86 122.7 40.466568 -3.454013 594.0 4 5 88.6 2.441 0 1 0 
545.93 122.6 40.466572 -3.453617 591.9 4 5 87.9 3.148 0 1 0 
546.86 122.1 40.466576 -3.453212 592.5 4 5 87.1 1.516 0 1 0 
547.88 122.4 40.466583 -3.452813 594.2 4 5 87.1 0.810 0 1 0 
548.90 122.2 40.466599 -3.452411 592.6 4 5 87.1 0 1 1 0 
549.85 123.2 40.466621 -3.452016 592.6 4 5 87.1 0 0 1 0 
550.85 123.7 40.466644 -3.451607 593.5 4 5 86.0 1.049 1 1 0 
551.86 122.5 40.466675 -3.451196 593.1 4 5 85.0 2.046 0 1 0 
552.85 123.0 40.466702 -3.450799 593.2 4 5 85.0 0.998 1 1 0 
553.85 121.5 40.466732 -3.450389 593.0 4 5 85.0 0 1 1 0 
554.91 119.8 40.466755 -3.449984 592.8 4 5 85.0 0.065 1 1 0 
555.91 119.2 40.466785 -3.449594 592.6 4 5 84.3 0.733 0 1 0 
556.87 118.2 40.466816 -3.449197 592.2 4 5 83.9 1.021 0 1 0 
557.87 115.3 40.466854 -3.448806 592.0 4 5 84.8 0.823 0 1 0 
558.88 114.9 40.466885 -3.448436 591.7 4 5 84.8 0.823 0 1 0 
559.93 115.2 40.466919 -3.448060 592.9 4 5 84.1 0.670 0 1 0 
560.85 115.2 40.466957 -3.447698 592.8 6 5 82.6 2.208 0 1 0 
561.84 115.7 40.466991 -3.447296 591.4 6 5 82.6 1.538 0 1 0 
562.86 116.2 40.467014 -3.446935 591.4 6 5 83.2 0.634 0 1 0 
563.87 116.3 40.467045 -3.446561 591.6 4 5 84.0 1.422 0 1 0 
564.87 116.4 40.467079 -3.446183 591.2 4 5 84.0 0.788 0 1 0 
565.90 116.2 40.467110 -3.445807 591.5 4 5 84.0 0 0 1 0 
566.86 117.1 40.467144 -3.445412 591.4 6 5 84.3 0.304 0 1 0 
567.93 116.1 40.467178 -3.445035 591.4 6 5 83.6 0.694 0 1 0 
568.85 115.0 40.467213 -3.444658 592.2 6 5 83.6 0.694 0 1 0 
569.87 114.7 40.467251 -3.444297 591.2 6 5 83.6 0 0 1 0 
570.86 114.7 40.467281 -3.443924 591.9 6 5 84.0 0.440 0 1 0 
571.84 115.2 40.467316 -3.443559 591.6 6 5 82.8 1.184 0 1 0 
572.85 116.6 40.467354 -3.443183 591.5 6 5 82.4 1.660 2 1 0 
573.88 118.0 40.467396 -3.442804 592.0 6 5 82.4 0.475 0 1 0 
574.85 118.2 40.467426 -3.442444 592.5 6 5 81.9 0.433 0 1 0 
575.84 120.4 40.467464 -3.442082 593.2 6 5 81.9 0.433 1 1 0 
576.84 121.6 40.467518 -3.441697 593.8 6 5 79.8 2.154 0 1 0 
577.92 122.5 40.467579 -3.441327 593.2 6 5 79.8 2.154 0 1 0 
578.89 122.5 40.467632 -3.440927 593.7 6 5 78.7 1.127 0 1 0 
579.87 123.7 40.467701 -3.440536 593.6 4 5 78.7 1.127 0 1 0 
580.84 124.4 40.467777 -3.440143 593.8 6 5 77.4 1.282 0 1 0 
581.85 123.9 40.467819 -3.439855 594.5 4 5 77.4 1.282 0 1 0 
582.86 122.2 40.467915 -3.439350 596.3 4 5 76.6 0.728 0 1 0 
583.85 121.8 40.467987 -3.438974 598.1 4 5 76.6 0.728 0 1 0 
584.88 122.9 40.468044 -3.438613 596.5 4 5 77.0 0.352 0 1 0 
585.88 123.0 40.468109 -3.438232 594.6 4 5 77.0 0.352 0 1 0 
586.87 123.2 40.468185 -3.437844 595.3 4 5 77.0 0 0 1 0 
587.85 123.0 40.468243 -3.437477 596.4 4 5 77.0 0 0 1 0 
588.87 123.0 40.468311 -3.437096 596.7 4 5 77.0 0 0 1 0 
589.86 122.5 40.468384 -3.436692 597.3 4 5 77.3 0.352 0 1 0 
590.93 122.9 40.468468 -3.436301 597.7 4 5 77.3 0.352 0 1 0 
591.88 121.7 40.468529 -3.435923 597.2 4 5 77.7 0.352 0 1 0 
592.85 121.9 40.468586 -3.435523 596.5 4 5 77.7 0.352 0 1 0 
593.88 122.8 40.468651 -3.435125 596.1 4 5 78.0 0.352 0 1 0 
594.85 122.4 40.468708 -3.434728 595.2 4 5 78.4 0.703 0 1 0 
595.86 122.2 40.468765 -3.434337 595.9 4 5 78.4 0.352 0 0 0 
596.86 122.0 40.468838 -3.433935 595.3 4 5 78.8 0.352 0 0 0 
597.87 121.3 40.468895 -3.433536 594.2 3 5 78.8 0.352 0 0 0 
598.86 120.2 40.468956 -3.433147 593.5 3 5 78.8 0 0 0 0 
599.85 120.2 40.469013 -3.432761 592.8 3 5 78.8 0 0 0 0 
600.86 118.9 40.469063 -3.432375 591.8 3 5 78.4 0.352 0 0 0 
601.87 118.8 40.469128 -3.431988 590.9 3 5 79.1 0.703 0 0 0 
602.86 118.6 40.469185 -3.431608 590.1 4 5 79.1 0.703 2 1 0 
603.86 118.9 40.469238 -3.431227 589.6 4 5 78.4 0.703 0 1 0 
604.88 118.3 40.469303 -3.430855 589.1 4 5 77.0 2.109 0 1 0 
605.85 119.0 40.469383 -3.430470 588.6 4 5 75.6 2.812 0 1 0 
606.86 118.7 40.469460 -3.430096 587.4 4 5 74.2 2.812 0 1 0 
607.87 118.3 40.469555 -3.429717 586.2 4 5 73.1 2.461 0 1 0 
608.86 118.9 40.469639 -3.429341 585.1 4 5 72.4 1.758 0 1 0 
609.85 119.1 40.469734 -3.428963 585.1 4 5 71.7 1.406 0 1 0 
610.86 119.8 40.469830 -3.428594 584.5 4 5 71.4 1.055 0 1 0 
611.85 120.6 40.469929 -3.428216 583.4 4 5 70.7 1.055 0 1 0 
612.86 122.0 40.470028 -3.427840 583.6 4 5 70.7 0.703 0 1 0 
613.86 121.9 40.470127 -3.427458 582.7 4 5 70.0 0.703 1 0 0 
614.86 121.4 40.470222 -3.427090 581.6 4 5 68.9 1.758 2 0 0 
615.86 122.1 40.470333 -3.426714 580.9 4 5 68.2 1.758 2 1 0 
616.85 121.6 40.470444 -3.426341 581.5 6 5 67.9 1.758 0 1 0 
617.86 122.2 40.470558 -3.425966 582.1 6 5 68.2 0.352 0 1 0 
618.87 122.7 40.470661 -3.425606 581.8 4 5 68.6 0.703 0 1 0 
619.91 123.3 40.470776 -3.425227 580.8 4 5 68.9 0.703 0 1 0 
620.84 123.4 40.470894 -3.424839 581.8 4 5 68.6 0.352 0 1 0 
621.91 122.4 40.471001 -3.424456 582.0 4 5 68.6 0.352 0 1 0 
622.84 122.1 40.471115 -3.424086 581.4 6 5 68.6 0 0 1 0 
623.88 122.7 40.471233 -3.423702 580.5 6 5 69.3 0.703 0 1 0 
624.84 122.5 40.471336 -3.423333 580.9 6 5 69.6 1.055 0 1 0 
625.86 122.8 40.471443 -3.422959 582.3 6 5 69.6 0.352 0 1 0 
626.84 122.7 40.471546 -3.422580 582.0 4 5 70.0 0.352 0 1 0 
627.88 123.4 40.471661 -3.422207 582.5 4 5 70.7 1.055 0 1 0 
628.86 123.4 40.471764 -3.421823 582.5 4 5 70.7 0.703 0 1 0 
629.86 122.8 40.471882 -3.421443 582.3 4 5 70.7 0 0 1 0 
630.86 122.5 40.471977 -3.421068 582.4 6 5 70.7 0 0 1 0 
631.86 122.6 40.472084 -3.420695 582.8 6 5 70.7 0 0 1 0 
632.86 122.4 40.472183 -3.420309 584.4 4 5 71.4 0.703 0 0 0 
633.88 123.0 40.472294 -3.419925 584.8 4 5 71.7 1.055 1 0 0 
634.86 122.6 40.472389 -3.419541 584.9 4 5 71.7 0.352 0 0 0 
635.87 123.2 40.472500 -3.419161 584.8 4 5 72.4 0.703 0 0 0 
636.86 123.6 40.472607 -3.418782 585.5 4 5 72.8 1.055 0 0 0 
637.86 123.2 40.472691 -3.418400 585.6 4 5 72.8 0.352 2 0 0 
638.84 122.4 40.472778 -3.418018 586.2 4 5 72.8 0 2 1 0 
639.84 122.4 40.472870 -3.417635 585.8 4 5 72.8 0 0 1 0 
640.88 121.9 40.472950 -3.417250 585.4 6 5 72.8 0 0 1 0 
641.87 121.9 40.473038 -3.416875 585.2 4 5 72.4 0.352 0 1 0 
642.88 121.7 40.473141 -3.416498 585.4 4 5 71.7 1.055 0 1 0 
643.84 121.4 40.473244 -3.416111 586.1 4 5 72.1 0.352 0 1 0 
644.85 122.7 40.473347 -3.415715 585.1 4 5 72.1 0.352 0 1 0 
645.85 122.2 40.473438 -3.415331 584.4 4 5 72.1 0 0 1 0 
646.85 122.2 40.473438 -3.415331 584.4 4 5 72.1 0 0 1 0 
647.87 122.3 40.473633 -3.414567 583.9 4 5 71.4 1.055 0 1 0 
648.85 122.5 40.473736 -3.414184 582.8 4 5 70.3 2.109 0 1 0 
649.88 122.1 40.473839 -3.413810 582.7 4 5 69.3 2.109 0 1 0 
650.85 122.9 40.473953 -3.413440 582.4 4 5 67.9 2.461 1 1 0 
651.86 121.9 40.474072 -3.413074 582.2 4 5 66.8 2.461 0 1 0 
652.89 122.0 40.474190 -3.412715 582.6 4 5 65.4 2.461 0 1 0 
653.85 121.7 40.474316 -3.412359 582.7 4 5 65.0 1.758 0 1 0 
654.85 121.2 40.474445 -3.411991 582.1 4 5 64.0 1.406 1 1 0 
655.90 120.8 40.474571 -3.411638 582.2 4 5 63.3 1.758 1 1 0 
656.92 121.1 40.474705 -3.411276 581.5 4 5 62.2 1.758 0 1 0 
657.86 120.1 40.474838 -3.410947 581.6 4 5 61.2 2.109 0 1 0 
658.91 119.8 40.474983 -3.410607 581.9 4 5 60.1 2.109 0 1 0 
659.90 119.5 40.475128 -3.410265 581.2 4 5 59.4 1.758 0 1 0 
660.86 119.2 40.475281 -3.409935 580.8 4 5 59.1 1.055 0 1 0 
661.84 119.4 40.475441 -3.409603 581.5 4 5 57.7 1.758 0 1 0 
662.86 118.4 40.475605 -3.409270 581.7 4 5 57.0 2.109 0 1 0 
663.86 119.3 40.475777 -3.408939 578.4 4 5 55.9 1.758 0 1 0 
664.86 117.9 40.475956 -3.408628 579.4 4 5 54.8 2.109 0 1 0 
665.85 118.1 40.476128 -3.408315 580.1 4 5 53.8 2.109 0 1 0 
666.90 117.9 40.476307 -3.408010 580.0 4 5 52.7 2.109 0 1 0 
667.86 118.0 40.476482 -3.407700 579.6 4 5 52.7 1.055 0 1 0 
668.84 119.1 40.476677 -3.407392 579.6 4 5 51.3 1.406 0 1 0 
669.96 118.4 40.476864 -3.407092 579.8 4 5 50.3 2.461 0 1 0 
670.87 118.4 40.477058 -3.406798 580.4 4 5 49.2 2.109 0 1 0 
671.86 117.6 40.477238 -3.406518 579.9 4 5 48.5 1.758 0 1 0 
672.93 117.8 40.477440 -3.406238 580.5 4 5 46.8 2.461 0 1 0 
673.87 118.3 40.477638 -3.405963 580.4 4 5 46.1 2.461 0 1 0 
674.90 118.3 40.477840 -3.405692 580.3 4 5 45.0 1.758 0 1 0 
675.86 118.5 40.478054 -3.405420 580.7 4 5 44.3 1.758 0 1 0 
676.85 118.7 40.478271 -3.405154 580.5 4 5 43.2 1.758 1 1 0 
677.86 118.7 40.478497 -3.404891 581.4 4 5 41.8 2.461 1 1 0 
678.85 119.5 40.478722 -3.404637 583.4 3 5 41.5 1.758 1 1 0 
679.93 119.6 40.478951 -3.404374 583.8 3 5 40.8 1.055 1 1 0 
680.86 119.3 40.479179 -3.404125 582.4 3 5 40.1 1.406 0 1 0 
681.87 119.1 40.479408 -3.403867 581.1 3 5 39.0 1.758 0 1 0 
682.84 119.2 40.479656 -3.403625 582.6 3 5 37.6 2.461 1 1 0 
683.90 118.1 40.479889 -3.403391 582.9 3 5 37.3 1.758 0 1 0 
684.86 118.7 40.480141 -3.403168 584.1 3 5 36.2 1.406 0 1 0 
685.87 118.5 40.480381 -3.402933 583.1 3 5 36.6 0.703 0 1 0 
686.87 118.2 40.480618 -3.402701 582.0 3 5 36.6 0.352 0 1 0 
687.86 116.5 40.480858 -3.402471 582.5 3 5 36.6 0 1 1 0 
688.86 114.2 40.481091 -3.402242 584.3 3 5 36.6 0 1 1 0 
689.85 114.2 40.481323 -3.402018 585.3 3 5 36.6 0 0 2 0 
690.84 112.7 40.481552 -3.401786 583.4 4 5 36.9 0.352 1 2 0 
691.86 113.1 40.481785 -3.401569 582.8 4 5 36.9 0.352 0 2 0 
692.84 112.2 40.482010 -3.401341 584.1 3 5 36.9 0 0 2 0 
693.86 111.5 40.482227 -3.401122 584.5 3 5 36.9 0 0 2 0 
694.87 111.6 40.482449 -3.400910 584.7 3 5 36.6 0.352 1 2 0 
695.85 112.0 40.482677 -3.400688 586.3 3 5 36.9 0.352 2 2 0 
696.84 110.1 40.482899 -3.400466 588.2 3 5 36.9 0.352 0 2 0 
697.84 109.9 40.483120 -3.400253 587.5 3 5 36.6 0.352 0 2 0 
698.88 109.5 40.483334 -3.400035 585.8 4 5 36.6 0.352 0 2 0 
699.91 110.4 40.483555 -3.399822 586.4 4 5 36.6 0 0 2 0 
700.94 108.9 40.483784 -3.399602 586.5 4 5 36.6 0 0 2 0 
701.87 108.1 40.483997 -3.399387 587.6 4 5 37.3 0.703 0 2 0 
702.85 106.5 40.484226 -3.399161 589.9 4 5 36.8 0.451 0 2 0 
703.86 106.4 40.484428 -3.398963 590.0 4 5 37.3 0.438 0 2 0 
704.92 105.2 40.484638 -3.398751 586.6 4 5 37.8 1.025 0 2 0 
705.85 103.6 40.484848 -3.398527 586.9 4 5 37.8 0.587 0 2 0 
706.86 103.0 40.485054 -3.398302 587.1 4 5 37.8 0 0 2 0 
707.93 103.5 40.485252 -3.398087 587.9 4 5 39.0 1.136 0 2 0 
708.85 104.6 40.485462 -3.397867 588.8 4 5 40.3 2.429 1 2 0 
709.87 105.3 40.485661 -3.397644 589.1 4 5 40.3 1.293 0 2 0 
710.90 106.5 40.485859 -3.397431 588.9 4 5 41.6 1.292 0 2 0 
711.85 107.0 40.486069 -3.397202 591.0 4 5 43.2 2.935 0 2 0 
712.86 106.5 40.486267 -3.396977 591.3 4 5 43.2 1.643 0 2 0 
713.85 106.4 40.486469 -3.396747 589.6 4 5 43.2 0 0 2 0 
714.86 106.2 40.486660 -3.396513 589.4 4 5 44.1 0.851 0 1 0 
715.84 106.7 40.486858 -3.396272 589.2 4 5 44.1 0.851 0 1 0 
716.86 107.2 40.487049 -3.396025 589.8 4 5 44.1 0 0 1 0 
717.86 107.8 40.487232 -3.395795 589.9 4 5 45.2 1.162 0 1 0 
718.89 107.7 40.487431 -3.395552 589.9 4 5 45.2 1.162 0 1 0 
719.85 109.1 40.487614 -3.395305 589.8 4 5 45.7 0.486 0 1 0 
720.85 108.5 40.487793 -3.395073 589.7 4 5 46.1 0.838 0 1 0 
721.89 108.6 40.487968 -3.394825 589.5 4 5 46.1 0.352 0 1 0 
722.86 108.8 40.488152 -3.394563 589.7 4 5 46.4 0.352 0 1 0 
723.84 108.3 40.488342 -3.394308 589.9 4 5 46.1 0.352 0 1 0 
724.85 108.4 40.488518 -3.394057 590.4 4 5 46.1 0.352 0 1 0 
725.85 108.0 40.488697 -3.393804 590.1 4 5 46.1 0 0 1 0 
726.90 106.6 40.488876 -3.393559 590.5 4 5 46.1 0 0 1 0 
727.86 106.2 40.489048 -3.393317 590.7 4 5 46.1 0 0 1 0 
728.85 106.0 40.489231 -3.393073 590.5 4 5 46.1 0 0 1 0 
729.97 105.5 40.489418 -3.392832 590.9 4 5 45.0 1.055 0 1 0 
730.86 105.0 40.489605 -3.392588 592.7 4 5 46.1 1.055 0 1 0 
731.91 105.3 40.489780 -3.392328 590.1 4 5 46.1 1.055 0 1 0 
732.86 106.0 40.489964 -3.392066 590.5 6 5 46.1 0 0 1 0 
733.89 105.9 40.490150 -3.391828 590.5 4 5 45.7 0.352 0 1 0 
734.84 106.8 40.490345 -3.391578 591.1 4 5 45.7 0.352 0 1 0 
735.86 107.0 40.490528 -3.391324 591.2 4 5 46.1 0.352 0 1 0 
736.86 108.1 40.490707 -3.391074 591.5 4 5 46.1 0.352 0 1 0 
737.86 108.5 40.490902 -3.390813 591.7 4 5 46.4 0.352 0 1 0 
738.86 109.3 40.491096 -3.390560 591.6 4 5 45.7 0.703 0 1 0 
739.84 109.7 40.491295 -3.390302 591.7 4 5 46.4 0.703 0 1 0 
740.84 111.0 40.491497 -3.390028 591.6 4 5 46.4 0.703 0 1 0 
741.85 109.7 40.491676 -3.389773 591.8 4 5 46.4 0 0 1 0 
742.91 109.7 40.491856 -3.389525 591.6 4 5 46.4 0 0 1 0 
743.87 109.7 40.492046 -3.389270 591.6 4 5 46.8 0.352 0 1 0 
744.93 110.6 40.492229 -3.389009 592.1 4 5 47.5 1.055 0 0 0 
745.84 111.3 40.492420 -3.388738 592.3 4 5 48.2 1.406 0 1 0 
746.84 111.5 40.492603 -3.388457 591.9 4 5 48.5 1.055 0 0 0 
747.86 111.7 40.492786 -3.388195 592.0 4 5 48.2 0.352 0 0 0 
748.84 110.7 40.492977 -3.387931 591.9 4 5 48.9 0.703 0 0 0 
749.84 109.8 40.493149 -3.387660 591.9 4 5 48.9 0.703 0 0 0 
750.86 108.1 40.493336 -3.387399 592.3 4 5 49.5 0.613 0 0 0 
751.87 106.8 40.493511 -3.387132 591.6 4 5 50.1 1.192 0 0 0 
752.84 105.9 40.493694 -3.386857 590.6 4 5 50.7 1.246 0 0 0 
753.85 106.7 40.493862 -3.386590 591.3 4 5 50.7 0.668 0 0 0 
754.85 107.5 40.494041 -3.386310 591.6 4 5 50.7 0 0 0 0 
755.86 108.0 40.494217 -3.386019 591.9 4 5 51.1 0.413 0 0 0 
756.85 108.6 40.494385 -3.385753 591.7 4 5 51.1 0.413 0 0 0 
757.86 109.9 40.494553 -3.385465 592.1 4 5 51.5 0.387 0 0 0 
758.85 108.7 40.494728 -3.385186 591.3 4 5 52.4 1.292 0 0 0 
759.86 108.7 40.494892 -3.384905 591.4 4 5 52.4 0.905 0 0 0 
760.87 108.7 40.495056 -3.384626 591.2 4 5 53.0 0.616 1 0 0 
761.84 108.8 40.495220 -3.384326 590.2 4 5 52.3 0.729 1 0 0 
762.85 109.2 40.495384 -3.384039 590.6 4 5 54.0 1.674 0 0 0 
763.86 109.8 40.495548 -3.383748 590.1 4 5 53.8 1.518 0 0 0 
764.87 110.5 40.495712 -3.383451 590.3 4 5 53.8 0.156 0 0 0 
765.91 111.1 40.495872 -3.383154 590.4 4 5 56.7 2.821 0 0 0 
766.89 110.5 40.496029 -3.382850 589.9 4 5 56.7 2.821 0 0 0 
767.85 110.5 40.496181 -3.382554 589.6 3 5 56.7 0 0 0 0 
768.89 111.3 40.496342 -3.382252 589.1 3 5 55.9 0.772 0 0 0 
769.84 110.7 40.496506 -3.381937 588.8 3 5 55.9 0.772 0 0 0 
770.84 109.8 40.496651 -3.381661 589.0 4 5 57.0 1.152 0 0 0 
771.85 109.6 40.496815 -3.381351 588.8 3 5 56.5 0.661 0 0 0 
772.88 109.7 40.496971 -3.381059 589.1 3 5 55.9 1.130 0 0 0 
773.90 109.4 40.497128 -3.380772 589.3 3 5 55.9 0.640 0 0 0 
774.84 109.7 40.497288 -3.380472 589.4 3 5 56.5 0.573 0 0 0 
775.88 109.0 40.497440 -3.380172 589.4 3 5 56.5 0.573 0 0 0 
776.87 106.9 40.497585 -3.379875 589.2 3 5 56.5 0 0 0 0 
777.86 105.5 40.497734 -3.379589 588.9 3 5 56.5 0 0 0 0 
778.85 105.0 40.497883 -3.379301 589.0 3 5 56.3 0.210 0 0 0 
779.87 106.1 40.498016 -3.379012 589.2 3 5 55.9 0.543 0 0 0 
780.86 107.9 40.498150 -3.378710 589.7 3 5 55.9 0.332 2 0 0 
781.84 109.7 40.498295 -3.378392 589.7 3 5 55.9 0 0 0 0 
782.87 109.2 40.498440 -3.378091 589.6 3 5 55.9 0 0 0 0 
783.86 107.2 40.498573 -3.377803 589.4 3 5 55.6 0.365 0 0 0 
784.88 105.8 40.498730 -3.377489 589.4 3 5 56.2 0.622 0 0 0 
785.87 104.3 40.498875 -3.377216 589.4 3 5 56.2 0.622 0 0 0 
786.90 102.6 40.499023 -3.376959 589.7 3 5 56.2 0 0 0 0 
787.97 105.2 40.499180 -3.376672 589.9 3 5 56.2 0 0 0 0 
788.85 107.1 40.499340 -3.376363 590.3 3 5 57.0 0.762 0 0 0 
789.85 107.7 40.499489 -3.376067 590.4 4 5 57.0 0.762 0 0 0 
790.92 106.5 40.499630 -3.375777 590.3 4 5 57.0 0 0 0 0 
791.93 105.8 40.499779 -3.375478 590.0 3 5 56.7 0.286 0 0 0 
792.89 104.2 40.499920 -3.375172 590.0 3 5 56.7 0.286 0 0 0 
793.97 103.8 40.500057 -3.374894 589.6 3 5 55.9 0.767 0 0 0 
794.86 105.0 40.500202 -3.374611 589.9 4 5 55.9 0.767 0 0 0 
795.88 106.6 40.500343 -3.374323 590.3 4 5 57.9 2.006 0 0 0 
796.84 108.1 40.500488 -3.374029 590.4 3 5 57.9 2.006 0 0 0 
797.87 107.5 40.500633 -3.373731 590.5 3 5 57.9 0 0 0 0 
798.84 107.9 40.500759 -3.373420 590.6 4 5 57.7 0.237 0 0 0 
799.86 106.8 40.500900 -3.373110 590.4 4 5 57.7 0.237 0 0 0 
800.90 106.3 40.501041 -3.372822 590.5 4 5 57.7 0 0 0 0 
801.91 103.6 40.501171 -3.372513 591.1 4 5 57.7 0.054 0 0 0 
802.85 103.3 40.501305 -3.372227 591.6 4 5 57.7 0.054 0 0 0 
803.88 103.0 40.501442 -3.371937 591.3 4 5 57.7 0.054 0 0 0 
804.90 102.1 40.501579 -3.371650 590.9 4 5 57.4 0.311 0 0 0 
805.90 101.4 40.501705 -3.371370 591.3 4 5 57.4 0.311 0 0 0 
806.87 100.6 40.501839 -3.371094 590.9 3 5 57.4 0 0 0 0 
807.87 99.6 40.501972 -3.370809 591.0 4 5 57.4 0 0 0 0 
808.88 97.6 40.502102 -3.370521 591.2 4 5 58.0 0.542 0 0 0 
809.90 97.4 40.502228 -3.370253 591.0 4 5 55.2 2.756 0 0 0 
810.85 95.7 40.502350 -3.369994 590.5 4 5 57.8 2.572 2 0 0 
811.84 94.9 40.502472 -3.369714 590.6 3 5 58.4 3.244 2 0 0 
812.85 94.3 40.502586 -3.369455 590.7 3 5 57.5 0.980 0 0 0 
813.87 94.7 40.502705 -3.369181 590.7 4 5 57.5 0.980 0 0 0 
814.88 94.9 40.502823 -3.368914 591.1 4 5 57.9 0.472 0 0 0 
815.89 93.9 40.502949 -3.368656 591.1 4 5 57.9 0.472 0 0 0 
816.90 92.2 40.503067 -3.368396 591.1 4 5 57.9 0 0 0 0 
818.02 90.9 40.503189 -3.368141 590.9 4 5 57.9 0 0 0 0 
818.87 88.7 40.503315 -3.367873 590.9 4 5 58.6 0.636 0 0 0 
819.84 88.0 40.503422 -3.367645 591.0 4 5 57.9 0.677 0 0 0 
820.86 88.0 40.503544 -3.367410 591.3 4 5 57.9 0.677 0 0 0 
821.87 87.1 40.503670 -3.367151 592.0 4 5 58.3 0.444 0 0 0 
822.84 87.3 40.503792 -3.366905 592.0 4 5 58.3 0.444 0 0 0 
823.84 87.3 40.503792 -3.366905 592.0 4 5 58.3 0.444 0 0 0 
824.85 87.9 40.504040 -3.366416 592.3 4 5 58.3 0.475 0 0 0 
825.85 89.1 40.504158 -3.366163 592.9 4 5 58.3 0.475 0 0 0 
826.90 89.4 40.504280 -3.365922 592.5 4 5 58.3 0 0 0 0 
827.95 90.2 40.504383 -3.365664 592.7 4 5 60.1 1.800 0 0 0 
828.85 89.4 40.504501 -3.365405 592.8 4 5 60.9 2.556 0 0 0 
829.89 90.0 40.504612 -3.365153 593.1 3 5 61.9 1.826 0 0 0 
830.84 90.3 40.504719 -3.364891 593.0 3 5 63.4 2.578 0 0 0 
831.87 90.2 40.504807 -3.364632 593.2 3 5 64.4 2.448 0 0 0 
832.85 92.3 40.504902 -3.364354 593.4 4 5 65.9 2.426 0 0 0 
833.87 92.4 40.504997 -3.364090 594.0 3 5 67.6 3.220 0 0 0 
834.93 92.4 40.505089 -3.363812 594.4 3 5 69.0 3.101 1 0 0 
835.85 92.7 40.505161 -3.363528 593.9 3 5 70.8 3.101 0 0 0 
836.86 93.1 40.505230 -3.363232 594.2 4 5 71.8 2.838 0 0 0 
837.87 94.1 40.505302 -3.362935 593.5 4 5 72.5 1.709 0 0 0 
838.86 93.7 40.505386 -3.362627 592.8 4 5 94.0 22.213 0 0 0 
839.93 94.1 40.505428 -3.362321 592.6 4 5 79.8 14.263 0 0 0 
840.85 94.7 40.505493 -3.362015 592.5 4 5 77.0 17.022 1 0 0 
841.86 93.4 40.505558 -3.361714 592.3 4 5 79.1 2.109 2 0 0 
842.85 93.2 40.505581 -3.361412 591.9 4 5 80.5 3.516 2 1 0 
843.91 91.8 40.505611 -3.361127 591.4 4 5 83.0 3.867 1 1 0 
844.86 91.3 40.505627 -3.360829 590.7 4 5 86.8 6.328 0 1 0 
845.85 90.7 40.505634 -3.360526 590.3 4 5 88.6 5.625 0 1 0 
846.93 89.8 40.505634 -3.360230 590.4 4 5 89.3 2.461 0 1 0 
847.84 87.8 40.505634 -3.359932 590.3 4 5 90.0 1.406 0 1 0 
848.88 85.3 40.505642 -3.359632 589.6 4 5 89.3 0.703 0 1 0 
849.84 83.7 40.505646 -3.359352 589.3 4 5 88.2 1.758 1 1 0 
850.84 79.7 40.505650 -3.359086 588.6 4 5 89.6 1.406 1 1 0 
851.86 78.2 40.505638 -3.358822 588.5 4 5 92.1 3.867 0 1 0 
852.86 77.5 40.505627 -3.358561 588.6 3 5 93.9 4.219 0 1 0 
853.90 79.4 40.505608 -3.358301 589.1 3 5 94.9 2.812 2 1 0 
854.85 78.8 40.505589 -3.358019 589.4 4 5 96.3 2.461 2 1 0 
855.85 79.7 40.505566 -3.357755 589.9 3 5 96.0 1.055 0 1 0 
856.85 79.0 40.505543 -3.357491 590.5 4 5 96.0 0.352 0 1 0 
857.88 78.6 40.505524 -3.357234 590.7 3 5 96.0 0 0 1 0 
858.85 78.6 40.505524 -3.357234 590.7 3 5 96.0 0 0 1 0 
859.84 78.2 40.505493 -3.356716 591.2 3 5 97.7 1.758 0 1 0 
860.87 77.5 40.505463 -3.356481 591.4 3 5 96.3 1.758 0 1 0 
861.88 76.2 40.505436 -3.356233 592.0 3 5 97.0 0.703 0 1 0 
862.88 76.0 40.505409 -3.355977 592.2 3 5 96.7 0.352 0 1 0 
863.84 74.8 40.505383 -3.355740 592.4 3 5 96.7 0.352 0 1 0 
864.87 72.9 40.505356 -3.355508 592.6 3 5 97.7 1.055 0 1 0 
865.88 71.4 40.505329 -3.355276 592.7 3 5 97.0 0.703 0 1 0 
866.86 65.8 40.505306 -3.355064 592.4 3 5 98.4 1.406 0 1 0 
867.87 63.7 40.505276 -3.354867 592.7 3 5 99.5 2.461 0 1 0 
868.84 61.7 40.505241 -3.354683 592.9 3 5 101.2 2.812 0 1 0 
869.84 58.6 40.505215 -3.354492 593.2 3 5 102.0 2.461 0 1 0 
870.88 56.2 40.505177 -3.354316 593.3 3 5 105.1 3.867 1 1 0 
871.84 51.2 40.505131 -3.354153 593.1 4 5 109.3 7.383 2 1 0 
872.84 48.9 40.505081 -3.354015 593.1 4 5 117.4 0 -9 -9 0 
873.87 47.6 40.505070 -3.353862 593.1 4 5 107.0 0 -9 -9 0 
874.87 47.1 40.505032 -3.353724 593.2 3 5 111.8 0 -9 -9 0 
