16.51 90.0 1 primary 1 1 40.584423 -3.555086 2.759 65.3 
17.56 90.0 1 primary 1 1 40.584438 -3.554342 0.809 68.6 
18.52 90.0 1 primary 1 1 40.584427 -3.554090 0.772 69.0 
20.37 90.0 1 primary 1 1 40.584404 -3.553859 1.621 70.4 
21.45 90.0 1 primary 1 1 40.584385 -3.553407 0.707 72.2 
23.32 90.0 1 primary 1 1 40.584358 -3.553171 1.571 74.0 
24.41 90.0 1 primary 2 1 40.584282 -3.552697 0.668 75.3 
25.54 90.0 1 primary 2 1 40.584248 -3.552446 0.794 78.6 
27.18 90.0 1 primary 2 1 40.584198 -3.552193 1.432 80.5 
29.36 90.0 1 primary 2 1 40.584084 -3.551679 1.618 83.7 
30.36 90.0 1 primary 2 1 40.583958 -3.551145 0.609 85.4 
32.10 90.0 1 primary 2 1 40.583878 -3.550879 1.349 88.9 
34.17 90.0 1 primary 2 1 40.583702 -3.550339 1.420 87.9 
35.98 90.0 1 primary 2 1 40.583508 -3.549819 1.238 89.2 
37.54 90.0 1 primary 2 1 40.583286 -3.549311 0.797 87.9 
38.55 90.0 1 primary 2 1 40.583164 -3.549063 0.799 86.0 
40.24 90.0 1 primary 2 1 40.583042 -3.548827 1.496 85.3 
42.25 90.0 1 primary 2 1 40.582794 -3.548376 1.499 86.8 
43.36 90.0 1 primary 2 1 40.582520 -3.547933 0.612 87.7 
45.09 90.0 1 primary 2 1 40.582371 -3.547712 1.345 89.2 
48.48 90.0 1 primary 2 1 40.582066 -3.547287 2.731 87.8 
50.53 90.0 1 primary 2 1 40.581608 -3.546663 1.778 86.3 
51.48 90.0 1 primary 2 1 40.581310 -3.546248 0.729 86.6 
53.34 90.0 1 primary 2 1 40.581158 -3.546045 1.598 87.4 
56.12 90.0 1 primary 2 1 40.580856 -3.545637 2.369 86.4 
58.34 90.0 1 primary 2 1 40.580406 -3.545016 1.598 86.2 
82.48 90.0 1 primary 2 1 40.580116 -3.544611 23.732 88.0 
84.33 90.0 1 primary 2 1 40.577271 -3.538879 1.580 86.7 
85.73 90.0 1 primary 2 1 40.577084 -3.538357 0.984 88.1 
86.88 90.0 1 primary 2 1 40.576992 -3.538095 1.131 88.8 
88.42 90.0 1 primary 2 1 40.576817 -3.537564 0.669 89.7 
90.69 90.0 1 primary 2 1 40.576725 -3.537293 1.943 89.0 
91.49 90.0 1 primary 2 1 40.576542 -3.536751 0.741 89.5 
92.31 90.0 1 primary 2 1 40.576439 -3.536476 0.566 89.5 
95.48 90.0 1 primary 2 1 40.576344 -3.536204 2.735 87.4 
98.45 90.0 1 primary 2 1 40.576046 -3.535404 2.703 85.4 
100.00 90.0 1 primary 2 1 40.575729 -3.534675 1.255 86.6 
101.83 90.0 1 primary 2 1 40.575512 -3.534186 1.083 88.3 
104.93 90.0 1 primary 2 1 40.575283 -3.533702 2.178 90.3 
106.48 90.0 1 primary 2 1 40.574913 -3.532968 0.730 90.0 
108.28 90.0 1 primary 2 1 40.574787 -3.532721 1.536 88.3 
110.41 90.0 1 primary 2 1 40.574558 -3.532244 1.665 89.4 
112.11 90.0 1 primary 2 1 40.574318 -3.531743 1.360 89.6 
115.25 90.0 1 primary 2 1 40.574097 -3.531236 2.503 83.8 
116.68 90.0 1 primary 2 1 40.573795 -3.530493 0.931 85.1 
117.91 90.0 1 primary 2 1 40.573696 -3.530243 1.160 86.3 
119.95 90.0 1 primary 2 1 40.573502 -3.529727 1.206 87.6 
139.00 90.0 1 primary 2 1 40.573318 -3.529198 18.255 86.5 
142.48 90.0 1 primary 2 1 40.571674 -3.524233 2.736 88.8 
143.82 90.0 1 primary 2 1 40.571346 -3.523506 1.068 87.4 
155.41 90.0 1 primary 2 1 40.571102 -3.523021 10.666 81.5 
157.38 90.0 1 primary 2 1 40.569580 -3.520733 1.633 81.9 
167.58 90.0 1 primary 2 1 40.569263 -3.520386 9.834 93.2 
170.44 90.0 1 primary 3 2 40.567398 -3.518693 2.696 88.9 
171.88 90.0 1 primary 3 2 40.566772 -3.518281 1.131 86.5 
173.62 90.0 1 primary 3 2 40.566376 -3.518073 0.873 82.5 
174.91 90.0 1 primary 3 2 40.566200 -3.517989 1.168 83.4 
176.93 90.0 1 primary 3 2 40.565823 -3.517792 1.180 81.4 
184.05 90.0 1 primary 3 2 40.565437 -3.517618 6.305 80.0 
185.64 90.0 1 primary 3 2 40.564083 -3.517179 0.891 81.9 
186.45 90.0 1 primary 3 2 40.563881 -3.517132 0.700 82.5 
234.14 90.0 1 primary 3 3 40.563679 -3.517092 47.387 76.9 
295.34 -1.0 -1 - -1 -1 40.556732 -3.509954 60.592 88.4 
299.46 90.0 1 primary 2 3 40.554668 -3.494347 3.714 86.6 
317.18 90.0 1 primary 2 3 40.555046 -3.493321 17.434 87.3 
329.72 90.0 1 primary 2 3 40.555901 -3.488466 11.969 92.4 
330.91 90.0 1 primary 2 3 40.555382 -3.484967 1.163 93.8 
332.64 90.0 1 primary 2 3 40.555229 -3.484387 0.895 92.1 
333.68 90.0 1 primary 2 3 40.555149 -3.484110 0.929 91.2 
394.76 -1.0 -1 - -1 -1 40.555069 -3.483824 61.012 87.3 
399.23 90.0 1 primary 2 3 40.544651 -3.473212 3.486 89.7 
400.53 90.0 1 primary 2 3 40.543797 -3.472949 0.787 92.2 
402.22 90.0 1 primary 2 3 40.543575 -3.472880 1.476 92.4 
404.47 30.0 1 primary_link 1 3 40.543129 -3.472742 1.725 93.9 
405.87 30.0 1 primary_link 1 3 40.542675 -3.472593 1.128 95.5 
408.62 30.0 1 primary_link 1 3 40.542210 -3.472436 1.876 96.3 
409.54 30.0 1 primary_link 1 3 40.541737 -3.472265 0.797 96.2 
411.59 30.0 1 primary_link 1 3 40.541508 -3.472196 1.845 94.9 
412.45 30.0 1 primary_link 1 3 40.541058 -3.472045 0.706 92.1 
414.97 90.0 1 primary 2 3 40.540829 -3.471974 2.224 90.6 
416.82 90.0 1 primary 2 3 40.540169 -3.471744 1.069 89.0 
418.66 90.0 1 primary 2 3 40.539730 -3.471598 0.917 87.7 
419.69 90.0 1 primary 2 3 40.539520 -3.471524 0.943 87.7 
421.23 90.0 1 primary 2 3 40.539307 -3.471447 1.481 86.7 
423.08 90.0 1 primary 2 3 40.538883 -3.471310 1.327 90.0 
424.92 90.0 1 primary 2 3 40.538441 -3.471152 1.175 90.3 
427.38 90.0 1 primary 2 3 40.537987 -3.471017 1.632 90.4 
428.69 90.0 1 primary 2 3 40.537556 -3.470891 0.947 90.8 
429.82 90.0 1 primary 2 3 40.537338 -3.470816 1.071 89.1 
431.87 90.0 1 primary 2 3 40.536903 -3.470646 1.115 88.5 
433.83 100.0 3 primary_link 1 3 40.536491 -3.470455 1.087 88.6 
436.11 100.0 3 primary_link 1 3 40.536095 -3.470217 1.362 88.9 
437.40 100.0 3 primary_link 1 3 40.535709 -3.469913 0.650 89.4 
438.91 100.0 3 primary_link 1 3 40.535522 -3.469738 1.164 90.2 
440.95 100.0 3 primary_link 1 3 40.535164 -3.469362 1.202 91.7 
442.65 100.0 3 primary_link 1 3 40.534851 -3.468953 0.896 90.1 
443.90 100.0 3 primary_link 1 3 40.534702 -3.468727 1.152 88.8 
445.49 90.0 1 primary 2 3 40.534447 -3.468248 0.744 87.3 
446.35 90.0 1 primary 2 3 40.534332 -3.467999 0.601 87.3 
447.78 90.0 1 primary 2 3 40.534229 -3.467744 1.038 85.6 
449.96 90.0 1 primary 2 3 40.534054 -3.467232 1.212 83.4 
451.87 90.0 1 primary 2 3 40.533913 -3.466709 1.120 84.5 
453.58 90.0 1 primary 2 3 40.533810 -3.466173 0.828 86.9 
454.60 90.0 1 primary 2 3 40.533775 -3.465895 0.853 86.9 
456.24 90.0 1 primary 2 3 40.533752 -3.465605 1.491 86.2 
458.92 90.0 1 primary 2 3 40.533733 -3.465037 2.170 88.7 
461.87 90.0 1 primary 2 3 40.533726 -3.464178 2.125 93.1 
463.69 90.0 1 primary 2 3 40.533741 -3.463278 0.934 94.7 
465.16 90.0 1 primary 2 3 40.533745 -3.462973 1.402 94.9 
467.83 90.0 1 primary 2 3 40.533745 -3.462354 2.078 93.7 
470.60 90.0 1 primary 2 3 40.533749 -3.461447 1.852 93.6 
471.72 90.0 1 primary 2 3 40.533760 -3.460834 0.967 93.1 
472.79 90.0 1 primary 2 3 40.533760 -3.460528 1.037 92.6 
474.93 90.0 1 primary 2 3 40.533756 -3.459909 1.184 93.1 
480.81 90.0 1 primary 2 3 40.533749 -3.459297 5.065 92.1 
482.90 90.0 1 primary 2 3 40.533764 -3.457474 1.150 90.2 
484.51 90.0 1 primary 2 3 40.533760 -3.456881 0.759 88.0 
485.51 90.0 1 primary 2 3 40.533756 -3.456586 0.752 86.8 
488.09 90.0 1 primary 2 3 40.533756 -3.456302 2.346 87.8 
490.20 90.0 1 primary 2 3 40.533772 -3.455438 1.454 87.0 
492.30 90.0 1 primary 2 3 40.533787 -3.454866 1.551 86.5 
494.62 90.0 1 primary 2 3 40.533791 -3.454308 1.869 84.5 
496.59 90.0 1 primary 2 3 40.533791 -3.453753 1.838 86.2 
498.73 90.0 1 primary 2 3 40.533787 -3.453187 1.987 88.3 
500.00 90.0 1 primary 2 3 40.533783 -3.452603 1.257 88.9 
502.12 90.0 1 primary 2 3 40.533798 -3.452020 1.372 87.2 
505.57 90.0 1 primary 2 3 40.533802 -3.451441 2.813 90.3 
506.72 90.0 1 primary 2 3 40.533794 -3.450572 0.972 90.3 
507.66 90.0 1 primary 2 3 40.533794 -3.450277 0.908 88.8 
508.89 90.0 1 primary 2 3 40.533802 -3.449977 1.143 88.0 
510.92 90.0 1 primary 2 3 40.533806 -3.449397 1.176 89.7 
514.21 90.0 1 primary 2 3 40.533813 -3.448817 2.452 90.6 
515.66 90.0 1 primary 2 3 40.533806 -3.447932 0.909 91.3 
517.63 90.0 1 primary 2 3 40.533802 -3.447621 1.888 92.1 
519.22 90.0 1 primary 2 3 40.533813 -3.447024 1.468 92.8 
520.87 90.0 1 primary 2 3 40.533833 -3.446417 1.125 94.1 
523.53 90.0 1 primary 2 3 40.533844 -3.445802 1.786 92.0 
540.65 90.0 1 primary 2 3 40.533848 -3.445198 16.901 94.1 
541.64 90.0 1 primary 2 3 40.533844 -3.440119 0.894 95.3 
543.18 90.0 1 primary 2 3 40.533848 -3.439806 1.434 94.8 
544.51 90.0 1 primary 2 3 40.533844 -3.439174 0.755 93.5 
545.78 90.0 1 primary 2 3 40.533840 -3.438867 1.031 91.4 
547.68 90.0 1 primary 2 3 40.533829 -3.438252 0.936 92.1 
548.66 90.0 1 primary 2 3 40.533825 -3.437948 0.912 93.1 
549.73 90.0 1 primary 2 3 40.533833 -3.437645 0.984 93.1 
550.76 90.0 1 primary 2 3 40.533848 -3.437352 1.009 93.0 
553.08 90.0 1 primary 2 3 40.533859 -3.436728 1.330 94.1 
554.70 90.0 1 primary 2 3 40.533878 -3.436117 0.950 93.9 
555.36 90.0 1 primary 2 3 40.533875 -3.435811 0.615 93.9 
556.80 90.0 1 primary 2 3 40.533871 -3.435503 1.050 92.8 
558.33 90.0 1 primary 2 3 40.533852 -3.434889 0.579 93.6 
559.78 90.0 1 primary 2 3 40.533840 -3.434584 1.036 92.6 
590.43 90.0 1 primary 2 3 40.533829 -3.433977 29.685 88.6 
592.76 90.0 1 primary 2 3 40.530651 -3.425879 2.009 83.7 
596.64 90.0 1 primary 2 3 40.530136 -3.425397 2.898 83.8 
598.58 90.0 1 primary 2 3 40.529594 -3.424968 1.832 86.1 
599.98 90.0 1 primary 2 3 40.529217 -3.424708 1.235 86.2 
605.77 90.0 1 primary 2 3 40.528828 -3.424440 5.022 79.2 
613.19 90.0 1 primary 2 3 40.527790 -3.423728 6.436 87.4 
614.24 90.0 1 primary 2 3 40.526604 -3.422549 0.496 85.9 
616.20 90.0 1 primary 2 3 40.526470 -3.422346 1.450 84.3 
617.50 90.0 1 primary 2 3 40.526192 -3.421913 0.752 84.5 
618.46 90.0 1 primary 2 3 40.526066 -3.421689 0.716 85.3 
619.30 90.0 1 primary 2 3 40.525948 -3.421478 0.552 85.3 
620.51 100.0 1 primary 2 3 40.525833 -3.421240 0.767 86.4 
621.46 100.0 3 primary_link 1 3 40.525734 -3.421005 0.709 87.9 
622.65 100.0 1 primary 2 3 40.525627 -3.420742 0.905 88.6 
623.75 100.0 1 primary 2 3 40.525528 -3.420484 1.003 88.4 
625.49 100.0 1 primary 2 3 40.525349 -3.419948 0.746 88.3 
626.51 100.0 1 primary 2 3 40.525269 -3.419667 0.764 86.6 
627.35 100.0 1 primary 2 3 40.525204 -3.419400 0.598 86.6 
628.90 100.0 1 primary 2 3 40.525135 -3.419137 1.154 82.9 
630.89 100.0 1 primary 2 2 40.525009 -3.418602 1.130 84.2 
632.59 100.0 1 primary 2 2 40.524868 -3.418078 0.845 83.5 
633.38 100.0 1 primary 2 2 40.524803 -3.417824 0.634 83.5 
634.62 100.0 1 primary 2 2 40.524738 -3.417562 0.877 81.4 
635.35 100.0 1 primary 2 2 40.524670 -3.417311 0.602 81.4 
636.51 100.0 1 primary 2 2 40.524597 -3.417058 0.759 82.4 
637.66 100.0 1 primary 2 2 40.524517 -3.416806 0.915 83.6 
638.71 100.0 3 primary_link 1 2 40.524437 -3.416543 0.960 83.9 
639.48 100.0 1 primary 2 2 40.524349 -3.416296 0.735 86.5 
640.46 100.0 3 primary_link 1 2 40.524246 -3.416049 0.715 86.5 
641.89 100.0 3 primary_link 1 2 40.524139 -3.415802 1.142 88.7 
643.34 100.0 3 primary_link 1 2 40.523884 -3.415322 0.594 88.7 
644.26 100.0 3 primary_link 1 2 40.523743 -3.415078 0.506 88.5 
645.27 100.0 1 primary 2 2 40.523605 -3.414842 0.524 88.3 
646.50 100.0 1 primary 2 2 40.523457 -3.414619 0.747 92.0 
647.73 100.0 1 primary 2 2 40.523308 -3.414404 0.987 94.8 
648.65 100.0 1 primary 2 2 40.523140 -3.414184 0.904 97.3 
649.88 100.0 1 primary 3 3 40.522964 -3.413974 1.130 98.5 
651.52 100.0 1 primary 2 3 40.522594 -3.413573 0.771 97.9 
652.54 100.0 1 primary 2 3 40.522404 -3.413372 0.794 94.0 
653.57 100.0 1 primary 3 3 40.522213 -3.413204 0.819 94.0 
654.49 100.0 1 primary 3 3 40.522018 -3.413027 0.747 100.9 
656.13 100.0 1 primary 3 3 40.521801 -3.412834 1.368 101.6 
657.52 100.0 1 primary 3 3 40.521381 -3.412453 0.778 102.3 
658.48 100.0 1 primary 3 3 40.521168 -3.412261 0.734 101.9 
660.01 100.0 1 primary 3 3 40.520954 -3.412067 1.271 100.5 
661.76 100.0 1 primary 2 3 40.520542 -3.411694 1.019 98.2 
663.56 100.0 1 primary 2 3 40.520142 -3.411323 0.821 96.6 
664.62 100.0 1 primary 2 3 40.519947 -3.411145 0.879 98.7 
665.67 100.0 1 primary 2 3 40.519745 -3.410956 0.931 99.5 
666.57 100.0 1 primary 2 3 40.519543 -3.410770 0.828 100.8 
667.90 100.0 1 primary 2 3 40.519341 -3.410574 1.156 101.7 
669.54 100.0 1 primary 2 3 40.518925 -3.410184 0.785 100.7 
670.80 100.0 1 primary 2 3 40.518719 -3.409991 1.049 98.8 
672.72 100.0 1 primary 2 3 40.518345 -3.409641 0.974 89.2 
673.59 100.0 1 primary 2 3 40.518162 -3.409467 0.849 87.1 
674.85 100.0 1 primary 2 3 40.517979 -3.409301 1.103 83.9 
677.24 100.0 1 primary 2 3 40.517639 -3.408983 1.491 83.1 
678.88 100.0 1 primary 2 3 40.517292 -3.408669 1.133 85.6 
681.02 100.0 1 primary 2 3 40.516937 -3.408369 1.275 89.1 
682.35 100.0 1 primary 2 3 40.516556 -3.408043 0.607 90.2 
683.58 100.0 1 primary 2 3 40.516373 -3.407880 0.829 87.8 
684.60 100.0 1 primary 2 3 40.516190 -3.407732 0.861 85.9 
685.31 100.0 1 primary 2 3 40.516010 -3.407571 0.566 85.9 
686.61 100.0 1 primary 2 3 40.515831 -3.407421 0.866 88.6 
687.72 100.0 1 primary 2 3 40.515636 -3.407259 0.977 88.5 
688.44 100.0 1 primary 2 3 40.515450 -3.407110 0.699 88.5 
689.64 100.0 1 primary 2 3 40.515266 -3.406975 0.899 88.8 
690.87 100.0 1 primary 2 3 40.515076 -3.406838 1.129 88.6 
692.38 100.0 1 primary 2 3 40.514690 -3.406543 0.631 88.3 
693.41 100.0 1 primary 2 3 40.514503 -3.406387 0.668 87.2 
