13.64 -1.00 -1.00 0 62.3 
13.77 23.96 1.38 1 62.3 
13.90 23.84 1.38 1 62.3 
14.04 23.44 1.35 1 62.3 
14.16 22.67 1.31 1 62.3 
14.39 22.45 1.30 1 62.3 
14.56 22.19 1.28 1 62.3 
14.72 22.86 1.29 1 64.0 
14.84 23.44 1.32 1 64.0 
14.96 24.36 1.37 1 64.0 
15.10 25.23 1.42 1 64.0 
15.24 25.01 1.41 1 64.0 
15.35 24.23 1.36 1 64.0 
15.51 23.42 1.32 1 64.0 
15.63 23.31 1.29 1 64.8 
15.76 22.57 1.25 1 64.8 
15.89 22.14 1.23 1 64.8 
16.05 21.08 1.17 1 64.8 
16.22 18.97 1.05 1 64.8 
16.35 16.61 0.92 1 64.8 
16.51 14.79 0.82 1 64.8 
16.65 15.54 0.86 1 65.3 
16.82 15.91 0.88 1 65.3 
16.94 15.67 0.86 1 65.3 
17.07 16.01 0.88 1 65.3 
17.21 15.55 0.86 1 65.3 
17.33 14.67 0.81 1 65.3 
17.53 14.99 0.83 1 65.3 
17.66 15.18 0.80 1 68.6 
17.78 16.75 0.88 1 68.6 
17.90 17.32 0.91 1 68.6 
18.02 16.84 0.88 1 68.6 
18.15 16.66 0.87 1 68.6 
18.26 17.68 0.93 1 68.6 
18.37 17.33 0.91 1 68.6 
18.52 17.63 0.93 1 68.6 
18.66 17.42 0.91 1 69.0 
18.80 17.54 0.92 1 69.0 
18.92 18.36 0.96 1 69.0 
19.07 18.46 0.96 1 69.0 
19.21 19.30 1.01 1 69.0 
19.34 19.05 0.99 1 69.0 
19.49 19.16 1.00 1 69.0 
19.61 19.44 0.99 1 70.4 
19.77 18.90 0.97 1 70.4 
19.90 19.88 1.02 1 70.4 
20.02 -1.00 -1.00 1 70.4 
20.16 20.62 1.05 1 70.4 
20.31 21.01 1.07 1 70.4 
20.48 21.31 1.09 1 70.4 
20.62 21.56 1.09 1 71.2 
20.76 20.79 1.05 1 71.2 
20.93 20.47 1.04 1 71.2 
21.05 20.46 1.04 1 71.2 
21.19 20.66 1.05 1 71.2 
21.30 20.65 1.04 1 71.2 
21.46 21.02 1.06 1 71.2 
21.57 -1.00 -1.00 1 72.2 
21.70 20.29 1.01 1 72.2 
22.04 20.15 1.00 1 72.2 
22.16 20.24 1.01 1 72.2 
22.27 20.92 1.04 1 72.2 
22.38 21.23 1.06 1 72.2 
22.54 20.92 1.04 1 72.2 
22.65 21.01 1.02 1 74.0 
22.76 21.79 1.06 1 74.0 
22.89 21.74 1.06 1 74.0 
23.03 20.87 1.02 1 74.0 
23.12 20.96 1.02 1 74.0 
23.26 20.89 1.02 1 74.0 
23.38 20.61 1.00 1 74.0 
23.48 21.22 1.03 1 74.0 
23.62 21.46 1.03 1 75.3 
23.73 21.66 1.04 1 75.3 
23.83 22.88 1.09 1 75.3 
23.99 22.81 1.09 1 75.3 
24.12 22.58 1.08 1 75.3 
24.25 22.16 1.06 1 75.3 
24.37 21.50 1.03 1 75.3 
24.56 21.28 1.02 1 75.3 
24.69 20.48 0.96 1 77.1 
24.83 20.45 0.95 1 77.1 
24.94 20.86 0.97 1 77.1 
25.05 21.17 0.99 1 77.1 
25.18 21.22 0.99 1 77.1 
25.29 21.45 1.00 1 77.1 
25.39 20.77 0.97 1 77.1 
25.55 20.50 0.96 1 77.1 
25.67 20.30 0.93 1 78.6 
25.81 20.31 0.93 1 78.6 
25.94 20.31 0.93 1 78.6 
26.07 19.98 0.91 1 78.6 
26.17 20.46 0.94 1 78.6 
26.31 20.45 0.94 1 78.6 
26.44 20.44 0.94 1 78.6 
26.57 21.31 0.95 1 80.5 
26.70 21.52 0.96 1 80.5 
26.81 21.30 0.95 1 80.5 
26.93 21.51 0.96 1 80.5 
27.05 21.28 0.95 1 80.5 
27.17 21.10 0.94 1 80.5 
27.31 20.95 0.94 1 80.5 
27.45 20.64 0.92 1 80.5 
27.57 21.21 0.93 1 82.2 
27.71 21.44 0.94 1 82.2 
27.83 21.24 0.93 1 82.2 
27.94 22.53 0.99 1 82.2 
28.05 22.73 1.00 1 82.2 
28.18 23.14 1.01 1 82.2 
28.34 24.02 1.05 1 82.2 
28.48 23.58 1.03 1 82.2 
28.60 22.99 0.99 1 83.7 
28.72 23.35 1.00 1 83.7 
28.85 23.19 1.00 1 83.7 
28.98 23.77 1.02 1 83.7 
29.09 23.32 1.00 1 83.7 
29.23 23.14 1.00 1 83.7 
29.37 23.00 0.99 1 83.7 
29.55 22.87 0.98 1 83.7 
29.68 22.56 0.95 1 85.4 
29.82 22.98 0.97 1 85.4 
29.96 23.09 0.97 1 85.4 
30.10 22.93 0.97 1 85.4 
30.23 23.05 0.97 1 85.4 
30.35 23.11 0.97 1 85.4 
30.53 23.44 0.99 1 85.4 
30.65 23.23 0.96 1 87.1 
30.76 24.42 1.01 1 87.1 
30.88 23.68 0.98 1 87.1 
31.03 23.64 0.98 1 87.1 
31.14 24.11 1.00 1 87.1 
31.27 24.79 1.02 1 87.1 
31.39 24.56 1.01 1 87.1 
31.53 24.15 1.00 1 87.1 
31.69 25.15 1.02 1 88.9 
31.82 25.36 1.03 1 88.9 
31.96 26.11 1.06 1 88.9 
32.10 29.79 1.21 1 88.9 
32.23 29.56 1.20 1 88.9 
32.36 28.38 1.15 1 88.9 
32.51 28.05 1.14 1 88.9 
32.66 29.50 1.19 1 89.4 
32.80 30.25 1.22 1 89.4 
32.95 29.86 1.20 1 89.4 
33.11 31.47 1.27 1 89.4 
33.24 31.50 1.27 1 89.4 
33.41 31.54 1.27 1 89.4 
33.55 30.42 1.25 1 87.9 
33.68 29.96 1.23 1 87.9 
33.80 29.55 1.21 1 87.9 
33.93 28.91 1.18 1 87.9 
34.04 29.73 1.22 1 87.9 
34.14 30.00 1.23 1 87.9 
34.27 30.62 1.25 1 87.9 
34.45 29.84 1.22 1 87.9 
34.59 28.69 1.17 1 88.2 
34.70 27.29 1.11 1 88.2 
34.84 26.27 1.07 1 88.2 
34.97 25.90 1.06 1 88.2 
35.11 25.85 1.05 1 88.2 
35.26 25.32 1.03 1 88.2 
35.40 26.01 1.06 1 88.2 
35.53 25.46 1.04 1 88.2 
35.65 25.50 1.03 1 89.2 
35.77 25.55 1.03 1 89.2 
35.89 26.95 1.09 1 89.2 
36.01 27.04 1.09 1 89.2 
36.13 27.09 1.09 1 89.2 
36.24 27.14 1.09 1 89.2 
36.36 27.16 1.10 1 89.2 
36.52 28.27 1.14 1 89.2 
36.65 27.61 1.11 1 89.6 
36.76 27.57 1.11 1 89.6 
36.87 28.21 1.13 1 89.6 
36.99 29.55 1.19 1 89.6 
37.13 28.95 1.16 1 89.6 
37.24 30.68 1.23 1 89.6 
37.35 30.16 1.21 1 89.6 
37.49 29.42 1.18 1 89.6 
37.60 29.36 1.20 1 87.9 
37.71 31.62 1.29 1 87.9 
37.81 32.84 1.34 1 87.9 
37.90 33.37 1.37 1 87.9 
38.01 33.39 1.37 1 87.9 
38.12 37.26 1.53 1 87.9 
38.24 36.46 1.49 1 87.9 
38.35 35.69 1.46 1 87.9 
38.49 -1.00 -1.00 1 87.9 
38.60 37.48 1.57 1 86.0 
38.73 43.18 1.81 1 86.0 
38.88 41.43 1.73 1 86.0 
39.00 41.11 1.72 1 86.0 
39.12 39.42 1.65 1 86.0 
39.23 37.10 1.55 1 86.0 
39.36 35.77 1.50 1 86.0 
39.51 34.32 1.44 1 86.0 
39.64 32.12 1.36 2 85.3 
39.81 31.17 1.32 1 85.3 
39.92 30.40 1.28 1 85.3 
40.05 29.21 1.23 1 85.3 
40.17 29.07 1.23 1 85.3 
40.30 27.66 1.17 1 85.3 
40.45 27.81 1.17 1 85.3 
40.56 27.05 1.14 1 85.8 
40.67 26.69 1.12 2 85.8 
40.79 27.01 1.13 1 85.8 
40.89 26.66 1.12 1 85.8 
41.00 26.39 1.11 1 85.8 
41.12 28.03 1.18 1 85.8 
41.23 28.12 1.18 1 85.8 
41.36 27.36 1.15 1 85.8 
41.46 26.28 1.10 1 85.8 
41.60 25.81 1.08 1 85.8 
41.71 27.59 1.14 1 86.8 
41.94 28.67 1.19 1 86.8 
42.04 28.67 1.19 1 86.8 
42.16 29.01 1.20 1 86.8 
42.28 28.67 1.19 1 86.8 
42.42 28.06 1.16 1 86.8 
42.56 27.85 1.14 1 87.7 
42.68 27.14 1.11 1 87.7 
42.81 26.53 1.09 1 87.7 
42.92 26.30 1.08 1 87.7 
43.05 26.11 1.07 1 87.7 
43.15 25.96 1.07 1 87.7 
43.27 25.33 1.04 1 87.7 
43.39 24.82 1.02 1 87.7 
43.53 24.17 0.99 1 87.7 
43.63 23.64 0.96 1 88.5 
43.73 22.81 0.93 1 88.5 
43.86 22.54 0.92 1 88.5 
43.96 24.61 1.00 1 88.5 
44.05 25.04 1.02 1 88.5 
44.17 24.20 0.99 1 88.5 
44.28 23.69 0.96 1 88.5 
44.40 22.88 0.93 1 88.5 
44.54 22.42 0.91 1 88.5 
44.67 22.74 0.92 1 89.2 
44.81 23.26 0.94 1 89.2 
44.93 22.94 0.93 1 89.2 
45.05 22.94 0.93 1 89.2 
45.17 25.38 1.02 1 89.2 
45.30 26.00 1.05 1 89.2 
45.44 25.71 1.04 1 89.2 
45.56 27.05 1.09 1 89.3 
45.68 28.13 1.13 1 89.3 
45.80 28.65 1.16 1 89.3 
45.92 27.91 1.13 1 89.3 
46.05 27.28 1.10 1 89.3 
46.16 26.71 1.08 1 89.3 
46.28 26.54 1.07 1 89.3 
46.40 25.66 1.03 1 89.3 
46.52 26.66 1.07 1 89.3 
46.64 26.48 1.10 1 86.7 
46.76 25.84 1.07 1 86.7 
46.86 25.78 1.07 1 86.7 
46.96 25.50 1.06 1 86.7 
47.09 24.77 1.03 1 86.7 
47.19 24.42 1.01 1 86.7 
47.28 24.36 1.01 1 86.7 
47.41 24.08 1.00 1 86.7 
47.52 24.09 1.00 1 86.7 
47.65 24.10 0.99 1 87.2 
47.76 24.11 1.00 1 87.2 
47.87 24.68 1.02 1 87.2 
48.00 24.37 1.01 1 87.2 
48.12 24.33 1.00 1 87.2 
48.23 24.31 1.00 1 87.2 
48.36 23.62 0.97 1 87.2 
48.51 23.49 0.97 1 87.2 
48.63 23.63 0.97 1 87.8 
48.75 24.64 1.01 1 87.8 
48.88 24.58 1.01 1 87.8 
49.01 24.52 1.00 1 87.8 
49.11 27.15 1.11 1 87.8 
49.23 27.86 1.14 1 87.8 
49.35 29.22 1.20 1 87.8 
49.52 29.59 1.21 1 87.8 
49.63 30.66 1.27 1 87.2 
49.73 30.20 1.25 1 87.2 
49.85 31.17 1.29 1 87.2 
49.97 30.56 1.26 1 87.2 
50.07 29.79 1.23 1 87.2 
50.19 29.39 1.21 1 87.2 
50.31 28.52 1.18 1 87.2 
50.46 27.77 1.15 1 87.2 
50.58 27.12 1.13 1 86.3 
50.72 26.59 1.11 1 86.3 
50.83 25.92 1.08 1 86.3 
50.95 25.84 1.08 1 86.3 
51.07 26.10 1.09 1 86.3 
51.19 26.02 1.09 1 86.3 
51.30 26.55 1.11 1 86.3 
51.42 26.14 1.09 1 86.3 
51.54 25.55 1.07 1 86.3 
51.67 24.86 1.03 1 86.6 
51.79 24.25 1.01 1 86.6 
51.92 24.82 1.03 1 86.6 
52.05 24.47 1.02 1 86.6 
52.15 24.69 1.03 1 86.6 
52.26 24.58 1.02 1 86.6 
52.37 24.78 1.03 1 86.6 
52.49 25.23 1.05 1 86.6 
52.64 25.61 1.05 1 87.4 
52.76 25.63 1.06 1 87.4 
52.90 25.39 1.05 1 87.4 
53.06 24.92 1.03 1 87.4 
53.20 25.11 1.03 1 87.4 
53.35 23.95 0.99 1 87.4 
53.54 24.56 1.01 1 87.4 
53.65 24.50 1.01 1 87.4 
53.80 23.99 0.99 1 87.4 
53.93 24.30 1.00 1 87.4 
54.05 24.88 1.02 1 87.4 
54.19 25.32 1.04 1 87.4 
54.31 26.39 1.09 1 87.4 
54.46 26.02 1.07 1 87.4 
54.58 25.99 1.07 1 87.0 
54.72 25.44 1.05 1 87.0 
54.84 25.25 1.04 1 87.0 
54.96 25.95 1.07 1 87.0 
55.12 25.42 1.05 1 87.0 
55.25 24.77 1.02 1 87.0 
55.39 24.20 1.00 1 87.0 
55.56 23.75 0.98 1 87.0 
55.68 24.13 1.00 1 86.4 
55.80 23.91 1.00 1 86.4 
55.94 23.97 1.00 1 86.4 
56.05 24.30 1.01 1 86.4 
56.19 24.30 1.01 1 86.4 
56.32 24.86 1.04 1 86.4 
56.48 26.43 1.10 1 86.4 
56.61 26.90 1.12 1 86.6 
56.74 26.73 1.11 1 86.6 
56.87 26.31 1.09 1 86.6 
56.99 26.49 1.10 1 86.6 
57.11 25.91 1.08 1 86.6 
57.24 25.62 1.07 1 86.6 
57.35 26.27 1.09 1 86.6 
57.46 26.20 1.09 1 86.6 
57.60 25.61 1.07 1 86.2 
57.73 25.37 1.06 1 86.2 
57.86 25.76 1.08 1 86.2 
58.03 26.03 1.09 1 86.2 
58.15 26.01 1.09 1 86.2 
58.29 25.46 1.06 1 86.2 
58.44 25.01 1.04 1 86.2 
58.55 24.88 1.03 1 86.6 
58.68 25.34 1.05 1 86.6 
58.80 26.03 1.08 1 86.6 
58.92 26.58 1.11 1 86.6 
59.03 26.74 1.11 1 86.6 
59.16 26.58 1.11 1 86.6 
59.29 27.39 1.14 1 86.6 
59.43 27.70 1.15 1 86.6 
59.56 27.97 1.18 1 85.1 
59.67 27.87 1.18 1 85.1 
59.78 28.09 1.19 1 85.1 
59.91 30.00 1.27 1 85.1 
60.04 29.88 1.26 1 85.1 
60.17 29.48 1.25 1 85.1 
60.27 29.13 1.23 1 85.1 
60.40 28.55 1.21 1 85.1 
60.55 27.80 1.18 1 85.1 
60.68 27.41 1.16 1 85.2 
60.79 26.83 1.13 1 85.2 
60.92 26.63 1.13 1 85.2 
61.05 25.73 1.09 1 85.2 
61.18 26.31 1.11 1 85.2 
61.31 26.82 1.13 1 85.2 
61.43 26.63 1.13 1 85.2 
61.57 27.04 1.14 1 85.2 
61.69 28.62 1.22 1 84.5 
61.84 29.86 1.27 1 84.5 
61.97 30.47 1.30 1 84.5 
62.10 30.25 1.29 1 84.5 
62.22 30.06 1.28 1 84.5 
62.33 30.23 1.29 1 84.5 
62.49 31.71 1.35 1 84.5 
62.62 32.41 1.39 1 83.9 
62.76 31.32 1.34 1 83.9 
62.90 31.66 1.36 1 83.9 
63.01 32.86 1.41 1 83.9 
63.14 31.99 1.37 1 83.9 
63.28 32.21 1.38 1 83.9 
63.45 31.67 1.36 1 83.9 
63.56 31.97 1.38 1 83.2 
63.69 34.38 1.49 1 83.2 
63.82 33.58 1.45 1 83.2 
63.96 32.85 1.42 1 83.2 
64.09 30.00 1.30 1 83.2 
64.20 30.53 1.32 1 83.2 
64.33 30.26 1.31 1 83.2 
64.48 30.00 1.30 1 83.2 
64.60 29.48 1.27 1 83.7 
64.71 29.71 1.28 1 83.7 
64.86 30.29 1.30 1 83.7 
65.00 30.76 1.32 1 83.7 
65.14 30.16 1.30 1 83.7 
65.29 29.09 1.25 1 83.7 
65.46 29.76 1.28 1 83.7 
65.60 29.56 1.26 1 84.7 
65.71 29.77 1.27 1 84.7 
65.84 29.26 1.24 1 84.7 
65.95 29.56 1.26 1 84.7 
66.08 30.60 1.30 1 84.7 
66.20 31.00 1.32 1 84.7 
66.34 33.60 1.43 1 84.7 
66.48 34.40 1.46 1 84.7 
66.60 35.59 1.49 1 85.8 
66.75 46.37 1.95 1 85.8 
66.89 46.16 1.94 1 85.8 
67.01 44.61 1.87 1 85.8 
67.18 42.84 1.80 1 85.8 
67.33 41.88 1.76 1 85.8 
67.46 40.26 1.69 1 85.8 
67.60 39.55 1.64 1 87.0 
67.72 39.96 1.65 1 87.0 
67.85 42.70 1.77 1 87.0 
67.99 40.65 1.68 1 87.0 
68.12 39.50 1.63 1 87.0 
68.26 38.10 1.58 1 87.0 
68.46 38.12 1.58 1 87.0 
68.61 37.68 1.54 1 88.2 
68.78 36.87 1.50 1 88.2 
68.92 36.17 1.48 1 88.2 
69.05 36.00 1.47 1 88.2 
69.19 35.05 1.43 1 88.2 
69.32 36.15 1.47 1 88.2 
69.49 37.03 1.51 1 88.2 
69.64 37.76 1.53 1 89.0 
69.76 37.82 1.53 1 89.0 
69.90 36.99 1.50 1 89.0 
70.03 35.94 1.45 1 89.0 
70.15 35.79 1.45 1 89.0 
70.28 36.69 1.48 1 89.0 
70.46 36.92 1.49 1 89.0 
70.59 39.05 1.58 1 88.7 
70.72 39.01 1.58 1 88.7 
70.86 37.65 1.53 1 88.7 
71.01 36.86 1.50 1 88.7 
71.14 36.14 1.47 1 88.7 
71.28 35.95 1.46 1 88.7 
71.46 35.32 1.43 1 88.7 
71.62 34.50 1.38 1 89.8 
71.94 33.19 1.33 1 89.8 
72.09 32.62 1.31 1 89.8 
72.23 33.52 1.34 1 89.8 
72.35 33.31 1.33 1 89.8 
72.52 33.12 1.33 1 89.8 
72.66 33.91 1.35 1 90.2 
72.78 33.64 1.34 1 90.2 
72.93 33.43 1.33 1 90.2 
73.06 32.85 1.31 1 90.2 
73.21 32.02 1.28 1 90.2 
73.38 31.68 1.26 1 90.2 
73.56 31.07 1.24 1 90.2 
73.71 30.86 1.23 1 90.7 
73.87 30.38 1.21 1 90.7 
74.00 30.32 1.20 1 90.7 
74.12 31.63 1.26 1 90.7 
74.27 31.05 1.23 1 90.7 
74.42 31.24 1.24 1 90.7 
74.57 31.42 1.24 1 91.2 
74.70 31.21 1.23 1 91.2 
74.82 31.03 1.22 1 91.2 
74.99 31.28 1.23 1 91.2 
75.13 32.40 1.28 1 91.2 
75.27 31.72 1.25 1 91.2 
75.42 31.86 1.26 1 91.2 
75.61 31.57 1.25 1 91.2 
75.77 31.73 1.28 1 89.5 
75.92 31.48 1.27 1 89.5 
76.06 30.93 1.24 1 89.5 
76.21 30.17 1.21 1 89.5 
76.35 29.23 1.18 1 89.5 
76.54 29.38 1.18 1 89.5 
76.70 30.39 1.22 1 89.5 
76.83 30.38 1.22 1 89.5 
76.98 29.72 1.20 1 89.5 
77.12 29.46 1.19 1 89.5 
77.25 29.99 1.21 1 89.5 
77.39 30.43 1.22 1 89.5 
77.52 31.24 1.26 1 89.5 
77.66 30.76 1.23 1 90.1 
77.82 30.68 1.23 1 90.1 
77.95 30.28 1.21 1 90.1 
78.11 29.63 1.18 1 90.1 
78.25 29.41 1.18 1 90.1 
78.40 29.57 1.18 1 90.1 
78.54 29.69 1.19 1 90.1 
78.70 29.16 1.16 1 90.4 
78.84 28.69 1.14 1 90.4 
78.99 29.84 1.19 1 90.4 
79.11 28.78 1.15 1 90.4 
79.25 28.39 1.13 1 90.4 
79.40 28.06 1.12 1 90.4 
79.57 27.51 1.10 1 90.4 
79.71 28.02 1.11 1 90.9 
79.85 27.76 1.10 1 90.9 
79.99 29.10 1.15 1 90.9 
80.13 28.42 1.13 1 90.9 
80.27 28.42 1.13 1 90.9 
80.45 28.43 1.13 1 90.9 
80.62 27.85 1.11 1 90.0 
80.78 28.72 1.15 1 90.0 
80.90 28.09 1.12 1 90.0 
81.02 -1.00 -1.00 1 90.0 
81.16 27.97 1.12 1 90.0 
81.29 28.42 1.14 1 90.0 
81.49 27.61 1.10 1 90.0 
81.65 28.12 1.14 1 88.8 
81.79 28.55 1.16 1 88.8 
82.04 28.86 1.17 1 88.8 
82.18 28.22 1.14 1 88.8 
82.34 28.64 1.16 1 88.8 
82.50 28.63 1.16 1 88.8 
82.66 29.81 1.22 1 88.0 
82.78 29.32 1.20 1 88.0 
82.90 29.53 1.21 1 88.0 
83.05 28.80 1.18 1 88.0 
83.21 29.98 1.23 1 88.0 
83.35 29.46 1.20 1 88.0 
83.47 28.73 1.18 1 88.0 
83.60 27.87 1.16 1 86.7 
83.74 28.35 1.18 1 86.7 
83.87 27.82 1.16 1 86.7 
84.03 27.34 1.14 1 86.7 
84.18 26.70 1.11 1 86.7 
84.33 26.42 1.10 1 86.7 
84.48 26.20 1.09 1 86.7 
84.60 27.44 1.13 1 87.1 
84.71 27.05 1.12 1 87.1 
84.86 27.02 1.12 1 87.1 
85.01 26.45 1.09 1 87.1 
85.15 25.52 1.05 1 87.1 
85.29 24.96 1.03 1 87.1 
85.46 24.74 1.02 1 87.1 
85.59 24.11 0.99 1 88.1 
85.74 23.81 0.97 1 88.1 
85.87 24.76 1.01 1 88.1 
86.02 24.88 1.02 1 88.1 
86.15 25.95 1.06 1 88.1 
86.29 25.59 1.05 1 88.1 
86.44 26.93 1.10 1 88.1 
86.57 26.23 1.06 1 88.8 
86.70 26.37 1.07 1 88.8 
86.85 26.21 1.06 1 88.8 
87.02 26.08 1.06 1 88.8 
87.17 26.57 1.08 1 88.8 
87.30 25.90 1.05 1 88.8 
87.46 26.44 1.07 1 88.8 
87.62 26.87 1.08 1 89.7 
87.74 26.63 1.07 1 89.7 
87.88 25.73 1.03 1 89.7 
88.00 24.96 1.00 1 89.7 
88.14 25.36 1.02 1 89.7 
88.29 24.88 1.00 1 89.7 
88.42 25.29 1.01 1 89.7 
88.55 25.96 1.04 1 89.7 
88.66 25.89 1.04 1 89.7 
88.79 25.84 1.04 1 89.7 
88.93 26.74 1.07 1 89.7 
89.06 26.55 1.07 1 89.7 
89.17 26.13 1.05 1 89.7 
89.29 27.88 1.12 1 89.7 
89.46 27.03 1.08 1 89.7 
89.58 27.71 1.12 1 89.2 
89.70 27.35 1.10 1 89.2 
89.82 32.68 1.32 1 89.2 
89.97 31.64 1.28 1 89.2 
90.10 30.74 1.24 1 89.2 
90.23 29.24 1.18 1 89.2 
90.35 28.37 1.14 1 89.2 
90.51 29.68 1.20 1 89.2 
90.63 28.33 1.15 1 89.0 
90.77 27.84 1.13 1 89.0 
90.91 27.43 1.11 1 89.0 
91.06 26.82 1.08 1 89.0 
91.18 26.34 1.07 1 89.0 
91.32 26.19 1.06 1 89.0 
91.48 25.34 1.03 1 89.0 
91.63 24.66 0.99 1 89.5 
91.94 25.32 1.02 1 89.5 
92.06 24.44 0.98 1 89.5 
92.19 23.91 0.96 1 89.5 
92.32 23.70 0.95 1 89.5 
92.49 25.07 1.01 1 89.5 
92.64 25.44 1.01 1 90.7 
92.78 25.22 1.00 1 90.7 
92.90 25.28 1.00 1 90.7 
93.03 24.42 0.97 1 90.7 
93.18 24.94 0.99 1 90.7 
93.31 24.35 0.97 1 90.7 
93.43 23.84 0.95 1 90.7 
93.60 23.91 0.95 1 90.7 
93.74 24.86 0.98 1 91.4 
93.86 24.08 0.95 1 91.4 
94.01 23.43 0.92 1 91.4 
94.17 23.11 0.91 1 91.4 
94.30 22.62 0.89 1 91.4 
94.50 22.05 0.87 1 91.4 
94.62 23.07 0.93 1 89.7 
94.75 22.82 0.92 1 89.7 
94.89 22.85 0.92 1 89.7 
95.01 22.25 0.89 1 89.7 
95.15 22.65 0.91 1 89.7 
95.27 22.28 0.89 1 89.7 
95.48 22.94 0.92 1 89.7 
95.62 23.48 0.97 1 87.4 
95.74 22.98 0.95 1 87.4 
95.88 22.57 0.93 1 87.4 
96.02 23.49 0.97 1 87.4 
96.16 23.19 0.96 1 87.4 
96.28 23.42 0.97 1 87.4 
96.42 23.35 0.96 1 87.4 
96.56 23.31 0.99 1 84.9 
96.67 23.78 1.01 1 84.9 
96.79 24.45 1.04 1 84.9 
96.93 24.44 1.04 1 84.9 
97.07 23.62 1.00 1 84.9 
97.21 23.30 0.99 1 84.9 
97.33 23.25 0.99 1 84.9 
97.49 22.61 0.96 1 84.9 
97.65 22.47 0.94 1 85.7 
97.77 21.62 0.91 1 85.7 
97.92 22.18 0.93 1 85.7 
98.07 21.92 0.92 1 85.7 
98.19 21.52 0.90 1 85.7 
98.31 21.20 0.89 1 85.7 
98.48 21.85 0.92 1 85.7 
98.61 21.66 0.91 1 85.4 
98.76 21.52 0.91 1 85.4 
98.91 22.68 0.96 1 85.4 
99.05 22.57 0.95 1 85.4 
99.17 22.47 0.95 1 85.4 
99.30 22.85 0.96 1 85.4 
99.43 22.31 0.94 1 85.4 
99.56 21.86 0.92 1 85.4 
99.70 21.50 0.89 1 86.6 
99.82 21.39 0.89 1 86.6 
99.94 23.36 0.97 1 86.6 
100.09 23.84 0.99 1 86.6 
100.22 23.36 0.97 1 86.6 
100.37 23.57 0.98 1 86.6 
100.55 23.33 0.97 1 86.6 
100.68 22.71 0.94 1 87.0 
100.82 22.39 0.93 1 87.0 
100.95 22.83 0.95 1 87.0 
101.08 22.70 0.94 1 87.0 
101.20 22.57 0.93 1 87.0 
101.31 22.70 0.94 1 87.0 
101.48 22.80 0.94 1 87.0 
101.64 21.94 0.89 1 88.3 
101.76 23.05 0.94 1 88.3 
101.90 23.34 0.95 1 88.3 
102.03 22.55 0.92 1 88.3 
102.15 21.74 0.89 1 88.3 
102.28 21.80 0.89 1 88.3 
102.45 21.66 0.88 1 88.3 
102.60 21.75 0.89 1 87.6 
102.74 21.83 0.90 1 87.6 
102.88 22.11 0.91 1 87.6 
103.01 21.53 0.89 1 87.6 
103.15 20.90 0.86 1 87.6 
103.27 20.72 0.85 1 87.6 
103.45 20.60 0.85 1 87.6 
103.57 20.68 0.83 1 89.7 
103.70 20.39 0.82 1 89.7 
103.83 20.16 0.81 1 89.7 
103.94 19.78 0.79 1 89.7 
104.09 19.85 0.80 1 89.7 
104.23 20.10 0.81 1 89.7 
104.33 19.76 0.79 1 89.7 
104.51 19.48 0.78 1 89.7 
104.61 20.27 0.81 1 90.3 
104.75 19.92 0.79 1 90.3 
104.89 19.78 0.79 1 90.3 
105.01 19.86 0.79 1 90.3 
105.15 21.12 0.84 1 90.3 
105.28 20.79 0.83 1 90.3 
105.40 20.17 0.80 1 90.3 
105.53 20.18 0.81 1 90.3 
105.65 20.19 0.80 1 90.7 
105.77 21.10 0.84 1 90.7 
105.89 21.81 0.87 1 90.7 
106.01 21.19 0.84 1 90.7 
106.13 20.67 0.82 1 90.7 
106.26 21.48 0.85 1 90.7 
106.39 22.10 0.88 1 90.7 
106.54 22.62 0.90 1 90.7 
106.66 22.37 0.89 1 90.0 
106.77 23.12 0.92 1 90.0 
106.90 24.69 0.99 1 90.0 
107.02 24.09 0.96 1 90.0 
107.17 22.79 0.91 1 90.0 
107.29 21.69 0.87 1 90.0 
107.44 21.80 0.87 1 90.0 
107.59 22.67 0.92 1 88.3 
107.72 21.89 0.89 1 88.3 
107.85 21.75 0.89 1 88.3 
107.97 21.27 0.87 1 88.3 
108.08 20.56 0.84 1 88.3 
108.22 20.90 0.85 1 88.3 
108.33 20.77 0.85 1 88.3 
108.48 21.30 0.87 1 88.3 
108.62 21.49 0.87 1 88.5 
108.72 20.62 0.84 1 88.5 
108.84 20.35 0.83 1 88.5 
108.96 19.97 0.81 1 88.5 
109.08 20.44 0.83 1 88.5 
109.22 20.06 0.82 1 88.5 
109.33 19.30 0.79 1 88.5 
109.50 19.13 0.78 1 88.5 
109.63 19.16 0.77 1 89.4 
109.77 19.19 0.77 1 89.4 
109.89 19.61 0.79 1 89.4 
109.99 19.73 0.79 1 89.4 
110.12 19.66 0.79 1 89.4 
110.26 19.97 0.80 1 89.4 
110.43 20.93 0.84 1 89.4 
110.57 20.63 0.82 1 90.4 
110.70 20.22 0.81 1 90.4 
110.81 19.88 0.79 1 90.4 
110.94 19.96 0.79 1 90.4 
111.04 21.21 0.84 1 90.4 
111.16 21.24 0.85 1 90.4 
111.28 21.68 0.86 1 90.4 
111.41 22.29 0.89 1 90.4 
111.58 21.32 0.86 1 89.6 
111.72 20.24 0.81 1 89.6 
111.85 20.66 0.83 1 89.6 
112.11 21.27 0.85 1 89.6 
112.26 20.46 0.82 1 89.6 
112.41 20.84 0.84 1 89.6 
112.55 21.14 0.85 1 89.6 
112.72 20.97 0.85 1 88.6 
112.86 21.25 0.86 1 88.6 
113.02 21.06 0.86 1 88.6 
113.15 20.31 0.83 1 88.6 
113.27 19.64 0.80 1 88.6 
113.38 19.41 0.79 1 88.6 
113.57 19.24 0.78 1 88.6 
113.70 19.87 0.83 1 86.5 
113.85 20.85 0.87 1 86.5 
114.00 21.63 0.90 1 86.5 
114.16 20.91 0.87 1 86.5 
114.32 20.17 0.84 1 86.5 
114.48 19.85 0.83 1 86.5 
114.65 19.75 0.85 1 83.8 
114.78 19.87 0.85 1 83.8 
114.89 19.97 0.86 1 83.8 
115.04 20.04 0.86 1 83.8 
115.19 20.10 0.86 1 83.8 
115.32 19.51 0.84 1 83.8 
115.52 19.68 0.85 1 83.8 
115.66 19.81 0.85 1 84.1 
115.78 19.26 0.82 1 84.1 
115.93 19.69 0.84 1 84.1 
116.09 20.47 0.88 1 84.1 
116.22 19.82 0.85 1 84.1 
116.36 19.75 0.85 1 84.1 
116.52 19.87 0.85 1 84.1 
116.68 19.32 0.82 1 85.1 
116.82 19.73 0.83 1 85.1 
116.96 20.51 0.87 1 85.1 
117.13 21.64 0.92 1 85.1 
117.27 22.25 0.94 1 85.1 
117.45 22.53 0.95 1 85.1 
117.60 21.68 0.90 1 86.3 
117.75 21.24 0.89 1 86.3 
117.88 21.48 0.90 1 86.3 
118.03 20.93 0.87 1 86.3 
118.15 21.22 0.88 1 86.3 
118.29 20.88 0.87 1 86.3 
118.46 20.13 0.84 1 86.3 
118.58 20.58 0.85 1 87.2 
118.70 20.96 0.87 1 87.2 
118.84 20.67 0.85 1 87.2 
118.97 22.44 0.93 1 87.2 
119.09 22.07 0.91 1 87.2 
119.24 21.94 0.91 1 87.2 
119.37 21.67 0.90 1 87.2 
119.54 20.78 0.86 1 87.2 
119.70 18.20 0.75 1 87.6 
119.89 25.73 1.06 1 87.6 
120.01 25.43 1.04 1 87.6 
120.16 25.03 1.03 1 87.6 
120.29 24.69 1.01 1 87.6 
120.40 24.35 1.00 1 87.6 
120.59 23.74 0.98 1 87.6 
120.75 23.20 0.95 1 88.0 
120.90 23.01 0.94 1 88.0 
121.03 23.50 0.96 1 88.0 
121.18 23.28 0.95 1 88.0 
121.32 23.08 0.94 1 88.0 
121.48 22.29 0.91 1 88.0 
121.62 21.90 0.90 1 87.8 
121.75 21.76 0.89 1 87.8 
122.04 21.74 0.89 1 87.8 
122.22 25.49 1.05 1 87.8 
122.37 25.59 1.05 1 87.8 
122.56 24.56 1.01 1 87.8 
122.73 23.64 0.98 1 87.2 
122.87 22.86 0.94 1 87.2 
123.02 22.03 0.91 1 87.2 
123.16 22.26 0.92 1 87.2 
123.31 21.86 0.90 1 87.2 
123.48 21.92 0.91 1 87.2 
123.63 21.96 0.91 1 87.3 
123.77 21.79 0.90 1 87.3 
123.90 22.08 0.91 1 87.3 
124.04 22.10 0.91 1 87.3 
124.20 21.39 0.88 1 87.3 
124.33 20.66 0.85 1 87.3 
124.48 21.19 0.87 1 87.3 
124.64 20.52 0.84 1 88.2 
124.77 21.31 0.87 1 88.2 
124.91 21.48 0.88 1 88.2 
125.07 21.62 0.88 1 88.2 
125.23 21.95 0.90 1 88.2 
125.38 21.13 0.86 1 88.2 
125.55 20.90 0.85 1 88.2 
125.77 21.65 0.88 1 88.7 
125.89 21.18 0.86 1 88.7 
126.05 20.63 0.84 1 88.7 
126.18 20.36 0.83 1 88.7 
126.33 21.81 0.88 1 88.7 
126.47 22.62 0.92 1 88.7 
126.64 23.89 0.97 1 88.3 
126.77 24.58 1.00 1 88.3 
126.90 24.17 0.99 1 88.3 
127.05 25.48 1.04 1 88.3 
127.20 24.58 1.00 1 88.3 
127.35 25.15 1.03 1 88.3 
127.54 24.85 1.01 1 88.3 
127.66 24.17 1.02 1 85.6 
127.80 23.41 0.98 1 85.6 
127.93 23.63 0.99 1 85.6 
128.06 23.17 0.97 1 85.6 
128.20 22.41 0.94 1 85.6 
128.32 22.82 0.96 1 85.6 
128.44 22.31 0.94 1 85.6 
128.56 21.70 0.91 1 85.6 
128.72 22.28 0.96 1 84.0 
128.84 21.68 0.93 1 84.0 
128.95 21.78 0.93 1 84.0 
129.09 21.46 0.92 1 84.0 
129.23 21.19 0.91 1 84.0 
129.36 21.60 0.93 1 84.0 
129.52 21.32 0.91 1 84.0 
129.67 20.90 0.90 1 83.4 
129.80 21.15 0.91 1 83.4 
129.95 21.57 0.93 1 83.4 
130.10 21.49 0.93 1 83.4 
130.24 21.06 0.91 1 83.4 
130.36 21.07 0.91 1 83.4 
130.53 20.89 0.90 1 83.4 
130.65 21.38 0.91 1 84.3 
130.80 21.54 0.92 1 84.3 
130.93 21.68 0.93 1 84.3 
131.07 21.41 0.91 1 84.3 
131.21 21.37 0.91 1 84.3 
131.33 22.62 0.97 1 84.3 
131.48 22.79 0.97 1 84.3 
131.62 23.17 0.98 1 84.8 
131.75 23.46 1.00 1 84.8 
131.90 23.47 1.00 1 84.8 
132.04 23.46 1.00 1 84.8 
132.19 23.70 1.01 1 84.8 
132.32 24.16 1.03 1 84.8 
132.47 23.81 1.01 1 84.8 
132.62 23.52 0.99 1 85.4 
132.75 23.52 0.99 1 85.4 
132.89 24.64 1.04 1 85.4 
133.02 25.20 1.06 1 85.4 
133.16 25.40 1.07 1 85.4 
133.28 25.82 1.09 1 85.4 
133.44 25.63 1.08 1 85.4 
133.56 25.45 1.08 1 84.7 
133.69 24.85 1.06 1 84.7 
133.79 25.70 1.09 1 84.7 
133.94 25.28 1.07 1 84.7 
134.07 25.15 1.07 1 84.7 
134.21 25.61 1.09 1 84.7 
134.33 25.43 1.08 1 84.7 
134.51 26.92 1.14 1 84.7 
134.64 26.31 1.10 1 85.8 
134.79 26.03 1.09 1 85.8 
134.93 25.78 1.08 1 85.8 
135.07 25.12 1.05 1 85.8 
135.20 24.78 1.04 1 85.8 
135.35 24.75 1.04 1 85.8 
135.49 24.72 1.04 1 85.8 
135.63 25.26 1.05 1 86.8 
135.76 24.68 1.02 1 86.8 
135.90 24.92 1.03 1 86.8 
136.04 25.13 1.04 1 86.8 
136.16 25.57 1.06 1 86.8 
136.28 25.93 1.08 1 86.8 
136.44 25.68 1.07 1 86.8 
136.60 25.47 1.07 1 85.7 
136.72 25.30 1.06 1 85.7 
136.86 25.13 1.06 1 85.7 
137.00 25.03 1.05 1 85.7 
137.13 24.93 1.05 1 85.7 
137.26 24.59 1.03 1 85.7 
137.40 25.12 1.05 1 85.7 
137.58 25.56 1.07 1 85.7 
137.72 25.36 1.06 1 85.9 
137.87 25.45 1.07 1 85.9 
138.00 25.04 1.05 1 85.9 
138.13 24.93 1.04 1 85.9 
138.27 24.85 1.04 1 85.9 
138.41 24.77 1.04 1 85.9 
138.60 24.70 1.03 1 85.9 
138.73 25.92 1.08 1 86.5 
138.89 26.52 1.10 1 86.5 
139.05 25.93 1.08 1 86.5 
139.19 26.88 1.12 1 86.5 
139.34 26.47 1.10 1 86.5 
139.54 26.11 1.09 1 86.5 
139.72 26.36 1.09 1 87.2 
139.87 26.03 1.07 1 87.2 
140.02 26.28 1.08 1 87.2 
140.20 25.97 1.07 1 87.2 
140.34 -1.00 -1.00 1 87.2 
140.49 25.00 1.03 1 87.2 
140.64 25.14 1.03 1 87.9 
140.79 -1.00 -1.00 1 87.9 
140.92 25.45 1.04 1 87.9 
141.07 25.00 1.02 1 87.9 
141.20 25.46 1.04 1 87.9 
141.35 25.81 1.06 1 87.9 
141.51 25.56 1.05 1 87.9 
141.65 26.22 1.06 1 88.8 
141.82 26.77 1.08 1 88.8 
141.98 27.20 1.10 1 88.8 
142.15 28.74 1.16 1 88.8 
142.28 29.18 1.18 1 88.8 
142.49 34.02 1.38 1 88.8 
142.64 32.84 1.33 1 88.8 
142.79 32.29 1.31 1 88.8 
142.93 32.93 1.33 1 88.8 
143.08 34.55 1.40 1 88.8 
143.23 33.23 1.35 1 88.8 
143.36 34.18 1.39 1 88.8 
143.53 34.52 1.40 1 88.8 
143.69 34.03 1.40 1 87.4 
143.83 33.96 1.40 1 87.4 
143.98 33.20 1.37 1 87.4 
144.13 32.22 1.33 1 87.4 
144.27 33.96 1.40 1 87.4 
144.39 33.19 1.37 1 87.4 
144.52 32.21 1.33 1 87.4 
144.67 32.00 1.35 1 85.5 
144.80 35.32 1.49 1 85.5 
144.90 35.43 1.49 1 85.5 
145.04 34.77 1.46 1 85.5 
145.18 34.25 1.44 1 85.5 
145.34 34.49 1.45 1 85.5 
145.49 34.27 1.44 1 85.5 
145.64 34.10 1.46 1 84.0 
145.77 32.44 1.39 1 84.0 
145.92 30.99 1.33 1 84.0 
146.07 32.31 1.38 1 84.0 
146.22 30.68 1.31 1 84.0 
146.37 29.71 1.27 1 84.0 
146.54 28.45 1.22 1 84.0 
146.65 27.14 1.15 1 84.7 
146.78 28.70 1.22 1 84.7 
146.94 28.09 1.19 1 84.7 
147.08 27.86 1.18 1 84.7 
147.22 27.99 1.19 1 84.7 
147.36 28.85 1.23 1 84.7 
147.54 28.50 1.21 1 84.7 
147.67 28.20 1.18 1 86.3 
147.82 29.50 1.23 1 86.3 
147.98 29.67 1.24 1 86.3 
148.10 29.85 1.24 1 86.3 
148.21 29.65 1.24 1 86.3 
148.37 29.53 1.23 1 86.3 
148.57 29.70 1.24 1 86.3 
148.74 29.88 1.22 1 87.8 
148.88 29.65 1.22 1 87.8 
149.02 29.17 1.20 1 87.8 
149.16 29.82 1.22 1 87.8 
149.30 31.91 1.31 1 87.8 
149.48 32.51 1.33 1 87.8 
149.61 34.71 1.42 1 87.9 
149.78 37.27 1.53 1 87.9 
149.91 37.11 1.52 1 87.9 
150.05 41.31 1.69 1 87.9 
150.21 41.54 1.70 1 87.9 
150.34 40.10 1.64 1 87.9 
150.52 38.77 1.59 1 87.9 
150.66 38.78 1.61 1 86.8 
150.81 37.92 1.57 1 86.8 
150.98 37.53 1.56 1 86.8 
151.13 36.83 1.53 1 86.8 
151.29 36.62 1.52 1 86.8 
151.43 37.47 1.55 1 86.8 
151.57 37.13 1.54 1 86.8 
151.74 36.48 1.54 1 85.5 
152.03 33.71 1.42 1 85.5 
152.16 35.04 1.48 1 85.5 
152.30 35.14 1.48 1 85.5 
152.46 33.50 1.41 1 85.5 
152.60 32.05 1.37 1 84.0 
152.72 30.80 1.32 1 84.0 
152.84 34.27 1.47 1 84.0 
152.99 35.45 1.52 1 84.0 
153.13 37.05 1.59 1 84.0 
153.28 64.60 2.77 1 84.0 
153.44 66.06 2.83 1 84.0 
153.58 81.68 3.57 1 82.4 
153.71 94.38 4.12 1 82.4 
153.83 91.27 3.99 1 82.4 
153.97 88.18 3.85 1 82.4 
154.12 86.76 3.79 1 82.4 
154.25 82.96 3.62 1 82.4 
154.38 78.30 3.42 1 82.4 
154.51 74.46 3.25 1 82.4 
154.64 71.31 3.15 1 81.5 
154.77 68.95 3.05 1 81.5 
154.92 65.53 2.89 1 81.5 
155.09 62.92 2.78 1 81.5 
155.23 59.92 2.65 1 81.5 
155.34 61.80 2.73 1 81.5 
155.52 67.65 2.99 1 81.5 
155.63 64.14 2.89 1 80.0 
155.75 61.11 2.75 1 80.0 
155.89 58.31 2.63 1 80.0 
156.03 55.77 2.51 1 80.0 
156.15 53.50 2.41 1 80.0 
156.29 51.49 2.32 1 80.0 
156.48 49.72 2.24 1 80.0 
156.61 48.18 2.12 1 81.9 
156.75 46.86 2.06 1 81.9 
156.90 45.73 2.01 1 81.9 
157.03 44.76 1.97 1 81.9 
157.17 43.93 1.93 1 81.9 
157.31 43.23 1.90 1 81.9 
157.50 42.64 1.87 1 81.9 
157.63 42.13 1.83 1 82.9 
157.77 41.71 1.81 1 82.9 
157.90 41.35 1.80 1 82.9 
158.04 41.06 1.78 1 82.9 
158.17 40.81 1.77 1 82.9 
158.31 40.60 1.76 1 82.9 
158.44 40.44 1.76 1 82.9 
158.59 40.30 1.70 1 85.2 
158.73 40.20 1.70 1 85.2 
158.86 40.11 1.69 1 85.2 
159.00 40.04 1.69 1 85.2 
159.14 39.99 1.69 1 85.2 
159.27 39.95 1.69 1 85.2 
159.40 39.92 1.69 1 85.2 
159.52 39.90 1.69 1 85.2 
159.64 39.89 1.64 1 87.4 
159.77 39.89 1.64 1 87.4 
159.89 39.89 1.64 1 87.4 
160.02 39.90 1.64 1 87.4 
160.14 39.91 1.64 1 87.4 
160.27 39.92 1.64 1 87.4 
160.44 39.93 1.65 1 87.4 
160.58 39.95 1.61 1 89.6 
160.71 39.97 1.61 1 89.6 
160.83 39.99 1.61 1 89.6 
160.96 40.00 1.61 1 89.6 
161.09 40.02 1.61 1 89.6 
161.22 40.04 1.61 1 89.6 
161.33 40.06 1.61 1 89.6 
161.50 40.08 1.61 1 89.6 
161.65 40.11 1.58 1 91.1 
161.99 40.15 1.59 1 91.1 
162.12 40.18 1.59 1 91.1 
162.26 40.20 1.59 1 91.1 
162.42 41.62 1.64 1 91.1 
162.56 41.44 1.60 1 93.1 
162.71 54.33 2.10 1 93.1 
162.83 53.67 2.07 1 93.1 
162.97 54.45 2.10 1 93.1 
163.09 53.86 2.08 1 93.1 
163.22 55.02 2.13 1 93.1 
163.33 54.97 2.12 1 93.1 
163.51 53.71 2.08 1 93.1 
163.68 58.13 2.19 1 95.4 
163.83 57.78 2.18 1 95.4 
163.95 56.86 2.15 1 95.4 
164.07 56.60 2.14 1 95.4 
164.21 54.79 2.07 1 95.4 
164.33 54.07 2.04 1 95.4 
164.47 51.66 1.95 1 95.4 
164.60 50.17 1.89 1 95.3 
164.73 46.76 1.77 1 95.3 
164.83 43.82 1.65 1 95.3 
164.96 40.37 1.52 1 95.3 
165.09 37.23 1.41 1 95.3 
165.21 37.64 1.42 1 95.3 
165.35 37.94 1.43 1 95.3 
165.49 47.65 1.80 1 95.3 
165.64 47.19 1.78 1 95.2 
165.81 47.44 1.79 1 95.2 
165.95 47.60 1.80 1 95.2 
166.10 47.74 1.81 1 95.2 
166.27 -1.00 -1.00 1 95.2 
166.45 43.57 1.65 1 95.2 
166.60 49.48 1.88 1 94.6 
166.74 -1.00 -1.00 1 94.6 
166.86 -1.00 -1.00 1 94.6 
166.98 68.84 2.62 1 94.6 
167.13 66.98 2.55 1 94.6 
167.27 -1.00 -1.00 1 94.6 
167.42 -1.00 -1.00 1 94.6 
167.58 -1.00 -1.00 1 94.6 
167.72 -1.00 -1.00 1 93.2 
167.86 -1.00 -1.00 1 93.2 
167.96 -1.00 -1.00 1 93.2 
168.07 -1.00 -1.00 1 93.2 
168.19 -1.00 -1.00 1 93.2 
168.30 -1.00 -1.00 1 93.2 
168.44 -1.00 -1.00 1 93.2 
168.56 -1.00 -1.00 1 91.9 
168.66 -1.00 -1.00 1 91.9 
168.79 -1.00 -1.00 1 91.9 
168.92 -1.00 -1.00 1 91.9 
169.05 -1.00 -1.00 1 91.9 
169.17 -1.00 -1.00 1 91.9 
169.30 -1.00 -1.00 1 91.9 
169.44 -1.00 -1.00 1 91.9 
169.57 -1.00 -1.00 1 89.6 
169.67 -1.00 -1.00 1 89.6 
169.83 -1.00 -1.00 1 89.6 
169.97 43.51 1.75 1 89.6 
170.07 42.82 1.72 1 89.6 
170.19 40.56 1.63 1 89.6 
170.30 39.29 1.58 1 89.6 
170.44 42.88 1.72 1 89.6 
170.59 40.73 1.65 1 88.9 
170.71 39.46 1.60 1 88.9 
170.84 38.35 1.55 1 88.9 
170.99 37.46 1.52 1 88.9 
171.14 36.27 1.47 1 88.9 
171.27 35.25 1.43 1 88.9 
171.40 34.01 1.38 1 88.9 
171.55 33.82 1.41 1 86.5 
171.68 33.66 1.40 1 86.5 
171.98 33.90 1.41 1 86.5 
172.13 36.31 1.51 1 86.5 
172.26 35.10 1.46 1 86.5 
172.40 33.67 1.40 1 86.5 
172.55 37.21 1.59 1 84.0 
172.67 36.23 1.55 1 84.0 
172.83 35.36 1.51 1 84.0 
172.96 39.76 1.70 1 84.0 
173.09 38.12 1.63 1 84.0 
173.23 38.47 1.65 1 84.0 
173.37 39.32 1.68 1 84.0 
173.53 40.81 1.75 1 84.0 
173.68 42.07 1.84 1 82.5 
173.81 41.30 1.80 1 82.5 
173.95 54.68 2.39 1 82.5 
174.09 53.62 2.34 1 82.5 
174.23 53.25 2.32 1 82.5 
174.36 51.77 2.26 1 82.5 
174.53 50.86 2.22 1 82.5 
174.67 51.57 2.23 1 83.4 
174.79 53.28 2.30 1 83.4 
174.91 50.44 2.18 1 83.4 
175.08 47.19 2.04 1 83.4 
175.23 43.91 1.90 1 83.4 
175.35 40.93 1.77 1 83.4 
175.54 39.71 1.71 1 83.4 
175.67 38.23 1.65 1 83.6 
175.82 39.30 1.69 1 83.6 
175.96 44.64 1.92 1 83.6 
176.11 47.25 2.03 1 83.6 
176.22 46.32 1.99 1 83.6 
176.37 47.63 2.05 1 83.6 
176.53 47.91 2.06 1 83.6 
176.66 47.48 2.10 1 81.4 
176.80 47.78 2.11 1 81.4 
176.94 48.87 2.16 1 81.4 
177.06 56.65 2.51 1 81.4 
177.20 76.77 3.40 1 81.4 
177.34 75.18 3.32 1 81.4 
177.52 73.73 3.26 1 81.4 
177.68 70.92 3.22 1 79.3 
177.81 67.65 3.07 1 79.3 
177.94 63.71 2.89 1 79.3 
178.09 83.91 3.81 1 79.3 
178.25 80.88 3.67 1 79.3 
178.39 76.14 3.46 1 79.3 
178.57 73.28 3.33 1 79.3 
178.70 69.40 3.16 1 79.2 
178.81 68.57 3.12 1 79.2 
178.95 65.63 2.98 1 79.2 
179.09 65.22 2.97 1 79.2 
179.22 -1.00 -1.00 1 79.2 
179.36 70.65 3.21 1 79.2 
179.50 -1.00 -1.00 1 79.2 
179.61 65.86 2.99 1 79.2 
179.74 -1.00 -1.00 1 79.2 
179.84 -1.00 -1.00 1 79.2 
179.98 -1.00 -1.00 1 79.2 
180.10 -1.00 -1.00 1 79.2 
180.23 -1.00 -1.00 1 79.2 
180.35 -1.00 -1.00 1 79.2 
180.48 -1.00 -1.00 1 79.2 
180.61 -1.00 -1.00 1 78.9 
180.73 -1.00 -1.00 1 78.9 
180.86 89.48 4.08 1 78.9 
180.99 -1.00 -1.00 1 78.9 
181.11 101.46 4.63 1 78.9 
181.23 -1.00 -1.00 1 78.9 
181.36 -1.00 -1.00 1 78.9 
181.51 -1.00 -1.00 1 78.9 
181.62 -1.00 -1.00 1 77.3 
181.75 -1.00 -1.00 1 77.3 
181.98 110.33 5.14 1 77.3 
182.12 -1.00 -1.00 1 77.3 
182.25 -1.00 -1.00 1 77.3 
182.39 -1.00 -1.00 1 77.3 
182.53 -1.00 -1.00 1 77.3 
182.65 -1.00 -1.00 1 79.6 
182.75 83.95 3.80 1 79.6 
182.89 79.14 3.58 1 79.6 
183.00 74.75 3.38 1 79.6 
183.11 -1.00 -1.00 1 79.6 
183.24 -1.00 -1.00 1 79.6 
183.36 66.66 3.01 1 79.6 
183.50 65.52 2.96 1 79.6 
183.64 63.55 2.86 1 80.0 
183.77 64.25 2.89 1 80.0 
183.92 -1.00 -1.00 1 80.0 
184.08 63.00 2.84 1 80.0 
184.21 61.40 2.76 1 80.0 
184.36 -1.00 -1.00 1 80.0 
184.51 66.40 2.99 1 80.0 
184.63 -1.00 -1.00 2 80.7 
184.79 64.68 2.88 2 80.7 
184.96 -1.00 -1.00 2 80.7 
185.11 60.75 2.71 2 80.7 
185.24 63.61 2.84 2 80.7 
185.38 62.07 2.77 2 80.7 
185.52 64.68 2.88 2 80.7 
185.68 65.24 2.87 2 81.9 
185.82 64.52 2.83 2 81.9 
185.98 63.88 2.81 2 81.9 
186.12 -1.00 -1.00 2 81.9 
186.27 -1.00 -1.00 2 81.9 
186.46 61.13 2.69 2 81.9 
186.59 62.20 2.71 2 82.5 
186.74 63.12 2.75 2 82.5 
186.89 63.91 2.79 2 82.5 
187.04 64.64 2.82 2 82.5 
187.21 63.08 2.75 3 82.5 
187.34 61.66 2.69 3 82.5 
187.50 61.37 2.68 3 82.5 
187.68 58.18 2.52 3 83.1 
187.86 61.50 2.66 3 83.1 
187.99 60.28 2.61 3 83.1 
188.16 59.20 2.56 3 83.1 
188.31 58.24 2.52 3 83.1 
188.52 56.60 2.45 3 83.1 
188.66 55.98 2.43 3 83.0 
188.82 55.44 2.40 3 83.0 
188.94 54.97 2.38 3 83.0 
189.08 54.58 2.37 3 83.0 
189.21 53.40 2.32 3 83.0 
189.35 55.70 2.42 3 83.0 
189.52 29.71 1.29 3 83.0 
189.69 56.92 2.47 3 82.9 
189.83 31.91 1.39 3 82.9 
189.95 32.83 1.42 3 82.9 
190.10 33.60 1.46 3 82.9 
190.24 34.24 1.49 3 82.9 
190.38 58.47 2.54 3 82.9 
190.55 58.74 2.55 2 82.9 
190.70 58.97 2.53 2 84.1 
190.89 60.45 2.59 2 84.1 
191.03 61.73 2.64 3 84.1 
191.18 62.86 2.69 3 84.1 
191.34 63.84 2.73 3 84.1 
191.55 64.71 2.77 3 84.1 
191.73 65.48 2.79 3 84.5 
191.92 64.98 2.77 3 84.5 
192.07 65.73 2.80 3 84.5 
192.23 66.38 2.83 3 84.5 
192.38 67.02 2.86 3 84.5 
192.57 67.49 2.88 3 84.5 
192.71 66.72 2.85 3 84.2 
192.89 66.02 2.82 3 84.2 
193.03 -1.00 -1.00 3 84.2 
193.19 67.18 2.87 3 84.2 
193.36 66.44 2.84 2 84.2 
193.52 64.80 2.77 2 84.2 
193.65 -1.00 -1.00 2 86.3 
193.80 66.22 2.76 2 86.3 
193.92 -1.00 -1.00 2 86.3 
194.03 -1.00 -1.00 2 86.3 
194.19 -1.00 -1.00 2 86.3 
194.35 59.38 2.48 2 86.3 
194.53 -1.00 -1.00 2 86.3 
194.64 -1.00 -1.00 2 86.0 
194.78 -1.00 -1.00 2 86.0 
194.92 -1.00 -1.00 2 86.0 
195.04 -1.00 -1.00 2 86.0 
195.20 -1.00 -1.00 2 86.0 
195.34 -1.00 -1.00 2 86.0 
195.52 -1.00 -1.00 2 86.0 
195.66 -1.00 -1.00 2 86.8 
195.84 -1.00 -1.00 2 86.8 
195.98 -1.00 -1.00 2 86.8 
196.11 -1.00 -1.00 2 86.8 
196.26 -1.00 -1.00 2 86.8 
196.42 -1.00 -1.00 2 86.8 
196.54 -1.00 -1.00 2 86.8 
196.68 -1.00 -1.00 2 86.8 
196.80 -1.00 -1.00 2 86.8 
196.94 -1.00 -1.00 2 86.8 
197.05 -1.00 -1.00 2 86.8 
197.21 -1.00 -1.00 2 86.8 
197.35 77.42 3.21 2 86.8 
197.48 80.36 3.33 2 86.8 
197.64 79.36 3.29 2 86.8 
197.76 79.97 3.32 2 86.7 
197.88 80.49 3.34 2 86.7 
198.01 80.95 3.36 2 86.7 
198.16 79.83 3.31 2 86.7 
198.28 78.80 3.27 2 86.7 
198.46 79.36 3.29 2 86.7 
198.62 82.08 3.37 2 87.6 
198.76 82.37 3.38 2 87.6 
198.90 82.59 3.39 2 87.6 
199.05 81.30 3.34 2 87.6 
199.19 78.11 3.21 2 87.6 
199.33 77.17 3.17 2 87.6 
199.51 80.18 3.29 2 87.6 
199.65 82.78 3.40 2 87.6 
199.79 82.92 3.41 2 87.6 
199.91 -1.00 -1.00 2 87.6 
200.07 -1.00 -1.00 2 87.6 
200.20 -1.00 -1.00 2 87.6 
200.33 -1.00 -1.00 2 87.6 
200.54 -1.00 -1.00 2 87.6 
200.68 -1.00 -1.00 1 87.4 
200.82 -1.00 -1.00 1 87.4 
200.99 -1.00 -1.00 1 87.4 
201.12 -1.00 -1.00 1 87.4 
201.27 -1.00 -1.00 1 87.4 
201.40 -1.00 -1.00 1 87.4 
201.53 -1.00 -1.00 1 87.4 
201.66 -1.00 -1.00 1 87.1 
201.94 83.81 3.46 1 87.1 
202.08 83.69 3.46 1 87.1 
202.19 85.72 3.54 1 87.1 
202.33 -1.00 -1.00 1 87.1 
202.48 85.14 3.52 1 87.1 
202.62 84.88 3.52 1 86.7 
202.75 86.76 3.60 1 86.7 
202.88 86.33 3.58 1 86.7 
203.02 85.93 3.57 1 86.7 
203.15 85.56 3.55 1 86.7 
203.29 85.22 3.54 1 86.7 
203.45 82.25 3.41 1 86.7 
203.58 82.25 3.53 1 83.9 
203.69 82.23 3.53 1 83.9 
203.82 82.22 3.53 1 83.9 
203.96 82.23 3.53 1 83.9 
204.07 82.22 3.53 1 83.9 
204.23 82.22 3.53 1 83.9 
204.34 87.58 3.76 1 83.9 
204.49 92.13 3.95 1 83.9 
204.62 91.19 4.02 1 81.8 
204.75 88.89 3.91 1 81.8 
204.88 88.18 3.88 1 81.8 
204.99 89.61 3.95 1 81.8 
205.12 93.96 4.14 1 81.8 
205.22 94.76 4.17 1 81.8 
205.33 95.48 4.20 1 81.8 
205.50 96.12 4.23 1 81.8 
205.63 96.74 4.21 1 82.7 
205.75 97.25 4.23 1 82.7 
205.90 95.69 4.16 1 82.7 
206.03 94.20 4.10 1 82.7 
206.14 97.96 4.26 1 82.7 
206.28 98.29 4.28 1 82.7 
206.40 98.55 4.29 1 82.7 
206.56 96.84 4.21 1 82.7 
206.69 95.17 4.13 1 82.9 
206.82 93.71 4.07 1 82.9 
206.96 94.42 4.10 1 82.9 
207.11 95.02 4.13 1 82.9 
207.25 92.10 4.00 1 82.9 
207.39 92.98 4.04 1 82.9 
207.58 93.75 4.07 1 82.9 
207.76 92.39 4.05 1 82.2 
207.92 96.34 4.22 1 82.2 
208.04 104.77 4.59 1 82.2 
208.18 102.55 4.49 1 82.2 
208.33 110.03 4.82 1 82.2 
208.52 109.24 4.78 1 82.2 
208.68 108.47 4.72 1 82.8 
208.83 107.74 4.69 1 82.8 
208.99 107.04 4.66 1 82.8 
209.13 106.38 4.63 1 82.8 
209.30 108.66 4.73 1 82.8 
209.51 110.69 4.81 1 82.8 
209.67 121.48 5.31 1 82.3 
209.80 -1.00 -1.00 1 82.3 
209.95 131.47 5.75 1 82.3 
210.11 -1.00 -1.00 1 82.3 
210.26 146.57 6.41 1 82.3 
210.42 153.01 6.69 1 82.3 
210.56 158.92 6.95 1 82.3 
210.70 164.29 7.18 1 82.3 
210.85 169.26 7.40 1 82.3 
211.00 173.83 7.60 1 82.3 
211.15 178.03 7.78 1 82.3 
211.31 -1.00 -1.00 0 82.3 
211.47 -1.00 -1.00 0 82.3 
211.62 -1.00 -1.00 0 79.4 
211.76 -1.00 -1.00 0 79.4 
212.05 -1.00 -1.00 0 79.4 
212.19 -1.00 -1.00 0 79.4 
212.30 -1.00 -1.00 0 79.4 
212.50 -1.00 -1.00 0 79.4 
212.66 -1.00 -1.00 0 76.8 
212.79 -1.00 -1.00 0 76.8 
212.91 -1.00 -1.00 0 76.8 
213.07 -1.00 -1.00 0 76.8 
213.22 -1.00 -1.00 0 76.8 
213.41 -1.00 -1.00 0 76.8 
213.57 -1.00 -1.00 0 76.8 
213.72 -1.00 -1.00 0 75.0 
213.86 -1.00 -1.00 0 75.0 
214.02 -1.00 -1.00 0 75.0 
214.15 -1.00 -1.00 0 75.0 
214.28 -1.00 -1.00 0 75.0 
214.46 -1.00 -1.00 0 75.0 
214.60 -1.00 -1.00 0 75.7 
214.75 -1.00 -1.00 0 75.7 
214.88 -1.00 -1.00 0 75.7 
215.03 -1.00 -1.00 1 75.7 
215.19 -1.00 -1.00 1 75.7 
215.35 -1.00 -1.00 1 75.7 
215.54 -1.00 -1.00 1 75.7 
215.71 -1.00 -1.00 1 75.6 
215.87 -1.00 -1.00 1 75.6 
216.01 -1.00 -1.00 1 75.6 
216.15 -1.00 -1.00 1 75.6 
216.28 -1.00 -1.00 1 75.6 
216.47 -1.00 -1.00 1 75.6 
216.60 -1.00 -1.00 1 75.7 
216.74 -1.00 -1.00 1 75.7 
216.90 -1.00 -1.00 1 75.7 
217.03 -1.00 -1.00 1 75.7 
217.19 -1.00 -1.00 1 75.7 
217.31 -1.00 -1.00 1 75.7 
217.49 -1.00 -1.00 1 75.7 
217.65 -1.00 -1.00 1 75.4 
217.79 -1.00 -1.00 1 75.4 
217.92 -1.00 -1.00 1 75.4 
218.07 -1.00 -1.00 1 75.4 
218.20 -1.00 -1.00 1 75.4 
218.34 -1.00 -1.00 1 75.4 
218.50 -1.00 -1.00 1 75.4 
218.64 -1.00 -1.00 1 75.5 
218.78 -1.00 -1.00 1 75.5 
218.92 -1.00 -1.00 1 75.5 
219.06 -1.00 -1.00 1 75.5 
219.20 -1.00 -1.00 1 75.5 
219.34 -1.00 -1.00 1 75.5 
219.51 -1.00 -1.00 1 75.5 
219.68 -1.00 -1.00 1 75.8 
219.80 -1.00 -1.00 1 75.8 
219.94 -1.00 -1.00 1 75.8 
220.08 -1.00 -1.00 1 75.8 
220.21 -1.00 -1.00 1 75.8 
220.33 -1.00 -1.00 1 75.8 
220.46 -1.00 -1.00 1 75.8 
220.62 -1.00 -1.00 1 75.8 
220.77 -1.00 -1.00 1 76.1 
220.92 -1.00 -1.00 1 76.1 
221.08 -1.00 -1.00 1 76.1 
221.26 -1.00 -1.00 1 76.1 
221.44 -1.00 -1.00 1 76.1 
221.60 -1.00 -1.00 1 76.0 
221.75 -1.00 -1.00 1 76.0 
221.92 -1.00 -1.00 1 76.0 
222.06 -1.00 -1.00 1 76.0 
222.23 -1.00 -1.00 1 76.0 
222.36 -1.00 -1.00 1 76.0 
222.54 -1.00 -1.00 1 76.0 
222.72 -1.00 -1.00 1 75.8 
222.86 -1.00 -1.00 1 75.8 
223.01 -1.00 -1.00 1 75.8 
223.14 -1.00 -1.00 1 75.8 
223.31 -1.00 -1.00 1 75.8 
223.51 -1.00 -1.00 1 75.8 
223.63 -1.00 -1.00 1 75.7 
223.79 -1.00 -1.00 1 75.7 
223.91 -1.00 -1.00 1 75.7 
224.07 -1.00 -1.00 1 75.7 
224.22 -1.00 -1.00 1 75.7 
224.35 -1.00 -1.00 1 75.7 
224.53 -1.00 -1.00 1 75.7 
224.68 -1.00 -1.00 1 76.6 
224.84 -1.00 -1.00 1 76.6 
224.99 -1.00 -1.00 1 76.6 
225.12 -1.00 -1.00 1 76.6 
225.25 -1.00 -1.00 1 76.6 
225.38 -1.00 -1.00 1 76.6 
225.52 -1.00 -1.00 1 76.6 
225.66 -1.00 -1.00 1 76.0 
225.78 -1.00 -1.00 1 76.0 
225.90 -1.00 -1.00 1 76.0 
226.03 -1.00 -1.00 1 76.0 
226.13 -1.00 -1.00 1 76.0 
226.26 -1.00 -1.00 1 76.0 
226.39 -1.00 -1.00 1 76.0 
226.55 -1.00 -1.00 1 76.0 
226.66 -1.00 -1.00 1 75.9 
226.81 -1.00 -1.00 1 75.9 
226.94 -1.00 -1.00 1 75.9 
227.07 -1.00 -1.00 1 75.9 
227.20 -1.00 -1.00 1 75.9 
227.32 -1.00 -1.00 1 75.9 
227.47 40.91 1.94 1 75.9 
227.62 -1.00 -1.00 1 76.1 
227.76 -1.00 -1.00 1 76.1 
227.93 -1.00 -1.00 1 76.1 
228.07 -1.00 -1.00 1 76.1 
228.19 -1.00 -1.00 1 76.1 
228.33 -1.00 -1.00 1 76.1 
228.47 -1.00 -1.00 1 76.1 
228.62 -1.00 -1.00 1 76.1 
228.75 -1.00 -1.00 1 76.4 
228.89 -1.00 -1.00 1 76.4 
229.04 -1.00 -1.00 1 76.4 
229.17 -1.00 -1.00 0 76.4 
229.31 -1.00 -1.00 0 76.4 
229.47 -1.00 -1.00 0 76.4 
229.62 -1.00 -1.00 0 76.6 
229.75 -1.00 -1.00 0 76.6 
229.89 -1.00 -1.00 0 76.6 
230.03 -1.00 -1.00 0 76.6 
230.18 -1.00 -1.00 0 76.6 
230.31 -1.00 -1.00 0 76.6 
230.50 -1.00 -1.00 0 76.6 
230.66 -1.00 -1.00 0 76.6 
230.79 -1.00 -1.00 0 76.6 
230.93 -1.00 -1.00 0 76.6 
231.09 -1.00 -1.00 0 76.6 
231.23 -1.00 -1.00 0 76.6 
231.35 -1.00 -1.00 0 76.6 
231.53 -1.00 -1.00 0 76.6 
231.67 -1.00 -1.00 0 76.7 
231.84 -1.00 -1.00 0 76.7 
231.96 -1.00 -1.00 0 76.7 
232.09 -1.00 -1.00 0 76.7 
232.23 -1.00 -1.00 0 76.7 
232.36 -1.00 -1.00 0 76.7 
232.52 -1.00 -1.00 0 76.7 
232.67 -1.00 -1.00 0 76.2 
232.80 -1.00 -1.00 0 76.2 
232.94 -1.00 -1.00 0 76.2 
233.05 -1.00 -1.00 0 76.2 
233.18 -1.00 -1.00 0 76.2 
233.30 -1.00 -1.00 0 76.2 
233.42 -1.00 -1.00 0 76.2 
233.59 -1.00 -1.00 0 76.2 
233.74 -1.00 -1.00 0 76.9 
233.86 -1.00 -1.00 0 76.9 
233.99 -1.00 -1.00 0 76.9 
234.12 -1.00 -1.00 0 76.9 
234.25 -1.00 -1.00 0 76.9 
234.37 -1.00 -1.00 0 76.9 
234.52 -1.00 -1.00 0 76.9 
234.64 -1.00 -1.00 0 76.9 
234.78 -1.00 -1.00 0 76.9 
234.91 -1.00 -1.00 0 76.9 
235.04 -1.00 -1.00 0 76.9 
235.18 -1.00 -1.00 0 76.9 
235.32 -1.00 -1.00 0 76.9 
235.47 -1.00 -1.00 0 76.9 
235.59 -1.00 -1.00 0 76.5 
235.72 -1.00 -1.00 0 76.5 
235.85 -1.00 -1.00 0 76.5 
235.98 -1.00 -1.00 0 76.5 
236.13 -1.00 -1.00 0 76.5 
236.26 -1.00 -1.00 0 76.5 
236.39 -1.00 -1.00 0 76.5 
236.54 -1.00 -1.00 0 76.5 
236.67 -1.00 -1.00 0 77.1 
236.82 -1.00 -1.00 0 77.1 
236.94 -1.00 -1.00 0 77.1 
237.06 -1.00 -1.00 0 77.1 
237.18 -1.00 -1.00 0 77.1 
237.31 -1.00 -1.00 0 77.1 
237.46 -1.00 -1.00 0 77.1 
237.60 -1.00 -1.00 0 77.6 
237.72 -1.00 -1.00 0 77.6 
237.83 -1.00 -1.00 0 77.6 
237.96 -1.00 -1.00 0 77.6 
238.07 -1.00 -1.00 0 77.6 
238.20 -1.00 -1.00 0 77.6 
238.35 -1.00 -1.00 0 77.6 
238.51 -1.00 -1.00 0 77.6 
238.64 -1.00 -1.00 0 78.0 
238.78 -1.00 -1.00 0 78.0 
238.90 -1.00 -1.00 0 78.0 
239.02 -1.00 -1.00 0 78.0 
239.15 -1.00 -1.00 0 78.0 
239.30 -1.00 -1.00 0 78.0 
239.45 -1.00 -1.00 0 78.0 
239.57 -1.00 -1.00 0 78.7 
239.71 -1.00 -1.00 0 78.7 
239.85 -1.00 -1.00 0 78.7 
239.98 -1.00 -1.00 0 78.7 
240.09 -1.00 -1.00 0 78.7 
240.23 -1.00 -1.00 0 78.7 
240.36 -1.00 -1.00 0 78.7 
240.55 -1.00 -1.00 0 78.7 
240.70 -1.00 -1.00 0 78.7 
240.85 -1.00 -1.00 0 78.7 
240.98 -1.00 -1.00 0 78.7 
241.14 -1.00 -1.00 0 78.7 
241.29 -1.00 -1.00 0 78.7 
241.42 -1.00 -1.00 0 78.7 
241.54 -1.00 -1.00 0 78.7 
241.72 -1.00 -1.00 0 78.3 
242.00 -1.00 -1.00 0 78.3 
242.17 -1.00 -1.00 0 78.3 
242.30 -1.00 -1.00 0 78.3 
242.48 -1.00 -1.00 0 78.3 
242.65 -1.00 -1.00 0 79.2 
242.78 -1.00 -1.00 0 79.2 
242.92 -1.00 -1.00 0 79.2 
243.07 -1.00 -1.00 0 79.2 
243.21 -1.00 -1.00 0 79.2 
243.36 -1.00 -1.00 0 79.2 
243.55 -1.00 -1.00 0 79.2 
243.72 -1.00 -1.00 0 79.3 
243.86 -1.00 -1.00 0 79.3 
244.01 -1.00 -1.00 0 79.3 
244.17 -1.00 -1.00 0 79.3 
244.30 -1.00 -1.00 0 79.3 
244.47 -1.00 -1.00 0 79.3 
244.64 -1.00 -1.00 0 78.0 
244.82 -1.00 -1.00 0 78.0 
244.98 -1.00 -1.00 0 78.0 
245.14 -1.00 -1.00 0 78.0 
245.27 -1.00 -1.00 0 78.0 
245.47 -1.00 -1.00 0 78.0 
245.63 -1.00 -1.00 0 79.3 
245.76 -1.00 -1.00 0 79.3 
245.92 -1.00 -1.00 0 79.3 
246.08 -1.00 -1.00 0 79.3 
246.25 -1.00 -1.00 0 79.3 
246.38 -1.00 -1.00 0 79.3 
246.57 -1.00 -1.00 0 79.3 
246.69 -1.00 -1.00 0 79.8 
246.85 -1.00 -1.00 0 79.8 
246.97 -1.00 -1.00 0 79.8 
247.10 -1.00 -1.00 0 79.8 
247.24 -1.00 -1.00 0 79.8 
247.38 -1.00 -1.00 0 79.8 
247.56 -1.00 -1.00 0 79.8 
247.70 -1.00 -1.00 0 79.3 
247.82 -1.00 -1.00 0 79.3 
247.96 -1.00 -1.00 0 79.3 
248.10 -1.00 -1.00 0 79.3 
248.25 -1.00 -1.00 0 79.3 
248.37 -1.00 -1.00 0 79.3 
248.55 -1.00 -1.00 0 79.3 
248.67 -1.00 -1.00 0 79.4 
248.80 -1.00 -1.00 0 79.4 
248.92 -1.00 -1.00 0 79.4 
249.03 -1.00 -1.00 0 79.4 
249.16 -1.00 -1.00 0 79.4 
249.28 -1.00 -1.00 0 79.4 
249.39 -1.00 -1.00 0 79.4 
249.55 -1.00 -1.00 0 79.4 
249.68 -1.00 -1.00 0 80.2 
249.79 -1.00 -1.00 0 80.2 
249.92 -1.00 -1.00 0 80.2 
250.05 -1.00 -1.00 0 80.2 
250.16 -1.00 -1.00 0 80.2 
250.29 -1.00 -1.00 0 80.2 
250.40 -1.00 -1.00 0 80.2 
250.55 -1.00 -1.00 0 80.2 
250.68 -1.00 -1.00 0 80.0 
250.80 -1.00 -1.00 0 80.0 
250.93 -1.00 -1.00 0 80.0 
251.04 -1.00 -1.00 0 80.0 
251.17 -1.00 -1.00 0 80.0 
251.32 -1.00 -1.00 0 80.0 
251.46 -1.00 -1.00 0 80.0 
251.60 -1.00 -1.00 0 80.0 
251.75 -1.00 -1.00 0 78.7 
251.92 -1.00 -1.00 0 78.7 
252.08 -1.00 -1.00 0 78.7 
252.21 -1.00 -1.00 0 78.7 
252.35 -1.00 -1.00 0 78.7 
252.52 -1.00 -1.00 0 78.7 
252.66 -1.00 -1.00 0 82.2 
252.80 -1.00 -1.00 0 82.2 
252.92 -1.00 -1.00 0 82.2 
253.06 -1.00 -1.00 0 82.2 
253.19 -1.00 -1.00 0 82.2 
253.33 -1.00 -1.00 0 82.2 
253.45 -1.00 -1.00 0 82.2 
253.62 -1.00 -1.00 0 82.2 
253.75 -1.00 -1.00 0 80.3 
253.86 -1.00 -1.00 0 80.3 
253.98 -1.00 -1.00 0 80.3 
254.09 -1.00 -1.00 0 80.3 
254.22 -1.00 -1.00 0 80.3 
254.34 -1.00 -1.00 0 80.3 
254.51 -1.00 -1.00 0 80.3 
254.64 -1.00 -1.00 0 80.6 
254.77 -1.00 -1.00 0 80.6 
254.90 -1.00 -1.00 0 80.6 
255.04 -1.00 -1.00 0 80.6 
255.16 -1.00 -1.00 0 80.6 
255.28 -1.00 -1.00 0 80.6 
255.41 -1.00 -1.00 0 80.6 
255.54 -1.00 -1.00 0 80.6 
255.65 -1.00 -1.00 0 80.7 
255.79 -1.00 -1.00 0 80.7 
255.94 -1.00 -1.00 0 80.7 
256.07 -1.00 -1.00 0 80.7 
256.21 -1.00 -1.00 0 80.7 
256.33 -1.00 -1.00 0 80.7 
256.44 -1.00 -1.00 0 80.7 
256.58 -1.00 -1.00 0 80.7 
256.69 -1.00 -1.00 0 80.5 
256.83 -1.00 -1.00 0 80.5 
256.96 -1.00 -1.00 0 80.5 
257.08 -1.00 -1.00 0 80.5 
257.20 -1.00 -1.00 0 80.5 
257.31 -1.00 -1.00 0 80.5 
257.44 -1.00 -1.00 0 80.5 
257.56 -1.00 -1.00 0 80.4 
257.71 -1.00 -1.00 0 80.4 
257.83 -1.00 -1.00 0 80.4 
257.93 -1.00 -1.00 0 80.4 
258.05 -1.00 -1.00 0 80.4 
258.15 -1.00 -1.00 0 80.4 
258.28 -1.00 -1.00 0 80.4 
258.43 -1.00 -1.00 0 80.4 
258.57 -1.00 -1.00 0 80.2 
258.68 -1.00 -1.00 0 80.2 
258.83 -1.00 -1.00 0 80.2 
258.96 -1.00 -1.00 0 80.2 
259.09 -1.00 -1.00 0 80.2 
259.24 -1.00 -1.00 0 80.2 
259.38 -1.00 -1.00 1 80.2 
259.56 -1.00 -1.00 1 80.2 
259.71 -1.00 -1.00 1 80.5 
259.85 -1.00 -1.00 1 80.5 
259.99 -1.00 -1.00 1 80.5 
260.16 -1.00 -1.00 1 80.5 
260.29 -1.00 -1.00 1 80.5 
260.45 -1.00 -1.00 1 80.5 
260.60 -1.00 -1.00 1 80.9 
260.72 -1.00 -1.00 1 80.9 
260.85 -1.00 -1.00 1 80.9 
260.98 -1.00 -1.00 1 80.9 
261.12 -1.00 -1.00 1 80.9 
261.24 -1.00 -1.00 1 80.9 
261.37 -1.00 -1.00 1 80.9 
261.52 -1.00 -1.00 1 80.9 
261.67 -1.00 -1.00 1 80.5 
261.78 -1.00 -1.00 1 80.5 
261.92 -1.00 -1.00 1 80.5 
262.05 -1.00 -1.00 1 80.5 
262.16 -1.00 -1.00 1 80.5 
262.31 -1.00 -1.00 1 80.5 
262.47 -1.00 -1.00 1 80.5 
262.64 -1.00 -1.00 1 79.6 
262.76 -1.00 -1.00 1 79.6 
262.90 -1.00 -1.00 1 79.6 
263.01 -1.00 -1.00 1 79.6 
263.15 -1.00 -1.00 1 79.6 
263.29 -1.00 -1.00 1 79.6 
263.47 -1.00 -1.00 1 79.6 
263.61 -1.00 -1.00 1 81.0 
263.76 29.44 1.31 1 81.0 
263.88 -1.00 -1.00 1 81.0 
264.02 30.85 1.37 1 81.0 
264.14 -1.00 -1.00 1 81.0 
264.31 32.12 1.43 1 81.0 
264.46 32.22 1.43 1 81.0 
264.58 32.67 1.46 1 80.6 
264.71 34.51 1.54 1 80.6 
264.83 -1.00 -1.00 1 80.6 
264.97 36.83 1.65 1 80.6 
265.07 -1.00 -1.00 1 80.6 
265.20 37.91 1.69 1 80.6 
265.31 -1.00 -1.00 1 80.6 
265.46 -1.00 -1.00 1 80.6 
265.60 -1.00 -1.00 1 81.3 
265.73 -1.00 -1.00 1 81.3 
265.85 -1.00 -1.00 0 81.3 
265.97 -1.00 -1.00 0 81.3 
266.10 -1.00 -1.00 0 81.3 
266.23 -1.00 -1.00 0 81.3 
266.36 -1.00 -1.00 0 81.3 
266.53 -1.00 -1.00 0 81.3 
266.63 -1.00 -1.00 0 80.9 
266.75 -1.00 -1.00 0 80.9 
266.86 -1.00 -1.00 0 80.9 
266.98 -1.00 -1.00 0 80.9 
267.12 -1.00 -1.00 0 80.9 
267.23 -1.00 -1.00 0 80.9 
267.39 -1.00 -1.00 0 80.9 
267.52 -1.00 -1.00 0 81.3 
267.67 -1.00 -1.00 0 81.3 
267.79 -1.00 -1.00 0 81.3 
267.94 -1.00 -1.00 0 81.3 
268.08 -1.00 -1.00 0 81.3 
268.21 -1.00 -1.00 0 81.3 
268.32 -1.00 -1.00 0 81.3 
268.51 -1.00 -1.00 0 81.3 
268.64 -1.00 -1.00 0 80.8 
268.76 -1.00 -1.00 0 80.8 
268.88 -1.00 -1.00 0 80.8 
269.03 -1.00 -1.00 0 80.8 
269.16 -1.00 -1.00 0 80.8 
269.30 -1.00 -1.00 0 80.8 
269.45 -1.00 -1.00 0 80.8 
269.60 -1.00 -1.00 0 81.0 
269.73 -1.00 -1.00 0 81.0 
269.88 -1.00 -1.00 0 81.0 
270.02 -1.00 -1.00 0 81.0 
270.15 -1.00 -1.00 0 81.0 
270.31 -1.00 -1.00 0 81.0 
270.48 -1.00 -1.00 0 81.0 
270.62 -1.00 -1.00 0 81.3 
270.77 -1.00 -1.00 0 81.3 
270.93 -1.00 -1.00 0 81.3 
271.06 -1.00 -1.00 0 81.3 
271.22 -1.00 -1.00 0 81.3 
271.39 -1.00 -1.00 0 81.3 
271.58 -1.00 -1.00 0 81.0 
271.75 -1.00 -1.00 0 81.0 
272.09 -1.00 -1.00 0 81.0 
272.26 -1.00 -1.00 0 81.0 
272.45 -1.00 -1.00 0 81.0 
272.58 -1.00 -1.00 0 81.8 
272.74 -1.00 -1.00 0 81.8 
272.90 -1.00 -1.00 0 81.8 
273.05 -1.00 -1.00 0 81.8 
273.20 -1.00 -1.00 0 81.8 
273.36 -1.00 -1.00 0 81.8 
273.55 -1.00 -1.00 0 81.8 
273.71 -1.00 -1.00 0 82.1 
273.87 -1.00 -1.00 0 82.1 
274.04 -1.00 -1.00 0 82.1 
274.18 -1.00 -1.00 0 82.1 
274.35 -1.00 -1.00 0 82.1 
274.58 -1.00 -1.00 0 82.1 
274.78 -1.00 -1.00 0 82.5 
274.97 -1.00 -1.00 0 82.5 
275.17 -1.00 -1.00 0 82.5 
275.30 -1.00 -1.00 0 82.5 
275.54 -1.00 -1.00 0 82.5 
275.72 -1.00 -1.00 0 83.4 
275.89 -1.00 -1.00 0 83.4 
276.07 -1.00 -1.00 0 83.4 
276.23 -1.00 -1.00 0 83.4 
276.45 -1.00 -1.00 0 83.4 
276.65 -1.00 -1.00 0 83.4 
276.81 -1.00 -1.00 0 83.4 
277.00 -1.00 -1.00 0 83.4 
277.15 -1.00 -1.00 0 83.4 
277.33 -1.00 -1.00 0 83.4 
277.54 -1.00 -1.00 0 83.4 
277.71 -1.00 -1.00 0 84.2 
277.89 -1.00 -1.00 0 84.2 
278.10 -1.00 -1.00 0 84.2 
278.30 -1.00 -1.00 0 84.2 
278.51 -1.00 -1.00 0 84.2 
278.70 -1.00 -1.00 0 85.4 
278.85 -1.00 -1.00 0 85.4 
279.00 -1.00 -1.00 0 85.4 
279.16 -1.00 -1.00 0 85.4 
279.30 -1.00 -1.00 0 85.4 
279.52 -1.00 -1.00 0 85.4 
279.65 -1.00 -1.00 0 84.5 
279.80 -1.00 -1.00 0 84.5 
279.97 -1.00 -1.00 0 84.5 
280.14 -1.00 -1.00 0 84.5 
280.38 -1.00 -1.00 0 84.5 
280.58 -1.00 -1.00 0 84.5 
280.72 -1.00 -1.00 0 83.2 
280.89 -1.00 -1.00 0 83.2 
281.06 -1.00 -1.00 0 83.2 
281.23 -1.00 -1.00 0 83.2 
281.38 -1.00 -1.00 0 83.2 
281.56 -1.00 -1.00 0 83.2 
281.72 -1.00 -1.00 0 82.6 
281.89 -1.00 -1.00 0 82.6 
282.02 -1.00 -1.00 0 82.6 
282.20 -1.00 -1.00 0 82.6 
282.34 -1.00 -1.00 0 82.6 
282.55 -1.00 -1.00 0 82.6 
282.70 -1.00 -1.00 0 81.4 
282.85 -1.00 -1.00 0 81.4 
283.02 -1.00 -1.00 0 81.4 
283.18 -1.00 -1.00 0 81.4 
283.35 -1.00 -1.00 0 81.4 
283.54 -1.00 -1.00 0 81.4 
283.71 -1.00 -1.00 0 83.5 
283.85 -1.00 -1.00 0 83.5 
284.00 -1.00 -1.00 0 83.5 
284.14 -1.00 -1.00 0 83.5 
284.31 -1.00 -1.00 0 83.5 
284.48 -1.00 -1.00 0 83.5 
284.66 -1.00 -1.00 0 85.4 
284.82 -1.00 -1.00 0 85.4 
284.99 -1.00 -1.00 0 85.4 
285.13 -1.00 -1.00 0 85.4 
285.31 -1.00 -1.00 0 85.4 
285.48 -1.00 -1.00 0 85.4 
285.62 -1.00 -1.00 0 87.4 
285.78 -1.00 -1.00 0 87.4 
285.92 -1.00 -1.00 0 87.4 
286.06 -1.00 -1.00 0 87.4 
286.23 -1.00 -1.00 0 87.4 
286.37 -1.00 -1.00 0 87.4 
286.53 -1.00 -1.00 0 87.4 
286.69 -1.00 -1.00 0 89.7 
286.83 -1.00 -1.00 0 89.7 
286.99 -1.00 -1.00 0 89.7 
287.11 -1.00 -1.00 0 89.7 
287.25 -1.00 -1.00 0 89.7 
287.40 -1.00 -1.00 0 89.7 
287.57 -1.00 -1.00 0 89.7 
287.73 -1.00 -1.00 0 88.8 
287.88 -1.00 -1.00 0 88.8 
288.01 -1.00 -1.00 0 88.8 
288.14 -1.00 -1.00 0 88.8 
288.30 -1.00 -1.00 0 88.8 
288.50 -1.00 -1.00 0 88.8 
288.64 -1.00 -1.00 0 87.9 
288.79 -1.00 -1.00 0 87.9 
288.95 -1.00 -1.00 0 87.9 
289.12 -1.00 -1.00 0 87.9 
289.28 -1.00 -1.00 0 87.9 
289.40 -1.00 -1.00 0 87.9 
289.60 -1.00 -1.00 0 87.9 
289.76 -1.00 -1.00 0 86.9 
289.91 -1.00 -1.00 0 86.9 
290.03 -1.00 -1.00 0 86.9 
290.16 -1.00 -1.00 0 86.9 
290.31 -1.00 -1.00 0 86.9 
290.50 -1.00 -1.00 0 86.9 
290.64 -1.00 -1.00 0 85.8 
290.79 -1.00 -1.00 0 85.8 
290.94 -1.00 -1.00 0 85.8 
291.10 -1.00 -1.00 0 85.8 
291.24 -1.00 -1.00 0 85.8 
291.36 -1.00 -1.00 0 85.8 
291.52 -1.00 -1.00 0 85.8 
291.65 -1.00 -1.00 0 87.2 
291.78 -1.00 -1.00 0 87.2 
292.05 -1.00 -1.00 0 87.2 
292.19 -1.00 -1.00 0 87.2 
292.31 -1.00 -1.00 0 87.2 
292.43 -1.00 -1.00 0 87.2 
292.62 -1.00 -1.00 0 87.2 
292.77 -1.00 -1.00 0 88.7 
292.92 -1.00 -1.00 0 88.7 
293.06 -1.00 -1.00 0 88.7 
293.22 -1.00 -1.00 0 88.7 
293.37 -1.00 -1.00 0 88.7 
293.53 -1.00 -1.00 0 88.7 
293.67 -1.00 -1.00 0 89.2 
293.82 -1.00 -1.00 0 89.2 
293.95 -1.00 -1.00 0 89.2 
294.10 -1.00 -1.00 0 89.2 
294.23 -1.00 -1.00 0 89.2 
294.39 -1.00 -1.00 0 89.2 
294.57 -1.00 -1.00 0 89.2 
294.74 -1.00 -1.00 0 88.4 
294.90 -1.00 -1.00 0 88.4 
295.04 -1.00 -1.00 0 88.4 
295.17 -1.00 -1.00 0 88.4 
295.34 -1.00 -1.00 0 88.4 
295.54 -1.00 -1.00 0 88.4 
295.68 -1.00 -1.00 0 87.5 
295.84 -1.00 -1.00 0 87.5 
296.02 -1.00 -1.00 0 87.5 
296.15 -1.00 -1.00 0 87.5 
296.29 -1.00 -1.00 0 87.5 
296.49 -1.00 -1.00 0 87.5 
296.64 -1.00 -1.00 0 87.0 
296.77 -1.00 -1.00 0 87.0 
296.92 -1.00 -1.00 0 87.0 
297.07 -1.00 -1.00 0 87.0 
297.20 -1.00 -1.00 0 87.0 
297.33 -1.00 -1.00 0 87.0 
297.52 -1.00 -1.00 0 87.0 
297.64 -1.00 -1.00 0 86.0 
297.79 -1.00 -1.00 0 86.0 
297.93 -1.00 -1.00 0 86.0 
298.07 -1.00 -1.00 0 86.0 
298.22 -1.00 -1.00 0 86.0 
298.38 -1.00 -1.00 0 86.0 
298.54 -1.00 -1.00 0 86.0 
298.69 -1.00 -1.00 0 86.2 
298.84 -1.00 -1.00 0 86.2 
298.95 -1.00 -1.00 0 86.2 
299.09 -1.00 -1.00 0 86.2 
299.23 -1.00 -1.00 0 86.2 
299.38 -1.00 -1.00 0 86.2 
299.56 -1.00 -1.00 0 86.2 
299.73 -1.00 -1.00 0 86.6 
299.90 -1.00 -1.00 0 86.6 
300.02 -1.00 -1.00 0 86.6 
300.14 -1.00 -1.00 0 86.6 
300.28 -1.00 -1.00 0 86.6 
300.49 -1.00 -1.00 0 86.6 
300.64 -1.00 -1.00 0 85.9 
300.79 -1.00 -1.00 0 85.9 
300.93 -1.00 -1.00 0 85.9 
301.10 -1.00 -1.00 0 85.9 
301.23 -1.00 -1.00 0 85.9 
301.37 -1.00 -1.00 0 85.9 
301.53 -1.00 -1.00 0 85.9 
301.67 -1.00 -1.00 0 85.0 
301.96 -1.00 -1.00 0 85.0 
302.11 -1.00 -1.00 0 85.0 
302.25 -1.00 -1.00 0 85.0 
302.38 -1.00 -1.00 0 85.0 
302.55 -1.00 -1.00 0 85.0 
302.70 -1.00 -1.00 0 86.1 
302.82 -1.00 -1.00 0 86.1 
302.93 -1.00 -1.00 0 86.1 
303.07 -1.00 -1.00 0 86.1 
303.21 -1.00 -1.00 0 86.1 
303.34 -1.00 -1.00 0 86.1 
303.48 -1.00 -1.00 0 86.1 
303.62 -1.00 -1.00 0 85.5 
303.74 -1.00 -1.00 0 85.5 
303.88 -1.00 -1.00 0 85.5 
304.02 -1.00 -1.00 0 85.5 
304.14 -1.00 -1.00 0 85.5 
304.25 -1.00 -1.00 0 85.5 
304.40 -1.00 -1.00 0 85.5 
304.57 -1.00 -1.00 0 85.5 
304.70 -1.00 -1.00 0 84.4 
304.82 -1.00 -1.00 0 84.4 
304.97 -1.00 -1.00 0 84.4 
305.13 -1.00 -1.00 0 84.4 
305.25 -1.00 -1.00 0 84.4 
305.41 -1.00 -1.00 0 84.4 
305.57 -1.00 -1.00 0 84.4 
305.70 -1.00 -1.00 0 84.4 
305.84 -1.00 -1.00 0 84.4 
305.99 -1.00 -1.00 0 84.4 
306.11 -1.00 -1.00 0 84.4 
306.26 -1.00 -1.00 0 84.4 
306.38 -1.00 -1.00 0 84.4 
306.54 -1.00 -1.00 0 84.4 
306.66 -1.00 -1.00 0 86.0 
306.79 -1.00 -1.00 0 86.0 
306.90 -1.00 -1.00 0 86.0 
307.05 -1.00 -1.00 0 86.0 
307.18 -1.00 -1.00 0 86.0 
307.32 -1.00 -1.00 0 86.0 
307.50 -1.00 -1.00 0 86.0 
307.62 -1.00 -1.00 0 85.1 
307.77 -1.00 -1.00 0 85.1 
307.89 -1.00 -1.00 0 85.1 
308.02 -1.00 -1.00 0 85.1 
308.16 -1.00 -1.00 0 85.1 
308.29 -1.00 -1.00 0 85.1 
308.40 -1.00 -1.00 0 85.1 
308.56 -1.00 -1.00 0 85.1 
308.70 -1.00 -1.00 0 84.2 
308.81 -1.00 -1.00 0 84.2 
308.95 -1.00 -1.00 0 84.2 
309.07 -1.00 -1.00 0 84.2 
309.22 -1.00 -1.00 0 84.2 
309.33 -1.00 -1.00 0 84.2 
309.52 -1.00 -1.00 0 84.2 
309.65 -1.00 -1.00 0 83.4 
309.80 -1.00 -1.00 0 83.4 
309.93 -1.00 -1.00 0 83.4 
310.04 -1.00 -1.00 0 83.4 
310.18 -1.00 -1.00 0 83.4 
310.30 -1.00 -1.00 0 83.4 
310.42 -1.00 -1.00 0 83.4 
310.57 -1.00 -1.00 0 83.4 
310.71 -1.00 -1.00 0 83.1 
310.84 -1.00 -1.00 0 83.1 
310.98 -1.00 -1.00 0 83.1 
311.12 -1.00 -1.00 0 83.1 
311.25 -1.00 -1.00 0 83.1 
311.41 -1.00 -1.00 0 83.1 
311.54 -1.00 -1.00 0 83.1 
311.69 -1.00 -1.00 0 84.1 
311.82 -1.00 -1.00 0 84.1 
311.96 -1.00 -1.00 0 84.1 
312.09 -1.00 -1.00 0 84.1 
312.24 -1.00 -1.00 0 84.1 
312.38 -1.00 -1.00 0 84.1 
312.52 -1.00 -1.00 0 84.1 
312.66 -1.00 -1.00 0 86.1 
312.81 -1.00 -1.00 0 86.1 
312.93 -1.00 -1.00 0 86.1 
313.05 -1.00 -1.00 0 86.1 
313.17 -1.00 -1.00 0 86.1 
313.30 -1.00 -1.00 0 86.1 
313.47 -1.00 -1.00 0 86.1 
313.62 -1.00 -1.00 0 87.1 
313.76 -1.00 -1.00 0 87.1 
313.87 -1.00 -1.00 0 87.1 
314.00 -1.00 -1.00 0 87.1 
314.15 -1.00 -1.00 0 87.1 
314.29 -1.00 -1.00 0 87.1 
314.45 -1.00 -1.00 0 87.1 
314.61 -1.00 -1.00 0 88.8 
314.74 -1.00 -1.00 0 88.8 
314.90 -1.00 -1.00 0 88.8 
315.03 -1.00 -1.00 0 88.8 
315.20 -1.00 -1.00 0 88.8 
315.36 -1.00 -1.00 0 88.8 
315.53 -1.00 -1.00 0 88.8 
315.67 -1.00 -1.00 0 88.7 
315.83 -1.00 -1.00 0 88.7 
316.02 -1.00 -1.00 0 88.7 
316.15 -1.00 -1.00 0 88.7 
316.32 -1.00 -1.00 0 88.7 
316.51 -1.00 -1.00 0 88.7 
316.65 -1.00 -1.00 0 87.3 
316.81 -1.00 -1.00 0 87.3 
316.94 -1.00 -1.00 0 87.3 
317.10 -1.00 -1.00 0 87.3 
317.25 -1.00 -1.00 0 87.3 
317.39 -1.00 -1.00 0 87.3 
317.57 -1.00 -1.00 0 87.3 
317.72 -1.00 -1.00 0 89.5 
317.87 -1.00 -1.00 0 89.5 
318.02 -1.00 -1.00 0 89.5 
318.14 -1.00 -1.00 0 89.5 
318.28 -1.00 -1.00 0 89.5 
318.46 -1.00 -1.00 0 89.5 
318.60 -1.00 -1.00 0 90.0 
318.76 -1.00 -1.00 0 90.0 
318.90 -1.00 -1.00 0 90.0 
319.04 -1.00 -1.00 0 90.0 
319.18 -1.00 -1.00 0 90.0 
319.32 -1.00 -1.00 0 90.0 
319.51 -1.00 -1.00 0 90.0 
319.68 -1.00 -1.00 0 89.3 
319.81 -1.00 -1.00 0 89.3 
319.96 -1.00 -1.00 0 89.3 
320.09 -1.00 -1.00 0 89.3 
320.22 -1.00 -1.00 0 89.3 
320.32 -1.00 -1.00 0 89.3 
320.46 -1.00 -1.00 0 89.3 
320.60 -1.00 -1.00 0 88.9 
320.73 -1.00 -1.00 0 88.9 
320.83 -1.00 -1.00 0 88.9 
320.97 -1.00 -1.00 0 88.9 
321.09 -1.00 -1.00 0 88.9 
321.21 -1.00 -1.00 0 88.9 
321.35 -1.00 -1.00 0 88.9 
321.54 -1.00 -1.00 0 88.9 
321.67 -1.00 -1.00 0 91.6 
321.84 -1.00 -1.00 0 91.6 
321.97 -1.00 -1.00 0 91.6 
322.09 -1.00 -1.00 0 91.6 
322.22 -1.00 -1.00 0 91.6 
322.34 -1.00 -1.00 0 91.6 
322.52 -1.00 -1.00 0 91.6 
322.66 -1.00 -1.00 0 91.2 
322.79 -1.00 -1.00 0 91.2 
322.91 -1.00 -1.00 0 91.2 
323.05 -1.00 -1.00 0 91.2 
323.20 -1.00 -1.00 0 91.2 
323.34 -1.00 -1.00 0 91.2 
323.50 -1.00 -1.00 0 91.2 
323.65 -1.00 -1.00 0 90.9 
323.80 -1.00 -1.00 0 90.9 
323.94 -1.00 -1.00 0 90.9 
324.08 -1.00 -1.00 0 90.9 
324.24 -1.00 -1.00 0 90.9 
324.37 -1.00 -1.00 0 90.9 
324.55 -1.00 -1.00 0 90.9 
324.68 -1.00 -1.00 0 91.1 
324.81 -1.00 -1.00 0 91.1 
324.97 -1.00 -1.00 0 91.1 
325.12 -1.00 -1.00 0 91.1 
325.25 -1.00 -1.00 0 91.1 
325.39 -1.00 -1.00 0 91.1 
325.56 -1.00 -1.00 0 91.1 
325.71 -1.00 -1.00 0 90.3 
325.85 -1.00 -1.00 0 90.3 
326.00 -1.00 -1.00 0 90.3 
326.13 -1.00 -1.00 0 90.3 
326.28 -1.00 -1.00 0 90.3 
326.42 -1.00 -1.00 0 90.3 
326.59 -1.00 -1.00 0 90.3 
326.74 -1.00 -1.00 0 90.5 
326.86 -1.00 -1.00 0 90.5 
326.99 -1.00 -1.00 0 90.5 
327.12 -1.00 -1.00 0 90.5 
327.23 -1.00 -1.00 0 90.5 
327.36 -1.00 -1.00 0 90.5 
327.54 -1.00 -1.00 0 90.5 
327.66 -1.00 -1.00 0 90.4 
327.79 -1.00 -1.00 0 90.4 
327.90 -1.00 -1.00 0 90.4 
328.04 -1.00 -1.00 0 90.4 
328.19 -1.00 -1.00 0 90.4 
328.37 -1.00 -1.00 0 90.4 
328.55 -1.00 -1.00 1 90.4 
328.71 -1.00 -1.00 1 92.0 
328.90 -1.00 -1.00 1 92.0 
329.07 -1.00 -1.00 0 92.0 
329.21 -1.00 -1.00 0 92.0 
329.35 -1.00 -1.00 0 92.0 
329.50 -1.00 -1.00 0 92.0 
329.66 -1.00 -1.00 0 92.4 
329.79 -1.00 -1.00 0 92.4 
329.95 -1.00 -1.00 0 92.4 
330.09 -1.00 -1.00 0 92.4 
330.24 -1.00 -1.00 0 92.4 
330.38 -1.00 -1.00 0 92.4 
330.55 -1.00 -1.00 0 92.4 
330.68 -1.00 -1.00 0 93.8 
330.83 -1.00 -1.00 0 93.8 
330.99 -1.00 -1.00 0 93.8 
331.20 -1.00 -1.00 0 93.8 
331.36 -1.00 -1.00 0 93.8 
331.52 -1.00 -1.00 0 93.8 
331.67 -1.00 -1.00 0 90.9 
331.99 -1.00 -1.00 0 90.9 
332.14 -1.00 -1.00 0 90.9 
332.29 -1.00 -1.00 0 90.9 
332.49 -1.00 -1.00 0 90.9 
332.65 -1.00 -1.00 0 92.1 
332.80 -1.00 -1.00 0 92.1 
332.96 -1.00 -1.00 0 92.1 
333.10 -1.00 -1.00 0 92.1 
333.27 -1.00 -1.00 0 92.1 
333.44 -1.00 -1.00 0 92.1 
333.58 -1.00 -1.00 0 91.2 
333.74 -1.00 -1.00 0 91.2 
333.91 -1.00 -1.00 0 91.2 
334.06 -1.00 -1.00 0 91.2 
334.21 -1.00 -1.00 0 91.2 
334.33 -1.00 -1.00 0 91.2 
334.53 -1.00 -1.00 0 91.2 
334.68 -1.00 -1.00 0 90.9 
334.81 -1.00 -1.00 0 90.9 
334.95 -1.00 -1.00 0 90.9 
335.12 -1.00 -1.00 0 90.9 
335.25 -1.00 -1.00 0 90.9 
335.44 -1.00 -1.00 0 90.9 
335.60 -1.00 -1.00 0 89.8 
335.73 -1.00 -1.00 0 89.8 
335.92 -1.00 -1.00 0 89.8 
336.05 -1.00 -1.00 0 89.8 
336.18 -1.00 -1.00 0 89.8 
336.34 -1.00 -1.00 0 89.8 
336.54 -1.00 -1.00 0 89.8 
336.72 -1.00 -1.00 0 89.0 
336.90 -1.00 -1.00 0 89.0 
337.09 -1.00 -1.00 0 89.0 
337.23 -1.00 -1.00 0 89.0 
337.43 -1.00 -1.00 0 89.0 
337.62 -1.00 -1.00 0 88.2 
337.78 -1.00 -1.00 0 88.2 
337.93 -1.00 -1.00 0 88.2 
338.08 -1.00 -1.00 0 88.2 
338.25 -1.00 -1.00 0 88.2 
338.44 -1.00 -1.00 0 88.2 
338.59 -1.00 -1.00 0 87.6 
338.76 -1.00 -1.00 0 87.6 
338.90 -1.00 -1.00 0 87.6 
339.08 -1.00 -1.00 0 87.6 
339.23 -1.00 -1.00 0 87.6 
339.43 -1.00 -1.00 0 87.6 
339.57 -1.00 -1.00 0 88.5 
339.70 -1.00 -1.00 0 88.5 
339.87 -1.00 -1.00 0 88.5 
340.04 -1.00 -1.00 0 88.5 
340.20 -1.00 -1.00 0 88.5 
340.32 -1.00 -1.00 0 88.5 
340.52 -1.00 -1.00 0 88.5 
340.65 -1.00 -1.00 0 89.3 
340.82 -1.00 -1.00 0 89.3 
340.98 -1.00 -1.00 0 89.3 
341.16 -1.00 -1.00 0 89.3 
341.31 -1.00 -1.00 0 89.3 
341.50 -1.00 -1.00 0 89.3 
341.68 -1.00 -1.00 0 89.5 
341.82 -1.00 -1.00 0 89.5 
342.12 -1.00 -1.00 0 89.5 
342.27 -1.00 -1.00 0 89.5 
342.43 -1.00 -1.00 0 89.5 
342.64 -1.00 -1.00 0 88.3 
342.79 -1.00 -1.00 0 88.3 
342.96 -1.00 -1.00 0 88.3 
343.09 -1.00 -1.00 0 88.3 
343.26 -1.00 -1.00 0 88.3 
343.45 -1.00 -1.00 0 88.3 
343.67 -1.00 -1.00 0 88.3 
343.84 -1.00 -1.00 0 86.1 
344.01 -1.00 -1.00 0 86.1 
344.18 -1.00 -1.00 0 86.1 
344.34 -1.00 -1.00 0 86.1 
344.50 -1.00 -1.00 0 86.1 
344.67 -1.00 -1.00 0 88.4 
344.81 -1.00 -1.00 0 88.4 
344.98 -1.00 -1.00 0 88.4 
345.14 -1.00 -1.00 0 88.4 
345.29 -1.00 -1.00 0 88.4 
345.51 -1.00 -1.00 0 88.4 
345.66 -1.00 -1.00 0 88.4 
345.84 -1.00 -1.00 0 88.4 
346.02 -1.00 -1.00 0 88.4 
346.21 -1.00 -1.00 0 88.4 
346.39 -1.00 -1.00 0 88.4 
346.61 -1.00 -1.00 0 88.4 
346.75 -1.00 -1.00 0 88.5 
346.93 -1.00 -1.00 0 88.5 
347.06 -1.00 -1.00 0 88.5 
347.23 -1.00 -1.00 0 88.5 
347.39 -1.00 -1.00 0 88.5 
347.59 -1.00 -1.00 0 88.5 
347.74 -1.00 -1.00 0 89.5 
347.92 -1.00 -1.00 0 89.5 
348.05 -1.00 -1.00 0 89.5 
348.23 -1.00 -1.00 0 89.5 
348.38 -1.00 -1.00 0 89.5 
348.56 -1.00 -1.00 0 89.5 
348.75 -1.00 -1.00 0 90.0 
348.90 -1.00 -1.00 0 90.0 
349.05 -1.00 -1.00 0 90.0 
349.23 -1.00 -1.00 0 90.0 
349.38 -1.00 -1.00 0 90.0 
349.53 -1.00 -1.00 0 90.0 
349.73 -1.00 -1.00 0 90.5 
349.90 -1.00 -1.00 0 90.5 
350.10 -1.00 -1.00 0 90.5 
350.25 -1.00 -1.00 0 90.5 
350.45 -1.00 -1.00 0 90.5 
350.63 -1.00 -1.00 0 90.3 
350.78 -1.00 -1.00 0 90.3 
350.95 -1.00 -1.00 0 90.3 
351.19 -1.00 -1.00 0 90.3 
351.36 -1.00 -1.00 0 90.3 
351.57 -1.00 -1.00 0 90.3 
351.73 -1.00 -1.00 0 90.5 
352.05 -1.00 -1.00 0 90.5 
352.22 -1.00 -1.00 0 90.5 
352.37 -1.00 -1.00 0 90.5 
352.58 -1.00 -1.00 0 90.5 
352.72 -1.00 -1.00 0 90.3 
352.89 -1.00 -1.00 0 90.3 
353.04 -1.00 -1.00 0 90.3 
353.21 -1.00 -1.00 0 90.3 
353.36 -1.00 -1.00 0 90.3 
353.52 -1.00 -1.00 0 90.3 
353.71 -1.00 -1.00 0 89.5 
353.85 -1.00 -1.00 0 89.5 
354.01 -1.00 -1.00 0 89.5 
354.17 -1.00 -1.00 0 89.5 
354.33 -1.00 -1.00 0 89.5 
354.54 -1.00 -1.00 0 89.5 
354.69 -1.00 -1.00 0 88.6 
354.86 -1.00 -1.00 0 88.6 
355.04 -1.00 -1.00 0 88.6 
355.17 -1.00 -1.00 0 88.6 
355.30 -1.00 -1.00 0 88.6 
355.46 -1.00 -1.00 0 88.6 
355.62 -1.00 -1.00 0 88.4 
355.75 -1.00 -1.00 0 88.4 
355.91 -1.00 -1.00 0 88.4 
356.04 -1.00 -1.00 0 88.4 
356.17 -1.00 -1.00 0 88.4 
356.32 -1.00 -1.00 0 88.4 
356.49 -1.00 -1.00 0 88.4 
356.65 -1.00 -1.00 0 89.9 
356.78 -1.00 -1.00 0 89.9 
356.93 -1.00 -1.00 0 89.9 
357.10 -1.00 -1.00 0 89.9 
357.27 -1.00 -1.00 0 89.9 
357.43 -1.00 -1.00 0 89.9 
357.61 -1.00 -1.00 0 91.3 
357.76 -1.00 -1.00 0 91.3 
357.90 -1.00 -1.00 0 91.3 
358.05 -1.00 -1.00 0 91.3 
358.22 -1.00 -1.00 0 91.3 
358.36 -1.00 -1.00 0 91.3 
358.56 -1.00 -1.00 0 91.3 
358.75 -1.00 -1.00 0 92.2 
358.88 -1.00 -1.00 0 92.2 
359.00 -1.00 -1.00 0 92.2 
359.13 -1.00 -1.00 0 92.2 
359.28 -1.00 -1.00 0 92.2 
359.49 -1.00 -1.00 0 92.2 
359.64 -1.00 -1.00 0 92.1 
359.80 -1.00 -1.00 0 92.1 
359.95 -1.00 -1.00 0 92.1 
360.14 -1.00 -1.00 0 92.1 
360.29 -1.00 -1.00 0 92.1 
360.55 -1.00 -1.00 0 92.1 
360.74 -1.00 -1.00 0 91.2 
360.93 -1.00 -1.00 0 91.2 
361.14 -1.00 -1.00 0 91.2 
361.30 -1.00 -1.00 0 91.2 
361.53 -1.00 -1.00 0 91.2 
361.74 -1.00 -1.00 0 93.0 
362.07 -1.00 -1.00 0 93.0 
362.27 -1.00 -1.00 0 93.0 
362.46 -1.00 -1.00 0 93.0 
362.69 -1.00 -1.00 0 91.4 
362.87 -1.00 -1.00 0 91.4 
363.02 -1.00 -1.00 0 91.4 
363.22 -1.00 -1.00 0 91.4 
363.38 -1.00 -1.00 0 91.4 
363.64 -1.00 -1.00 1 91.4 
363.80 -1.00 -1.00 1 89.5 
364.01 -1.00 -1.00 1 89.5 
364.21 -1.00 -1.00 0 89.5 
364.38 -1.00 -1.00 0 89.5 
364.55 -1.00 -1.00 0 89.5 
364.70 -1.00 -1.00 0 89.2 
364.84 -1.00 -1.00 0 89.2 
365.01 -1.00 -1.00 0 89.2 
365.17 -1.00 -1.00 0 89.2 
365.33 -1.00 -1.00 0 89.2 
365.51 -1.00 -1.00 0 89.2 
365.69 -1.00 -1.00 0 90.7 
365.84 -1.00 -1.00 0 90.7 
366.01 -1.00 -1.00 0 90.7 
366.18 -1.00 -1.00 0 90.7 
366.32 -1.00 -1.00 0 90.7 
366.53 -1.00 -1.00 0 90.7 
366.68 -1.00 -1.00 0 91.1 
366.85 -1.00 -1.00 0 91.1 
367.01 -1.00 -1.00 0 91.1 
367.17 -1.00 -1.00 0 91.1 
367.35 -1.00 -1.00 0 91.1 
367.51 -1.00 -1.00 0 91.1 
367.70 -1.00 -1.00 0 89.8 
367.84 -1.00 -1.00 0 89.8 
368.02 -1.00 -1.00 0 89.8 
368.16 -1.00 -1.00 0 89.8 
368.29 -1.00 -1.00 0 89.8 
368.43 -1.00 -1.00 0 89.8 
368.64 -1.00 -1.00 0 89.8 
368.79 -1.00 -1.00 0 91.0 
368.93 -1.00 -1.00 0 91.0 
369.12 -1.00 -1.00 0 91.0 
369.28 -1.00 -1.00 0 91.0 
369.42 -1.00 -1.00 0 91.0 
369.60 -1.00 -1.00 0 91.0 
369.78 -1.00 -1.00 0 90.3 
369.92 -1.00 -1.00 0 90.3 
370.09 -1.00 -1.00 0 90.3 
370.25 -1.00 -1.00 0 90.3 
370.46 -1.00 -1.00 0 90.3 
370.65 -1.00 -1.00 0 91.8 
370.81 -1.00 -1.00 0 91.8 
370.97 -1.00 -1.00 0 91.8 
371.15 -1.00 -1.00 0 91.8 
371.28 -1.00 -1.00 0 91.8 
371.51 -1.00 -1.00 0 91.8 
371.68 -1.00 -1.00 0 90.5 
372.06 -1.00 -1.00 0 90.5 
372.29 -1.00 -1.00 0 90.5 
372.47 -1.00 -1.00 0 90.5 
372.68 -1.00 -1.00 0 89.4 
372.83 -1.00 -1.00 0 89.4 
373.01 -1.00 -1.00 0 89.4 
373.16 -1.00 -1.00 0 89.4 
373.34 -1.00 -1.00 0 89.4 
373.51 -1.00 -1.00 0 89.4 
373.70 -1.00 -1.00 0 87.4 
373.86 -1.00 -1.00 0 87.4 
374.01 -1.00 -1.00 0 87.4 
374.20 -1.00 -1.00 0 87.4 
374.36 -1.00 -1.00 0 87.4 
374.59 -1.00 -1.00 0 87.4 
374.75 -1.00 -1.00 0 86.6 
374.92 -1.00 -1.00 0 86.6 
375.08 -1.00 -1.00 0 86.6 
375.25 -1.00 -1.00 0 86.6 
375.47 -1.00 -1.00 0 86.6 
375.62 -1.00 -1.00 0 87.0 
375.76 -1.00 -1.00 0 87.0 
375.95 -1.00 -1.00 0 87.0 
376.11 -1.00 -1.00 0 87.0 
376.27 -1.00 -1.00 0 87.0 
376.42 -1.00 -1.00 0 87.0 
376.62 -1.00 -1.00 0 87.0 
376.77 -1.00 -1.00 0 85.5 
376.95 -1.00 -1.00 0 85.5 
377.10 -1.00 -1.00 0 85.5 
377.25 -1.00 -1.00 0 85.5 
377.42 -1.00 -1.00 0 85.5 
377.64 -1.00 -1.00 0 85.5 
377.80 -1.00 -1.00 0 85.0 
378.00 -1.00 -1.00 0 85.0 
378.16 -1.00 -1.00 0 85.0 
378.33 -1.00 -1.00 0 85.0 
378.56 -1.00 -1.00 0 85.0 
378.72 -1.00 -1.00 0 85.4 
378.87 -1.00 -1.00 0 85.4 
379.07 -1.00 -1.00 0 85.4 
379.26 -1.00 -1.00 0 85.4 
379.48 -1.00 -1.00 0 85.4 
379.65 -1.00 -1.00 0 86.8 
379.80 -1.00 -1.00 0 86.8 
379.94 -1.00 -1.00 0 86.8 
380.13 -1.00 -1.00 0 86.8 
380.29 -1.00 -1.00 0 86.8 
380.48 -1.00 -1.00 0 86.8 
380.66 -1.00 -1.00 0 89.3 
380.81 -1.00 -1.00 0 89.3 
380.96 -1.00 -1.00 0 89.3 
381.17 -1.00 -1.00 0 89.3 
381.33 -1.00 -1.00 0 89.3 
381.53 -1.00 -1.00 0 89.3 
381.69 -1.00 -1.00 0 88.5 
381.88 -1.00 -1.00 0 88.5 
382.04 -1.00 -1.00 0 88.5 
382.20 -1.00 -1.00 0 88.5 
382.41 -1.00 -1.00 0 88.5 
382.61 -1.00 -1.00 0 88.5 
382.79 -1.00 -1.00 0 88.7 
382.98 -1.00 -1.00 0 88.7 
383.14 -1.00 -1.00 0 88.7 
383.30 -1.00 -1.00 0 88.7 
383.46 -1.00 -1.00 0 88.7 
383.63 -1.00 -1.00 0 89.8 
383.77 -1.00 -1.00 0 89.8 
383.95 -1.00 -1.00 0 89.8 
384.08 -1.00 -1.00 0 89.8 
384.25 -1.00 -1.00 0 89.8 
384.41 -1.00 -1.00 0 89.8 
384.58 -1.00 -1.00 0 89.8 
384.73 -1.00 -1.00 0 88.0 
384.91 -1.00 -1.00 0 88.0 
385.07 -1.00 -1.00 0 88.0 
385.24 -1.00 -1.00 0 88.0 
385.39 -1.00 -1.00 0 88.0 
385.58 -1.00 -1.00 0 88.0 
385.71 -1.00 -1.00 0 88.2 
385.89 -1.00 -1.00 0 88.2 
386.04 -1.00 -1.00 0 88.2 
386.18 -1.00 -1.00 0 88.2 
386.35 -1.00 -1.00 0 88.2 
386.57 -1.00 -1.00 0 88.2 
386.74 -1.00 -1.00 0 88.0 
386.94 -1.00 -1.00 0 88.0 
387.12 -1.00 -1.00 0 88.0 
387.31 -1.00 -1.00 0 88.0 
387.52 -1.00 -1.00 0 88.0 
387.69 -1.00 -1.00 0 87.5 
387.88 -1.00 -1.00 0 87.5 
388.07 -1.00 -1.00 0 87.5 
388.22 -1.00 -1.00 0 87.5 
388.37 -1.00 -1.00 0 87.5 
388.55 -1.00 -1.00 0 87.5 
388.72 -1.00 -1.00 0 87.4 
388.87 -1.00 -1.00 0 87.4 
389.01 -1.00 -1.00 0 87.4 
389.19 -1.00 -1.00 0 87.4 
389.34 -1.00 -1.00 0 87.4 
389.56 -1.00 -1.00 0 87.4 
389.70 -1.00 -1.00 0 87.4 
389.87 -1.00 -1.00 0 87.4 
390.03 -1.00 -1.00 0 87.4 
390.20 -1.00 -1.00 0 87.4 
390.34 -1.00 -1.00 0 87.4 
390.52 -1.00 -1.00 0 87.4 
390.68 -1.00 -1.00 0 87.5 
390.85 -1.00 -1.00 0 87.5 
390.98 -1.00 -1.00 0 87.5 
391.12 -1.00 -1.00 0 87.5 
391.23 -1.00 -1.00 0 87.5 
391.41 -1.00 -1.00 0 87.5 
391.56 -1.00 -1.00 0 87.5 
391.69 -1.00 -1.00 0 85.5 
391.88 -1.00 -1.00 0 85.5 
392.03 -1.00 -1.00 0 85.5 
392.19 -1.00 -1.00 0 85.5 
392.35 -1.00 -1.00 0 85.5 
392.58 -1.00 -1.00 0 85.5 
392.72 -1.00 -1.00 0 87.5 
392.91 -1.00 -1.00 0 87.5 
393.07 -1.00 -1.00 0 87.5 
393.25 -1.00 -1.00 0 87.5 
393.39 -1.00 -1.00 0 87.5 
393.57 -1.00 -1.00 0 87.5 
393.71 -1.00 -1.00 0 87.1 
393.88 -1.00 -1.00 0 87.1 
394.03 -1.00 -1.00 0 87.1 
394.21 -1.00 -1.00 0 87.1 
394.34 -1.00 -1.00 0 87.1 
394.55 -1.00 -1.00 0 87.1 
394.75 -1.00 -1.00 0 87.3 
394.92 -1.00 -1.00 0 87.3 
395.09 -1.00 -1.00 0 87.3 
395.25 -1.00 -1.00 0 87.3 
395.45 -1.00 -1.00 0 87.3 
395.59 -1.00 -1.00 0 87.7 
395.77 -1.00 -1.00 0 87.7 
395.93 -1.00 -1.00 0 87.7 
396.06 -1.00 -1.00 0 87.7 
396.20 -1.00 -1.00 0 87.7 
396.37 -1.00 -1.00 0 87.7 
396.56 -1.00 -1.00 0 87.7 
396.70 -1.00 -1.00 0 89.0 
396.85 -1.00 -1.00 0 89.0 
397.00 -1.00 -1.00 0 89.0 
397.14 -1.00 -1.00 0 89.0 
397.28 -1.00 -1.00 0 89.0 
397.49 -1.00 -1.00 0 89.0 
397.66 -1.00 -1.00 0 88.6 
397.83 -1.00 -1.00 0 88.6 
397.98 -1.00 -1.00 0 88.6 
398.17 -1.00 -1.00 0 88.6 
398.30 -1.00 -1.00 0 88.6 
398.48 -1.00 -1.00 0 88.6 
398.63 -1.00 -1.00 0 89.7 
398.80 -1.00 -1.00 0 89.7 
398.94 -1.00 -1.00 0 89.7 
399.08 -1.00 -1.00 0 89.7 
399.25 -1.00 -1.00 0 89.7 
399.38 -1.00 -1.00 0 89.7 
399.58 -1.00 -1.00 0 89.7 
399.72 -1.00 -1.00 0 91.6 
399.91 -1.00 -1.00 0 91.6 
400.06 -1.00 -1.00 0 91.6 
400.24 -1.00 -1.00 0 91.6 
400.40 -1.00 -1.00 0 91.6 
400.61 -1.00 -1.00 0 91.6 
400.78 -1.00 -1.00 0 92.2 
400.95 -1.00 -1.00 0 92.2 
401.13 -1.00 -1.00 0 92.2 
401.28 -1.00 -1.00 0 92.2 
401.46 -1.00 -1.00 0 92.2 
401.63 -1.00 -1.00 0 92.4 
401.79 -1.00 -1.00 0 92.4 
401.96 -1.00 -1.00 0 92.4 
402.15 -1.00 -1.00 0 92.4 
402.35 -1.00 -1.00 0 92.4 
402.56 -1.00 -1.00 0 92.4 
402.80 -1.00 -1.00 0 92.8 
403.01 -1.00 -1.00 0 92.8 
403.20 -1.00 -1.00 0 92.8 
403.36 -1.00 -1.00 0 92.8 
403.62 -1.00 -1.00 0 92.8 
403.84 -1.00 -1.00 0 93.5 
403.99 -1.00 -1.00 0 93.5 
404.19 -1.00 -1.00 0 93.5 
404.37 -1.00 -1.00 0 93.5 
404.57 -1.00 -1.00 0 93.5 
404.75 -1.00 -1.00 0 93.9 
404.95 -1.00 -1.00 0 93.9 
405.15 -1.00 -1.00 0 93.9 
405.31 -1.00 -1.00 0 93.9 
405.52 -1.00 -1.00 0 93.9 
405.71 -1.00 -1.00 0 95.5 
405.88 -1.00 -1.00 0 95.5 
406.08 -1.00 -1.00 0 95.5 
406.28 -1.00 -1.00 0 95.5 
406.48 -1.00 -1.00 0 95.5 
406.68 -1.00 -1.00 0 95.9 
406.88 -1.00 -1.00 0 95.9 
407.08 -1.00 -1.00 0 95.9 
407.25 -1.00 -1.00 0 95.9 
407.50 -1.00 -1.00 0 95.9 
407.73 -1.00 -1.00 0 96.2 
407.93 -1.00 -1.00 0 96.2 
408.11 -1.00 -1.00 0 96.2 
408.28 -1.00 -1.00 0 96.2 
408.52 -1.00 -1.00 0 96.2 
408.67 -1.00 -1.00 0 96.3 
408.86 -1.00 -1.00 0 96.3 
409.03 -1.00 -1.00 0 96.3 
409.21 -1.00 -1.00 0 96.3 
409.39 -1.00 -1.00 0 96.3 
409.58 -1.00 -1.00 0 96.3 
409.76 -1.00 -1.00 0 96.2 
409.91 -1.00 -1.00 0 96.2 
410.06 -1.00 -1.00 0 96.2 
410.25 -1.00 -1.00 0 96.2 
410.48 -1.00 -1.00 0 96.2 
410.62 -1.00 -1.00 0 94.7 
410.79 -1.00 -1.00 0 94.7 
410.93 -1.00 -1.00 0 94.7 
411.12 -1.00 -1.00 0 94.7 
411.26 -1.00 -1.00 0 94.7 
411.48 -1.00 -1.00 0 94.7 
411.64 -1.00 -1.00 0 94.9 
411.87 -1.00 -1.00 0 94.9 
412.02 -1.00 -1.00 0 94.9 
412.19 -1.00 -1.00 0 94.9 
412.36 -1.00 -1.00 0 94.9 
412.61 -1.00 -1.00 0 94.9 
412.75 -1.00 -1.00 0 92.1 
412.93 -1.00 -1.00 0 92.1 
413.10 -1.00 -1.00 0 92.1 
413.28 -1.00 -1.00 0 92.1 
413.52 -1.00 -1.00 0 92.1 
413.67 -1.00 -1.00 0 91.4 
413.86 -1.00 -1.00 0 91.4 
414.03 -1.00 -1.00 0 91.4 
414.23 -1.00 -1.00 0 91.4 
414.39 -1.00 -1.00 0 91.4 
414.61 -1.00 -1.00 0 91.4 
414.77 -1.00 -1.00 0 90.6 
414.96 -1.00 -1.00 0 90.6 
415.14 -1.00 -1.00 0 90.6 
415.34 -1.00 -1.00 0 90.6 
415.57 -1.00 -1.00 0 90.6 
415.75 -1.00 -1.00 0 90.6 
415.95 -1.00 -1.00 0 90.6 
416.11 -1.00 -1.00 0 90.6 
416.29 -1.00 -1.00 0 90.6 
416.49 -1.00 -1.00 0 90.6 
416.66 -1.00 -1.00 0 89.0 
416.83 -1.00 -1.00 0 89.0 
416.97 -1.00 -1.00 0 89.0 
417.15 -1.00 -1.00 0 89.0 
417.29 -1.00 -1.00 0 89.0 
417.51 -1.00 -1.00 0 89.0 
417.70 -1.00 -1.00 0 88.3 
417.88 -1.00 -1.00 0 88.3 
418.02 -1.00 -1.00 0 88.3 
418.19 -1.00 -1.00 0 88.3 
418.35 -1.00 -1.00 0 88.3 
418.62 -1.00 -1.00 0 88.3 
418.86 -1.00 -1.00 0 87.7 
419.07 -1.00 -1.00 0 87.7 
419.27 -1.00 -1.00 0 87.7 
419.46 -1.00 -1.00 0 87.7 
419.69 -1.00 -1.00 0 87.7 
419.86 -1.00 -1.00 0 87.7 
420.11 -1.00 -1.00 0 87.7 
420.35 -1.00 -1.00 0 87.7 
420.55 -1.00 -1.00 0 87.7 
420.79 -1.00 -1.00 0 86.7 
421.01 -1.00 -1.00 0 86.7 
421.21 -1.00 -1.00 0 86.7 
421.48 -1.00 -1.00 0 86.7 
421.71 -1.00 -1.00 0 88.8 
421.88 -1.00 -1.00 0 88.8 
422.31 -1.00 -1.00 0 88.8 
422.61 -1.00 -1.00 0 88.8 
422.86 -1.00 -1.00 0 90.0 
423.07 -1.00 -1.00 0 90.0 
423.33 -1.00 -1.00 0 90.0 
423.57 -1.00 -1.00 0 90.0 
423.83 -1.00 -1.00 0 90.1 
424.01 -1.00 -1.00 0 90.1 
424.25 -1.00 -1.00 0 90.1 
424.52 -1.00 -1.00 0 90.1 
424.74 -1.00 -1.00 0 90.3 
424.93 -1.00 -1.00 0 90.3 
425.17 -1.00 -1.00 0 90.3 
425.42 -1.00 -1.00 0 90.3 
425.66 -1.00 -1.00 0 90.3 
425.90 -1.00 -1.00 0 89.8 
426.09 -1.00 -1.00 0 89.8 
426.32 -1.00 -1.00 0 89.8 
426.53 -1.00 -1.00 0 89.8 
426.76 -1.00 -1.00 0 90.4 
426.99 -1.00 -1.00 0 90.4 
427.15 -1.00 -1.00 0 90.4 
427.38 -1.00 -1.00 0 90.4 
427.62 -1.00 -1.00 0 90.4 
427.86 -1.00 -1.00 0 90.3 
428.03 -1.00 -1.00 0 90.3 
428.22 -1.00 -1.00 0 90.3 
428.40 -1.00 -1.00 0 90.3 
428.65 -1.00 -1.00 0 90.3 
428.83 -1.00 -1.00 0 90.8 
429.01 -1.00 -1.00 0 90.8 
429.22 -1.00 -1.00 0 90.8 
429.40 -1.00 -1.00 0 90.8 
429.63 -1.00 -1.00 0 90.8 
429.84 -1.00 -1.00 0 89.1 
430.03 -1.00 -1.00 0 89.1 
430.18 -1.00 -1.00 0 89.1 
430.39 -1.00 -1.00 0 89.1 
430.57 -1.00 -1.00 0 89.1 
430.79 -1.00 -1.00 0 89.2 
430.95 -1.00 -1.00 0 89.2 
431.14 -1.00 -1.00 0 89.2 
431.31 -1.00 -1.00 0 89.2 
431.58 -1.00 -1.00 0 89.2 
431.74 -1.00 -1.00 0 88.5 
431.94 -1.00 -1.00 0 88.5 
432.10 -1.00 -1.00 0 88.5 
432.29 -1.00 -1.00 0 88.5 
432.55 -1.00 -1.00 0 88.5 
432.79 -1.00 -1.00 0 88.1 
432.99 -1.00 -1.00 0 88.1 
433.15 -1.00 -1.00 0 88.1 
433.37 -1.00 -1.00 0 88.1 
433.57 -1.00 -1.00 0 88.1 
433.79 -1.00 -1.00 0 88.6 
433.96 -1.00 -1.00 0 88.6 
434.13 -1.00 -1.00 0 88.6 
434.33 -1.00 -1.00 0 88.6 
434.58 -1.00 -1.00 0 88.6 
434.75 -1.00 -1.00 0 89.0 
434.99 -1.00 -1.00 0 89.0 
435.16 -1.00 -1.00 0 89.0 
435.39 -1.00 -1.00 0 89.0 
435.60 -1.00 -1.00 0 89.0 
435.82 -1.00 -1.00 0 88.9 
436.01 -1.00 -1.00 0 88.9 
436.23 -1.00 -1.00 0 88.9 
436.50 -1.00 -1.00 0 88.9 
436.68 -1.00 -1.00 0 89.4 
436.94 -1.00 -1.00 0 89.4 
437.13 -1.00 -1.00 0 89.4 
437.39 -1.00 -1.00 0 89.4 
437.67 -1.00 -1.00 0 89.4 
437.88 -1.00 -1.00 0 90.4 
438.09 -1.00 -1.00 0 90.4 
438.30 -1.00 -1.00 0 90.4 
438.59 -1.00 -1.00 0 90.4 
438.81 -1.00 -1.00 0 90.2 
439.04 -1.00 -1.00 0 90.2 
439.28 -1.00 -1.00 0 90.2 
439.60 -1.00 -1.00 0 90.2 
439.82 -1.00 -1.00 0 91.7 
440.01 -1.00 -1.00 0 91.7 
440.24 -1.00 -1.00 0 91.7 
440.54 -1.00 -1.00 0 91.7 
440.73 -1.00 -1.00 0 91.7 
440.95 -1.00 -1.00 0 91.7 
441.20 -1.00 -1.00 0 91.7 
441.46 -1.00 -1.00 0 91.7 
441.71 -1.00 -1.00 0 91.1 
442.07 -1.00 -1.00 0 91.1 
442.32 -1.00 -1.00 0 91.1 
442.66 -1.00 -1.00 0 91.1 
442.89 -1.00 -1.00 0 90.1 
443.07 -1.00 -1.00 0 90.1 
443.32 -1.00 -1.00 0 90.1 
443.60 -1.00 -1.00 0 90.1 
443.81 -1.00 -1.00 0 88.8 
444.01 -1.00 -1.00 0 88.8 
444.22 -1.00 -1.00 0 88.8 
444.41 -1.00 -1.00 0 88.8 
444.63 -1.00 -1.00 0 88.8 
444.89 -1.00 -1.00 0 87.6 
445.10 -1.00 -1.00 0 87.6 
445.33 -1.00 -1.00 0 87.6 
445.63 -1.00 -1.00 0 87.6 
445.85 -1.00 -1.00 0 87.3 
446.04 -1.00 -1.00 0 87.3 
446.25 -1.00 -1.00 0 87.3 
446.51 -1.00 -1.00 0 87.3 
446.77 -1.00 -1.00 0 90.2 
447.01 -1.00 -1.00 0 90.2 
447.24 -1.00 -1.00 0 90.2 
447.56 -1.00 -1.00 0 90.2 
447.78 -1.00 -1.00 0 85.6 
448.03 -1.00 -1.00 0 85.6 
448.26 -1.00 -1.00 0 85.6 
448.45 -1.00 -1.00 0 85.6 
448.65 -1.00 -1.00 0 84.4 
448.86 -1.00 -1.00 0 84.4 
449.03 -1.00 -1.00 0 84.4 
449.20 -1.00 -1.00 0 84.4 
449.38 -1.00 -1.00 0 84.4 
449.66 -1.00 -1.00 0 84.4 
449.87 -1.00 -1.00 0 83.4 
450.08 -1.00 -1.00 0 83.4 
450.34 -1.00 -1.00 0 83.4 
450.58 -1.00 -1.00 0 83.4 
450.74 -1.00 -1.00 0 83.5 
450.97 -1.00 -1.00 0 83.5 
451.14 -1.00 -1.00 0 83.5 
451.36 -1.00 -1.00 0 83.5 
451.63 -1.00 -1.00 0 83.5 
451.87 -1.00 -1.00 0 84.5 
452.09 -1.00 -1.00 0 84.5 
452.26 -1.00 -1.00 0 84.5 
452.53 -1.00 -1.00 0 84.5 
452.77 -1.00 -1.00 0 85.3 
452.98 -1.00 -1.00 0 85.3 
453.16 -1.00 -1.00 0 85.3 
453.35 -1.00 -1.00 0 85.3 
453.57 -1.00 -1.00 0 85.3 
453.80 -1.00 -1.00 0 86.9 
454.00 -1.00 -1.00 0 86.9 
454.21 -1.00 -1.00 0 86.9 
454.43 -1.00 -1.00 0 86.9 
454.61 -1.00 -1.00 0 86.9 
454.80 -1.00 -1.00 0 86.9 
454.98 -1.00 -1.00 0 86.9 
455.18 -1.00 -1.00 0 86.9 
455.37 -1.00 -1.00 0 86.9 
455.63 -1.00 -1.00 0 86.9 
455.80 -1.00 -1.00 0 86.2 
456.01 -1.00 -1.00 0 86.2 
456.18 -1.00 -1.00 0 86.2 
456.40 -1.00 -1.00 0 86.2 
456.65 -1.00 -1.00 0 86.2 
456.84 -1.00 -1.00 0 87.2 
457.03 -1.00 -1.00 0 87.2 
457.22 -1.00 -1.00 0 87.2 
457.52 -1.00 -1.00 0 87.2 
457.77 -1.00 -1.00 0 87.6 
457.96 -1.00 -1.00 0 87.6 
458.21 -1.00 -1.00 0 87.6 
458.50 -1.00 -1.00 0 87.6 
458.76 -1.00 -1.00 0 88.7 
459.01 -1.00 -1.00 0 88.7 
459.24 -1.00 -1.00 0 88.7 
459.54 -1.00 -1.00 0 88.7 
459.78 -1.00 -1.00 0 89.9 
460.06 -1.00 -1.00 0 89.9 
460.31 -1.00 -1.00 0 89.9 
460.62 -1.00 -1.00 0 89.9 
460.88 -1.00 -1.00 0 91.9 
461.10 -1.00 -1.00 0 91.9 
461.36 -1.00 -1.00 0 91.9 
461.65 -1.00 -1.00 0 91.9 
461.85 -1.00 -1.00 0 93.1 
462.09 -1.00 -1.00 0 93.1 
462.27 -1.00 -1.00 0 93.1 
462.54 -1.00 -1.00 0 93.1 
462.74 -1.00 -1.00 0 93.8 
462.99 -1.00 -1.00 0 93.8 
463.21 -1.00 -1.00 0 93.8 
463.49 -1.00 -1.00 0 93.8 
463.77 -1.00 -1.00 0 94.7 
463.98 -1.00 -1.00 0 94.7 
464.16 -1.00 -1.00 0 94.7 
464.48 -1.00 -1.00 0 94.7 
464.68 -1.00 -1.00 0 94.9 
464.92 -1.00 -1.00 0 94.9 
465.20 -1.00 -1.00 0 94.9 
465.49 -1.00 -1.00 0 94.9 
465.71 -1.00 -1.00 0 93.6 
465.95 -1.00 -1.00 0 93.6 
466.28 -1.00 -1.00 0 93.6 
466.58 -1.00 -1.00 0 93.6 
466.80 -1.00 -1.00 0 93.9 
467.07 -1.00 -1.00 0 93.9 
467.35 -1.00 -1.00 0 93.9 
467.65 -1.00 -1.00 0 93.9 
467.92 -1.00 -1.00 0 93.7 
468.14 -1.00 -1.00 0 93.7 
468.38 -1.00 -1.00 0 93.7 
468.69 -1.00 -1.00 0 93.7 
468.96 -1.00 -1.00 0 94.2 
469.21 -1.00 -1.00 0 94.2 
469.46 -1.00 -1.00 0 94.2 
469.70 -1.00 -1.00 0 94.6 
469.90 -1.00 -1.00 0 94.6 
470.15 -1.00 -1.00 0 94.6 
470.39 -1.00 -1.00 0 94.6 
470.63 -1.00 -1.00 0 94.6 
470.85 -1.00 -1.00 0 93.6 
471.09 -1.00 -1.00 0 93.6 
471.35 -1.00 -1.00 0 93.6 
471.60 -1.00 -1.00 0 93.6 
471.88 -1.00 -1.00 0 93.1 
472.06 -1.00 -1.00 0 93.1 
472.29 -1.00 -1.00 0 93.1 
472.48 -1.00 -1.00 0 93.1 
472.78 -1.00 -1.00 0 92.6 
473.02 -1.00 -1.00 0 92.6 
473.27 -1.00 -1.00 0 92.6 
473.49 -1.00 -1.00 0 92.6 
473.73 -1.00 -1.00 0 92.8 
473.97 -1.00 -1.00 0 92.8 
474.20 -1.00 -1.00 0 92.8 
474.53 -1.00 -1.00 0 92.8 
474.75 -1.00 -1.00 0 93.1 
474.97 -1.00 -1.00 0 93.1 
475.22 -1.00 -1.00 0 93.1 
475.55 -1.00 -1.00 0 93.1 
475.75 -1.00 -1.00 0 92.3 
475.99 -1.00 -1.00 0 92.3 
476.22 -1.00 -1.00 0 92.3 
476.52 -1.00 -1.00 0 92.3 
476.74 -1.00 -1.00 0 92.9 
476.99 -1.00 -1.00 0 92.9 
477.22 -1.00 -1.00 0 92.9 
477.52 -1.00 -1.00 0 92.9 
477.78 -1.00 -1.00 0 92.4 
478.01 -1.00 -1.00 0 92.4 
478.22 -1.00 -1.00 0 92.4 
478.43 -1.00 -1.00 0 92.4 
478.77 -1.00 -1.00 0 92.4 
479.04 -1.00 -1.00 0 92.2 
479.24 -1.00 -1.00 0 92.2 
479.53 -1.00 -1.00 0 92.2 
479.80 -1.00 -1.00 0 91.9 
480.05 -1.00 -1.00 0 91.9 
480.26 -1.00 -1.00 0 91.9 
480.62 -1.00 -1.00 0 91.9 
480.92 -1.00 -1.00 0 92.1 
481.19 -1.00 -1.00 0 92.1 
481.39 -1.00 -1.00 0 92.1 
481.64 -1.00 -1.00 0 92.1 
481.89 -1.00 -1.00 0 91.4 
482.15 -1.00 -1.00 0 91.4 
482.39 -1.00 -1.00 0 91.4 
482.65 -1.00 -1.00 0 91.4 
482.85 -1.00 -1.00 0 90.2 
483.07 -1.00 -1.00 0 90.2 
483.33 -1.00 -1.00 0 90.2 
483.57 -1.00 -1.00 0 90.2 
483.81 -1.00 -1.00 0 89.0 
484.03 -1.00 -1.00 0 89.0 
484.27 -1.00 -1.00 0 89.0 
484.51 -1.00 -1.00 0 89.0 
484.80 -1.00 -1.00 0 88.0 
485.00 -1.00 -1.00 0 88.0 
485.28 -1.00 -1.00 0 88.0 
485.59 -1.00 -1.00 0 88.0 
485.79 -1.00 -1.00 0 86.8 
486.03 -1.00 -1.00 0 86.8 
486.24 -1.00 -1.00 0 86.8 
486.44 -1.00 -1.00 0 86.8 
486.72 -1.00 -1.00 0 87.4 
486.90 -1.00 -1.00 0 87.4 
487.15 -1.00 -1.00 0 87.4 
487.40 -1.00 -1.00 0 87.4 
487.69 -1.00 -1.00 0 87.4 
487.98 -1.00 -1.00 0 87.8 
488.23 -1.00 -1.00 0 87.8 
488.47 -1.00 -1.00 0 87.8 
488.75 -1.00 -1.00 0 87.8 
488.97 -1.00 -1.00 0 87.8 
489.26 -1.00 -1.00 0 87.8 
489.59 -1.00 -1.00 0 87.8 
489.91 -1.00 -1.00 0 87.0 
490.22 -1.00 -1.00 0 87.0 
490.56 -1.00 -1.00 0 87.0 
490.85 -1.00 -1.00 0 87.0 
491.09 -1.00 -1.00 0 87.0 
491.36 -1.00 -1.00 0 87.0 
491.69 -1.00 -1.00 0 87.0 
492.30 -1.00 -1.00 0 86.5 
492.71 -1.00 -1.00 0 86.5 
492.99 -1.00 -1.00 0 85.6 
493.19 -1.00 -1.00 0 85.6 
493.51 -1.00 -1.00 0 85.6 
493.83 -1.00 -1.00 0 84.7 
494.16 -1.00 -1.00 0 84.7 
494.48 -1.00 -1.00 0 84.7 
494.82 -1.00 -1.00 0 84.5 
495.09 -1.00 -1.00 0 84.5 
495.32 -1.00 -1.00 0 84.5 
495.61 -1.00 -1.00 0 84.5 
495.82 -1.00 -1.00 0 85.3 
496.08 -1.00 -1.00 0 85.3 
496.30 -1.00 -1.00 0 85.3 
496.62 -1.00 -1.00 0 85.3 
496.85 -1.00 -1.00 0 86.2 
497.07 -1.00 -1.00 0 86.2 
497.34 -1.00 -1.00 0 86.2 
497.56 -1.00 -1.00 0 86.2 
497.86 -1.00 -1.00 0 87.4 
498.08 -1.00 -1.00 0 87.4 
498.29 -1.00 -1.00 0 87.4 
498.58 -1.00 -1.00 0 87.4 
498.87 -1.00 -1.00 0 88.3 
499.10 -1.00 -1.00 0 88.3 
499.33 -1.00 -1.00 0 88.3 
499.65 -1.00 -1.00 0 88.3 
499.90 -1.00 -1.00 0 88.9 
500.09 -1.00 -1.00 0 88.9 
500.33 -1.00 -1.00 0 88.9 
500.60 -1.00 -1.00 0 88.9 
500.89 -1.00 -1.00 0 88.4 
501.17 -1.00 -1.00 0 88.4 
501.40 -1.00 -1.00 0 88.4 
501.69 -1.00 -1.00 0 88.4 
501.91 -1.00 -1.00 0 87.2 
502.20 -1.00 -1.00 0 87.2 
502.50 -1.00 -1.00 0 87.2 
502.74 -1.00 -1.00 0 87.9 
502.96 -1.00 -1.00 0 87.9 
503.20 -1.00 -1.00 0 87.9 
503.50 -1.00 -1.00 0 87.9 
503.75 -1.00 -1.00 0 89.7 
504.01 -1.00 -1.00 0 89.7 
504.25 -1.00 -1.00 0 89.7 
504.59 -1.00 -1.00 0 89.7 
504.78 -1.00 -1.00 0 89.8 
504.97 -1.00 -1.00 0 89.8 
505.20 -1.00 -1.00 0 89.8 
505.57 -1.00 -1.00 0 89.8 
505.84 -1.00 -1.00 0 90.3 
506.06 -1.00 -1.00 0 90.3 
506.33 -1.00 -1.00 0 90.3 
506.61 -1.00 -1.00 0 90.3 
506.90 -1.00 -1.00 0 90.3 
507.11 -1.00 -1.00 0 90.3 
507.34 -1.00 -1.00 0 90.3 
507.65 -1.00 -1.00 0 90.3 
507.91 -1.00 -1.00 0 88.8 
508.17 -1.00 -1.00 0 88.8 
508.37 -1.00 -1.00 0 88.8 
508.64 -1.00 -1.00 0 88.8 
508.91 -1.00 -1.00 0 88.0 
509.12 -1.00 -1.00 0 88.0 
509.37 -1.00 -1.00 0 88.0 
509.65 -1.00 -1.00 0 88.0 
509.93 -1.00 -1.00 0 87.6 
510.15 -1.00 -1.00 0 87.6 
510.46 -1.00 -1.00 0 87.6 
510.68 -1.00 -1.00 0 89.7 
510.91 -1.00 -1.00 0 89.7 
511.22 -1.00 -1.00 0 89.7 
511.54 -1.00 -1.00 0 89.7 
511.72 -1.00 -1.00 0 90.1 
511.98 -1.00 -1.00 0 90.1 
512.24 -1.00 -1.00 0 90.1 
512.54 -1.00 -1.00 0 90.1 
512.78 -1.00 -1.00 0 90.4 
512.97 -1.00 -1.00 0 90.4 
513.20 -1.00 -1.00 0 90.4 
513.49 -1.00 -1.00 0 90.4 
513.72 -1.00 -1.00 0 90.6 
513.94 -1.00 -1.00 0 90.6 
514.10 -1.00 -1.00 0 90.6 
514.32 -1.00 -1.00 0 90.6 
514.61 -1.00 -1.00 0 90.6 
514.86 -1.00 -1.00 0 91.1 
515.04 -1.00 -1.00 0 91.1 
515.28 -1.00 -1.00 0 91.1 
515.52 -1.00 -1.00 0 91.1 
515.82 -1.00 -1.00 0 91.3 
516.07 -1.00 -1.00 0 91.3 
516.34 -1.00 -1.00 0 91.3 
516.60 -1.00 -1.00 0 91.3 
516.82 -1.00 -1.00 0 91.4 
517.03 -1.00 -1.00 0 91.4 
517.29 -1.00 -1.00 0 91.4 
517.50 -1.00 -1.00 0 91.4 
517.75 -1.00 -1.00 0 92.1 
517.95 -1.00 -1.00 0 92.1 
518.22 -1.00 -1.00 0 92.1 
518.50 -1.00 -1.00 1 92.1 
518.78 -1.00 -1.00 0 92.8 
519.07 -1.00 -1.00 0 92.8 
519.35 -1.00 -1.00 0 92.8 
519.61 -1.00 -1.00 0 92.8 
519.94 -1.00 -1.00 0 94.8 
520.24 -1.00 -1.00 0 94.8 
520.54 -1.00 -1.00 0 94.8 
520.89 -1.00 -1.00 0 94.1 
521.18 -1.00 -1.00 0 94.1 
521.42 -1.00 -1.00 0 94.1 
521.75 -1.00 -1.00 0 94.1 
522.10 -1.00 -1.00 0 93.2 
522.48 -1.00 -1.00 0 93.2 
522.70 -1.00 -1.00 0 92.0 
523.05 -1.00 -1.00 0 92.0 
523.37 -1.00 -1.00 0 92.0 
523.63 -1.00 -1.00 0 92.0 
523.90 -1.00 -1.00 0 91.7 
524.20 -1.00 -1.00 0 91.7 
524.63 -1.00 -1.00 0 91.7 
524.90 -1.00 -1.00 0 88.3 
525.22 -1.00 -1.00 0 88.3 
525.53 -1.00 -1.00 0 88.3 
525.82 -1.00 -1.00 0 88.9 
526.03 -1.00 -1.00 0 88.9 
526.24 -1.00 -1.00 0 88.9 
526.59 -1.00 -1.00 0 88.9 
526.87 -1.00 -1.00 0 89.7 
527.07 -1.00 -1.00 0 89.7 
527.33 -1.00 -1.00 0 89.7 
527.62 -1.00 -1.00 0 89.7 
527.83 -1.00 -1.00 0 90.8 
528.11 -1.00 -1.00 0 90.8 
528.39 -1.00 -1.00 0 90.8 
528.70 -1.00 -1.00 0 90.8 
529.00 -1.00 -1.00 0 92.0 
529.26 -1.00 -1.00 0 92.0 
529.67 -1.00 -1.00 0 92.0 
529.94 -1.00 -1.00 0 92.5 
530.21 -1.00 -1.00 0 92.5 
530.54 -1.00 -1.00 0 92.5 
530.88 -1.00 -1.00 0 93.3 
531.13 -1.00 -1.00 0 93.3 
531.53 -1.00 -1.00 0 93.3 
531.75 -1.00 -1.00 0 94.7 
532.04 -1.00 -1.00 0 94.7 
532.36 -1.00 -1.00 0 94.7 
532.65 -1.00 -1.00 0 94.7 
532.92 -1.00 -1.00 0 95.7 
533.15 -1.00 -1.00 0 95.7 
533.35 -1.00 -1.00 0 95.7 
533.68 -1.00 -1.00 0 95.7 
533.95 -1.00 -1.00 0 94.4 
534.21 -1.00 -1.00 0 94.4 
534.55 -1.00 -1.00 0 94.4 
534.85 -1.00 -1.00 0 92.4 
535.13 -1.00 -1.00 0 92.4 
535.41 -1.00 -1.00 0 92.4 
535.71 -1.00 -1.00 0 92.4 
535.96 -1.00 -1.00 0 90.2 
536.24 -1.00 -1.00 0 90.2 
536.56 -1.00 -1.00 0 90.2 
536.80 -1.00 -1.00 0 88.8 
537.06 -1.00 -1.00 0 88.8 
537.35 -1.00 -1.00 0 88.8 
537.71 -1.00 -1.00 0 88.8 
537.93 -1.00 -1.00 0 88.8 
538.20 -1.00 -1.00 0 88.8 
538.57 -1.00 -1.00 0 88.8 
538.80 -1.00 -1.00 0 89.4 
539.02 -1.00 -1.00 0 89.4 
539.47 -1.00 -1.00 0 89.4 
539.73 -1.00 -1.00 0 92.1 
540.03 -1.00 -1.00 0 92.1 
540.35 -1.00 -1.00 0 92.1 
540.65 -1.00 -1.00 0 92.1 
541.02 -1.00 -1.00 0 94.1 
541.31 -1.00 -1.00 0 94.1 
541.56 -1.00 -1.00 0 94.1 
541.88 -1.00 -1.00 0 95.3 
542.12 -1.00 -1.00 0 95.3 
542.46 -1.00 -1.00 0 95.3 
542.74 -1.00 -1.00 0 94.8 
543.01 -1.00 -1.00 0 94.8 
543.25 -1.00 -1.00 0 94.8 
543.54 -1.00 -1.00 0 94.8 
543.83 -1.00 -1.00 0 94.5 
544.10 -1.00 -1.00 0 94.5 
544.38 -1.00 -1.00 0 94.5 
544.70 -1.00 -1.00 0 94.5 
544.94 -1.00 -1.00 0 93.5 
545.22 -1.00 -1.00 0 93.5 
545.53 -1.00 -1.00 1 93.5 
545.80 -1.00 -1.00 0 91.4 
546.02 -1.00 -1.00 0 91.4 
546.36 -1.00 -1.00 0 91.4 
546.65 -1.00 -1.00 0 91.4 
546.91 -1.00 -1.00 0 92.7 
547.17 -1.00 -1.00 0 92.7 
547.38 -1.00 -1.00 0 92.7 
547.70 -1.00 -1.00 0 92.7 
548.01 -1.00 -1.00 0 92.1 
548.23 -1.00 -1.00 0 92.1 
548.50 -1.00 -1.00 0 92.1 
548.78 -1.00 -1.00 0 93.1 
549.04 -1.00 -1.00 0 93.1 
549.23 -1.00 -1.00 0 93.1 
549.53 -1.00 -1.00 0 93.1 
549.82 -1.00 -1.00 0 93.1 
550.12 -1.00 -1.00 0 93.1 
550.34 -1.00 -1.00 0 93.1 
550.68 -1.00 -1.00 0 93.1 
550.95 -1.00 -1.00 0 93.0 
551.17 -1.00 -1.00 0 93.0 
551.35 -1.00 -1.00 0 93.0 
551.57 -1.00 -1.00 0 93.0 
552.09 -1.00 -1.00 0 94.4 
552.33 -1.00 -1.00 0 94.4 
552.66 -1.00 -1.00 0 94.4 
552.97 -1.00 -1.00 0 94.1 
553.23 -1.00 -1.00 0 94.1 
553.46 -1.00 -1.00 0 94.1 
553.72 -1.00 -1.00 0 94.2 
554.02 -1.00 -1.00 0 94.2 
554.29 -1.00 -1.00 0 94.2 
554.58 -1.00 -1.00 0 94.2 
554.90 -1.00 -1.00 0 93.9 
555.13 -1.00 -1.00 0 93.9 
555.46 -1.00 -1.00 0 93.9 
555.70 -1.00 -1.00 0 93.6 
555.99 -1.00 -1.00 0 93.6 
556.24 -1.00 -1.00 0 93.6 
556.51 -1.00 -1.00 0 93.6 
556.78 -1.00 -1.00 0 92.8 
557.02 -1.00 -1.00 0 92.8 
557.26 -1.00 -1.00 0 92.8 
557.47 -1.00 -1.00 0 92.8 
557.79 -1.00 -1.00 0 93.6 
557.99 -1.00 -1.00 0 93.6 
558.23 -1.00 -1.00 0 93.6 
558.53 -1.00 -1.00 0 93.6 
558.73 -1.00 -1.00 0 93.2 
558.98 -1.00 -1.00 0 93.2 
559.21 -1.00 -1.00 0 93.2 
559.45 -1.00 -1.00 0 93.2 
559.68 -1.00 -1.00 0 92.6 
559.87 -1.00 -1.00 0 92.6 
560.14 -1.00 -1.00 0 92.6 
560.32 -1.00 -1.00 0 92.6 
560.60 -1.00 -1.00 0 92.6 
560.81 -1.00 -1.00 0 92.5 
561.05 -1.00 -1.00 0 92.5 
561.21 -1.00 -1.00 0 92.5 
561.38 -1.00 -1.00 0 92.5 
561.63 -1.00 -1.00 0 92.5 
561.81 -1.00 -1.00 0 92.3 
562.14 -1.00 -1.00 0 92.3 
562.34 -1.00 -1.00 0 92.3 
562.70 -1.00 -1.00 0 92.3 
562.97 -1.00 -1.00 0 92.0 
563.17 -1.00 -1.00 0 92.0 
563.39 -1.00 -1.00 0 92.0 
563.67 -1.00 -1.00 0 92.0 
563.94 -1.00 -1.00 0 91.7 
564.12 -1.00 -1.00 0 91.7 
564.38 -1.00 -1.00 0 91.7 
564.67 -1.00 -1.00 0 91.7 
564.91 -1.00 -1.00 0 92.9 
565.17 -1.00 -1.00 0 92.9 
565.37 -1.00 -1.00 0 92.9 
565.62 -1.00 -1.00 0 92.9 
565.78 -1.00 -1.00 0 94.5 
565.98 -1.00 -1.00 0 94.5 
566.25 -1.00 -1.00 0 94.5 
566.49 -1.00 -1.00 0 94.5 
566.72 -1.00 -1.00 0 95.2 
566.98 -1.00 -1.00 0 95.2 
567.21 -1.00 -1.00 0 95.2 
567.49 -1.00 -1.00 0 95.2 
567.72 -1.00 -1.00 0 96.4 
567.91 -1.00 -1.00 0 96.4 
568.10 -1.00 -1.00 0 96.4 
568.37 -1.00 -1.00 0 96.4 
568.65 -1.00 -1.00 0 96.4 
568.85 -1.00 -1.00 0 96.2 
569.03 -1.00 -1.00 0 96.2 
569.24 -1.00 -1.00 0 96.2 
569.51 -1.00 -1.00 0 96.2 
569.73 -1.00 -1.00 0 96.7 
569.96 -1.00 -1.00 0 96.7 
570.19 -1.00 -1.00 0 96.7 
570.46 -1.00 -1.00 0 96.7 
570.67 -1.00 -1.00 0 97.4 
570.94 -1.00 -1.00 0 97.4 
571.24 -1.00 -1.00 0 97.4 
571.60 -1.00 -1.00 0 97.4 
572.22 -1.00 -1.00 0 96.0 
572.52 -1.00 -1.00 0 96.0 
572.84 -1.00 -1.00 0 95.7 
573.07 -1.00 -1.00 0 95.7 
573.32 -1.00 -1.00 0 95.7 
573.64 -1.00 -1.00 0 95.7 
573.89 -1.00 -1.00 0 92.3 
574.13 -1.00 -1.00 0 92.3 
574.49 -1.00 -1.00 0 92.3 
574.77 -1.00 -1.00 0 94.5 
575.00 -1.00 -1.00 0 94.5 
575.29 -1.00 -1.00 0 94.5 
575.66 -1.00 -1.00 0 94.5 
575.92 -1.00 -1.00 0 95.4 
576.18 -1.00 -1.00 0 95.4 
576.39 -1.00 -1.00 0 95.4 
576.74 -1.00 -1.00 0 95.4 
577.02 -1.00 -1.00 0 94.6 
577.26 -1.00 -1.00 0 94.6 
577.50 -1.00 -1.00 0 94.6 
577.80 -1.00 -1.00 0 93.9 
578.06 -1.00 -1.00 0 93.9 
578.24 -1.00 -1.00 0 93.9 
578.53 -1.00 -1.00 0 93.9 
578.76 -1.00 -1.00 0 96.4 
578.96 -1.00 -1.00 0 96.4 
579.15 -1.00 -1.00 0 96.4 
579.40 -1.00 -1.00 0 96.4 
579.69 -1.00 -1.00 0 96.4 
579.90 -1.00 -1.00 0 98.8 
580.06 -1.00 -1.00 0 98.8 
580.26 -1.00 -1.00 0 98.8 
580.50 -1.00 -1.00 0 98.8 
580.77 -1.00 -1.00 0 101.1 
581.03 -1.00 -1.00 0 101.1 
581.30 -1.00 -1.00 0 101.1 
581.59 -1.00 -1.00 0 101.1 
581.83 -1.00 -1.00 0 102.8 
582.09 -1.00 -1.00 0 102.8 
582.37 -1.00 -1.00 0 102.8 
582.61 -1.00 -1.00 0 102.8 
582.83 -1.00 -1.00 0 101.8 
583.11 -1.00 -1.00 0 101.8 
583.32 -1.00 -1.00 0 101.8 
583.59 -1.00 -1.00 0 101.8 
583.85 -1.00 -1.00 0 100.7 
584.15 -1.00 -1.00 0 100.7 
584.32 -1.00 -1.00 0 100.7 
584.64 -1.00 -1.00 0 100.7 
584.85 -1.00 -1.00 0 99.0 
585.13 -1.00 -1.00 0 99.0 
585.37 -1.00 -1.00 0 99.0 
585.65 44.45 1.62 1 99.0 
585.85 44.66 1.65 1 97.6 
586.09 45.60 1.68 1 97.6 
586.41 45.28 1.67 1 97.6 
586.69 44.05 1.62 1 97.6 
587.00 43.18 1.62 1 95.9 
587.27 42.26 1.59 1 95.9 
587.56 41.07 1.54 1 95.9 
587.89 39.44 1.52 1 93.4 
588.12 37.32 1.44 1 93.4 
588.52 34.99 1.35 1 93.4 
588.73 33.37 1.32 1 91.2 
588.96 32.24 1.27 1 91.2 
589.29 31.22 1.23 1 91.2 
589.62 30.40 1.20 1 91.2 
589.89 29.21 1.19 1 88.6 
590.16 28.19 1.15 1 88.6 
590.56 27.31 1.11 1 88.6 
590.80 26.57 1.11 1 86.5 
591.11 25.97 1.08 1 86.5 
591.37 25.50 1.06 1 86.5 
591.68 24.64 1.03 1 86.5 
592.17 23.44 1.00 1 84.6 
592.54 23.17 0.99 1 84.6 
592.74 23.00 0.99 1 83.7 
593.06 21.91 0.94 1 83.7 
593.30 20.48 0.88 1 83.7 
593.54 21.41 0.92 1 83.7 
593.83 22.44 0.96 1 84.4 
594.14 22.94 0.98 1 84.4 
594.34 23.65 1.01 1 84.4 
594.68 23.66 1.01 1 84.4 
594.91 25.36 1.11 1 82.1 
595.23 25.08 1.10 1 82.1 
595.60 25.39 1.11 1 82.1 
595.88 24.66 1.08 1 82.4 
596.17 24.48 1.07 1 82.4 
596.39 24.35 1.06 1 82.4 
596.80 24.55 1.07 1 82.4 
597.07 26.63 1.14 1 83.8 
597.32 25.74 1.11 1 83.8 
597.69 24.77 1.06 1 83.8 
597.92 24.39 1.03 1 85.4 
598.19 24.59 1.04 1 85.4 
598.52 24.22 1.02 1 85.4 
598.83 24.77 1.04 1 86.1 
599.11 24.42 1.02 1 86.1 
599.49 24.35 1.02 1 86.1 
599.77 25.21 1.05 1 86.2 
600.04 25.58 1.07 1 86.2 
600.31 25.87 1.08 1 86.2 
600.59 26.42 1.10 1 86.2 
600.82 26.29 1.11 1 85.0 
601.14 26.75 1.13 1 85.0 
601.42 27.55 1.17 1 85.0 
601.71 27.49 1.16 1 85.0 
601.94 27.79 1.21 1 82.6 
602.26 28.02 1.22 1 82.6 
602.64 28.56 1.24 1 82.6 
602.97 29.89 1.35 1 79.8 
603.27 30.13 1.36 1 79.8 
603.63 29.99 1.35 1 79.8 
603.86 29.54 1.36 1 77.9 
604.13 29.46 1.36 1 77.9 
604.50 29.09 1.34 1 77.9 
604.79 29.43 1.35 1 78.4 
605.10 29.36 1.35 1 78.4 
605.39 30.51 1.40 1 78.4 
605.68 31.97 1.47 1 78.4 
606.01 33.15 1.51 1 79.2 
606.29 33.63 1.53 1 79.2 
606.56 34.05 1.55 1 79.2 
606.85 34.88 1.56 1 80.7 
607.05 35.60 1.59 1 80.7 
607.34 36.74 1.64 1 80.7 
607.66 40.09 1.79 1 80.7 
607.91 41.16 1.81 1 81.9 
608.20 40.96 1.80 1 81.9 
608.47 42.63 1.87 1 81.9 
608.76 43.33 1.87 1 83.3 
609.02 43.89 1.90 1 83.3 
609.23 44.36 1.92 1 83.3 
609.48 44.77 1.93 1 83.3 
609.80 45.12 1.95 1 83.3 
610.02 44.77 1.92 1 83.8 
610.30 45.08 1.94 1 83.8 
610.65 45.35 1.95 1 83.8 
610.86 46.31 1.96 1 84.9 
611.14 46.37 1.97 1 84.9 
611.48 47.13 2.00 1 84.9 
611.73 47.07 1.95 1 87.0 
612.04 46.98 1.94 1 87.0 
612.23 47.66 1.97 1 87.0 
612.55 48.19 1.99 1 87.0 
612.83 50.67 2.09 1 87.4 
613.07 51.66 2.13 1 87.4 
613.37 54.94 2.26 1 87.4 
613.63 55.35 2.28 1 87.4 
613.87 55.68 2.33 1 85.9 
614.17 55.95 2.34 1 85.9 
614.40 60.27 2.52 1 85.9 
614.67 62.24 2.61 1 85.9 
614.87 62.73 2.76 1 81.7 
615.14 64.40 2.84 1 81.7 
615.38 64.60 2.85 1 81.7 
615.73 64.77 2.85 1 81.7 
616.05 66.14 2.83 1 84.3 
616.41 63.74 2.72 1 84.3 
616.68 62.93 2.69 1 84.3 
616.98 62.15 2.68 1 83.6 
617.23 61.45 2.65 1 83.6 
617.51 59.96 2.58 1 83.6 
617.77 60.51 2.58 1 84.5 
618.05 59.12 2.52 1 84.5 
618.26 58.69 2.50 1 84.5 
618.55 58.31 2.48 1 84.5 
618.79 57.97 2.45 1 85.3 
619.02 56.09 2.37 1 85.3 
619.30 57.08 2.41 1 85.3 
619.67 57.92 2.44 1 85.3 
619.89 60.01 2.50 1 86.4 
620.18 61.77 2.57 1 86.4 
620.52 63.29 2.64 1 86.4 
620.81 64.61 2.69 1 86.4 
621.03 69.75 2.91 1 86.4 
621.32 67.47 2.81 1 86.4 
621.58 63.34 2.64 1 86.4 
622.05 59.73 2.45 1 87.9 
622.30 61.49 2.52 1 87.9 
622.66 60.60 2.48 1 87.9 
622.89 59.82 2.43 1 88.6 
623.17 58.28 2.37 1 88.6 
623.50 55.10 2.24 1 88.6 
623.75 59.46 2.42 1 88.4 
623.94 59.85 2.44 1 88.4 
624.24 61.51 2.50 1 88.4 
624.51 61.65 2.51 1 88.4 
624.90 59.93 2.44 1 88.6 
625.14 59.20 2.41 1 88.6 
625.50 65.27 2.65 1 88.6 
625.71 61.99 2.53 1 88.3 
625.95 60.99 2.49 1 88.3 
626.24 61.14 2.49 1 88.3 
626.54 60.22 2.46 1 88.3 
626.78 59.42 2.47 1 86.6 
627.05 59.75 2.48 1 86.6 
627.36 59.00 2.45 1 86.6 
627.67 58.33 2.43 1 86.6 
627.87 58.80 2.52 1 84.1 
628.07 57.32 2.45 1 84.1 
628.50 56.86 2.43 1 84.1 
628.78 57.57 2.50 1 82.9 
629.07 54.97 2.39 1 82.9 
629.47 55.93 2.43 1 82.9 
629.87 53.01 2.28 1 83.6 
630.20 52.21 2.25 1 83.6 
630.57 -1.00 -1.00 1 83.6 
630.90 11.21 0.48 1 84.2 
631.23 -1.00 -1.00 1 84.2 
631.60 -1.00 -1.00 1 84.2 
632.24 -1.00 -1.00 1 83.8 
632.60 -1.00 -1.00 1 83.8 
632.94 -1.00 -1.00 1 83.5 
633.23 23.46 1.01 1 83.5 
633.62 25.77 1.11 1 83.5 
633.86 -1.00 -1.00 0 82.5 
634.21 -1.00 -1.00 0 82.5 
634.62 -1.00 -1.00 0 82.5 
634.86 -1.00 -1.00 0 81.4 
635.22 -1.00 -1.00 0 81.4 
635.59 -1.00 -1.00 0 81.4 
635.88 -1.00 -1.00 0 81.6 
636.26 -1.00 -1.00 0 81.6 
636.70 -1.00 -1.00 1 81.6 
637.07 -1.00 -1.00 1 82.4 
637.40 -1.00 -1.00 1 82.4 
637.85 -1.00 -1.00 1 82.4 
638.15 -1.00 -1.00 1 83.6 
638.49 -1.00 -1.00 1 83.6 
638.87 -1.00 -1.00 1 83.9 
639.14 -1.00 -1.00 1 83.9 
639.49 -1.00 -1.00 1 83.9 
639.86 -1.00 -1.00 1 86.5 
640.16 -1.00 -1.00 1 86.5 
640.57 -1.00 -1.00 1 86.5 
640.88 -1.00 -1.00 1 86.9 
641.16 -1.00 -1.00 1 86.9 
641.50 -1.00 -1.00 1 86.9 
641.74 -1.00 -1.00 1 88.7 
642.21 -1.00 -1.00 1 88.7 
642.53 -1.00 -1.00 1 88.7 
642.79 -1.00 -1.00 1 88.7 
643.01 -1.00 -1.00 1 88.7 
643.27 -1.00 -1.00 1 88.7 
643.57 23.15 0.94 1 88.7 
643.87 -1.00 -1.00 1 88.5 
644.12 23.75 0.97 1 88.5 
644.50 25.14 1.02 1 88.5 
644.77 26.27 1.07 1 88.3 
645.04 27.18 1.11 1 88.3 
645.30 27.60 1.12 1 88.3 
645.67 28.31 1.15 1 88.3 
645.89 28.90 1.16 1 89.4 
646.21 30.19 1.22 1 89.4 
646.53 31.23 1.26 1 89.4 
646.83 33.10 1.29 1 92.0 
647.06 34.11 1.33 1 92.0 
647.28 35.52 1.39 1 92.0 
647.59 37.27 1.46 1 92.0 
647.88 38.74 1.47 1 94.8 
648.13 40.01 1.52 1 94.8 
648.39 42.64 1.62 1 94.8 
648.72 47.20 1.79 1 94.8 
648.99 49.76 1.84 1 97.3 
649.15 51.96 1.92 1 97.3 
649.42 -1.00 -1.00 0 97.3 
649.62 -1.00 -1.00 0 97.3 
649.85 -1.00 -1.00 0 98.5 
650.08 -1.00 -1.00 0 98.5 
650.31 -1.00 -1.00 0 98.5 
650.63 -1.00 -1.00 0 98.5 
650.88 -1.00 -1.00 0 97.9 
651.14 -1.00 -1.00 0 97.9 
651.49 -1.00 -1.00 0 97.9 
652.19 -1.00 -1.00 0 97.9 
652.61 -1.00 -1.00 0 97.9 
652.84 -1.00 -1.00 0 94.0 
653.14 -1.00 -1.00 0 94.0 
653.34 -1.00 -1.00 0 94.0 
653.64 -1.00 -1.00 0 94.0 
653.93 -1.00 -1.00 0 94.0 
654.17 -1.00 -1.00 0 94.0 
654.53 -1.00 -1.00 0 94.0 
654.77 -1.00 -1.00 0 100.9 
655.01 -1.00 -1.00 0 100.9 
655.29 -1.00 -1.00 0 100.9 
655.57 -1.00 -1.00 0 100.9 
655.90 -1.00 -1.00 0 101.6 
656.17 -1.00 -1.00 0 101.6 
656.37 -1.00 -1.00 0 101.6 
656.67 -1.00 -1.00 0 101.6 
656.97 -1.00 -1.00 0 102.2 
657.19 -1.00 -1.00 0 102.2 
657.54 -1.00 -1.00 0 102.2 
657.86 -1.00 -1.00 0 102.3 
658.09 -1.00 -1.00 0 102.3 
658.37 -1.00 -1.00 0 102.3 
658.68 -1.00 -1.00 0 102.3 
659.02 -1.00 -1.00 0 101.9 
659.27 -1.00 -1.00 0 101.9 
659.56 -1.00 -1.00 0 101.9 
659.83 -1.00 -1.00 0 100.5 
660.13 -1.00 -1.00 0 100.5 
660.38 -1.00 -1.00 0 100.5 
660.66 -1.00 -1.00 0 100.5 
660.87 -1.00 -1.00 0 99.3 
661.14 -1.00 -1.00 0 99.3 
661.48 -1.00 -1.00 0 99.3 
661.72 -1.00 -1.00 0 98.2 
662.30 -1.00 -1.00 0 98.2 
662.68 34.93 1.28 1 98.2 
662.91 34.94 1.31 1 96.2 
663.17 35.12 1.31 1 96.2 
663.56 34.71 1.30 1 96.2 
663.85 34.50 1.29 1 96.6 
664.11 34.01 1.27 1 96.6 
664.63 33.10 1.23 1 96.6 
664.87 32.48 1.18 1 98.7 
665.10 31.49 1.15 1 98.7 
665.50 30.80 1.12 1 98.7 
665.90 30.20 1.09 1 99.5 
666.18 32.54 1.18 1 99.5 
666.57 31.74 1.15 1 99.5 
666.82 30.75 1.10 1 100.8 
667.04 30.12 1.08 1 100.8 
667.33 28.57 1.02 1 100.8 
667.73 26.03 0.93 1 100.8 
667.94 25.01 0.89 1 101.7 
668.23 24.58 0.87 1 101.7 
668.56 23.35 0.83 1 101.7 
668.84 22.03 0.78 1 101.2 
669.03 21.22 0.75 1 101.2 
669.29 20.56 0.73 1 101.2 
669.55 19.48 0.69 1 101.2 
669.84 18.19 0.65 1 100.7 
670.11 16.73 0.60 1 100.7 
670.48 14.31 0.51 1 100.7 
670.81 14.34 0.52 1 98.8 
671.10 13.12 0.48 1 98.8 
671.50 12.64 0.46 1 98.8 
671.72 12.66 0.50 1 91.0 
672.30 11.16 0.44 1 91.0 
672.69 10.46 0.41 1 91.0 
672.96 10.56 0.43 1 89.2 
673.26 13.38 0.54 1 89.2 
673.66 12.86 0.52 1 89.2 
673.89 11.89 0.49 1 87.1 
674.15 11.21 0.46 1 87.1 
674.50 12.45 0.51 1 87.1 
674.91 12.13 0.52 1 83.9 
675.16 12.16 0.52 1 83.9 
675.55 12.82 0.55 1 83.9 
675.89 13.30 0.58 1 82.9 
676.26 13.66 0.59 1 82.9 
676.59 14.06 0.61 1 82.9 
676.92 14.51 0.63 1 83.1 
677.27 14.85 0.64 1 83.1 
677.67 14.57 0.63 1 83.1 
678.08 15.73 0.67 1 84.5 
678.52 16.21 0.69 1 84.5 
678.92 21.14 0.89 1 85.6 
679.28 24.37 1.02 1 85.6 
679.71 28.11 1.18 1 85.6 
680.15 26.17 1.08 1 87.2 
680.54 24.74 1.02 1 87.2 
680.90 23.03 0.93 1 89.1 
681.25 21.72 0.88 1 89.1 
681.59 22.97 0.93 2 89.1 
682.24 20.60 0.82 2 90.2 
682.60 19.44 0.78 2 90.2 
682.92 18.01 0.73 2 88.9 
683.20 17.22 0.70 2 88.9 
683.60 16.68 0.68 1 88.9 
683.92 16.33 0.67 1 87.8 
684.20 16.64 0.68 1 87.8 
684.62 16.50 0.68 1 87.8 
684.95 19.31 0.81 1 85.9 
685.31 19.29 0.81 1 85.9 
685.66 19.07 0.80 1 85.9 
685.96 18.30 0.76 1 86.6 
686.37 18.40 0.77 1 86.6 
686.69 18.47 0.77 1 86.6 
687.06 20.10 0.82 1 88.6 
687.38 19.42 0.79 1 88.6 
687.73 19.32 0.79 1 88.6 
688.02 19.01 0.77 1 88.5 
688.39 17.05 0.69 1 88.5 
688.69 17.82 0.73 1 88.5 
688.94 19.07 0.78 1 88.5 
689.31 19.21 0.78 1 88.5 
689.69 18.25 0.74 1 88.5 
689.93 18.72 0.76 1 88.8 
690.13 20.30 0.82 1 88.8 
690.32 20.55 0.83 1 88.8 
690.57 23.65 0.96 1 88.8 
690.77 22.27 0.91 1 88.6 
690.97 22.34 0.91 2 88.6 
691.18 20.81 0.85 2 88.6 
691.46 20.41 0.83 2 88.6 
691.66 20.23 0.82 2 88.3 
691.88 20.89 0.85 2 88.3 
692.19 22.62 0.92 2 88.3 
692.51 23.07 0.94 2 88.3 
692.75 23.21 0.96 2 87.2 
693.01 22.45 0.93 2 87.2 
693.24 21.25 0.88 2 87.2 
693.54 21.06 0.87 2 87.2 
693.79 20.31 0.85 2 86.3 
