15.33 -1 40.505779 -3.356555 0.80 1.50
117.56 1 40.495617 -3.384054 0.33 1.50
153.81 -1 40.489578 -3.393112 0.46 1.50
169.49 1 40.486866 -3.396664 0.33 1.50
204.01 -1 40.479977 -3.403701 0.34 1.50
243.91 1 40.474174 -3.413300 0.36 1.50
325.59 -1 40.468102 -3.439373 0.24 1.50
332.17 1 40.467686 -3.441876 0.29 1.50
400.43 1 40.467194 -3.465802 0.48 1.50
412.39 1 40.467190 -3.469420 0.50 1.50
524.95 -1 40.465542 -3.478993 1.24 1.50
545.97 -1 40.466686 -3.472772 0.43 1.50
548.68 -1 40.466816 -3.471812 0.61 1.50
631.87 1 40.467342 -3.443446 1.15 1.50
677.69 -1 40.470364 -3.426790 0.39 1.50
687.10 1 40.471394 -3.423305 0.56 1.50
709.64 -1 40.473427 -3.415558 0.07 1.50
725.43 1 40.475288 -3.410151 0.67 1.50
787.34 -1 40.488659 -3.393981 0.50 1.50
796.52 1 40.490616 -3.391339 0.64 1.50
838.16 -1 40.498394 -3.378343 0.70 1.50
845.85 1 40.499710 -3.375752 0.58 1.50
864.71 1 40.502674 -3.369499 0.40 1.50
871.35 1 40.503525 -3.367658 0.60 1.50
902.17 1 40.505650 -3.359257 0.43 1.50
906.94 1 40.505581 -3.357779 0.48 1.50
