49.78 2 1 40.504761 -3.365841 20151221120141 
100.06 2 1 40.498173 -3.379280 20151221120231 
116.08 2 1 40.495770 -3.383774 20151221120247 
138.95 3 1 40.491962 -3.389899 20151221120310 
140.23 2 1 40.491798 -3.390128 20151221120311 
151.99 3 1 40.489895 -3.392703 20151221120323 
152.58 2 1 40.489895 -3.392703 20151221120324 
164.69 2 1 40.487610 -3.395728 20151221120336 
171.57 1 1 40.486496 -3.397145 20151221120343 
181.19 1 1 40.484505 -3.399287 20151221120352 
184.03 3 1 40.483879 -3.399905 20151221120355 
192.26 2 1 40.482273 -3.401470 20151221120403 
196.42 1 1 40.481468 -3.402246 20151221120407 
202.23 2 1 40.480350 -3.403330 20151221120413 
206.79 1 1 40.479412 -3.404242 20151221120418 
212.94 1 1 40.478352 -3.405477 20151221120424 
216.41 2 1 40.477848 -3.406115 20151221120427 
227.56 2 1 40.476204 -3.408639 20151221120439 
235.81 3 1 40.475098 -3.410923 20151221120447 
237.17 2 1 40.474983 -3.411178 20151221120448 
246.02 1 1 40.473969 -3.413996 20151221120457 
248.72 3 1 40.473690 -3.414970 20151221120500 
258.33 2 1 40.472958 -3.417902 20151221120509 
272.41 3 1 40.471745 -3.422685 20151221120523 
282.63 1 1 40.470661 -3.426367 20151221120534 
299.99 2 1 40.469387 -3.431543 20151221120551 
310.13 3 1 40.468925 -3.434586 20151221120601 
310.65 2 1 40.468876 -3.434882 20151221120602 
319.07 1 1 40.468433 -3.437492 20151221120610 
325.20 2 1 40.468102 -3.439373 20151221120616 
325.49 3 1 40.468102 -3.439373 20151221120616 
333.51 1 1 40.467648 -3.442275 20151221120624 
336.40 3 1 40.467541 -3.443412 20151221120627 
337.07 2 1 40.467514 -3.443764 20151221120628 
341.44 1 1 40.467384 -3.445178 20151221120632 
349.29 1 1 40.467159 -3.447913 20151221120640 
384.86 3 1 40.466976 -3.460500 20151221120716 
398.74 2 1 40.467182 -3.465454 20151221120730 
406.04 3 1 40.467232 -3.467670 20151221120737 
413.19 2 1 40.467186 -3.469722 20151221120744 
419.55 1 1 40.467049 -3.471700 20151221120751 
422.97 3 1 40.466911 -3.472962 20151221120754 
435.13 2 1 40.466309 -3.476708 20151221120806 
436.09 1 1 40.466244 -3.477048 20151221120807 
442.40 3 1 40.465874 -3.478919 20151221120813 
457.91 1 1 40.466557 -3.483049 20151221120829 
458.39 2 1 40.466557 -3.483049 20151221120829 
460.87 3 1 40.466721 -3.483798 20151221120832 
466.33 1 1 40.466579 -3.485101 20151221120837 
476.72 1 1 40.465271 -3.487258 20151221120848 
478.18 2 1 40.465145 -3.487448 20151221120849 
482.71 1 1 40.464394 -3.487951 20151221120854 
508.55 2 1 40.464420 -3.483479 20151221120920 
510.87 1 1 40.464622 -3.482606 20151221120922 
518.07 3 1 40.465042 -3.480842 20151221120929 
543.43 3 1 40.466553 -3.473669 20151221120954 
544.69 2 1 40.466644 -3.473080 20151221120956 
567.10 1 1 40.466999 -3.465793 20151221121018 
572.23 3 1 40.466949 -3.464182 20151221121023 
582.29 1 1 40.466805 -3.460889 20151221121033 
594.39 1 1 40.466618 -3.456911 20151221121045 
598.75 2 2 40.466579 -3.455309 20151221121050 
614.36 2 1 40.466770 -3.450389 20151221121105 
627.05 3 1 40.467209 -3.445342 20151221121118 
633.27 2 1 40.467365 -3.443077 20151221121124 
678.26 2 1 40.470364 -3.426790 20151221121209 
687.11 1 1 40.471394 -3.423305 20151221121218 
690.61 3 1 40.471764 -3.421882 20151221121222 
699.80 1 1 40.472595 -3.418701 20151221121231 
703.71 3 1 40.472935 -3.417418 20151221121235 
708.96 2 1 40.473339 -3.415869 20151221121240 
734.26 1 1 40.476891 -3.407192 20151221121305 
837.53 1 1 40.498215 -3.378675 20151221121449 
865.83 2 1 40.502811 -3.369168 20151221121517 
867.36 1 1 40.502953 -3.368842 20151221121518 
875.85 2 1 40.504181 -3.366208 20151221121527 
882.14 3 1 40.504845 -3.364643 20151221121533 
906.48 2 1 40.505600 -3.358074 20151221121557 
909.19 1 1 40.505505 -3.357202 20151221121600 
921.19 2 1 40.505150 -3.354396 20151221121612 
