11.81 120.0 1 motorway 3 -1 40.505707 -3.355476 1.755 65.5 
13.18 120.0 1 motorway 3 -1 40.505737 -3.355892 1.124 67.0 
15.02 120.0 1 motorway 4 0 40.505764 -3.356331 0.965 70.7 
15.91 120.0 1 motorway 4 1 40.505779 -3.356555 0.857 72.0 
20.88 120.0 1 motorway 4 1 40.505802 -3.356780 4.823 78.8 
22.15 120.0 1 motorway 4 1 40.505905 -3.358001 1.095 79.7 
24.07 120.0 1 motorway 3 1 40.505951 -3.358522 1.013 81.6 
26.04 120.0 1 motorway 3 1 40.505981 -3.359067 0.988 80.8 
27.18 120.0 1 motorway 3 1 40.505985 -3.359329 1.123 82.4 
29.35 120.0 1 motorway 3 1 40.505989 -3.359872 1.302 83.4 
31.39 120.0 1 motorway 3 1 40.505978 -3.360418 1.336 84.0 
33.45 120.0 1 motorway 3 1 40.505955 -3.360976 1.398 84.1 
35.49 120.0 1 motorway 3 1 40.505898 -3.361522 1.437 84.5 
37.71 120.0 1 motorway 3 1 40.505825 -3.362071 1.662 85.7 
40.09 120.0 1 motorway 3 1 40.505737 -3.362628 2.039 86.6 
42.34 120.0 1 motorway 3 1 40.505569 -3.363446 1.289 88.1 
43.97 120.0 1 motorway 3 1 40.505428 -3.363997 0.914 89.0 
46.43 120.0 1 motorway 3 1 40.505356 -3.364260 2.381 89.1 
48.58 120.0 1 motorway 3 1 40.505081 -3.365060 1.522 88.9 
50.01 120.0 1 motorway 3 1 40.504871 -3.365585 0.959 90.3 
52.05 120.0 1 motorway 3 1 40.504761 -3.365842 2.000 91.3 
54.51 120.0 1 motorway 3 1 40.504398 -3.366614 1.455 92.2 
56.87 120.0 1 motorway 3 1 40.504150 -3.367126 1.818 93.2 
57.89 120.0 1 motorway 3 1 40.503902 -3.367634 0.834 93.8 
59.64 120.0 1 motorway 3 1 40.503777 -3.367900 1.589 92.6 
61.37 120.0 1 motorway 3 1 40.503513 -3.368414 1.321 95.5 
63.14 120.0 1 motorway 3 1 40.503269 -3.368943 1.086 97.2 
65.10 120.0 1 motorway 3 1 40.503006 -3.369491 1.050 97.7 
66.90 120.0 1 motorway 3 1 40.502739 -3.370029 0.847 98.5 
68.75 120.0 1 motorway 3 1 40.502613 -3.370300 1.699 98.5 
69.87 120.0 1 motorway 3 1 40.502357 -3.370842 0.818 98.3 
70.94 120.0 1 motorway 3 1 40.502224 -3.371106 0.891 98.0 
72.57 120.0 1 motorway 3 1 40.502087 -3.371370 1.519 97.9 
74.59 120.0 1 motorway 3 1 40.501823 -3.371907 1.532 97.3 
76.15 120.0 1 motorway 3 1 40.501556 -3.372445 1.094 97.1 
77.88 120.0 1 motorway 3 1 40.501289 -3.372988 0.825 96.8 
78.91 120.0 1 motorway 3 1 40.501160 -3.373253 0.858 97.4 
80.25 120.0 1 motorway 3 1 40.501022 -3.373524 1.192 98.0 
82.27 120.0 1 motorway 3 1 40.500755 -3.374073 1.218 99.1 
84.22 120.0 1 motorway 3 1 40.500488 -3.374610 1.162 99.2 
86.76 120.0 1 motorway 3 1 40.500217 -3.375138 1.711 98.3 
88.31 120.0 1 motorway 3 1 40.499935 -3.375694 1.261 98.4 
90.14 120.0 1 motorway 3 1 40.499660 -3.376230 1.091 99.7 
92.30 120.0 1 motorway 3 1 40.499397 -3.376772 1.243 100.7 
94.28 120.0 1 motorway 3 1 40.499126 -3.377339 1.226 101.1 
96.80 120.0 1 motorway 3 1 40.498844 -3.377890 1.746 102.0 
98.85 120.0 1 motorway 3 1 40.498577 -3.378446 1.795 102.8 
100.03 120.0 1 motorway 3 1 40.498306 -3.378992 0.967 102.2 
100.80 70.0 1 motorway_link 2 1 40.498173 -3.379280 0.742 102.7 
108.68 70.0 1 motorway_link 2 1 40.498020 -3.379563 7.627 105.2 
110.42 120.0 1 motorway 3 1 40.496822 -3.381815 1.366 105.1 
112.16 120.0 1 motorway 3 1 40.496525 -3.382380 1.110 104.2 
114.21 120.0 1 motorway 3 1 40.496227 -3.382935 1.158 104.6 
117.80 120.0 1 motorway 3 1 40.495926 -3.383502 2.745 105.7 
119.64 120.0 1 motorway 3 1 40.495476 -3.384350 1.587 105.9 
121.67 120.0 1 motorway 3 1 40.495159 -3.384931 1.617 105.8 
123.44 120.0 1 motorway 3 1 40.494831 -3.385474 1.388 107.6 
124.86 120.0 1 motorway 3 1 40.494507 -3.386029 0.804 105.4 
126.19 120.0 1 motorway 3 1 40.494343 -3.386299 1.137 106.0 
128.65 120.0 1 motorway 3 1 40.494007 -3.386819 1.595 105.8 
131.62 120.0 1 motorway 3 1 40.493675 -3.387337 2.568 107.0 
133.05 120.0 1 motorway 3 1 40.493172 -3.388126 0.997 107.2 
134.18 120.0 1 motorway 3 1 40.492996 -3.388382 1.121 107.2 
136.22 120.0 1 motorway 3 1 40.492645 -3.388918 1.170 104.8 
137.86 120.0 1 motorway 3 1 40.492294 -3.389420 0.810 98.1 
139.01 120.0 1 motorway 3 1 40.492119 -3.389666 0.957 94.5 
140.25 120.0 1 motorway 3 1 40.491962 -3.389899 1.201 94.7 
142.37 120.0 1 motorway 3 1 40.491634 -3.390347 1.317 95.1 
144.42 120.0 1 motorway 3 1 40.491299 -3.390789 1.367 92.7 
146.57 120.0 1 motorway 3 1 40.490978 -3.391244 1.517 88.7 
148.54 120.0 1 motorway 3 1 40.490665 -3.391668 1.488 88.2 
150.26 120.0 1 motorway 3 1 40.490353 -3.392076 1.204 88.4 
151.91 120.0 1 motorway 3 1 40.490044 -3.392496 0.855 85.8 
153.43 120.0 1 motorway 3 1 40.489895 -3.392703 1.375 88.1 
155.27 120.0 1 motorway 3 2 40.489578 -3.393112 1.221 94.9 
159.06 120.0 1 motorway 3 2 40.489231 -3.393539 3.008 101.7 
160.90 120.0 1 motorway 3 2 40.488533 -3.394475 0.843 103.6 
162.23 120.0 1 motorway 3 2 40.488354 -3.394722 1.165 104.7 
165.13 120.0 1 motorway 3 2 40.487980 -3.395224 2.073 104.6 
168.79 120.0 1 motorway 3 2 40.487423 -3.395967 2.729 104.7 
170.64 120.0 1 motorway 3 1 40.486866 -3.396665 1.586 105.1 
172.30 120.0 1 motorway 3 1 40.486496 -3.397145 1.251 103.2 
174.02 120.0 1 motorway 3 1 40.486111 -3.397597 0.970 100.8 
175.53 120.0 1 motorway 3 1 40.485920 -3.397805 1.478 100.7 
177.13 120.0 1 motorway 3 1 40.485531 -3.398236 1.077 102.2 
179.91 120.0 1 motorway 3 1 40.485134 -3.398651 1.860 106.1 
181.11 120.0 1 motorway 3 1 40.484715 -3.399078 1.059 107.1 
183.12 120.0 1 motorway 3 1 40.484295 -3.399492 1.069 104.5 
185.27 120.0 1 motorway 3 1 40.483879 -3.399905 1.219 100.0 
187.12 120.0 1 motorway 3 1 40.483486 -3.400299 1.063 103.1 
189.04 120.0 1 motorway 3 1 40.483070 -3.400698 0.991 102.1 
189.89 120.0 1 motorway 3 1 40.482864 -3.400900 0.836 98.4 
191.42 120.0 1 motorway 3 1 40.482662 -3.401098 1.364 96.7 
193.57 120.0 1 motorway 3 1 40.482273 -3.401471 1.518 98.0 
195.11 120.0 1 motorway 3 1 40.481869 -3.401860 1.057 100.4 
197.36 120.0 1 motorway 3 1 40.481468 -3.402246 1.304 98.4 
199.11 120.0 1 motorway 3 1 40.481083 -3.402619 1.055 91.6 
201.45 120.0 1 motorway 3 1 40.480728 -3.402981 1.395 90.7 
203.15 120.0 1 motorway 3 1 40.480350 -3.403330 1.100 93.1 
204.73 120.0 1 motorway 3 2 40.479977 -3.403702 0.678 95.3 
206.37 120.0 1 motorway 3 2 40.479790 -3.403877 1.315 95.0 
208.35 120.0 1 motorway 3 2 40.479412 -3.404242 1.296 92.8 
210.40 120.0 1 motorway 3 2 40.479065 -3.404627 1.344 94.4 
212.11 120.0 1 motorway 3 2 40.478706 -3.405043 1.052 95.7 
214.37 120.0 1 motorway 3 2 40.478352 -3.405477 1.311 92.0 
216.20 120.0 1 motorway 3 2 40.478020 -3.405896 1.146 93.8 
218.04 120.0 1 motorway 3 2 40.477684 -3.406339 0.987 93.5 
219.37 120.0 1 motorway 3 2 40.477520 -3.406564 1.320 92.1 
221.11 120.0 1 motorway 3 2 40.477211 -3.407011 1.061 91.2 
223.49 120.0 1 motorway 3 2 40.476910 -3.407456 1.426 91.0 
225.52 120.0 1 motorway 3 2 40.476620 -3.407921 1.465 91.0 
226.76 120.0 1 motorway 3 2 40.476345 -3.408396 0.703 92.7 
228.82 120.0 1 motorway 3 2 40.476204 -3.408639 1.764 91.2 
230.87 120.0 1 motorway 3 2 40.475952 -3.409137 1.820 91.5 
232.02 120.0 1 motorway 3 2 40.475704 -3.409640 0.967 91.9 
233.22 120.0 1 motorway 3 2 40.475574 -3.409902 1.165 91.2 
234.95 120.0 1 motorway 3 2 40.475327 -3.410419 0.896 88.5 
236.27 120.0 1 motorway 3 2 40.475212 -3.410666 1.212 89.1 
238.74 120.0 1 motorway 3 2 40.474983 -3.411178 1.682 98.5 
240.28 120.0 1 motorway 3 2 40.474747 -3.411710 1.225 101.9 
242.62 120.0 1 motorway 3 2 40.474510 -3.412316 1.566 109.9 
244.71 120.0 1 motorway 3 1 40.474281 -3.412971 1.659 114.4 
246.11 120.0 1 motorway 3 1 40.474075 -3.413648 1.056 114.1 
248.25 120.0 1 motorway 3 1 40.473866 -3.414334 1.199 104.8 
249.91 120.0 1 motorway 3 1 40.473690 -3.414970 0.859 104.8 
251.59 120.0 1 motorway 3 1 40.473602 -3.415296 1.535 104.9 
253.68 120.0 1 motorway 3 1 40.473461 -3.415952 1.626 104.5 
256.25 120.0 1 motorway 3 1 40.473301 -3.416598 2.196 105.5 
258.75 120.0 1 motorway 3 1 40.473042 -3.417580 1.696 107.2 
260.46 120.0 1 motorway 3 1 40.472874 -3.418252 1.402 107.7 
262.75 120.0 1 motorway 3 1 40.472717 -3.418923 1.694 111.5 
264.74 120.0 1 motorway 3 1 40.472546 -3.419608 1.683 112.6 
266.39 120.0 1 motorway 3 1 40.472378 -3.420305 1.326 112.9 
269.13 120.0 1 motorway 3 1 40.472206 -3.421003 2.073 107.8 
279.55 120.0 1 motorway 3 1 40.471931 -3.422017 9.494 108.8 
281.17 120.0 1 motorway 3 1 40.470966 -3.425362 1.109 111.0 
282.90 120.0 1 motorway 3 1 40.470764 -3.426039 0.845 109.3 
293.00 120.0 1 motorway 3 1 40.470661 -3.426368 9.948 95.8 
294.56 120.0 1 motorway 3 1 40.469826 -3.429371 1.506 96.4 
296.72 120.0 1 motorway 3 1 40.469692 -3.429973 1.671 99.2 
298.24 120.0 1 motorway 3 1 40.469559 -3.430595 1.176 99.4 
299.93 120.0 1 motorway 3 1 40.469440 -3.431227 0.878 97.6 
301.11 120.0 1 motorway 3 1 40.469387 -3.431544 1.057 94.0 
303.75 120.0 1 motorway 3 1 40.469292 -3.432149 1.701 95.8 
305.29 120.0 1 motorway 3 1 40.469193 -3.432757 1.235 96.6 
307.44 120.0 1 motorway 3 1 40.469105 -3.433368 1.390 95.5 
308.98 120.0 1 motorway 3 1 40.469013 -3.433989 0.923 91.6 
310.00 120.0 1 motorway 3 1 40.468967 -3.434289 0.949 91.3 
310.82 120.0 1 motorway 3 1 40.468925 -3.434587 0.771 92.3 
312.05 120.0 1 motorway 3 1 40.468876 -3.434882 0.996 95.1 
313.38 120.0 1 motorway 3 1 40.468811 -3.435193 1.325 98.7 
314.81 120.0 1 motorway 3 1 40.468708 -3.435841 0.761 101.0 
316.16 120.0 1 motorway 3 1 40.468662 -3.436165 1.107 102.8 
318.10 120.0 1 motorway 3 1 40.468544 -3.436834 1.040 104.1 
319.96 120.0 1 motorway 3 1 40.468433 -3.437492 0.898 99.3 
320.99 120.0 1 motorway 3 1 40.468380 -3.437813 0.930 98.7 
322.83 120.0 1 motorway 3 1 40.468330 -3.438128 1.762 97.6 
324.34 120.0 1 motorway 3 1 40.468212 -3.438744 1.284 99.5 
326.28 120.0 1 motorway 3 2 40.468102 -3.439373 1.222 101.0 
329.40 120.0 1 motorway 3 2 40.467972 -3.440024 2.341 113.2 
332.58 120.0 1 motorway 3 1 40.467785 -3.441108 2.529 120.1 
334.88 120.0 1 motorway 3 1 40.467648 -3.442275 1.830 115.7 
337.04 120.0 1 motorway 3 1 40.467579 -3.443047 1.982 106.5 
348.34 120.0 1 motorway 3 1 40.467514 -3.443765 11.291 107.2 
350.08 120.0 1 motorway 3 1 40.467159 -3.447913 1.022 102.3 
352.91 120.0 1 motorway 3 1 40.467102 -3.448592 1.855 101.6 
360.90 120.0 2 motorway 3 1 40.467052 -3.449251 7.842 105.0 
363.66 120.0 1 motorway 3 1 40.466877 -3.451945 2.611 107.0 
366.31 120.0 1 motorway 3 1 40.466824 -3.452977 2.259 109.0 
369.80 120.0 1 motorway 3 1 40.466793 -3.454049 2.750 110.7 
371.92 120.0 1 motorway 3 1 40.466785 -3.455124 1.871 111.2 
373.13 120.0 1 motorway 3 1 40.466805 -3.455845 1.077 109.9 
374.94 120.0 1 motorway 3 1 40.466816 -3.456564 0.883 108.9 
376.24 120.0 1 motorway 3 1 40.466824 -3.456911 1.191 108.8 
378.21 120.0 1 motorway 3 1 40.466843 -3.457636 1.159 109.0 
380.47 120.0 1 motorway 3 1 40.466869 -3.458342 1.420 109.2 
382.34 120.0 1 motorway 3 1 40.466904 -3.459069 1.290 110.7 
384.06 120.0 1 motorway 3 1 40.466942 -3.459796 1.008 107.9 
386.23 120.0 1 motorway 3 1 40.466976 -3.460500 1.184 106.5 
388.66 120.0 1 motorway 3 1 40.467010 -3.461192 1.604 109.2 
390.49 120.0 1 motorway 3 1 40.467045 -3.461901 1.439 109.3 
392.01 120.0 1 motorway 3 1 40.467083 -3.462618 0.952 109.6 
393.14 120.0 1 motorway 3 1 40.467102 -3.462975 1.095 109.3 
395.85 120.0 1 motorway 3 1 40.467129 -3.463684 1.803 108.9 
397.46 120.0 1 motorway 3 1 40.467155 -3.464397 1.412 108.6 
399.79 120.0 1 motorway 3 1 40.467175 -3.465106 1.742 106.0 
401.75 120.0 1 motorway 3 1 40.467194 -3.465802 1.696 99.6 
403.80 120.0 1 motorway 3 1 40.467224 -3.466465 1.747 92.4 
405.95 120.0 1 motorway 3 1 40.467232 -3.467092 1.888 88.1 
407.76 120.0 1 motorway 3 1 40.467232 -3.467670 1.715 88.2 
411.09 120.0 1 motorway 3 1 40.467213 -3.468257 3.042 89.7 
414.14 120.0 1 motorway 3 1 40.467190 -3.469420 2.083 95.9 
416.11 120.0 1 motorway 3 1 40.467152 -3.470357 1.060 99.5 
418.88 120.0 1 motorway 3 1 40.467106 -3.471023 1.826 103.6 
419.98 120.0 1 motorway 3 1 40.467049 -3.471700 0.930 101.0 
421.72 120.0 1 motorway 3 1 40.467014 -3.472020 1.666 94.7 
423.55 120.0 1 motorway 3 1 40.466949 -3.472663 1.502 92.3 
425.25 120.0 1 motorway 3 1 40.466873 -3.473253 1.200 93.5 
427.43 -1.0 0 track 1 1 40.466801 -3.473838 1.377 95.2 
428.94 120.0 1 motorway 3 1 40.466709 -3.474465 0.875 98.3 
429.85 120.0 1 motorway 3 1 40.466660 -3.474771 0.799 99.2 
430.93 120.0 1 motorway 3 1 40.466610 -3.475061 0.881 100.8 
431.96 120.0 1 motorway 3 1 40.466553 -3.475397 0.910 102.6 
433.18 120.0 1 motorway 3 1 40.466496 -3.475716 1.136 104.4 
435.24 80.0 1 primary_link 1 1 40.466373 -3.476385 1.191 105.6 
455.39 80.0 1 primary_link 1 1 40.466244 -3.477049 19.340 84.7 
458.78 70.0 1 primary_link 1 1 40.466381 -3.482543 2.726 83.9 
460.01 70.0 1 primary_link 1 1 40.466640 -3.483300 0.963 80.5 
461.59 70.0 1 primary_link 1 1 40.466686 -3.483546 1.539 79.3 
463.94 70.0 1 primary_link 1 1 40.466732 -3.484055 1.886 82.4 
465.65 70.0 1 primary_link 1 1 40.466698 -3.484597 1.595 81.9 
466.98 70.0 1 primary_link 1 1 40.466579 -3.485101 0.929 79.8 
468.07 70.0 1 primary_link 1 1 40.466484 -3.485331 1.020 77.0 
470.46 70.0 1 primary_link 1 1 40.466248 -3.485721 1.412 75.0 
471.91 90.0 3 motorway_link 1 1 40.466003 -3.486099 0.862 74.4 
473.22 90.0 3 motorway_link 1 1 40.465893 -3.486283 1.171 75.4 
475.89 90.0 3 motorway_link 1 1 40.465649 -3.486664 1.825 81.8 
477.22 90.0 3 motorway_link 1 1 40.465397 -3.487056 1.173 80.2 
479.43 90.0 3 motorway_link 1 1 40.465145 -3.487448 1.381 72.3 
481.34 50.0 1 primary 1 1 40.464870 -3.487754 1.288 67.3 
483.57 50.0 1 primary 1 1 40.464558 -3.487923 1.517 63.4 
485.33 50.0 1 primary 1 1 40.464233 -3.487937 1.283 57.3 
487.69 50.0 1 primary 1 1 40.463963 -3.487790 1.627 50.7 
489.40 50.0 1 primary 1 1 40.463768 -3.487569 1.352 51.0 
491.38 50.0 1 primary 1 1 40.463634 -3.487280 1.327 50.4 
493.02 50.0 1 primary 1 1 40.463566 -3.486972 0.973 50.8 
493.86 50.0 1 primary 1 1 40.463554 -3.486801 0.802 52.0 
495.73 50.0 1 primary 1 1 40.463585 -3.486639 1.678 57.4 
497.31 100.0 3 primary 1 1 40.463669 -3.486307 1.254 59.4 
499.28 90.0 1 motorway_link 1 1 40.463810 -3.485953 1.228 66.3 
501.41 90.0 1 motorway_link 1 1 40.463936 -3.485547 1.361 73.0 
503.12 90.0 1 motorway_link 1 1 40.464054 -3.485103 1.075 80.3 
505.20 90.0 1 motorway_link 1 1 40.464172 -3.484611 1.143 83.1 
506.92 90.0 1 motorway_link 1 1 40.464302 -3.484065 0.861 89.8 
508.25 90.0 1 motorway_link 1 1 40.464355 -3.483774 1.201 91.4 
511.52 90.0 1 motorway_link 1 1 40.464489 -3.483191 2.472 91.6 
513.88 90.0 1 motorway_link 1 1 40.464684 -3.482336 1.831 80.5 
516.02 90.0 1 motorway_link 1 1 40.464798 -3.481836 1.975 77.8 
517.16 90.0 1 motorway_link 1 1 40.464916 -3.481336 1.106 79.2 
520.46 90.0 1 motorway_link 1 1 40.465042 -3.480842 2.412 82.6 
522.31 90.0 1 motorway_link 1 1 40.465260 -3.480082 1.261 85.9 
526.26 90.0 1 motorway_link 1 1 40.465412 -3.479574 3.214 91.8 
528.93 90.0 1 motorway_link 1 1 40.465683 -3.478428 1.879 87.2 
533.64 90.0 1 motorway_link 1 1 40.465809 -3.477863 4.590 93.5 
535.89 120.0 1 motorway 4 1 40.466095 -3.476410 1.841 97.0 
541.60 120.0 1 motorway 4 1 40.466206 -3.475798 5.549 90.2 
551.07 120.0 1 motorway 4 3 40.466503 -3.473963 9.018 101.5 
553.40 120.0 1 motorway 4 3 40.466904 -3.470796 1.353 102.7 
555.45 120.0 1 motorway 4 3 40.466942 -3.470119 1.403 101.3 
557.10 120.0 1 motorway 3 3 40.466976 -3.469468 1.051 98.1 
559.24 120.0 1 motorway 3 3 40.467007 -3.468847 1.192 98.3 
560.88 120.0 1 motorway 3 3 40.467022 -3.468212 0.826 102.2 
562.35 120.0 1 motorway 3 3 40.467026 -3.467864 1.296 104.5 
564.23 120.0 1 motorway 3 3 40.467026 -3.467182 1.179 104.1 
566.75 120.0 1 motorway 3 2 40.467014 -3.466490 1.703 107.3 
567.95 120.0 1 motorway 3 2 40.466999 -3.465793 0.880 103.8 
568.98 120.0 1 motorway 3 2 40.466999 -3.465461 0.924 100.4 
571.63 120.0 1 motorway 3 2 40.466988 -3.465127 2.584 93.7 
573.07 120.0 1 motorway 3 2 40.466949 -3.464182 1.017 93.0 
575.36 120.0 1 motorway 3 2 40.466923 -3.463582 1.303 97.7 
577.22 120.0 1 motorway 3 2 40.466892 -3.462948 1.167 101.4 
579.87 120.0 1 motorway 3 2 40.466866 -3.462269 1.823 104.4 
581.41 120.0 1 motorway 3 2 40.466839 -3.461586 1.355 105.5 
583.72 120.0 1 motorway 3 2 40.466805 -3.460889 1.674 100.9 
585.56 120.0 1 motorway 3 2 40.466766 -3.460181 1.510 97.1 
588.20 120.0 1 motorway 3 2 40.466728 -3.459523 2.148 97.3 
591.19 120.0 1 motorway 3 2 40.466682 -3.458559 2.130 102.9 
598.36 120.0 1 motorway 3 2 40.466648 -3.457561 6.312 95.9 
600.65 120.0 1 motorway 3 2 40.466579 -3.455308 1.601 96.4 
608.80 120.0 1 motorway 3 2 40.466576 -3.454686 7.751 103.0 
622.22 120.0 1 motorway 3 2 40.466652 -3.452043 13.166 123.7 
627.30 120.0 1 motorway 3 2 40.467075 -3.446912 4.234 117.9 
629.27 120.0 1 motorway 3 2 40.467239 -3.444951 1.216 118.0 
632.06 120.0 1 motorway 3 1 40.467293 -3.444192 2.001 112.4 
634.45 120.0 1 motorway 3 1 40.467365 -3.443076 1.398 111.7 
638.77 120.0 1 motorway 3 1 40.467449 -3.442364 3.720 116.6 
641.47 120.0 1 motorway 3 1 40.467648 -3.440910 2.425 117.8 
647.63 120.0 1 motorway 3 1 40.467831 -3.439860 5.577 112.4 
649.05 120.0 1 motorway 3 1 40.468235 -3.437637 0.994 112.5 
650.43 120.0 1 motorway 3 1 40.468296 -3.437273 1.375 113.1 
651.90 120.0 1 motorway 3 1 40.468430 -3.436554 0.846 111.7 
653.53 120.0 1 motorway 3 1 40.468483 -3.436194 1.471 112.5 
656.88 120.0 1 motorway 3 1 40.468601 -3.435462 2.832 112.7 
658.21 120.0 1 motorway 3 1 40.468769 -3.434365 1.159 112.8 
660.42 120.0 1 motorway 3 1 40.468880 -3.433634 1.374 113.0 
662.36 120.0 1 motorway 3 1 40.468990 -3.432900 1.307 115.1 
664.69 120.0 1 motorway 3 1 40.469109 -3.432153 1.631 116.4 
666.28 120.0 1 motorway 3 1 40.469223 -3.431397 1.235 114.0 
668.09 120.0 1 motorway 3 1 40.469364 -3.430692 1.044 110.6 
669.83 120.0 1 motorway 3 1 40.469517 -3.430004 0.772 113.1 
671.13 120.0 1 motorway 3 1 40.469601 -3.429660 1.074 115.2 
673.30 120.0 1 motorway 3 1 40.469776 -3.428933 1.249 113.9 
674.95 120.0 1 motorway 3 1 40.469959 -3.428226 0.903 112.2 
676.91 120.0 1 motorway 3 1 40.470055 -3.427874 1.857 117.1 
679.15 120.0 1 motorway 3 2 40.470249 -3.427158 2.101 122.4 
681.12 120.0 1 motorway 3 2 40.470604 -3.426035 1.071 125.3 
683.54 120.0 1 motorway 3 2 40.470833 -3.425262 1.490 126.3 
685.52 120.0 1 motorway 3 2 40.471062 -3.424483 1.470 127.3 
688.70 120.0 1 motorway 3 1 40.471291 -3.423697 2.648 115.9 
690.78 120.0 1 motorway 3 1 40.471577 -3.422571 1.726 110.7 
698.20 120.0 1 motorway 3 1 40.471764 -3.421882 7.148 116.2 
704.34 120.0 1 motorway 3 1 40.472504 -3.419057 5.291 97.6 
706.71 120.0 1 motorway 3 1 40.473019 -3.417125 1.664 98.9 
708.14 120.0 1 motorway 3 1 40.473171 -3.416509 1.084 102.0 
711.61 120.0 1 motorway 3 2 40.473339 -3.415869 2.565 111.6 
720.16 120.0 1 motorway 3 2 40.473614 -3.414865 8.113 121.8 
722.82 120.0 1 motorway 3 2 40.474689 -3.411552 1.767 122.3 
728.30 120.0 1 motorway 3 1 40.474983 -3.410846 5.254 122.4 
733.95 120.0 1 motorway 3 1 40.475960 -3.408791 4.897 121.9 
737.21 120.0 1 motorway 3 1 40.476891 -3.407192 3.163 119.2 
740.19 120.0 1 motorway 3 1 40.477692 -3.406015 2.129 119.3 
746.94 120.0 1 motorway 3 1 40.478333 -3.405180 5.888 119.3 
750.23 120.0 1 motorway 3 1 40.479710 -3.403665 3.183 119.6 
751.97 120.0 1 motorway 3 1 40.480675 -3.402723 0.919 119.9 
753.27 120.0 1 motorway 3 1 40.480911 -3.402494 1.224 119.2 
755.04 120.0 1 motorway 3 1 40.481392 -3.402026 0.978 118.5 
771.32 -1.0 -1 - -1 -1 40.481621 -3.401799 16.269 112.9 
775.37 120.0 1 motorway 3 1 40.485554 -3.397942 3.318 113.7 
782.37 120.0 2 motorway 3 1 40.486401 -3.397003 6.320 115.1 
788.82 120.0 1 motorway 3 2 40.487835 -3.395110 5.772 123.5 
790.78 120.0 1 motorway 3 2 40.489090 -3.393410 1.727 125.2 
796.42 120.0 1 motorway 3 2 40.489529 -3.392812 5.366 126.8 
798.87 120.0 1 motorway 3 1 40.490837 -3.391034 1.822 121.6 
800.31 120.0 1 motorway 3 1 40.491257 -3.390438 1.260 118.9 
802.15 120.0 1 motorway 3 1 40.491673 -3.389878 1.101 117.3 
804.29 120.0 1 motorway 3 1 40.492092 -3.389321 1.237 116.0 
806.85 120.0 1 motorway 3 1 40.492508 -3.388755 1.793 118.0 
808.71 120.0 1 motorway 3 1 40.492882 -3.388186 1.648 117.9 
811.15 120.0 1 motorway 3 1 40.493275 -3.387613 2.094 118.4 
817.51 120.0 1 motorway 3 1 40.493855 -3.386720 5.456 118.8 
819.86 120.0 1 motorway 3 1 40.494968 -3.384876 1.813 118.8 
821.08 120.0 1 motorway 3 1 40.495312 -3.384275 1.028 120.4 
823.54 120.0 1 motorway 3 1 40.495678 -3.383616 1.491 120.6 
829.99 120.0 1 motorway 3 1 40.496014 -3.382989 5.932 120.4 
833.06 120.0 1 motorway 3 1 40.497021 -3.381022 3.014 123.2 
839.51 120.0 1 motorway 3 2 40.497704 -3.379682 5.460 119.9 
841.97 120.0 1 motorway 3 2 40.498734 -3.377702 1.919 115.7 
843.68 120.0 1 motorway 3 2 40.499065 -3.377063 1.626 118.3 
845.34 120.0 1 motorway 3 2 40.499382 -3.376436 1.286 120.5 
847.29 120.0 1 motorway 3 1 40.499710 -3.375751 1.240 122.4 
849.15 120.0 1 motorway 3 1 40.500023 -3.375063 1.103 121.3 
851.41 120.0 1 motorway 3 1 40.500355 -3.374403 1.363 120.5 
853.03 120.0 1 motorway 3 1 40.500687 -3.373732 0.979 120.3 
853.96 120.0 1 motorway 3 1 40.500843 -3.373394 0.905 120.3 
856.62 120.0 1 motorway 3 1 40.501003 -3.373057 2.567 119.1 
859.07 120.0 1 motorway 3 1 40.501472 -3.372061 2.020 115.6 
861.01 120.0 1 motorway 3 1 40.501938 -3.371106 0.963 113.4 
862.25 120.0 1 motorway 3 1 40.502083 -3.370773 1.196 113.7 
863.99 120.0 1 motorway 4 2 40.502377 -3.370147 0.943 114.1 
864.81 120.0 1 motorway 4 1 40.502525 -3.369817 0.765 114.6 
866.47 120.0 1 motorway 4 1 40.502674 -3.369499 1.422 115.2 
868.08 120.0 1 motorway 4 1 40.502953 -3.368842 1.030 111.2 
870.62 120.0 1 motorway 4 1 40.503242 -3.368239 1.568 104.4 
872.42 120.0 1 motorway 4 1 40.503525 -3.367658 1.375 105.6 
874.22 120.0 1 motorway 4 1 40.503788 -3.367052 1.171 102.3 
876.38 120.0 1 motorway 4 1 40.504055 -3.366483 1.328 95.8 
878.35 120.0 1 motorway 4 1 40.504311 -3.365931 1.298 95.9 
880.01 120.0 1 motorway 4 1 40.504551 -3.365401 0.956 91.0 
882.13 120.0 1 motorway 4 1 40.504654 -3.365157 2.068 86.3 
884.47 120.0 1 motorway 4 1 40.504929 -3.364394 1.419 84.4 
886.78 120.0 1 motorway 4 1 40.505089 -3.363870 1.726 82.7 
888.65 120.0 1 motorway 4 1 40.505230 -3.363355 1.589 84.4 
890.66 120.0 1 motorway 4 1 40.505363 -3.362839 1.607 85.1 
892.42 120.0 1 motorway 3 1 40.505474 -3.362289 1.375 86.4 
894.72 120.0 1 motorway 3 1 40.505562 -3.361735 1.671 85.2 
896.51 120.0 1 motorway 3 1 40.505611 -3.361177 1.460 84.7 
898.08 90.0 3 motorway_link 1 1 40.505627 -3.360628 1.035 85.0 
900.49 90.0 3 motorway_link 1 1 40.505650 -3.360102 1.438 86.2 
902.20 90.0 1 motorway_link 2 1 40.505653 -3.359549 1.148 87.6 
903.96 90.0 1 motorway_link 2 1 40.505642 -3.358973 0.906 89.2 
905.36 90.0 1 motorway_link 2 1 40.505634 -3.358663 1.306 88.9 
907.61 90.0 1 motorway_link 2 1 40.505600 -3.358074 1.556 88.1 
909.56 90.0 1 motorway_link 2 1 40.505547 -3.357496 1.513 89.9 
911.68 90.0 1 motorway_link 2 1 40.505474 -3.356921 1.632 78.9 
913.01 90.0 1 motorway_link 2 1 40.505417 -3.356359 0.962 77.1 
914.08 90.0 1 motorway_link 2 1 40.505394 -3.356107 1.030 75.1 
916.24 70.0 1 motorway_link 2 1 40.505344 -3.355615 1.193 69.7 
918.20 70.0 1 motorway_link 2 1 40.505283 -3.355186 1.146 65.7 
919.79 70.0 1 motorway_link 2 1 40.505219 -3.354764 0.737 59.0 
921.84 70.0 1 motorway_link 2 1 40.505188 -3.354564 1.791 51.1 
923.48 70.0 1 motorway_link 2 1 40.505104 -3.354241 1.419 48.1 
