10.07 62.9 40.505707 -3.355475 602.1 3 5 274.2 0.703 0 0 0 
11.07 63.7 40.505722 -3.355671 601.8 3 5 271.1 3.164 0 0 0 
12.07 65.5 40.505737 -3.355892 604.5 3 5 274.6 3.516 0 0 0 
13.07 67.0 40.505749 -3.356106 602.5 3 5 275.3 4.219 2 0 0 
14.08 68.8 40.505764 -3.356330 601.6 3 5 274.6 0.703 0 0 0 
15.11 70.7 40.505779 -3.356555 601.5 3 5 274.6 0.703 2 0 0 
16.11 72.0 40.505802 -3.356780 600.9 3 5 274.9 0.352 0 0 0 
17.07 74.3 40.505825 -3.357008 601.0 3 5 274.9 0.352 0 0 0 
18.07 75.6 40.505840 -3.357251 600.7 3 5 274.9 0 0 0 0 
19.07 76.7 40.505863 -3.357497 600.7 3 5 275.3 0.352 0 0 0 
20.06 78.1 40.505886 -3.357746 601.3 3 5 275.3 0.352 0 0 0 
21.13 78.8 40.505905 -3.358001 600.2 3 5 276.0 0.703 0 0 0 
22.09 79.7 40.505928 -3.358264 600.0 3 5 272.1 3.867 0 1 0 
23.07 80.3 40.505951 -3.358522 599.4 3 5 272.1 3.867 0 1 0 
24.14 81.6 40.505966 -3.358797 600.9 3 5 274.9 2.812 0 1 0 
25.07 81.9 40.505981 -3.359067 600.3 4 5 273.5 1.406 0 1 0 
26.07 80.8 40.505985 -3.359329 599.3 4 5 272.1 2.812 0 1 0 
27.07 82.4 40.505985 -3.359604 599.6 4 5 271.4 2.109 0 1 0 
28.07 82.6 40.505989 -3.359871 600.7 4 5 269.6 2.461 0 1 0 
29.07 83.4 40.505989 -3.360142 599.9 3 5 268.9 2.461 0 1 0 
30.09 83.6 40.505978 -3.360418 599.4 3 5 267.9 1.758 0 1 0 
31.07 84.0 40.505966 -3.360694 600.7 3 5 266.8 2.109 0 1 0 
32.08 84.6 40.505955 -3.360976 600.7 3 5 265.4 2.461 0 1 0 
33.08 84.1 40.505928 -3.361251 601.1 3 5 263.3 3.516 0 1 0 
34.08 84.6 40.505898 -3.361522 602.5 3 5 261.9 3.516 0 1 0 
35.09 84.5 40.505859 -3.361803 603.5 4 5 260.5 2.812 0 1 0 
36.07 84.8 40.505825 -3.362071 603.0 3 5 259.8 2.109 0 0 0 
37.09 85.5 40.505779 -3.362350 602.7 3 5 259.1 1.406 0 0 0 
38.10 85.7 40.505737 -3.362628 603.2 3 5 257.3 2.461 0 0 0 
39.06 86.6 40.505684 -3.362908 603.6 3 5 255.6 3.516 0 0 0 
40.08 86.6 40.505627 -3.363175 604.4 3 5 254.2 3.164 0 0 0 
41.07 86.7 40.505569 -3.363446 605.1 3 5 252.8 2.812 0 0 0 
42.06 88.1 40.505501 -3.363721 605.2 3 5 252.4 1.758 0 0 0 
43.07 88.4 40.505428 -3.363997 605.5 3 5 250.0 2.812 0 0 0 
44.06 89.0 40.505356 -3.364260 605.2 3 5 249.3 3.164 0 0 0 
45.06 89.5 40.505272 -3.364534 605.4 3 5 247.5 2.461 0 0 0 
46.11 89.1 40.505180 -3.364802 605.8 3 5 245.7 3.516 0 0 0 
47.09 88.2 40.505081 -3.365059 605.6 3 5 243.3 4.219 0 0 0 
48.08 88.9 40.504982 -3.365322 606.0 3 5 242.6 3.164 0 0 0 
49.08 90.6 40.504871 -3.365584 605.7 3 5 241.2 2.109 0 0 0 
50.11 90.3 40.504761 -3.365841 606.0 3 5 240.1 2.461 0 0 0 
51.05 91.7 40.504646 -3.366099 606.0 3 5 239.8 1.406 0 0 0 
52.11 91.3 40.504524 -3.366355 605.7 3 5 238.7 1.406 0 0 0 
53.06 92.5 40.504398 -3.366614 605.5 3 5 237.3 2.461 0 0 0 
54.06 92.2 40.504276 -3.366868 605.3 3 5 237.3 1.406 0 0 0 
55.06 93.0 40.504150 -3.367126 605.1 3 5 237.0 0.352 0 0 0 
56.10 93.1 40.504025 -3.367383 606.7 3 5 237.3 0.352 0 0 0 
57.08 93.2 40.503902 -3.367634 606.7 3 5 237.3 0.352 0 0 0 
58.06 93.8 40.503777 -3.367900 605.0 3 5 237.0 0.352 0 0 0 
59.09 93.7 40.503651 -3.368158 604.7 4 5 237.0 0.352 0 0 0 
60.09 92.6 40.503513 -3.368414 604.3 4 5 236.6 0.352 0 0 0 
61.08 95.5 40.503387 -3.368680 604.3 4 5 237.7 1.055 0 0 0 
62.06 96.7 40.503269 -3.368943 603.6 4 5 237.7 1.055 0 0 0 
63.07 97.2 40.503139 -3.369214 603.6 3 5 237.7 0 0 0 0 
64.08 97.7 40.503006 -3.369491 602.9 3 5 237.3 0.352 0 0 0 
65.15 97.7 40.502872 -3.369760 603.3 3 5 237.3 0.352 0 0 0 
66.06 98.3 40.502739 -3.370029 602.7 3 5 237.3 0 0 0 0 
67.07 98.5 40.502613 -3.370300 603.0 3 5 237.3 0 0 0 0 
68.08 98.2 40.502487 -3.370571 603.0 3 5 237.3 0 0 0 0 
69.07 98.5 40.502357 -3.370841 604.2 4 5 237.3 0 0 0 0 
70.14 98.3 40.502224 -3.371106 602.5 3 5 237.3 0 0 0 0 
71.07 98.0 40.502087 -3.371370 602.6 3 5 237.0 0.352 0 0 0 
72.08 97.9 40.501953 -3.371636 602.2 3 5 237.3 0.352 0 0 0 
73.06 97.3 40.501823 -3.371907 601.6 3 5 237.7 0.703 0 0 0 
74.07 97.3 40.501694 -3.372174 601.5 3 5 237.7 0.352 0 0 0 
75.07 96.7 40.501556 -3.372445 601.6 4 5 237.0 0.703 0 0 0 
76.07 97.1 40.501419 -3.372716 601.6 3 5 237.0 0.703 0 0 0 
77.09 97.0 40.501289 -3.372987 601.6 3 5 237.7 0.703 0 0 0 
78.14 96.8 40.501160 -3.373253 601.0 3 5 237.7 0.703 0 0 0 
79.06 97.4 40.501022 -3.373524 600.5 3 5 237.3 0.352 0 0 0 
80.07 98.0 40.500889 -3.373799 600.3 4 5 237.3 0.352 0 0 0 
81.12 97.7 40.500755 -3.374073 600.7 4 5 237.3 0 0 0 0 
82.08 99.1 40.500622 -3.374341 600.8 4 5 237.0 0.352 0 0 0 
83.12 99.5 40.500488 -3.374609 600.1 4 5 237.3 0.352 0 0 0 
84.07 99.2 40.500347 -3.374874 599.9 4 5 236.2 1.055 0 0 0 
85.06 100.3 40.500217 -3.375137 599.6 4 5 237.0 0.703 0 0 0 
86.13 100.1 40.500065 -3.375415 599.4 4 5 237.0 0.703 0 0 0 
87.08 98.3 40.499935 -3.375694 599.5 4 5 237.0 0 0 0 0 
88.07 98.4 40.499798 -3.375964 599.4 4 5 237.0 0 0 0 0 
89.08 98.9 40.499660 -3.376230 599.4 4 5 236.6 0.352 0 0 0 
90.08 99.7 40.499535 -3.376502 599.4 4 5 236.6 0.352 0 0 0 
91.08 99.8 40.499397 -3.376772 600.3 4 5 236.2 0.352 0 0 0 
92.05 100.7 40.499264 -3.377049 599.1 4 5 236.2 0.352 0 0 0 
93.06 101.2 40.499126 -3.377339 599.0 4 5 236.6 0.352 0 0 0 
94.09 101.1 40.498985 -3.377618 599.0 4 5 236.2 0.352 0 0 0 
95.08 101.3 40.498844 -3.377890 599.2 4 5 236.2 0.352 0 0 0 
96.11 103.0 40.498711 -3.378165 598.7 4 5 236.6 0.352 0 0 0 
97.08 102.0 40.498577 -3.378446 598.2 4 5 236.6 0.352 0 0 0 
98.11 102.2 40.498447 -3.378722 599.2 4 5 236.6 0 0 0 0 
99.08 102.8 40.498306 -3.378992 599.2 4 5 236.6 0 0 0 0 
100.07 102.2 40.498173 -3.379280 599.8 4 5 236.2 0.352 0 0 0 
101.13 102.7 40.498020 -3.379563 599.8 4 5 235.9 0.703 0 0 0 
102.09 102.3 40.497864 -3.379845 598.4 4 5 235.9 0.352 0 0 0 
103.08 102.8 40.497726 -3.380125 598.4 4 5 236.2 0.352 0 0 0 
104.07 103.4 40.497585 -3.380410 598.4 4 5 236.2 0.352 0 0 0 
105.07 103.5 40.497433 -3.380689 598.7 4 5 234.1 2.109 2 0 0 
106.09 103.7 40.497276 -3.380970 597.5 4 5 234.1 2.109 0 0 0 
107.06 104.0 40.497124 -3.381241 597.5 4 5 234.5 0.352 0 0 0 
108.05 104.7 40.496971 -3.381531 596.6 4 5 236.6 2.461 0 0 0 
109.06 105.2 40.496822 -3.381815 596.6 4 5 236.2 1.758 0 0 0 
110.05 105.1 40.496674 -3.382097 596.2 4 5 236.2 0.352 0 0 0 
111.07 104.3 40.496525 -3.382380 596.2 3 5 235.9 0.352 0 0 0 
112.06 104.2 40.496376 -3.382657 597.0 3 5 235.9 0.352 0 0 0 
113.06 104.5 40.496227 -3.382935 598.9 3 5 235.9 0 0 0 0 
114.07 104.6 40.496078 -3.383220 597.3 3 5 235.2 0.703 0 0 0 
115.09 105.2 40.495926 -3.383502 597.5 3 5 234.5 1.406 0 0 0 
116.06 104.8 40.495770 -3.383774 597.7 3 5 233.8 1.406 0 0 0 
117.06 105.2 40.495617 -3.384054 597.8 3 5 234.8 1.055 0 0 0 
118.06 105.7 40.495476 -3.384350 598.2 3 5 236.6 2.812 0 0 0 
119.10 105.7 40.495331 -3.384639 598.3 3 5 236.6 1.758 0 0 0 
120.06 105.9 40.495159 -3.384931 598.8 3 5 234.1 2.461 0 0 0 
121.07 106.3 40.494995 -3.385205 599.0 3 5 232.0 4.570 0 0 0 
122.14 105.8 40.494831 -3.385474 599.2 3 5 231.7 2.461 0 0 0 
123.07 107.6 40.494675 -3.385751 599.1 3 5 232.0 0.352 0 0 0 
124.14 106.0 40.494507 -3.386029 599.1 3 5 231.3 0.703 0 0 0 
125.08 105.4 40.494343 -3.386299 598.8 3 5 231.7 0.352 0 0 0 
126.10 106.0 40.494179 -3.386559 599.3 3 5 231.0 0.703 0 0 0 
127.06 106.0 40.494007 -3.386819 599.0 3 5 230.3 1.406 0 0 0 
128.14 105.7 40.493851 -3.387076 598.9 3 5 229.9 1.055 0 0 0 
129.07 105.8 40.493675 -3.387337 598.8 3 5 229.9 0.352 0 0 0 
130.07 106.5 40.493519 -3.387604 598.9 3 5 229.6 0.352 0 0 0 
131.06 106.5 40.493351 -3.387870 598.4 3 5 229.2 0.703 0 0 0 
132.07 107.0 40.493172 -3.388126 598.8 3 5 228.5 1.055 0 0 0 
133.07 107.2 40.492996 -3.388381 598.9 3 5 228.9 0.352 0 0 0 
134.07 107.2 40.492817 -3.388646 598.4 4 5 228.9 0.352 0 0 0 
135.07 107.1 40.492645 -3.388918 598.0 4 5 227.8 1.055 0 0 0 
136.07 104.8 40.492474 -3.389166 597.3 4 5 227.5 1.406 0 0 0 
137.09 102.0 40.492294 -3.389419 597.3 4 5 227.5 0.352 0 0 0 
138.07 98.1 40.492119 -3.389666 596.4 4 5 227.8 0.352 0 0 0 
139.10 94.5 40.491962 -3.389899 595.1 4 5 226.8 1.055 0 0 0 
140.06 94.7 40.491798 -3.390128 595.9 3 5 225.7 2.109 0 0 0 
141.13 94.8 40.491634 -3.390346 594.5 3 5 226.1 0.703 0 0 0 
142.09 95.1 40.491467 -3.390569 594.4 3 5 226.4 0.703 0 0 0 
143.07 94.7 40.491299 -3.390789 594.1 3 5 226.4 0.352 0 0 0 
144.07 92.7 40.491135 -3.391017 594.1 3 5 226.1 0.352 0 0 0 
145.10 91.5 40.490978 -3.391243 593.0 4 5 226.1 0.352 0 0 0 
146.09 88.7 40.490822 -3.391458 592.9 4 5 226.8 0.703 0 0 0 
147.05 87.9 40.490665 -3.391668 592.7 4 5 226.1 0.703 0 0 0 
148.09 88.2 40.490509 -3.391871 592.7 4 5 225.7 1.055 0 0 0 
149.08 89.5 40.490353 -3.392076 592.6 4 5 225.7 0.352 0 0 0 
150.16 88.4 40.490192 -3.392291 592.1 4 5 226.1 0.352 0 0 0 
151.06 85.3 40.490044 -3.392496 592.1 4 5 226.1 0.352 0 0 0 
152.06 85.8 40.489895 -3.392703 591.5 4 5 226.8 0.703 0 0 0 
153.11 88.1 40.489750 -3.392904 592.0 4 5 225.7 1.055 1 0 0 
154.08 91.5 40.489578 -3.393112 592.4 4 5 222.9 3.867 0 0 0 
155.08 94.9 40.489403 -3.393315 592.4 4 5 223.2 2.461 0 0 0 
156.08 97.8 40.489231 -3.393539 593.0 3 5 225.0 2.109 0 0 0 
157.09 99.4 40.489059 -3.393772 593.7 4 5 226.4 3.164 0 0 0 
158.08 101.2 40.488888 -3.394006 594.1 3 5 226.4 1.406 0 0 0 
159.08 101.7 40.488712 -3.394239 594.8 3 5 226.1 0.352 0 0 0 
160.07 102.0 40.488533 -3.394475 595.0 3 5 225.4 1.055 0 0 0 
161.08 103.6 40.488354 -3.394722 595.4 3 5 226.1 0.703 0 0 0 
162.08 104.7 40.488171 -3.394967 595.6 3 5 225.7 0.352 0 0 0 
163.07 105.3 40.487980 -3.395223 595.6 3 5 226.1 0.352 0 0 0 
164.07 105.5 40.487793 -3.395480 595.8 3 5 226.1 0.352 0 0 0 
165.06 104.6 40.487610 -3.395728 593.2 3 5 226.4 0.352 0 0 0 
166.09 104.3 40.487423 -3.395967 593.0 3 5 225.0 1.406 0 0 0 
167.06 104.7 40.487240 -3.396202 593.0 4 5 223.6 2.812 0 0 0 
168.05 104.3 40.487049 -3.396431 593.2 4 5 224.3 0.703 0 0 0 
169.06 104.7 40.486866 -3.396664 593.4 4 5 224.3 0.703 2 0 0 
170.05 105.2 40.486679 -3.396904 593.5 4 5 226.1 1.758 0 0 0 
171.13 105.1 40.486496 -3.397145 593.4 4 5 225.0 1.055 0 0 0 
172.11 103.2 40.486309 -3.397380 593.6 4 5 222.2 3.867 0 0 0 
173.06 101.1 40.486111 -3.397597 593.3 3 5 220.4 4.570 0 0 0 
174.09 100.8 40.485920 -3.397805 593.0 3 5 220.4 1.758 0 0 0 
175.06 100.7 40.485725 -3.398022 593.6 3 5 220.1 0.352 0 0 0 
176.06 102.9 40.485531 -3.398236 593.0 3 5 219.4 1.055 0 0 0 
177.13 102.2 40.485336 -3.398448 593.1 3 5 219.0 1.055 0 0 0 
178.11 103.7 40.485134 -3.398650 595.2 3 5 218.3 1.055 0 0 0 
179.06 105.2 40.484924 -3.398865 594.8 3 5 217.6 1.406 0 0 0 
180.06 106.1 40.484715 -3.399077 593.0 3 5 217.6 0.703 0 0 0 
181.06 107.1 40.484505 -3.399287 592.8 3 5 216.6 1.055 0 0 0 
182.06 103.3 40.484295 -3.399492 592.9 3 5 216.6 1.055 0 0 0 
183.06 104.5 40.484093 -3.399698 592.1 3 5 216.6 0 0 0 0 
184.06 103.2 40.483879 -3.399905 592.2 3 5 216.2 0.352 0 0 0 
185.06 100.0 40.483692 -3.400096 591.6 3 5 216.6 0.352 0 0 0 
186.06 102.8 40.483486 -3.400299 591.1 3 5 216.6 0.352 0 0 0 
187.06 103.1 40.483280 -3.400499 591.1 3 5 216.6 0 0 0 0 
188.06 103.1 40.483070 -3.400697 590.3 4 5 216.6 0 0 0 0 
189.07 102.1 40.482864 -3.400899 590.0 3 5 216.6 0 0 0 0 
190.07 98.4 40.482662 -3.401097 589.3 3 5 216.9 0.352 0 0 0 
191.08 96.7 40.482471 -3.401285 588.3 3 5 216.9 0.352 0 0 0 
192.09 97.8 40.482273 -3.401470 588.0 4 5 216.6 0.352 0 0 0 
193.08 98.0 40.482071 -3.401666 587.5 3 5 216.6 0.352 0 0 0 
194.07 99.5 40.481869 -3.401860 587.4 3 5 216.9 0.352 0 0 0 
195.07 100.4 40.481670 -3.402050 588.4 3 5 216.9 0.352 0 0 0 
196.11 100.0 40.481468 -3.402246 586.3 3 5 216.9 0 0 0 0 
197.12 98.4 40.481270 -3.402437 586.0 3 5 216.6 0.352 0 0 0 
198.06 93.9 40.481083 -3.402619 585.2 3 5 216.9 0.352 0 0 0 
199.10 91.6 40.480904 -3.402803 584.4 3 5 216.2 0.703 0 0 0 
200.07 90.3 40.480728 -3.402981 583.9 3 5 215.9 1.055 0 0 0 
201.08 90.7 40.480537 -3.403151 583.7 3 5 216.6 0.703 0 0 0 
202.07 92.1 40.480350 -3.403330 584.0 3 5 216.9 1.055 0 0 0 
203.06 93.1 40.480164 -3.403515 583.5 3 5 216.2 0.703 1 0 0 
204.07 93.6 40.479977 -3.403701 583.5 4 5 215.2 1.758 0 0 0 
205.10 95.3 40.479790 -3.403877 583.7 4 5 214.5 1.758 0 0 0 
206.08 95.0 40.479599 -3.404056 583.6 4 5 216.2 1.758 0 0 0 
207.10 94.5 40.479412 -3.404242 583.5 4 5 218.3 3.867 0 0 0 
208.09 92.8 40.479240 -3.404437 583.2 4 5 220.1 3.867 0 0 0 
209.16 93.3 40.479065 -3.404627 582.6 4 5 220.4 2.109 0 0 0 
210.08 94.4 40.478882 -3.404830 582.4 4 5 220.4 0.352 0 0 0 
211.13 94.4 40.478706 -3.405043 582.5 4 5 222.2 1.758 0 0 0 
212.06 95.7 40.478531 -3.405260 582.2 3 5 222.9 2.461 0 0 0 
213.08 94.1 40.478352 -3.405477 582.8 3 5 223.6 1.406 1 0 0 
214.13 92.0 40.478184 -3.405690 582.1 3 5 223.9 1.055 0 0 0 
215.09 92.7 40.478020 -3.405896 581.8 3 5 225.0 1.406 0 0 0 
216.14 93.8 40.477848 -3.406115 581.2 3 5 225.7 1.758 0 0 0 
217.09 93.9 40.477684 -3.406339 581.0 3 5 226.4 1.406 0 0 0 
218.12 93.5 40.477520 -3.406563 581.6 3 5 227.1 1.406 0 0 0 
219.10 92.1 40.477367 -3.406786 580.5 3 5 228.2 1.758 0 0 0 
220.06 91.2 40.477211 -3.407010 579.6 3 5 228.9 1.758 0 0 0 
221.08 91.2 40.477062 -3.407224 579.1 3 5 228.9 0.703 0 0 0 
222.18 91.3 40.476910 -3.407455 578.7 3 5 229.9 1.055 0 0 0 
223.08 91.0 40.476765 -3.407682 580.7 3 5 230.3 1.406 0 0 0 
224.09 90.8 40.476620 -3.407920 578.9 3 5 231.3 1.406 0 0 0 
225.09 91.0 40.476479 -3.408151 578.9 3 5 232.7 2.461 0 0 0 
226.06 91.7 40.476345 -3.408396 579.0 3 5 233.1 1.758 0 0 0 
227.08 92.7 40.476204 -3.408639 579.1 3 5 233.8 1.055 0 0 0 
228.06 92.5 40.476070 -3.408889 579.2 3 5 234.5 1.406 0 0 0 
229.08 91.2 40.475952 -3.409136 579.3 3 5 235.2 1.406 0 0 0 
230.06 90.0 40.475834 -3.409385 579.7 3 5 235.5 1.055 0 0 0 
231.07 91.5 40.475704 -3.409640 580.3 3 5 236.6 1.406 0 0 0 
232.11 91.9 40.475574 -3.409901 579.8 3 5 237.3 1.758 0 0 0 
233.06 91.2 40.475452 -3.410154 579.5 3 5 238.4 1.758 0 0 0 
234.07 91.3 40.475327 -3.410418 580.0 3 5 238.7 1.406 0 0 0 
235.07 88.5 40.475212 -3.410666 580.0 3 5 239.8 1.406 0 0 0 
236.12 89.1 40.475098 -3.410923 580.2 3 5 240.1 1.406 0 0 0 
237.09 90.5 40.474983 -3.411178 580.6 3 5 240.5 0.703 1 0 0 
238.07 93.3 40.474873 -3.411438 581.0 3 5 240.1 0.352 0 0 0 
239.07 98.5 40.474747 -3.411710 581.6 3 5 240.5 0.352 0 0 0 
240.06 101.9 40.474628 -3.412003 582.7 3 5 242.9 2.812 1 0 0 
241.06 105.4 40.474510 -3.412315 584.6 3 5 244.3 3.867 0 0 0 
242.06 108.3 40.474396 -3.412637 586.3 3 5 244.7 1.758 0 0 0 
243.09 109.9 40.474281 -3.412970 586.9 3 5 246.4 2.109 0 0 0 
244.12 112.5 40.474174 -3.413300 585.6 3 5 248.2 3.516 0 0 0 
245.06 114.4 40.474075 -3.413648 585.3 3 5 249.3 2.812 0 0 0 
246.07 114.1 40.473969 -3.413996 586.2 3 5 249.3 1.055 0 0 0 
247.16 108.9 40.473866 -3.414333 586.5 3 5 249.3 0 0 0 0 
248.06 104.8 40.473778 -3.414656 586.7 3 5 250.3 1.055 0 0 0 
249.07 103.9 40.473690 -3.414970 586.4 3 5 251.4 2.109 0 0 0 
250.07 104.8 40.473602 -3.415296 587.5 3 5 252.1 1.758 0 0 0 
251.07 104.9 40.473522 -3.415625 587.5 3 5 252.1 0.703 0 0 0 
252.09 104.1 40.473461 -3.415952 587.9 3 5 252.8 0.703 0 0 0 
253.06 104.1 40.473385 -3.416277 587.8 3 5 252.4 0.352 0 0 0 
254.07 104.5 40.473301 -3.416598 587.6 3 5 251.4 1.406 0 0 0 
255.07 104.6 40.473213 -3.416924 587.8 3 5 251.7 0.703 0 0 0 
256.07 105.5 40.473125 -3.417256 589.1 3 5 251.7 0.352 0 0 0 
257.08 103.8 40.473042 -3.417579 589.8 3 5 251.4 0.352 0 0 0 
258.07 103.8 40.472958 -3.417902 590.2 3 5 251.4 0.352 2 1 0 
259.10 107.2 40.472874 -3.418252 589.2 3 5 251.7 0.352 1 1 0 
260.08 107.7 40.472794 -3.418583 586.9 4 5 252.8 1.406 0 1 0 
261.06 109.2 40.472717 -3.418922 587.2 4 5 252.1 0.703 0 1 0 
262.07 109.8 40.472633 -3.419261 587.0 4 5 252.1 0.703 0 1 0 
263.16 111.5 40.472546 -3.419608 587.4 3 5 251.7 0.352 0 1 0 
264.07 112.5 40.472458 -3.419965 586.3 3 5 251.4 0.703 0 1 0 
265.07 112.6 40.472378 -3.420304 585.4 3 5 252.1 0.703 0 1 0 
266.06 112.9 40.472301 -3.420654 585.2 4 5 251.4 0.703 0 1 0 
267.07 110.4 40.472206 -3.421002 584.2 4 5 251.4 0.703 0 1 0 
268.07 108.7 40.472115 -3.421344 583.4 4 5 251.0 0.352 0 1 0 
269.08 107.8 40.472023 -3.421691 582.4 4 5 250.7 0.703 0 1 0 
270.09 106.6 40.471931 -3.422016 581.1 3 5 250.3 0.703 0 1 0 
271.06 106.4 40.471836 -3.422357 581.1 3 5 250.0 0.703 0 1 0 
272.05 107.2 40.471745 -3.422685 581.9 3 5 250.0 0.352 0 1 0 
273.08 108.6 40.471653 -3.423012 582.2 3 5 249.6 0.352 0 1 0 
274.09 109.5 40.471554 -3.423345 581.1 3 5 249.6 0.352 0 1 0 
275.14 110.6 40.471455 -3.423677 581.6 3 5 249.6 0 0 1 0 
276.09 111.3 40.471359 -3.424015 581.1 3 5 250.0 0.352 0 1 0 
277.09 110.5 40.471260 -3.424357 580.6 3 5 249.3 0.703 0 1 0 
278.11 109.6 40.471161 -3.424693 580.6 3 5 248.9 1.055 0 1 0 
279.08 108.8 40.471062 -3.425027 580.3 3 5 248.9 0.352 0 1 0 
280.09 109.5 40.470966 -3.425361 580.2 3 5 248.9 0 0 1 0 
281.13 111.0 40.470867 -3.425700 579.8 3 5 248.6 0.352 0 1 0 
282.07 111.5 40.470764 -3.426038 580.0 3 5 248.2 0.703 0 1 0 
283.08 109.3 40.470661 -3.426367 579.7 3 5 248.9 0.703 0 1 0 
284.09 104.4 40.470562 -3.426687 578.7 3 5 248.9 0.703 0 1 0 
285.10 101.2 40.470467 -3.426994 578.5 3 5 249.6 0.703 0 1 0 
286.17 99.8 40.470383 -3.427304 578.3 3 5 250.3 1.406 0 1 0 
287.06 98.5 40.470299 -3.427607 578.1 3 5 250.3 0.703 0 1 0 
288.06 95.9 40.470219 -3.427908 579.6 3 5 250.3 0 0 1 0 
289.06 94.5 40.470135 -3.428199 580.1 3 5 250.7 0.352 0 1 0 
290.06 94.6 40.470051 -3.428490 579.7 3 5 250.7 0.352 0 1 0 
291.13 95.0 40.469967 -3.428778 580.2 3 5 251.0 0.352 0 1 0 
292.08 95.3 40.469902 -3.429080 580.9 4 5 251.7 1.055 0 1 0 
293.07 95.8 40.469826 -3.429371 582.7 4 5 251.4 0.352 0 1 0 
294.06 96.4 40.469769 -3.429668 582.1 4 5 252.1 0.703 0 1 0 
295.17 97.2 40.469692 -3.429972 582.7 4 5 252.8 1.406 0 1 0 
296.06 98.3 40.469627 -3.430284 582.7 3 5 253.8 1.758 0 1 0 
297.08 99.2 40.469559 -3.430595 584.7 4 5 254.5 1.758 0 1 0 
298.11 99.4 40.469498 -3.430914 583.5 3 5 255.9 2.109 0 0 0 
299.05 98.5 40.469440 -3.431226 583.6 3 5 256.3 1.758 0 0 0 
300.16 97.6 40.469387 -3.431543 584.4 3 5 257.7 1.758 0 0 0 
301.06 94.0 40.469334 -3.431847 584.4 3 5 257.7 1.406 0 0 0 
302.09 94.0 40.469292 -3.432149 584.9 3 5 258.0 0.352 0 0 0 
303.06 95.2 40.469242 -3.432448 586.8 3 5 258.4 0.703 0 0 0 
304.07 95.8 40.469193 -3.432757 586.6 3 5 258.8 0.703 0 0 0 
305.12 96.6 40.469147 -3.433065 586.3 3 5 259.1 0.703 0 0 0 
306.08 97.1 40.469105 -3.433367 587.0 3 5 258.8 0.352 0 0 0 
307.08 95.5 40.469055 -3.433681 587.2 3 5 258.8 0.352 0 0 0 
308.23 93.6 40.469013 -3.433989 587.1 3 5 258.4 0.352 0 0 0 
309.07 91.6 40.468967 -3.434289 587.2 3 5 258.8 0.352 0 0 0 
310.12 91.3 40.468925 -3.434586 587.7 3 5 259.1 0.703 0 0 0 
311.06 92.3 40.468876 -3.434882 588.0 4 5 258.8 0.352 0 0 0 
312.11 95.1 40.468811 -3.435192 588.4 4 5 258.0 1.055 0 0 0 
313.07 98.7 40.468761 -3.435508 589.6 4 5 257.3 1.406 0 0 0 
314.07 101.6 40.468708 -3.435841 591.2 4 5 258.0 0.703 0 0 0 
315.07 101.0 40.468662 -3.436164 592.9 4 5 258.0 0.703 0 0 0 
316.08 102.8 40.468597 -3.436496 593.5 4 5 256.6 1.406 0 0 0 
317.08 102.4 40.468544 -3.436834 594.3 4 5 257.3 0.703 0 0 0 
318.09 104.1 40.468491 -3.437158 594.1 4 5 257.0 0.352 0 0 0 
319.08 104.1 40.468433 -3.437492 593.9 4 5 256.6 0.703 0 0 0 
320.08 99.3 40.468380 -3.437812 591.3 4 5 257.3 0.703 0 0 0 
321.08 98.7 40.468330 -3.438127 587.9 4 5 257.7 1.055 0 0 0 
322.14 97.5 40.468273 -3.438432 586.9 4 5 256.6 1.055 0 0 0 
323.08 97.6 40.468212 -3.438744 587.3 3 5 256.3 1.406 0 0 0 
324.07 99.5 40.468155 -3.439054 588.8 3 5 256.6 0.352 0 0 0 
325.08 101.0 40.468102 -3.439373 586.8 3 5 257.0 0.703 1 0 0 
326.09 101.0 40.468044 -3.439695 586.3 3 5 257.0 0.352 0 0 0 
327.06 105.2 40.467972 -3.440023 586.0 4 5 253.5 3.516 0 0 0 
328.06 110.2 40.467903 -3.440378 587.2 4 5 255.9 2.461 0 0 0 
329.08 113.2 40.467838 -3.440743 588.4 4 5 258.4 4.922 0 0 0 
330.07 114.7 40.467785 -3.441107 589.5 4 5 259.8 3.867 0 0 0 
331.06 117.6 40.467728 -3.441484 589.4 4 5 260.9 2.461 0 0 0 
332.08 120.1 40.467686 -3.441876 587.7 4 5 262.6 2.812 2 0 0 
333.16 121.8 40.467648 -3.442275 587.2 4 5 263.0 2.109 0 0 0 
334.06 118.9 40.467606 -3.442671 587.6 4 5 263.3 0.703 0 0 0 
335.18 115.7 40.467579 -3.443046 587.3 4 5 263.3 0.352 0 0 0 
336.07 109.8 40.467541 -3.443412 586.6 3 5 263.3 0 0 0 0 
337.05 106.5 40.467514 -3.443764 585.7 4 5 263.7 0.352 0 0 0 
338.06 106.5 40.467480 -3.444123 585.0 4 5 263.7 0.352 0 0 0 
339.08 107.5 40.467449 -3.444470 585.6 4 5 263.3 0.352 0 0 0 
340.06 107.9 40.467415 -3.444824 586.5 4 5 263.7 0.352 0 0 0 
341.08 107.9 40.467384 -3.445178 585.8 4 5 263.0 0.703 0 0 0 
342.10 104.4 40.467350 -3.445523 585.0 4 5 263.7 0.703 0 0 0 
343.06 102.2 40.467327 -3.445856 584.9 4 5 263.7 0.703 0 0 0 
344.06 103.2 40.467300 -3.446183 584.4 3 5 263.7 0 0 0 0 
345.06 105.0 40.467274 -3.446524 584.3 3 5 264.0 0.352 0 0 0 
346.09 105.5 40.467247 -3.446861 585.1 3 5 263.7 0.352 0 0 0 
347.13 106.7 40.467220 -3.447207 584.7 3 5 263.7 0.352 0 0 0 
348.07 107.2 40.467194 -3.447561 585.1 3 5 263.7 0 0 0 0 
349.07 107.6 40.467159 -3.447913 585.0 3 5 264.0 0.352 0 0 0 
350.07 102.3 40.467129 -3.448255 585.0 3 5 263.3 0.703 0 0 0 
351.20 101.8 40.467102 -3.448592 584.8 3 5 264.0 0.703 0 0 0 
352.07 101.6 40.467079 -3.448921 584.5 3 5 264.0 0.703 0 0 0 
353.07 101.6 40.467052 -3.449251 585.1 3 5 264.0 0 0 0 0 
354.06 101.9 40.467022 -3.449584 585.3 3 5 263.7 0.352 0 0 0 
355.07 102.5 40.466995 -3.449917 585.4 3 5 264.0 0.352 0 0 0 
356.07 103.0 40.466972 -3.450249 585.0 3 5 264.4 0.703 0 0 0 
357.13 103.4 40.466953 -3.450588 585.1 3 5 264.7 0.703 0 0 0 
358.08 103.7 40.466927 -3.450923 585.3 3 5 265.1 0.703 0 0 0 
359.11 104.6 40.466908 -3.451255 585.5 3 5 265.8 1.055 0 0 0 
360.07 105.3 40.466892 -3.451602 585.7 3 5 266.1 1.055 0 0 0 
361.09 105.0 40.466877 -3.451945 585.9 3 5 266.1 0.352 0 0 0 
362.07 105.2 40.466858 -3.452283 585.9 3 5 266.5 0.352 0 0 0 
363.11 106.0 40.466843 -3.452632 585.9 3 5 266.8 0.703 0 0 0 
364.11 107.0 40.466824 -3.452977 586.3 3 5 266.8 0.352 0 0 0 
365.13 108.3 40.466808 -3.453333 586.5 3 5 268.6 1.774 0 0 0 
366.15 109.0 40.466805 -3.453685 586.1 3 5 268.6 1.774 0 0 0 
367.07 110.2 40.466793 -3.454048 585.7 3 5 268.6 0 0 0 0 
368.07 110.6 40.466785 -3.454408 586.6 3 5 269.0 0.415 1 0 0 
369.10 110.6 40.466782 -3.454758 589.1 3 5 269.7 1.076 1 0 0 
370.07 110.7 40.466785 -3.455123 590.1 3 5 269.7 0.661 0 0 0 
371.10 110.7 40.466789 -3.455483 590.0 3 5 270.7 1.000 0 0 0 
372.10 111.2 40.466805 -3.455845 589.6 3 5 272.3 2.645 0 0 0 
373.11 109.9 40.466812 -3.456199 586.9 3 5 271.6 0.913 0 0 0 
374.08 109.6 40.466816 -3.456563 586.9 3 5 272.5 0.927 0 0 0 
375.08 108.9 40.466824 -3.456911 587.2 3 5 272.5 0.927 0 0 0 
376.06 108.8 40.466831 -3.457275 587.3 3 5 272.5 0 0 0 0 
377.05 108.9 40.466843 -3.457636 587.5 3 5 273.5 0.931 0 0 0 
378.10 109.0 40.466854 -3.457995 588.1 3 5 272.9 0.533 0 0 0 
379.06 108.7 40.466869 -3.458342 589.6 3 5 273.6 0.721 0 0 0 
380.06 109.2 40.466888 -3.458700 591.2 3 5 273.6 0.721 0 0 0 
381.08 109.9 40.466904 -3.459069 591.4 3 5 273.6 0.035 0 0 0 
382.06 110.7 40.466923 -3.459441 587.7 3 5 273.6 0.035 0 0 0 
383.07 110.8 40.466942 -3.459795 588.0 3 5 273.6 0 0 0 0 
384.08 107.9 40.466961 -3.460152 588.4 3 5 273.6 0 0 0 0 
385.07 105.8 40.466976 -3.460500 588.6 3 5 273.6 0 0 0 0 
386.08 106.5 40.466991 -3.460836 588.6 3 5 273.6 0.046 0 0 0 
387.08 107.5 40.467010 -3.461192 588.7 3 5 274.0 0.429 0 0 0 
388.15 108.4 40.467030 -3.461546 588.7 3 5 274.0 0.429 0 0 0 
389.12 109.2 40.467045 -3.461900 588.6 3 5 274.0 0 0 0 0 
390.08 109.3 40.467064 -3.462258 590.8 3 5 273.3 0.732 0 0 0 
391.07 109.6 40.467083 -3.462617 590.1 3 5 273.3 0.732 0 0 0 
392.08 109.6 40.467102 -3.462974 588.6 3 5 273.8 0.503 0 0 0 
393.09 109.3 40.467117 -3.463337 589.0 3 5 273.8 0.503 0 0 0 
394.06 108.8 40.467129 -3.463684 588.9 3 5 272.9 0.908 0 0 0 
395.05 108.8 40.467144 -3.464041 588.7 3 5 272.9 0.908 0 0 0 
396.08 108.9 40.467155 -3.464396 589.0 3 5 272.9 0 0 0 0 
397.16 108.6 40.467167 -3.464749 590.5 3 5 271.9 0.936 0 0 0 
398.09 108.0 40.467175 -3.465105 591.2 3 5 271.4 1.411 0 0 0 
399.07 107.0 40.467182 -3.465454 590.6 3 5 270.6 1.351 0 0 0 
400.05 106.0 40.467194 -3.465802 587.5 3 5 270.6 0.875 2 0 0 
401.05 105.2 40.467209 -3.466142 587.9 3 5 270.6 0 0 0 0 
402.06 99.6 40.467224 -3.466465 588.2 3 5 271.0 0.422 0 0 0 
403.05 96.0 40.467232 -3.466782 587.9 3 5 270.3 0.699 0 0 0 
404.08 92.4 40.467232 -3.467092 587.6 3 5 270.1 0.867 0 0 0 
405.18 89.2 40.467228 -3.467385 586.9 3 5 270.1 0.168 0 0 0 
406.06 88.1 40.467232 -3.467670 586.5 3 5 269.5 0.590 0 0 0 
407.12 88.3 40.467224 -3.467965 586.4 3 5 269.5 0.629 0 0 0 
408.07 88.2 40.467213 -3.468257 586.7 3 5 268.5 1.036 0 0 0 
409.06 89.2 40.467209 -3.468552 587.1 3 5 268.5 0.997 0 0 0 
410.07 88.3 40.467201 -3.468838 586.5 3 5 267.8 0.662 0 0 0 
411.06 89.7 40.467190 -3.469124 586.2 3 5 267.4 1.101 0 0 0 
412.08 91.3 40.467190 -3.469420 586.3 3 5 267.4 0.438 2 0 0 
413.05 93.5 40.467186 -3.469722 586.4 3 5 266.7 0.649 0 0 0 
414.06 95.9 40.467171 -3.470041 587.1 3 5 265.7 1.665 0 0 0 
415.07 98.0 40.467152 -3.470356 588.1 3 5 265.2 1.548 0 0 0 
416.06 99.5 40.467129 -3.470685 588.9 3 5 265.2 0.532 0 0 0 
417.06 101.5 40.467106 -3.471022 588.8 3 5 264.0 1.191 0 0 0 
418.06 103.0 40.467079 -3.471345 588.7 3 5 264.0 1.191 0 0 0 
419.15 103.6 40.467049 -3.471700 588.7 3 5 262.4 1.614 0 0 0 
420.06 101.0 40.467014 -3.472019 590.1 3 5 262.4 1.614 0 0 0 
421.07 97.0 40.466980 -3.472354 589.7 3 5 262.1 0.313 0 0 0 
422.09 94.7 40.466949 -3.472663 589.0 3 5 261.0 1.368 0 0 0 
423.11 92.3 40.466911 -3.472962 588.9 3 5 260.0 2.058 0 0 0 
424.09 91.5 40.466873 -3.473252 588.9 4 5 261.2 1.205 0 0 0 
425.06 93.5 40.466839 -3.473551 589.3 4 5 261.2 1.205 0 0 0 
426.07 92.8 40.466801 -3.473838 589.2 4 5 259.9 1.291 0 0 0 
427.10 95.2 40.466755 -3.474151 588.8 3 5 258.7 2.572 0 0 0 
428.10 96.6 40.466709 -3.474464 587.5 3 5 258.7 1.281 0 0 0 
429.08 98.3 40.466660 -3.474770 585.7 3 5 257.7 0.969 0 0 0 
430.08 99.2 40.466610 -3.475060 585.7 3 5 257.7 0.969 0 0 0 
431.06 100.8 40.466553 -3.475397 586.1 3 5 257.0 0.717 0 0 0 
432.07 102.6 40.466496 -3.475715 586.3 3 5 256.4 1.324 0 0 0 
433.05 104.4 40.466434 -3.476048 587.4 4 5 256.4 0.607 0 0 0 
434.07 104.7 40.466373 -3.476385 589.0 4 5 256.4 0 0 0 0 
435.05 105.6 40.466309 -3.476708 590.4 4 5 255.5 0.864 0 0 0 
436.16 105.2 40.466244 -3.477048 590.7 4 5 255.5 0.864 0 0 0 
437.05 102.8 40.466179 -3.477369 587.5 4 5 255.5 0 0 0 0 
438.05 98.3 40.466114 -3.477702 587.0 4 5 255.5 0 0 0 0 
439.05 96.1 40.466057 -3.477995 586.6 4 5 253.4 2.143 0 0 0 
440.06 95.2 40.465992 -3.478327 586.3 4 5 254.4 1.143 0 0 0 
441.10 93.0 40.465927 -3.478632 586.8 4 5 257.0 3.634 0 0 0 
442.06 89.3 40.465874 -3.478919 586.3 4 5 256.6 2.283 0 0 0 
443.05 88.7 40.465836 -3.479206 585.9 3 5 257.3 0.703 0 0 0 
444.07 86.7 40.465794 -3.479493 585.8 3 5 259.1 2.461 0 0 0 
445.05 85.2 40.465748 -3.479772 586.1 3 5 261.6 4.219 0 0 0 
446.06 82.9 40.465736 -3.480044 586.9 3 5 266.5 7.383 0 0 0 
447.07 81.4 40.465733 -3.480327 586.8 3 5 279.3 17.747 0 0 0 
448.05 78.6 40.465763 -3.480575 586.7 3 5 289.4 22.908 0 0 0 
449.08 78.1 40.465809 -3.480816 586.8 3 5 289.4 10.082 0 0 0 
450.20 78.9 40.465874 -3.481058 587.1 3 5 290.3 0.878 0 0 0 
451.08 79.9 40.465954 -3.481303 587.3 3 5 293.3 3.938 0 0 0 
452.06 81.0 40.466034 -3.481547 587.4 3 5 294.0 3.711 0 0 0 
453.05 82.0 40.466114 -3.481801 587.5 4 5 294.0 0.651 0 0 0 
454.10 84.0 40.466206 -3.482047 588.0 4 5 295.0 0.980 0 0 0 
455.07 84.7 40.466293 -3.482293 588.2 4 5 294.6 0.629 0 0 0 
456.15 85.6 40.466381 -3.482543 588.7 4 5 293.9 1.055 0 0 0 
457.07 85.1 40.466476 -3.482797 589.0 4 5 294.6 0.703 0 0 0 
458.06 83.9 40.466557 -3.483049 589.2 4 5 293.9 0.703 0 0 0 
459.12 83.9 40.466640 -3.483300 589.1 4 5 293.9 0.703 1 0 0 
460.18 80.5 40.466686 -3.483546 589.2 4 5 285.8 8.086 1 0 0 
461.05 79.3 40.466721 -3.483798 589.4 4 5 280.9 13.008 0 0 0 
462.06 79.8 40.466732 -3.484055 589.7 3 5 274.6 11.250 0 0 0 
463.06 80.9 40.466724 -3.484321 589.9 3 5 268.6 12.305 0 0 0 
464.08 82.4 40.466698 -3.484597 590.0 3 5 263.7 10.898 1 0 0 
465.06 82.0 40.466652 -3.484854 590.2 3 5 257.7 10.898 1 0 0 
466.08 81.9 40.466579 -3.485101 590.3 3 5 250.7 13.008 1 0 0 
467.12 79.8 40.466484 -3.485330 590.2 3 5 242.2 15.469 0 0 0 
468.06 77.0 40.466370 -3.485530 589.9 3 5 232.7 17.930 0 0 0 
469.07 76.0 40.466248 -3.485721 589.8 3 5 229.9 12.305 0 0 0 
470.06 75.0 40.466122 -3.485910 589.8 3 5 229.9 2.812 0 0 0 
471.08 74.6 40.466003 -3.486099 590.0 3 5 230.3 0.352 0 0 0 
472.07 74.4 40.465893 -3.486283 590.1 3 5 230.6 0.703 0 0 0 
473.06 75.4 40.465771 -3.486471 590.4 3 5 230.3 0.352 0 0 0 
474.07 77.6 40.465649 -3.486664 590.2 3 5 229.6 1.055 0 0 0 
475.11 78.7 40.465527 -3.486857 590.6 3 5 229.6 0.703 0 0 0 
476.07 81.8 40.465397 -3.487056 590.6 3 5 229.9 0.352 0 0 0 
477.07 80.2 40.465271 -3.487258 590.9 3 5 229.6 0.352 0 0 0 
478.05 76.0 40.465145 -3.487448 590.7 3 5 227.8 2.109 0 0 0 
479.09 72.3 40.465012 -3.487617 590.5 3 5 223.2 6.328 1 0 0 
480.05 69.4 40.464870 -3.487754 590.7 3 5 213.8 14.062 1 0 0 
481.07 67.3 40.464718 -3.487859 592.1 3 5 202.5 20.742 1 0 0 
482.06 65.7 40.464558 -3.487923 593.4 3 5 193.4 20.391 0 0 0 
483.10 63.4 40.464394 -3.487951 594.6 3 5 181.8 20.742 0 0 0 
484.08 62.7 40.464233 -3.487937 595.6 3 5 172.6 20.742 0 0 0 
485.07 57.3 40.464054 -3.487848 596.2 3 5 155.0 26.774 0 0 0 
486.09 55.9 40.463963 -3.487790 596.4 3 5 147.1 25.522 1 0 0 
487.07 51.0 40.463863 -3.487691 596.6 3 5 143.7 11.310 0 1 0 
488.06 50.7 40.463768 -3.487570 596.8 3 5 141.7 5.385 0 1 0 
489.08 51.0 40.463688 -3.487421 597.0 3 5 126.3 17.419 0 1 0 
490.06 50.4 40.463634 -3.487280 596.8 3 5 113.3 28.376 0 1 0 
491.10 50.4 40.463593 -3.487120 597.0 3 5 106.9 19.326 0 1 0 
492.07 50.7 40.463566 -3.486972 596.8 3 5 117.6 10.625 0 1 0 
493.08 50.8 40.463554 -3.486801 596.8 3 5 71.1 46.484 0 1 0 
494.07 52.0 40.463585 -3.486639 596.9 3 5 71.1 46.484 0 1 0 
495.07 53.9 40.463627 -3.486479 597.0 3 5 69.7 1.400 0 1 0 
496.05 57.4 40.463669 -3.486307 596.9 3 5 69.7 1.400 0 1 0 
497.07 59.4 40.463737 -3.486137 597.2 3 5 61.9 7.794 0 1 0 
498.09 61.8 40.463810 -3.485954 597.1 3 5 62.6 7.091 0 1 0 
499.08 66.3 40.463879 -3.485755 596.7 3 5 66.4 4.570 0 1 0 
500.09 68.8 40.463936 -3.485547 595.9 3 5 69.3 6.680 0 1 0 
501.07 73.0 40.463997 -3.485320 595.0 3 5 70.7 4.219 0 1 0 
502.07 75.7 40.464054 -3.485103 594.1 3 5 72.1 2.812 1 1 0 
503.08 80.3 40.464115 -3.484862 593.1 3 5 73.5 2.812 0 1 0 
504.08 80.4 40.464172 -3.484612 592.2 3 5 72.8 0.703 0 1 0 
505.07 83.1 40.464241 -3.484353 591.5 3 5 72.1 1.406 0 1 0 
506.09 88.3 40.464302 -3.484066 591.2 3 5 73.8 1.758 0 1 0 
507.07 89.8 40.464355 -3.483775 591.1 3 5 73.8 1.758 0 1 0 
508.08 91.4 40.464420 -3.483479 591.7 3 5 73.8 0 0 1 0 
509.06 92.7 40.464489 -3.483191 591.7 3 5 73.5 0.352 0 1 0 
510.05 94.2 40.464554 -3.482900 591.5 3 5 73.5 0.352 0 1 0 
511.09 91.6 40.464622 -3.482606 591.9 3 5 73.8 0.352 0 1 0 
512.07 88.7 40.464684 -3.482336 591.6 3 5 72.8 1.055 0 1 0 
513.08 86.6 40.464748 -3.482063 590.9 3 5 73.1 0.703 0 1 0 
514.07 80.5 40.464798 -3.481837 590.1 3 5 72.8 0.352 0 1 0 
515.05 78.0 40.464855 -3.481586 589.5 3 5 72.1 1.055 0 1 0 
516.06 77.8 40.464916 -3.481337 589.4 3 5 72.1 0.703 0 1 0 
517.11 79.2 40.464977 -3.481085 588.7 3 5 72.1 0 0 1 0 
518.05 79.5 40.465042 -3.480842 588.4 3 5 70.7 1.406 0 1 0 
519.07 80.9 40.465111 -3.480587 588.5 3 5 70.7 1.406 0 1 0 
520.07 82.6 40.465183 -3.480333 588.4 3 5 69.6 1.055 0 1 0 
521.06 84.3 40.465260 -3.480082 588.6 3 5 67.6 3.057 0 0 0 
522.05 85.9 40.465328 -3.479819 588.8 3 5 65.8 3.773 0 0 0 
523.06 87.1 40.465412 -3.479574 589.0 3 5 36.9 30.738 0 0 0 
524.05 88.9 40.465462 -3.479277 588.7 3 5 74.1 37.270 2 1 0 
525.05 90.7 40.465542 -3.478993 588.9 3 5 74.1 37.270 0 1 0 
526.06 91.8 40.465611 -3.478724 588.8 3 5 74.1 0 0 0 0 
527.08 92.5 40.465683 -3.478429 588.4 3 5 74.1 0 0 0 0 
528.05 89.4 40.465748 -3.478143 588.0 3 5 74.1 0 0 0 0 
529.06 87.2 40.465809 -3.477863 587.7 3 5 76.0 1.824 0 0 0 
530.06 89.2 40.465874 -3.477571 587.5 3 5 75.1 0.978 0 0 0 
531.06 90.0 40.465927 -3.477296 587.7 3 5 75.1 0.846 0 0 0 
532.05 91.2 40.465984 -3.476989 588.3 3 5 75.1 0 0 0 0 
533.06 93.0 40.466042 -3.476692 588.4 3 5 75.5 0.427 0 0 0 
534.09 93.5 40.466095 -3.476410 588.4 3 5 75.5 0.427 0 0 0 
535.11 96.2 40.466152 -3.476112 588.5 3 5 76.0 0.419 0 0 0 
536.07 97.0 40.466206 -3.475798 588.5 3 5 76.5 0.999 0 0 0 
537.18 99.3 40.466263 -3.475477 589.5 3 5 76.5 0.580 0 0 0 
538.11 100.3 40.466320 -3.475164 589.5 3 5 77.4 0.837 0 0 0 
539.07 98.1 40.466373 -3.474858 589.3 3 5 77.4 0.837 0 0 0 
540.06 93.6 40.466419 -3.474546 589.3 4 5 78.3 0.954 0 0 0 
541.05 90.2 40.466465 -3.474243 589.1 4 5 78.3 0.954 0 0 0 
542.10 91.3 40.466503 -3.473963 588.5 3 5 78.3 0 0 0 0 
543.05 92.1 40.466553 -3.473669 588.3 4 5 79.4 1.053 0 0 0 
544.06 93.3 40.466602 -3.473380 588.2 4 5 79.4 1.053 1 0 0 
545.06 94.7 40.466644 -3.473080 588.5 3 5 80.1 0.676 1 0 0 
546.10 95.6 40.466686 -3.472772 589.1 4 5 80.7 1.336 0 0 0 
547.07 97.4 40.466732 -3.472461 589.2 4 5 81.4 1.367 0 0 0 
548.07 98.9 40.466782 -3.472136 589.1 4 5 82.8 2.095 2 1 0 
549.07 99.8 40.466816 -3.471812 589.9 3 5 83.5 2.055 0 1 0 
550.07 100.6 40.466850 -3.471480 589.9 3 5 83.0 0.524 0 1 0 
551.06 101.5 40.466877 -3.471143 590.1 3 5 83.5 0.539 0 1 0 
552.07 101.2 40.466904 -3.470796 589.7 3 5 84.5 1.540 0 1 0 
553.06 102.7 40.466927 -3.470457 589.5 4 5 85.0 1.549 0 1 0 
554.07 103.0 40.466942 -3.470119 589.9 3 5 86.0 1.507 0 1 0 
555.07 101.3 40.466961 -3.469793 589.2 3 5 86.5 1.470 0 1 0 
556.07 98.4 40.466976 -3.469469 590.2 3 5 86.5 0.511 0 1 0 
557.06 98.1 40.466988 -3.469151 590.9 3 5 86.5 0 0 1 0 
558.07 98.8 40.467007 -3.468848 590.2 3 5 86.5 0 0 1 0 
559.13 98.3 40.467014 -3.468563 589.8 3 5 88.1 1.592 0 1 0 
560.07 101.5 40.467022 -3.468212 590.1 3 5 88.7 2.213 0 1 0 
561.08 102.2 40.467026 -3.467865 590.4 3 5 88.6 0.482 0 1 0 
562.07 104.5 40.467026 -3.467523 590.3 3 5 89.6 1.055 0 1 0 
563.15 104.1 40.467026 -3.467182 589.9 3 5 90.4 1.758 0 1 0 
564.08 104.1 40.467022 -3.466841 589.7 3 5 90.7 1.055 0 1 0 
565.06 106.7 40.467014 -3.466490 589.7 3 5 91.1 0.703 0 1 0 
566.07 107.1 40.467010 -3.466146 590.0 3 5 91.1 0.352 0 1 0 
567.08 107.3 40.466999 -3.465793 590.0 3 5 91.4 0.352 0 1 0 
568.08 103.8 40.466999 -3.465461 590.8 3 5 91.4 0.352 0 1 0 
569.12 100.4 40.466988 -3.465127 591.0 3 5 91.8 0.352 0 1 0 
570.06 95.3 40.466972 -3.464812 590.3 3 5 92.1 0.703 0 1 0 
571.12 94.1 40.466965 -3.464494 589.7 3 5 92.5 0.703 0 1 0 
572.12 93.7 40.466949 -3.464182 589.6 3 5 93.2 1.055 0 1 0 
573.08 93.0 40.466938 -3.463892 588.8 3 5 92.5 0.703 0 1 0 
574.08 95.7 40.466923 -3.463582 588.7 3 5 93.5 1.055 0 1 0 
575.05 97.7 40.466904 -3.463264 588.6 3 5 93.3 0.792 0 1 0 
576.11 99.0 40.466892 -3.462948 589.4 3 5 93.3 0.263 0 1 0 
577.22 101.4 40.466877 -3.462614 589.4 3 5 93.5 0.213 0 1 0 
578.06 103.5 40.466866 -3.462270 589.1 3 5 93.5 0.213 0 1 0 
579.08 105.2 40.466846 -3.461940 589.9 3 5 93.5 0 0 1 0 
580.08 104.4 40.466839 -3.461586 590.1 3 5 93.5 0 0 1 0 
581.05 105.5 40.466827 -3.461241 589.8 3 5 93.5 0 0 1 0 
582.06 107.7 40.466805 -3.460889 590.6 3 5 93.5 0 0 1 0 
583.05 105.0 40.466785 -3.460528 590.2 3 5 93.3 0.174 0 1 0 
584.06 100.9 40.466766 -3.460182 589.8 3 5 93.7 0.447 0 0 0 
585.12 97.1 40.466751 -3.459855 589.7 3 5 93.7 0.447 0 0 0 
586.08 96.4 40.466728 -3.459523 588.8 3 5 93.7 0 0 0 0 
587.06 96.1 40.466713 -3.459198 588.8 3 5 93.7 0 0 0 0 
588.06 97.3 40.466694 -3.458880 588.9 3 5 93.7 0 0 0 0 
589.08 99.3 40.466682 -3.458559 588.6 3 5 93.5 0.220 0 0 0 
590.06 101.2 40.466671 -3.458236 588.3 3 5 93.5 0.220 0 0 0 
591.06 102.9 40.466660 -3.457889 588.7 3 5 93.5 0 0 0 0 
592.06 103.4 40.466648 -3.457561 588.8 3 5 92.5 1.042 0 0 0 
593.06 103.8 40.466629 -3.457245 589.1 3 5 92.5 1.042 0 0 0 
594.06 103.0 40.466618 -3.456911 589.1 3 5 92.5 0 0 0 0 
595.06 100.5 40.466610 -3.456568 588.1 3 5 91.7 0.738 0 0 0 
596.14 98.2 40.466602 -3.456246 587.0 3 5 91.7 0.738 0 0 0 
597.06 95.9 40.466587 -3.455953 585.8 3 5 90.8 0.989 0 0 0 
598.22 95.9 40.466579 -3.455628 585.6 3 5 91.4 0.682 0 0 0 
599.09 94.1 40.466579 -3.455309 585.7 3 5 90.5 0.982 0 0 0 
600.08 95.1 40.466583 -3.455014 586.7 3 5 90.5 0.982 0 0 0 
601.09 96.4 40.466576 -3.454687 585.9 3 5 90.5 0 0 0 0 
602.07 98.8 40.466576 -3.454360 585.6 3 5 91.0 0.576 0 0 0 
603.06 99.8 40.466579 -3.454045 585.4 3 5 88.6 2.441 0 0 0 
604.07 100.7 40.466583 -3.453712 585.2 3 5 87.9 3.148 0 0 0 
605.07 100.4 40.466599 -3.453383 586.4 3 5 87.1 1.516 0 0 0 
606.07 100.5 40.466610 -3.453052 587.6 3 5 87.1 0.810 0 0 0 
607.07 101.2 40.466621 -3.452726 586.7 3 5 87.1 0 0 0 0 
608.07 102.8 40.466633 -3.452381 584.4 3 5 87.1 0 0 0 0 
609.13 103.0 40.466652 -3.452043 583.8 3 5 87.1 0 0 0 0 
610.07 101.8 40.466682 -3.451730 583.6 3 5 86.0 1.049 0 0 0 
611.07 100.9 40.466702 -3.451406 583.1 3 5 85.5 1.564 0 0 0 
612.07 100.9 40.466721 -3.451067 582.8 3 5 85.0 0.998 0 0 0 
613.11 103.4 40.466740 -3.450733 583.0 3 5 85.0 0.483 0 0 0 
614.07 106.7 40.466770 -3.450389 583.2 3 5 85.0 0 0 0 0 
615.05 109.8 40.466808 -3.450034 583.0 3 5 85.0 0.065 0 0 0 
616.08 112.3 40.466846 -3.449668 583.7 3 5 84.3 0.733 0 0 0 
617.07 115.3 40.466877 -3.449294 585.1 3 5 83.9 1.021 0 0 0 
618.05 118.7 40.466904 -3.448914 587.3 3 5 83.9 0.353 0 0 0 
619.09 119.7 40.466934 -3.448512 588.2 3 5 84.8 0.823 0 0 0 
620.06 121.5 40.466965 -3.448118 586.3 3 5 84.1 0.670 0 0 0 
621.10 122.7 40.467003 -3.447719 587.5 3 5 82.6 2.208 0 0 0 
622.11 123.7 40.467041 -3.447318 586.3 3 5 82.6 1.538 0 0 0 
623.08 122.2 40.467075 -3.446913 584.9 3 5 83.2 0.634 0 0 0 
624.06 122.1 40.467106 -3.446514 585.2 3 5 84.0 1.422 0 0 0 
625.08 120.5 40.467140 -3.446125 585.8 3 5 84.0 0.788 0 0 0 
626.18 119.1 40.467178 -3.445722 585.0 3 5 84.3 0.304 0 0 0 
627.08 117.9 40.467209 -3.445342 585.1 3 5 84.3 0.304 0 0 0 
628.14 117.9 40.467239 -3.444952 584.6 3 5 83.6 0.694 1 0 0 
629.07 118.0 40.467270 -3.444576 584.9 3 5 83.6 0.694 0 0 0 
630.08 116.8 40.467293 -3.444193 584.8 3 5 83.6 0 0 0 0 
631.12 115.5 40.467319 -3.443818 584.7 3 5 84.0 0.440 2 0 0 
632.05 112.4 40.467342 -3.443446 584.7 3 5 82.8 1.184 0 0 0 
633.06 111.2 40.467365 -3.443077 583.1 3 5 82.4 1.660 0 0 0 
634.06 111.7 40.467396 -3.442717 582.7 3 5 81.9 0.908 0 0 0 
635.08 113.0 40.467449 -3.442364 582.8 3 5 81.9 0.433 0 0 0 
636.08 112.2 40.467499 -3.442018 583.6 3 5 80.5 1.394 0 0 0 
637.08 114.7 40.467545 -3.441644 583.8 3 5 79.8 2.154 0 0 0 
638.05 115.7 40.467594 -3.441274 583.5 4 5 79.8 0.760 0 0 0 
639.21 116.6 40.467648 -3.440910 583.4 4 5 78.7 1.127 0 0 0 
640.06 117.5 40.467716 -3.440542 583.8 4 5 78.7 1.127 0 0 0 
641.05 117.8 40.467773 -3.440170 584.8 4 5 77.4 1.282 0 0 0 
642.10 116.9 40.467831 -3.439860 585.5 4 5 77.4 1.282 0 0 0 
643.07 116.1 40.467907 -3.439413 584.9 4 5 77.0 0.377 0 0 0 
644.06 115.1 40.467976 -3.439055 585.2 4 5 76.3 1.080 0 0 0 
645.09 112.3 40.468044 -3.438700 585.8 4 5 77.0 0.703 0 0 0 
646.06 110.9 40.468109 -3.438348 585.2 3 5 77.0 0.703 0 0 0 
647.05 111.4 40.468178 -3.437997 585.7 3 5 76.6 0.352 0 0 0 
648.06 112.4 40.468235 -3.437637 586.6 4 5 77.0 0.352 0 0 0 
649.06 112.5 40.468296 -3.437273 586.9 4 5 76.6 0.352 0 0 0 
650.11 113.1 40.468365 -3.436916 587.6 4 5 77.0 0.352 0 0 0 
651.07 113.1 40.468430 -3.436555 587.6 4 5 77.0 0.352 0 0 0 
652.13 111.7 40.468483 -3.436194 588.2 4 5 78.0 1.055 0 0 0 
653.08 112.5 40.468544 -3.435829 590.2 4 5 77.3 0.703 0 0 0 
654.09 112.5 40.468601 -3.435462 591.1 4 5 77.7 0.352 0 0 0 
655.09 112.7 40.468662 -3.435098 587.6 3 5 77.7 0.352 0 0 0 
656.06 113.1 40.468716 -3.434734 586.4 3 5 78.4 0.703 0 0 0 
657.07 112.7 40.468769 -3.434366 586.7 3 5 78.8 1.055 0 0 0 
658.09 112.8 40.468826 -3.434000 587.4 3 5 78.8 0.352 0 0 0 
659.06 112.4 40.468880 -3.433635 586.9 3 5 78.8 0 0 0 0 
660.06 113.0 40.468937 -3.433272 585.9 3 5 78.8 0 0 0 0 
661.06 114.1 40.468990 -3.432900 585.6 3 5 78.8 0 0 0 0 
662.06 115.1 40.469048 -3.432527 585.1 3 5 78.8 0 0 0 0 
663.08 116.2 40.469109 -3.432153 584.9 3 5 78.4 0.352 0 0 0 
664.06 117.0 40.469166 -3.431772 584.3 3 5 78.0 0.703 0 0 0 
665.12 116.4 40.469223 -3.431397 583.8 3 5 77.7 0.703 0 0 0 
666.07 114.0 40.469292 -3.431039 583.7 3 5 76.6 1.406 0 0 0 
667.06 111.1 40.469364 -3.430693 582.3 3 5 75.6 2.109 0 0 0 
668.07 110.6 40.469437 -3.430352 582.0 3 5 74.9 1.758 0 0 0 
669.08 111.3 40.469517 -3.430005 582.0 3 5 73.5 2.109 0 0 0 
670.08 113.1 40.469601 -3.429661 581.2 3 5 72.8 2.109 0 0 0 
671.14 115.2 40.469685 -3.429299 581.0 3 5 72.4 1.055 0 0 0 
672.19 115.2 40.469776 -3.428934 579.7 3 5 72.1 0.703 0 0 0 
673.06 113.9 40.469868 -3.428577 578.9 3 5 71.4 1.055 0 0 0 
674.08 113.0 40.469959 -3.428227 577.8 3 5 71.0 1.055 0 0 0 
675.07 112.2 40.470055 -3.427874 577.7 3 5 70.7 0.703 0 0 0 
676.07 114.2 40.470150 -3.427520 577.7 3 5 70.3 0.703 0 0 0 
677.07 117.1 40.470249 -3.427158 577.9 3 5 69.3 1.406 1 0 0 
678.06 120.0 40.470364 -3.426790 577.1 3 5 67.9 2.461 0 0 0 
679.05 122.4 40.470486 -3.426420 577.0 3 5 66.8 2.461 0 0 0 
680.10 124.1 40.470604 -3.426035 579.5 3 5 68.2 1.406 0 0 0 
681.13 125.3 40.470715 -3.425647 582.4 3 5 68.9 2.109 0 0 0 
682.08 125.9 40.470833 -3.425263 580.5 3 5 68.6 0.352 0 0 0 
683.18 126.3 40.470947 -3.424874 579.1 3 5 68.6 0.352 0 0 0 
684.06 126.8 40.471062 -3.424483 579.2 3 5 68.9 0.352 0 0 0 
685.10 127.3 40.471176 -3.424093 579.6 3 5 69.3 0.703 0 0 0 
686.08 127.7 40.471291 -3.423697 580.3 3 5 69.6 0.703 0 0 0 
687.10 126.2 40.471394 -3.423305 579.6 3 5 70.7 1.406 2 0 0 
688.12 121.6 40.471485 -3.422929 580.0 3 5 71.7 2.109 0 0 0 
689.08 115.9 40.471577 -3.422571 579.8 3 5 71.4 0.703 0 0 0 
690.08 111.8 40.471672 -3.422229 578.4 3 5 70.7 1.055 0 0 0 
691.07 110.7 40.471764 -3.421882 577.8 3 5 70.3 1.055 0 0 0 
692.07 111.3 40.471859 -3.421541 577.4 3 5 70.3 0.352 0 0 0 
693.05 112.2 40.471954 -3.421197 577.6 3 5 70.7 0.352 0 0 0 
694.05 112.8 40.472046 -3.420846 577.7 3 5 71.0 0.703 0 0 0 
695.07 113.8 40.472137 -3.420490 578.1 3 5 71.0 0.352 0 0 0 
696.09 114.4 40.472229 -3.420134 578.3 3 5 71.0 0 0 0 0 
697.05 115.4 40.472321 -3.419776 579.6 3 5 71.7 0.703 0 0 0 
698.07 116.2 40.472412 -3.419417 580.4 3 5 71.7 0.703 0 0 0 
699.06 116.2 40.472504 -3.419058 581.1 3 5 71.7 0 0 0 0 
700.16 115.9 40.472595 -3.418701 582.2 3 5 71.7 0 0 0 0 
701.08 111.7 40.472687 -3.418353 582.5 3 5 72.8 1.055 0 0 0 
702.08 105.4 40.472775 -3.418028 582.2 3 5 71.7 1.055 0 0 0 
703.06 100.2 40.472855 -3.417720 581.4 3 5 72.1 0.703 0 0 0 
704.12 97.6 40.472935 -3.417418 580.8 3 5 72.1 0.352 0 0 0 
705.06 99.9 40.473019 -3.417126 580.8 3 5 71.7 0.352 0 0 0 
706.06 101.3 40.473095 -3.416810 580.5 3 5 72.4 0.703 0 0 0 
707.07 98.9 40.473171 -3.416509 580.3 3 5 72.1 0.352 0 0 0 
708.08 102.0 40.473248 -3.416184 582.6 3 5 71.4 1.055 0 0 0 
709.07 104.8 40.473339 -3.415869 581.0 3 5 70.3 1.758 1 0 0 
710.06 108.7 40.473427 -3.415558 581.1 3 5 68.6 2.812 0 0 0 
711.06 111.6 40.473522 -3.415209 581.6 3 5 70.0 1.406 0 0 0 
712.08 113.8 40.473614 -3.414866 582.5 3 5 71.4 2.812 0 0 0 
713.06 115.6 40.473705 -3.414517 582.9 3 5 71.0 1.055 0 0 0 
714.09 120.5 40.473808 -3.414137 583.6 3 5 70.0 1.406 0 0 0 
715.07 121.8 40.473919 -3.413758 582.9 3 5 68.2 2.812 0 0 0 
716.09 122.7 40.474037 -3.413377 581.0 3 5 67.5 2.461 0 0 0 
717.05 122.1 40.474167 -3.413005 581.0 3 5 65.7 2.461 0 0 0 
718.07 121.9 40.474289 -3.412633 582.4 3 5 64.7 2.812 0 0 0 
719.06 121.8 40.474419 -3.412273 583.0 3 5 64.3 1.406 0 0 0 
720.05 121.8 40.474552 -3.411911 580.7 3 5 63.6 1.055 0 0 0 
721.08 121.8 40.474689 -3.411552 580.8 3 5 62.6 1.758 0 0 0 
722.06 122.1 40.474831 -3.411199 582.5 3 5 61.5 2.109 0 0 0 
723.08 122.3 40.474983 -3.410846 581.1 3 5 61.2 1.406 0 0 0 
724.07 122.0 40.475136 -3.410500 579.5 3 5 59.8 1.758 1 0 0 
725.10 122.5 40.475288 -3.410151 581.2 3 5 59.4 1.758 2 0 0 
726.08 122.5 40.475445 -3.409804 581.7 3 5 59.1 0.703 0 0 0 
727.07 122.8 40.475601 -3.409446 579.6 3 5 58.0 1.406 0 0 0 
728.07 122.4 40.475777 -3.409126 580.3 3 5 56.2 2.812 0 0 0 
729.12 121.6 40.475960 -3.408791 579.7 3 5 55.2 2.812 0 0 0 
730.07 122.3 40.476135 -3.408460 578.9 3 5 53.8 2.461 0 0 0 
731.11 122.1 40.476322 -3.408143 578.4 4 5 52.7 2.461 0 0 0 
732.05 122.4 40.476505 -3.407827 578.0 4 5 51.7 2.109 0 0 0 
733.07 123.8 40.476696 -3.407504 578.8 3 5 51.0 1.758 0 0 0 
734.07 121.9 40.476891 -3.407192 578.6 3 5 50.3 1.406 0 0 0 
735.10 120.9 40.477085 -3.406885 578.5 3 5 48.9 2.109 0 0 0 
736.07 120.7 40.477283 -3.406589 578.3 3 5 47.8 2.461 0 0 0 
737.07 119.2 40.477489 -3.406296 578.6 3 5 46.8 2.109 0 0 0 
738.09 119.3 40.477692 -3.406016 582.0 3 5 46.1 1.758 0 0 0 
739.08 119.8 40.477898 -3.405731 580.1 4 5 45.0 1.758 0 0 0 
740.08 119.3 40.478115 -3.405455 578.0 3 5 43.9 2.109 0 0 0 
741.11 119.5 40.478333 -3.405180 579.3 3 5 42.9 2.109 0 0 0 
742.08 119.7 40.478550 -3.404905 579.4 4 5 42.2 1.758 0 0 0 
743.05 120.2 40.478771 -3.404644 579.7 4 5 41.8 1.055 0 0 0 
744.06 120.7 40.478996 -3.404383 581.0 4 5 40.8 1.406 0 0 0 
745.08 120.6 40.479229 -3.404135 582.3 4 5 39.4 2.461 0 0 0 
746.05 120.6 40.479469 -3.403897 582.4 4 5 38.3 2.461 0 0 0 
747.10 119.3 40.479710 -3.403665 582.1 4 5 37.6 1.758 0 0 0 
748.12 120.4 40.479954 -3.403426 582.6 4 5 36.9 1.406 0 0 0 
749.07 119.9 40.480190 -3.403191 583.7 4 5 36.6 1.055 0 0 0 
750.10 119.6 40.480434 -3.402956 583.5 4 5 36.2 0.703 0 0 0 
751.07 119.6 40.480675 -3.402723 582.8 4 5 36.6 0.352 0 0 0 
752.05 119.9 40.480911 -3.402495 584.6 4 5 36.6 0.352 0 0 0 
753.07 119.2 40.481155 -3.402265 585.9 4 5 36.6 0 0 0 0 
754.06 119.3 40.481392 -3.402026 584.6 4 5 36.9 0.352 0 0 0 
755.08 118.5 40.481621 -3.401799 583.5 4 5 36.7 0.198 0 0 0 
756.10 117.7 40.481865 -3.401560 584.6 4 5 36.1 0.787 0 0 0 
757.06 117.5 40.482109 -3.401329 585.6 4 5 36.5 0.405 0 0 0 
758.05 117.1 40.482349 -3.401102 586.7 4 5 36.5 0.405 0 0 0 
759.05 116.0 40.482586 -3.400891 587.5 4 5 36.5 0 0 0 0 
760.19 116.0 40.482811 -3.400670 587.0 6 5 36.5 0 0 0 0 
761.08 115.5 40.483044 -3.400433 587.4 6 5 36.6 0.097 0 0 0 
762.05 115.6 40.483276 -3.400212 587.6 6 5 36.6 0.097 0 0 0 
763.05 115.3 40.483501 -3.399990 587.5 6 5 36.6 0 0 0 0 
764.07 114.5 40.483734 -3.399761 587.5 4 5 36.6 0 0 0 0 
765.06 114.5 40.483963 -3.399535 587.7 6 5 36.8 0.185 0 0 0 
766.06 114.3 40.484192 -3.399330 588.0 4 5 36.8 0.185 0 0 0 
767.06 113.6 40.484425 -3.399107 587.9 4 5 36.8 0 0 0 0 
768.06 114.6 40.484650 -3.398872 588.1 4 5 37.8 1.025 0 0 0 
769.06 114.9 40.484879 -3.398647 588.5 4 5 37.8 1.025 0 0 0 
770.06 114.2 40.485100 -3.398417 589.3 4 5 37.8 0 0 0 0 
771.09 112.9 40.485340 -3.398169 589.2 6 5 39.0 1.136 0 0 0 
772.06 112.4 40.485554 -3.397942 588.9 6 5 40.3 2.429 0 0 0 
773.08 111.7 40.485775 -3.397709 588.9 6 5 40.3 1.293 0 0 0 
774.06 112.5 40.485992 -3.397476 588.7 4 5 41.6 1.292 0 0 0 
775.07 113.7 40.486195 -3.397242 588.6 6 5 43.2 2.935 0 0 0 
776.12 113.8 40.486401 -3.397003 588.8 4 5 43.2 1.643 0 0 0 
777.06 115.1 40.486607 -3.396738 588.7 6 5 44.1 0.851 0 0 0 
778.06 115.5 40.486820 -3.396473 588.8 6 5 44.1 0.851 0 0 0 
779.06 115.7 40.487026 -3.396213 588.8 4 5 44.1 0 0 0 0 
780.09 114.5 40.487183 -3.396003 589.0 6 5 44.1 0 0 0 0 
781.21 114.6 40.487427 -3.395671 588.6 4 5 45.2 1.162 0 0 0 
782.09 115.1 40.487614 -3.395397 589.0 6 5 45.7 1.649 0 0 0 
783.07 115.9 40.487835 -3.395111 590.1 6 5 46.1 0.838 0 0 0 
784.09 116.8 40.488037 -3.394833 590.2 6 5 46.1 0.352 0 0 0 
785.05 117.5 40.488239 -3.394551 590.3 6 5 46.1 0 0 0 0 
786.16 118.9 40.488441 -3.394268 590.5 6 5 45.7 0.352 0 0 0 
787.06 120.9 40.488659 -3.393981 590.5 6 5 45.0 1.055 2 0 0 
788.09 122.0 40.488876 -3.393700 591.4 6 5 44.3 1.406 0 0 0 
789.07 123.5 40.489090 -3.393410 591.8 6 5 45.0 0.703 0 0 0 
790.08 124.8 40.489304 -3.393118 593.7 6 5 45.4 1.055 0 0 0 
791.15 125.2 40.489529 -3.392812 593.2 6 5 45.7 0.703 0 0 0 
792.09 125.9 40.489746 -3.392519 593.9 6 5 45.7 0.352 0 0 0 
793.06 126.8 40.489964 -3.392218 595.1 6 5 46.4 0.703 0 0 0 
794.14 125.9 40.490185 -3.391920 595.9 6 5 46.1 0.352 0 0 0 
795.06 126.7 40.490406 -3.391631 594.3 6 5 46.8 0.703 0 0 0 
796.08 126.8 40.490616 -3.391339 593.6 6 5 45.5 1.280 2 0 0 
797.07 125.5 40.490837 -3.391034 595.0 6 5 45.5 1.280 0 0 0 
798.06 124.8 40.491051 -3.390732 595.1 6 5 45.9 0.446 0 0 0 
799.07 121.6 40.491257 -3.390438 594.1 6 5 45.9 0.446 0 0 0 
800.08 118.9 40.491455 -3.390163 593.5 6 5 46.2 0.284 0 0 0 
801.11 117.4 40.491673 -3.389878 593.0 6 5 46.2 0.284 0 0 0 
802.07 117.3 40.491879 -3.389586 592.7 6 5 46.5 0.321 0 0 0 
803.08 117.1 40.492092 -3.389322 592.9 6 5 46.5 0.321 0 0 0 
804.09 116.0 40.492302 -3.389047 592.8 6 5 47.3 0.798 0 0 0 
805.11 117.6 40.492508 -3.388755 593.7 6 5 47.3 0.798 0 0 0 
806.05 117.6 40.492706 -3.388471 594.3 6 5 47.6 0.307 0 0 0 
807.08 118.0 40.492882 -3.388187 595.2 6 5 48.4 1.056 0 0 0 
808.05 117.6 40.493080 -3.387909 595.5 4 5 48.9 1.313 0 0 0 
809.08 117.9 40.493275 -3.387614 595.4 6 5 49.5 1.099 0 0 0 
810.08 117.8 40.493473 -3.387307 595.3 4 5 50.1 1.114 0 0 0 
811.09 118.4 40.493668 -3.387017 595.6 4 5 50.7 1.246 0 0 0 
812.11 118.5 40.493855 -3.386720 596.5 4 5 50.7 0.668 0 0 0 
813.08 118.7 40.494045 -3.386417 596.5 4 5 50.7 0 0 0 0 
814.06 118.6 40.494232 -3.386105 596.5 4 5 50.7 0 0 0 0 
815.05 118.6 40.494415 -3.385800 596.4 4 5 51.1 0.413 0 0 0 
816.05 118.7 40.494614 -3.385463 596.9 3 5 51.5 0.800 0 0 0 
817.09 118.8 40.494785 -3.385180 595.8 3 5 52.4 1.292 0 0 0 
818.06 118.4 40.494968 -3.384876 596.3 4 5 52.4 0.905 0 0 0 
819.05 118.7 40.495140 -3.384562 598.6 4 5 53.0 0.616 0 0 0 
820.06 118.8 40.495312 -3.384276 599.1 4 5 52.3 0.729 0 0 0 
821.15 120.4 40.495502 -3.383925 595.4 4 5 54.0 1.674 0 0 0 
822.08 120.7 40.495678 -3.383616 596.3 4 5 53.8 1.518 0 0 0 
823.06 120.6 40.495842 -3.383293 596.4 4 5 54.9 1.109 0 0 0 
824.08 120.6 40.496014 -3.382990 596.3 4 5 56.7 2.821 0 0 0 
825.06 120.3 40.496181 -3.382684 595.9 4 5 56.7 1.712 0 0 0 
826.06 120.2 40.496353 -3.382359 596.3 4 5 56.7 0 0 0 0 
827.08 119.9 40.496525 -3.382007 595.9 4 5 55.9 0.772 0 0 0 
828.07 119.9 40.496693 -3.381674 595.5 4 5 57.0 1.152 0 0 0 
829.06 120.3 40.496857 -3.381344 594.9 4 5 56.5 0.661 0 0 0 
830.16 120.4 40.497021 -3.381022 594.2 4 5 55.9 1.130 0 0 0 
831.08 122.2 40.497192 -3.380692 594.0 4 5 56.5 0.573 0 0 0 
832.06 122.7 40.497360 -3.380358 593.9 4 5 56.5 0.573 0 0 0 
833.07 123.2 40.497536 -3.380025 595.0 4 5 56.5 0 0 0 0 
834.09 123.7 40.497704 -3.379683 595.4 4 5 56.5 0 0 0 0 
835.06 124.3 40.497875 -3.379344 595.8 4 5 56.3 0.210 0 0 0 
836.08 124.3 40.498043 -3.379010 595.3 4 5 55.9 0.543 1 0 0 
837.09 124.1 40.498215 -3.378675 594.8 4 5 55.9 0.332 2 0 0 
838.05 124.1 40.498394 -3.378343 594.9 4 5 55.9 0 2 0 0 
839.06 119.9 40.498566 -3.378019 594.8 4 5 55.6 0.365 0 0 0 
840.06 116.4 40.498734 -3.377703 594.9 4 5 56.2 0.622 0 0 0 
841.08 115.8 40.498905 -3.377380 595.0 4 5 56.2 0.622 0 0 0 
842.06 115.7 40.499065 -3.377064 594.9 4 5 56.2 0 0 0 0 
843.06 116.7 40.499226 -3.376744 596.1 4 5 56.2 0 0 0 0 
844.09 118.3 40.499382 -3.376437 597.6 4 5 57.0 0.762 0 0 0 
845.09 120.5 40.499542 -3.376101 596.0 4 5 57.0 0.762 1 0 0 
846.08 121.8 40.499710 -3.375752 595.3 4 5 57.0 0 0 0 0 
847.06 122.4 40.499863 -3.375412 596.1 4 5 56.7 0.286 0 0 0 
848.06 122.2 40.500023 -3.375064 596.2 4 5 55.9 1.054 0 0 0 
849.13 121.3 40.500195 -3.374735 595.8 4 5 55.9 0.767 1 0 0 
850.11 120.3 40.500355 -3.374404 595.8 3 5 55.9 0 0 0 0 
851.07 120.5 40.500519 -3.374076 595.7 3 5 57.9 2.006 0 0 0 
852.12 122.0 40.500687 -3.373732 596.3 4 5 57.7 1.769 0 0 0 
853.08 120.3 40.500843 -3.373395 596.7 4 5 57.7 0.237 0 0 0 
854.10 120.3 40.501003 -3.373058 596.3 4 5 57.7 0 0 0 0 
855.07 119.8 40.501160 -3.372729 596.0 3 5 57.9 0.185 0 0 0 
856.05 119.1 40.501312 -3.372392 596.2 3 5 57.7 0.131 0 0 0 
857.11 117.8 40.501472 -3.372062 596.3 3 5 57.7 0.131 0 0 0 
858.07 116.6 40.501629 -3.371733 596.0 3 5 57.4 0.311 0 0 0 
859.06 115.6 40.501785 -3.371424 595.8 3 5 57.4 0.311 0 0 0 
860.06 115.0 40.501938 -3.371107 595.4 3 5 57.4 0 0 0 0 
861.08 113.4 40.502083 -3.370774 596.5 3 5 57.4 0 0 0 0 
862.08 113.7 40.502232 -3.370457 597.2 3 5 54.2 3.222 0 0 0 
863.06 113.5 40.502377 -3.370147 598.0 3 5 55.2 2.215 0 0 0 
864.06 114.1 40.502525 -3.369817 595.9 3 5 58.4 4.251 1 0 0 
865.17 114.6 40.502674 -3.369499 595.7 3 5 57.5 2.264 0 0 0 
866.08 115.2 40.502811 -3.369168 597.2 3 5 57.5 0.980 0 0 0 
867.09 114.5 40.502953 -3.368842 597.8 3 5 57.9 0.472 0 0 0 
868.08 111.2 40.503098 -3.368541 598.1 3 5 57.9 0.472 0 0 0 
869.08 108.0 40.503242 -3.368239 597.6 3 5 57.9 0 0 0 0 
870.08 104.4 40.503387 -3.367949 597.3 3 5 58.6 0.636 1 0 0 
871.06 106.1 40.503525 -3.367658 596.9 3 5 57.9 0.677 2 1 0 
872.07 105.6 40.503658 -3.367363 596.6 3 5 58.3 0.444 0 1 0 
873.24 105.7 40.503788 -3.367052 597.9 4 5 58.3 0.444 0 1 0 
874.14 102.3 40.503922 -3.366762 598.5 4 5 57.8 0.512 0 1 0 
875.07 98.0 40.504055 -3.366484 596.9 4 5 58.3 0.475 0 1 0 
876.14 95.8 40.504181 -3.366208 597.6 4 5 58.3 0.475 0 1 0 
877.05 95.4 40.504311 -3.365931 599.1 3 5 58.3 0 0 1 0 
878.05 95.9 40.504436 -3.365669 600.1 4 5 60.1 1.800 0 1 0 
879.06 93.7 40.504551 -3.365401 600.6 3 5 60.9 2.556 0 1 0 
880.09 91.0 40.504654 -3.365158 600.4 4 5 61.9 1.826 0 1 0 
881.07 88.2 40.504757 -3.364888 600.0 3 5 63.4 2.578 0 1 0 
882.10 86.3 40.504845 -3.364643 599.1 3 5 64.4 2.448 0 1 0 
883.07 85.0 40.504929 -3.364395 599.0 3 5 65.9 2.426 1 1 0 
884.06 84.4 40.505009 -3.364130 598.5 3 5 67.6 3.220 1 1 0 
885.07 84.3 40.505089 -3.363870 598.3 3 5 69.0 3.101 1 1 0 
886.06 82.9 40.505165 -3.363621 598.5 3 5 70.8 3.211 0 1 0 
887.16 82.7 40.505230 -3.363355 598.2 3 5 71.8 2.838 0 1 0 
888.09 82.8 40.505302 -3.363102 597.7 3 5 72.5 1.709 0 1 0 
889.07 84.4 40.505363 -3.362839 597.7 4 5 72.5 0.716 0 1 0 
890.10 85.0 40.505424 -3.362566 597.6 3 5 75.3 2.766 0 1 0 
891.10 85.1 40.505474 -3.362289 596.8 3 5 79.8 7.235 0 1 0 
892.09 86.4 40.505520 -3.362014 596.2 4 5 77.7 2.413 1 1 0 
893.07 85.4 40.505562 -3.361735 595.7 4 5 79.1 1.406 1 1 0 
894.08 85.2 40.505592 -3.361455 595.1 4 5 81.9 4.219 0 2 0 
895.12 85.2 40.505611 -3.361178 594.2 4 5 85.4 6.328 0 2 0 
896.09 84.7 40.505619 -3.360902 593.7 4 5 88.2 6.328 0 2 0 
897.10 85.9 40.505627 -3.360628 594.1 4 5 88.9 3.516 0 1 0 
898.06 85.0 40.505638 -3.360349 594.3 4 5 88.2 0.703 0 1 0 
899.07 86.1 40.505650 -3.360102 594.2 4 5 88.6 0.352 0 1 0 
900.07 86.2 40.505653 -3.359838 594.2 6 5 88.9 0.703 0 1 0 
901.07 87.9 40.505653 -3.359550 593.5 6 5 89.6 1.055 0 1 0 
902.07 87.6 40.505650 -3.359257 593.3 4 5 90.7 1.758 2 1 0 
903.07 87.6 40.505642 -3.358973 593.8 6 5 92.5 2.812 0 1 0 
904.06 89.2 40.505634 -3.358663 594.4 6 5 93.5 2.812 0 1 0 
905.08 88.9 40.505619 -3.358363 594.4 6 5 92.5 1.055 0 1 0 
906.07 90.4 40.505600 -3.358074 594.8 6 5 94.9 2.461 1 1 0 
907.07 88.1 40.505581 -3.357779 595.1 4 5 96.3 3.867 0 1 0 
908.07 90.0 40.505547 -3.357496 595.4 4 5 98.8 3.867 0 1 0 
909.07 89.9 40.505505 -3.357202 595.3 4 5 98.4 2.109 0 1 0 
910.07 86.3 40.505474 -3.356921 595.1 4 5 97.4 1.406 0 1 0 
911.07 81.9 40.505444 -3.356626 595.4 4 5 97.4 1.055 0 1 0 
912.10 78.9 40.505417 -3.356359 595.0 4 5 96.7 0.703 0 1 0 
913.10 77.1 40.505394 -3.356108 594.9 3 5 96.7 0.703 0 1 0 
914.07 75.1 40.505367 -3.355851 594.7 3 5 96.3 0.352 0 1 0 
915.05 71.2 40.505344 -3.355615 596.2 3 5 97.0 0.703 0 1 0 
916.14 69.7 40.505322 -3.355381 595.1 3 5 98.1 1.758 0 1 0 
917.07 68.5 40.505283 -3.355186 595.0 3 5 99.8 2.812 0 1 0 
918.06 65.7 40.505253 -3.354967 595.2 3 5 101.2 3.164 0 1 0 
919.08 62.1 40.505219 -3.354764 595.6 3 5 103.0 3.164 1 1 0 
920.06 59.0 40.505188 -3.354565 595.5 3 5 104.4 3.164 0 1 0 
921.06 54.5 40.505150 -3.354396 595.5 4 5 107.9 4.922 0 2 0 
922.08 51.1 40.505104 -3.354241 595.2 4 5 114.6 10.195 0 1 0 
923.07 48.1 40.505039 -3.354100 595.1 4 5 122.7 0 -9 -9 0 
924.07 44.9 40.504963 -3.353992 595.0 3 5 132.9 0 -9 -9 0 
