35.18 -1 40.505592 -3.363129 0.98 1.50
48.79 1 40.503464 -3.368401 1.09 1.50
66.40 -1 40.500465 -3.374576 0.87 1.50
92.93 1 40.495300 -3.384530 1.07 1.50
114.91 -1 40.490597 -3.391606 0.93 1.50
201.83 1 40.473057 -3.417380 0.81 1.50
216.83 -1 40.471748 -3.422541 0.47 1.50
327.91 1 40.467144 -3.465770 1.41 1.50
334.17 1 40.467186 -3.467361 1.00 1.50
345.06 1 40.467167 -3.469465 0.88 1.50
470.74 -1 40.465561 -3.478745 1.00 1.50
476.02 -1 40.465881 -3.477440 0.77 1.50
492.16 -1 40.466778 -3.472360 0.87 1.50
691.81 1 40.484161 -3.399308 1.39 1.50
711.00 -1 40.488728 -3.393849 0.58 1.50
724.82 1 40.491940 -3.389513 1.40 1.50
787.95 1 40.501778 -3.371336 0.63 1.50
791.85 1 40.502281 -3.370269 0.60 1.50
803.49 1 40.503517 -3.367606 1.39 1.50
833.41 1 40.505619 -3.358938 1.00 1.50
837.65 1 40.505486 -3.357305 0.96 1.50
