12.78 1 1 40.505661 -3.355633 20151126134749 
16.33 1 2 40.505764 -3.356617 20151126134752 
19.49 1 1 40.505825 -3.357465 20151126134756 
26.29 1 1 40.505947 -3.359779 20151126134802 
54.78 1 1 40.502365 -3.370673 20151126134831 
60.80 1 1 40.501328 -3.372864 20151126134837 
62.85 1 1 40.500980 -3.373557 20151126134839 
76.35 1 1 40.498569 -3.378273 20151126134852 
123.28 1 1 40.488766 -3.394098 20151126134939 
127.06 1 1 40.487850 -3.395352 20151126134943 
151.77 1 1 40.481747 -3.401879 20151126135008 
155.23 1 2 40.480938 -3.402647 20151126135011 
158.04 1 1 40.480183 -3.403387 20151126135014 
160.66 1 1 40.479462 -3.404140 20151126135017 
164.37 1 1 40.478767 -3.404904 20151126135020 
166.50 1 1 40.478329 -3.405421 20151126135023 
173.90 1 1 40.476677 -3.407746 20151126135030 
176.64 1 1 40.476124 -3.408694 20151126135033 
179.46 1 1 40.475788 -3.409337 20151126135035 
187.25 1 2 40.474594 -3.412049 20151126135043 
187.44 1 1 40.474594 -3.412049 20151126135043 
190.20 1 1 40.474224 -3.413075 20151126135046 
194.38 1 1 40.473785 -3.414474 20151126135050 
198.12 1 1 40.473412 -3.415929 20151126135054 
202.03 1 1 40.473057 -3.417380 20151126135058 
204.33 1 1 40.472881 -3.418098 20151126135100 
208.10 1 1 40.472546 -3.419486 20151126135104 
212.21 1 1 40.472206 -3.420849 20151126135108 
214.96 1 1 40.471947 -3.421877 20151126135111 
221.26 1 1 40.471317 -3.423951 20151126135117 
229.15 1 1 40.470409 -3.426972 20151126135125 
243.18 1 1 40.469151 -3.432610 20151126135139 
249.97 1 1 40.468678 -3.435667 20151126135146 
253.31 1 1 40.468464 -3.436986 20151126135149 
260.16 1 1 40.467949 -3.439915 20151126135156 
262.39 1 1 40.467819 -3.440724 20151126135158 
266.79 1 1 40.467564 -3.442684 20151126135203 
326.47 1 1 40.467121 -3.465091 20151126135302 
334.00 3 1 40.467186 -3.467361 20151126135310 
378.26 1 1 40.465862 -3.478861 20151126135354 
382.48 3 1 40.465702 -3.480088 20151126135358 
413.41 1 1 40.465294 -3.487130 20151126135429 
437.19 2 1 40.463661 -3.486099 20151126135453 
443.69 3 1 40.464108 -3.484795 20151126135500 
455.99 3 1 40.464733 -3.481957 20151126135512 
476.64 1 1 40.465954 -3.477133 20151126135533 
524.85 3 1 40.466850 -3.461404 20151126135621 
552.11 1 1 40.466740 -3.451393 20151126135648 
553.18 3 1 40.466759 -3.451041 20151126135649 
570.37 1 2 40.467255 -3.444869 20151126135706 
646.57 1 2 40.473694 -3.414376 20151126135823 
648.22 3 1 40.473812 -3.413980 20151126135824 
791.95 2 1 40.502281 -3.370269 20151126140048 
815.59 3 1 40.504868 -3.364452 20151126140112 
838.17 1 1 40.505486 -3.357305 20151126140134 
