14.52 -1.0 0 footway 1 1 40.504421 -3.364157 2.202 77.5 
17.55 120.0 1 motorway 4 1 40.505741 -3.356346 2.234 84.6 
19.54 120.0 1 motorway 4 1 40.505806 -3.357170 1.240 89.2 
22.25 120.0 1 motorway 4 1 40.505844 -3.357770 1.948 97.7 
23.80 120.0 1 motorway 3 1 40.505878 -3.358410 1.501 103.4 
25.63 120.0 1 motorway 3 1 40.505920 -3.359079 1.330 108.3 
28.11 120.0 1 motorway 3 1 40.505947 -3.359780 1.805 109.7 
29.62 120.0 1 motorway 3 1 40.505928 -3.360508 1.321 113.2 
31.09 120.0 1 motorway 3 1 40.505875 -3.361248 0.788 114.9 
32.74 120.0 1 motorway 3 1 40.505836 -3.361619 1.437 118.1 
34.34 120.0 1 motorway 3 1 40.505730 -3.362378 1.032 117.6 
36.20 120.0 1 motorway 3 1 40.505592 -3.363130 0.901 119.3 
37.00 120.0 1 motorway 3 1 40.505497 -3.363500 0.696 121.2 
37.83 120.0 1 motorway 3 1 40.505390 -3.363869 0.525 123.3 
39.25 120.0 1 motorway 3 1 40.505276 -3.364251 0.949 125.4 
40.17 120.0 1 motorway 3 1 40.505146 -3.364626 0.870 127.4 
41.31 120.0 1 motorway 3 1 40.505009 -3.365006 1.005 129.4 
43.25 120.0 1 motorway 3 1 40.504707 -3.365764 0.944 132.9 
44.08 120.0 1 motorway 3 1 40.504543 -3.366139 0.774 133.8 
45.09 120.0 1 motorway 3 1 40.504364 -3.366511 0.784 133.9 
46.75 120.0 1 motorway 3 1 40.504185 -3.366887 1.444 135.7 
48.79 120.0 1 motorway 3 1 40.503826 -3.367637 1.482 137.2 
50.85 120.0 1 motorway 3 1 40.503464 -3.368402 1.547 137.1 
52.88 120.0 1 motorway 3 1 40.503105 -3.369166 1.573 135.9 
54.92 120.0 1 motorway 3 1 40.502739 -3.369926 1.614 135.4 
56.35 120.0 1 motorway 3 1 40.502365 -3.370674 1.049 133.5 
59.16 120.0 1 motorway 3 1 40.502014 -3.371411 1.856 130.8 
60.65 120.0 1 motorway 3 1 40.501675 -3.372141 1.350 128.9 
62.42 120.0 1 motorway 3 1 40.501328 -3.372864 1.117 126.9 
63.93 120.0 1 motorway 3 1 40.500980 -3.373558 0.627 124.5 
65.88 120.0 1 motorway 3 1 40.500813 -3.373899 1.578 126.0 
67.02 120.0 1 motorway 3 1 40.500465 -3.374576 0.716 128.8 
69.89 120.0 1 motorway 3 1 40.500282 -3.374921 2.587 136.2 
71.34 120.0 1 motorway 3 1 40.499722 -3.376016 1.040 136.3 
73.76 120.0 1 motorway 3 1 40.499340 -3.376756 1.456 138.8 
76.01 120.0 1 motorway 3 1 40.498951 -3.377516 1.710 137.3 
78.06 120.0 1 motorway 3 1 40.498569 -3.378273 1.758 135.3 
79.90 120.0 1 motorway 3 1 40.498184 -3.379009 1.599 134.1 
81.75 120.0 1 motorway 3 1 40.497810 -3.379739 1.442 133.6 
83.59 120.0 1 motorway 3 1 40.497437 -3.380470 1.290 133.7 
85.84 120.0 1 motorway 3 1 40.497044 -3.381193 1.538 136.3 
87.59 120.0 1 motorway 3 1 40.496677 -3.381935 1.281 137.6 
89.45 120.0 1 motorway 3 1 40.496288 -3.382680 1.144 139.6 
91.69 120.0 1 motorway 3 1 40.495888 -3.383424 1.382 136.3 
93.73 120.0 1 motorway 3 1 40.495495 -3.384156 1.426 134.8 
95.88 120.0 1 motorway 3 1 40.495102 -3.384893 1.577 134.3 
97.72 120.0 1 motorway 3 1 40.494713 -3.385597 1.417 134.6 
99.97 120.0 1 motorway 3 1 40.494297 -3.386294 1.670 132.3 
101.31 120.0 1 motorway 3 1 40.493874 -3.386970 0.997 133.2 
104.70 120.0 1 motorway 3 1 40.493439 -3.387619 2.395 130.0 
106.84 120.0 1 motorway 3 1 40.492802 -3.388588 1.540 128.6 
108.58 120.0 1 motorway 3 1 40.492363 -3.389212 1.275 128.3 
109.85 120.0 1 motorway 3 1 40.491928 -3.389827 0.551 127.3 
111.55 120.0 1 motorway 3 1 40.491711 -3.390134 1.247 126.1 
113.23 120.0 1 motorway 3 1 40.491268 -3.390733 0.923 125.4 
114.12 120.0 1 motorway 3 1 40.491047 -3.391021 0.817 126.7 
115.34 120.0 1 motorway 3 1 40.490822 -3.391316 1.032 128.6 
117.50 120.0 1 motorway 3 1 40.490368 -3.391899 1.194 129.1 
119.67 120.0 1 motorway 3 1 40.489914 -3.392501 1.366 134.2 
122.30 120.0 1 motorway 3 1 40.489456 -3.393142 1.995 135.3 
124.35 120.0 1 motorway 3 1 40.488998 -3.393783 2.042 132.9 
126.19 120.0 1 motorway 3 1 40.488297 -3.394732 0.886 130.6 
127.55 120.0 1 motorway 3 1 40.488071 -3.395038 1.246 129.7 
130.00 120.0 1 motorway 3 1 40.487621 -3.395665 1.692 127.0 
131.42 120.0 1 motorway 3 1 40.487179 -3.396255 1.116 125.5 
133.92 120.0 1 motorway 3 1 40.486717 -3.396806 1.616 123.3 
136.12 120.0 1 motorway 3 1 40.486259 -3.397349 1.819 123.0 
138.27 120.0 1 motorway 3 1 40.485798 -3.397886 1.965 121.6 
139.30 120.0 1 motorway 3 1 40.485336 -3.398394 0.993 120.6 
140.24 120.0 1 motorway 3 1 40.485100 -3.398633 0.937 120.0 
141.15 120.0 1 motorway 3 1 40.484859 -3.398875 0.843 121.1 
143.81 120.0 1 motorway 3 1 40.484608 -3.399122 2.501 126.1 
145.55 120.0 1 motorway 3 1 40.483856 -3.399823 1.241 128.9 
147.49 120.0 1 motorway 3 1 40.483337 -3.400331 1.188 131.5 
149.14 120.0 1 motorway 3 1 40.482803 -3.400848 0.837 133.6 
150.53 120.0 1 motorway 3 1 40.482544 -3.401101 1.225 135.2 
152.71 120.0 1 motorway 3 1 40.482002 -3.401625 1.407 132.8 
154.57 120.0 1 motorway 3 1 40.481480 -3.402138 1.261 130.1 
156.61 120.0 1 motorway 3 1 40.480938 -3.402647 1.306 125.9 
158.14 120.0 1 motorway 3 1 40.480431 -3.403136 0.837 124.8 
159.27 120.0 1 motorway 3 1 40.480183 -3.403388 0.960 123.1 
160.94 120.0 1 motorway 3 1 40.479939 -3.403635 1.635 121.0 
162.24 120.0 1 motorway 3 1 40.479462 -3.404140 0.941 120.7 
164.18 120.0 1 motorway 3 1 40.479225 -3.404387 1.877 119.4 
166.54 120.0 1 motorway 3 1 40.478767 -3.404904 2.232 118.6 
169.14 120.0 1 motorway 3 1 40.478119 -3.405682 1.838 121.3 
171.15 120.0 1 motorway 3 1 40.477695 -3.406233 1.848 124.0 
172.58 120.0 1 motorway 3 1 40.477276 -3.406823 1.272 123.1 
175.04 120.0 1 motorway 3 1 40.476868 -3.407429 1.734 121.4 
176.68 120.0 1 motorway 3 1 40.476486 -3.408063 1.378 120.8 
178.76 120.0 1 motorway 3 1 40.476124 -3.408694 1.453 121.1 
180.36 120.0 1 motorway 3 1 40.475788 -3.409338 1.057 121.2 
182.41 120.0 1 motorway 3 1 40.475452 -3.410010 1.107 121.8 
184.76 120.0 1 motorway 3 1 40.475132 -3.410689 1.459 117.6 
186.50 120.0 1 motorway 3 1 40.474854 -3.411367 1.198 116.1 
188.16 120.0 1 motorway 3 1 40.474594 -3.412049 0.858 114.2 
189.27 120.0 1 motorway 3 1 40.474468 -3.412380 0.964 114.2 
190.33 120.0 1 motorway 3 1 40.474339 -3.412727 1.023 115.0 
192.76 120.0 1 motorway 3 1 40.474106 -3.413425 1.459 115.1 
194.62 120.0 1 motorway 3 1 40.473892 -3.414120 1.312 118.0 
196.85 120.0 1 motorway 3 1 40.473694 -3.414845 1.545 117.4 
198.05 120.0 1 motorway 3 1 40.473499 -3.415570 0.745 116.6 
199.63 120.0 1 motorway 3 1 40.473412 -3.415930 1.331 116.0 
201.67 120.0 1 motorway 3 1 40.473236 -3.416657 1.362 115.5 
203.19 120.0 1 motorway 3 1 40.473057 -3.417381 0.891 115.5 
204.42 120.0 1 motorway 3 1 40.472973 -3.417743 1.120 115.2 
206.08 120.0 1 motorway 3 1 40.472801 -3.418439 0.774 111.3 
206.98 120.0 1 motorway 3 1 40.472721 -3.418791 0.680 110.5 
208.04 120.0 1 motorway 3 1 40.472633 -3.419132 0.735 109.5 
209.24 120.0 1 motorway 3 1 40.472546 -3.419486 0.933 108.8 
210.05 120.0 1 motorway 3 1 40.472462 -3.419833 0.748 109.2 
211.12 120.0 1 motorway 3 1 40.472382 -3.420173 0.815 109.2 
212.13 120.0 1 motorway 3 1 40.472290 -3.420504 0.826 110.7 
213.56 120.0 1 motorway 3 1 40.472206 -3.420849 1.258 111.6 
215.61 120.0 1 motorway 3 1 40.472031 -3.421532 1.303 109.9 
219.20 120.0 1 motorway 3 1 40.471855 -3.422216 2.898 117.4 
220.50 120.0 1 motorway 3 1 40.471531 -3.423241 1.197 118.8 
222.56 120.0 1 motorway 3 1 40.471317 -3.423951 1.255 118.7 
224.62 120.0 1 motorway 3 1 40.471100 -3.424683 1.316 123.0 
226.86 120.0 1 motorway 3 1 40.470875 -3.425425 1.557 125.9 
228.85 120.0 1 motorway 3 1 40.470634 -3.426202 1.543 126.8 
230.95 120.0 1 motorway 3 1 40.470409 -3.426973 1.642 124.9 
232.23 120.0 1 motorway 3 1 40.470211 -3.427752 0.924 126.1 
233.72 120.0 1 motorway 3 1 40.470104 -3.428147 1.413 127.4 
235.18 120.0 1 motorway 3 1 40.469902 -3.428921 0.872 127.6 
236.17 120.0 1 motorway 3 1 40.469795 -3.429315 0.864 127.6 
238.01 120.0 1 motorway 3 1 40.469696 -3.429706 1.706 129.2 
240.06 120.0 1 motorway 3 1 40.469528 -3.430509 1.754 130.2 
241.49 120.0 1 motorway 3 1 40.469364 -3.431334 1.190 131.3 
243.54 120.0 1 motorway 3 1 40.469223 -3.432177 1.234 134.6 
245.52 120.0 1 motorway 3 1 40.469086 -3.433037 1.217 133.9 
247.97 120.0 1 motorway 3 1 40.468948 -3.433897 1.662 137.1 
249.13 120.0 1 motorway 3 1 40.468811 -3.434783 0.821 137.9 
250.40 120.0 1 motorway 3 1 40.468750 -3.435218 1.097 138.5 
252.25 120.0 1 motorway 3 1 40.468601 -3.436104 0.941 136.2 
254.19 120.0 1 motorway 3 1 40.468533 -3.436545 1.887 133.3 
255.74 120.0 1 motorway 3 1 40.468391 -3.437414 1.434 130.6 
258.20 120.0 1 motorway 3 1 40.468235 -3.438246 1.892 130.5 
259.82 120.0 1 motorway 3 1 40.468090 -3.439079 1.518 127.8 
261.61 120.0 1 motorway 3 1 40.467949 -3.439915 1.299 126.0 
263.41 120.0 1 motorway 3 1 40.467819 -3.440724 1.110 124.2 
266.27 120.0 1 motorway 3 1 40.467701 -3.441510 1.970 121.7 
267.71 120.0 1 motorway 3 1 40.467609 -3.442295 1.402 121.6 
269.87 120.0 1 motorway 3 1 40.467529 -3.443076 1.569 122.3 
272.11 120.0 1 motorway 3 1 40.467461 -3.443885 1.805 121.1 
273.34 120.0 1 motorway 3 1 40.467392 -3.444687 1.036 119.6 
276.42 120.0 1 motorway 3 1 40.467312 -3.445469 2.111 113.4 
278.66 120.0 1 motorway 3 1 40.467216 -3.446571 1.353 111.4 
280.40 120.0 1 motorway 3 1 40.467152 -3.447311 1.101 110.9 
282.57 120.0 1 motorway 3 1 40.467083 -3.448036 1.270 108.4 
285.12 120.0 1 motorway 3 1 40.467026 -3.448749 1.816 110.7 
286.99 120.0 1 motorway 3 1 40.466965 -3.449466 1.686 114.4 
288.66 120.0 1 motorway 3 1 40.466919 -3.450193 1.352 115.4 
290.25 120.0 1 motorway 3 1 40.466877 -3.450946 0.944 115.6 
292.49 120.0 1 motorway 3 1 40.466846 -3.451324 2.185 116.6 
294.23 120.0 1 motorway 3 1 40.466782 -3.452469 0.920 118.5 
295.57 120.0 1 motorway 3 1 40.466766 -3.452856 1.267 120.7 
297.40 120.0 1 motorway 3 1 40.466747 -3.453636 1.099 120.0 
299.80 120.0 1 motorway 3 1 40.466728 -3.454417 1.496 118.7 
300.88 120.0 1 motorway 3 1 40.466732 -3.455201 0.577 118.7 
302.44 120.0 1 motorway 3 1 40.466736 -3.455589 1.134 117.9 
304.67 120.0 1 motorway 3 1 40.466743 -3.456362 1.370 123.5 
306.83 120.0 1 motorway 3 1 40.466778 -3.457175 1.524 122.3 
308.66 120.0 1 motorway 3 1 40.466808 -3.457979 1.356 120.0 
310.84 120.0 1 motorway 3 1 40.466839 -3.458765 1.540 117.4 
312.46 120.0 1 motorway 3 1 40.466877 -3.459530 1.151 117.9 
314.82 120.0 1 motorway 3 1 40.466911 -3.460311 1.510 115.1 
317.00 120.0 2 motorway 3 1 40.466949 -3.461066 1.689 112.1 
319.01 120.0 1 motorway 3 1 40.466984 -3.461804 1.705 108.0 
320.86 120.0 1 motorway 3 1 40.467010 -3.462529 1.551 110.1 
322.81 120.0 1 motorway 3 1 40.467045 -3.463236 1.503 114.7 
324.13 120.0 1 motorway 3 1 40.467083 -3.463987 0.826 113.7 
334.41 120.0 1 motorway 3 1 40.467091 -3.464356 10.102 64.4 
336.83 120.0 1 motorway 3 1 40.467194 -3.467568 1.525 60.2 
337.95 120.0 1 motorway 3 1 40.467194 -3.467960 0.652 58.8 
339.60 120.0 1 motorway 3 1 40.467194 -3.468173 1.291 56.1 
342.36 120.0 1 motorway 3 1 40.467182 -3.468543 2.055 54.0 
344.00 120.0 1 motorway 3 1 40.467171 -3.469076 0.700 57.0 
345.43 120.0 1 motorway 3 1 40.467167 -3.469267 1.129 58.7 
347.38 120.0 1 motorway 3 1 40.467175 -3.469683 1.071 65.5 
350.36 120.0 1 motorway 3 1 40.467167 -3.470100 2.050 72.7 
352.29 120.0 1 motorway 3 1 40.467113 -3.470798 0.984 74.8 
353.52 120.0 1 motorway 3 1 40.467094 -3.471047 1.219 76.6 
355.23 120.0 1 motorway 3 1 40.467052 -3.471558 0.929 81.0 
356.43 120.0 1 motorway 3 1 40.467026 -3.471815 1.123 81.8 
358.95 120.0 1 motorway 3 1 40.466965 -3.472364 1.642 87.1 
360.48 120.0 1 motorway 3 1 40.466915 -3.472916 1.178 88.2 
362.46 120.0 1 motorway 3 1 40.466839 -3.473481 1.159 89.1 
364.07 120.0 1 motorway 3 1 40.466755 -3.474046 0.763 94.8 
365.73 120.0 1 motorway 3 1 40.466705 -3.474346 1.428 95.7 
367.57 120.0 1 motorway 3 1 40.466606 -3.474951 1.262 99.3 
369.73 120.0 1 motorway 3 1 40.466499 -3.475561 1.428 99.5 
371.97 120.0 1 motorway 3 1 40.466373 -3.476182 1.669 103.4 
373.73 120.0 1 motorway 3 1 40.466248 -3.476829 1.424 106.8 
375.54 120.0 1 motorway 3 1 40.466114 -3.477496 1.231 108.8 
378.15 120.0 1 motorway 3 1 40.465981 -3.478189 1.843 106.8 
379.84 80.0 1 primary_link 1 1 40.465862 -3.478862 1.533 95.9 
381.48 80.0 1 primary_link 1 1 40.465763 -3.479515 1.171 87.8 
383.52 70.0 1 primary_link 1 1 40.465702 -3.480088 1.219 83.3 
385.37 70.0 1 primary_link 1 1 40.465752 -3.480622 1.067 82.3 
387.52 70.0 1 primary_link 1 1 40.465897 -3.481143 1.212 83.4 
389.46 70.0 1 primary_link 1 1 40.466061 -3.481649 1.157 85.7 
391.31 70.0 1 primary_link 1 1 40.466236 -3.482159 1.006 86.2 
393.17 70.0 1 primary_link 1 1 40.466415 -3.482658 0.867 82.6 
394.48 70.0 1 primary_link 1 1 40.466499 -3.482896 1.175 80.2 
396.12 70.0 1 primary_link 1 1 40.466633 -3.483414 0.814 75.7 
397.04 70.0 1 primary_link 1 1 40.466660 -3.483648 0.731 75.4 
398.58 70.0 1 primary_link 1 1 40.466682 -3.483888 1.272 72.8 
400.11 70.0 1 primary_link 1 1 40.466679 -3.484372 0.806 73.0 
402.06 70.0 1 primary_link 1 1 40.466648 -3.484613 1.752 70.1 
403.59 70.0 1 primary_link 1 1 40.466545 -3.485049 1.289 69.5 
406.15 70.0 1 primary_link 1 1 40.466373 -3.485441 1.838 73.2 
407.29 70.0 1 primary_link 1 1 40.466152 -3.485807 0.984 74.8 
408.41 90.0 3 motorway_link 1 1 40.466034 -3.485978 1.100 75.8 
410.15 90.0 3 motorway_link 1 1 40.465786 -3.486366 0.845 76.4 
411.68 90.0 3 motorway_link 1 1 40.465660 -3.486558 1.380 74.8 
413.42 90.0 3 motorway_link 1 1 40.465424 -3.486942 1.120 73.2 
415.58 50.0 1 primary 1 1 40.465179 -3.487298 1.270 67.0 
417.83 50.0 1 primary 1 1 40.464951 -3.487618 1.521 55.4 
419.16 50.0 1 primary 1 1 40.464699 -3.487836 0.856 51.0 
420.39 50.0 1 primary 1 1 40.464573 -3.487890 1.087 48.0 
440.08 100.0 3 primary 1 1 40.463661 -3.486098 2.773 60.3 
441.89 90.0 1 motorway_link 1 1 40.463909 -3.485607 1.588 64.0 
443.75 90.0 1 motorway_link 1 1 40.464008 -3.485214 1.438 67.4 
445.40 90.0 1 motorway_link 1 1 40.464108 -3.484795 1.093 71.6 
447.56 90.0 1 motorway_link 1 1 40.464211 -3.484349 1.257 73.3 
449.57 90.0 1 motorway_link 1 1 40.464321 -3.483885 1.267 79.0 
452.14 90.0 1 motorway_link 1 1 40.464424 -3.483397 1.838 78.6 
453.05 90.0 1 motorway_link 1 1 40.464539 -3.482906 0.745 77.3 
454.49 90.0 1 motorway_link 1 1 40.464592 -3.482664 1.183 77.1 
457.66 90.0 1 motorway_link 1 1 40.464684 -3.482176 2.360 66.4 
459.91 90.0 1 motorway_link 1 1 40.464848 -3.481552 1.608 68.7 
461.45 90.0 1 motorway_link 1 1 40.464951 -3.481140 1.141 68.6 
463.09 90.0 1 motorway_link 1 1 40.465054 -3.480705 0.782 68.3 
464.42 90.0 1 motorway_link 1 1 40.465115 -3.480503 1.116 70.7 
466.16 90.0 1 motorway_link 1 1 40.465233 -3.480062 0.856 71.3 
467.29 90.0 1 motorway_link 1 1 40.465290 -3.479837 0.984 71.6 
468.13 90.0 1 motorway_link 1 1 40.465351 -3.479625 0.825 71.7 
469.44 90.0 1 motorway_link 1 1 40.465405 -3.479410 1.131 71.2 
471.28 90.0 1 motorway_link 1 1 40.465508 -3.478963 0.981 71.5 
472.20 90.0 1 motorway_link 1 1 40.465561 -3.478745 0.899 74.9 
473.76 90.0 1 motorway_link 1 1 40.465626 -3.478509 1.452 84.7 
475.38 90.0 1 motorway_link 1 1 40.465748 -3.478000 1.071 89.9 
476.93 90.0 1 motorway_link 1 1 40.465881 -3.477440 0.629 96.7 
478.42 90.0 1 motorway_link 1 1 40.465954 -3.477133 1.120 95.9 
480.20 120.0 1 motorway 4 1 40.466080 -3.476533 0.890 102.0 
481.54 120.0 1 motorway 4 1 40.466148 -3.476212 1.234 103.2 
483.57 120.0 1 motorway 4 1 40.466274 -3.475558 1.267 101.7 
485.12 120.0 1 motorway 4 1 40.466400 -3.474906 0.815 101.2 
486.17 120.0 1 motorway 4 1 40.466457 -3.474571 0.865 99.4 
486.95 120.0 1 motorway 4 1 40.466511 -3.474256 0.644 97.7 
487.97 120.0 1 motorway 4 1 40.466553 -3.473942 0.669 95.6 
489.03 120.0 1 motorway 4 1 40.466599 -3.473625 0.727 95.2 
490.23 120.0 1 motorway 4 1 40.466640 -3.473315 0.927 97.7 
491.23 120.0 1 motorway 4 1 40.466679 -3.472996 0.931 100.1 
491.87 120.0 1 motorway 4 1 40.466724 -3.472678 0.564 102.0 
493.40 120.0 1 motorway 4 2 40.466778 -3.472360 1.097 101.8 
495.66 120.0 1 motorway 4 2 40.466866 -3.471692 1.360 107.8 
497.39 120.0 1 motorway 4 2 40.466930 -3.471018 1.088 110.9 
499.16 120.0 1 motorway 4 2 40.466984 -3.470284 0.854 114.6 
500.00 120.0 1 motorway 4 2 40.467014 -3.469913 0.700 113.4 
501.11 120.0 1 motorway 3 2 40.467030 -3.469548 0.801 113.3 
502.23 120.0 1 motorway 3 2 40.467037 -3.469178 0.922 114.4 
503.34 120.0 1 motorway 3 2 40.467045 -3.468805 1.034 112.9 
505.28 120.0 1 motorway 3 2 40.467064 -3.468094 0.981 110.2 
506.10 120.0 1 motorway 3 2 40.467072 -3.467719 0.797 110.2 
507.36 120.0 1 motorway 3 2 40.467072 -3.467350 1.052 109.2 
509.12 120.0 1 motorway 3 2 40.467068 -3.466633 0.816 102.6 
509.89 120.0 1 motorway 3 2 40.467064 -3.466292 0.581 97.9 
511.01 120.0 1 motorway 3 2 40.467056 -3.465956 0.709 96.5 
512.08 120.0 1 motorway 3 2 40.467049 -3.465644 0.770 94.4 
513.37 120.0 1 motorway 3 2 40.467045 -3.465335 1.070 94.0 
515.88 120.0 1 motorway 3 2 40.467022 -3.464719 1.573 92.5 
518.49 120.0 1 motorway 3 2 40.466995 -3.464111 2.183 93.0 
520.27 120.0 1 motorway 3 2 40.466953 -3.463195 0.959 93.8 
521.15 120.0 1 motorway 3 2 40.466930 -3.462888 0.845 92.4 
522.72 120.0 1 motorway 3 2 40.466915 -3.462577 1.413 92.1 
524.16 120.0 1 motorway 3 2 40.466885 -3.461990 0.857 92.9 
525.25 120.0 1 motorway 3 2 40.466869 -3.461703 0.946 94.8 
526.27 120.0 1 motorway 3 2 40.466850 -3.461403 0.965 98.4 
527.30 120.0 1 motorway 3 2 40.466831 -3.461075 0.992 100.0 
528.63 120.0 1 motorway 3 2 40.466820 -3.460743 1.324 105.1 
530.19 120.0 1 motorway 3 2 40.466785 -3.460074 0.885 107.5 
531.43 120.0 1 motorway 3 2 40.466766 -3.459724 1.123 109.7 
533.39 120.0 1 motorway 3 2 40.466732 -3.459001 1.083 113.7 
535.79 120.0 1 motorway 3 2 40.466698 -3.458262 1.489 118.3 
537.35 120.0 1 motorway 3 2 40.466660 -3.457485 1.050 118.2 
539.10 120.0 1 motorway 3 2 40.466633 -3.456725 0.796 116.7 
540.30 120.0 1 motorway 3 2 40.466637 -3.456339 0.999 117.2 
541.42 120.0 1 motorway 3 2 40.466629 -3.455961 1.116 117.2 
543.17 120.0 1 motorway 3 2 40.466625 -3.455198 0.859 116.3 
544.20 120.0 1 motorway 3 2 40.466621 -3.454813 0.893 117.2 
545.63 120.0 1 motorway 3 2 40.466618 -3.454429 1.331 119.2 
547.47 120.0 1 motorway 3 2 40.466640 -3.453646 1.163 117.5 
549.63 120.0 1 motorway 3 2 40.466660 -3.452890 1.323 114.7 
551.38 120.0 1 motorway 3 2 40.466694 -3.452137 1.077 113.2 
553.63 120.0 1 motorway 3 2 40.466740 -3.451392 1.327 103.3 
555.35 120.0 1 motorway 3 2 40.466785 -3.450702 1.049 103.7 
557.60 120.0 1 motorway 3 2 40.466831 -3.450022 1.303 107.0 
559.57 120.0 1 motorway 3 2 40.466885 -3.449333 1.273 112.8 
560.84 120.0 1 motorway 3 2 40.466946 -3.448600 0.536 115.8 
562.14 120.0 1 motorway 3 2 40.466980 -3.448228 0.842 118.5 
563.34 120.0 1 motorway 3 2 40.467010 -3.447835 1.035 118.9 
565.29 120.0 1 motorway 3 2 40.467075 -3.447059 0.993 115.2 
566.04 120.0 1 motorway 3 2 40.467102 -3.446687 0.741 113.3 
567.69 120.0 1 motorway 3 2 40.467133 -3.446328 1.387 110.9 
568.98 120.0 1 motorway 3 2 40.467194 -3.445595 0.681 110.6 
570.11 120.0 1 motorway 3 2 40.467224 -3.445228 0.808 110.3 
571.42 120.0 1 motorway 3 2 40.467255 -3.444869 1.124 106.0 
573.78 120.0 1 motorway 3 2 40.467312 -3.444202 1.456 98.6 
575.62 120.0 1 motorway 3 2 40.467365 -3.443556 1.324 100.2 
577.78 120.0 1 motorway 3 2 40.467415 -3.442907 1.475 105.6 
579.32 120.0 1 motorway 3 2 40.467487 -3.442247 1.019 105.8 
581.36 120.0 1 motorway 3 2 40.467579 -3.441544 1.064 107.6 
583.58 120.0 1 motorway 3 2 40.467670 -3.440843 1.281 115.0 
585.98 120.0 1 motorway 3 2 40.467796 -3.440114 1.680 116.7 
587.24 120.0 1 motorway 3 2 40.467861 -3.439352 0.937 118.1 
588.24 120.0 1 motorway 3 2 40.467995 -3.438982 0.944 119.0 
589.35 120.0 1 motorway 3 2 40.468063 -3.438602 1.048 120.9 
591.18 120.0 1 motorway 3 2 40.468197 -3.437812 0.881 124.1 
592.33 120.0 1 motorway 3 2 40.468269 -3.437415 1.030 123.8 
594.67 120.0 1 motorway 3 2 40.468407 -3.436637 1.370 118.0 
596.72 120.0 1 motorway 3 2 40.468540 -3.435874 1.416 112.8 
598.87 120.0 1 motorway 3 2 40.468658 -3.435144 1.568 112.2 
600.81 120.0 1 motorway 3 2 40.468773 -3.434418 1.514 113.0 
602.45 120.0 1 motorway 3 2 40.468891 -3.433689 1.150 115.9 
604.70 120.0 1 motorway 3 2 40.469002 -3.432939 1.405 119.1 
606.40 120.0 1 motorway 3 2 40.469124 -3.432180 1.098 120.5 
608.95 120.0 1 motorway 3 2 40.469257 -3.431399 1.654 127.6 
610.71 120.0 1 motorway 3 2 40.469410 -3.430610 1.402 132.8 
612.84 120.0 1 motorway 3 2 40.469589 -3.429784 1.536 134.5 
614.64 120.0 1 motorway 3 2 40.469795 -3.428948 1.337 134.4 
616.40 120.0 1 motorway 3 2 40.470013 -3.428120 1.102 134.9 
618.12 120.0 1 motorway 3 2 40.470234 -3.427281 0.818 138.0 
619.49 120.0 1 motorway 3 2 40.470352 -3.426858 1.191 137.6 
622.06 120.0 1 motorway 3 2 40.470589 -3.426007 1.755 135.5 
624.07 120.0 1 motorway 3 2 40.470840 -3.425181 1.774 134.5 
626.23 120.0 1 motorway 3 2 40.471100 -3.424351 1.929 136.2 
627.44 120.0 1 motorway 3 2 40.471340 -3.423519 1.138 136.5 
629.18 120.0 1 motorway 3 2 40.471581 -3.422673 0.878 138.1 
630.20 120.0 1 motorway 3 2 40.471699 -3.422248 0.902 139.8 
631.05 120.0 1 motorway 3 2 40.471817 -3.421818 0.750 140.6 
632.21 120.0 1 motorway 3 2 40.471931 -3.421394 0.907 142.1 
633.38 120.0 1 motorway 3 2 40.472042 -3.420956 1.075 142.1 
635.33 120.0 1 motorway 3 2 40.472275 -3.420061 1.028 142.2 
637.19 120.0 1 motorway 3 2 40.472492 -3.419176 0.885 141.0 
638.29 120.0 1 motorway 3 2 40.472603 -3.418734 0.986 140.1 
639.52 120.0 1 motorway 3 2 40.472713 -3.418292 1.221 139.1 
641.47 120.0 1 motorway 3 2 40.472923 -3.417440 1.168 140.5 
643.94 120.0 1 motorway 3 2 40.473145 -3.416580 1.636 142.3 
645.36 120.0 1 motorway 3 2 40.473370 -3.415700 1.058 141.7 
647.92 120.0 1 motorway 3 2 40.473591 -3.414823 1.617 129.9 
649.60 120.0 1 motorway 3 2 40.473812 -3.413980 1.296 131.5 
652.32 120.0 1 motorway 3 2 40.474064 -3.413196 2.023 134.8 
654.68 120.0 1 motorway 3 2 40.474487 -3.412003 1.377 140.0 
656.46 120.0 1 motorway 3 2 40.474800 -3.411198 1.156 141.6 
658.57 120.0 1 motorway 3 2 40.475140 -3.410379 1.266 144.7 
660.29 120.0 1 motorway 3 2 40.475517 -3.409587 0.986 145.0 
661.44 120.0 1 motorway 3 2 40.475716 -3.409191 1.138 144.0 
663.66 120.0 1 motorway 3 2 40.476131 -3.408421 1.362 141.9 
665.74 120.0 1 motorway 3 2 40.476574 -3.407689 1.436 143.7 
667.49 120.0 1 motorway 3 2 40.477024 -3.406961 1.186 144.5 
669.15 120.0 1 motorway 3 2 40.477505 -3.406269 0.846 143.7 
670.14 120.0 1 motorway 3 2 40.477753 -3.405924 0.837 144.8 
671.06 120.0 1 motorway 3 2 40.478024 -3.405587 0.764 144.4 
672.29 120.0 1 motorway 3 2 40.478279 -3.405252 0.992 144.6 
673.03 120.0 1 motorway 3 2 40.478546 -3.404935 0.734 143.1 
674.13 120.0 1 motorway 3 2 40.478821 -3.404614 0.831 141.4 
675.16 120.0 1 motorway 3 2 40.479092 -3.404314 0.858 140.7 
676.40 120.0 1 motorway 3 2 40.479359 -3.404022 1.093 141.2 
678.84 120.0 1 motorway 3 2 40.479923 -3.403469 1.543 143.3 
680.89 120.0 1 motorway 3 2 40.480488 -3.402906 1.591 144.3 
682.77 120.0 1 motorway 3 2 40.481052 -3.402330 1.467 145.3 
685.29 120.0 1 motorway 3 2 40.481628 -3.401760 1.994 143.9 
686.63 120.0 1 motorway 3 2 40.482216 -3.401202 1.332 140.5 
688.61 120.0 1 motorway 3 2 40.482800 -3.400640 1.310 138.1 
690.11 120.0 1 motorway 3 2 40.483345 -3.400105 0.811 134.8 
692.40 120.0 1 motorway 3 1 40.483620 -3.399837 2.102 134.9 
694.95 120.0 1 motorway 3 1 40.484425 -3.399035 1.654 134.1 
696.42 120.0 1 motorway 3 1 40.484943 -3.398515 1.124 135.4 
698.20 120.0 1 motorway 3 1 40.485500 -3.397932 0.897 137.4 
698.91 120.0 1 motorway 3 1 40.485760 -3.397639 0.613 136.8 
699.84 120.0 1 motorway 3 1 40.486015 -3.397341 0.536 134.5 
700.79 120.0 1 motorway 3 1 40.486271 -3.397045 0.487 133.7 
701.95 120.0 1 motorway 3 1 40.486523 -3.396743 0.653 132.5 
703.04 120.0 1 motorway 3 1 40.486763 -3.396448 0.741 130.8 
704.59 120.0 1 motorway 3 1 40.487007 -3.396157 1.294 126.0 
705.99 120.0 1 motorway 3 1 40.487457 -3.395565 0.687 123.4 
707.93 120.0 1 motorway 3 1 40.487686 -3.395275 1.626 120.2 
708.88 120.0 1 motorway 3 1 40.488102 -3.394708 0.583 119.5 
710.28 120.0 1 motorway 3 1 40.488300 -3.394417 0.979 120.3 
711.11 120.0 1 motorway 3 2 40.488503 -3.394135 0.813 122.7 
711.92 120.0 1 motorway 3 2 40.488728 -3.393848 0.621 125.0 
712.95 120.0 1 motorway 3 2 40.488949 -3.393566 0.647 127.6 
714.07 120.0 1 motorway 3 2 40.489174 -3.393277 0.768 129.1 
714.99 120.0 1 motorway 3 2 40.489395 -3.392976 0.690 131.1 
715.92 120.0 1 motorway 3 2 40.489624 -3.392671 0.617 132.9 
716.93 120.0 1 motorway 3 2 40.489849 -3.392354 0.633 134.3 
717.92 120.0 1 motorway 3 2 40.490078 -3.392039 0.618 134.2 
718.88 120.0 1 motorway 3 2 40.490318 -3.391712 0.574 134.5 
720.11 120.0 1 motorway 3 2 40.490559 -3.391396 0.802 134.3 
721.03 120.0 1 motorway 3 2 40.490780 -3.391092 0.733 133.5 
722.18 120.0 1 motorway 3 2 40.491013 -3.390776 0.878 133.5 
723.00 120.0 1 motorway 3 2 40.491253 -3.390463 0.699 133.0 
724.53 120.0 1 motorway 3 2 40.491489 -3.390132 1.224 133.6 
725.95 120.0 1 motorway 3 1 40.491940 -3.389512 0.644 131.8 
727.28 120.0 1 motorway 3 1 40.492157 -3.389199 0.978 131.3 
728.51 120.0 1 motorway 3 1 40.492374 -3.388865 1.211 131.0 
730.56 120.0 1 motorway 3 1 40.492802 -3.388221 1.257 127.1 
732.17 120.0 1 motorway 3 1 40.493214 -3.387609 0.870 121.8 
733.43 120.0 1 motorway 3 1 40.493412 -3.387309 1.128 117.0 
735.27 120.0 1 motorway 3 1 40.493793 -3.386701 0.967 113.7 
736.09 120.0 1 motorway 3 1 40.493965 -3.386415 0.786 112.5 
737.07 120.0 1 motorway 3 1 40.494144 -3.386124 0.769 110.9 
737.93 120.0 1 motorway 3 1 40.494320 -3.385847 0.632 109.0 
738.85 120.0 1 motorway 3 1 40.494488 -3.385565 0.551 109.1 
739.91 120.0 1 motorway 3 1 40.494663 -3.385276 0.606 109.0 
740.84 120.0 1 motorway 3 1 40.494831 -3.384994 0.541 108.5 
741.93 120.0 1 motorway 3 1 40.494995 -3.384713 0.629 108.5 
744.40 120.0 1 motorway 3 1 40.495155 -3.384433 2.104 109.4 
746.35 120.0 1 motorway 3 1 40.495640 -3.383556 1.045 108.9 
748.89 120.0 1 motorway 3 1 40.495956 -3.382974 1.587 111.0 
750.83 120.0 1 motorway 3 1 40.496273 -3.382391 1.528 108.3 
752.28 120.0 1 motorway 3 1 40.496582 -3.381783 0.971 106.7 
753.91 120.0 1 motorway 3 1 40.496731 -3.381492 1.613 105.4 
755.65 120.0 1 motorway 3 1 40.497017 -3.380918 1.346 110.7 
758.03 120.0 1 motorway 3 1 40.497303 -3.380331 1.725 111.2 
759.23 120.0 1 motorway 3 1 40.497593 -3.379726 0.932 110.5 
762.08 120.0 1 motorway 3 1 40.497742 -3.379420 2.785 109.2 
763.77 120.0 1 motorway 3 1 40.498207 -3.378512 1.468 106.9 
765.69 120.0 1 motorway 3 1 40.498493 -3.377930 1.383 103.5 
767.35 120.0 1 motorway 3 1 40.498779 -3.377352 1.046 100.9 
769.19 120.0 1 motorway 3 1 40.499054 -3.376821 0.885 96.7 
770.29 120.0 1 motorway 3 1 40.499187 -3.376550 0.987 96.3 
771.31 120.0 1 motorway 3 1 40.499325 -3.376286 1.011 95.5 
773.19 120.0 1 motorway 3 1 40.499592 -3.375756 0.885 92.1 
774.29 120.0 1 motorway 3 1 40.499722 -3.375487 0.989 91.1 
775.31 120.0 1 motorway 3 1 40.499844 -3.375240 1.006 91.6 
776.95 120.0 1 motorway 3 1 40.500107 -3.374737 0.646 94.4 
778.09 120.0 1 motorway 3 1 40.500248 -3.374487 0.785 96.8 
779.51 120.0 1 motorway 3 1 40.500381 -3.374229 1.206 99.7 
781.79 120.0 1 motorway 3 1 40.500648 -3.373674 1.490 107.3 
783.19 120.0 1 motorway 3 1 40.500931 -3.373105 0.894 110.2 
784.10 120.0 1 motorway 3 1 40.501076 -3.372795 0.797 112.1 
785.17 120.0 1 motorway 3 1 40.501225 -3.372485 0.871 109.1 
786.26 120.0 1 motorway 3 1 40.501362 -3.372180 0.962 106.5 
786.88 120.0 1 motorway 3 1 40.501495 -3.371879 0.578 101.2 
788.21 120.0 1 motorway 3 1 40.501637 -3.371585 0.910 98.2 
789.23 120.0 1 motorway 3 1 40.501778 -3.371335 0.930 96.9 
790.57 120.0 1 motorway 3 1 40.501904 -3.371064 1.272 95.4 
792.49 120.0 1 motorway 3 1 40.502163 -3.370528 1.193 93.6 
794.77 120.0 1 motorway 4 2 40.502396 -3.369999 1.468 89.6 
796.50 120.0 1 motorway 4 2 40.502621 -3.369488 1.201 88.4 
798.35 120.0 1 motorway 4 2 40.502869 -3.369015 1.042 85.6 
800.50 120.0 1 motorway 4 2 40.503094 -3.368543 1.195 83.4 
802.44 120.0 1 motorway 4 2 40.503304 -3.368084 1.143 80.3 
804.67 120.0 1 motorway 4 1 40.503517 -3.367605 1.366 81.8 
806.67 120.0 1 motorway 4 1 40.503727 -3.367150 1.366 84.7 
809.92 120.0 1 motorway 4 1 40.503944 -3.366678 2.618 84.9 
811.67 120.0 1 motorway 4 1 40.504265 -3.365977 1.367 86.2 
813.24 120.0 1 motorway 4 1 40.504478 -3.365478 0.941 86.9 
814.35 120.0 1 motorway 4 1 40.504581 -3.365232 1.046 87.1 
816.88 120.0 1 motorway 4 1 40.504780 -3.364707 1.579 93.5 
819.03 120.0 1 motorway 4 1 40.504967 -3.364182 1.727 100.3 
820.72 120.0 1 motorway 4 1 40.505138 -3.363581 1.419 104.0 
822.61 120.0 1 motorway 4 1 40.505302 -3.362945 1.306 106.2 
824.37 120.0 1 motorway 3 1 40.505436 -3.362271 1.075 105.9 
827.02 120.0 1 motorway 3 1 40.505539 -3.361599 1.718 103.9 
828.71 90.0 3 motorway_link 1 1 40.505589 -3.360927 1.415 101.7 
831.22 90.0 3 motorway_link 1 1 40.505604 -3.360274 1.919 102.2 
832.75 90.0 1 motorway_link 2 1 40.505615 -3.359602 1.450 101.2 
834.30 90.0 1 motorway_link 2 1 40.505619 -3.358938 0.995 101.1 
835.42 90.0 1 motorway_link 2 1 40.505608 -3.358597 1.117 100.9 
837.57 90.0 1 motorway_link 2 1 40.505550 -3.357929 1.268 98.1 
839.31 90.0 1 motorway_link 2 1 40.505486 -3.357305 1.012 91.4 
841.17 90.0 1 motorway_link 2 1 40.505421 -3.356735 0.859 76.2 
