12.34 0.0 40.504421 -3.364157 608.3 17 2000 -1 -1 0 0 0 
13.37 80.6 40.505661 -3.355633 585.7 24 10 275.3 125.859 0 0 0 
14.39 77.5 40.505730 -3.356057 600.8 6 5 274.2 124.805 0 0 0 
15.40 79.3 40.505741 -3.356345 602.9 3 5 273.2 2.109 0 0 0 
16.33 83.7 40.505764 -3.356617 604.0 3 5 273.9 0.703 0 0 0 
17.31 84.6 40.505787 -3.356892 604.0 3 5 274.9 1.758 0 0 0 
18.32 86.0 40.505806 -3.357170 603.3 3 5 274.9 1.055 0 0 0 
19.32 89.2 40.505825 -3.357465 603.1 3 5 274.9 0 0 0 0 
20.32 92.7 40.505844 -3.357770 602.3 3 5 274.9 0 0 0 0 
21.33 95.1 40.505859 -3.358086 602.5 3 5 274.6 0.352 0 0 0 
22.32 97.7 40.505878 -3.358409 602.3 3 5 274.6 0.352 0 0 0 
23.40 100.6 40.505898 -3.358739 602.3 3 5 274.6 0 0 0 0 
24.34 103.4 40.505920 -3.359078 602.6 3 5 274.6 0 0 0 0 
25.31 104.1 40.505936 -3.359420 602.4 3 5 273.5 1.055 0 0 0 
26.33 108.3 40.505947 -3.359779 602.5 3 5 272.5 2.109 0 0 0 
27.31 109.4 40.505939 -3.360145 603.3 3 5 269.6 3.867 0 0 0 
28.33 109.7 40.505928 -3.360507 603.0 3 5 268.6 3.867 0 0 0 
29.31 111.5 40.505909 -3.360877 603.4 3 5 266.8 2.812 0 0 0 
30.40 113.2 40.505875 -3.361247 603.9 3 5 264.4 4.219 1 0 0 
31.32 114.9 40.505836 -3.361619 604.6 3 5 262.3 4.570 2 0 0 
32.36 116.8 40.505787 -3.361996 604.8 3 5 260.5 3.867 2 1 0 
33.32 118.1 40.505730 -3.362378 605.2 3 5 258.8 3.516 2 1 0 
34.33 117.6 40.505665 -3.362752 605.5 3 5 257.0 3.516 2 2 0 
35.33 117.6 40.505592 -3.363129 609.2 3 5 255.2 3.516 0 2 0 
36.34 119.3 40.505497 -3.363499 607.2 3 5 252.1 4.922 0 2 0 
37.30 121.2 40.505390 -3.363869 608.1 3 5 249.6 5.625 0 2 0 
38.31 123.3 40.505276 -3.364250 608.0 3 5 248.2 3.867 0 2 0 
39.33 125.4 40.505146 -3.364626 608.4 3 5 246.8 2.812 1 2 0 
40.33 127.4 40.505009 -3.365006 608.5 3 5 245.0 3.164 1 2 0 
41.34 129.4 40.504864 -3.365387 608.9 3 5 243.6 3.164 0 2 0 
42.31 131.3 40.504707 -3.365764 610.8 3 5 241.5 3.516 0 2 0 
43.36 132.9 40.504543 -3.366139 610.3 3 5 239.4 4.219 0 2 0 
44.33 133.8 40.504364 -3.366510 608.2 3 5 238.4 3.164 0 2 0 
45.31 133.9 40.504185 -3.366886 608.2 3 5 238.0 1.406 0 2 0 
46.31 134.5 40.504005 -3.367256 608.2 3 5 237.7 0.703 1 2 0 
47.38 135.7 40.503826 -3.367636 607.4 3 5 237.3 0.703 2 2 0 
48.31 137.6 40.503643 -3.368017 606.8 3 5 238.0 0.703 2 2 0 
49.32 137.2 40.503464 -3.368401 606.8 3 5 238.7 1.406 0 2 0 
50.37 137.4 40.503288 -3.368789 606.0 3 5 237.5 1.205 0 2 0 
51.36 137.1 40.503105 -3.369166 605.9 3 5 237.5 1.205 0 2 0 
52.31 136.2 40.502918 -3.369546 604.7 3 5 236.7 0.765 0 2 0 
53.31 135.9 40.502739 -3.369926 603.9 3 5 237.0 0.496 0 2 0 
54.31 135.3 40.502575 -3.370265 603.9 3 5 237.0 0.270 0 2 0 
55.32 135.4 40.502365 -3.370673 604.0 4 5 237.3 0.291 0 2 0 
56.36 133.5 40.502193 -3.371044 603.5 4 5 237.3 0.291 0 2 0 
57.31 132.0 40.502014 -3.371411 602.6 4 5 237.7 0.355 0 2 0 
58.31 130.3 40.501846 -3.371779 602.3 4 5 237.3 0.352 0 2 0 
59.32 130.8 40.501675 -3.372140 602.3 4 5 237.3 0.352 0 2 0 
60.31 130.1 40.501503 -3.372506 601.3 4 5 237.3 0 0 2 0 
61.32 128.9 40.501328 -3.372864 600.9 4 5 237.3 0 0 2 0 
62.32 126.9 40.501152 -3.373216 600.3 4 5 237.7 0.352 0 2 0 
63.34 125.5 40.500980 -3.373557 599.8 4 5 237.0 0.703 0 2 0 
64.32 124.5 40.500813 -3.373898 599.8 4 5 237.3 0.352 0 2 0 
65.32 124.0 40.500641 -3.374234 599.7 4 5 236.6 0.703 1 2 0 
66.31 126.0 40.500465 -3.374576 599.7 4 5 236.2 1.055 2 2 0 
67.32 128.8 40.500282 -3.374921 601.1 4 5 235.5 1.055 0 2 0 
68.32 131.5 40.500095 -3.375279 601.5 4 5 235.5 0.703 0 2 0 
69.31 134.5 40.499908 -3.375641 600.0 4 5 236.2 0.703 0 2 0 
70.32 136.2 40.499722 -3.376015 601.3 4 5 236.2 0.703 0 2 0 
71.35 136.3 40.499531 -3.376389 601.5 4 5 236.2 0 0 2 0 
72.31 136.9 40.499340 -3.376756 601.6 4 5 236.2 0 0 2 0 
73.32 137.6 40.499146 -3.377141 600.4 4 5 235.9 0.352 0 2 0 
74.35 138.8 40.498951 -3.377515 601.0 3 5 236.6 0.703 0 2 0 
75.32 138.3 40.498756 -3.377902 600.8 3 5 236.2 0.352 0 2 0 
76.33 137.3 40.498569 -3.378273 600.6 3 5 236.6 0.352 0 2 0 
77.34 136.6 40.498379 -3.378644 601.7 3 5 236.2 0.352 0 2 0 
78.32 135.3 40.498184 -3.379008 600.1 3 5 236.2 0.352 0 2 0 
79.32 134.7 40.497993 -3.379374 600.3 3 5 236.2 0 0 2 0 
80.39 134.1 40.497810 -3.379738 599.6 3 5 236.2 0 0 2 0 
81.33 134.2 40.497623 -3.380107 599.7 3 5 236.2 0 0 2 0 
82.35 133.6 40.497437 -3.380469 600.1 3 5 236.2 0 0 2 0 
83.36 133.4 40.497238 -3.380833 602.6 3 5 235.9 0.352 0 2 0 
84.33 133.7 40.497044 -3.381193 599.6 3 5 235.9 0.352 0 2 0 
85.33 135.0 40.496861 -3.381555 599.3 3 5 236.2 0.352 0 2 0 
86.34 136.3 40.496677 -3.381935 598.6 3 5 236.2 0.352 0 2 0 
87.37 137.6 40.496483 -3.382303 599.0 3 5 235.9 0.352 0 2 0 
88.34 139.2 40.496288 -3.382680 598.8 3 5 235.5 0.703 0 2 0 
89.35 139.6 40.496090 -3.383054 599.4 3 5 235.5 0.352 0 2 0 
90.31 138.8 40.495888 -3.383423 599.6 3 5 234.5 1.055 0 2 0 
91.33 137.8 40.495689 -3.383779 598.4 3 5 234.1 1.406 1 2 0 
92.33 136.3 40.495495 -3.384156 598.5 3 5 234.5 0.352 2 2 0 
93.33 136.0 40.495300 -3.384530 598.4 4 5 234.5 0.352 0 2 0 
94.30 134.8 40.495102 -3.384893 599.5 3 5 234.1 0.352 0 1 0 
95.33 133.5 40.494919 -3.385247 598.0 3 5 233.4 1.055 1 1 0 
96.38 134.3 40.494713 -3.385597 598.8 3 5 231.5 2.616 0 1 0 
97.31 134.9 40.494507 -3.385950 598.4 3 5 231.5 1.912 0 1 0 
98.31 134.6 40.494297 -3.386293 598.6 3 5 231.5 0 0 1 0 
99.31 133.0 40.494091 -3.386627 598.1 4 5 230.4 1.122 0 1 0 
100.39 132.3 40.493874 -3.386969 597.1 3 5 230.7 0.781 0 1 0 
101.30 133.2 40.493660 -3.387287 597.5 4 5 229.6 1.124 0 1 0 
102.32 132.7 40.493439 -3.387618 597.2 3 5 229.1 1.681 0 1 0 
103.30 131.7 40.493221 -3.387944 597.2 3 5 228.9 0.753 1 1 0 
104.37 130.8 40.493015 -3.388270 597.0 4 5 228.9 0.197 0 1 0 
105.30 130.0 40.492802 -3.388587 596.3 4 5 227.7 1.140 0 1 0 
106.35 129.2 40.492584 -3.388896 596.7 3 5 227.1 1.719 0 1 0 
107.32 128.6 40.492363 -3.389211 596.4 3 5 227.1 0.579 0 1 0 
108.33 128.8 40.492146 -3.389518 595.9 3 5 227.1 0 1 1 0 
109.34 128.3 40.491928 -3.389826 595.8 3 5 226.1 1.032 0 1 0 
110.35 127.3 40.491711 -3.390134 595.7 3 5 226.1 1.032 1 1 0 
111.32 127.3 40.491489 -3.390431 595.7 3 5 226.1 0 0 1 0 
112.33 126.1 40.491268 -3.390733 595.8 3 5 226.1 0 1 1 0 
113.31 125.4 40.491047 -3.391020 594.5 3 5 226.1 0 1 1 0 
114.31 126.7 40.490822 -3.391316 593.3 3 5 226.1 0 2 1 0 
115.38 128.6 40.490597 -3.391606 594.0 3 5 225.0 1.115 0 1 0 
116.31 129.8 40.490368 -3.391899 593.3 3 5 226.3 1.332 0 1 0 
117.32 129.1 40.490135 -3.392196 593.1 4 5 225.9 0.919 0 1 0 
118.31 129.5 40.489914 -3.392501 593.5 4 5 225.9 0.414 0 1 0 
119.32 130.6 40.489700 -3.392815 594.2 4 5 225.9 0 0 1 0 
120.31 134.2 40.489456 -3.393141 594.7 4 5 225.9 0.048 0 1 0 
121.31 134.5 40.489223 -3.393470 596.2 4 5 226.1 0.247 0 1 0 
122.31 135.3 40.488998 -3.393782 594.0 4 5 226.1 0.247 0 1 0 
123.38 134.4 40.488766 -3.394098 593.5 4 5 226.1 0 0 1 0 
124.31 132.9 40.488537 -3.394402 594.4 3 5 225.7 0.439 0 1 0 
125.32 131.8 40.488297 -3.394731 594.6 4 5 225.7 0.439 0 1 0 
126.32 130.6 40.488071 -3.395037 592.9 4 5 225.8 0.075 0 1 0 
127.39 130.4 40.487850 -3.395352 592.3 4 5 225.8 0.075 0 1 0 
128.33 129.7 40.487621 -3.395665 592.7 4 5 225.0 0.753 0 1 0 
129.34 128.0 40.487408 -3.395956 592.9 4 5 224.3 1.455 0 1 0 
130.39 127.0 40.487179 -3.396255 592.0 4 5 223.8 1.181 0 1 0 
131.36 125.5 40.486950 -3.396532 592.7 3 5 223.4 0.864 0 1 0 
132.37 124.0 40.486717 -3.396805 593.2 4 5 223.4 0.384 0 1 0 
133.39 123.3 40.486488 -3.397076 592.2 4 5 222.2 1.260 0 1 0 
134.32 123.3 40.486259 -3.397349 591.2 4 5 221.2 2.190 0 1 0 
135.33 122.9 40.486023 -3.397612 592.9 4 5 220.4 1.790 0 1 0 
136.32 123.0 40.485798 -3.397885 594.7 4 5 220.4 0.860 0 1 0 
137.36 122.4 40.485569 -3.398146 593.1 4 5 219.7 0.640 0 1 0 
138.32 121.6 40.485336 -3.398393 592.7 4 5 218.5 1.861 0 1 0 
139.33 120.6 40.485100 -3.398633 593.5 4 5 218.0 1.721 1 1 0 
140.32 120.0 40.484859 -3.398875 592.6 4 5 217.3 1.264 0 1 0 
141.33 121.1 40.484608 -3.399122 592.4 6 5 216.4 1.623 0 1 0 
142.35 121.7 40.484364 -3.399357 592.2 4 5 216.4 0.859 0 1 0 
143.31 123.2 40.484112 -3.399593 592.9 4 5 216.4 0 0 1 0 
144.33 126.1 40.483856 -3.399823 594.1 4 5 216.9 0.516 0 1 0 
145.33 128.9 40.483601 -3.400071 594.6 4 5 216.9 0.516 0 1 0 
146.40 129.9 40.483337 -3.400331 593.6 4 5 216.9 0 0 1 0 
147.33 131.5 40.483074 -3.400589 594.7 4 5 217.6 0.636 0 1 0 
148.31 132.5 40.482803 -3.400848 593.5 4 5 217.6 0.636 0 1 0 
149.31 133.6 40.482544 -3.401101 592.6 4 5 216.7 0.861 0 1 0 
150.39 135.2 40.482269 -3.401367 592.7 4 5 217.3 0.612 0 1 0 
151.33 135.6 40.482002 -3.401624 594.1 4 5 216.3 0.960 0 1 0 
152.32 134.2 40.481747 -3.401879 590.5 4 5 216.3 0.960 0 1 0 
153.33 132.8 40.481480 -3.402138 590.7 4 5 216.3 0 0 1 0 
154.32 131.0 40.481213 -3.402387 591.4 4 5 216.3 0 0 1 0 
155.37 130.1 40.480938 -3.402647 590.2 4 5 216.3 0 0 1 0 
156.34 127.8 40.480690 -3.402892 588.8 4 5 216.9 0.555 0 1 0 
157.42 125.9 40.480431 -3.403136 588.1 4 5 216.9 0.526 1 1 0 
158.33 124.8 40.480183 -3.403387 589.3 4 5 216.7 0.243 0 1 0 
159.38 123.1 40.479939 -3.403635 588.2 3 5 217.1 0.405 0 1 0 
160.35 122.2 40.479698 -3.403889 587.1 3 5 217.1 0.405 0 1 0 
161.32 121.0 40.479462 -3.404140 586.6 3 5 219.4 2.360 0 1 0 
162.33 120.7 40.479225 -3.404387 585.5 3 5 221.1 4.064 0 1 0 
163.32 120.1 40.478989 -3.404643 586.0 3 5 221.4 2.020 0 1 0 
164.31 119.4 40.478767 -3.404904 587.6 3 5 221.4 0.316 0 1 0 
165.34 118.9 40.478539 -3.405163 587.6 3 5 223.2 1.751 0 1 0 
166.34 118.6 40.478329 -3.405421 585.7 3 5 223.6 2.152 0 1 0 
167.38 118.8 40.478119 -3.405682 584.7 3 5 224.3 1.104 0 1 0 
168.31 119.5 40.477905 -3.405952 584.9 3 5 225.0 1.406 0 1 0 
169.31 121.3 40.477695 -3.406233 584.6 3 5 226.1 1.758 0 1 0 
170.32 122.3 40.477486 -3.406529 583.2 3 5 227.1 2.109 0 0 0 
171.32 124.0 40.477276 -3.406822 583.6 3 5 228.2 2.109 0 0 0 
172.31 123.8 40.477070 -3.407123 584.2 3 5 228.9 1.758 0 0 0 
173.37 123.1 40.476868 -3.407429 583.5 3 5 229.9 1.758 0 0 0 
174.32 122.0 40.476677 -3.407746 582.9 3 5 231.3 2.461 0 0 0 
175.31 121.4 40.476486 -3.408063 582.6 3 5 232.0 2.109 0 0 0 
176.38 121.4 40.476299 -3.408384 583.6 3 5 232.7 1.406 0 0 0 
177.35 120.8 40.476124 -3.408694 584.2 3 5 234.1 2.109 0 0 0 
178.31 121.7 40.475956 -3.409011 583.9 4 5 234.8 2.109 0 0 0 
179.32 121.1 40.475788 -3.409337 583.0 4 5 235.9 1.758 0 0 0 
180.33 121.2 40.475620 -3.409676 583.9 4 5 237.0 2.109 0 0 0 
181.32 121.9 40.475452 -3.410010 583.9 4 5 237.3 1.406 0 0 0 
182.32 121.8 40.475285 -3.410350 584.2 4 5 238.7 1.758 0 0 0 
183.32 119.9 40.475132 -3.410689 585.4 4 5 240.1 2.812 0 0 0 
184.32 119.2 40.474987 -3.411026 584.4 4 5 240.5 1.758 0 0 0 
185.31 117.6 40.474854 -3.411366 584.0 4 5 242.2 2.109 0 0 0 
186.37 116.1 40.474724 -3.411709 583.9 4 5 243.3 2.812 0 0 0 
187.35 114.8 40.474594 -3.412049 585.1 4 5 244.0 1.758 0 0 0 
188.32 114.2 40.474468 -3.412379 586.5 4 5 244.3 1.055 0 0 0 
189.32 114.2 40.474339 -3.412726 587.1 3 5 245.0 1.055 0 0 0 
190.32 115.0 40.474224 -3.413075 584.7 3 5 246.1 1.758 0 0 0 
191.34 116.4 40.474106 -3.413425 585.3 3 5 246.4 1.406 0 0 0 
192.32 115.4 40.474007 -3.413767 585.7 3 5 247.5 1.406 0 0 0 
193.32 115.1 40.473892 -3.414119 586.8 3 5 248.6 2.109 0 0 0 
194.34 116.7 40.473785 -3.414474 587.4 3 5 250.0 2.461 0 0 0 
195.31 118.0 40.473694 -3.414845 588.2 3 5 251.4 2.812 0 0 0 
196.34 117.8 40.473595 -3.415200 588.9 3 5 252.1 2.109 0 0 0 
197.32 117.4 40.473499 -3.415569 589.7 4 5 252.4 1.055 0 0 0 
198.33 116.6 40.473412 -3.415929 590.0 3 5 252.8 0.703 0 0 0 
199.31 116.6 40.473328 -3.416291 590.1 4 5 252.1 0.703 0 0 0 
200.33 116.0 40.473236 -3.416656 589.5 4 5 252.1 0.703 1 0 0 
201.33 115.1 40.473145 -3.417016 589.4 4 5 252.4 0.352 2 0 0 
202.31 115.5 40.473057 -3.417380 589.3 4 5 253.1 1.055 0 0 0 
203.32 115.5 40.472973 -3.417742 589.2 4 5 253.1 0.703 0 0 0 
204.33 115.2 40.472881 -3.418098 588.6 4 5 252.4 0.703 0 0 0 
205.34 112.0 40.472801 -3.418438 588.1 3 5 252.1 1.055 0 0 0 
206.32 111.3 40.472721 -3.418790 588.6 3 5 251.7 0.703 0 0 0 
207.38 110.5 40.472633 -3.419131 588.2 3 5 251.7 0.352 0 0 0 
208.37 109.5 40.472546 -3.419486 587.3 3 5 251.7 0 0 0 0 
209.33 108.8 40.472462 -3.419832 586.3 3 5 251.7 0 0 0 0 
210.34 109.2 40.472382 -3.420172 586.0 3 5 251.7 0 0 0 0 
211.35 109.2 40.472290 -3.420504 586.0 3 5 251.0 0.703 0 0 0 
212.31 110.7 40.472206 -3.420849 585.0 3 5 250.7 1.055 0 0 0 
213.36 111.6 40.472118 -3.421186 584.9 3 5 250.7 0.352 0 0 0 
214.31 111.6 40.472031 -3.421531 584.7 3 5 251.0 0.352 0 0 0 
215.31 110.2 40.471947 -3.421877 584.0 3 5 250.7 0.352 0 0 0 
216.32 109.9 40.471855 -3.422216 583.8 4 5 250.0 1.055 1 0 0 
217.32 111.0 40.471748 -3.422541 583.2 3 5 247.9 2.812 0 0 0 
218.35 114.2 40.471642 -3.422884 583.6 4 5 247.9 2.109 0 0 0 
219.36 117.4 40.471531 -3.423241 584.2 3 5 248.9 1.055 0 0 0 
220.34 118.8 40.471424 -3.423596 586.9 4 5 248.9 1.055 0 0 0 
221.38 119.3 40.471317 -3.423951 585.0 4 5 249.3 0.352 0 0 0 
222.34 118.7 40.471210 -3.424320 584.7 4 5 248.9 0.352 0 0 0 
223.31 118.8 40.471100 -3.424682 583.8 3 5 248.9 0.352 0 0 0 
224.31 121.2 40.470989 -3.425059 583.6 3 5 248.2 0.703 0 0 0 
225.31 123.0 40.470875 -3.425424 583.9 3 5 247.9 1.055 0 0 0 
226.31 124.8 40.470753 -3.425810 583.6 3 5 248.9 1.055 0 0 0 
227.31 125.9 40.470634 -3.426201 583.3 3 5 248.9 1.055 0 0 0 
228.34 125.9 40.470520 -3.426585 584.2 4 5 249.3 0.352 0 0 0 
229.35 126.8 40.470409 -3.426972 583.3 4 5 249.3 0.352 0 0 0 
230.31 126.1 40.470310 -3.427364 583.0 4 5 250.0 0.703 0 0 0 
231.31 124.9 40.470211 -3.427751 583.4 4 5 250.7 1.406 0 0 0 
232.31 126.1 40.470104 -3.428146 584.0 4 5 250.7 0.703 0 0 0 
233.32 126.1 40.469997 -3.428544 584.4 4 5 250.7 0 0 0 0 
234.32 127.4 40.469902 -3.428921 584.8 4 5 251.4 0.703 0 0 0 
235.35 127.6 40.469795 -3.429315 585.0 4 5 251.7 1.055 0 0 0 
236.32 127.6 40.469696 -3.429705 588.6 4 5 252.1 0.703 0 0 0 
237.34 128.4 40.469616 -3.430101 588.2 4 5 253.5 1.758 0 0 0 
238.32 129.2 40.469528 -3.430508 588.5 4 5 254.5 2.461 0 0 0 
239.31 130.2 40.469444 -3.430920 588.3 4 5 255.6 2.109 0 0 0 
240.32 130.2 40.469364 -3.431334 589.5 4 5 256.3 1.758 0 0 0 
241.31 131.3 40.469288 -3.431754 590.0 4 5 257.3 1.758 0 0 0 
242.32 133.6 40.469223 -3.432176 590.3 4 5 258.4 2.109 0 0 0 
243.39 134.6 40.469151 -3.432610 591.6 4 5 258.4 1.055 0 0 0 
244.32 133.8 40.469086 -3.433037 593.7 4 5 258.8 0.352 0 0 0 
245.31 133.9 40.469017 -3.433466 592.3 4 5 258.8 0.352 0 0 0 
246.33 134.1 40.468948 -3.433897 593.4 3 5 258.4 0.352 0 0 0 
247.32 135.5 40.468876 -3.434332 593.8 4 5 258.4 0.352 0 0 0 
248.32 137.1 40.468811 -3.434782 594.0 3 5 258.4 0 0 0 0 
249.35 137.9 40.468750 -3.435217 594.5 3 5 258.0 0.352 0 0 0 
250.32 138.5 40.468678 -3.435667 598.1 4 5 258.0 0.352 1 0 0 
251.35 137.1 40.468601 -3.436103 603.8 4 5 257.7 0.352 0 0 0 
252.32 136.2 40.468533 -3.436544 596.7 4 5 257.3 0.703 0 0 0 
253.32 135.3 40.468464 -3.436986 595.3 4 5 257.3 0.352 0 0 0 
254.33 133.3 40.468391 -3.437413 595.9 4 5 257.0 0.352 0 0 0 
255.32 132.2 40.468315 -3.437829 595.9 4 5 257.0 0.352 0 0 0 
256.33 130.6 40.468235 -3.438246 594.5 4 5 256.6 0.352 0 0 0 
257.33 130.5 40.468163 -3.438658 593.1 4 5 257.3 0.703 0 0 0 
258.35 130.5 40.468090 -3.439078 591.9 4 5 257.3 0.703 0 0 0 
259.31 131.3 40.468021 -3.439502 590.8 3 5 258.0 0.703 0 0 0 
260.34 127.8 40.467949 -3.439915 589.8 3 5 257.3 0.703 0 0 0 
261.31 127.3 40.467884 -3.440322 588.8 3 5 257.3 0.703 0 0 0 
262.35 126.0 40.467819 -3.440724 587.0 3 5 258.0 0.703 0 0 0 
263.33 124.2 40.467751 -3.441119 587.8 3 5 258.8 1.406 0 0 0 
264.34 122.5 40.467701 -3.441510 586.2 4 5 260.5 2.461 0 0 0 
265.32 121.6 40.467655 -3.441899 585.5 4 5 261.2 2.461 0 0 0 
266.33 121.7 40.467609 -3.442295 588.1 3 5 261.2 0.703 0 0 0 
267.33 122.1 40.467564 -3.442684 585.8 3 5 262.6 1.406 0 0 0 
268.35 121.6 40.467529 -3.443076 585.6 3 5 262.6 1.406 0 0 0 
269.33 122.3 40.467491 -3.443479 584.9 3 5 263.7 1.055 0 0 0 
270.36 122.3 40.467461 -3.443885 584.8 3 5 263.7 1.055 0 0 0 
271.37 122.3 40.467430 -3.444290 586.1 3 5 263.7 0 0 0 0 
272.33 121.1 40.467392 -3.444686 586.9 3 5 263.7 0 0 0 0 
273.31 119.6 40.467350 -3.445079 584.9 3 5 263.7 0 0 0 0 
274.34 117.8 40.467312 -3.445468 584.5 3 5 263.7 0 0 0 0 
275.38 115.0 40.467285 -3.445838 585.2 3 5 263.3 0.352 0 0 0 
276.31 113.4 40.467251 -3.446208 586.0 3 5 263.7 0.352 0 0 0 
277.34 112.8 40.467216 -3.446571 583.7 3 5 263.7 0.352 0 0 0 
278.32 112.5 40.467182 -3.446946 583.3 3 5 263.7 0 0 0 0 
279.31 111.4 40.467152 -3.447310 582.8 3 5 263.3 0.352 0 0 0 
280.31 110.9 40.467121 -3.447674 583.1 3 5 263.7 0.352 0 0 0 
281.31 110.7 40.467083 -3.448035 583.4 3 5 263.7 0.352 0 0 0 
282.31 109.5 40.467052 -3.448394 584.6 3 5 263.7 0 0 0 0 
283.31 108.4 40.467026 -3.448748 586.0 3 5 263.7 0 0 0 0 
284.32 109.1 40.466991 -3.449109 585.1 3 5 263.7 0 1 0 0 
285.31 110.7 40.466965 -3.449465 582.5 3 5 264.0 0.352 1 0 0 
286.31 112.9 40.466942 -3.449824 582.7 3 5 264.4 0.703 0 0 0 
287.31 114.4 40.466919 -3.450193 583.7 3 5 264.7 0.703 0 0 0 
288.31 115.0 40.466892 -3.450568 584.5 3 5 265.1 0.703 0 0 0 
289.31 115.4 40.466877 -3.450946 584.8 3 5 265.4 0.703 0 0 0 
290.33 115.6 40.466846 -3.451324 584.4 3 5 265.4 0.352 0 0 0 
291.31 115.8 40.466827 -3.451707 584.9 3 5 266.1 0.703 0 0 0 
292.31 116.6 40.466808 -3.452090 584.8 3 5 266.5 1.055 0 0 0 
293.35 117.4 40.466782 -3.452468 585.3 3 5 266.7 0.520 0 0 0 
294.32 118.5 40.466766 -3.452856 585.2 3 5 266.7 0.168 0 0 0 
295.35 119.4 40.466755 -3.453250 585.9 3 5 267.5 0.825 0 0 0 
296.32 120.7 40.466747 -3.453635 588.7 3 5 268.6 1.957 0 0 0 
297.32 120.0 40.466740 -3.454021 587.5 3 5 268.6 1.132 0 0 0 
298.31 118.5 40.466728 -3.454417 587.2 3 5 269.0 0.415 0 0 0 
299.31 117.9 40.466732 -3.454818 586.1 3 5 269.7 1.076 0 0 0 
300.32 118.7 40.466732 -3.455200 586.6 3 5 269.7 0.661 0 0 0 
301.32 118.7 40.466736 -3.455589 587.2 3 5 270.7 1.000 0 0 0 
302.38 117.9 40.466732 -3.455960 586.7 4 5 271.6 1.913 0 0 0 
303.31 121.0 40.466743 -3.456362 587.9 3 5 271.6 0.913 0 0 0 
304.32 122.6 40.466763 -3.456773 590.1 3 5 272.5 0.927 0 0 0 
305.39 123.5 40.466778 -3.457174 589.1 3 5 272.5 0.927 0 0 0 
306.33 122.9 40.466801 -3.457581 588.8 3 5 273.5 0.931 0 0 0 
307.33 122.3 40.466808 -3.457978 591.0 3 5 272.9 0.533 0 0 0 
308.37 120.8 40.466827 -3.458377 592.7 3 5 273.6 0.721 0 0 0 
309.33 120.0 40.466839 -3.458765 590.3 3 5 273.2 0.484 0 0 0 
310.41 118.2 40.466858 -3.459152 589.2 3 5 273.6 0.449 0 0 0 
311.31 117.4 40.466877 -3.459529 589.0 3 5 273.6 0.449 0 0 0 
312.31 117.9 40.466892 -3.459914 590.2 3 5 273.6 0 0 0 0 
313.32 117.3 40.466911 -3.460310 591.4 3 5 273.6 0 0 0 0 
314.32 116.6 40.466930 -3.460681 592.0 3 5 273.6 0 0 0 0 
315.32 115.1 40.466949 -3.461066 589.5 3 5 273.6 0.046 0 0 0 
316.31 113.3 40.466965 -3.461442 589.2 3 5 274.0 0.429 0 0 0 
317.34 112.1 40.466984 -3.461804 590.4 3 5 274.0 0.429 0 0 0 
318.33 110.2 40.466999 -3.462172 589.7 3 5 273.3 0.732 0 0 0 
319.40 108.0 40.467010 -3.462529 589.2 3 5 273.3 0.732 0 0 0 
320.34 108.3 40.467030 -3.462885 589.2 3 5 273.8 0.503 0 0 0 
321.33 110.1 40.467045 -3.463236 588.9 3 5 273.8 0.503 0 0 0 
322.33 113.0 40.467068 -3.463607 589.2 3 5 272.9 0.908 0 0 0 
323.35 114.7 40.467083 -3.463986 590.5 3 5 272.9 0.908 0 0 0 
324.31 113.7 40.467091 -3.464356 587.8 3 5 272.9 0 0 0 0 
325.35 112.2 40.467106 -3.464725 587.7 3 5 271.9 0.936 0 0 0 
326.37 110.5 40.467121 -3.465091 588.2 3 5 271.4 1.411 2 0 0 
327.33 105.5 40.467136 -3.465434 586.3 3 5 270.6 1.351 2 0 0 
328.33 100.1 40.467144 -3.465770 585.6 3 5 270.6 0.875 0 0 0 
329.33 95.3 40.467159 -3.466076 586.4 3 5 270.6 0 0 0 0 
330.37 89.6 40.467167 -3.466373 586.6 4 5 271.0 0.422 0 0 0 
331.39 83.6 40.467171 -3.466653 585.2 3 5 271.0 0.422 0 0 0 
332.36 76.4 40.467175 -3.466916 584.9 3 5 270.3 0.699 0 0 0 
333.32 69.6 40.467178 -3.467144 583.2 3 5 270.1 0.867 2 0 0 
334.31 64.4 40.467186 -3.467361 583.7 3 5 270.1 0.168 0 0 0 
335.31 62.2 40.467194 -3.467568 584.4 3 5 269.5 0.590 0 0 0 
336.34 61.5 40.467197 -3.467757 584.9 3 5 269.5 0.590 0 0 0 
337.32 60.2 40.467194 -3.467960 584.8 3 5 269.5 0.039 0 0 0 
338.34 58.8 40.467194 -3.468173 585.5 3 5 269.5 0.039 0 0 0 
339.31 57.5 40.467186 -3.468364 585.6 3 5 268.5 0.997 0 0 0 
340.31 56.1 40.467182 -3.468543 584.4 3 5 268.5 0.997 0 0 0 
341.31 54.8 40.467182 -3.468721 585.3 3 5 267.8 0.662 0 0 0 
342.38 54.0 40.467175 -3.468895 585.6 3 5 267.8 0.662 0 0 0 
343.31 54.9 40.467171 -3.469075 584.9 3 5 267.4 0.438 0 0 0 
344.31 57.0 40.467167 -3.469267 584.9 3 5 267.4 0.438 2 0 0 
345.37 58.7 40.467167 -3.469465 585.5 3 5 266.7 0.649 0 0 0 
346.31 62.3 40.467175 -3.469682 585.4 3 5 266.7 0.649 1 0 0 
347.31 65.5 40.467175 -3.469899 585.8 3 5 265.7 1.016 0 1 0 
348.32 67.9 40.467167 -3.470100 586.2 3 5 265.2 1.548 0 1 0 
349.31 70.3 40.467152 -3.470322 587.0 3 5 265.2 0.532 0 1 0 
350.31 72.7 40.467133 -3.470564 587.3 3 5 265.2 0 0 1 0 
351.36 74.3 40.467113 -3.470798 587.5 3 5 265.2 0 0 1 0 
352.32 74.8 40.467094 -3.471047 587.1 3 5 264.0 1.191 0 1 0 
353.33 76.6 40.467075 -3.471283 587.3 3 5 264.0 1.191 0 1 0 
354.31 79.3 40.467052 -3.471557 587.0 3 5 263.0 0.986 0 1 0 
355.32 81.0 40.467026 -3.471815 587.9 3 5 262.4 1.614 0 1 0 
356.32 81.8 40.467003 -3.472072 587.7 3 5 262.4 0.628 0 1 0 
357.32 82.4 40.466965 -3.472364 587.2 4 5 262.1 0.313 0 1 0 
358.31 85.5 40.466942 -3.472635 587.9 4 5 261.0 1.368 0 1 0 
359.32 87.1 40.466915 -3.472915 588.0 4 5 260.0 2.058 0 1 0 
360.33 88.2 40.466873 -3.473200 589.1 4 5 261.2 1.205 0 1 0 
361.36 88.2 40.466839 -3.473481 588.2 4 5 261.2 1.205 0 1 0 
362.32 89.1 40.466801 -3.473759 588.5 4 5 259.9 1.291 0 1 0 
363.33 91.8 40.466755 -3.474046 588.0 4 5 259.3 1.910 0 1 0 
364.32 94.8 40.466705 -3.474346 588.5 4 5 258.7 1.281 0 1 0 
365.32 95.7 40.466652 -3.474647 588.7 4 5 257.7 1.630 0 1 0 
366.36 95.7 40.466606 -3.474950 588.4 3 5 257.7 0.969 0 0 0 
367.32 97.2 40.466553 -3.475261 589.1 3 5 257.0 0.717 0 1 0 
368.35 99.3 40.466499 -3.475561 588.9 3 5 257.0 0.717 0 1 0 
369.32 100.0 40.466434 -3.475877 588.2 4 5 256.4 0.607 0 1 0 
370.33 99.5 40.466373 -3.476182 587.7 4 5 256.4 0.607 0 1 0 
371.32 101.1 40.466312 -3.476497 588.1 4 5 255.5 0.864 0 0 0 
372.37 103.4 40.466248 -3.476828 588.7 4 5 255.5 0.864 0 0 0 
373.31 105.7 40.466187 -3.477143 588.7 4 5 255.5 0 0 0 0 
374.32 106.8 40.466114 -3.477496 588.9 4 5 255.5 0 0 0 0 
375.32 108.8 40.466045 -3.477832 589.0 4 5 255.5 0 1 1 0 
376.34 109.5 40.465981 -3.478189 589.7 4 5 262.2 6.749 0 1 0 
377.33 108.0 40.465919 -3.478529 589.6 4 5 260.2 4.713 0 1 0 
378.31 106.8 40.465862 -3.478861 588.8 4 5 257.0 5.258 0 1 0 
379.31 102.9 40.465809 -3.479196 588.8 3 5 257.7 2.518 0 1 0 
380.31 95.9 40.465763 -3.479515 588.1 3 5 259.8 2.812 0 1 0 
381.33 87.8 40.465725 -3.479809 587.6 3 5 263.3 5.625 0 1 0 
382.33 85.0 40.465702 -3.480088 587.6 3 5 267.5 7.734 0 1 0 
383.33 83.3 40.465710 -3.480363 587.6 3 5 279.3 15.990 0 1 0 
384.31 82.0 40.465752 -3.480622 587.9 3 5 289.4 21.853 0 1 0 
385.34 82.3 40.465820 -3.480881 588.4 3 5 290.3 10.960 0 1 0 
386.31 82.4 40.465897 -3.481143 589.2 3 5 292.1 2.730 0 1 0 
387.41 83.4 40.465977 -3.481400 589.6 3 5 293.3 3.060 0 1 0 
388.33 84.4 40.466061 -3.481649 589.5 3 5 294.0 1.859 0 0 0 
389.33 85.7 40.466148 -3.481900 589.8 3 5 294.0 0.651 0 0 0 
390.35 85.6 40.466236 -3.482159 589.7 3 5 294.9 0.888 0 0 0 
391.34 86.2 40.466324 -3.482400 589.6 3 5 295.1 1.094 0 0 0 
392.33 84.9 40.466415 -3.482658 589.1 3 5 295.1 0.206 0 0 0 
393.38 82.6 40.466499 -3.482896 588.8 3 5 295.1 0.053 0 0 0 
394.33 80.2 40.466564 -3.483167 589.0 3 5 280.9 14.220 0 0 0 
395.35 78.3 40.466633 -3.483414 589.5 3 5 287.2 7.901 0 0 0 
396.34 75.7 40.466660 -3.483648 589.7 3 5 279.8 7.383 1 0 0 
397.31 75.4 40.466682 -3.483888 590.4 3 5 274.9 12.305 1 0 0 
398.30 73.5 40.466690 -3.484134 589.9 3 5 268.9 10.898 0 0 0 
399.33 72.8 40.466679 -3.484372 589.4 3 5 261.7 13.198 0 0 0 
400.37 73.0 40.466648 -3.484613 588.7 3 5 258.4 10.591 0 0 0 
401.30 71.6 40.466606 -3.484829 589.0 3 5 251.2 10.536 0 0 0 
402.34 70.1 40.466545 -3.485049 588.9 3 5 245.6 12.754 0 0 0 
403.35 69.5 40.466476 -3.485235 590.0 3 5 238.2 13.016 0 0 0 
404.38 70.3 40.466373 -3.485441 589.9 3 5 236.0 9.553 0 0 0 
405.31 71.6 40.466267 -3.485613 590.1 3 5 236.0 2.125 0 0 0 
406.31 73.2 40.466152 -3.485807 588.7 3 5 229.3 6.773 0 0 0 
407.31 74.8 40.466034 -3.485978 589.8 3 5 230.0 6.018 0 0 0 
408.31 75.8 40.465908 -3.486176 589.9 3 5 231.2 1.896 1 0 0 
409.31 76.5 40.465786 -3.486366 589.4 3 5 231.6 1.582 1 0 0 
410.32 76.4 40.465660 -3.486558 589.8 3 5 231.2 0.390 0 0 0 
411.31 75.7 40.465538 -3.486753 589.9 3 5 231.2 0.390 0 0 0 
412.32 74.8 40.465424 -3.486942 589.7 3 5 231.5 0.255 0 0 0 
413.35 73.2 40.465294 -3.487130 589.7 3 5 224.8 6.683 0 0 0 
414.32 70.5 40.465179 -3.487298 589.1 3 5 224.8 6.683 0 0 0 
415.34 67.0 40.465065 -3.487466 589.7 3 5 224.3 0.512 0 0 0 
416.39 64.6 40.464951 -3.487618 590.4 3 5 221.8 3.033 0 0 0 
417.32 60.2 40.464825 -3.487750 590.0 3 5 213.2 11.102 0 0 0 
418.32 55.4 40.464699 -3.487836 590.7 3 5 205.6 16.200 1 0 0 
419.32 51.0 40.464573 -3.487890 591.3 3 5 191.0 22.224 0 0 0 
420.32 48.0 40.464458 -3.487926 592.9 3 5 188.5 0 -9 -9 0 
421.32 47.0 40.464340 -3.487931 594.6 3 5 175.6 0 -9 -9 0 
422.32 47.2 40.464218 -3.487910 597.0 3 5 166.8 0 -9 -9 0 
423.32 46.9 40.464108 -3.487871 597.3 3 5 161.1 0 -9 -9 0 
424.32 46.6 40.464001 -3.487800 598.7 3 5 149.5 0 -9 -9 0 
425.32 46.1 40.463898 -3.487732 598.2 3 5 147.1 0 -9 -9 0 
426.32 47.1 40.463810 -3.487638 598.1 3 5 141.7 0 -9 -9 0 
427.32 45.3 40.463730 -3.487528 597.6 3 5 126.0 0 -9 -9 0 
428.32 44.1 40.463669 -3.487414 597.1 3 5 126.3 0 -9 -9 0 
429.32 43.5 40.463619 -3.487288 598.1 3 5 113.3 0 -9 -9 0 
430.32 44.7 40.463585 -3.487146 597.9 3 5 107.4 0 -9 -9 0 
431.32 46.5 40.463566 -3.487012 597.2 3 5 117.6 0 -9 -9 0 
432.32 46.0 40.463535 -3.486881 599.8 3 5 117.6 0 -9 -9 0 
433.33 46.0 40.463581 -3.486716 599.2 3 5 71.1 0 -9 -9 0 
434.33 46.0 40.463604 -3.486559 599.5 3 5 69.7 0 -9 -9 0 
435.33 45.6 40.463627 -3.486415 599.8 3 5 69.7 0 -9 -9 0 
436.32 48.5 40.463665 -3.486277 600.9 3 5 69.7 0 -9 -9 0 
437.33 52.5 40.463661 -3.486099 601.7 3 5 69.5 0.126 0 0 0 
438.34 55.0 40.463783 -3.485963 604.5 3 5 63.3 6.388 0 0 0 
439.32 57.6 40.463852 -3.485789 604.6 3 5 66.1 3.450 0 0 0 
440.37 60.3 40.463909 -3.485607 600.9 3 5 68.2 4.922 1 0 0 
441.31 62.6 40.463963 -3.485416 597.8 3 5 70.0 3.867 0 1 0 
442.33 64.0 40.464008 -3.485214 594.4 3 5 72.1 3.867 0 0 0 
443.33 65.6 40.464058 -3.485008 591.9 3 5 73.1 3.164 0 0 0 
444.33 67.4 40.464108 -3.484795 590.6 3 5 74.2 2.109 0 0 0 
445.31 71.6 40.464157 -3.484573 590.7 3 5 73.1 1.055 0 0 0 
446.33 71.6 40.464211 -3.484349 590.5 3 5 71.7 2.461 0 0 0 
447.33 73.3 40.464264 -3.484117 589.8 3 5 72.1 1.055 0 0 0 
448.33 75.7 40.464321 -3.483885 589.1 3 5 73.8 2.109 0 0 0 
449.33 78.1 40.464367 -3.483648 589.0 3 5 73.8 1.758 0 0 0 
450.33 79.0 40.464424 -3.483398 589.1 3 5 73.1 0.703 0 0 0 
451.34 78.9 40.464481 -3.483155 589.3 3 5 73.8 0.703 0 0 0 
452.40 78.6 40.464539 -3.482906 589.6 3 5 73.5 0.352 0 0 0 
453.33 77.3 40.464592 -3.482664 590.2 3 5 74.2 0.703 0 0 0 
454.35 77.1 40.464634 -3.482413 590.3 3 5 73.8 0.352 0 0 0 
455.36 74.3 40.464684 -3.482176 589.6 3 5 73.8 0.352 0 0 0 
456.33 68.1 40.464733 -3.481957 589.8 3 5 72.9 0.964 0 0 0 
457.39 66.9 40.464790 -3.481747 590.1 3 5 72.8 1.055 0 0 0 
458.31 66.4 40.464848 -3.481552 589.8 3 5 72.4 0.442 0 0 0 
459.31 66.7 40.464901 -3.481349 589.6 3 5 72.1 0.703 0 0 0 
460.33 68.7 40.464951 -3.481140 590.0 3 5 72.8 0.703 0 0 0 
461.31 68.6 40.465000 -3.480918 590.1 3 5 71.7 1.055 0 0 0 
462.30 67.6 40.465054 -3.480705 590.7 3 5 71.0 1.758 0 0 0 
463.36 68.3 40.465115 -3.480503 590.1 3 5 70.7 1.055 0 0 0 
464.32 70.7 40.465172 -3.480290 590.2 3 5 70.0 1.055 0 0 0 
465.31 71.0 40.465233 -3.480063 589.9 3 5 67.6 3.057 1 0 0 
466.38 71.3 40.465290 -3.479838 589.1 3 5 65.8 4.124 1 0 0 
467.41 71.6 40.465351 -3.479626 589.3 3 5 61.5 6.131 0 0 0 
468.31 71.7 40.465405 -3.479410 588.8 3 5 74.1 12.663 0 0 0 
469.31 71.2 40.465462 -3.479193 588.7 3 5 74.1 12.663 2 0 0 
470.31 70.5 40.465508 -3.478963 588.0 3 5 74.1 0 2 0 0 
471.35 71.5 40.465561 -3.478745 587.2 3 5 74.1 0 0 0 0 
472.36 74.9 40.465626 -3.478510 587.2 3 5 74.1 0 1 0 0 
473.33 80.0 40.465679 -3.478261 588.2 3 5 74.1 0 0 0 0 
474.31 84.7 40.465748 -3.478001 588.3 3 5 76.0 1.824 0 0 0 
475.31 89.9 40.465816 -3.477730 588.0 4 5 75.1 0.978 2 1 0 
476.32 94.0 40.465881 -3.477440 589.7 3 5 75.1 0.846 0 1 0 
477.31 96.7 40.465954 -3.477133 590.2 3 5 75.1 0 0 1 0 
478.31 95.9 40.466019 -3.476840 591.4 3 5 75.5 0.427 0 1 0 
479.34 98.4 40.466080 -3.476534 590.7 3 5 75.5 0.427 0 1 0 
480.32 102.0 40.466148 -3.476213 591.3 3 5 76.0 0.419 0 1 0 
481.32 103.2 40.466213 -3.475883 591.6 3 5 76.5 0.999 0 1 0 
482.32 102.7 40.466274 -3.475558 590.4 3 5 76.5 0.580 0 1 0 
483.32 101.7 40.466335 -3.475231 591.3 3 5 76.5 0 0 1 0 
484.41 102.8 40.466400 -3.474907 590.6 3 5 77.4 0.837 0 1 0 
485.34 101.2 40.466457 -3.474572 590.7 3 5 78.3 1.791 0 1 0 
486.32 99.4 40.466511 -3.474257 589.9 3 5 78.3 0.954 0 1 0 
487.31 97.7 40.466553 -3.473943 591.5 3 5 78.3 0 0 1 0 
488.37 95.6 40.466599 -3.473625 593.4 3 5 79.4 1.053 0 1 0 
489.32 95.2 40.466640 -3.473316 592.7 3 5 79.4 1.053 0 1 0 
490.32 97.7 40.466679 -3.472997 592.4 3 5 80.7 1.336 0 1 0 
491.32 100.1 40.466724 -3.472678 590.5 3 5 80.7 1.336 2 1 0 
492.37 102.0 40.466778 -3.472360 589.2 3 5 81.4 0.707 0 1 0 
493.32 101.8 40.466827 -3.472026 590.7 3 5 83.5 2.762 0 1 0 
494.32 102.1 40.466866 -3.471693 592.1 3 5 83.5 2.055 0 1 0 
495.35 104.8 40.466904 -3.471352 592.9 3 5 83.5 0.015 0 1 0 
496.35 107.8 40.466930 -3.471018 592.9 3 5 84.5 1.016 0 1 0 
497.31 110.9 40.466961 -3.470653 593.8 3 5 84.5 1.001 0 1 0 
498.32 113.5 40.466984 -3.470285 594.3 3 5 85.0 0.548 0 1 0 
499.31 114.6 40.467014 -3.469914 594.6 3 5 86.0 1.507 0 1 0 
500.34 113.4 40.467030 -3.469548 593.7 3 5 86.5 1.470 0 1 0 
501.33 113.3 40.467037 -3.469179 594.9 3 5 86.5 0.511 0 1 0 
502.33 114.4 40.467045 -3.468805 594.1 3 5 86.5 0 0 1 0 
503.41 112.9 40.467060 -3.468443 593.4 3 5 88.7 2.213 0 1 0 
504.32 112.1 40.467064 -3.468095 592.8 3 5 88.7 2.213 0 1 0 
505.35 110.2 40.467072 -3.467719 591.9 3 5 88.7 0 0 1 0 
506.33 110.2 40.467072 -3.467350 590.2 3 5 89.6 0.916 0 1 0 
507.33 109.2 40.467072 -3.466991 591.7 3 5 90.4 1.619 0 1 0 
508.36 107.9 40.467068 -3.466633 591.9 3 5 90.7 1.055 0 1 0 
509.41 102.6 40.467064 -3.466293 594.1 3 5 90.7 0.352 0 1 0 
510.31 97.9 40.467056 -3.465957 593.0 3 5 90.7 0 0 1 0 
511.36 96.5 40.467049 -3.465645 589.4 3 5 91.8 1.055 1 1 0 
512.31 94.4 40.467045 -3.465335 587.9 3 5 91.8 1.055 0 1 0 
513.39 94.0 40.467030 -3.465030 587.3 3 5 92.5 0.703 0 1 0 
514.31 93.6 40.467022 -3.464719 588.1 4 5 92.5 0.703 0 1 0 
515.35 93.3 40.467003 -3.464413 588.8 3 5 92.8 0.352 0 1 0 
516.34 92.5 40.466995 -3.464112 589.2 3 5 92.8 0.352 0 1 0 
517.31 92.6 40.466988 -3.463814 589.7 3 5 92.8 0.008 0 1 0 
518.34 93.0 40.466972 -3.463503 590.2 3 5 93.3 0.440 0 1 0 
519.37 93.6 40.466953 -3.463196 590.7 4 5 93.3 0.433 0 1 0 
520.31 93.8 40.466930 -3.462888 591.4 4 5 93.5 0.213 0 1 0 
521.33 92.4 40.466915 -3.462577 591.6 4 5 93.5 0.213 0 1 0 
522.31 91.5 40.466900 -3.462291 590.5 4 5 93.5 0 0 1 0 
523.35 92.1 40.466885 -3.461990 590.3 4 5 93.5 0 0 1 0 
524.32 92.9 40.466869 -3.461704 590.3 4 5 93.5 0 0 1 0 
525.31 94.8 40.466850 -3.461404 590.7 4 5 93.5 0 0 1 0 
526.31 98.4 40.466831 -3.461075 592.3 4 5 93.5 0 0 1 0 
527.31 100.0 40.466820 -3.460743 592.3 4 5 93.5 0 0 1 0 
528.32 102.8 40.466805 -3.460413 592.5 4 5 93.3 0.174 0 1 0 
529.31 105.1 40.466785 -3.460075 592.3 4 5 93.7 0.447 0 0 0 
530.33 107.5 40.466766 -3.459725 593.0 4 5 93.7 0.447 0 0 0 
531.30 109.7 40.466751 -3.459376 593.3 4 5 93.7 0 0 0 0 
532.34 111.9 40.466732 -3.459001 593.2 4 5 93.7 0 0 0 0 
533.39 113.7 40.466717 -3.458627 592.8 4 5 93.5 0.220 0 0 0 
534.31 115.7 40.466698 -3.458262 594.1 4 5 93.5 0.220 0 0 0 
535.31 117.6 40.466679 -3.457874 595.1 4 5 93.5 0 0 0 0 
536.38 118.3 40.466660 -3.457486 595.4 4 5 92.5 1.042 0 0 0 
537.31 118.2 40.466648 -3.457101 595.1 3 5 92.5 1.042 0 0 0 
538.31 117.4 40.466633 -3.456725 594.1 3 5 91.7 0.738 0 0 0 
539.31 116.7 40.466637 -3.456340 593.3 3 5 91.7 0.738 0 0 0 
540.32 117.2 40.466629 -3.455962 592.8 3 5 90.8 0.989 0 0 0 
541.36 117.2 40.466621 -3.455578 592.2 4 5 91.0 0.748 0 0 0 
542.32 117.0 40.466625 -3.455199 593.3 3 5 90.5 0.542 0 0 0 
543.32 116.3 40.466621 -3.454814 591.5 3 5 90.5 0.542 0 0 0 
544.32 117.2 40.466618 -3.454430 592.9 4 5 91.0 0.576 0 0 0 
545.39 119.2 40.466633 -3.454044 591.4 4 5 88.6 2.441 0 0 0 
546.36 119.2 40.466640 -3.453646 590.1 4 5 87.9 3.148 0 0 0 
547.40 117.5 40.466648 -3.453268 590.1 4 5 87.1 1.516 1 0 0 
548.31 116.3 40.466660 -3.452891 589.9 4 5 87.1 0.810 1 0 0 
549.39 114.7 40.466679 -3.452509 589.9 4 5 87.1 0 1 0 0 
550.32 113.5 40.466694 -3.452137 590.3 3 5 87.1 0 1 0 0 
551.32 113.2 40.466717 -3.451756 590.2 3 5 86.0 1.049 0 0 0 
552.33 111.8 40.466740 -3.451393 591.2 3 5 85.5 1.564 1 0 0 
553.32 106.6 40.466759 -3.451041 588.3 3 5 85.0 0.998 1 1 0 
554.35 103.3 40.466785 -3.450703 587.9 3 5 85.0 0.483 2 1 0 
555.30 103.7 40.466808 -3.450366 587.2 3 5 85.0 0 1 1 0 
556.32 103.8 40.466831 -3.450022 586.0 3 5 85.0 0.065 0 1 0 
557.30 104.9 40.466854 -3.449688 586.7 3 5 84.3 0.733 0 1 0 
558.37 107.0 40.466885 -3.449333 589.6 3 5 83.9 1.021 0 1 0 
559.32 109.7 40.466915 -3.448974 590.3 3 5 83.9 0.353 1 1 0 
560.32 112.8 40.466946 -3.448601 586.1 3 5 84.8 0.823 0 1 0 
561.31 115.8 40.466980 -3.448229 586.9 3 5 84.1 0.670 0 1 0 
562.31 118.5 40.467010 -3.447836 589.9 3 5 84.1 0.670 1 1 0 
563.33 118.9 40.467045 -3.447444 590.1 3 5 82.6 1.538 0 1 0 
564.33 117.3 40.467075 -3.447059 585.1 3 5 83.2 0.904 0 1 0 
565.34 115.2 40.467102 -3.446687 585.8 3 5 84.0 1.422 0 1 0 
566.35 113.3 40.467133 -3.446328 585.7 3 5 84.0 0.788 0 1 0 
567.35 112.0 40.467163 -3.445954 586.2 3 5 84.0 0 0 1 0 
568.37 110.9 40.467194 -3.445595 586.9 3 5 84.3 0.304 0 1 0 
569.31 110.6 40.467224 -3.445229 586.7 3 5 84.3 0.304 0 1 0 
570.31 110.3 40.467255 -3.444869 586.4 3 5 83.6 0.694 0 1 0 
571.39 106.0 40.467281 -3.444539 585.5 3 5 83.6 0.694 0 1 0 
572.40 100.6 40.467312 -3.444202 585.4 3 5 83.6 0 0 1 0 
573.35 99.1 40.467339 -3.443879 585.4 3 5 84.0 0.440 0 1 0 
574.30 98.6 40.467365 -3.443557 585.6 3 5 82.8 1.184 0 1 0 
575.31 98.9 40.467384 -3.443248 585.5 3 5 82.4 1.660 0 1 0 
576.37 100.2 40.467415 -3.442908 585.9 3 5 82.4 0.475 0 1 0 
577.30 102.9 40.467449 -3.442571 586.5 3 5 81.9 0.433 0 1 0 
578.33 105.6 40.467487 -3.442248 586.7 3 5 81.9 0.433 0 1 0 
579.30 105.8 40.467533 -3.441893 587.5 3 5 80.5 1.394 1 1 0 
580.31 105.8 40.467579 -3.441545 587.7 3 5 79.8 2.154 1 1 0 
581.30 107.6 40.467621 -3.441201 587.9 3 5 79.8 0.760 0 2 0 
582.31 110.2 40.467670 -3.440843 589.3 3 5 78.7 1.127 0 2 0 
583.32 112.3 40.467731 -3.440475 589.7 3 5 78.7 1.127 0 2 0 
584.33 115.0 40.467796 -3.440115 589.9 3 5 77.4 1.282 0 2 0 
585.31 117.0 40.467861 -3.439728 589.9 3 5 94.4 17.030 1 2 0 
586.31 116.7 40.467861 -3.439353 591.0 3 5 81.4 12.982 0 2 0 
587.30 118.1 40.467995 -3.438982 591.6 3 5 77.0 17.407 1 2 0 
588.31 119.0 40.468063 -3.438603 590.3 3 5 77.3 4.073 0 2 0 
589.32 120.9 40.468128 -3.438209 594.1 3 5 77.3 0.352 0 2 0 
590.32 122.8 40.468197 -3.437812 590.7 3 5 77.3 0 0 2 0 
591.32 124.1 40.468269 -3.437416 592.7 3 5 77.3 0 0 2 0 
592.30 123.8 40.468338 -3.437025 592.7 3 5 77.3 0 0 2 0 
593.31 122.2 40.468407 -3.436638 595.2 3 5 77.0 0.352 0 2 0 
594.32 120.1 40.468475 -3.436250 594.4 3 5 77.0 0.352 0 2 0 
595.33 118.0 40.468540 -3.435875 593.3 3 5 77.0 0 0 2 0 
596.32 116.1 40.468605 -3.435507 593.5 3 5 77.7 0.703 0 2 0 
597.39 112.8 40.468658 -3.435145 592.5 3 5 78.4 1.406 0 2 0 
598.31 112.0 40.468723 -3.434786 593.5 3 5 78.0 0.352 0 2 0 
599.31 112.2 40.468773 -3.434418 593.3 3 5 78.8 0.703 0 2 0 
600.36 112.2 40.468834 -3.434055 592.7 3 5 78.8 0.703 0 2 0 
601.31 113.0 40.468891 -3.433689 592.1 3 5 78.8 0 0 2 0 
602.31 115.9 40.468948 -3.433322 591.7 3 5 78.8 0 0 2 0 
603.30 118.4 40.469002 -3.432939 591.1 3 5 78.4 0.352 0 2 0 
604.31 119.2 40.469059 -3.432561 591.3 3 5 78.0 0.703 0 2 0 
605.32 119.1 40.469124 -3.432181 590.4 3 5 78.0 0.352 0 2 0 
606.31 120.5 40.469185 -3.431793 590.3 3 5 78.0 0 0 2 0 
607.32 122.8 40.469257 -3.431400 589.3 3 5 77.0 1.055 0 2 0 
608.32 125.7 40.469326 -3.431006 589.7 3 5 75.6 2.461 0 1 0 
609.32 127.6 40.469410 -3.430610 589.8 4 5 74.5 2.461 0 1 0 
610.34 130.9 40.469494 -3.430201 588.0 3 5 74.5 1.055 0 1 0 
611.31 132.8 40.469589 -3.429785 588.4 3 5 73.1 1.406 0 1 0 
612.32 134.6 40.469692 -3.429368 588.3 3 5 72.1 2.461 0 1 0 
613.34 134.5 40.469795 -3.428949 588.0 4 5 71.7 1.406 0 1 0 
614.37 134.2 40.469902 -3.428530 586.1 3 5 71.0 1.055 0 1 0 
615.34 134.4 40.470013 -3.428121 585.9 4 5 71.0 0.703 0 0 0 
616.32 134.9 40.470123 -3.427705 585.8 3 5 70.3 0.703 0 0 0 
617.30 136.5 40.470234 -3.427282 583.6 4 5 70.0 1.055 0 0 0 
618.40 138.0 40.470352 -3.426859 583.9 3 5 69.6 0.703 0 0 0 
619.32 137.6 40.470470 -3.426438 583.2 3 5 68.9 1.055 0 0 0 
620.31 136.8 40.470589 -3.426008 583.2 3 5 68.9 0.703 0 0 0 
621.37 136.4 40.470718 -3.425587 582.9 3 5 68.9 0 0 0 0 
622.35 135.5 40.470840 -3.425181 583.6 3 5 68.6 0.352 0 0 0 
623.31 135.6 40.470974 -3.424768 583.4 3 5 68.6 0.352 0 0 0 
624.38 134.5 40.471100 -3.424352 584.1 3 5 68.9 0.352 0 0 0 
625.33 136.9 40.471226 -3.423934 583.7 3 5 69.6 1.055 0 0 0 
626.33 136.2 40.471340 -3.423519 585.9 3 5 69.3 0.352 0 0 0 
627.33 136.5 40.471466 -3.423103 583.9 4 5 69.6 0.352 0 0 0 
628.31 137.4 40.471581 -3.422673 584.3 3 5 70.0 0.703 0 0 0 
629.31 138.1 40.471699 -3.422248 585.7 3 5 70.0 0.352 0 0 0 
630.33 139.8 40.471817 -3.421818 587.4 3 5 70.3 0.352 0 0 0 
631.33 140.6 40.471931 -3.421394 585.4 3 5 70.7 0.703 0 0 0 
632.33 142.1 40.472042 -3.420956 585.8 3 5 71.0 0.703 0 0 0 
633.33 142.1 40.472160 -3.420507 586.7 3 5 71.4 0.703 0 0 0 
634.33 143.4 40.472275 -3.420062 586.9 3 5 71.7 0.703 0 0 0 
635.33 142.2 40.472389 -3.419620 589.2 3 5 71.7 0.352 0 0 0 
636.35 141.5 40.472492 -3.419176 590.3 3 5 71.7 0 0 0 0 
637.38 141.0 40.472603 -3.418735 588.0 3 5 72.1 0.352 0 0 0 
638.30 140.1 40.472713 -3.418293 588.9 4 5 71.7 0.352 0 0 0 
639.35 139.1 40.472816 -3.417867 589.3 4 5 72.1 0.352 0 0 0 
640.30 138.5 40.472923 -3.417440 587.4 3 5 71.7 0.352 0 0 0 
641.30 140.5 40.473030 -3.417007 587.8 3 5 71.7 0.352 0 0 0 
642.35 140.6 40.473145 -3.416581 587.4 3 5 71.4 0.352 0 0 0 
643.30 141.3 40.473259 -3.416149 588.1 4 5 71.4 0.352 0 0 0 
644.30 142.3 40.473370 -3.415701 588.6 3 5 71.7 0.352 0 0 0 
645.32 141.7 40.473484 -3.415257 590.2 3 5 72.4 1.055 0 0 0 
646.31 140.5 40.473591 -3.414823 586.9 3 5 71.7 0.703 0 0 0 
647.31 134.9 40.473694 -3.414376 587.4 4 5 70.7 1.758 0 0 0 
648.31 129.9 40.473812 -3.413980 586.3 3 5 68.9 2.812 0 0 0 
649.31 129.2 40.473930 -3.413591 584.6 3 5 67.1 3.516 0 0 0 
650.31 131.5 40.474064 -3.413197 584.6 3 5 66.8 2.109 1 0 0 
651.37 132.9 40.474197 -3.412804 585.3 3 5 65.7 1.406 1 0 0 
652.31 134.8 40.474339 -3.412405 586.0 3 5 64.3 2.461 2 0 0 
653.36 136.7 40.474487 -3.412004 585.0 3 5 64.3 1.406 1 0 0 
654.37 137.1 40.474640 -3.411605 585.5 3 5 63.3 1.055 0 0 0 
655.32 140.0 40.474800 -3.411199 587.5 3 5 62.2 2.109 0 0 0 
656.38 141.6 40.474964 -3.410791 585.2 3 5 60.8 2.461 0 0 0 
657.32 143.8 40.475140 -3.410379 585.9 3 5 59.1 3.164 0 0 0 
658.32 143.7 40.475327 -3.409979 585.9 3 5 58.0 2.812 0 0 0 
659.36 144.7 40.475517 -3.409588 586.8 3 5 57.0 2.109 0 0 0 
660.31 145.0 40.475716 -3.409191 585.5 3 5 55.9 2.109 0 0 0 
661.31 144.0 40.475918 -3.408801 584.8 3 5 54.8 2.109 0 0 0 
662.32 144.0 40.476131 -3.408422 585.4 3 5 53.4 2.461 1 0 0 
663.31 143.5 40.476353 -3.408050 582.9 3 5 52.4 2.461 1 0 0 
664.37 141.9 40.476574 -3.407689 582.9 3 5 51.7 1.758 1 1 0 
665.32 142.6 40.476791 -3.407314 583.1 3 5 50.6 1.758 1 1 0 
666.32 143.7 40.477024 -3.406961 584.3 3 5 49.2 2.461 1 1 0 
667.34 144.5 40.477264 -3.406610 584.2 3 5 48.5 2.109 0 1 0 
668.40 144.1 40.477505 -3.406270 583.9 3 5 47.5 1.758 0 1 0 
669.31 143.7 40.477753 -3.405924 584.8 3 5 45.7 2.812 0 1 0 
670.32 144.8 40.478024 -3.405587 586.6 4 5 44.6 2.812 0 1 0 
671.32 144.4 40.478279 -3.405253 585.0 4 5 43.9 1.758 0 1 0 
672.32 144.6 40.478546 -3.404935 587.1 4 5 42.5 2.109 0 1 0 
673.32 143.1 40.478821 -3.404614 585.5 4 5 41.5 2.461 0 1 0 
674.32 141.4 40.479092 -3.404314 585.8 4 5 40.1 2.461 0 1 0 
675.31 140.7 40.479359 -3.404022 586.2 4 5 38.7 2.812 0 1 0 
676.32 141.2 40.479641 -3.403746 586.8 4 5 37.6 2.461 0 1 0 
677.31 141.7 40.479923 -3.403469 587.9 4 5 36.9 1.758 0 1 0 
678.32 142.6 40.480209 -3.403187 587.9 4 5 36.6 1.055 0 1 0 
679.31 143.3 40.480488 -3.402906 587.3 4 5 36.9 0.352 0 1 0 
680.35 143.9 40.480766 -3.402628 588.1 4 5 36.9 0.352 0 1 0 
681.34 144.3 40.481052 -3.402331 589.8 4 5 37.3 0.352 0 1 0 
682.34 144.6 40.481342 -3.402055 589.4 4 5 36.6 0.703 0 1 0 
683.31 145.3 40.481628 -3.401760 588.9 4 5 36.6 0.703 0 1 0 
684.32 146.3 40.481922 -3.401478 590.3 4 5 36.6 0 0 1 0 
685.31 143.9 40.482216 -3.401202 591.1 4 5 36.6 0 0 1 0 
686.40 141.4 40.482510 -3.400922 591.4 4 5 36.5 0.030 0 1 0 
687.40 140.5 40.482800 -3.400640 591.3 4 5 36.6 0.097 0 1 0 
688.34 138.1 40.483070 -3.400369 592.6 4 5 36.6 0.097 0 1 0 
689.35 136.2 40.483345 -3.400105 592.4 4 5 36.6 0 0 1 0 
690.36 134.8 40.483620 -3.399837 592.8 4 5 36.6 0 1 1 0 
691.33 134.5 40.483883 -3.399572 593.2 4 5 35.7 0.953 2 1 0 
692.30 134.9 40.484161 -3.399308 592.4 4 5 36.8 1.138 0 1 0 
693.33 134.2 40.484425 -3.399036 593.0 4 5 36.8 1.138 1 1 0 
694.33 133.5 40.484692 -3.398775 591.9 4 5 37.8 1.025 0 1 0 
695.31 134.1 40.484943 -3.398515 592.7 4 5 37.8 1.025 0 1 0 
696.36 135.4 40.485222 -3.398223 593.2 4 5 37.8 0 0 1 0 
697.39 136.4 40.485500 -3.397933 593.2 4 5 40.3 2.429 0 1 0 
698.30 137.4 40.485760 -3.397639 594.0 6 5 40.3 2.429 0 1 0 
699.30 136.8 40.486015 -3.397342 594.3 4 5 41.6 1.292 0 1 0 
700.38 134.5 40.486271 -3.397045 593.3 6 5 43.2 2.935 0 1 0 
701.34 133.7 40.486523 -3.396743 591.5 6 5 44.1 2.495 0 1 0 
702.30 132.5 40.486763 -3.396448 592.4 6 5 44.1 0.851 0 1 0 
703.31 130.8 40.487007 -3.396157 591.9 6 5 44.1 0 0 1 0 
704.31 128.6 40.487232 -3.395846 591.1 6 5 57.2 13.167 0 1 0 
705.31 126.0 40.487457 -3.395565 590.7 4 5 45.4 11.870 0 1 0 
706.30 123.4 40.487686 -3.395275 590.4 6 5 45.7 11.519 0 1 0 
707.30 121.8 40.487892 -3.394987 590.4 4 5 46.1 0.703 0 1 0 
708.31 120.2 40.488102 -3.394708 589.8 4 5 46.1 0.352 0 1 0 
709.31 119.5 40.488300 -3.394418 593.5 4 5 46.1 0 0 1 0 
710.31 120.3 40.488503 -3.394135 590.3 4 5 45.7 0.352 1 1 0 
711.32 122.7 40.488728 -3.393849 591.2 4 5 44.6 1.406 0 1 0 
712.36 125.0 40.488949 -3.393566 591.3 4 5 43.9 1.758 0 1 0 
713.35 127.6 40.489174 -3.393277 591.4 4 5 45.0 1.055 0 1 0 
714.31 129.1 40.489395 -3.392977 592.1 4 5 46.1 2.109 0 1 0 
715.34 131.1 40.489624 -3.392672 594.7 4 5 46.4 1.406 0 1 0 
716.32 132.9 40.489849 -3.392354 595.1 4 5 46.1 0.352 0 1 0 
717.32 134.3 40.490078 -3.392039 593.5 3 5 46.4 0.352 1 1 0 
718.33 134.2 40.490318 -3.391713 593.3 4 5 46.4 0.352 1 1 0 
719.32 134.5 40.490559 -3.391397 593.8 4 5 46.3 0.080 1 1 0 
720.31 134.3 40.490780 -3.391092 595.1 4 5 45.5 0.929 0 1 0 
721.31 133.5 40.491013 -3.390776 595.5 4 5 45.9 0.446 0 1 0 
722.34 133.5 40.491253 -3.390463 595.8 4 5 45.9 0.446 0 1 0 
723.32 133.0 40.491489 -3.390133 597.0 4 5 46.2 0.284 2 1 0 
724.35 133.6 40.491711 -3.389830 596.2 4 5 46.2 0.284 2 1 0 
725.32 133.7 40.491940 -3.389513 594.9 4 5 46.5 0.321 0 1 0 
726.32 131.8 40.492157 -3.389199 595.7 4 5 47.3 1.119 1 1 0 
727.32 131.3 40.492374 -3.388866 596.6 4 5 47.3 0.798 0 1 0 
728.32 131.0 40.492592 -3.388541 596.3 3 5 47.8 0.472 0 1 0 
729.30 129.2 40.492802 -3.388222 596.1 4 5 48.4 1.056 0 1 0 
730.32 127.1 40.493011 -3.387912 595.4 4 5 48.9 1.148 0 1 0 
731.32 125.0 40.493214 -3.387610 595.9 4 5 49.5 1.099 0 1 0 
732.32 121.8 40.493412 -3.387309 595.8 4 5 49.5 0.535 0 1 0 
733.32 117.0 40.493607 -3.387009 594.9 4 5 50.7 1.246 0 1 0 
734.31 115.7 40.493793 -3.386701 594.8 4 5 50.7 1.246 0 1 0 
735.32 113.7 40.493965 -3.386415 595.5 4 5 50.7 0 1 1 0 
736.30 112.5 40.494144 -3.386124 593.9 3 5 50.7 0 2 1 0 
737.39 110.9 40.494320 -3.385848 593.9 3 5 51.1 0.413 1 1 0 
738.32 109.0 40.494488 -3.385565 596.3 3 5 51.5 0.800 0 1 0 
739.32 109.1 40.494663 -3.385276 593.8 4 5 52.4 1.292 0 1 0 
740.32 109.0 40.494831 -3.384994 593.6 4 5 52.4 0.905 0 1 0 
741.30 108.5 40.494995 -3.384713 593.3 4 5 53.0 0.616 0 1 0 
742.33 108.5 40.495155 -3.384433 593.2 4 5 52.6 0.429 0 1 0 
743.30 110.2 40.495319 -3.384132 592.6 4 5 54.0 1.375 0 1 0 
744.33 109.4 40.495483 -3.383849 593.3 4 5 54.0 1.375 0 1 0 
745.44 109.5 40.495640 -3.383556 592.7 4 5 53.8 0.156 0 1 0 
746.33 108.9 40.495800 -3.383268 592.0 4 5 54.9 1.109 0 1 0 
747.44 108.9 40.495956 -3.382975 592.7 3 5 56.7 2.821 0 1 0 
748.31 110.4 40.496113 -3.382684 595.0 3 5 56.7 1.712 0 1 0 
749.39 111.0 40.496273 -3.382391 595.5 3 5 56.7 0 0 1 0 
750.33 109.8 40.496429 -3.382097 591.4 3 5 55.9 0.772 0 1 0 
751.43 108.3 40.496582 -3.381783 591.2 3 5 57.0 1.152 0 1 0 
752.31 106.7 40.496731 -3.381493 591.8 3 5 56.5 0.661 0 1 0 
753.36 104.9 40.496872 -3.381214 592.8 4 5 56.5 0.490 0 1 0 
754.33 105.4 40.497017 -3.380919 593.2 4 5 55.9 0.640 0 1 0 
755.30 108.0 40.497162 -3.380627 594.7 4 5 56.5 0.573 0 1 0 
756.30 110.7 40.497303 -3.380332 594.2 3 5 56.5 0.573 0 1 0 
757.33 111.3 40.497440 -3.380033 594.1 4 5 56.5 0 0 1 0 
758.32 111.2 40.497593 -3.379726 594.7 4 5 56.5 0 1 1 0 
759.31 110.5 40.497742 -3.379421 593.8 4 5 56.3 0.210 0 1 0 
760.31 109.7 40.497898 -3.379116 593.6 4 5 56.3 0.210 2 1 0 
761.30 109.2 40.498051 -3.378820 593.7 4 5 55.9 0.332 1 1 0 
762.31 109.2 40.498207 -3.378512 593.7 4 5 55.9 0.332 1 2 0 
763.30 109.2 40.498348 -3.378226 594.6 4 5 55.9 0 1 2 0 
764.32 106.9 40.498493 -3.377930 595.1 4 5 55.6 0.365 0 2 0 
765.31 105.5 40.498642 -3.377640 595.0 4 5 56.2 0.622 0 2 0 
766.31 103.5 40.498779 -3.377352 594.8 4 5 56.2 0.622 0 2 0 
767.32 100.9 40.498913 -3.377075 595.7 4 5 56.2 0 0 2 0 
768.31 98.3 40.499054 -3.376821 595.2 4 5 56.2 0 0 2 0 
769.31 96.7 40.499187 -3.376550 593.9 4 5 56.2 0 0 2 0 
770.30 96.3 40.499325 -3.376287 593.8 4 5 57.0 0.762 0 2 0 
771.31 95.5 40.499462 -3.376017 593.4 6 5 57.0 0.762 0 2 0 
772.32 93.6 40.499592 -3.375756 593.6 6 5 57.0 0 0 2 0 
773.33 92.1 40.499722 -3.375487 592.8 4 5 56.7 0.286 0 2 0 
774.32 91.1 40.499844 -3.375240 592.7 4 5 56.7 0.286 0 2 0 
775.36 91.6 40.499977 -3.374979 592.8 4 5 55.9 0.767 0 2 0 
776.40 92.7 40.500107 -3.374738 592.1 4 5 55.9 0.767 0 2 0 
777.37 94.4 40.500248 -3.374487 593.5 4 5 55.9 0 0 2 0 
778.31 96.8 40.500381 -3.374229 594.0 4 5 57.9 2.006 0 2 0 
779.31 99.7 40.500519 -3.373966 594.9 4 5 57.9 2.006 0 1 0 
780.36 101.6 40.500648 -3.373674 595.0 4 5 57.7 0.237 0 1 0 
781.31 104.7 40.500778 -3.373390 596.2 6 5 57.7 0.237 0 1 0 
782.32 107.3 40.500931 -3.373105 598.7 6 5 57.7 0 0 1 0 
783.43 110.2 40.501076 -3.372795 599.7 4 5 57.9 0.185 0 1 0 
784.31 112.1 40.501225 -3.372486 599.8 4 5 57.7 0.131 0 1 0 
785.32 109.1 40.501362 -3.372180 600.2 4 5 57.7 0.131 0 1 0 
786.32 106.5 40.501495 -3.371879 595.2 4 5 57.4 0.311 0 1 0 
787.32 101.2 40.501637 -3.371585 595.2 4 5 57.4 0.311 2 1 0 
788.40 98.2 40.501778 -3.371336 595.5 6 5 57.4 0 0 1 0 
789.33 96.9 40.501904 -3.371064 596.0 6 5 57.4 0 0 1 0 
790.42 95.4 40.502033 -3.370795 594.8 4 5 57.4 0 0 1 0 
791.33 94.1 40.502163 -3.370528 594.6 4 5 58.0 0.542 2 1 0 
792.30 93.6 40.502281 -3.370269 594.6 4 5 55.2 2.756 0 1 0 
793.30 92.2 40.502396 -3.370000 594.9 4 5 57.8 2.572 0 1 0 
794.31 91.0 40.502495 -3.369741 594.6 4 5 58.4 3.244 0 1 0 
795.35 89.6 40.502621 -3.369488 594.8 4 5 57.5 0.980 0 1 0 
796.34 88.4 40.502750 -3.369269 594.8 4 5 57.5 0.980 2 1 0 
797.32 86.8 40.502869 -3.369015 594.2 4 5 57.9 0.472 2 1 0 
798.46 85.6 40.502975 -3.368780 594.6 4 5 57.9 0.472 2 1 0 
799.45 84.8 40.503094 -3.368544 594.4 4 5 57.9 0 2 2 0 
800.30 83.4 40.503197 -3.368305 594.6 6 5 57.9 0 2 2 0 
801.33 80.0 40.503304 -3.368085 595.3 6 5 57.9 0 2 2 0 
802.30 80.3 40.503422 -3.367850 595.7 6 5 57.9 0.041 2 2 0 
803.36 80.5 40.503517 -3.367606 594.4 6 5 57.9 0.041 2 2 0 
804.32 80.4 40.503620 -3.367376 594.8 6 5 58.3 0.444 1 2 0 
805.30 81.8 40.503727 -3.367150 595.2 4 5 58.3 0.444 1 2 0 
806.33 83.3 40.503838 -3.366916 595.9 4 5 58.3 0 0 3 0 
807.33 84.7 40.503944 -3.366678 596.2 4 5 57.8 0.512 0 3 0 
808.33 84.0 40.504047 -3.366444 595.7 4 5 58.3 0.475 0 3 0 
809.32 84.1 40.504162 -3.366213 596.4 4 5 58.3 0.475 0 3 0 
810.33 84.9 40.504265 -3.365978 596.4 4 5 58.3 0 0 3 0 
811.31 85.8 40.504375 -3.365734 595.9 4 5 60.1 1.800 0 3 0 
812.31 86.2 40.504478 -3.365478 595.9 4 5 60.9 2.556 0 3 0 
813.34 86.9 40.504581 -3.365232 596.4 4 5 61.9 1.826 0 2 0 
814.43 87.1 40.504684 -3.364974 595.8 4 5 63.4 2.578 0 2 0 
815.33 88.0 40.504780 -3.364708 595.8 4 5 64.4 2.448 1 3 0 
816.30 90.0 40.504868 -3.364452 596.1 3 5 65.9 2.426 0 3 0 
817.33 93.5 40.504967 -3.364182 596.3 3 5 67.6 3.220 0 3 0 
818.32 97.7 40.505058 -3.363887 596.7 3 5 69.0 3.101 0 2 0 
819.31 100.3 40.505138 -3.363582 597.1 3 5 70.8 3.211 0 2 0 
820.31 102.9 40.505219 -3.363247 597.5 3 5 71.8 2.838 0 2 0 
821.33 104.0 40.505302 -3.362945 598.2 3 5 72.5 1.709 0 2 0 
822.30 104.9 40.505379 -3.362617 597.4 3 5 94.0 22.213 0 2 0 
823.31 106.2 40.505436 -3.362272 597.2 4 5 76.1 17.960 0 2 0 
824.39 105.9 40.505493 -3.361931 597.1 4 5 78.4 15.616 2 2 0 
825.31 104.4 40.505539 -3.361600 596.5 4 5 80.5 4.454 2 2 0 
826.31 103.2 40.505573 -3.361267 595.8 4 5 83.0 4.570 0 2 0 
827.38 103.9 40.505589 -3.360927 595.0 4 5 87.2 6.680 0 2 0 
828.31 101.6 40.505596 -3.360609 595.1 4 5 88.9 5.977 0 2 0 
829.31 101.7 40.505604 -3.360275 595.2 4 5 89.3 2.109 0 2 0 
830.31 102.8 40.505608 -3.359935 595.1 3 5 88.9 0.352 0 2 0 
831.31 102.2 40.505615 -3.359602 594.6 3 5 88.9 0.352 1 2 0 
832.32 100.9 40.505615 -3.359271 594.7 3 5 90.0 1.055 2 2 0 
833.31 101.2 40.505619 -3.358938 594.6 3 5 90.7 1.758 2 2 0 
834.32 101.1 40.505608 -3.358597 594.7 4 5 92.1 2.109 0 2 0 
835.32 100.9 40.505589 -3.358256 594.9 4 5 93.9 3.164 0 2 0 
836.33 99.6 40.505550 -3.357929 595.1 4 5 95.3 3.164 0 2 0 
837.44 98.1 40.505520 -3.357621 595.0 4 5 97.7 3.867 2 3 0 
838.30 97.3 40.505486 -3.357305 594.8 4 5 98.1 2.812 0 3 0 
839.35 91.4 40.505451 -3.357009 594.5 4 5 98.4 0.703 0 3 0 
840.33 86.0 40.505421 -3.356736 594.2 4 5 98.4 0.352 0 3 0 
841.32 76.2 40.505398 -3.356483 593.8 4 5 97.7 0.703 0 3 0 
