57.83 1 1 40.525536 -3.420431 20151111134643 
175.33 2 1 40.533737 -3.459390 20151111134841 
330.74 1 2 40.554592 -3.500101 20151111135116 
332.56 2 2 40.554775 -3.500772 20151111135118 
362.07 1 2 40.556953 -3.511399 20151111135147 
367.04 1 2 40.557541 -3.513219 20151111135152 
374.47 1 2 40.559166 -3.515383 20151111135200 
384.41 2 2 40.561588 -3.516732 20151111135210 
386.78 1 1 40.562462 -3.516891 20151111135212 
477.27 1 1 40.578854 -3.542392 20151111135342 
501.41 1 1 40.582592 -3.548034 20151111135407 
525.66 1 2 40.584465 -3.554229 20151111135431 
