23.75 100.0 1 primary 3 1 40.519108 -3.410149 1.580 100.4
25.21 100.0 1 primary 3 1 40.519516 -3.410536 1.037 101.2
27.33 100.0 1 primary 3 1 40.519939 -3.410926 1.164 103.5
28.77 100.0 1 primary 2 1 40.520351 -3.411314 0.603 105.4
30.05 100.0 1 primary 2 1 40.520573 -3.411508 0.876 108.0
30.73 100.0 1 primary 2 1 40.520798 -3.411710 0.560 109.8
32.78 100.0 1 primary 2 1 40.521019 -3.411929 1.613 114.0
35.74 100.0 1 primary 2 1 40.521484 -3.412368 2.566 118.6
36.87 100.0 1 primary 2 1 40.522209 -3.413051 0.696 118.6
38.29 100.0 1 primary 2 1 40.522442 -3.413275 1.121 120.2
40.85 100.0 1 primary 2 1 40.522945 -3.413785 1.680 120.9
42.08 90.0 3 tertiary_link 1 1 40.523384 -3.414333 0.910 120.9
43.22 90.0 3 tertiary_link 1 1 40.523590 -3.414626 1.053 121.1
45.35 90.0 3 tertiary_link 1 1 40.523956 -3.415262 1.190 122.0
47.09 100.0 1 primary 2 1 40.524292 -3.415935 0.927 121.2
48.01 100.0 1 primary 2 1 40.524437 -3.416286 0.849 121.1
49.47 100.0 1 primary 2 1 40.524574 -3.416647 1.302 122.1
51.65 100.0 1 primary 2 1 40.524815 -3.417400 1.486 123.7
53.35 80.0 1 primary 1 1 40.524994 -3.418182 1.180 122.0
55.24 80.0 1 primary 1 1 40.525158 -3.418948 1.074 118.7
57.23 80.0 1 primary 1 1 40.525318 -3.419699 1.069 119.1
58.97 100.0 1 primary 2 1 40.525536 -3.420431 0.807 119.4
60.10 100.0 1 primary 2 1 40.525658 -3.420774 0.934 117.1
61.36 100.0 1 primary 2 1 40.525787 -3.421104 1.194 110.4
63.43 90.0 1 primary 2 1 40.526085 -3.421730 1.262 112.0
65.43 90.0 1 primary 2 1 40.526443 -3.422313 1.262 114.7
67.39 90.0 1 primary 2 1 40.526852 -3.422860 1.222 116.8
69.12 90.0 1 primary 2 1 40.527317 -3.423357 0.956 118.0
70.76 90.0 1 primary 2 1 40.527557 -3.423572 1.592 118.0
72.18 90.0 1 primary 2 1 40.528072 -3.423924 1.018 118.4
74.54 90.0 1 primary 2 1 40.528591 -3.424283 1.371 115.5
76.91 90.0 1 primary 2 1 40.529099 -3.424616 1.747 112.2
79.25 90.0 1 primary 2 1 40.529591 -3.424960 2.083 110.9
81.50 90.0 1 primary 2 1 40.530304 -3.425542 1.334 111.7
84.26 90.0 1 primary 2 1 40.530731 -3.425982 2.099 111.7
86.11 90.0 1 primary 2 1 40.531353 -3.426696 0.943 110.6
87.07 90.0 1 primary 2 1 40.531544 -3.426939 0.901 109.9
88.08 90.0 1 primary 2 1 40.531719 -3.427206 0.916 109.5
89.32 90.0 1 primary 2 1 40.531902 -3.427476 1.151 109.3
92.67 90.0 1 primary 2 1 40.532242 -3.428039 2.501 106.1
94.20 90.0 1 primary 2 1 40.532673 -3.428922 1.037 105.9
96.35 90.0 1 primary 2 1 40.532936 -3.429562 1.184 106.6
97.91 90.0 1 primary 2 1 40.533180 -3.430138 0.746 104.1
99.42 90.0 1 primary 2 1 40.533272 -3.430456 1.258 103.1
101.70 90.0 1 primary 2 1 40.533436 -3.431078 1.536 103.6
109.08 90.0 1 primary 2 1 40.533569 -3.431740 6.913 103.5
110.70 90.0 1 primary 2 1 40.533829 -3.434098 1.538 101.1
112.63 90.0 1 primary 2 1 40.533825 -3.434752 1.465 102.1
114.37 90.0 1 primary 2 1 40.533829 -3.435420 1.208 101.1
116.15 90.0 1 primary 2 1 40.533829 -3.436081 0.986 102.2
129.32 90.0 1 primary 2 1 40.533829 -3.436418 13.156 114.9
131.07 90.0 1 primary 2 1 40.533806 -3.441451 0.900 116.7
148.79 90.0 1 primary 2 1 40.533802 -3.441840 17.621 122.1
150.42 90.0 1 primary 2 1 40.533772 -3.449067 1.255 122.1
153.21 90.0 1 primary 2 1 40.533760 -3.449874 2.044 121.7
155.65 90.0 1 primary 2 1 40.533749 -3.451084 1.484 121.3
157.18 90.0 1 primary 2 1 40.533752 -3.451873 1.013 121.6
159.22 90.0 1 primary 2 1 40.533752 -3.452667 1.058 121.5
161.58 90.0 1 primary 2 1 40.533741 -3.453470 1.412 121.5
163.24 90.0 1 primary 2 1 40.533733 -3.454269 1.078 122.4
165.47 90.0 1 primary 2 1 40.533741 -3.455088 1.304 121.7
167.21 90.0 1 primary 2 1 40.533760 -3.455896 1.044 121.0
183.01 90.0 1 primary 2 1 40.533756 -3.456689 14.849 112.1
184.52 90.0 1 primary 2 1 40.533730 -3.462359 1.354 111.7
186.97 90.0 1 primary 2 1 40.533722 -3.463080 1.808 111.1
188.93 90.0 1 primary 2 1 40.533695 -3.463806 1.757 110.4
190.41 90.0 1 primary 2 1 40.533699 -3.464517 1.243 106.6
193.24 90.0 1 primary 2 1 40.533710 -3.465210 2.079 107.9
197.13 90.0 1 primary 2 1 40.533810 -3.466228 2.969 109.7
199.42 90.0 1 primary 2 1 40.534054 -3.467264 2.257 111.7
201.24 90.0 1 primary 2 1 40.534420 -3.468242 1.077 113.1
203.17 100.0 3 primary_link 1 1 40.534760 -3.468826 1.007 113.7
205.94 100.0 3 primary_link 1 1 40.535160 -3.469359 1.771 112.6
207.67 100.0 3 primary_link 1 1 40.535606 -3.469840 1.501 115.5
209.81 100.0 3 primary_link 1 1 40.536102 -3.470225 1.644 116.9
211.55 100.0 3 primary_link 1 1 40.536640 -3.470531 1.383 118.3
213.81 90.0 1 primary 2 1 40.537212 -3.470772 1.647 120.0
215.57 90.0 1 primary 2 1 40.537792 -3.470956 1.410 120.6
217.29 90.0 1 primary 2 1 40.538361 -3.471139 1.122 121.4
218.94 90.0 1 primary 2 1 40.538937 -3.471338 0.772 121.6
226.20 90.0 1 primary 2 1 40.539234 -3.471432 7.035 123.2
228.41 30.0 1 primary_link 1 1 40.541595 -3.472173 1.244 123.7
230.52 30.0 1 primary_link 1 1 40.542183 -3.472384 1.357 122.9
232.24 30.0 1 primary_link 1 1 40.542778 -3.472566 1.077 121.5
240.94 30.0 1 primary_link 1 1 40.543369 -3.472754 7.774 114.7
249.64 90.0 1 primary 2 1 40.545624 -3.473488 8.476 110.3
251.32 90.0 1 primary 2 1 40.548058 -3.474520 1.153 107.1
253.45 90.0 1 primary 2 1 40.548542 -3.474785 1.287 105.8
262.03 90.0 1 primary 2 1 40.549026 -3.475085 7.869 104.4
263.16 90.0 1 primary 2 1 40.550808 -3.476555 0.997 104.4
265.94 90.0 1 primary 2 1 40.551018 -3.476767 2.772 105.3
269.12 90.0 1 primary 2 1 40.551620 -3.477449 2.955 104.7
292.15 -1.0 -1 - -1 -1 40.552200 -3.478164 22.990 123.5
293.47 90.0 1 primary 2 1 40.555466 -3.485571 1.306 124.0
304.03 90.0 1 primary 2 1 40.555603 -3.486364 9.863 117.6
334.56 100.0 3 primary_link 1 1 40.555828 -3.490366 30.392 109.0
336.44 90.0 1 primary 3 1 40.555054 -3.501378 1.274 110.6
337.87 90.0 1 primary 3 1 40.555370 -3.501972 0.707 111.5
338.94 90.0 1 primary 3 1 40.555538 -3.502266 0.779 112.1
341.72 90.0 1 primary 3 1 40.555695 -3.502576 2.552 114.5
343.26 90.0 1 primary 3 1 40.556107 -3.503599 1.093 116.7
345.44 90.0 1 primary 3 1 40.556339 -3.504308 1.271 118.4
347.89 90.0 1 primary 3 1 40.556515 -3.505026 1.721 117.2
349.72 90.0 1 primary 3 1 40.556648 -3.505800 1.558 119.4
351.12 90.0 1 primary 3 1 40.556721 -3.506582 0.955 119.3
353.07 90.0 1 primary 3 1 40.556744 -3.506989 1.902 121.0
354.42 90.0 1 primary 3 1 40.556744 -3.507786 1.251 122.8
356.15 90.0 1 primary 3 1 40.556721 -3.508588 0.985 122.0
357.17 90.0 1 primary 3 1 40.556709 -3.508995 1.001 121.4
359.34 90.0 1 primary 3 1 40.556721 -3.509798 1.176 123.6
361.06 90.0 1 primary 3 1 40.556805 -3.510604 0.892 124.6
361.83 90.0 1 primary 3 1 40.556873 -3.511009 0.663 125.2
363.13 90.0 1 primary 3 1 40.556953 -3.511399 0.955 125.1
364.02 90.0 1 primary 3 1 40.557049 -3.511784 0.860 122.1
367.00 90.0 1 primary 3 1 40.557148 -3.512163 2.836 118.4
369.76 90.0 1 primary 3 1 40.557541 -3.513219 2.594 114.5
370.90 90.0 1 primary 3 1 40.558056 -3.514105 0.736 114.8
372.73 90.0 1 primary 3 1 40.558254 -3.514361 1.565 116.8
374.47 90.0 1 primary 3 1 40.558678 -3.514880 1.301 118.8
384.36 100.0 3 primary_link 1 1 40.559166 -3.515383 9.194 118.1
386.61 100.0 3 primary_link 1 1 40.561878 -3.516793 1.444 116.4
388.49 100.0 3 primary_link 1 1 40.562462 -3.516891 1.323 114.6
395.29 90.0 1 primary 3 1 40.563042 -3.516977 6.115 115.6
397.53 90.0 1 primary 3 1 40.565033 -3.517439 1.379 113.1
402.13 90.0 1 primary 3 1 40.565567 -3.517649 3.971 110.6
403.04 90.0 1 primary 3 1 40.566582 -3.518153 0.877 109.8
404.26 90.0 1 primary 3 1 40.566818 -3.518305 1.105 108.1
414.49 90.0 1 primary 3 1 40.567299 -3.518622 9.332 104.1
419.16 90.0 1 primary 2 1 40.569454 -3.520587 4.006 103.9
426.69 90.0 1 primary 2 1 40.570374 -3.521793 6.533 113.3
428.44 90.0 1 primary 2 1 40.571545 -3.523875 1.285 116.8
431.29 90.0 1 primary 2 1 40.571838 -3.524522 2.138 121.3
435.69 90.0 1 primary 2 1 40.572231 -3.525590 3.539 126.9
439.45 90.0 1 primary 2 1 40.572685 -3.527134 3.294 126.6
457.47 90.0 1 primary 2 1 40.573135 -3.528697 17.306 128.6
459.45 90.0 1 primary 2 1 40.576046 -3.535295 1.300 128.4
461.30 90.0 1 primary 2 1 40.576347 -3.536070 1.142 127.6
463.35 90.0 1 primary 2 1 40.576614 -3.536825 1.198 126.7
465.10 90.0 1 primary 2 1 40.576866 -3.537592 0.944 126.3
466.21 90.0 1 primary 2 1 40.576996 -3.537955 1.054 126.2
468.21 90.0 1 primary 2 1 40.577244 -3.538707 1.052 126.4
470.14 90.0 1 primary 2 1 40.577522 -3.539461 0.989 126.5
471.18 90.0 1 primary 2 1 40.577675 -3.539838 1.019 126.7
473.40 90.0 1 primary 2 1 40.577976 -3.540581 1.249 124.5
475.14 90.0 1 primary 2 1 40.578312 -3.541310 0.987 127.4
476.99 90.0 1 primary 2 1 40.578506 -3.541673 1.839 127.8
478.19 90.0 1 primary 2 1 40.578854 -3.542392 1.036 128.3
479.85 90.0 1 primary 2 1 40.579208 -3.543052 0.691 120.5
481.25 90.0 1 primary 2 1 40.579384 -3.543361 1.092 108.9
484.33 90.0 1 primary 2 1 40.579716 -3.543919 2.176 99.6
485.81 90.0 1 primary 2 1 40.580219 -3.544680 0.644 98.4
487.10 90.0 1 primary 2 1 40.580379 -3.544906 0.946 97.1
487.83 90.0 1 primary 2 1 40.580536 -3.545142 0.677 95.2
488.95 90.0 1 primary 2 1 40.580692 -3.545371 0.796 93.7
491.64 90.0 1 primary 2 1 40.580845 -3.545590 2.481 89.2
493.14 90.0 1 primary 2 1 40.581291 -3.546223 0.987 86.8
493.76 90.0 1 primary 2 1 40.581436 -3.546412 0.603 85.1
495.10 90.0 1 primary 2 1 40.581573 -3.546600 0.943 83.6
496.26 90.0 1 primary 2 1 40.581711 -3.546798 1.106 82.9
498.45 90.0 1 primary 2 1 40.581997 -3.547187 1.295 85.7
500.32 90.0 1 primary 2 1 40.582287 -3.547607 1.160 90.6
502.23 90.0 1 primary 2 1 40.582592 -3.548034 1.076 90.5
504.20 90.0 1 primary 2 1 40.582870 -3.548501 1.049 88.4
506.13 90.0 1 primary 2 1 40.583115 -3.548981 0.980 89.5
506.96 90.0 1 primary 2 1 40.583237 -3.549233 0.807 88.8
508.11 90.0 1 primary 2 1 40.583355 -3.549473 0.957 86.4
509.08 90.0 1 primary 2 1 40.583462 -3.549726 0.926 87.4
510.10 90.0 1 primary 2 1 40.583565 -3.549983 0.943 86.3
512.59 90.0 1 primary 2 1 40.583656 -3.550245 2.439 81.6
513.88 90.0 1 primary 2 1 40.583923 -3.550988 0.726 80.5
515.14 90.0 1 primary 2 1 40.583981 -3.551242 0.989 81.8
516.23 90.0 1 primary 2 1 40.584042 -3.551497 1.070 79.5
519.02 90.0 1 primary 2 1 40.584148 -3.551996 1.868 78.5
520.39 90.0 1 primary 2 1 40.584251 -3.552486 1.233 77.8
522.62 90.0 1 primary 2 1 40.584320 -3.552986 1.460 75.9
524.59 90.0 1 primary 1 1 40.584366 -3.553470 1.426 76.7
526.02 90.0 1 primary 1 1 40.584431 -3.553984 0.862 77.2
526.83 90.0 1 primary 1 1 40.584465 -3.554229 0.680 76.6
528.29 90.0 1 primary 1 1 40.584492 -3.554481 1.135 70.6
530.11 90.0 1 primary 1 1 40.584553 -3.554931 0.951 67.4
531.16 90.0 1 primary 1 1 40.584583 -3.555152 0.995 64.2
533.33 90.0 1 primary 1 1 40.584641 -3.555583 1.175 64.5
535.24 90.0 1 primary 1 1 40.584690 -3.555987 1.086 62.8
