21.47 -1.00 -1.00 0 100.5 
21.60 -1.00 -1.00 0 100.4 
21.71 -1.00 -1.00 0 100.4 
21.81 -1.00 -1.00 0 100.4 
21.94 -1.00 -1.00 0 100.4 
22.04 -1.00 -1.00 0 100.4 
22.16 -1.00 -1.00 0 100.4 
22.28 -1.00 -1.00 0 100.4 
22.43 -1.00 -1.00 0 100.4 
22.56 -1.00 -1.00 0 100.4 
22.67 -1.00 -1.00 0 100.4 
22.78 -1.00 -1.00 0 100.4 
22.89 -1.00 -1.00 0 100.4 
23.00 -1.00 -1.00 0 100.4 
23.11 -1.00 -1.00 0 100.4 
23.20 -1.00 -1.00 0 100.4 
23.33 -1.00 -1.00 0 100.4 
23.47 -1.00 -1.00 0 100.4 
23.60 -1.00 -1.00 0 100.9 
23.73 -1.00 -1.00 0 100.9 
23.85 -1.00 -1.00 0 100.9 
23.96 -1.00 -1.00 0 100.9 
24.06 -1.00 -1.00 0 100.9 
24.16 -1.00 -1.00 0 100.9 
24.27 -1.00 -1.00 0 100.9 
24.35 -1.00 -1.00 0 100.9 
24.47 -1.00 -1.00 0 100.9 
24.57 -1.00 -1.00 0 101.2 
24.66 -1.00 -1.00 0 101.2 
24.76 -1.00 -1.00 0 101.2 
24.88 -1.00 -1.00 0 101.2 
24.98 -1.00 -1.00 0 101.2 
25.10 -1.00 -1.00 0 101.2 
25.18 -1.00 -1.00 0 101.2 
25.29 -1.00 -1.00 0 101.2 
25.41 -1.00 -1.00 0 101.2 
25.50 -1.00 -1.00 0 102.3 
25.59 -1.00 -1.00 0 102.3 
25.67 -1.00 -1.00 0 102.3 
25.75 -1.00 -1.00 0 102.3 
25.85 -1.00 -1.00 0 102.3 
25.95 -1.00 -1.00 0 102.3 
26.04 -1.00 -1.00 0 102.3 
26.12 -1.00 -1.00 0 102.3 
26.21 -1.00 -1.00 0 102.3 
26.30 -1.00 -1.00 0 102.3 
26.43 -1.00 -1.00 0 102.3 
26.54 -1.00 -1.00 0 103.5 
26.65 -1.00 -1.00 0 103.5 
26.74 -1.00 -1.00 0 103.5 
26.82 -1.00 -1.00 0 103.5 
26.90 -1.00 -1.00 0 103.5 
26.98 -1.00 -1.00 0 103.5 
27.06 -1.00 -1.00 0 103.5 
27.15 -1.00 -1.00 0 103.5 
27.24 -1.00 -1.00 0 103.5 
27.35 -1.00 -1.00 0 103.5 
27.46 -1.00 -1.00 0 103.5 
27.55 -1.00 -1.00 0 105.4 
27.63 -1.00 -1.00 0 105.4 
27.72 -1.00 -1.00 0 105.4 
27.82 -1.00 -1.00 0 105.4 
27.92 -1.00 -1.00 0 105.4 
28.00 -1.00 -1.00 0 105.4 
28.08 -1.00 -1.00 0 105.4 
28.19 -1.00 -1.00 0 105.4 
28.28 -1.00 -1.00 0 105.4 
28.37 -1.00 -1.00 0 105.4 
28.47 -1.00 -1.00 0 105.4 
28.57 -1.00 -1.00 0 108.0 
28.67 -1.00 -1.00 0 108.0 
28.74 -1.00 -1.00 0 108.0 
28.82 -1.00 -1.00 0 108.0 
28.91 -1.00 -1.00 0 108.0 
29.00 -1.00 -1.00 0 108.0 
29.07 -1.00 -1.00 0 108.0 
29.17 -1.00 -1.00 0 108.0 
29.27 -1.00 -1.00 0 108.0 
29.36 -1.00 -1.00 0 108.0 
29.47 -1.00 -1.00 0 108.0 
29.57 -1.00 -1.00 0 109.8 
29.67 -1.00 -1.00 0 109.8 
29.77 -1.00 -1.00 0 109.8 
29.86 -1.00 -1.00 0 109.8 
29.95 -1.00 -1.00 0 109.8 
30.05 -1.00 -1.00 0 109.8 
30.16 -1.00 -1.00 0 109.8 
30.26 -1.00 -1.00 0 109.8 
30.37 -1.00 -1.00 0 109.8 
30.46 -1.00 -1.00 0 109.8 
30.56 -1.00 -1.00 0 112.2 
30.65 -1.00 -1.00 0 112.2 
30.73 -1.00 -1.00 0 112.2 
30.81 -1.00 -1.00 0 112.2 
30.91 -1.00 -1.00 0 112.2 
31.00 -1.00 -1.00 0 112.2 
31.09 -1.00 -1.00 0 112.2 
31.18 -1.00 -1.00 0 112.2 
31.41 -1.00 -1.00 0 112.2 
31.50 -1.00 -1.00 0 112.2 
31.59 -1.00 -1.00 0 114.0 
31.68 -1.00 -1.00 0 114.0 
31.77 -1.00 -1.00 0 114.0 
31.86 -1.00 -1.00 0 114.0 
31.93 -1.00 -1.00 0 114.0 
32.04 -1.00 -1.00 0 114.0 
32.13 -1.00 -1.00 0 114.0 
32.20 -1.00 -1.00 0 114.0 
32.29 -1.00 -1.00 0 114.0 
32.41 -1.00 -1.00 0 114.0 
32.50 -1.00 -1.00 0 115.8 
32.60 -1.00 -1.00 0 115.8 
32.70 -1.00 -1.00 0 115.8 
32.79 -1.00 -1.00 0 115.8 
32.87 -1.00 -1.00 0 115.8 
32.96 -1.00 -1.00 0 115.8 
33.06 -1.00 -1.00 0 115.8 
33.15 -1.00 -1.00 0 115.8 
33.26 -1.00 -1.00 0 115.8 
33.41 -1.00 -1.00 0 115.8 
33.50 -1.00 -1.00 0 117.4 
33.60 -1.00 -1.00 0 117.4 
33.71 -1.00 -1.00 0 117.4 
33.80 -1.00 -1.00 0 117.4 
33.88 -1.00 -1.00 0 117.4 
33.99 -1.00 -1.00 0 117.4 
34.09 -1.00 -1.00 0 117.4 
34.18 -1.00 -1.00 0 117.4 
34.27 -1.00 -1.00 0 117.4 
34.35 -1.00 -1.00 0 117.4 
34.45 -1.00 -1.00 0 117.4 
34.53 -1.00 -1.00 0 118.6 
34.62 -1.00 -1.00 0 118.6 
34.72 -1.00 -1.00 0 118.6 
34.81 -1.00 -1.00 0 118.6 
34.90 -1.00 -1.00 0 118.6 
35.01 -1.00 -1.00 0 118.6 
35.12 -1.00 -1.00 0 118.6 
35.23 -1.00 -1.00 0 118.6 
35.35 -1.00 -1.00 0 118.6 
35.49 -1.00 -1.00 0 118.6 
35.63 -1.00 -1.00 0 118.6 
35.77 -1.00 -1.00 0 118.6 
35.92 32.01 0.97 1 118.6 
36.06 31.76 0.96 1 118.6 
36.17 -1.00 -1.00 1 118.6 
36.30 -1.00 -1.00 1 118.6 
36.44 -1.00 -1.00 1 118.6 
36.55 -1.00 -1.00 1 118.9 
36.65 -1.00 -1.00 1 118.9 
36.75 -1.00 -1.00 1 118.9 
36.87 -1.00 -1.00 1 118.9 
37.00 -1.00 -1.00 1 118.9 
37.11 -1.00 -1.00 1 118.9 
37.22 -1.00 -1.00 1 118.9 
37.33 -1.00 -1.00 1 118.9 
37.44 -1.00 -1.00 1 118.9 
37.55 -1.00 -1.00 1 120.2 
37.65 -1.00 -1.00 1 120.2 
37.77 -1.00 -1.00 1 120.2 
37.89 -1.00 -1.00 1 120.2 
38.03 -1.00 -1.00 1 120.2 
38.16 -1.00 -1.00 1 120.2 
38.29 -1.00 -1.00 1 120.2 
38.43 -1.00 -1.00 0 120.2 
38.54 -1.00 -1.00 0 120.7 
38.69 -1.00 -1.00 0 120.7 
38.78 -1.00 -1.00 0 120.7 
38.87 -1.00 -1.00 0 120.7 
38.98 -1.00 -1.00 0 120.7 
39.07 -1.00 -1.00 0 120.7 
39.17 -1.00 -1.00 0 120.7 
39.27 -1.00 -1.00 0 120.7 
39.42 -1.00 -1.00 0 120.7 
39.51 -1.00 -1.00 0 120.9 
39.63 -1.00 -1.00 0 120.9 
39.76 -1.00 -1.00 0 120.9 
39.86 -1.00 -1.00 0 120.9 
39.96 -1.00 -1.00 0 120.9 
40.05 -1.00 -1.00 0 120.9 
40.14 -1.00 -1.00 0 120.9 
40.26 -1.00 -1.00 0 120.9 
40.35 -1.00 -1.00 0 120.9 
40.50 -1.00 -1.00 0 120.9 
40.63 -1.00 -1.00 0 120.9 
40.74 -1.00 -1.00 0 120.9 
40.85 -1.00 -1.00 0 120.9 
40.96 -1.00 -1.00 0 120.9 
41.08 -1.00 -1.00 0 120.9 
41.35 -1.00 -1.00 0 120.9 
41.49 -1.00 -1.00 0 120.9 
41.59 -1.00 -1.00 0 121.2 
41.71 -1.00 -1.00 0 121.2 
41.84 -1.00 -1.00 0 121.2 
42.01 -1.00 -1.00 0 121.2 
42.15 -1.00 -1.00 0 121.2 
42.27 -1.00 -1.00 0 121.2 
42.42 -1.00 -1.00 0 121.2 
42.55 -1.00 -1.00 0 121.1 
42.67 -1.00 -1.00 0 121.1 
42.79 -1.00 -1.00 0 121.1 
42.89 -1.00 -1.00 0 121.1 
43.00 -1.00 -1.00 0 121.1 
43.15 -1.00 -1.00 0 121.1 
43.28 -1.00 -1.00 0 121.1 
43.43 -1.00 -1.00 0 121.1 
43.54 -1.00 -1.00 0 121.3 
43.67 -1.00 -1.00 0 121.3 
43.80 -1.00 -1.00 0 121.3 
43.92 -1.00 -1.00 0 121.3 
44.03 -1.00 -1.00 0 121.3 
44.19 -1.00 -1.00 0 121.3 
44.30 -1.00 -1.00 0 121.3 
44.43 -1.00 -1.00 0 121.3 
44.53 -1.00 -1.00 0 122.0 
44.63 -1.00 -1.00 0 122.0 
44.72 -1.00 -1.00 0 122.0 
44.83 -1.00 -1.00 0 122.0 
44.92 -1.00 -1.00 0 122.0 
45.03 -1.00 -1.00 0 122.0 
45.12 -1.00 -1.00 0 122.0 
45.21 -1.00 -1.00 0 122.0 
45.36 -1.00 -1.00 0 122.0 
45.47 -1.00 -1.00 0 122.0 
45.58 -1.00 -1.00 0 121.2 
45.67 -1.00 -1.00 0 121.2 
45.78 -1.00 -1.00 0 121.2 
45.87 -1.00 -1.00 0 121.2 
45.97 -1.00 -1.00 0 121.2 
46.07 -1.00 -1.00 0 121.2 
46.16 -1.00 -1.00 0 121.2 
46.24 -1.00 -1.00 0 121.2 
46.32 -1.00 -1.00 0 121.2 
46.43 -1.00 -1.00 0 121.2 
46.54 -1.00 -1.00 0 121.1 
46.64 -1.00 -1.00 0 121.1 
46.74 -1.00 -1.00 0 121.1 
46.84 -1.00 -1.00 0 121.1 
46.92 -1.00 -1.00 0 121.1 
47.01 -1.00 -1.00 0 121.1 
47.10 -1.00 -1.00 0 121.1 
47.20 -1.00 -1.00 0 121.1 
47.28 -1.00 -1.00 0 121.1 
47.41 -1.00 -1.00 0 121.1 
47.52 -1.00 -1.00 0 121.6 
47.62 -1.00 -1.00 0 121.6 
47.71 -1.00 -1.00 0 121.6 
47.81 -1.00 -1.00 0 121.6 
47.91 -1.00 -1.00 0 121.6 
48.01 -1.00 -1.00 0 121.6 
48.11 -1.00 -1.00 0 121.6 
48.20 -1.00 -1.00 0 121.6 
48.30 -1.00 -1.00 0 121.6 
48.42 -1.00 -1.00 0 121.6 
48.50 -1.00 -1.00 0 122.1 
48.58 -1.00 -1.00 0 122.1 
48.66 -1.00 -1.00 0 122.1 
48.74 -1.00 -1.00 0 122.1 
48.83 -1.00 -1.00 0 122.1 
48.91 -1.00 -1.00 0 122.1 
49.00 -1.00 -1.00 0 122.1 
49.07 -1.00 -1.00 0 122.1 
49.16 -1.00 -1.00 0 122.1 
49.25 -1.00 -1.00 0 122.1 
49.33 -1.00 -1.00 0 122.1 
49.47 -1.00 -1.00 0 122.1 
49.57 -1.00 -1.00 0 122.4 
49.68 -1.00 -1.00 0 122.4 
49.79 -1.00 -1.00 0 122.4 
49.88 -1.00 -1.00 0 122.4 
49.97 -1.00 -1.00 0 122.4 
50.08 -1.00 -1.00 0 122.4 
50.18 -1.00 -1.00 0 122.4 
50.25 -1.00 -1.00 0 122.4 
50.33 -1.00 -1.00 0 122.4 
50.46 -1.00 -1.00 0 122.4 
50.56 -1.00 -1.00 0 123.7 
50.66 -1.00 -1.00 0 123.7 
50.74 -1.00 -1.00 0 123.7 
50.83 -1.00 -1.00 0 123.7 
50.92 -1.00 -1.00 0 123.7 
51.03 -1.00 -1.00 0 123.7 
51.12 -1.00 -1.00 0 123.7 
51.26 -1.00 -1.00 0 123.7 
51.36 -1.00 -1.00 0 123.7 
51.47 -1.00 -1.00 0 123.7 
51.56 -1.00 -1.00 0 123.3 
51.65 -1.00 -1.00 0 123.3 
51.76 -1.00 -1.00 0 123.3 
51.85 -1.00 -1.00 0 123.3 
51.95 -1.00 -1.00 0 123.3 
52.06 -1.00 -1.00 0 123.3 
52.16 -1.00 -1.00 0 123.3 
52.25 -1.00 -1.00 0 123.3 
52.32 -1.00 -1.00 0 123.3 
52.45 -1.00 -1.00 0 123.3 
52.54 -1.00 -1.00 0 122.0 
52.62 -1.00 -1.00 0 122.0 
52.72 -1.00 -1.00 0 122.0 
52.81 -1.00 -1.00 0 122.0 
52.91 -1.00 -1.00 0 122.0 
53.02 -1.00 -1.00 0 122.0 
53.13 -1.00 -1.00 0 122.0 
53.22 -1.00 -1.00 0 122.0 
53.32 -1.00 -1.00 0 122.0 
53.47 -1.00 -1.00 0 122.0 
53.57 -1.00 -1.00 0 119.9 
53.68 -1.00 -1.00 0 119.9 
53.78 -1.00 -1.00 0 119.9 
53.89 -1.00 -1.00 0 119.9 
53.99 -1.00 -1.00 0 119.9 
54.08 -1.00 -1.00 0 119.9 
54.21 -1.00 -1.00 0 119.9 
54.31 -1.00 -1.00 0 119.9 
54.44 -1.00 -1.00 0 119.9 
54.55 -1.00 -1.00 0 118.7 
54.64 -1.00 -1.00 0 118.7 
54.73 -1.00 -1.00 0 118.7 
54.82 -1.00 -1.00 0 118.7 
54.92 -1.00 -1.00 0 118.7 
55.03 -1.00 -1.00 0 118.7 
55.11 -1.00 -1.00 0 118.7 
55.24 -1.00 -1.00 0 118.7 
55.32 -1.00 -1.00 0 118.7 
55.45 -1.00 -1.00 0 118.7 
55.56 -1.00 -1.00 0 119.3 
55.65 -1.00 -1.00 0 119.3 
55.76 -1.00 -1.00 0 119.3 
55.86 -1.00 -1.00 0 119.3 
55.96 -1.00 -1.00 0 119.3 
56.05 -1.00 -1.00 0 119.3 
56.14 -1.00 -1.00 0 119.3 
56.24 -1.00 -1.00 0 119.3 
56.35 -1.00 -1.00 0 119.3 
56.51 -1.00 -1.00 0 119.3 
56.62 -1.00 -1.00 0 119.1 
56.74 -1.00 -1.00 0 119.1 
56.85 -1.00 -1.00 0 119.1 
56.97 -1.00 -1.00 0 119.1 
57.09 -1.00 -1.00 0 119.1 
57.19 -1.00 -1.00 0 119.1 
57.30 -1.00 -1.00 0 119.1 
57.43 -1.00 -1.00 0 119.1 
57.55 -1.00 -1.00 0 119.4 
57.65 -1.00 -1.00 0 119.4 
57.80 -1.00 -1.00 0 119.4 
57.94 -1.00 -1.00 0 119.4 
58.07 -1.00 -1.00 0 119.4 
58.21 -1.00 -1.00 0 119.4 
58.37 -1.00 -1.00 0 119.4 
58.52 -1.00 -1.00 0 119.4 
58.67 -1.00 -1.00 0 117.1 
58.80 -1.00 -1.00 0 117.1 
58.91 -1.00 -1.00 0 117.1 
59.03 -1.00 -1.00 0 117.1 
59.12 -1.00 -1.00 0 117.1 
59.22 -1.00 -1.00 0 117.1 
59.38 -1.00 -1.00 0 117.1 
59.53 -1.00 -1.00 0 117.1 
59.64 -1.00 -1.00 0 112.7 
59.75 -1.00 -1.00 0 112.7 
59.88 -1.00 -1.00 0 112.7 
59.98 -1.00 -1.00 0 112.7 
60.09 -1.00 -1.00 0 112.7 
60.23 -1.00 -1.00 0 112.7 
60.33 -1.00 -1.00 0 112.7 
60.46 -1.00 -1.00 0 112.7 
60.57 -1.00 -1.00 0 110.4 
60.69 -1.00 -1.00 0 110.4 
60.79 -1.00 -1.00 0 110.4 
60.91 -1.00 -1.00 0 110.4 
61.03 -1.00 -1.00 0 110.4 
61.12 -1.00 -1.00 0 110.4 
61.21 -1.00 -1.00 0 110.4 
61.36 -1.00 -1.00 0 110.4 
61.52 -1.00 -1.00 0 110.4 
61.65 -1.00 -1.00 0 110.7 
61.77 -1.00 -1.00 0 110.7 
61.87 -1.00 -1.00 0 110.7 
61.95 -1.00 -1.00 0 110.7 
62.06 -1.00 -1.00 0 110.7 
62.16 -1.00 -1.00 0 110.7 
62.28 -1.00 -1.00 0 110.7 
62.43 -1.00 -1.00 0 110.7 
62.53 -1.00 -1.00 0 112.0 
62.63 -1.00 -1.00 0 112.0 
62.74 -1.00 -1.00 0 112.0 
62.84 -1.00 -1.00 0 112.0 
62.96 -1.00 -1.00 0 112.0 
63.07 -1.00 -1.00 0 112.0 
63.17 -1.00 -1.00 0 112.0 
63.29 -1.00 -1.00 0 112.0 
63.45 -1.00 -1.00 0 112.0 
63.57 -1.00 -1.00 0 113.4 
63.65 -1.00 -1.00 0 113.4 
63.74 -1.00 -1.00 0 113.4 
63.86 -1.00 -1.00 0 113.4 
63.96 -1.00 -1.00 0 113.4 
64.07 -1.00 -1.00 0 113.4 
64.20 -1.00 -1.00 0 113.4 
64.33 -1.00 -1.00 0 113.4 
64.49 -1.00 -1.00 0 113.4 
64.59 -1.00 -1.00 0 114.7 
64.72 -1.00 -1.00 0 114.7 
64.83 -1.00 -1.00 0 114.7 
64.93 -1.00 -1.00 0 114.7 
65.04 -1.00 -1.00 0 114.7 
65.16 -1.00 -1.00 0 114.7 
65.26 -1.00 -1.00 0 114.7 
65.43 -1.00 -1.00 0 114.7 
65.53 -1.00 -1.00 0 116.3 
65.64 -1.00 -1.00 0 116.3 
65.77 -1.00 -1.00 0 116.3 
65.89 -1.00 -1.00 0 116.3 
66.00 -1.00 -1.00 0 116.3 
66.09 -1.00 -1.00 0 116.3 
66.18 -1.00 -1.00 0 116.3 
66.30 -1.00 -1.00 0 116.3 
66.42 -1.00 -1.00 0 116.3 
66.55 -1.00 -1.00 0 116.8 
66.66 -1.00 -1.00 0 116.8 
66.79 -1.00 -1.00 0 116.8 
66.93 -1.00 -1.00 0 116.8 
67.04 -1.00 -1.00 0 116.8 
67.17 -1.00 -1.00 0 116.8 
67.29 -1.00 -1.00 0 116.8 
67.44 -1.00 -1.00 0 116.8 
67.57 -1.00 -1.00 0 118.0 
67.69 -1.00 -1.00 0 118.0 
67.81 -1.00 -1.00 0 118.0 
67.93 -1.00 -1.00 0 118.0 
68.03 -1.00 -1.00 0 118.0 
68.14 -1.00 -1.00 0 118.0 
68.27 -1.00 -1.00 0 118.0 
68.42 -1.00 -1.00 0 118.0 
68.55 -1.00 -1.00 0 118.7 
68.68 -1.00 -1.00 0 118.7 
68.80 -1.00 -1.00 0 118.7 
68.94 -1.00 -1.00 0 118.7 
69.05 -1.00 -1.00 0 118.7 
69.19 -1.00 -1.00 0 118.7 
69.30 -1.00 -1.00 0 118.7 
69.48 -1.00 -1.00 0 118.7 
69.58 -1.00 -1.00 0 118.0 
69.67 -1.00 -1.00 0 118.0 
69.79 -1.00 -1.00 0 118.0 
69.93 -1.00 -1.00 0 118.0 
70.05 -1.00 -1.00 0 118.0 
70.19 -1.00 -1.00 0 118.0 
70.31 -1.00 -1.00 0 118.0 
70.45 -1.00 -1.00 0 118.0 
70.58 -1.00 -1.00 0 118.4 
70.70 -1.00 -1.00 0 118.4 
70.84 -1.00 -1.00 0 118.4 
70.94 -1.00 -1.00 0 118.4 
71.05 -1.00 -1.00 0 118.4 
71.17 -1.00 -1.00 0 118.4 
71.44 -1.00 -1.00 0 118.4 
71.55 -1.00 -1.00 0 117.4 
71.68 -1.00 -1.00 0 117.4 
71.79 -1.00 -1.00 0 117.4 
71.90 -1.00 -1.00 0 117.4 
72.03 -1.00 -1.00 0 117.4 
72.13 -1.00 -1.00 0 117.4 
72.23 -1.00 -1.00 0 117.4 
72.35 -1.00 -1.00 0 117.4 
72.51 -1.00 -1.00 0 117.4 
72.64 -1.00 -1.00 0 116.2 
72.74 -1.00 -1.00 0 116.2 
72.89 -1.00 -1.00 0 116.2 
73.01 -1.00 -1.00 0 116.2 
73.15 -1.00 -1.00 0 116.2 
73.28 -1.00 -1.00 0 116.2 
73.43 -1.00 -1.00 0 116.2 
73.54 -1.00 -1.00 0 115.5 
73.66 -1.00 -1.00 0 115.5 
73.80 -1.00 -1.00 0 115.5 
73.90 -1.00 -1.00 0 115.5 
74.01 -1.00 -1.00 0 115.5 
74.14 -1.00 -1.00 0 115.5 
74.27 -1.00 -1.00 0 115.5 
74.46 -1.00 -1.00 0 115.5 
74.60 -1.00 -1.00 0 114.4 
74.72 -1.00 -1.00 0 114.4 
74.86 -1.00 -1.00 0 114.4 
74.99 -1.00 -1.00 0 114.4 
75.12 -1.00 -1.00 1 114.4 
75.29 -1.00 -1.00 0 114.4 
75.43 -1.00 -1.00 0 114.4 
75.58 -1.00 -1.00 0 112.2 
75.70 -1.00 -1.00 0 112.2 
75.85 -1.00 -1.00 0 112.2 
76.02 -1.00 -1.00 0 112.2 
76.13 -1.00 -1.00 0 112.2 
76.27 -1.00 -1.00 0 112.2 
76.45 -1.00 -1.00 0 112.2 
76.61 -1.00 -1.00 0 110.7 
76.74 -1.00 -1.00 0 110.7 
76.91 -1.00 -1.00 0 110.7 
77.07 -1.00 -1.00 0 110.7 
77.24 -1.00 -1.00 0 110.7 
77.43 -1.00 -1.00 0 110.7 
77.57 -1.00 -1.00 0 110.3 
77.69 -1.00 -1.00 0 110.3 
77.84 -1.00 -1.00 0 110.3 
77.98 -1.00 -1.00 0 110.3 
78.10 -1.00 -1.00 0 110.3 
78.22 -1.00 -1.00 0 110.3 
78.32 -1.00 -1.00 0 110.3 
78.50 -1.00 -1.00 0 110.3 
78.61 -1.00 -1.00 0 110.9 
78.72 -1.00 -1.00 0 110.9 
78.86 -1.00 -1.00 0 110.9 
78.96 -1.00 -1.00 0 110.9 
79.08 -1.00 -1.00 0 110.9 
79.17 -1.00 -1.00 0 110.9 
79.28 -1.00 -1.00 0 110.9 
79.39 -1.00 -1.00 0 110.9 
79.52 -1.00 -1.00 0 110.9 
79.63 -1.00 -1.00 0 111.7 
79.74 -1.00 -1.00 0 111.7 
79.85 -1.00 -1.00 0 111.7 
79.96 -1.00 -1.00 0 111.7 
80.07 -1.00 -1.00 0 111.7 
80.19 -1.00 -1.00 0 111.7 
80.30 -1.00 -1.00 0 111.7 
80.40 -1.00 -1.00 0 111.7 
80.50 -1.00 -1.00 0 111.7 
80.62 -1.00 -1.00 0 111.7 
80.72 -1.00 -1.00 0 111.7 
80.83 -1.00 -1.00 0 111.7 
80.94 -1.00 -1.00 0 111.7 
81.05 -1.00 -1.00 0 111.7 
81.15 -1.00 -1.00 0 111.7 
81.38 -1.00 -1.00 0 111.7 
81.52 -1.00 -1.00 0 111.7 
81.62 -1.00 -1.00 0 111.2 
81.72 -1.00 -1.00 0 111.2 
81.81 -1.00 -1.00 0 111.2 
81.93 -1.00 -1.00 0 111.2 
82.03 -1.00 -1.00 0 111.2 
82.14 -1.00 -1.00 0 111.2 
82.25 -1.00 -1.00 0 111.2 
82.36 -1.00 -1.00 0 111.2 
82.51 -1.00 -1.00 0 111.2 
82.60 -1.00 -1.00 0 111.2 
82.73 -1.00 -1.00 0 111.2 
82.87 -1.00 -1.00 0 111.2 
82.99 -1.00 -1.00 0 111.2 
83.10 -1.00 -1.00 0 111.2 
83.21 -1.00 -1.00 0 111.2 
83.33 -1.00 -1.00 0 111.2 
83.49 -1.00 -1.00 0 111.2 
83.62 -1.00 -1.00 0 111.7 
83.73 -1.00 -1.00 0 111.7 
83.84 -1.00 -1.00 0 111.7 
83.99 -1.00 -1.00 0 111.7 
84.13 -1.00 -1.00 0 111.7 
84.27 -1.00 -1.00 0 111.7 
84.43 -1.00 -1.00 0 111.7 
84.54 -1.00 -1.00 0 110.6 
84.64 -1.00 -1.00 0 110.6 
84.75 -1.00 -1.00 0 110.6 
84.86 -1.00 -1.00 0 110.6 
84.96 -1.00 -1.00 0 110.6 
85.03 -1.00 -1.00 0 110.6 
85.12 -1.00 -1.00 0 110.6 
85.23 -1.00 -1.00 0 110.6 
85.31 -1.00 -1.00 0 110.6 
85.44 -1.00 -1.00 0 110.6 
85.54 -1.00 -1.00 0 109.9 
85.64 -1.00 -1.00 0 109.9 
85.73 -1.00 -1.00 0 109.9 
85.82 -1.00 -1.00 0 109.9 
85.91 -1.00 -1.00 0 109.9 
86.01 -1.00 -1.00 0 109.9 
86.13 -1.00 -1.00 0 109.9 
86.24 -1.00 -1.00 0 109.9 
86.41 -1.00 -1.00 0 109.9 
86.53 -1.00 -1.00 0 109.5 
86.66 -1.00 -1.00 0 109.5 
86.79 -1.00 -1.00 0 109.5 
86.89 -1.00 -1.00 0 109.5 
87.02 -1.00 -1.00 0 109.5 
87.12 -1.00 -1.00 0 109.5 
87.21 -1.00 -1.00 0 109.5 
87.34 -1.00 -1.00 0 109.5 
87.49 -1.00 -1.00 0 109.5 
87.59 -1.00 -1.00 0 108.8 
87.71 -1.00 -1.00 0 108.8 
87.81 -1.00 -1.00 0 108.8 
87.93 -1.00 -1.00 0 108.8 
88.04 -1.00 -1.00 0 108.8 
88.13 -1.00 -1.00 0 108.8 
88.27 -1.00 -1.00 0 108.8 
88.38 -1.00 -1.00 0 108.8 
88.49 -1.00 -1.00 0 108.8 
88.62 -1.00 -1.00 0 109.3 
88.74 -1.00 -1.00 0 109.3 
88.85 -1.00 -1.00 0 109.3 
89.00 -1.00 -1.00 0 109.3 
89.11 -1.00 -1.00 0 109.3 
89.20 -1.00 -1.00 0 109.3 
89.31 -1.00 -1.00 0 109.3 
89.47 -1.00 -1.00 0 109.3 
89.58 -1.00 -1.00 0 108.2 
89.66 -1.00 -1.00 0 108.2 
89.73 -1.00 -1.00 0 108.2 
89.82 -1.00 -1.00 0 108.2 
89.90 -1.00 -1.00 0 108.2 
89.98 -1.00 -1.00 0 108.2 
90.05 -1.00 -1.00 0 108.2 
90.14 -1.00 -1.00 0 108.2 
90.24 -1.00 -1.00 0 108.2 
90.32 -1.00 -1.00 0 108.2 
90.45 -1.00 -1.00 0 108.2 
90.53 -1.00 -1.00 0 107.7 
90.62 -1.00 -1.00 0 107.7 
90.71 -1.00 -1.00 0 107.7 
90.82 -1.00 -1.00 0 107.7 
90.91 -1.00 -1.00 0 107.7 
91.00 -1.00 -1.00 0 107.7 
91.07 -1.00 -1.00 0 107.7 
91.18 -1.00 -1.00 0 107.7 
91.38 -1.00 -1.00 0 107.7 
91.52 -1.00 -1.00 0 107.7 
91.60 -1.00 -1.00 0 106.1 
91.71 -1.00 -1.00 0 106.1 
91.80 -1.00 -1.00 0 106.1 
91.89 -1.00 -1.00 0 106.1 
91.98 -1.00 -1.00 0 106.1 
92.07 -1.00 -1.00 0 106.1 
92.15 -1.00 -1.00 0 106.1 
92.26 -1.00 -1.00 0 106.1 
92.35 -1.00 -1.00 0 106.1 
92.46 -1.00 -1.00 0 106.1 
92.56 -1.00 -1.00 0 105.9 
92.68 -1.00 -1.00 0 105.9 
92.78 -1.00 -1.00 0 105.9 
92.88 -1.00 -1.00 0 105.9 
92.97 -1.00 -1.00 0 105.9 
93.08 -1.00 -1.00 0 105.9 
93.19 -1.00 -1.00 0 105.9 
93.28 -1.00 -1.00 0 105.9 
93.40 -1.00 -1.00 0 105.9 
93.52 -1.00 -1.00 0 105.9 
93.60 -1.00 -1.00 0 105.9 
93.71 -1.00 -1.00 0 105.9 
93.81 -1.00 -1.00 0 105.9 
93.92 -1.00 -1.00 0 105.9 
94.02 -1.00 -1.00 0 105.9 
94.14 -1.00 -1.00 0 105.9 
94.25 -1.00 -1.00 0 105.9 
94.35 -1.00 -1.00 0 105.9 
94.46 -1.00 -1.00 0 105.9 
94.57 -1.00 -1.00 0 106.3 
94.67 -1.00 -1.00 0 106.3 
94.78 -1.00 -1.00 0 106.3 
94.90 -1.00 -1.00 0 106.3 
95.01 -1.00 -1.00 0 106.3 
95.11 -1.00 -1.00 0 106.3 
95.22 -1.00 -1.00 0 106.3 
95.33 -1.00 -1.00 0 106.3 
95.46 -1.00 -1.00 0 106.3 
95.56 -1.00 -1.00 0 106.6 
95.67 -1.00 -1.00 0 106.6 
95.78 -1.00 -1.00 0 106.6 
95.87 -1.00 -1.00 0 106.6 
95.98 -1.00 -1.00 0 106.6 
96.08 -1.00 -1.00 0 106.6 
96.19 -1.00 -1.00 0 106.6 
96.28 -1.00 -1.00 0 106.6 
96.38 -1.00 -1.00 0 106.6 
96.51 -1.00 -1.00 0 106.6 
96.60 -1.00 -1.00 0 104.1 
96.67 -1.00 -1.00 0 104.1 
96.77 -1.00 -1.00 0 104.1 
96.86 -1.00 -1.00 0 104.1 
96.94 -1.00 -1.00 0 104.1 
97.02 -1.00 -1.00 0 104.1 
97.09 -1.00 -1.00 0 104.1 
97.17 -1.00 -1.00 0 104.1 
97.25 -1.00 -1.00 0 104.1 
97.34 -1.00 -1.00 0 104.1 
97.46 -1.00 -1.00 0 104.1 
97.55 -1.00 -1.00 0 103.6 
97.63 -1.00 -1.00 0 103.6 
97.71 -1.00 -1.00 0 103.6 
97.82 -1.00 -1.00 0 103.6 
97.91 -1.00 -1.00 0 103.6 
98.00 -1.00 -1.00 0 103.6 
98.08 -1.00 -1.00 0 103.6 
98.18 -1.00 -1.00 0 103.6 
98.27 -1.00 -1.00 0 103.6 
98.35 -1.00 -1.00 0 103.6 
98.46 -1.00 -1.00 0 103.6 
98.57 -1.00 -1.00 0 103.1 
98.67 -1.00 -1.00 0 103.1 
98.75 -1.00 -1.00 0 103.1 
98.84 -1.00 -1.00 0 103.1 
98.93 -1.00 -1.00 0 103.1 
99.03 -1.00 -1.00 0 103.1 
99.11 -1.00 -1.00 0 103.1 
99.23 -1.00 -1.00 0 103.1 
99.35 -1.00 -1.00 0 103.1 
99.52 -1.00 -1.00 0 103.1 
99.63 -1.00 -1.00 0 103.2 
99.72 -1.00 -1.00 0 103.2 
99.84 -1.00 -1.00 0 103.2 
99.95 -1.00 -1.00 0 103.2 
100.03 -1.00 -1.00 0 103.2 
100.15 -1.00 -1.00 0 103.2 
100.26 -1.00 -1.00 0 103.2 
100.34 -1.00 -1.00 0 103.2 
100.49 -1.00 -1.00 0 103.2 
100.59 -1.00 -1.00 0 103.6 
100.69 -1.00 -1.00 0 103.6 
100.78 -1.00 -1.00 0 103.6 
100.87 -1.00 -1.00 0 103.6 
100.97 -1.00 -1.00 0 103.6 
101.06 -1.00 -1.00 0 103.6 
101.16 -1.00 -1.00 0 103.6 
101.37 -1.00 -1.00 0 103.6 
101.50 -1.00 -1.00 0 103.6 
101.61 -1.00 -1.00 0 103.2 
101.70 -1.00 -1.00 0 103.2 
101.80 -1.00 -1.00 0 103.2 
101.88 -1.00 -1.00 0 103.2 
101.99 -1.00 -1.00 0 103.2 
102.08 -1.00 -1.00 0 103.2 
102.17 -1.00 -1.00 0 103.2 
102.29 -1.00 -1.00 0 103.2 
102.44 -1.00 -1.00 0 103.2 
102.56 -1.00 -1.00 0 103.5 
102.68 -1.00 -1.00 0 103.5 
102.79 -1.00 -1.00 0 103.5 
102.91 -1.00 -1.00 0 103.5 
103.02 -1.00 -1.00 0 103.5 
103.14 -1.00 -1.00 0 103.5 
103.24 -1.00 -1.00 0 103.5 
103.31 -1.00 -1.00 0 103.5 
103.46 -1.00 -1.00 0 103.5 
103.54 -1.00 -1.00 0 103.4 
103.64 -1.00 -1.00 0 103.4 
103.74 -1.00 -1.00 0 103.4 
103.84 -1.00 -1.00 0 103.4 
103.96 -1.00 -1.00 0 103.4 
104.06 -1.00 -1.00 0 103.4 
104.14 -1.00 -1.00 0 103.4 
104.25 -1.00 -1.00 0 103.4 
104.34 -1.00 -1.00 0 103.4 
104.46 -1.00 -1.00 0 103.4 
104.58 -1.00 -1.00 0 103.5 
104.67 -1.00 -1.00 0 103.5 
104.75 -1.00 -1.00 0 103.5 
104.86 -1.00 -1.00 0 103.5 
104.95 -1.00 -1.00 0 103.5 
105.07 -1.00 -1.00 0 103.5 
105.18 -1.00 -1.00 0 103.5 
105.28 -1.00 -1.00 0 103.5 
105.42 -1.00 -1.00 0 103.5 
105.53 -1.00 -1.00 0 104.4 
105.62 -1.00 -1.00 0 104.4 
105.70 -1.00 -1.00 0 104.4 
105.78 -1.00 -1.00 0 104.4 
105.87 -1.00 -1.00 0 104.4 
105.97 -1.00 -1.00 0 104.4 
106.09 -1.00 -1.00 0 104.4 
106.18 -1.00 -1.00 0 104.4 
106.28 -1.00 -1.00 0 104.4 
106.38 -1.00 -1.00 0 104.4 
106.49 -1.00 -1.00 0 104.4 
106.61 -1.00 -1.00 0 103.2 
106.71 -1.00 -1.00 0 103.2 
106.80 -1.00 -1.00 0 103.2 
106.90 -1.00 -1.00 0 103.2 
107.00 -1.00 -1.00 0 103.2 
107.12 -1.00 -1.00 0 103.2 
107.23 -1.00 -1.00 0 103.2 
107.32 -1.00 -1.00 0 103.2 
107.45 -1.00 -1.00 0 103.2 
107.54 -1.00 -1.00 0 103.5 
107.63 -1.00 -1.00 0 103.5 
107.72 -1.00 -1.00 0 103.5 
107.83 -1.00 -1.00 0 103.5 
107.92 -1.00 -1.00 0 103.5 
108.00 -1.00 -1.00 0 103.5 
108.07 -1.00 -1.00 0 103.5 
108.16 -1.00 -1.00 0 103.5 
108.28 -1.00 -1.00 0 103.5 
108.37 -1.00 -1.00 0 103.5 
108.49 -1.00 -1.00 0 103.5 
108.61 -1.00 -1.00 0 102.6 
108.71 -1.00 -1.00 0 102.6 
108.82 -1.00 -1.00 0 102.6 
108.91 -1.00 -1.00 0 102.6 
108.99 -1.00 -1.00 0 102.6 
109.11 -1.00 -1.00 0 102.6 
109.23 -1.00 -1.00 0 102.6 
109.33 -1.00 -1.00 0 102.6 
109.46 -1.00 -1.00 0 102.6 
109.55 -1.00 -1.00 0 101.1 
109.64 -1.00 -1.00 0 101.1 
109.74 -1.00 -1.00 0 101.1 
109.82 -1.00 -1.00 0 101.1 
109.91 -1.00 -1.00 0 101.1 
109.99 -1.00 -1.00 0 101.1 
110.08 -1.00 -1.00 0 101.1 
110.17 -1.00 -1.00 0 101.1 
110.27 -1.00 -1.00 0 101.1 
110.36 -1.00 -1.00 0 101.1 
110.51 -1.00 -1.00 0 101.1 
110.62 -1.00 -1.00 0 102.5 
110.70 -1.00 -1.00 0 102.5 
110.78 -1.00 -1.00 0 102.5 
110.87 -1.00 -1.00 0 102.5 
110.96 -1.00 -1.00 0 102.5 
111.05 -1.00 -1.00 0 102.5 
111.16 -1.00 -1.00 0 102.5 
111.39 -1.00 -1.00 0 102.5 
111.50 -1.00 -1.00 0 102.1 
111.57 -1.00 -1.00 0 102.1 
111.67 -1.00 -1.00 0 102.1 
111.78 -1.00 -1.00 0 102.1 
111.88 -1.00 -1.00 0 102.1 
111.95 -1.00 -1.00 0 102.1 
112.05 -1.00 -1.00 0 102.1 
112.15 -1.00 -1.00 0 102.1 
112.27 -1.00 -1.00 0 102.1 
112.38 -1.00 -1.00 0 102.1 
112.47 -1.00 -1.00 0 102.1 
112.58 -1.00 -1.00 0 101.6 
112.70 -1.00 -1.00 0 101.6 
112.81 -1.00 -1.00 0 101.6 
112.94 -1.00 -1.00 0 101.6 
113.04 -1.00 -1.00 0 101.6 
113.15 -1.00 -1.00 0 101.6 
113.24 -1.00 -1.00 0 101.6 
113.35 -1.00 -1.00 0 101.6 
113.46 -1.00 -1.00 0 101.6 
113.58 -1.00 -1.00 1 101.1 
113.70 -1.00 -1.00 0 101.1 
113.82 -1.00 -1.00 0 101.1 
113.94 -1.00 -1.00 0 101.1 
114.04 -1.00 -1.00 0 101.1 
114.13 -1.00 -1.00 0 101.1 
114.23 -1.00 -1.00 0 101.1 
114.34 -1.00 -1.00 0 101.1 
114.49 -1.00 -1.00 0 101.1 
114.59 -1.00 -1.00 0 102.2 
114.69 -1.00 -1.00 0 102.2 
114.80 -1.00 -1.00 0 102.2 
114.90 -1.00 -1.00 0 102.2 
114.99 -1.00 -1.00 0 102.2 
115.11 -1.00 -1.00 0 102.2 
115.23 -1.00 -1.00 0 102.2 
115.32 -1.00 -1.00 0 102.2 
115.47 -1.00 -1.00 0 102.2 
115.57 -1.00 -1.00 0 101.3 
115.67 -1.00 -1.00 0 101.3 
115.78 -1.00 -1.00 0 101.3 
115.90 -1.00 -1.00 0 101.3 
116.00 -1.00 -1.00 0 101.3 
116.09 -1.00 -1.00 0 101.3 
116.22 -1.00 -1.00 0 101.3 
116.32 -1.00 -1.00 0 101.3 
116.49 -1.00 -1.00 0 101.3 
116.60 -1.00 -1.00 0 101.8 
116.72 -1.00 -1.00 0 101.8 
116.81 -1.00 -1.00 0 101.8 
116.90 -1.00 -1.00 0 101.8 
117.00 -1.00 -1.00 0 101.8 
117.10 -1.00 -1.00 0 101.8 
117.22 -1.00 -1.00 0 101.8 
117.32 -1.00 -1.00 0 101.8 
117.42 -1.00 -1.00 0 101.8 
117.55 -1.00 -1.00 0 102.5 
117.65 -1.00 -1.00 0 102.5 
117.77 -1.00 -1.00 0 102.5 
117.87 -1.00 -1.00 0 102.5 
117.98 -1.00 -1.00 0 102.5 
118.09 -1.00 -1.00 0 102.5 
118.19 -1.00 -1.00 0 102.5 
118.30 -1.00 -1.00 0 102.5 
118.40 -1.00 -1.00 0 102.5 
118.53 -1.00 -1.00 0 103.5 
118.62 -1.00 -1.00 0 103.5 
118.71 -1.00 -1.00 0 103.5 
118.81 -1.00 -1.00 0 103.5 
118.92 -1.00 -1.00 0 103.5 
119.02 -1.00 -1.00 0 103.5 
119.11 -1.00 -1.00 0 103.5 
119.22 -1.00 -1.00 0 103.5 
119.32 -1.00 -1.00 0 103.5 
119.45 -1.00 -1.00 0 103.5 
119.56 -1.00 -1.00 0 104.5 
119.66 -1.00 -1.00 0 104.5 
119.76 -1.00 -1.00 0 104.5 
119.87 -1.00 -1.00 0 104.5 
119.97 -1.00 -1.00 0 104.5 
120.06 -1.00 -1.00 0 104.5 
120.16 -1.00 -1.00 0 104.5 
120.26 -1.00 -1.00 0 104.5 
120.36 -1.00 -1.00 0 104.5 
120.50 -1.00 -1.00 0 104.5 
120.62 -1.00 -1.00 0 104.5 
120.72 -1.00 -1.00 0 104.5 
120.81 -1.00 -1.00 0 104.5 
120.93 -1.00 -1.00 0 104.5 
121.03 -1.00 -1.00 0 104.5 
121.15 -1.00 -1.00 0 104.5 
121.39 -1.00 -1.00 0 104.5 
121.51 -1.00 -1.00 0 104.5 
121.61 -1.00 -1.00 0 106.4 
121.71 -1.00 -1.00 1 106.4 
121.80 -1.00 -1.00 1 106.4 
121.92 -1.00 -1.00 1 106.4 
122.05 -1.00 -1.00 1 106.4 
122.19 -1.00 -1.00 0 106.4 
122.31 -1.00 -1.00 0 106.4 
122.49 -1.00 -1.00 0 106.4 
122.60 -1.00 -1.00 0 108.0 
122.70 -1.00 -1.00 1 108.0 
122.83 -1.00 -1.00 0 108.0 
122.93 -1.00 -1.00 1 108.0 
123.06 -1.00 -1.00 1 108.0 
123.19 -1.00 -1.00 1 108.0 
123.33 -1.00 -1.00 0 108.0 
123.48 -1.00 -1.00 1 108.0 
123.60 -1.00 -1.00 0 108.9 
123.72 -1.00 -1.00 0 108.9 
123.83 -1.00 -1.00 1 108.9 
123.97 -1.00 -1.00 1 108.9 
124.06 -1.00 -1.00 1 108.9 
124.20 -1.00 -1.00 1 108.9 
124.33 -1.00 -1.00 0 108.9 
124.51 -1.00 -1.00 0 108.9 
124.63 -1.00 -1.00 0 110.4 
124.72 -1.00 -1.00 0 110.4 
124.80 -1.00 -1.00 0 110.4 
124.91 -1.00 -1.00 0 110.4 
125.01 -1.00 -1.00 0 110.4 
125.11 -1.00 -1.00 0 110.4 
125.23 -1.00 -1.00 0 110.4 
125.33 -1.00 -1.00 0 110.4 
125.47 -1.00 -1.00 0 110.4 
125.58 -1.00 -1.00 0 111.6 
125.68 -1.00 -1.00 0 111.6 
125.80 -1.00 -1.00 0 111.6 
125.89 -1.00 -1.00 0 111.6 
126.00 -1.00 -1.00 0 111.6 
126.10 -1.00 -1.00 0 111.6 
126.21 -1.00 -1.00 0 111.6 
126.30 -1.00 -1.00 0 111.6 
126.45 -1.00 -1.00 0 111.6 
126.56 -1.00 -1.00 0 112.2 
126.67 -1.00 -1.00 0 112.2 
126.75 -1.00 -1.00 0 112.2 
126.86 -1.00 -1.00 0 112.2 
126.96 -1.00 -1.00 0 112.2 
127.07 -1.00 -1.00 0 112.2 
127.16 -1.00 -1.00 0 112.2 
127.27 -1.00 -1.00 0 112.2 
127.38 -1.00 -1.00 0 112.2 
127.50 -1.00 -1.00 0 114.4 
127.61 -1.00 -1.00 0 114.4 
127.76 -1.00 -1.00 0 114.4 
127.86 -1.00 -1.00 0 114.4 
127.97 -1.00 -1.00 0 114.4 
128.06 -1.00 -1.00 0 114.4 
128.17 -1.00 -1.00 0 114.4 
128.27 -1.00 -1.00 0 114.4 
128.39 -1.00 -1.00 0 114.4 
128.50 -1.00 -1.00 0 114.4 
128.61 -1.00 -1.00 0 114.9 
128.72 -1.00 -1.00 0 114.9 
128.82 -1.00 -1.00 0 114.9 
128.93 -1.00 -1.00 0 114.9 
129.05 -1.00 -1.00 0 114.9 
129.16 -1.00 -1.00 0 114.9 
129.26 -1.00 -1.00 0 114.9 
129.35 -1.00 -1.00 0 114.9 
129.49 -1.00 -1.00 0 114.9 
129.59 -1.00 -1.00 0 116.7 
129.69 -1.00 -1.00 0 116.7 
129.81 -1.00 -1.00 0 116.7 
129.91 -1.00 -1.00 0 116.7 
129.99 -1.00 -1.00 0 116.7 
130.10 -1.00 -1.00 0 116.7 
130.19 -1.00 -1.00 0 116.7 
130.29 -1.00 -1.00 0 116.7 
130.45 -1.00 -1.00 0 116.7 
130.56 -1.00 -1.00 0 118.8 
130.66 -1.00 -1.00 0 118.8 
130.77 -1.00 -1.00 0 118.8 
130.87 -1.00 -1.00 0 118.8 
130.99 -1.00 -1.00 0 118.8 
131.10 -1.00 -1.00 0 118.8 
131.25 -1.00 -1.00 0 118.8 
131.34 -1.00 -1.00 0 118.8 
131.50 -1.00 -1.00 0 118.8 
131.59 -1.00 -1.00 0 120.7 
131.70 -1.00 -1.00 0 120.7 
131.79 -1.00 -1.00 0 120.7 
131.90 -1.00 -1.00 0 120.7 
131.99 -1.00 -1.00 0 120.7 
132.09 -1.00 -1.00 0 120.7 
132.21 -1.00 -1.00 0 120.7 
132.29 -1.00 -1.00 0 120.7 
132.45 -1.00 -1.00 0 120.7 
132.60 -1.00 -1.00 0 119.6 
132.71 -1.00 -1.00 0 119.6 
132.79 -1.00 -1.00 0 119.6 
132.89 -1.00 -1.00 0 119.6 
133.00 -1.00 -1.00 0 119.6 
133.10 -1.00 -1.00 0 119.6 
133.19 -1.00 -1.00 0 119.6 
133.30 -1.00 -1.00 0 119.6 
133.39 -1.00 -1.00 0 119.6 
133.51 -1.00 -1.00 0 119.6 
133.60 -1.00 -1.00 0 119.6 
133.69 -1.00 -1.00 0 119.6 
133.79 -1.00 -1.00 0 119.6 
133.89 -1.00 -1.00 0 119.6 
133.99 -1.00 -1.00 0 119.6 
134.09 -1.00 -1.00 0 119.6 
134.18 -1.00 -1.00 0 119.6 
134.29 -1.00 -1.00 0 119.6 
134.42 -1.00 -1.00 0 119.6 
134.53 -1.00 -1.00 0 120.9 
134.62 -1.00 -1.00 0 120.9 
134.73 -1.00 -1.00 0 120.9 
134.83 -1.00 -1.00 0 120.9 
134.91 -1.00 -1.00 0 120.9 
134.98 -1.00 -1.00 0 120.9 
135.09 -1.00 -1.00 0 120.9 
135.20 -1.00 -1.00 0 120.9 
135.29 -1.00 -1.00 0 120.9 
135.36 -1.00 -1.00 0 120.9 
135.47 -1.00 -1.00 0 120.9 
135.59 -1.00 -1.00 0 121.6 
135.69 -1.00 -1.00 0 121.6 
135.78 -1.00 -1.00 0 121.6 
135.87 -1.00 -1.00 0 121.6 
135.96 -1.00 -1.00 0 121.6 
136.07 -1.00 -1.00 0 121.6 
136.18 -1.00 -1.00 0 121.6 
136.28 -1.00 -1.00 0 121.6 
136.38 -1.00 -1.00 0 121.6 
136.53 -1.00 -1.00 0 121.6 
136.63 -1.00 -1.00 0 122.6 
136.73 -1.00 -1.00 0 122.6 
136.83 -1.00 -1.00 0 122.6 
136.94 -1.00 -1.00 0 122.6 
137.07 -1.00 -1.00 0 122.6 
137.16 -1.00 -1.00 0 122.6 
137.29 -1.00 -1.00 0 122.6 
137.39 -1.00 -1.00 0 122.6 
137.53 -1.00 -1.00 0 122.6 
137.65 -1.00 -1.00 0 121.9 
137.75 -1.00 -1.00 0 121.9 
137.85 -1.00 -1.00 0 121.9 
137.96 -1.00 -1.00 0 121.9 
138.04 -1.00 -1.00 0 121.9 
138.16 -1.00 -1.00 0 121.9 
138.29 -1.00 -1.00 0 121.9 
138.42 -1.00 -1.00 0 121.9 
138.54 -1.00 -1.00 0 121.9 
138.64 -1.00 -1.00 0 121.9 
138.76 -1.00 -1.00 0 121.9 
138.84 -1.00 -1.00 0 121.9 
138.93 -1.00 -1.00 0 121.9 
139.02 -1.00 -1.00 0 121.9 
139.11 -1.00 -1.00 0 121.9 
139.21 -1.00 -1.00 0 121.9 
139.33 -1.00 -1.00 0 121.9 
139.46 -1.00 -1.00 0 121.9 
139.56 -1.00 -1.00 0 121.3 
139.66 -1.00 -1.00 0 121.3 
139.80 -1.00 -1.00 0 121.3 
139.90 -1.00 -1.00 0 121.3 
139.99 -1.00 -1.00 0 121.3 
140.12 -1.00 -1.00 0 121.3 
140.25 -1.00 -1.00 0 121.3 
140.36 -1.00 -1.00 0 121.3 
140.51 -1.00 -1.00 0 121.3 
140.63 -1.00 -1.00 0 122.0 
140.78 -1.00 -1.00 0 122.0 
140.95 -1.00 -1.00 0 122.0 
141.09 -1.00 -1.00 0 122.0 
141.20 -1.00 -1.00 0 122.0 
141.42 -1.00 -1.00 0 122.0 
141.56 -1.00 -1.00 0 122.0 
141.68 -1.00 -1.00 0 120.7 
141.79 -1.00 -1.00 0 120.7 
141.92 -1.00 -1.00 0 120.7 
142.02 -1.00 -1.00 0 120.7 
142.12 -1.00 -1.00 0 120.7 
142.23 -1.00 -1.00 0 120.7 
142.34 -1.00 -1.00 0 120.7 
142.45 -1.00 -1.00 0 120.7 
142.56 -1.00 -1.00 0 121.1 
142.70 -1.00 -1.00 1 121.1 
142.87 -1.00 -1.00 0 121.1 
142.97 -1.00 -1.00 0 121.1 
143.11 -1.00 -1.00 0 121.1 
143.23 -1.00 -1.00 0 121.1 
143.35 -1.00 -1.00 0 121.1 
143.50 -1.00 -1.00 0 121.1 
143.61 -1.00 -1.00 0 122.0 
143.72 -1.00 -1.00 0 122.0 
143.84 -1.00 -1.00 0 122.0 
143.95 -1.00 -1.00 0 122.0 
144.09 -1.00 -1.00 0 122.0 
144.25 -1.00 -1.00 0 122.0 
144.37 -1.00 -1.00 0 122.0 
144.54 -1.00 -1.00 0 122.0 
144.66 -1.00 -1.00 0 122.1 
144.76 -1.00 -1.00 0 122.1 
144.87 -1.00 -1.00 0 122.1 
144.98 -1.00 -1.00 0 122.1 
145.08 -1.00 -1.00 0 122.1 
145.17 -1.00 -1.00 0 122.1 
145.28 -1.00 -1.00 0 122.1 
145.43 -1.00 -1.00 0 122.1 
145.54 -1.00 -1.00 0 121.9 
145.65 -1.00 -1.00 0 121.9 
145.77 -1.00 -1.00 0 121.9 
145.87 -1.00 -1.00 0 121.9 
145.97 -1.00 -1.00 0 121.9 
146.10 -1.00 -1.00 0 121.9 
146.21 -1.00 -1.00 0 121.9 
146.32 -1.00 -1.00 0 121.9 
146.45 -1.00 -1.00 0 121.9 
146.56 -1.00 -1.00 0 121.7 
146.68 -1.00 -1.00 0 121.7 
146.79 -1.00 -1.00 0 121.7 
146.90 -1.00 -1.00 0 121.7 
147.01 -1.00 -1.00 0 121.7 
147.11 -1.00 -1.00 0 121.7 
147.20 -1.00 -1.00 0 121.7 
147.32 -1.00 -1.00 0 121.7 
147.43 -1.00 -1.00 0 121.7 
147.55 -1.00 -1.00 0 122.1 
147.68 -1.00 -1.00 0 122.1 
147.78 -1.00 -1.00 0 122.1 
147.88 -1.00 -1.00 0 122.1 
148.00 -1.00 -1.00 0 122.1 
148.11 -1.00 -1.00 0 122.1 
148.23 -1.00 -1.00 0 122.1 
148.34 -1.00 -1.00 0 122.1 
148.49 -1.00 -1.00 0 122.1 
148.60 -1.00 -1.00 0 122.0 
148.71 -1.00 -1.00 0 122.0 
148.83 -1.00 -1.00 0 122.0 
148.95 -1.00 -1.00 0 122.0 
149.08 -1.00 -1.00 0 122.0 
149.22 -1.00 -1.00 0 122.0 
149.36 -1.00 -1.00 0 122.0 
149.52 -1.00 -1.00 0 122.0 
149.66 -1.00 -1.00 0 122.1 
149.75 -1.00 -1.00 0 122.1 
149.88 -1.00 -1.00 0 122.1 
149.98 -1.00 -1.00 0 122.1 
150.09 -1.00 -1.00 0 122.1 
150.20 -1.00 -1.00 0 122.1 
150.34 -1.00 -1.00 0 122.1 
150.48 -1.00 -1.00 0 122.1 
150.60 -1.00 -1.00 0 121.9 
150.74 -1.00 -1.00 0 121.9 
150.85 -1.00 -1.00 0 121.9 
150.97 -1.00 -1.00 0 121.9 
151.11 -1.00 -1.00 0 121.9 
151.22 -1.00 -1.00 0 121.9 
151.51 -1.00 -1.00 0 121.9 
151.62 -1.00 -1.00 0 121.5 
151.74 -1.00 -1.00 0 121.5 
151.85 -1.00 -1.00 0 121.5 
151.96 -1.00 -1.00 0 121.5 
152.07 -1.00 -1.00 0 121.5 
152.19 -1.00 -1.00 0 121.5 
152.30 -1.00 -1.00 0 121.5 
152.44 -1.00 -1.00 0 121.5 
152.56 -1.00 -1.00 0 121.7 
152.67 -1.00 -1.00 0 121.7 
152.80 -1.00 -1.00 0 121.7 
152.92 -1.00 -1.00 0 121.7 
153.05 -1.00 -1.00 0 121.7 
153.15 -1.00 -1.00 0 121.7 
153.27 -1.00 -1.00 0 121.7 
153.43 -1.00 -1.00 0 121.7 
153.56 -1.00 -1.00 0 121.7 
153.68 -1.00 -1.00 0 121.7 
153.79 -1.00 -1.00 0 121.7 
153.91 -1.00 -1.00 0 121.7 
154.02 -1.00 -1.00 0 121.7 
154.13 -1.00 -1.00 0 121.7 
154.26 -1.00 -1.00 0 121.7 
154.36 -1.00 -1.00 0 121.7 
154.51 -1.00 -1.00 0 121.7 
154.64 -1.00 -1.00 0 121.3 
154.75 -1.00 -1.00 0 121.3 
154.84 -1.00 -1.00 0 121.3 
154.97 -1.00 -1.00 0 121.3 
155.11 -1.00 -1.00 0 121.3 
155.23 -1.00 -1.00 0 121.3 
155.36 -1.00 -1.00 0 121.3 
155.49 -1.00 -1.00 0 121.3 
155.60 -1.00 -1.00 0 121.6 
155.73 -1.00 -1.00 0 121.6 
155.85 -1.00 -1.00 0 121.6 
155.98 -1.00 -1.00 0 121.6 
156.09 -1.00 -1.00 0 121.6 
156.18 -1.00 -1.00 0 121.6 
156.30 -1.00 -1.00 0 121.6 
156.44 -1.00 -1.00 0 121.6 
156.56 -1.00 -1.00 0 121.6 
156.67 -1.00 -1.00 0 121.6 
156.80 -1.00 -1.00 0 121.6 
156.94 -1.00 -1.00 0 121.6 
157.05 -1.00 -1.00 0 121.6 
157.18 -1.00 -1.00 0 121.6 
157.31 -1.00 -1.00 0 121.6 
157.44 -1.00 -1.00 0 121.6 
157.55 -1.00 -1.00 0 121.5 
157.68 -1.00 -1.00 0 121.5 
157.81 -1.00 -1.00 0 121.5 
157.91 -1.00 -1.00 0 121.5 
158.03 -1.00 -1.00 0 121.5 
158.12 -1.00 -1.00 0 121.5 
158.24 -1.00 -1.00 0 121.5 
158.36 -1.00 -1.00 0 121.5 
158.51 -1.00 -1.00 0 121.5 
158.64 -1.00 -1.00 0 121.5 
158.76 -1.00 -1.00 0 121.5 
158.88 -1.00 -1.00 0 121.5 
158.98 -1.00 -1.00 0 121.5 
159.10 -1.00 -1.00 0 121.5 
159.22 -1.00 -1.00 0 121.5 
159.35 -1.00 -1.00 0 121.5 
159.51 -1.00 -1.00 0 121.5 
159.63 -1.00 -1.00 1 121.9 
159.76 -1.00 -1.00 1 121.9 
159.88 -1.00 -1.00 0 121.9 
160.00 -1.00 -1.00 0 121.9 
160.12 -1.00 -1.00 0 121.9 
160.22 -1.00 -1.00 0 121.9 
160.32 -1.00 -1.00 0 121.9 
160.47 -1.00 -1.00 0 121.9 
160.61 -1.00 -1.00 0 121.5 
160.71 -1.00 -1.00 0 121.5 
160.80 -1.00 -1.00 0 121.5 
160.93 -1.00 -1.00 0 121.5 
161.05 -1.00 -1.00 0 121.5 
161.15 -1.00 -1.00 0 121.5 
161.41 -1.00 -1.00 0 121.5 
161.57 -1.00 -1.00 0 122.1 
161.70 -1.00 -1.00 0 122.1 
161.82 -1.00 -1.00 0 122.1 
161.93 -1.00 -1.00 0 122.1 
162.05 -1.00 -1.00 0 122.1 
162.18 -1.00 -1.00 0 122.1 
162.28 -1.00 -1.00 0 122.1 
162.44 -1.00 -1.00 0 122.1 
162.56 -1.00 -1.00 0 122.4 
162.68 -1.00 -1.00 0 122.4 
162.80 -1.00 -1.00 0 122.4 
162.92 -1.00 -1.00 0 122.4 
163.05 -1.00 -1.00 0 122.4 
163.17 -1.00 -1.00 0 122.4 
163.30 -1.00 -1.00 0 122.4 
163.44 -1.00 -1.00 0 122.4 
163.56 -1.00 -1.00 0 122.7 
163.65 -1.00 -1.00 0 122.7 
163.78 -1.00 -1.00 0 122.7 
163.94 -1.00 -1.00 0 122.7 
164.05 -1.00 -1.00 0 122.7 
164.15 -1.00 -1.00 0 122.7 
164.25 -1.00 -1.00 0 122.7 
164.36 -1.00 -1.00 0 122.7 
164.50 -1.00 -1.00 0 122.7 
164.62 -1.00 -1.00 0 121.7 
164.73 -1.00 -1.00 0 121.7 
164.84 -1.00 -1.00 0 121.7 
164.96 -1.00 -1.00 0 121.7 
165.06 -1.00 -1.00 0 121.7 
165.18 -1.00 -1.00 0 121.7 
165.31 -1.00 -1.00 0 121.7 
165.44 -1.00 -1.00 0 121.7 
165.57 -1.00 -1.00 0 121.5 
165.66 -1.00 -1.00 0 121.5 
165.78 -1.00 -1.00 0 121.5 
165.88 -1.00 -1.00 0 121.5 
165.98 -1.00 -1.00 0 121.5 
166.11 -1.00 -1.00 0 121.5 
166.22 -1.00 -1.00 0 121.5 
166.33 -1.00 -1.00 0 121.5 
166.47 -1.00 -1.00 0 121.5 
166.59 -1.00 -1.00 0 121.0 
166.71 -1.00 -1.00 0 121.0 
166.82 -1.00 -1.00 0 121.0 
166.93 -1.00 -1.00 0 121.0 
167.03 -1.00 -1.00 0 121.0 
167.15 -1.00 -1.00 0 121.0 
167.26 -1.00 -1.00 0 121.0 
167.35 -1.00 -1.00 0 121.0 
167.52 -1.00 -1.00 0 121.0 
167.62 -1.00 -1.00 0 120.6 
167.73 -1.00 -1.00 0 120.6 
167.86 -1.00 -1.00 0 120.6 
167.97 -1.00 -1.00 0 120.6 
168.06 -1.00 -1.00 0 120.6 
168.18 -1.00 -1.00 0 120.6 
168.31 -1.00 -1.00 0 120.6 
168.48 -1.00 -1.00 0 120.6 
168.59 -1.00 -1.00 0 119.9 
168.71 -1.00 -1.00 0 119.9 
168.82 -1.00 -1.00 0 119.9 
168.92 -1.00 -1.00 0 119.9 
169.03 -1.00 -1.00 0 119.9 
169.14 -1.00 -1.00 0 119.9 
169.27 -1.00 -1.00 0 119.9 
169.43 -1.00 -1.00 0 119.9 
169.53 -1.00 -1.00 0 118.8 
169.64 -1.00 -1.00 0 118.8 
169.77 -1.00 -1.00 0 118.8 
169.89 -1.00 -1.00 0 118.8 
170.00 -1.00 -1.00 0 118.8 
170.11 -1.00 -1.00 0 118.8 
170.22 -1.00 -1.00 0 118.8 
170.33 -1.00 -1.00 0 118.8 
170.47 -1.00 -1.00 0 118.8 
170.58 -1.00 -1.00 0 119.0 
170.69 -1.00 -1.00 0 119.0 
170.80 -1.00 -1.00 0 119.0 
170.90 -1.00 -1.00 0 119.0 
171.02 -1.00 -1.00 0 119.0 
171.13 -1.00 -1.00 0 119.0 
171.28 -1.00 -1.00 0 119.0 
171.39 -1.00 -1.00 0 119.0 
171.53 -1.00 -1.00 0 119.0 
171.65 -1.00 -1.00 0 118.0 
171.75 -1.00 -1.00 0 118.0 
171.87 -1.00 -1.00 0 118.0 
171.98 -1.00 -1.00 0 118.0 
172.09 -1.00 -1.00 0 118.0 
172.21 -1.00 -1.00 0 118.0 
172.32 -1.00 -1.00 0 118.0 
172.41 -1.00 -1.00 0 118.0 
172.55 -1.00 -1.00 1 118.0 
172.68 -1.00 -1.00 0 117.2 
172.80 -1.00 -1.00 1 117.2 
172.92 -1.00 -1.00 0 117.2 
173.04 -1.00 -1.00 0 117.2 
173.23 -1.00 -1.00 0 117.2 
173.32 -1.00 -1.00 0 117.2 
173.44 -1.00 -1.00 0 117.2 
173.56 -1.00 -1.00 0 116.0 
173.67 -1.00 -1.00 0 116.0 
173.79 -1.00 -1.00 0 116.0 
173.90 -1.00 -1.00 0 116.0 
174.02 -1.00 -1.00 0 116.0 
174.13 -1.00 -1.00 0 116.0 
174.24 -1.00 -1.00 0 116.0 
174.36 -1.00 -1.00 0 116.0 
174.51 -1.00 -1.00 0 116.0 
174.66 -1.00 -1.00 0 115.7 
174.81 -1.00 -1.00 0 115.7 
174.92 -1.00 -1.00 0 115.7 
175.06 -1.00 -1.00 0 115.7 
175.16 -1.00 -1.00 0 115.7 
175.28 -1.00 -1.00 0 115.7 
175.42 -1.00 -1.00 0 115.7 
175.57 -1.00 -1.00 0 114.2 
175.69 -1.00 -1.00 0 114.2 
175.82 -1.00 -1.00 0 114.2 
175.93 -1.00 -1.00 0 114.2 
176.04 -1.00 -1.00 0 114.2 
176.16 -1.00 -1.00 0 114.2 
176.26 -1.00 -1.00 0 114.2 
176.38 -1.00 -1.00 0 114.2 
176.52 -1.00 -1.00 0 114.2 
176.65 -1.00 -1.00 0 114.0 
176.76 -1.00 -1.00 0 114.0 
176.89 -1.00 -1.00 0 114.0 
177.02 -1.00 -1.00 0 114.0 
177.13 -1.00 -1.00 0 114.0 
177.25 -1.00 -1.00 0 114.0 
177.37 -1.00 -1.00 0 114.0 
177.50 -1.00 -1.00 0 114.0 
177.61 -1.00 -1.00 0 113.9 
177.73 -1.00 -1.00 0 113.9 
177.85 -1.00 -1.00 0 113.9 
177.97 -1.00 -1.00 0 113.9 
178.08 -1.00 -1.00 0 113.9 
178.20 -1.00 -1.00 0 113.9 
178.32 -1.00 -1.00 0 113.9 
178.45 -1.00 -1.00 0 113.9 
178.55 -1.00 -1.00 0 113.6 
178.66 -1.00 -1.00 0 113.6 
178.77 -1.00 -1.00 0 113.6 
178.90 -1.00 -1.00 0 113.6 
179.02 -1.00 -1.00 0 113.6 
179.15 -1.00 -1.00 0 113.6 
179.27 -1.00 -1.00 0 113.6 
179.38 -1.00 -1.00 0 113.6 
179.52 -1.00 -1.00 0 113.6 
179.65 -1.00 -1.00 0 113.1 
179.76 -1.00 -1.00 0 113.1 
179.86 -1.00 -1.00 0 113.1 
179.99 -1.00 -1.00 0 113.1 
180.10 -1.00 -1.00 0 113.1 
180.23 -1.00 -1.00 0 113.1 
180.33 -1.00 -1.00 0 113.1 
180.45 -1.00 -1.00 0 113.1 
180.59 -1.00 -1.00 0 112.8 
180.70 -1.00 -1.00 0 112.8 
180.80 -1.00 -1.00 0 112.8 
180.92 -1.00 -1.00 0 112.8 
181.04 -1.00 -1.00 0 112.8 
181.15 -1.00 -1.00 0 112.8 
181.25 -1.00 -1.00 0 112.8 
181.36 -1.00 -1.00 0 112.8 
181.53 -1.00 -1.00 0 112.8 
181.63 -1.00 -1.00 0 112.1 
181.74 -1.00 -1.00 0 112.1 
181.85 -1.00 -1.00 0 112.1 
181.99 -1.00 -1.00 0 112.1 
182.10 -1.00 -1.00 0 112.1 
182.20 -1.00 -1.00 0 112.1 
182.32 -1.00 -1.00 0 112.1 
182.45 -1.00 -1.00 0 112.1 
182.56 -1.00 -1.00 0 111.7 
182.67 -1.00 -1.00 0 111.7 
182.79 -1.00 -1.00 0 111.7 
182.89 -1.00 -1.00 0 111.7 
183.01 -1.00 -1.00 0 111.7 
183.12 -1.00 -1.00 0 111.7 
183.22 -1.00 -1.00 0 111.7 
183.34 -1.00 -1.00 0 111.7 
183.50 -1.00 -1.00 0 111.7 
183.61 -1.00 -1.00 0 111.7 
183.71 -1.00 -1.00 0 111.7 
183.83 -1.00 -1.00 0 111.7 
183.93 -1.00 -1.00 0 111.7 
184.06 -1.00 -1.00 0 111.7 
184.17 -1.00 -1.00 0 111.7 
184.29 -1.00 -1.00 0 111.7 
184.41 -1.00 -1.00 0 111.7 
184.54 -1.00 -1.00 0 111.7 
184.66 -1.00 -1.00 0 110.9 
184.77 -1.00 -1.00 0 110.9 
184.86 -1.00 -1.00 0 110.9 
185.00 -1.00 -1.00 0 110.9 
185.10 -1.00 -1.00 0 110.9 
185.24 -1.00 -1.00 0 110.9 
185.34 -1.00 -1.00 0 110.9 
185.48 -1.00 -1.00 0 110.9 
185.59 -1.00 -1.00 0 111.1 
185.73 -1.00 -1.00 0 111.1 
185.83 -1.00 -1.00 0 111.1 
185.95 -1.00 -1.00 0 111.1 
186.04 -1.00 -1.00 0 111.1 
186.18 -1.00 -1.00 0 111.1 
186.29 -1.00 -1.00 0 111.1 
186.40 -1.00 -1.00 0 111.1 
186.56 -1.00 -1.00 0 111.1 
186.68 -1.00 -1.00 0 110.7 
186.80 -1.00 -1.00 0 110.7 
186.90 -1.00 -1.00 0 110.7 
187.00 -1.00 -1.00 0 110.7 
187.11 -1.00 -1.00 0 110.7 
187.24 -1.00 -1.00 0 110.7 
187.35 -1.00 -1.00 0 110.7 
187.52 -1.00 -1.00 0 110.7 
187.64 -1.00 -1.00 0 110.4 
187.75 -1.00 -1.00 0 110.4 
187.89 -1.00 -1.00 0 110.4 
188.00 -1.00 -1.00 0 110.4 
188.11 -1.00 -1.00 0 110.4 
188.22 -1.00 -1.00 0 110.4 
188.33 -1.00 -1.00 0 110.4 
188.45 -1.00 -1.00 0 110.4 
188.55 -1.00 -1.00 0 107.7 
188.67 -1.00 -1.00 0 107.7 
188.77 -1.00 -1.00 0 107.7 
188.88 -1.00 -1.00 0 107.7 
189.00 -1.00 -1.00 0 107.7 
189.11 -1.00 -1.00 0 107.7 
189.21 -1.00 -1.00 0 107.7 
189.30 -1.00 -1.00 0 107.7 
189.46 -1.00 -1.00 0 107.7 
189.56 -1.00 -1.00 0 106.6 
189.69 -1.00 -1.00 0 106.6 
189.79 -1.00 -1.00 0 106.6 
189.88 -1.00 -1.00 0 106.6 
190.00 -1.00 -1.00 0 106.6 
190.10 -1.00 -1.00 0 106.6 
190.21 -1.00 -1.00 0 106.6 
190.33 -1.00 -1.00 0 106.6 
190.46 -1.00 -1.00 0 106.6 
190.58 -1.00 -1.00 0 106.5 
190.70 -1.00 -1.00 0 106.5 
190.79 -1.00 -1.00 0 106.5 
190.88 -1.00 -1.00 0 106.5 
190.98 -1.00 -1.00 0 106.5 
191.09 -1.00 -1.00 0 106.5 
191.34 -1.00 -1.00 0 106.5 
191.48 -1.00 -1.00 0 106.5 
191.59 -1.00 -1.00 0 107.1 
191.69 -1.00 -1.00 0 107.1 
191.80 -1.00 -1.00 0 107.1 
191.89 -1.00 -1.00 0 107.1 
192.00 -1.00 -1.00 0 107.1 
192.12 -1.00 -1.00 0 107.1 
192.21 -1.00 -1.00 0 107.1 
192.30 -1.00 -1.00 0 107.1 
192.42 -1.00 -1.00 0 107.1 
192.53 -1.00 -1.00 0 107.9 
192.63 -1.00 -1.00 0 107.9 
192.75 -1.00 -1.00 0 107.9 
192.84 -1.00 -1.00 0 107.9 
192.94 -1.00 -1.00 0 107.9 
193.05 -1.00 -1.00 0 107.9 
193.14 -1.00 -1.00 0 107.9 
193.24 -1.00 -1.00 0 107.9 
193.33 -1.00 -1.00 0 107.9 
193.45 -1.00 -1.00 0 107.9 
193.55 -1.00 -1.00 0 108.2 
193.64 -1.00 -1.00 0 108.2 
193.74 -1.00 -1.00 0 108.2 
193.86 -1.00 -1.00 0 108.2 
193.96 -1.00 -1.00 0 108.2 
194.05 -1.00 -1.00 0 108.2 
194.13 -1.00 -1.00 0 108.2 
194.26 -1.00 -1.00 0 108.2 
194.37 -1.00 -1.00 0 108.2 
194.50 -1.00 -1.00 0 108.2 
194.59 -1.00 -1.00 0 108.0 
194.68 -1.00 -1.00 0 108.0 
194.77 -1.00 -1.00 0 108.0 
194.88 -1.00 -1.00 0 108.0 
194.99 -1.00 -1.00 0 108.0 
195.09 -1.00 -1.00 0 108.0 
195.19 -1.00 -1.00 0 108.0 
195.29 -1.00 -1.00 0 108.0 
195.39 -1.00 -1.00 0 108.0 
195.49 -1.00 -1.00 0 108.0 
195.61 -1.00 -1.00 0 109.7 
195.71 -1.00 -1.00 0 109.7 
195.83 -1.00 -1.00 0 109.7 
195.93 -1.00 -1.00 0 109.7 
196.03 -1.00 -1.00 0 109.7 
196.14 -1.00 -1.00 0 109.7 
196.24 -1.00 -1.00 0 109.7 
196.37 -1.00 -1.00 0 109.7 
196.51 -1.00 -1.00 0 109.7 
196.59 -1.00 -1.00 0 110.4 
196.70 -1.00 -1.00 0 110.4 
196.81 -1.00 -1.00 0 110.4 
196.91 -1.00 -1.00 0 110.4 
196.99 -1.00 -1.00 0 110.4 
197.07 -1.00 -1.00 0 110.4 
197.20 -1.00 -1.00 0 110.4 
197.29 -1.00 -1.00 0 110.4 
197.41 -1.00 -1.00 0 110.4 
197.53 -1.00 -1.00 0 111.3 
197.63 -1.00 -1.00 0 111.3 
197.73 -1.00 -1.00 0 111.3 
197.83 -1.00 -1.00 0 111.3 
197.94 -1.00 -1.00 0 111.3 
198.04 -1.00 -1.00 0 111.3 
198.13 -1.00 -1.00 0 111.3 
198.26 -1.00 -1.00 0 111.3 
198.37 -1.00 -1.00 0 111.3 
198.51 -1.00 -1.00 0 111.3 
198.61 -1.00 -1.00 0 111.7 
198.73 -1.00 -1.00 0 111.7 
198.84 -1.00 -1.00 0 111.7 
198.97 -1.00 -1.00 0 111.7 
199.09 -1.00 -1.00 0 111.7 
199.20 -1.00 -1.00 0 111.7 
199.28 -1.00 -1.00 0 111.7 
199.42 -1.00 -1.00 0 111.7 
199.53 -1.00 -1.00 0 112.6 
199.65 -1.00 -1.00 0 112.6 
199.77 -1.00 -1.00 0 112.6 
199.87 -1.00 -1.00 0 112.6 
199.98 -1.00 -1.00 0 112.6 
200.07 -1.00 -1.00 0 112.6 
200.19 -1.00 -1.00 0 112.6 
200.32 -1.00 -1.00 0 112.6 
200.48 -1.00 -1.00 0 112.6 
200.57 -1.00 -1.00 0 113.1 
200.65 -1.00 -1.00 0 113.1 
200.77 -1.00 -1.00 0 113.1 
200.87 -1.00 -1.00 0 113.1 
200.99 -1.00 -1.00 0 113.1 
201.08 -1.00 -1.00 0 113.1 
201.19 -1.00 -1.00 0 113.1 
201.34 -1.00 -1.00 0 113.1 
201.43 -1.00 -1.00 0 113.1 
201.55 -1.00 -1.00 0 113.1 
201.66 -1.00 -1.00 0 113.7 
201.77 -1.00 -1.00 0 113.7 
201.91 -1.00 -1.00 0 113.7 
202.02 -1.00 -1.00 0 113.7 
202.13 -1.00 -1.00 0 113.7 
202.23 -1.00 -1.00 0 113.7 
202.31 -1.00 -1.00 0 113.7 
202.46 -1.00 -1.00 0 113.7 
202.55 -1.00 -1.00 0 113.4 
202.65 -1.00 -1.00 0 113.4 
202.76 -1.00 -1.00 0 113.4 
202.87 -1.00 -1.00 0 113.4 
203.03 -1.00 -1.00 0 113.4 
203.13 -1.00 -1.00 0 113.4 
203.24 -1.00 -1.00 0 113.4 
203.33 -1.00 -1.00 0 113.4 
203.47 -1.00 -1.00 0 113.4 
203.60 -1.00 -1.00 0 111.9 
203.71 -1.00 -1.00 0 111.9 
203.84 -1.00 -1.00 0 111.9 
203.94 -1.00 -1.00 0 111.9 
204.04 -1.00 -1.00 0 111.9 
204.15 -1.00 -1.00 0 111.9 
204.26 -1.00 -1.00 0 111.9 
204.43 -1.00 -1.00 0 111.9 
204.53 -1.00 -1.00 0 112.6 
204.67 -1.00 -1.00 0 112.6 
204.79 -1.00 -1.00 0 112.6 
204.90 -1.00 -1.00 0 112.6 
205.00 -1.00 -1.00 0 112.6 
205.11 -1.00 -1.00 0 112.6 
205.24 -1.00 -1.00 0 112.6 
205.35 -1.00 -1.00 0 112.6 
205.46 -1.00 -1.00 0 112.6 
205.61 -1.00 -1.00 0 114.6 
205.71 -1.00 -1.00 0 114.6 
205.82 -1.00 -1.00 0 114.6 
205.94 -1.00 -1.00 0 114.6 
206.07 -1.00 -1.00 0 114.6 
206.20 -1.00 -1.00 0 114.6 
206.31 -1.00 -1.00 0 114.6 
206.48 -1.00 -1.00 0 114.6 
206.58 -1.00 -1.00 0 115.5 
206.68 -1.00 -1.00 0 115.5 
206.78 -1.00 -1.00 0 115.5 
206.91 -1.00 -1.00 0 115.5 
207.01 -1.00 -1.00 0 115.5 
207.13 -1.00 -1.00 0 115.5 
207.26 -1.00 -1.00 0 115.5 
207.41 -1.00 -1.00 0 115.5 
207.54 -1.00 -1.00 0 115.9 
207.66 -1.00 -1.00 0 115.9 
207.79 -1.00 -1.00 0 115.9 
207.92 -1.00 -1.00 0 115.9 
208.04 -1.00 -1.00 0 115.9 
208.15 -1.00 -1.00 0 115.9 
208.26 -1.00 -1.00 0 115.9 
208.42 -1.00 -1.00 0 115.9 
208.53 -1.00 -1.00 0 116.9 
208.65 -1.00 -1.00 0 116.9 
208.76 -1.00 -1.00 0 116.9 
208.87 -1.00 -1.00 0 116.9 
208.99 -1.00 -1.00 0 116.9 
209.09 -1.00 -1.00 1 116.9 
209.22 -1.00 -1.00 1 116.9 
209.34 -1.00 -1.00 1 116.9 
209.47 -1.00 -1.00 1 116.9 
209.59 -1.00 -1.00 1 117.4 
209.69 -1.00 -1.00 1 117.4 
209.82 -1.00 -1.00 1 117.4 
209.96 -1.00 -1.00 1 117.4 
210.10 -1.00 -1.00 1 117.4 
210.24 -1.00 -1.00 1 117.4 
210.36 -1.00 -1.00 1 117.4 
210.50 -1.00 -1.00 1 117.4 
210.69 -1.00 -1.00 1 118.3 
210.80 -1.00 -1.00 1 118.3 
210.90 -1.00 -1.00 0 118.3 
210.98 -1.00 -1.00 0 118.3 
211.06 -1.00 -1.00 0 118.3 
211.34 -1.00 -1.00 0 118.3 
211.49 -1.00 -1.00 0 118.3 
211.61 -1.00 -1.00 0 118.7 
211.74 -1.00 -1.00 0 118.7 
211.84 -1.00 -1.00 0 118.7 
211.93 -1.00 -1.00 0 118.7 
212.01 -1.00 -1.00 0 118.7 
212.12 -1.00 -1.00 0 118.7 
212.24 -1.00 -1.00 0 118.7 
212.34 -1.00 -1.00 0 118.7 
212.46 -1.00 -1.00 0 118.7 
212.57 -1.00 -1.00 0 120.0 
212.70 -1.00 -1.00 0 120.0 
212.81 -1.00 -1.00 0 120.0 
212.91 -1.00 -1.00 0 120.0 
213.02 -1.00 -1.00 0 120.0 
213.14 -1.00 -1.00 0 120.0 
213.27 -1.00 -1.00 0 120.0 
213.38 -1.00 -1.00 0 120.0 
213.51 -1.00 -1.00 0 120.0 
213.62 -1.00 -1.00 0 119.6 
213.74 -1.00 -1.00 0 119.6 
213.88 -1.00 -1.00 0 119.6 
213.98 -1.00 -1.00 0 119.6 
214.10 -1.00 -1.00 0 119.6 
214.22 -1.00 -1.00 0 119.6 
214.33 -1.00 -1.00 0 119.6 
214.47 -1.00 -1.00 0 119.6 
214.59 -1.00 -1.00 0 120.6 
214.73 -1.00 -1.00 0 120.6 
214.86 -1.00 -1.00 0 120.6 
214.97 -1.00 -1.00 0 120.6 
215.11 -1.00 -1.00 0 120.6 
215.24 -1.00 -1.00 0 120.6 
215.37 -1.00 -1.00 0 120.6 
215.51 -1.00 -1.00 0 120.6 
215.66 -1.00 -1.00 0 119.6 
215.76 -1.00 -1.00 0 119.6 
215.88 -1.00 -1.00 0 119.6 
216.01 -1.00 -1.00 0 119.6 
216.16 -1.00 -1.00 0 119.6 
216.32 -1.00 -1.00 0 119.6 
216.49 -1.00 -1.00 0 119.6 
216.58 -1.00 -1.00 0 121.4 
216.68 -1.00 -1.00 0 121.4 
216.78 -1.00 -1.00 0 121.4 
216.87 -1.00 -1.00 0 121.4 
216.98 -1.00 -1.00 0 121.4 
217.11 -1.00 -1.00 0 121.4 
217.21 -1.00 -1.00 0 121.4 
217.33 -1.00 -1.00 0 121.4 
217.45 -1.00 -1.00 0 121.4 
217.59 -1.00 -1.00 0 121.4 
217.71 -1.00 -1.00 0 121.6 
217.83 -1.00 -1.00 0 121.6 
217.95 -1.00 -1.00 0 121.6 
218.06 -1.00 -1.00 0 121.6 
218.17 -1.00 -1.00 0 121.6 
218.28 -1.00 -1.00 0 121.6 
218.41 -1.00 -1.00 0 121.6 
218.60 -1.00 -1.00 0 121.6 
218.74 -1.00 -1.00 0 123.3 
218.85 -1.00 -1.00 0 123.3 
219.00 -1.00 -1.00 0 123.3 
219.12 -1.00 -1.00 0 123.3 
219.22 -1.00 -1.00 0 123.3 
219.31 -1.00 -1.00 0 123.3 
219.47 -1.00 -1.00 0 123.3 
219.59 -1.00 -1.00 0 123.0 
219.68 -1.00 -1.00 0 123.0 
219.79 -1.00 -1.00 0 123.0 
219.92 -1.00 -1.00 0 123.0 
220.02 -1.00 -1.00 0 123.0 
220.11 -1.00 -1.00 0 123.0 
220.21 -1.00 -1.00 0 123.0 
220.32 -1.00 -1.00 0 123.0 
220.43 -1.00 -1.00 0 123.0 
220.53 -1.00 -1.00 0 122.1 
220.65 -1.00 -1.00 0 122.1 
220.75 -1.00 -1.00 0 122.1 
220.86 -1.00 -1.00 0 122.1 
221.01 -1.00 -1.00 0 122.1 
221.44 -1.00 -1.00 0 122.1 
221.59 -1.00 -1.00 0 122.7 
221.71 -1.00 -1.00 0 122.7 
221.81 -1.00 -1.00 0 122.7 
221.91 -1.00 -1.00 0 122.7 
222.03 -1.00 -1.00 0 122.7 
222.14 -1.00 -1.00 0 122.7 
222.25 -1.00 -1.00 0 122.7 
222.36 -1.00 -1.00 0 122.7 
222.51 -1.00 -1.00 0 122.7 
222.60 -1.00 -1.00 0 122.2 
222.70 -1.00 -1.00 0 122.2 
222.80 -1.00 -1.00 0 122.2 
222.92 -1.00 -1.00 0 122.2 
223.02 -1.00 -1.00 0 122.2 
223.15 -1.00 -1.00 0 122.2 
223.28 -1.00 -1.00 0 122.2 
223.48 -1.00 -1.00 0 122.2 
223.59 -1.00 -1.00 0 124.2 
223.73 -1.00 -1.00 0 124.2 
223.84 -1.00 -1.00 0 124.2 
223.95 -1.00 -1.00 0 124.2 
224.06 -1.00 -1.00 0 124.2 
224.18 -1.00 -1.00 0 124.2 
224.28 -1.00 -1.00 0 124.2 
224.45 -1.00 -1.00 0 124.2 
224.56 -1.00 -1.00 0 123.2 
224.66 -1.00 -1.00 0 123.2 
224.79 -1.00 -1.00 0 123.2 
224.89 -1.00 -1.00 0 123.2 
225.00 -1.00 -1.00 0 123.2 
225.12 -1.00 -1.00 0 123.2 
225.22 -1.00 -1.00 0 123.2 
225.33 -1.00 -1.00 0 123.2 
225.49 -1.00 -1.00 0 123.2 
225.60 -1.00 -1.00 0 123.2 
225.70 -1.00 -1.00 0 123.2 
225.80 -1.00 -1.00 0 123.2 
225.93 -1.00 -1.00 0 123.2 
226.08 -1.00 -1.00 0 123.2 
226.20 -1.00 -1.00 0 123.2 
226.30 -1.00 -1.00 0 123.2 
226.44 -1.00 -1.00 0 123.2 
226.53 -1.00 -1.00 0 123.0 
226.65 -1.00 -1.00 0 123.0 
226.75 -1.00 -1.00 0 123.0 
226.89 -1.00 -1.00 0 123.0 
226.99 -1.00 -1.00 0 123.0 
227.12 -1.00 -1.00 0 123.0 
227.22 -1.00 -1.00 0 123.0 
227.33 -1.00 -1.00 0 123.0 
227.49 -1.00 -1.00 0 123.0 
227.60 -1.00 -1.00 0 123.7 
227.71 -1.00 -1.00 0 123.7 
227.84 -1.00 -1.00 0 123.7 
227.97 -1.00 -1.00 0 123.7 
228.09 -1.00 -1.00 0 123.7 
228.20 -1.00 -1.00 0 123.7 
228.32 -1.00 -1.00 0 123.7 
228.48 -1.00 -1.00 0 123.7 
228.61 -1.00 -1.00 0 123.0 
228.73 -1.00 -1.00 0 123.0 
228.84 -1.00 -1.00 0 123.0 
228.97 -1.00 -1.00 0 123.0 
229.08 -1.00 -1.00 0 123.0 
229.21 -1.00 -1.00 0 123.0 
229.34 -1.00 -1.00 0 123.0 
229.50 -1.00 -1.00 0 123.0 
229.62 -1.00 -1.00 0 122.9 
229.72 -1.00 -1.00 0 122.9 
229.83 -1.00 -1.00 0 122.9 
229.96 -1.00 -1.00 0 122.9 
230.06 -1.00 -1.00 0 122.9 
230.15 -1.00 -1.00 0 122.9 
230.29 -1.00 -1.00 0 122.9 
230.40 -1.00 -1.00 0 122.9 
230.58 -1.00 -1.00 0 122.9 
230.69 -1.00 -1.00 0 123.0 
230.81 -1.00 -1.00 0 123.0 
230.92 -1.00 -1.00 0 123.0 
231.03 -1.00 -1.00 0 123.0 
231.13 -1.00 -1.00 0 123.0 
231.28 -1.00 -1.00 0 123.0 
231.39 -1.00 -1.00 0 123.0 
231.49 -1.00 -1.00 0 123.0 
231.59 -1.00 -1.00 0 121.5 
231.68 -1.00 -1.00 0 121.5 
231.80 -1.00 -1.00 0 121.5 
231.94 -1.00 -1.00 0 121.5 
232.04 -1.00 -1.00 0 121.5 
232.14 -1.00 -1.00 0 121.5 
232.25 -1.00 -1.00 0 121.5 
232.37 -1.00 -1.00 0 121.5 
232.52 -1.00 -1.00 0 121.5 
232.62 -1.00 -1.00 0 118.9 
232.75 -1.00 -1.00 0 118.9 
232.85 -1.00 -1.00 0 118.9 
232.97 -1.00 -1.00 0 118.9 
233.09 -1.00 -1.00 0 118.9 
233.19 -1.00 -1.00 0 118.9 
233.28 -1.00 -1.00 0 118.9 
233.38 -1.00 -1.00 0 118.9 
233.52 -1.00 -1.00 0 118.9 
233.65 -1.00 -1.00 0 119.4 
233.76 -1.00 -1.00 0 119.4 
233.88 -1.00 -1.00 0 119.4 
234.00 -1.00 -1.00 0 119.4 
234.11 -1.00 -1.00 0 119.4 
234.25 -1.00 -1.00 0 119.4 
234.37 -1.00 -1.00 0 119.4 
234.51 -1.00 -1.00 0 119.4 
234.63 -1.00 -1.00 0 118.2 
234.74 -1.00 -1.00 0 118.2 
234.86 -1.00 -1.00 0 118.2 
234.97 -1.00 -1.00 0 118.2 
235.10 -1.00 -1.00 0 118.2 
235.21 -1.00 -1.00 0 118.2 
235.33 -1.00 -1.00 0 118.2 
235.48 -1.00 -1.00 0 118.2 
235.60 -1.00 -1.00 0 118.0 
235.72 -1.00 -1.00 0 118.0 
235.83 -1.00 -1.00 0 118.0 
235.94 -1.00 -1.00 0 118.0 
236.06 -1.00 -1.00 0 118.0 
236.20 -1.00 -1.00 0 118.0 
236.30 -1.00 -1.00 0 118.0 
236.44 -1.00 -1.00 0 118.0 
236.56 -1.00 -1.00 0 116.6 
236.69 -1.00 -1.00 0 116.6 
236.80 -1.00 -1.00 0 116.6 
236.91 -1.00 -1.00 0 116.6 
237.01 -1.00 -1.00 0 116.6 
237.11 -1.00 -1.00 0 116.6 
237.23 -1.00 -1.00 0 116.6 
237.33 -1.00 -1.00 0 116.6 
237.46 -1.00 -1.00 0 116.6 
237.59 -1.00 -1.00 0 116.3 
237.69 -1.00 -1.00 0 116.3 
237.80 -1.00 -1.00 0 116.3 
237.90 -1.00 -1.00 0 116.3 
238.01 -1.00 -1.00 0 116.3 
238.12 -1.00 -1.00 0 116.3 
238.23 -1.00 -1.00 0 116.3 
238.32 -1.00 -1.00 0 116.3 
238.48 -1.00 -1.00 0 116.3 
238.57 -1.00 -1.00 0 115.7 
238.69 -1.00 -1.00 0 115.7 
238.79 -1.00 -1.00 0 115.7 
238.92 -1.00 -1.00 0 115.7 
239.02 -1.00 -1.00 0 115.7 
239.13 -1.00 -1.00 0 115.7 
239.22 -1.00 -1.00 0 115.7 
239.33 -1.00 -1.00 0 115.7 
239.43 -1.00 -1.00 0 115.7 
239.56 -1.00 -1.00 0 115.7 
239.68 -1.00 -1.00 0 114.7 
239.80 -1.00 -1.00 0 114.7 
239.92 -1.00 -1.00 0 114.7 
240.04 -1.00 -1.00 0 114.7 
240.14 -1.00 -1.00 0 114.7 
240.27 -1.00 -1.00 0 114.7 
240.37 -1.00 -1.00 0 114.7 
240.52 -1.00 -1.00 0 114.7 
240.63 -1.00 -1.00 0 114.9 
240.75 -1.00 -1.00 1 114.9 
240.88 -1.00 -1.00 1 114.9 
241.02 -1.00 -1.00 0 114.9 
241.15 -1.00 -1.00 0 114.9 
241.44 -1.00 -1.00 0 114.9 
241.56 -1.00 -1.00 0 113.9 
241.67 -1.00 -1.00 0 113.9 
241.79 -1.00 -1.00 0 113.9 
241.90 -1.00 -1.00 0 113.9 
242.02 -1.00 -1.00 0 113.9 
242.15 -1.00 -1.00 0 113.9 
242.29 -1.00 -1.00 0 113.9 
242.41 -1.00 -1.00 0 113.9 
242.52 -1.00 -1.00 0 113.9 
242.65 -1.00 -1.00 0 113.0 
242.79 -1.00 -1.00 0 113.0 
242.93 -1.00 -1.00 0 113.0 
243.03 -1.00 -1.00 0 113.0 
243.16 -1.00 -1.00 0 113.0 
243.28 -1.00 -1.00 0 113.0 
243.42 -1.00 -1.00 0 113.0 
243.55 -1.00 -1.00 0 113.3 
243.68 -1.00 -1.00 0 113.3 
243.80 -1.00 -1.00 0 113.3 
243.92 -1.00 -1.00 0 113.3 
244.03 -1.00 -1.00 0 113.3 
244.17 -1.00 -1.00 0 113.3 
244.28 -1.00 -1.00 0 113.3 
244.46 -1.00 -1.00 0 113.3 
244.57 -1.00 -1.00 0 112.6 
244.70 -1.00 -1.00 0 112.6 
244.82 -1.00 -1.00 0 112.6 
244.95 -1.00 -1.00 0 112.6 
245.07 -1.00 -1.00 0 112.6 
245.21 -1.00 -1.00 0 112.6 
245.36 -1.00 -1.00 0 112.6 
245.53 -1.00 -1.00 0 112.6 
245.66 -1.00 -1.00 0 112.7 
245.79 -1.00 -1.00 0 112.7 
245.92 -1.00 -1.00 0 112.7 
246.06 -1.00 -1.00 0 112.7 
246.17 -1.00 -1.00 0 112.7 
246.31 -1.00 -1.00 0 112.7 
246.53 -1.00 -1.00 0 112.7 
246.66 -1.00 -1.00 0 111.6 
246.77 -1.00 -1.00 0 111.6 
246.88 -1.00 -1.00 0 111.6 
247.00 -1.00 -1.00 0 111.6 
247.10 -1.00 -1.00 0 111.6 
247.24 -1.00 -1.00 0 111.6 
247.35 -1.00 -1.00 0 111.6 
247.52 -1.00 -1.00 0 111.6 
247.64 -1.00 -1.00 0 111.0 
247.77 -1.00 -1.00 0 111.0 
247.93 -1.00 -1.00 0 111.0 
248.05 -1.00 -1.00 0 111.0 
248.19 -1.00 -1.00 0 111.0 
248.32 -1.00 -1.00 0 111.0 
248.53 -1.00 -1.00 0 111.0 
248.67 -1.00 -1.00 0 110.3 
248.78 -1.00 -1.00 0 110.3 
248.93 -1.00 -1.00 0 110.3 
249.05 -1.00 -1.00 0 110.3 
249.20 -1.00 -1.00 0 110.3 
249.32 -1.00 -1.00 0 110.3 
249.52 -1.00 -1.00 0 110.3 
249.66 -1.00 -1.00 0 110.0 
249.80 -1.00 -1.00 0 110.0 
249.96 -1.00 -1.00 0 110.0 
250.07 -1.00 -1.00 0 110.0 
250.25 -1.00 -1.00 0 110.0 
250.37 -1.00 -1.00 0 110.0 
250.57 -1.00 -1.00 0 110.0 
250.72 -1.00 -1.00 0 107.1 
250.84 -1.00 -1.00 0 107.1 
251.01 -1.00 -1.00 0 107.1 
251.11 -1.00 -1.00 0 107.1 
251.40 -1.00 -1.00 0 107.1 
251.56 -1.00 -1.00 0 107.1 
251.68 -1.00 -1.00 0 106.5 
251.81 -1.00 -1.00 0 106.5 
251.95 -1.00 -1.00 0 106.5 
252.09 -1.00 -1.00 0 106.5 
252.22 -1.00 -1.00 0 106.5 
252.33 -1.00 -1.00 0 106.5 
252.50 -1.00 -1.00 0 106.5 
252.62 -1.00 -1.00 0 105.8 
252.74 -1.00 -1.00 0 105.8 
252.88 -1.00 -1.00 0 105.8 
253.01 -1.00 -1.00 0 105.8 
253.14 -1.00 -1.00 0 105.8 
253.25 -1.00 -1.00 0 105.8 
253.36 -1.00 -1.00 0 105.8 
253.53 -1.00 -1.00 0 105.8 
253.64 -1.00 -1.00 0 105.6 
253.73 -1.00 -1.00 0 105.6 
253.87 -1.00 -1.00 0 105.6 
254.00 -1.00 -1.00 0 105.6 
254.11 -1.00 -1.00 0 105.6 
254.26 -1.00 -1.00 0 105.6 
254.38 -1.00 -1.00 0 105.6 
254.52 -1.00 -1.00 0 105.6 
254.63 -1.00 -1.00 0 105.7 
254.76 -1.00 -1.00 0 105.7 
254.91 -1.00 -1.00 0 105.7 
255.01 -1.00 -1.00 0 105.7 
255.14 -1.00 -1.00 0 105.7 
255.25 -1.00 -1.00 0 105.7 
255.42 -1.00 -1.00 0 105.7 
255.54 -1.00 -1.00 0 105.9 
255.64 -1.00 -1.00 0 105.9 
255.73 -1.00 -1.00 0 105.9 
255.84 -1.00 -1.00 0 105.9 
255.97 -1.00 -1.00 0 105.9 
256.08 -1.00 -1.00 0 105.9 
256.21 -1.00 -1.00 0 105.9 
256.33 -1.00 -1.00 0 105.9 
256.49 -1.00 -1.00 0 105.9 
256.61 -1.00 -1.00 0 105.0 
256.73 -1.00 -1.00 0 105.0 
256.85 -1.00 -1.00 0 105.0 
256.95 -1.00 -1.00 0 105.0 
257.09 -1.00 -1.00 0 105.0 
257.21 -1.00 -1.00 0 105.0 
257.32 -1.00 -1.00 0 105.0 
257.46 -1.00 -1.00 0 105.0 
257.58 -1.00 -1.00 0 104.8 
257.68 -1.00 -1.00 0 104.8 
257.82 -1.00 -1.00 0 104.8 
257.94 -1.00 -1.00 0 104.8 
258.04 -1.00 -1.00 0 104.8 
258.14 -1.00 -1.00 0 104.8 
258.27 -1.00 -1.00 0 104.8 
258.38 -1.00 -1.00 0 104.8 
258.50 -1.00 -1.00 0 104.8 
258.59 -1.00 -1.00 0 104.2 
258.72 -1.00 -1.00 0 104.2 
258.85 -1.00 -1.00 0 104.2 
258.95 -1.00 -1.00 0 104.2 
259.07 -1.00 -1.00 0 104.2 
259.21 -1.00 -1.00 0 104.2 
259.32 -1.00 -1.00 0 104.2 
259.47 -1.00 -1.00 0 104.2 
259.59 -1.00 -1.00 0 104.7 
259.71 -1.00 -1.00 0 104.7 
259.82 -1.00 -1.00 0 104.7 
259.93 -1.00 -1.00 0 104.7 
260.07 -1.00 -1.00 0 104.7 
260.18 -1.00 -1.00 0 104.7 
260.29 -1.00 -1.00 0 104.7 
260.43 -1.00 -1.00 0 104.7 
260.58 -1.00 -1.00 0 104.4 
260.70 -1.00 -1.00 0 104.4 
260.82 -1.00 -1.00 0 104.4 
260.93 -1.00 -1.00 0 104.4 
261.07 -1.00 -1.00 0 104.4 
261.18 -1.00 -1.00 0 104.4 
261.28 -1.00 -1.00 0 104.4 
261.47 -1.00 -1.00 0 104.4 
261.57 -1.00 -1.00 0 104.4 
261.70 -1.00 -1.00 0 104.4 
261.82 -1.00 -1.00 0 104.4 
261.92 -1.00 -1.00 0 104.4 
262.06 -1.00 -1.00 0 104.4 
262.20 -1.00 -1.00 0 104.4 
262.35 -1.00 -1.00 0 104.4 
262.51 -1.00 -1.00 0 104.4 
262.61 -1.00 -1.00 0 104.6 
262.73 -1.00 -1.00 0 104.6 
262.86 -1.00 -1.00 0 104.6 
262.99 -1.00 -1.00 0 104.6 
263.13 -1.00 -1.00 0 104.6 
263.27 -1.00 -1.00 0 104.6 
263.39 -1.00 -1.00 0 104.6 
263.52 -1.00 -1.00 0 105.3 
263.63 -1.00 -1.00 0 105.3 
263.77 -1.00 -1.00 0 105.3 
263.88 -1.00 -1.00 0 105.3 
264.01 -1.00 -1.00 0 105.3 
264.13 -1.00 -1.00 0 105.3 
264.27 -1.00 -1.00 0 105.3 
264.44 -1.00 -1.00 0 105.3 
264.57 -1.00 -1.00 0 105.3 
264.69 -1.00 -1.00 0 105.3 
264.79 -1.00 -1.00 0 105.3 
264.91 -1.00 -1.00 0 105.3 
265.03 -1.00 -1.00 0 105.3 
265.14 -1.00 -1.00 0 105.3 
265.24 -1.00 -1.00 0 105.3 
265.35 -1.00 -1.00 0 105.3 
265.50 -1.00 -1.00 0 105.3 
265.61 -1.00 -1.00 0 104.3 
265.71 -1.00 -1.00 0 104.3 
265.83 -1.00 -1.00 0 104.3 
265.94 -1.00 -1.00 0 104.3 
266.03 -1.00 -1.00 0 104.3 
266.15 -1.00 -1.00 0 104.3 
266.28 -1.00 -1.00 0 104.3 
266.37 -1.00 -1.00 0 104.3 
266.49 -1.00 -1.00 0 104.3 
266.61 -1.00 -1.00 0 105.1 
266.71 -1.00 -1.00 0 105.1 
266.81 -1.00 -1.00 0 105.1 
266.94 -1.00 -1.00 0 105.1 
267.04 -1.00 -1.00 0 105.1 
267.16 -1.00 -1.00 0 105.1 
267.27 -1.00 -1.00 0 105.1 
267.39 -1.00 -1.00 0 105.1 
267.54 -1.00 -1.00 0 105.1 
267.64 -1.00 -1.00 0 104.7 
267.76 -1.00 -1.00 0 104.7 
267.87 -1.00 -1.00 0 104.7 
268.00 -1.00 -1.00 0 104.7 
268.10 -1.00 -1.00 0 104.7 
268.20 -1.00 -1.00 0 104.7 
268.29 -1.00 -1.00 0 104.7 
268.44 -1.00 -1.00 0 104.7 
268.54 -1.00 -1.00 0 105.4 
268.67 -1.00 -1.00 0 105.4 
268.77 -1.00 -1.00 0 105.4 
268.88 -1.00 -1.00 0 105.4 
268.99 -1.00 -1.00 0 105.4 
269.13 -1.00 -1.00 0 105.4 
269.25 -1.00 -1.00 0 105.4 
269.41 -1.00 -1.00 0 105.4 
269.54 -1.00 -1.00 0 105.5 
269.67 -1.00 -1.00 0 105.5 
269.78 -1.00 -1.00 0 105.5 
269.89 -1.00 -1.00 0 105.5 
270.01 -1.00 -1.00 0 105.5 
270.14 -1.00 -1.00 0 105.5 
270.27 -1.00 -1.00 0 105.5 
270.45 -1.00 -1.00 0 105.5 
270.56 -1.00 -1.00 0 106.1 
270.69 -1.00 -1.00 0 106.1 
270.81 -1.00 -1.00 0 106.1 
270.93 -1.00 -1.00 0 106.1 
271.05 -1.00 -1.00 0 106.1 
271.45 -1.00 -1.00 0 106.1 
271.64 -1.00 -1.00 0 106.6 
271.77 -1.00 -1.00 0 106.6 
271.89 -1.00 -1.00 0 106.6 
272.01 -1.00 -1.00 0 106.6 
272.11 -1.00 -1.00 0 106.6 
272.23 -1.00 -1.00 0 106.6 
272.38 -1.00 -1.00 0 106.6 
272.52 -1.00 -1.00 0 107.4 
272.61 -1.00 -1.00 0 107.4 
272.74 -1.00 -1.00 0 107.4 
272.86 -1.00 -1.00 0 107.4 
272.98 -1.00 -1.00 0 107.4 
273.08 -1.00 -1.00 0 107.4 
273.20 -1.00 -1.00 0 107.4 
273.30 -1.00 -1.00 0 107.4 
273.48 -1.00 -1.00 0 107.4 
273.58 -1.00 -1.00 0 107.6 
273.69 -1.00 -1.00 0 107.6 
273.80 -1.00 -1.00 0 107.6 
273.91 -1.00 -1.00 0 107.6 
274.02 -1.00 -1.00 0 107.6 
274.15 -1.00 -1.00 0 107.6 
274.24 -1.00 -1.00 0 107.6 
274.33 -1.00 -1.00 0 107.6 
274.48 -1.00 -1.00 0 107.6 
274.60 -1.00 -1.00 0 108.3 
274.73 -1.00 -1.00 0 108.3 
274.85 -1.00 -1.00 0 108.3 
274.97 -1.00 -1.00 0 108.3 
275.07 -1.00 -1.00 0 108.3 
275.18 -1.00 -1.00 0 108.3 
275.30 -1.00 -1.00 0 108.3 
275.41 -1.00 -1.00 0 108.3 
275.54 -1.00 -1.00 0 108.3 
275.65 -1.00 -1.00 0 108.2 
275.74 -1.00 -1.00 0 108.2 
275.85 -1.00 -1.00 0 108.2 
275.94 -1.00 -1.00 0 108.2 
276.05 -1.00 -1.00 0 108.2 
276.14 -1.00 -1.00 0 108.2 
276.25 -1.00 -1.00 0 108.2 
276.36 -1.00 -1.00 0 108.2 
276.52 -1.00 -1.00 0 108.2 
276.61 -1.00 -1.00 0 109.1 
276.70 -1.00 -1.00 0 109.1 
276.81 -1.00 -1.00 0 109.1 
276.91 -1.00 -1.00 0 109.1 
277.03 -1.00 -1.00 0 109.1 
277.14 -1.00 -1.00 0 109.1 
277.24 -1.00 -1.00 0 109.1 
277.34 -1.00 -1.00 0 109.1 
277.47 -1.00 -1.00 0 109.1 
277.58 -1.00 -1.00 0 110.5 
277.68 -1.00 -1.00 0 110.5 
277.80 -1.00 -1.00 0 110.5 
277.89 -1.00 -1.00 0 110.5 
277.99 -1.00 -1.00 0 110.5 
278.08 -1.00 -1.00 0 110.5 
278.19 -1.00 -1.00 0 110.5 
278.29 -1.00 -1.00 0 110.5 
278.42 -1.00 -1.00 0 110.5 
278.53 -1.00 -1.00 0 111.4 
278.64 -1.00 -1.00 0 111.4 
278.76 -1.00 -1.00 0 111.4 
278.84 -1.00 -1.00 0 111.4 
278.95 -1.00 -1.00 0 111.4 
279.05 -1.00 -1.00 0 111.4 
279.15 -1.00 -1.00 0 111.4 
279.27 -1.00 -1.00 0 111.4 
279.38 -1.00 -1.00 0 111.4 
279.48 -1.00 -1.00 0 111.4 
279.58 -1.00 -1.00 0 112.4 
279.68 -1.00 -1.00 0 112.4 
279.81 -1.00 -1.00 0 112.4 
279.93 -1.00 -1.00 0 112.4 
280.04 -1.00 -1.00 0 112.4 
280.18 -1.00 -1.00 0 112.4 
280.29 -1.00 -1.00 0 112.4 
280.43 -1.00 -1.00 0 112.4 
280.55 -1.00 -1.00 0 113.9 
280.69 -1.00 -1.00 0 113.9 
280.78 -1.00 -1.00 0 113.9 
280.91 -1.00 -1.00 0 113.9 
281.01 -1.00 -1.00 0 113.9 
281.09 -1.00 -1.00 0 113.9 
281.19 -1.00 -1.00 0 113.9 
281.46 -1.00 -1.00 0 113.9 
281.57 -1.00 -1.00 0 114.5 
281.66 -1.00 -1.00 0 114.5 
281.77 -1.00 -1.00 0 114.5 
281.89 -1.00 -1.00 0 114.5 
282.01 -1.00 -1.00 0 114.5 
282.12 -1.00 -1.00 0 114.5 
282.23 -1.00 -1.00 0 114.5 
282.34 -1.00 -1.00 0 114.5 
282.48 -1.00 -1.00 0 114.5 
282.59 -1.00 -1.00 0 115.9 
282.71 -1.00 -1.00 0 115.9 
282.83 -1.00 -1.00 0 115.9 
282.95 -1.00 -1.00 0 115.9 
283.05 -1.00 -1.00 0 115.9 
283.15 -1.00 -1.00 0 115.9 
283.27 -1.00 -1.00 0 115.9 
283.40 -1.00 -1.00 0 115.9 
283.53 -1.00 -1.00 0 115.9 
283.63 -1.00 -1.00 0 117.4 
283.73 -1.00 -1.00 0 117.4 
283.84 -1.00 -1.00 0 117.4 
283.97 -1.00 -1.00 0 117.4 
284.10 -1.00 -1.00 0 117.4 
284.21 -1.00 -1.00 0 117.4 
284.33 -1.00 -1.00 0 117.4 
284.48 -1.00 -1.00 0 117.4 
284.60 -1.00 -1.00 0 118.6 
284.72 -1.00 -1.00 0 118.6 
284.84 -1.00 -1.00 0 118.6 
284.95 -1.00 -1.00 0 118.6 
285.07 -1.00 -1.00 0 118.6 
285.18 -1.00 -1.00 0 118.6 
285.30 -1.00 -1.00 0 118.6 
285.42 -1.00 -1.00 0 118.6 
285.53 -1.00 -1.00 0 118.6 
285.65 -1.00 -1.00 0 119.4 
285.75 -1.00 -1.00 0 119.4 
285.86 -1.00 -1.00 0 119.4 
285.98 -1.00 -1.00 0 119.4 
286.15 -1.00 -1.00 0 119.4 
286.28 -1.00 -1.00 0 119.4 
286.45 -1.00 -1.00 0 119.4 
286.56 -1.00 -1.00 0 120.2 
286.66 -1.00 -1.00 0 120.2 
286.78 -1.00 -1.00 0 120.2 
286.89 -1.00 -1.00 0 120.2 
286.98 -1.00 -1.00 0 120.2 
287.10 -1.00 -1.00 0 120.2 
287.21 -1.00 -1.00 0 120.2 
287.32 -1.00 -1.00 0 120.2 
287.44 -1.00 -1.00 0 120.2 
287.56 -1.00 -1.00 0 120.2 
287.65 -1.00 -1.00 0 120.2 
287.78 -1.00 -1.00 0 120.2 
287.94 -1.00 -1.00 0 120.2 
288.05 -1.00 -1.00 0 120.2 
288.15 -1.00 -1.00 0 120.2 
288.28 -1.00 -1.00 0 120.2 
288.41 -1.00 -1.00 0 120.2 
288.55 -1.00 -1.00 0 123.0 
288.66 -1.00 -1.00 0 123.0 
288.77 -1.00 -1.00 0 123.0 
288.88 -1.00 -1.00 0 123.0 
289.00 -1.00 -1.00 0 123.0 
289.13 -1.00 -1.00 0 123.0 
289.25 -1.00 -1.00 0 123.0 
289.36 -1.00 -1.00 0 123.0 
289.51 -1.00 -1.00 0 123.0 
289.65 -1.00 -1.00 0 122.1 
289.76 -1.00 -1.00 0 122.1 
289.89 -1.00 -1.00 0 122.1 
290.02 -1.00 -1.00 0 122.1 
290.14 -1.00 -1.00 0 122.1 
290.26 -1.00 -1.00 0 122.1 
290.38 -1.00 -1.00 0 122.1 
290.56 -1.00 -1.00 0 122.1 
290.67 -1.00 -1.00 0 123.5 
290.78 -1.00 -1.00 0 123.5 
290.90 -1.00 -1.00 0 123.5 
291.01 -1.00 -1.00 0 123.5 
291.14 -1.00 -1.00 0 123.5 
291.32 -1.00 -1.00 0 123.5 
291.47 -1.00 -1.00 0 123.5 
291.62 -1.00 -1.00 0 123.8 
291.76 -1.00 -1.00 0 123.8 
291.91 -1.00 -1.00 0 123.8 
292.04 -1.00 -1.00 0 123.8 
292.20 -1.00 -1.00 0 123.8 
292.32 -1.00 -1.00 0 123.8 
292.53 -1.00 -1.00 0 123.8 
292.63 -1.00 -1.00 0 124.0 
292.74 -1.00 -1.00 0 124.0 
292.88 -1.00 -1.00 0 124.0 
293.03 -1.00 -1.00 0 124.0 
293.14 -1.00 -1.00 0 124.0 
293.27 -1.00 -1.00 0 124.0 
293.47 -1.00 -1.00 0 124.0 
293.58 -1.00 -1.00 0 125.4 
293.70 -1.00 -1.00 0 125.4 
293.82 -1.00 -1.00 0 125.4 
293.94 -1.00 -1.00 0 125.4 
294.09 -1.00 -1.00 0 125.4 
294.21 -1.00 -1.00 0 125.4 
294.30 -1.00 -1.00 0 125.4 
294.47 -1.00 -1.00 0 125.4 
294.61 -1.00 -1.00 0 125.9 
294.74 -1.00 -1.00 0 125.9 
294.86 -1.00 -1.00 0 125.9 
295.01 -1.00 -1.00 0 125.9 
295.17 -1.00 -1.00 0 125.9 
295.29 -1.00 -1.00 0 125.9 
295.48 -1.00 -1.00 0 125.9 
295.62 -1.00 -1.00 0 126.5 
295.73 -1.00 -1.00 0 126.5 
295.84 -1.00 -1.00 0 126.5 
295.98 -1.00 -1.00 0 126.5 
296.12 -1.00 -1.00 0 126.5 
296.24 -1.00 -1.00 0 126.5 
296.35 -1.00 -1.00 0 126.5 
296.54 -1.00 -1.00 0 126.5 
296.69 -1.00 -1.00 0 128.1 
296.80 -1.00 -1.00 0 128.1 
296.92 -1.00 -1.00 0 128.1 
297.05 -1.00 -1.00 0 128.1 
297.18 -1.00 -1.00 0 128.1 
297.29 -1.00 -1.00 0 128.1 
297.46 -1.00 -1.00 0 128.1 
297.59 -1.00 -1.00 0 124.9 
297.70 -1.00 -1.00 0 124.9 
297.84 -1.00 -1.00 0 124.9 
297.99 -1.00 -1.00 0 124.9 
298.11 -1.00 -1.00 0 124.9 
298.23 -1.00 -1.00 0 124.9 
298.35 -1.00 -1.00 0 124.9 
298.49 -1.00 -1.00 0 124.9 
298.64 -1.00 -1.00 0 124.1 
298.75 -1.00 -1.00 0 124.1 
298.85 -1.00 -1.00 0 124.1 
298.97 -1.00 -1.00 0 124.1 
299.10 -1.00 -1.00 0 124.1 
299.23 -1.00 -1.00 0 124.1 
299.33 -1.00 -1.00 0 124.1 
299.48 -1.00 -1.00 0 124.1 
299.61 -1.00 -1.00 0 123.7 
299.74 -1.00 -1.00 0 123.7 
299.92 -1.00 -1.00 0 123.7 
300.05 -1.00 -1.00 0 123.7 
300.20 -1.00 -1.00 0 123.7 
300.33 -1.00 -1.00 0 123.7 
300.47 -1.00 -1.00 0 123.7 
300.61 -1.00 -1.00 0 120.2 
300.77 -1.00 -1.00 0 120.2 
300.88 -1.00 -1.00 0 120.2 
301.03 -1.00 -1.00 0 120.2 
301.13 -1.00 -1.00 0 120.2 
301.23 -1.00 -1.00 0 120.2 
301.52 -1.00 -1.00 0 120.2 
301.63 -1.00 -1.00 0 119.5 
301.75 -1.00 -1.00 0 119.5 
301.88 -1.00 -1.00 0 119.5 
302.01 -1.00 -1.00 0 119.5 
302.15 -1.00 -1.00 0 119.5 
302.27 -1.00 -1.00 0 119.5 
302.39 -1.00 -1.00 0 119.5 
302.55 -1.00 -1.00 0 119.5 
302.65 -1.00 -1.00 0 117.6 
302.78 -1.00 -1.00 0 117.6 
302.93 -1.00 -1.00 0 117.6 
303.06 -1.00 -1.00 0 117.6 
303.17 -1.00 -1.00 0 117.6 
303.34 -1.00 -1.00 0 117.6 
303.54 -1.00 -1.00 0 117.6 
303.66 -1.00 -1.00 0 116.0 
303.78 -1.00 -1.00 0 116.0 
303.90 -1.00 -1.00 0 116.0 
304.03 -1.00 -1.00 0 116.0 
304.18 -1.00 -1.00 0 116.0 
304.28 -1.00 -1.00 0 116.0 
304.41 -1.00 -1.00 0 116.0 
304.56 -1.00 -1.00 0 115.4 
304.67 -1.00 -1.00 0 115.4 
304.80 -1.00 -1.00 0 115.4 
304.93 -1.00 -1.00 0 115.4 
305.04 -1.00 -1.00 0 115.4 
305.14 -1.00 -1.00 0 115.4 
305.28 -1.00 -1.00 0 115.4 
305.41 -1.00 -1.00 0 115.4 
305.56 -1.00 -1.00 0 115.4 
305.67 -1.00 -1.00 0 114.6 
305.80 -1.00 -1.00 0 114.6 
305.91 -1.00 -1.00 0 114.6 
306.03 -1.00 -1.00 0 114.6 
306.15 -1.00 -1.00 0 114.6 
306.30 -1.00 -1.00 0 114.6 
306.42 -1.00 -1.00 0 114.6 
306.54 -1.00 -1.00 0 114.6 
306.65 -1.00 -1.00 0 114.5 
306.77 -1.00 -1.00 0 114.5 
306.87 -1.00 -1.00 0 114.5 
306.99 -1.00 -1.00 0 114.5 
307.10 -1.00 -1.00 0 114.5 
307.20 -1.00 -1.00 0 114.5 
307.32 -1.00 -1.00 0 114.5 
307.49 -1.00 -1.00 0 114.5 
307.61 -1.00 -1.00 0 114.2 
307.75 -1.00 -1.00 0 114.2 
307.89 -1.00 -1.00 0 114.2 
308.03 -1.00 -1.00 0 114.2 
308.14 -1.00 -1.00 0 114.2 
308.26 -1.00 -1.00 0 114.2 
308.39 -1.00 -1.00 0 114.2 
308.57 -1.00 -1.00 0 114.2 
308.67 -1.00 -1.00 0 114.7 
308.79 -1.00 -1.00 0 114.7 
308.91 -1.00 -1.00 0 114.7 
309.08 -1.00 -1.00 0 114.7 
309.21 -1.00 -1.00 0 114.7 
309.32 -1.00 -1.00 0 114.7 
309.46 -1.00 -1.00 0 114.7 
309.61 -1.00 -1.00 0 114.8 
309.72 -1.00 -1.00 0 114.8 
309.82 -1.00 -1.00 0 114.8 
309.96 -1.00 -1.00 0 114.8 
310.08 -1.00 -1.00 0 114.8 
310.21 -1.00 -1.00 0 114.8 
310.33 -1.00 -1.00 0 114.8 
310.50 -1.00 -1.00 0 114.8 
310.63 -1.00 -1.00 0 115.0 
310.74 -1.00 -1.00 0 115.0 
310.86 -1.00 -1.00 0 115.0 
310.97 -1.00 -1.00 0 115.0 
311.10 -1.00 -1.00 0 115.0 
311.39 -1.00 -1.00 0 115.0 
311.56 -1.00 -1.00 0 115.0 
311.70 -1.00 -1.00 0 114.8 
311.81 -1.00 -1.00 0 114.8 
311.93 -1.00 -1.00 0 114.8 
312.04 -1.00 -1.00 0 114.8 
312.19 -1.00 -1.00 0 114.8 
312.31 -1.00 -1.00 0 114.8 
312.46 -1.00 -1.00 0 114.8 
312.59 -1.00 -1.00 0 115.6 
312.72 -1.00 -1.00 0 115.6 
312.86 -1.00 -1.00 0 115.6 
312.99 -1.00 -1.00 0 115.6 
313.12 -1.00 -1.00 0 115.6 
313.25 -1.00 -1.00 0 115.6 
313.43 -1.00 -1.00 0 115.6 
313.57 -1.00 -1.00 0 115.2 
313.72 -1.00 -1.00 0 115.2 
313.85 -1.00 -1.00 0 115.2 
314.01 -1.00 -1.00 0 115.2 
314.16 -1.00 -1.00 0 115.2 
314.32 -1.00 -1.00 0 115.2 
314.50 -1.00 -1.00 0 115.2 
314.62 -1.00 -1.00 0 114.2 
314.75 -1.00 -1.00 0 114.2 
314.87 -1.00 -1.00 0 114.2 
315.03 -1.00 -1.00 0 114.2 
315.16 -1.00 -1.00 0 114.2 
315.27 -1.00 -1.00 0 114.2 
315.39 -1.00 -1.00 0 114.2 
315.58 -1.00 -1.00 0 114.2 
315.69 -1.00 -1.00 0 113.8 
315.84 -1.00 -1.00 0 113.8 
315.99 -1.00 -1.00 0 113.8 
316.13 -1.00 -1.00 0 113.8 
316.25 -1.00 -1.00 0 113.8 
316.40 -1.00 -1.00 0 113.8 
316.57 -1.00 -1.00 0 113.8 
316.69 -1.00 -1.00 0 113.4 
316.82 -1.00 -1.00 0 113.4 
316.97 -1.00 -1.00 0 113.4 
317.09 -1.00 -1.00 0 113.4 
317.19 -1.00 -1.00 0 113.4 
317.36 -1.00 -1.00 0 113.4 
317.51 -1.00 -1.00 0 113.4 
317.64 -1.00 -1.00 0 113.7 
317.79 -1.00 -1.00 0 113.7 
317.93 -1.00 -1.00 0 113.7 
318.11 -1.00 -1.00 0 113.7 
318.24 -1.00 -1.00 0 113.7 
318.40 -1.00 -1.00 0 113.7 
318.60 -1.00 -1.00 0 114.4 
318.74 -1.00 -1.00 0 114.4 
318.92 -1.00 -1.00 0 114.4 
319.15 -1.00 -1.00 0 114.4 
319.30 -1.00 -1.00 0 114.4 
319.54 -1.00 -1.00 0 114.4 
319.66 -1.00 -1.00 0 114.2 
319.84 -1.00 -1.00 0 114.2 
319.99 -1.00 -1.00 0 114.2 
320.14 -1.00 -1.00 0 114.2 
320.28 -1.00 -1.00 0 114.2 
320.48 -1.00 -1.00 0 114.2 
320.62 -1.00 -1.00 0 114.8 
320.76 -1.00 -1.00 0 114.8 
320.87 -1.00 -1.00 0 114.8 
321.02 -1.00 -1.00 0 114.8 
321.15 -1.00 -1.00 0 114.8 
321.48 -1.00 -1.00 0 114.8 
321.62 -1.00 -1.00 0 114.9 
321.77 -1.00 -1.00 0 114.9 
321.89 -1.00 -1.00 0 114.9 
322.04 -1.00 -1.00 0 114.9 
322.18 -1.00 -1.00 0 114.9 
322.33 -1.00 -1.00 0 114.9 
322.52 -1.00 -1.00 0 114.9 
322.66 -1.00 -1.00 0 115.2 
322.85 -1.00 -1.00 0 115.2 
323.02 -1.00 -1.00 0 115.2 
323.18 -1.00 -1.00 0 115.2 
323.32 -1.00 -1.00 0 115.2 
323.54 -1.00 -1.00 0 115.2 
323.68 -1.00 -1.00 0 115.2 
323.81 -1.00 -1.00 0 115.2 
323.93 -1.00 -1.00 0 115.2 
324.05 -1.00 -1.00 0 115.2 
324.19 -1.00 -1.00 0 115.2 
324.36 -1.00 -1.00 0 115.2 
324.53 -1.00 -1.00 0 115.2 
324.69 -1.00 -1.00 0 115.3 
324.84 -1.00 -1.00 0 115.3 
324.97 -1.00 -1.00 0 115.3 
325.14 -1.00 -1.00 0 115.3 
325.27 -1.00 -1.00 0 115.3 
325.44 -1.00 -1.00 0 115.3 
325.57 -1.00 -1.00 0 116.5 
325.71 -1.00 -1.00 0 116.5 
325.86 -1.00 -1.00 0 116.5 
326.01 -1.00 -1.00 0 116.5 
326.17 -1.00 -1.00 0 116.5 
326.33 -1.00 -1.00 0 116.5 
326.54 -1.00 -1.00 0 116.5 
326.66 -1.00 -1.00 0 115.8 
326.84 -1.00 -1.00 1 115.8 
326.99 -1.00 -1.00 0 115.8 
327.14 -1.00 -1.00 0 115.8 
327.32 -1.00 -1.00 0 115.8 
327.54 -1.00 -1.00 0 115.8 
327.71 -1.00 -1.00 0 117.5 
327.84 -1.00 -1.00 1 117.5 
327.97 -1.00 -1.00 1 117.5 
328.19 -1.00 -1.00 0 117.5 
328.32 -1.00 -1.00 0 117.5 
328.52 -1.00 -1.00 0 117.5 
328.66 -1.00 -1.00 0 118.2 
328.82 -1.00 -1.00 0 118.2 
328.98 -1.00 -1.00 0 118.2 
329.11 -1.00 -1.00 0 118.2 
329.24 -1.00 -1.00 0 118.2 
329.44 -1.00 -1.00 1 118.2 
329.61 -1.00 -1.00 0 118.1 
329.73 -1.00 -1.00 0 118.1 
329.85 -1.00 -1.00 0 118.1 
330.02 -1.00 -1.00 0 118.1 
330.16 -1.00 -1.00 0 118.1 
330.32 -1.00 -1.00 0 118.1 
330.46 -1.00 -1.00 0 118.1 
330.61 -1.00 -1.00 0 112.2 
330.73 -1.00 -1.00 0 112.2 
330.86 -1.00 -1.00 0 112.2 
331.01 -1.00 -1.00 0 112.2 
331.17 -1.00 -1.00 0 112.2 
331.30 -1.00 -1.00 0 112.2 
331.45 -1.00 -1.00 0 112.2 
331.59 -1.00 -1.00 0 108.2 
331.75 -1.00 -1.00 0 108.2 
331.87 -1.00 -1.00 0 108.2 
332.04 -1.00 -1.00 0 108.2 
332.16 -1.00 -1.00 0 108.2 
332.29 -1.00 -1.00 0 108.2 
332.48 -1.00 -1.00 0 108.2 
332.64 -1.00 -1.00 0 107.5 
332.77 -1.00 -1.00 0 107.5 
332.98 -1.00 -1.00 0 107.5 
333.12 -1.00 -1.00 0 107.5 
333.28 -1.00 -1.00 0 107.5 
333.52 -1.00 -1.00 0 107.5 
333.64 -1.00 -1.00 0 109.0 
333.81 -1.00 -1.00 0 109.0 
333.99 -1.00 -1.00 0 109.0 
334.16 -1.00 -1.00 0 109.0 
334.29 -1.00 -1.00 0 109.0 
334.44 -1.00 -1.00 0 109.0 
334.56 -1.00 -1.00 0 108.5 
334.74 -1.00 -1.00 0 108.5 
334.91 -1.00 -1.00 0 108.5 
335.03 -1.00 -1.00 0 108.5 
335.19 -1.00 -1.00 0 108.5 
335.30 -1.00 -1.00 0 108.5 
335.48 -1.00 -1.00 0 108.5 
335.63 -1.00 -1.00 0 110.6 
335.79 -1.00 -1.00 0 110.6 
335.96 -1.00 -1.00 0 110.6 
336.10 -1.00 -1.00 0 110.6 
336.29 -1.00 -1.00 0 110.6 
336.43 -1.00 -1.00 0 110.6 
336.60 -1.00 -1.00 0 111.5 
336.76 -1.00 -1.00 0 111.5 
336.88 -1.00 -1.00 0 111.5 
337.00 -1.00 -1.00 0 111.5 
337.14 -1.00 -1.00 0 111.5 
337.31 -1.00 -1.00 0 111.5 
337.47 -1.00 -1.00 0 111.5 
337.62 -1.00 -1.00 0 112.1 
337.80 -1.00 -1.00 0 112.1 
337.93 -1.00 -1.00 0 112.1 
338.05 -1.00 -1.00 0 112.1 
338.22 -1.00 -1.00 0 112.1 
338.37 -1.00 -1.00 0 112.1 
338.57 -1.00 -1.00 0 112.1 
338.74 -1.00 -1.00 0 113.3 
338.92 -1.00 -1.00 0 113.3 
339.08 -1.00 -1.00 0 113.3 
339.20 -1.00 -1.00 0 113.3 
339.33 -1.00 -1.00 0 113.3 
339.54 -1.00 -1.00 0 113.3 
339.71 -1.00 -1.00 0 113.7 
339.85 -1.00 -1.00 0 113.7 
340.02 -1.00 -1.00 0 113.7 
340.15 -1.00 -1.00 0 113.7 
340.34 -1.00 -1.00 0 113.7 
340.56 -1.00 -1.00 0 113.7 
340.71 -1.00 -1.00 0 114.5 
340.88 -1.00 -1.00 0 114.5 
341.01 -1.00 -1.00 0 114.5 
341.43 -1.00 -1.00 0 114.5 
341.60 -1.00 -1.00 0 116.9 
341.77 -1.00 -1.00 0 116.9 
341.95 -1.00 -1.00 0 116.9 
342.08 -1.00 -1.00 0 116.9 
342.26 -1.00 -1.00 0 116.9 
342.38 -1.00 -1.00 0 116.9 
342.56 -1.00 -1.00 0 116.9 
342.71 -1.00 -1.00 0 116.7 
342.85 -1.00 -1.00 0 116.7 
342.96 -1.00 -1.00 1 116.7 
343.11 -1.00 -1.00 1 116.7 
343.27 -1.00 -1.00 1 116.7 
343.45 -1.00 -1.00 1 116.7 
343.63 -1.00 -1.00 1 117.0 
343.78 -1.00 -1.00 1 117.0 
343.91 -1.00 -1.00 0 117.0 
344.04 -1.00 -1.00 0 117.0 
344.17 -1.00 -1.00 0 117.0 
344.31 -1.00 -1.00 0 117.0 
344.50 -1.00 -1.00 0 117.0 
344.62 -1.00 -1.00 0 118.4 
344.77 -1.00 -1.00 0 118.4 
344.93 -1.00 -1.00 0 118.4 
345.11 -1.00 -1.00 0 118.4 
345.25 -1.00 -1.00 0 118.4 
345.44 -1.00 -1.00 0 118.4 
345.62 -1.00 -1.00 0 116.9 
345.75 -1.00 -1.00 0 116.9 
345.92 -1.00 -1.00 0 116.9 
346.05 -1.00 -1.00 0 116.9 
346.22 -1.00 -1.00 0 116.9 
346.45 -1.00 -1.00 0 116.9 
346.65 -1.00 -1.00 0 117.2 
346.88 -1.00 -1.00 0 117.2 
347.04 -1.00 -1.00 0 117.2 
347.29 -1.00 -1.00 0 117.2 
347.42 -1.00 -1.00 0 117.2 
347.57 -1.00 -1.00 0 117.2 
347.71 -1.00 -1.00 0 120.5 
347.88 -1.00 -1.00 0 120.5 
348.08 -1.00 -1.00 0 120.5 
348.23 -1.00 -1.00 0 120.5 
348.47 -1.00 -1.00 0 120.5 
348.69 -1.00 -1.00 0 119.4 
348.86 -1.00 -1.00 0 119.4 
349.00 -1.00 -1.00 0 119.4 
349.15 -1.00 -1.00 0 119.4 
349.31 -1.00 -1.00 0 119.4 
349.58 -1.00 -1.00 0 119.4 
349.80 -1.00 -1.00 0 119.3 
350.00 -1.00 -1.00 0 119.3 
350.21 -1.00 -1.00 0 119.3 
350.49 -1.00 -1.00 0 119.3 
350.64 -1.00 -1.00 0 119.7 
350.81 -1.00 -1.00 0 119.7 
351.04 -1.00 -1.00 0 119.7 
351.46 -1.00 -1.00 0 119.7 
351.69 -1.00 -1.00 0 121.0 
351.83 -1.00 -1.00 0 121.0 
352.02 -1.00 -1.00 0 121.0 
352.25 -1.00 -1.00 0 121.0 
352.50 -1.00 -1.00 0 121.0 
352.69 -1.00 -1.00 0 121.9 
352.87 -1.00 -1.00 0 121.9 
353.07 -1.00 -1.00 0 121.9 
353.30 -1.00 -1.00 0 121.9 
353.53 -1.00 -1.00 0 121.9 
353.65 -1.00 -1.00 0 122.8 
353.79 -1.00 -1.00 0 122.8 
353.95 -1.00 -1.00 0 122.8 
354.17 -1.00 -1.00 0 122.8 
354.33 -1.00 -1.00 0 122.8 
354.50 -1.00 -1.00 0 122.8 
354.66 -1.00 -1.00 0 122.0 
354.82 -1.00 -1.00 0 122.0 
355.01 -1.00 -1.00 0 122.0 
355.22 -1.00 -1.00 0 122.0 
355.38 -1.00 -1.00 0 122.0 
355.55 -1.00 -1.00 0 121.4 
355.70 -1.00 -1.00 0 121.4 
355.89 -1.00 -1.00 0 121.4 
356.04 -1.00 -1.00 0 121.4 
356.23 -1.00 -1.00 0 121.4 
356.40 -1.00 -1.00 0 121.4 
356.58 -1.00 -1.00 0 121.3 
356.78 -1.00 -1.00 0 121.3 
357.00 -1.00 -1.00 0 121.3 
357.21 -1.00 -1.00 0 121.3 
357.39 -1.00 -1.00 0 121.3 
357.60 -1.00 -1.00 0 121.3 
357.78 -1.00 -1.00 0 121.7 
357.98 -1.00 -1.00 0 121.7 
358.15 -1.00 -1.00 0 121.7 
358.35 -1.00 -1.00 0 121.7 
358.60 -1.00 -1.00 0 121.7 
358.73 -1.00 -1.00 0 123.6 
358.93 -1.00 -1.00 0 123.6 
359.10 -1.00 -1.00 0 123.6 
359.29 -1.00 -1.00 0 123.6 
359.46 -1.00 -1.00 0 123.6 
359.62 -1.00 -1.00 0 124.6 
359.80 -1.00 -1.00 0 124.6 
359.92 -1.00 -1.00 0 124.6 
360.08 -1.00 -1.00 0 124.6 
360.26 -1.00 -1.00 0 124.6 
360.47 -1.00 -1.00 0 124.6 
360.63 -1.00 -1.00 0 125.2 
360.79 -1.00 -1.00 0 125.2 
360.93 -1.00 -1.00 0 125.2 
361.15 -1.00 -1.00 0 125.2 
361.56 -1.00 -1.00 0 125.2 
361.75 -1.00 -1.00 0 125.1 
361.97 -1.00 -1.00 0 125.1 
362.15 -1.00 -1.00 0 125.1 
362.36 -1.00 -1.00 0 125.1 
362.52 -1.00 -1.00 0 125.1 
362.71 -1.00 -1.00 0 122.1 
362.91 -1.00 -1.00 0 122.1 
363.07 -1.00 -1.00 0 122.1 
363.27 -1.00 -1.00 0 122.1 
363.49 -1.00 -1.00 0 122.1 
363.69 -1.00 -1.00 0 121.9 
363.88 -1.00 -1.00 0 121.9 
364.01 -1.00 -1.00 0 121.9 
364.22 -1.00 -1.00 0 121.9 
364.38 -1.00 -1.00 0 121.9 
364.59 -1.00 -1.00 0 121.9 
364.76 -1.00 -1.00 0 121.3 
364.94 -1.00 -1.00 0 121.3 
365.16 -1.00 -1.00 0 121.3 
365.31 -1.00 -1.00 0 121.3 
365.55 -1.00 -1.00 0 121.3 
365.75 -1.00 -1.00 0 118.4 
365.95 -1.00 -1.00 0 118.4 
366.12 -1.00 -1.00 0 118.4 
366.26 -1.00 -1.00 0 118.4 
366.41 -1.00 -1.00 0 118.4 
366.61 -1.00 -1.00 0 118.4 
366.75 -1.00 -1.00 0 118.8 
366.92 -1.00 -1.00 0 118.8 
367.12 -1.00 -1.00 0 118.8 
367.33 -1.00 -1.00 0 118.8 
367.53 -1.00 -1.00 0 118.8 
367.69 -1.00 -1.00 0 114.1 
367.91 -1.00 -1.00 0 114.1 
368.12 -1.00 -1.00 0 114.1 
368.31 -1.00 -1.00 0 114.1 
368.54 -1.00 -1.00 0 114.1 
368.68 -1.00 -1.00 0 114.5 
368.85 -1.00 -1.00 0 114.5 
369.00 -1.00 -1.00 0 114.5 
369.15 -1.00 -1.00 0 114.5 
369.41 -1.00 -1.00 0 114.5 
369.61 -1.00 -1.00 0 114.8 
369.79 -1.00 -1.00 0 114.8 
369.97 -1.00 -1.00 0 114.8 
370.10 -1.00 -1.00 0 114.8 
370.28 -1.00 -1.00 0 114.8 
370.51 -1.00 -1.00 0 114.8 
370.68 -1.00 -1.00 0 115.6 
370.90 -1.00 -1.00 0 115.6 
371.13 -1.00 -1.00 0 115.6 
371.52 -1.00 -1.00 0 115.6 
371.75 -1.00 -1.00 0 116.8 
371.92 -1.00 -1.00 0 116.8 
372.13 -1.00 -1.00 0 116.8 
372.28 -1.00 -1.00 0 116.8 
372.50 -1.00 -1.00 0 116.8 
372.72 -1.00 -1.00 0 117.6 
372.96 -1.00 -1.00 0 117.6 
373.12 -1.00 -1.00 0 117.6 
373.37 -1.00 -1.00 0 117.6 
373.56 -1.00 -1.00 0 117.6 
373.80 -1.00 -1.00 0 118.8 
374.05 -1.00 -1.00 0 118.8 
374.24 -1.00 -1.00 0 118.8 
374.46 -1.00 -1.00 0 118.8 
374.69 -1.00 -1.00 0 115.9 
374.88 -1.00 -1.00 0 115.9 
375.13 -1.00 -1.00 0 115.9 
375.45 -1.00 -1.00 0 115.9 
375.79 -1.00 -1.00 0 113.2 
375.95 -1.00 -1.00 0 113.2 
376.16 -1.00 -1.00 0 113.2 
376.31 -1.00 -1.00 0 113.2 
376.59 -1.00 -1.00 0 113.2 
376.77 -1.00 -1.00 0 114.5 
377.29 -1.00 -1.00 0 114.5 
377.53 -1.00 -1.00 0 114.5 
377.97 -1.00 -1.00 0 114.8 
378.54 -1.00 -1.00 0 114.8 
378.99 -1.00 -1.00 0 115.8 
379.53 -1.00 -1.00 0 115.8 
379.97 -1.00 -1.00 0 116.6 
380.39 -1.00 -1.00 0 116.6 
380.91 -1.00 -1.00 0 116.6 
381.58 -1.00 -1.00 0 116.5 
381.81 -1.00 -1.00 0 117.3 
382.02 -1.00 -1.00 0 117.3 
382.24 -1.00 -1.00 0 117.3 
382.52 -1.00 -1.00 0 117.3 
382.72 -1.00 -1.00 0 117.5 
382.93 -1.00 -1.00 0 117.5 
383.15 -1.00 -1.00 0 117.5 
383.44 -1.00 -1.00 0 117.5 
383.65 -1.00 -1.00 0 118.1 
383.91 -1.00 -1.00 0 118.1 
384.11 -1.00 -1.00 0 118.1 
384.35 -1.00 -1.00 0 118.1 
384.61 -1.00 -1.00 0 118.1 
384.77 -1.00 -1.00 0 118.0 
384.98 -1.00 -1.00 0 118.0 
385.20 -1.00 -1.00 0 118.0 
385.46 -1.00 -1.00 0 118.0 
385.66 -1.00 -1.00 0 116.4 
385.87 -1.00 -1.00 0 116.4 
386.03 -1.00 -1.00 0 116.4 
386.21 -1.00 -1.00 0 116.4 
386.44 -1.00 -1.00 0 116.4 
386.61 -1.00 -1.00 0 116.5 
386.82 -1.00 -1.00 0 116.5 
387.02 -1.00 -1.00 0 116.5 
387.22 -1.00 -1.00 0 116.5 
387.44 -1.00 -1.00 0 116.5 
387.62 -1.00 -1.00 0 114.6 
387.81 -1.00 -1.00 0 114.6 
387.99 -1.00 -1.00 0 114.6 
388.20 -1.00 -1.00 0 114.6 
388.39 -1.00 -1.00 0 114.6 
388.60 -1.00 -1.00 0 114.6 
388.78 -1.00 -1.00 0 114.0 
389.03 -1.00 -1.00 0 114.0 
389.26 -1.00 -1.00 0 114.0 
389.51 -1.00 -1.00 0 114.0 
389.66 -1.00 -1.00 0 114.6 
389.86 -1.00 -1.00 0 114.6 
390.06 -1.00 -1.00 0 114.6 
390.27 -1.00 -1.00 0 114.6 
390.59 -1.00 -1.00 0 114.6 
390.83 -1.00 -1.00 0 114.8 
391.09 -1.00 -1.00 0 114.8 
391.56 -1.00 -1.00 0 114.8 
391.77 -1.00 -1.00 0 116.5 
392.07 -1.00 -1.00 0 116.5 
392.40 -1.00 -1.00 0 116.5 
392.62 -1.00 -1.00 0 118.3 
392.93 -1.00 -1.00 0 118.3 
393.13 -1.00 -1.00 0 118.3 
393.49 -1.00 -1.00 0 118.3 
393.75 -1.00 -1.00 0 117.9 
393.96 -1.00 -1.00 0 117.9 
394.18 -1.00 -1.00 0 117.9 
394.45 -1.00 -1.00 0 117.9 
394.77 -1.00 -1.00 0 115.6 
394.97 -1.00 -1.00 0 115.6 
395.29 -1.00 -1.00 0 115.6 
395.56 -1.00 -1.00 0 115.6 
395.86 -1.00 -1.00 0 114.4 
396.13 -1.00 -1.00 0 114.4 
396.37 -1.00 -1.00 0 114.4 
396.59 -1.00 -1.00 0 114.4 
396.80 -1.00 -1.00 0 113.1 
397.06 -1.00 -1.00 0 113.1 
397.26 -1.00 -1.00 0 113.1 
397.54 -1.00 -1.00 0 113.1 
397.74 -1.00 -1.00 0 113.0 
397.95 -1.00 -1.00 0 113.0 
398.15 -1.00 -1.00 0 113.0 
398.43 -1.00 -1.00 0 113.0 
398.64 -1.00 -1.00 0 111.9 
398.86 -1.00 -1.00 0 111.9 
399.08 -1.00 -1.00 0 111.9 
399.33 -1.00 -1.00 0 111.9 
399.61 -1.00 -1.00 0 111.9 
399.80 -1.00 -1.00 0 111.3 
400.04 -1.00 -1.00 0 111.3 
400.26 -1.00 -1.00 0 111.3 
400.54 -1.00 -1.00 0 111.3 
400.77 -1.00 -1.00 0 110.6 
401.00 -1.00 -1.00 0 110.6 
401.47 -1.00 -1.00 0 110.6 
401.69 -1.00 -1.00 0 109.8 
401.95 -1.00 -1.00 0 109.8 
402.18 -1.00 -1.00 0 109.8 
402.36 -1.00 -1.00 0 109.8 
402.62 -1.00 -1.00 0 109.8 
402.82 -1.00 -1.00 0 109.3 
403.04 -1.00 -1.00 0 109.3 
403.28 -1.00 -1.00 0 109.3 
403.53 -1.00 -1.00 0 109.3 
403.83 -1.00 -1.00 0 108.1 
404.03 -1.00 -1.00 0 108.1 
404.26 -1.00 -1.00 0 108.1 
404.54 -1.00 -1.00 0 108.1 
404.82 -1.00 -1.00 0 107.1 
405.09 -1.00 -1.00 0 107.1 
405.44 -1.00 -1.00 0 107.1 
405.70 -1.00 -1.00 0 107.0 
405.96 -1.00 -1.00 0 107.0 
406.26 -1.00 -1.00 0 107.0 
406.59 -1.00 -1.00 0 107.0 
406.83 -1.00 -1.00 0 106.6 
407.12 -1.00 -1.00 0 106.6 
407.32 -1.00 -1.00 0 106.6 
407.53 -1.00 -1.00 0 106.6 
407.77 -1.00 -1.00 0 106.2 
408.06 -1.00 -1.00 0 106.2 
408.32 -1.00 -1.00 0 106.2 
408.60 -1.00 -1.00 0 106.2 
408.89 -1.00 -1.00 0 106.3 
409.13 -1.00 -1.00 0 106.3 
409.34 -1.00 -1.00 0 106.3 
409.64 -1.00 -1.00 0 106.3 
409.86 -1.00 -1.00 0 106.2 
410.08 -1.00 -1.00 0 106.2 
410.26 -1.00 -1.00 0 106.2 
410.60 -1.00 -1.00 0 106.2 
410.86 -1.00 -1.00 0 105.4 
411.14 -1.00 -1.00 0 105.4 
411.70 -1.00 -1.00 0 105.2 
411.97 -1.00 -1.00 0 105.2 
412.24 -1.00 -1.00 0 105.2 
412.50 -1.00 -1.00 0 105.2 
412.79 -1.00 -1.00 0 104.7 
413.04 -1.00 -1.00 0 104.7 
413.24 -1.00 -1.00 0 104.7 
413.60 -1.00 -1.00 0 104.7 
413.81 -1.00 -1.00 0 104.1 
413.99 -1.00 -1.00 0 104.1 
414.26 -1.00 -1.00 0 104.1 
414.59 -1.00 -1.00 0 104.1 
414.82 -1.00 -1.00 0 103.2 
415.11 -1.00 -1.00 0 103.2 
415.44 -1.00 -1.00 0 103.2 
415.72 -1.00 -1.00 0 103.6 
415.93 -1.00 -1.00 0 103.6 
416.22 -1.00 -1.00 0 103.6 
416.48 -1.00 -1.00 0 103.6 
416.78 -1.00 -1.00 0 104.5 
417.03 -1.00 -1.00 0 104.5 
417.29 -1.00 -1.00 0 104.5 
417.62 -1.00 -1.00 0 104.5 
417.91 -1.00 -1.00 0 103.9 
418.22 -1.00 -1.00 0 103.9 
418.63 -1.00 -1.00 0 103.9 
418.91 -1.00 -1.00 0 106.0 
419.17 -1.00 -1.00 0 106.0 
419.53 -1.00 -1.00 0 106.0 
419.80 -1.00 -1.00 0 106.9 
420.12 -1.00 -1.00 0 106.9 
420.55 -1.00 -1.00 0 106.9 
420.81 -1.00 -1.00 0 107.2 
421.05 -1.00 -1.00 0 107.2 
421.61 -1.00 -1.00 0 107.2 
421.87 -1.00 -1.00 0 108.9 
422.08 -1.00 -1.00 0 108.9 
422.35 -1.00 -1.00 0 108.9 
422.71 -1.00 -1.00 0 108.9 
422.97 -1.00 -1.00 0 109.2 
423.19 -1.00 -1.00 0 109.2 
423.50 -1.00 -1.00 0 109.2 
423.75 -1.00 -1.00 0 110.7 
424.01 -1.00 -1.00 0 110.7 
424.28 -1.00 -1.00 0 110.7 
424.61 -1.00 -1.00 0 110.7 
424.81 -1.00 -1.00 0 111.9 
425.03 -1.00 -1.00 0 111.9 
425.33 -1.00 -1.00 0 111.9 
425.75 -1.00 -1.00 0 111.9 
425.94 -1.00 -1.00 0 113.3 
426.18 -1.00 -1.00 0 113.3 
426.52 -1.00 -1.00 0 113.3 
426.82 -1.00 -1.00 0 115.0 
427.10 -1.00 -1.00 0 115.0 
427.42 -1.00 -1.00 0 115.0 
427.64 -1.00 -1.00 0 116.8 
427.93 -1.00 -1.00 0 116.8 
428.17 -1.00 -1.00 0 116.8 
428.55 -1.00 -1.00 0 116.8 
428.80 -1.00 -1.00 0 117.1 
429.12 -1.00 -1.00 0 117.1 
429.30 -1.00 -1.00 0 117.1 
429.58 -1.00 -1.00 0 117.1 
429.81 -1.00 -1.00 0 120.1 
430.05 -1.00 -1.00 0 120.1 
430.33 -1.00 -1.00 0 120.1 
430.69 -1.00 -1.00 0 120.1 
430.87 -1.00 -1.00 0 121.3 
431.10 -1.00 -1.00 0 121.3 
431.40 -1.00 -1.00 0 121.3 
431.70 -1.00 -1.00 0 123.4 
431.96 -1.00 -1.00 0 123.4 
432.24 -1.00 -1.00 0 123.4 
432.49 -1.00 -1.00 0 123.4 
432.75 -1.00 -1.00 0 125.3 
433.05 -1.00 -1.00 0 125.3 
433.24 -1.00 -1.00 0 125.3 
433.59 -1.00 -1.00 0 125.3 
433.92 -1.00 -1.00 0 126.1 
434.19 -1.00 -1.00 0 126.1 
434.51 -1.00 -1.00 0 126.1 
434.84 -1.00 -1.00 0 126.9 
435.06 -1.00 -1.00 0 126.9 
435.35 -1.00 -1.00 0 126.9 
435.75 -1.00 -1.00 0 126.9 
436.03 -1.00 -1.00 0 127.0 
436.32 -1.00 -1.00 0 127.0 
436.61 -1.00 -1.00 0 127.0 
436.89 -1.00 -1.00 0 127.3 
437.14 -1.00 -1.00 0 127.3 
437.39 -1.00 -1.00 0 127.3 
437.69 -1.00 -1.00 0 127.3 
437.97 -1.00 -1.00 0 127.0 
438.26 -1.00 -1.00 0 127.0 
438.52 -1.00 -1.00 0 127.0 
438.81 -1.00 -1.00 0 126.6 
439.02 -1.00 -1.00 0 126.6 
439.28 -1.00 -1.00 0 126.6 
439.59 -1.00 -1.00 0 126.6 
439.77 -1.00 -1.00 0 128.8 
440.03 -1.00 -1.00 0 128.8 
440.25 -1.00 -1.00 0 128.8 
440.47 -1.00 -1.00 0 128.8 
440.68 -1.00 -1.00 0 127.4 
440.86 -1.00 -1.00 0 127.4 
441.06 -1.00 -1.00 0 127.4 
441.31 -1.00 -1.00 0 127.4 
441.59 -1.00 -1.00 0 127.4 
441.74 -1.00 -1.00 0 127.9 
441.95 -1.00 -1.00 0 127.9 
442.21 -1.00 -1.00 0 127.9 
442.45 -1.00 -1.00 0 127.9 
442.69 -1.00 -1.00 0 127.9 
442.96 -1.00 -1.00 0 127.9 
443.13 -1.00 -1.00 0 127.9 
443.33 -1.00 -1.00 0 127.9 
443.57 -1.00 -1.00 0 127.9 
443.75 -1.00 -1.00 0 128.6 
443.96 -1.00 -1.00 0 128.6 
444.15 -1.00 -1.00 0 128.6 
444.33 -1.00 -1.00 0 128.6 
444.63 -1.00 -1.00 0 128.6 
444.84 -1.00 -1.00 0 129.1 
445.05 -1.00 -1.00 0 129.1 
445.31 -1.00 -1.00 0 129.1 
445.56 -1.00 -1.00 0 129.1 
445.76 -1.00 -1.00 0 129.1 
446.00 -1.00 -1.00 0 129.1 
446.27 -1.00 -1.00 0 129.1 
446.53 -1.00 -1.00 0 129.1 
446.79 -1.00 -1.00 0 130.1 
447.02 -1.00 -1.00 0 130.1 
447.27 -1.00 -1.00 0 130.1 
447.55 -1.00 -1.00 0 130.1 
447.75 -1.00 -1.00 0 130.4 
448.03 -1.00 -1.00 0 130.4 
448.25 -1.00 -1.00 0 130.4 
448.51 -1.00 -1.00 0 130.4 
448.79 -1.00 -1.00 0 131.0 
449.04 -1.00 -1.00 0 131.0 
449.23 -1.00 -1.00 0 131.0 
449.53 -1.00 -1.00 0 131.0 
449.74 -1.00 -1.00 0 131.7 
449.97 -1.00 -1.00 0 131.7 
450.27 -1.00 -1.00 0 131.7 
450.52 -1.00 -1.00 0 131.7 
450.80 -1.00 -1.00 0 132.0 
451.06 -1.00 -1.00 0 132.0 
451.60 -1.00 -1.00 0 132.0 
451.82 -1.00 -1.00 0 132.5 
452.01 -1.00 -1.00 0 132.5 
452.31 -1.00 -1.00 0 132.5 
452.59 -1.00 -1.00 0 132.5 
452.89 -1.00 -1.00 0 132.7 
453.16 -1.00 -1.00 0 132.7 
453.34 -1.00 -1.00 0 132.7 
453.64 -1.00 -1.00 0 132.7 
453.90 -1.00 -1.00 0 132.6 
454.14 -1.00 -1.00 0 132.6 
454.42 -1.00 -1.00 0 132.6 
454.69 -1.00 -1.00 0 131.2 
454.94 -1.00 -1.00 0 131.2 
455.10 -1.00 -1.00 0 131.2 
455.36 -1.00 -1.00 0 131.2 
455.65 -1.00 -1.00 0 131.2 
455.90 -1.00 -1.00 0 129.3 
456.15 -1.00 -1.00 1 129.3 
456.43 -1.00 -1.00 1 129.3 
456.59 -1.00 -1.00 0 128.6 
456.83 -1.00 -1.00 0 128.6 
457.05 -1.00 -1.00 0 128.6 
457.29 -1.00 -1.00 0 128.6 
457.67 -1.00 -1.00 0 128.6 
457.93 -1.00 -1.00 0 128.2 
458.16 -1.00 -1.00 0 128.2 
458.43 -1.00 -1.00 0 128.2 
458.66 -1.00 -1.00 0 128.4 
458.88 -1.00 -1.00 0 128.4 
459.14 -1.00 -1.00 0 128.4 
459.48 -1.00 -1.00 0 128.4 
459.69 -1.00 -1.00 0 128.1 
459.95 -1.00 -1.00 0 128.1 
460.24 -1.00 -1.00 0 128.1 
460.54 -1.00 -1.00 0 128.1 
460.78 -1.00 -1.00 0 127.6 
461.01 -1.00 -1.00 0 127.6 
461.57 -1.00 -1.00 0 127.6 
461.89 -1.00 -1.00 0 127.1 
462.12 -1.00 -1.00 0 127.1 
462.37 -1.00 -1.00 0 127.1 
462.65 -1.00 -1.00 0 127.1 
462.89 -1.00 -1.00 0 126.7 
463.09 -1.00 -1.00 0 126.7 
463.35 -1.00 -1.00 0 126.7 
463.73 -1.00 -1.00 0 126.3 
463.94 -1.00 -1.00 0 126.3 
464.22 -1.00 -1.00 0 126.3 
464.50 -1.00 -1.00 0 126.3 
464.78 -1.00 -1.00 0 126.5 
465.02 -1.00 -1.00 0 126.5 
465.31 -1.00 -1.00 0 126.5 
465.65 -1.00 -1.00 0 126.5 
465.89 -1.00 -1.00 0 126.2 
466.17 -1.00 -1.00 0 126.2 
466.50 -1.00 -1.00 0 126.2 
466.74 -1.00 -1.00 0 126.1 
466.99 -1.00 -1.00 0 126.1 
467.23 -1.00 -1.00 0 126.1 
467.54 -1.00 -1.00 0 126.1 
467.82 -1.00 -1.00 0 126.4 
468.08 -1.00 -1.00 0 126.4 
468.35 -1.00 -1.00 0 126.4 
468.59 -1.00 -1.00 0 126.4 
468.82 -1.00 -1.00 0 126.5 
469.11 -1.00 -1.00 0 126.5 
469.28 -1.00 -1.00 0 126.5 
469.54 -1.00 -1.00 0 126.5 
469.81 -1.00 -1.00 0 126.8 
470.02 -1.00 -1.00 0 126.8 
470.34 -1.00 -1.00 0 126.8 
470.62 -1.00 -1.00 0 126.8 
470.82 -1.00 -1.00 0 126.7 
471.06 -1.00 -1.00 0 126.7 
471.55 -1.00 -1.00 0 126.7 
471.83 -1.00 -1.00 0 126.7 
472.11 -1.00 -1.00 0 126.7 
472.42 -1.00 -1.00 0 126.7 
472.63 -1.00 -1.00 0 124.5 
472.88 -1.00 -1.00 0 124.5 
473.07 -1.00 -1.00 0 124.5 
473.31 -1.00 -1.00 0 124.5 
473.58 -1.00 -1.00 0 124.5 
473.87 -1.00 -1.00 0 127.4 
474.10 -1.00 -1.00 0 127.4 
474.47 -1.00 -1.00 0 127.4 
474.75 -1.00 -1.00 0 127.4 
474.95 -1.00 -1.00 0 127.4 
475.22 -1.00 -1.00 0 127.4 
475.55 -1.00 -1.00 0 127.4 
475.76 -1.00 -1.00 0 127.8 
476.03 -1.00 -1.00 0 127.8 
476.29 -1.00 -1.00 0 127.8 
476.58 -1.00 -1.00 0 127.8 
476.84 -1.00 -1.00 0 128.3 
477.16 -1.00 -1.00 0 128.3 
477.46 -1.00 -1.00 0 128.3 
477.83 -1.00 -1.00 0 122.8 
478.12 -1.00 -1.00 0 122.8 
478.30 -1.00 -1.00 0 122.8 
478.56 -1.00 -1.00 0 122.8 
478.79 -1.00 -1.00 0 120.5 
479.06 -1.00 -1.00 0 120.5 
479.30 -1.00 -1.00 0 120.5 
479.65 -1.00 -1.00 0 120.5 
479.88 -1.00 -1.00 0 115.6 
480.19 -1.00 -1.00 0 115.6 
480.46 -1.00 -1.00 0 115.6 
480.74 30.34 1.00 1 108.9 
481.02 30.12 1.00 1 108.9 
481.56 29.25 0.97 1 108.9 
481.83 28.40 0.99 1 103.4 
482.11 27.42 0.96 1 103.4 
482.32 26.30 0.92 1 103.4 
482.68 25.31 0.88 1 103.4 
483.00 24.13 0.85 1 102.5 
483.25 23.17 0.81 1 102.5 
483.54 22.02 0.77 1 102.5 
483.79 20.94 0.76 1 99.6 
484.05 19.92 0.72 1 99.6 
484.33 18.71 0.68 1 99.6 
484.62 17.61 0.64 1 99.6 
484.84 16.65 0.61 1 98.4 
485.14 15.96 0.58 1 98.4 
485.45 15.25 0.56 1 98.4 
485.73 14.62 0.54 1 97.1 
485.94 13.91 0.52 1 97.1 
486.21 13.38 0.50 1 97.1 
486.54 12.95 0.48 1 97.1 
486.83 12.44 0.47 1 95.2 
487.06 11.99 0.45 1 95.2 
487.35 11.65 0.44 1 95.2 
487.85 11.49 0.43 1 95.2 
488.34 11.17 0.43 1 93.7 
488.67 10.90 0.42 1 93.7 
488.96 10.65 0.42 1 91.8 
489.27 10.26 0.40 1 91.8 
489.68 10.08 0.40 1 91.8 
489.97 9.90 0.39 1 91.3 
490.29 9.95 0.39 1 91.3 
490.61 9.89 0.39 1 91.3 
490.93 9.68 0.39 1 89.2 
491.65 9.57 0.39 1 89.2 
491.95 9.57 0.40 1 86.8 
492.17 9.53 0.40 1 86.8 
492.49 9.51 0.39 1 86.8 
492.81 9.55 0.40 1 85.1 
493.10 9.95 0.42 1 85.1 
493.44 9.88 0.42 1 85.1 
493.79 9.95 0.43 1 83.6 
494.04 9.95 0.43 1 83.6 
494.42 9.95 0.43 1 83.6 
494.65 9.96 0.43 1 83.4 
494.95 10.09 0.44 1 83.4 
495.26 10.30 0.44 1 83.4 
495.56 10.28 0.44 1 83.4 
495.80 10.27 0.45 1 82.9 
496.09 10.38 0.45 1 82.9 
496.39 10.46 0.45 1 82.9 
496.76 10.47 0.45 1 82.9 
496.97 10.54 0.45 1 84.3 
497.30 10.59 0.45 1 84.3 
497.67 10.63 0.45 1 84.3 
498.08 10.78 0.45 1 85.7 
498.38 10.72 0.45 1 85.7 
498.71 10.79 0.45 1 85.7 
499.01 10.90 0.45 1 88.0 
499.31 10.81 0.44 1 88.0 
499.71 10.86 0.44 1 88.0 
500.02 10.74 0.43 1 90.6 
500.32 10.58 0.42 1 90.6 
500.68 10.47 0.42 1 90.6 
500.97 10.44 0.41 1 91.8 
501.65 9.97 0.39 1 91.8 
501.84 9.82 0.39 1 90.5 
502.09 9.66 0.38 1 90.5 
502.34 9.59 0.38 1 90.5 
502.69 9.64 0.38 1 90.5 
502.97 9.60 0.39 1 88.0 
503.28 9.56 0.39 1 88.0 
503.69 9.43 0.39 1 88.0 
504.09 9.45 0.38 1 88.4 
504.33 9.45 0.38 1 88.4 
504.64 -1.00 -1.00 1 88.4 
504.92 9.23 0.37 1 89.5 
505.22 9.20 0.37 1 89.5 
505.59 9.19 0.37 1 89.5 
505.96 9.13 0.37 1 88.8 
506.30 9.09 0.37 1 88.8 
506.57 8.86 0.36 1 88.8 
506.87 8.86 0.37 1 86.4 
507.15 8.55 0.36 1 86.4 
507.38 8.33 0.35 1 86.4 
507.71 8.33 0.35 1 86.4 
508.02 8.32 0.34 1 87.4 
508.30 -1.00 -1.00 1 87.4 
508.66 8.07 0.33 1 87.4 
508.92 7.93 0.33 1 86.3 
509.13 7.83 0.33 1 86.3 
509.33 7.76 0.32 1 86.3 
509.61 7.71 0.32 1 86.3 
509.83 -1.00 -1.00 1 84.3 
510.16 7.69 0.33 1 84.3 
510.47 7.60 0.32 1 84.3 
510.69 7.61 0.33 1 82.9 
510.98 7.62 0.33 2 82.9 
511.31 7.50 0.33 1 82.9 
511.57 7.55 0.33 1 82.9 
511.80 7.51 0.33 1 81.6 
512.14 7.57 0.33 1 81.6 
512.46 7.68 0.34 1 81.6 
512.76 7.83 0.35 1 80.5 
513.03 7.79 0.35 1 80.5 
513.38 7.91 0.35 1 80.5 
513.70 8.16 0.36 1 80.5 
514.00 8.56 0.38 1 81.8 
514.32 8.54 0.38 1 81.8 
514.71 8.52 0.37 1 81.8 
514.96 12.82 0.57 1 81.4 
515.36 -1.00 -1.00 1 81.4 
515.66 11.21 0.50 1 81.4 
516.04 10.45 0.47 1 79.5 
516.31 10.96 0.50 1 79.5 
516.65 10.46 0.47 1 79.5 
516.85 9.90 0.45 1 78.9 
517.11 10.17 0.46 1 78.9 
517.46 9.90 0.45 1 78.9 
517.75 9.78 0.45 1 78.5 
517.97 9.48 0.44 1 78.5 
518.23 9.53 0.44 1 78.5 
518.50 9.72 0.45 1 78.5 
518.76 9.80 0.45 1 78.2 
519.03 10.13 0.47 1 78.2 
519.42 10.38 0.48 1 78.2 
519.66 10.01 0.46 1 77.8 
519.90 9.82 0.45 1 77.8 
520.12 9.86 0.46 1 77.8 
520.38 9.95 0.46 1 77.8 
520.67 9.96 0.47 1 75.9 
520.95 -1.00 -1.00 1 75.9 
521.54 10.11 0.48 1 75.9 
521.83 10.23 0.49 1 75.9 
522.11 10.38 0.49 1 75.9 
522.35 10.61 0.50 1 75.9 
522.63 10.78 0.51 1 75.9 
522.88 10.90 0.52 1 76.2 
523.10 10.82 0.51 1 76.2 
523.45 10.81 0.51 1 76.2 
523.66 11.19 0.53 1 76.7 
523.86 11.21 0.53 1 76.7 
524.10 11.22 0.53 1 76.7 
524.33 11.22 0.53 1 76.7 
524.59 11.22 0.53 1 76.7 
524.80 11.21 0.52 1 77.2 
524.99 -1.00 -1.00 1 77.2 
525.17 11.08 0.52 1 77.2 
525.43 11.11 0.52 1 77.2 
525.68 11.01 0.52 1 76.6 
525.90 11.17 0.52 1 76.6 
526.13 11.12 0.52 1 76.6 
526.32 11.13 0.52 1 76.6 
526.57 11.08 0.52 1 76.6 
526.77 11.22 0.56 1 72.4 
527.00 11.15 0.55 1 72.4 
527.22 11.10 0.55 1 72.4 
527.37 11.12 0.55 1 72.4 
527.67 11.06 0.56 1 70.6 
527.89 10.81 0.55 1 70.6 
528.10 10.84 0.55 1 70.6 
528.29 10.98 0.56 1 70.6 
528.47 11.03 0.56 1 70.6 
528.67 10.78 0.58 1 67.4 
528.83 10.27 0.55 1 67.4 
529.08 -1.00 -1.00 1 67.4 
529.30 10.52 0.56 1 67.4 
529.50 10.95 0.59 1 67.4 
529.68 11.13 0.61 1 66.0 
529.88 11.14 0.61 1 66.0 
530.01 11.01 0.60 1 66.0 
530.22 11.04 0.60 1 66.0 
530.45 11.13 0.61 1 66.0 
530.61 11.02 0.62 1 64.2 
530.77 11.17 0.63 1 64.2 
530.97 11.11 0.62 1 64.2 
531.39 11.26 0.63 1 64.2 
531.64 11.49 0.64 1 64.2 
531.81 11.66 0.65 1 64.5 
532.14 11.37 0.63 1 64.5 
532.32 11.25 0.63 1 64.5 
532.57 10.98 0.61 1 64.5 
532.71 11.15 0.62 1 64.5 
532.92 11.41 0.64 1 64.5 
533.05 11.46 0.64 1 64.5 
533.26 11.56 0.65 1 64.5 
533.54 11.69 0.65 1 64.5 
533.73 11.74 0.66 1 64.1 
533.89 11.98 0.67 1 64.1 
534.04 12.08 0.68 1 64.1 
534.24 12.16 0.68 1 64.1 
534.40 12.37 0.69 1 64.1 
534.62 12.24 0.69 1 64.1 
534.75 12.96 0.74 1 62.8 
534.87 12.84 0.74 1 62.8 
535.02 12.96 0.74 1 62.8 
535.20 12.57 0.72 1 62.8 
535.44 12.53 0.72 1 62.8 
535.60 12.29 0.73 1 60.6 
535.82 12.31 0.73 1 60.6 
535.96 12.11 0.72 1 60.6 
536.16 11.91 0.71 1 60.6 
