22.2 40.519108 -3.410149 92.9 100.0 100.0 100.0 100.0 100.0 50.0 100.0 0.700 0.000 0.300 0.000 92.9 100.0 100.0 100.0 100.0 100.0 50.0 100.0 0.700 0.000 0.300 0.000 
23.2 40.519314 -3.410343 92.9 100.0 100.0 100.0 100.0 100.0 50.0 100.0 0.700 0.000 0.300 0.000 92.9 100.0 100.0 100.0 100.0 100.0 50.0 100.0 0.700 0.000 0.300 0.000 
24.2 40.519516 -3.410536 92.9 100.0 100.0 100.0 100.0 100.0 50.0 100.0 0.700 0.000 0.300 0.000 92.9 100.0 100.0 100.0 100.0 100.0 50.0 100.0 0.700 0.000 0.300 0.000 
25.2 40.519726 -3.410728 93.7 100.0 100.0 100.0 100.0 100.0 55.7 100.0 0.734 0.000 0.266 0.000 93.7 100.0 100.0 100.0 100.0 100.0 55.7 100.0 0.734 0.000 0.266 0.000 
26.2 40.519939 -3.410926 94.3 100.0 100.0 100.0 100.0 100.0 60.0 100.0 0.760 0.000 0.240 0.000 94.3 100.0 100.0 100.0 100.0 100.0 60.0 100.0 0.760 0.000 0.240 0.000 
27.2 40.520142 -3.411122 94.8 100.0 100.0 100.0 100.0 100.0 63.3 100.0 0.780 0.000 0.220 0.000 94.8 100.0 100.0 100.0 100.0 100.0 63.3 100.0 0.780 0.000 0.220 0.000 
28.2 40.520351 -3.411314 95.1 100.0 100.0 100.0 100.0 100.0 66.0 100.0 0.796 0.000 0.204 0.000 95.1 100.0 100.0 100.0 100.0 100.0 66.0 100.0 0.796 0.000 0.204 0.000 
29.2 40.520573 -3.411508 95.5 100.0 100.0 100.0 100.0 100.0 68.2 100.0 0.809 0.000 0.191 0.000 95.5 100.0 100.0 100.0 100.0 100.0 68.2 100.0 0.809 0.000 0.191 0.000 
30.2 40.520798 -3.411710 95.7 100.0 100.0 100.0 100.0 100.0 70.0 100.0 0.820 0.000 0.180 0.000 95.7 100.0 100.0 100.0 100.0 100.0 70.0 100.0 0.820 0.000 0.180 0.000 
31.2 40.521019 -3.411928 95.5 100.0 100.0 100.0 100.0 100.0 68.5 100.0 0.811 0.000 0.189 0.000 95.5 100.0 100.0 100.0 100.0 100.0 68.5 100.0 0.811 0.000 0.189 0.000 
32.2 40.521248 -3.412144 95.3 100.0 100.0 100.0 100.0 100.0 67.1 100.0 0.803 0.000 0.197 0.000 95.3 100.0 100.0 100.0 100.0 100.0 67.1 100.0 0.803 0.000 0.197 0.000 
33.2 40.521484 -3.412367 95.1 100.0 100.0 100.0 100.0 100.0 66.0 100.0 0.796 0.000 0.204 0.000 95.1 100.0 100.0 100.0 100.0 100.0 66.0 100.0 0.796 0.000 0.204 0.000 
34.2 40.521729 -3.412593 95.0 100.0 100.0 100.0 100.0 100.0 65.0 100.0 0.790 0.000 0.210 0.000 95.0 100.0 100.0 100.0 100.0 100.0 65.0 100.0 0.790 0.000 0.210 0.000 
35.2 40.521969 -3.412821 94.8 100.0 100.0 100.0 100.0 99.7 64.1 100.0 0.783 0.002 0.215 0.000 94.7 100.0 100.0 100.0 100.0 99.0 64.1 100.0 0.779 0.006 0.215 0.000 
36.2 40.522209 -3.413051 94.3 100.0 100.0 100.0 100.0 96.7 63.3 100.0 0.760 0.020 0.220 0.000 93.3 100.0 100.0 100.0 100.0 89.5 63.3 100.0 0.717 0.063 0.220 0.000 
37.2 40.522442 -3.413275 94.0 100.0 100.0 100.0 100.0 95.5 62.6 100.0 0.749 0.027 0.224 0.000 93.2 100.0 100.0 100.0 100.0 90.0 62.6 100.0 0.716 0.060 0.224 0.000 
38.2 40.522717 -3.413534 93.4 100.0 100.0 100.0 100.0 94.6 59.5 100.0 0.725 0.032 0.243 0.000 92.9 100.0 100.0 100.0 100.0 90.6 59.5 100.0 0.701 0.056 0.243 0.000 
39.2 40.522945 -3.413785 92.9 100.0 100.0 100.0 100.0 93.6 56.7 100.0 0.702 0.038 0.260 0.000 92.2 100.0 100.0 100.0 100.0 88.9 56.7 100.0 0.673 0.067 0.260 0.000 
40.2 40.523170 -3.414052 92.3 100.0 100.0 100.0 100.0 91.9 54.1 100.0 0.676 0.048 0.275 0.000 91.1 100.0 100.0 100.0 100.0 83.6 54.1 100.0 0.626 0.098 0.275 0.000 
41.2 40.523384 -3.414332 91.7 100.0 100.0 100.0 100.0 89.9 51.7 100.0 0.650 0.061 0.290 0.000 90.1 100.0 100.0 100.0 100.0 79.1 51.7 100.0 0.585 0.126 0.290 0.000 
42.2 40.523590 -3.414626 91.0 100.0 100.0 100.0 100.0 87.5 49.6 100.0 0.623 0.075 0.303 0.000 89.2 100.0 100.0 100.0 100.0 75.0 49.6 100.0 0.548 0.150 0.303 0.000 
43.2 40.523781 -3.414937 90.7 100.0 100.0 100.0 100.0 85.2 49.6 100.0 0.609 0.089 0.303 0.000 88.8 100.0 100.0 100.0 100.0 71.7 49.6 100.0 0.528 0.170 0.303 0.000 
44.2 40.523956 -3.415261 90.4 100.0 100.0 100.0 100.0 82.9 49.6 100.0 0.595 0.103 0.303 0.000 88.3 100.0 100.0 100.0 100.0 68.8 49.6 100.0 0.510 0.187 0.303 0.000 
45.2 40.524132 -3.415598 90.1 100.0 100.0 100.0 100.0 81.0 49.6 100.0 0.583 0.114 0.303 0.000 88.3 100.0 100.0 100.0 100.0 68.8 49.6 100.0 0.511 0.187 0.303 0.000 
46.2 40.524292 -3.415935 89.9 100.0 100.0 100.0 100.0 79.4 49.6 100.0 0.574 0.123 0.303 0.000 88.4 100.0 100.0 100.0 100.0 69.1 49.6 100.0 0.512 0.185 0.303 0.000 
47.2 40.524437 -3.416285 89.6 100.0 100.0 100.0 100.0 77.8 49.6 100.0 0.564 0.133 0.303 0.000 88.0 100.0 100.0 100.0 100.0 66.6 49.6 100.0 0.497 0.201 0.303 0.000 
48.2 40.524574 -3.416647 89.1 100.0 100.0 100.0 100.0 76.2 47.6 100.0 0.478 0.143 0.379 0.000 87.5 100.0 100.0 100.0 100.0 64.8 47.6 100.0 0.387 0.211 0.402 0.000 
49.2 40.524693 -3.417018 88.6 100.0 100.0 100.0 100.0 74.6 45.8 100.0 0.455 0.153 0.392 0.000 86.9 100.0 100.0 100.0 100.0 62.5 45.8 100.0 0.366 0.225 0.409 0.000 
50.2 40.524815 -3.417399 88.2 100.0 100.0 100.0 100.0 73.1 44.1 100.0 0.434 0.161 0.405 0.000 86.6 100.0 100.0 100.0 100.0 62.4 44.1 100.0 0.358 0.225 0.416 0.000 
51.2 40.524914 -3.417792 87.8 100.0 100.0 100.0 100.0 72.0 42.5 100.0 0.415 0.168 0.417 0.000 86.6 100.0 100.0 100.0 100.0 63.7 42.5 100.0 0.359 0.218 0.423 0.000 
52.2 40.524994 -3.418181 87.4 100.0 100.0 100.0 100.0 71.0 41.0 100.0 0.397 0.174 0.428 0.000 86.6 100.0 100.0 100.0 100.0 64.9 41.0 100.0 0.360 0.211 0.429 0.000 
53.2 40.525074 -3.418567 87.1 100.0 100.0 100.0 100.0 70.2 39.7 100.0 0.382 0.179 0.439 0.000 86.5 100.0 100.0 100.0 100.0 66.0 39.7 100.0 0.361 0.204 0.435 0.000 
54.2 40.525158 -3.418948 85.5 100.0 100.0 100.0 100.0 69.6 28.7 100.0 0.310 0.182 0.507 0.000 85.1 100.0 100.0 100.0 100.0 67.2 28.7 100.0 0.305 0.197 0.498 0.000 
55.2 40.525230 -3.419324 83.9 100.0 100.0 100.0 100.0 69.1 18.4 100.0 0.243 0.186 0.572 0.000 83.6 100.0 100.0 100.0 100.0 67.1 18.4 100.0 0.245 0.198 0.558 0.000 
56.2 40.525318 -3.419699 82.5 100.0 100.0 100.0 100.0 68.4 8.8 100.0 0.179 0.189 0.632 0.000 82.0 100.0 100.0 100.0 100.0 65.3 8.8 100.0 0.178 0.208 0.614 0.000 
57.2 40.525417 -3.420067 81.1 100.0 100.0 100.0 100.0 67.7 0.0 100.0 0.119 0.194 0.687 0.000 80.5 100.0 100.0 100.0 100.0 63.4 0.0 100.0 0.116 0.220 0.665 0.000 
58.2 40.525536 -3.420431 76.1 100.0 65.9 100.0 100.0 67.0 0.0 100.0 0.111 0.198 0.690 0.000 75.4 100.0 65.9 100.0 100.0 61.7 0.0 100.0 0.107 0.230 0.663 0.000 
59.2 40.525658 -3.420774 76.2 100.0 66.9 100.0 100.0 66.2 0.0 100.0 0.104 0.203 0.693 0.000 75.3 100.0 66.9 100.0 100.0 60.1 0.0 100.0 0.099 0.239 0.662 0.000 
60.2 40.525787 -3.421104 76.2 100.0 67.9 100.0 100.0 65.4 0.0 100.0 0.097 0.208 0.695 0.000 75.2 100.0 67.9 100.0 100.0 58.5 0.0 100.0 0.091 0.249 0.660 0.000 
61.2 40.525925 -3.421427 76.2 100.0 68.9 100.0 100.0 64.5 0.0 100.0 0.090 0.213 0.697 0.000 75.2 100.0 68.9 100.0 100.0 57.2 0.0 100.0 0.085 0.257 0.659 0.000 
62.2 40.526085 -3.421730 76.2 100.0 69.8 100.0 100.0 63.7 0.0 100.0 0.082 0.218 0.700 0.000 75.1 100.0 69.8 100.0 100.0 56.0 0.0 100.0 0.079 0.264 0.657 0.000 
63.2 40.526257 -3.422025 76.2 100.0 70.6 100.0 100.0 62.8 0.0 100.0 0.075 0.223 0.702 0.000 75.1 100.0 70.6 100.0 100.0 54.8 0.0 100.0 0.073 0.271 0.656 0.000 
64.2 40.526443 -3.422312 76.2 100.0 71.5 100.0 100.0 62.0 0.0 100.0 0.067 0.228 0.704 0.000 75.0 100.0 71.5 100.0 100.0 53.5 0.0 100.0 0.066 0.279 0.655 0.000 
65.2 40.526642 -3.422597 76.2 100.0 72.3 100.0 100.0 61.1 0.0 100.0 0.060 0.233 0.707 0.000 74.9 100.0 72.3 100.0 100.0 52.2 0.0 100.0 0.060 0.287 0.653 0.000 
66.2 40.526852 -3.422860 76.2 100.0 73.1 100.0 100.0 60.2 0.0 100.0 0.052 0.239 0.709 0.000 74.9 100.0 73.1 100.0 100.0 51.2 0.0 100.0 0.055 0.293 0.652 0.000 
67.2 40.527069 -3.423108 76.2 100.0 73.8 100.0 100.0 59.4 0.0 100.0 0.045 0.244 0.712 0.000 74.8 100.0 73.8 100.0 100.0 50.1 0.0 100.0 0.049 0.300 0.651 0.000 
68.2 40.527317 -3.423357 76.2 100.0 74.6 100.0 100.0 58.5 0.0 100.0 0.037 0.249 0.714 0.000 74.8 100.0 74.6 100.0 100.0 49.0 0.0 100.0 0.044 0.306 0.650 0.000 
69.2 40.527557 -3.423572 76.1 100.0 75.2 100.0 100.0 57.7 0.0 100.0 0.029 0.254 0.717 0.000 74.7 100.0 75.2 100.0 100.0 47.9 0.0 100.0 0.039 0.313 0.649 0.000 
70.2 40.527817 -3.423758 76.1 100.0 75.9 100.0 100.0 56.8 0.0 100.0 0.022 0.259 0.719 0.000 74.7 100.0 75.9 100.0 100.0 46.9 0.0 100.0 0.034 0.318 0.648 0.000 
71.2 40.528072 -3.423924 76.1 100.0 76.5 100.0 100.0 55.9 0.0 100.0 0.014 0.264 0.722 0.000 74.6 100.0 76.5 100.0 100.0 46.0 0.0 100.0 0.029 0.324 0.647 0.000 
72.2 40.528328 -3.424103 76.0 100.0 77.1 100.0 100.0 55.1 0.0 100.0 0.007 0.269 0.724 0.000 74.6 100.0 77.1 100.0 100.0 45.2 0.0 100.0 0.025 0.329 0.646 0.000 
73.2 40.528591 -3.424283 76.0 100.0 77.7 100.0 100.0 54.3 0.0 100.0 0.000 0.274 0.726 0.000 74.6 100.0 77.7 100.0 100.0 44.3 0.0 100.0 0.021 0.334 0.645 0.000 
74.2 40.528847 -3.424446 76.0 100.0 78.2 100.0 100.0 53.5 0.0 100.0 0.000 0.279 0.729 0.000 74.5 100.0 78.2 100.0 100.0 43.5 0.0 100.0 0.017 0.339 0.644 0.000 
75.2 40.529099 -3.424616 75.9 100.0 78.7 100.0 100.0 52.7 0.0 100.0 0.000 0.284 0.731 0.000 74.5 100.0 78.7 100.0 100.0 42.7 0.0 100.0 0.013 0.344 0.643 0.000 
76.2 40.529346 -3.424785 75.9 100.0 79.2 100.0 100.0 51.9 0.0 100.0 0.000 0.289 0.733 0.000 74.5 100.0 79.2 100.0 100.0 42.0 0.0 100.0 0.009 0.348 0.643 0.000 
77.2 40.529591 -3.424960 75.8 100.0 79.7 100.0 100.0 51.1 0.0 100.0 0.000 0.293 0.736 0.000 74.4 100.0 79.7 100.0 100.0 41.2 0.0 100.0 0.005 0.353 0.642 0.000 
78.2 40.529835 -3.425141 75.8 100.0 80.2 100.0 100.0 50.3 0.0 100.0 0.000 0.298 0.738 0.000 74.4 100.0 80.2 100.0 100.0 40.5 0.0 100.0 0.002 0.357 0.641 0.000 
79.2 40.530071 -3.425333 75.8 100.0 80.6 100.0 100.0 49.7 0.0 100.0 0.000 0.302 0.740 0.000 74.5 100.0 80.6 100.0 100.0 41.0 0.0 100.0 0.005 0.354 0.641 0.000 
80.2 40.530304 -3.425541 75.7 100.0 81.0 100.0 100.0 49.0 0.0 100.0 0.000 0.306 0.743 0.000 74.7 100.0 81.0 100.0 100.0 41.9 0.0 100.0 0.012 0.348 0.640 0.000 
81.2 40.530533 -3.425758 75.7 100.0 81.4 100.0 100.0 48.5 0.0 100.0 0.000 0.309 0.745 0.000 74.9 100.0 81.4 100.0 100.0 42.8 0.0 100.0 0.017 0.343 0.639 0.000 
82.2 40.530731 -3.425982 75.7 100.0 81.8 100.0 100.0 47.9 0.0 100.0 0.000 0.313 0.747 0.000 74.9 100.0 81.8 100.0 100.0 42.7 0.0 100.0 0.017 0.344 0.639 0.000 
83.2 40.530945 -3.426213 75.7 100.0 82.2 100.0 100.0 47.4 0.0 100.0 0.000 0.316 0.750 0.000 74.9 100.0 81.5 100.0 100.0 43.0 0.0 100.0 0.019 0.342 0.639 0.000 
84.2 40.531155 -3.426450 75.6 100.0 82.6 100.0 100.0 46.9 0.0 100.0 0.000 0.319 0.750 0.000 74.9 100.0 81.6 100.0 100.0 42.9 0.0 100.0 0.018 0.342 0.639 0.000 
85.2 40.531353 -3.426696 75.6 100.0 82.9 100.0 100.0 46.4 0.0 100.0 0.000 0.321 0.750 0.000 74.9 100.0 81.6 100.0 100.0 42.6 0.0 100.0 0.017 0.344 0.639 0.000 
86.2 40.531544 -3.426938 75.6 100.0 83.3 100.0 100.0 45.9 0.0 100.0 0.000 0.324 0.750 0.000 74.6 100.0 81.6 100.0 100.0 40.9 0.0 100.0 0.006 0.355 0.639 0.000 
87.2 40.531719 -3.427206 75.6 100.0 83.6 100.0 100.0 45.4 0.0 100.0 0.000 0.328 0.750 0.000 74.5 100.0 82.0 100.0 100.0 39.2 0.0 100.0 0.000 0.365 0.638 0.000 
88.2 40.531902 -3.427475 75.5 100.0 84.0 100.0 100.0 44.8 0.0 100.0 0.000 0.331 0.750 0.000 74.2 100.0 81.6 100.0 100.0 37.8 0.0 100.0 0.000 0.373 0.639 0.000 
89.2 40.532074 -3.427759 75.5 100.0 84.3 100.0 100.0 44.3 0.0 100.0 0.000 0.334 0.750 0.000 74.2 100.0 81.7 100.0 100.0 37.7 0.0 100.0 0.000 0.374 0.639 0.000 
90.2 40.532242 -3.428039 75.5 100.0 84.6 100.0 100.0 43.8 0.0 100.0 0.000 0.337 0.750 0.000 74.3 100.0 82.0 100.0 100.0 37.7 0.0 100.0 0.000 0.374 0.638 0.000 
91.2 40.532406 -3.428328 75.5 100.0 84.9 100.0 100.0 43.3 0.0 100.0 0.000 0.340 0.750 0.000 74.2 100.0 81.6 100.0 100.0 37.8 0.0 100.0 0.000 0.373 0.639 0.000 
92.2 40.532532 -3.428616 75.4 100.0 85.2 100.0 100.0 42.8 0.0 100.0 0.000 0.343 0.750 0.000 74.3 100.0 82.0 100.0 100.0 37.8 0.0 100.0 0.000 0.373 0.638 0.000 
93.2 40.532673 -3.428922 75.4 100.0 85.5 100.0 100.0 42.4 0.0 100.0 0.000 0.346 0.750 0.000 74.2 100.0 81.6 100.0 100.0 37.7 0.0 100.0 0.000 0.374 0.639 0.000 
94.2 40.532803 -3.429235 75.4 100.0 85.7 100.0 100.0 41.9 0.0 100.0 0.000 0.348 0.750 0.000 74.2 100.0 81.5 100.0 100.0 37.7 0.0 100.0 0.000 0.374 0.639 0.000 
95.2 40.532936 -3.429561 75.4 100.0 86.0 100.0 100.0 41.5 0.0 100.0 0.000 0.351 0.750 0.000 74.4 100.0 81.5 100.0 100.0 39.0 0.0 100.0 0.000 0.366 0.639 0.000 
96.2 40.533066 -3.429845 75.4 100.0 86.3 100.0 100.0 41.2 0.0 100.0 0.000 0.353 0.750 0.000 74.6 100.0 81.5 100.0 100.0 40.5 0.0 100.0 0.004 0.357 0.639 0.000 
97.2 40.533180 -3.430138 75.3 100.0 86.5 100.0 100.0 40.9 0.0 100.0 0.000 0.354 0.750 0.000 74.5 100.0 81.4 100.0 100.0 40.3 0.0 100.0 0.003 0.358 0.639 0.000 
98.2 40.533272 -3.430455 75.3 100.0 86.7 100.0 100.0 40.6 0.0 100.0 0.000 0.356 0.750 0.000 74.5 100.0 81.3 100.0 100.0 40.4 0.0 100.0 0.003 0.357 0.640 0.000 
99.2 40.533356 -3.430769 75.3 100.0 87.0 100.0 100.0 40.4 0.0 100.0 0.000 0.358 0.750 0.000 74.6 100.0 81.2 100.0 100.0 41.2 0.0 100.0 0.007 0.353 0.640 0.000 
100.2 40.533436 -3.431077 75.3 100.0 87.2 100.0 100.0 40.1 0.0 100.0 0.000 0.359 0.750 0.000 74.9 100.0 81.1 100.0 100.0 42.9 0.0 100.0 0.018 0.342 0.640 0.000 
101.2 40.533512 -3.431404 75.3 100.0 87.4 100.0 100.0 40.0 0.0 100.0 0.000 0.360 0.750 0.000 75.1 100.0 81.1 100.0 100.0 44.8 0.0 100.0 0.029 0.331 0.640 0.000 
102.2 40.533569 -3.431740 75.4 100.0 87.6 100.0 100.0 39.9 0.0 100.0 0.000 0.361 0.750 0.000 75.3 100.0 81.0 100.0 100.0 46.4 0.0 100.0 0.038 0.322 0.640 0.000 
103.2 40.533630 -3.432077 75.4 100.0 87.9 100.0 100.0 39.8 0.0 100.0 0.000 0.361 0.750 0.000 75.6 100.0 81.4 100.0 100.0 48.1 0.0 100.0 0.049 0.311 0.639 0.000 
104.2 40.533688 -3.432416 75.4 100.0 88.1 100.0 100.0 39.7 0.0 100.0 0.000 0.362 0.750 0.000 75.9 100.0 81.3 100.0 100.0 49.7 0.0 100.0 0.059 0.302 0.639 0.000 
105.2 40.533733 -3.432757 75.4 100.0 88.3 100.0 100.0 39.7 0.0 100.0 0.000 0.362 0.750 0.000 75.9 100.0 81.3 100.0 100.0 50.2 0.0 100.0 0.062 0.299 0.640 0.000 
106.2 40.533764 -3.433093 75.4 100.0 88.5 100.0 100.0 39.7 0.0 100.0 0.000 0.362 0.750 0.000 76.0 100.0 81.2 100.0 100.0 50.6 0.0 100.0 0.064 0.297 0.640 0.000 
107.2 40.533791 -3.433428 75.5 100.0 88.7 100.0 100.0 39.7 0.0 100.0 0.000 0.362 0.750 0.000 76.1 100.0 80.7 100.0 100.0 52.2 0.0 100.0 0.073 0.287 0.640 0.000 
108.2 40.533810 -3.433765 75.6 100.0 88.9 100.0 100.0 39.7 0.5 100.0 0.000 0.362 0.747 0.000 76.3 100.0 80.6 100.0 100.0 53.6 0.0 100.0 0.121 0.278 0.600 0.000 
109.2 40.533829 -3.434097 75.7 100.0 89.0 100.0 100.0 39.7 1.0 100.0 0.000 0.362 0.744 0.000 76.6 100.0 80.5 100.0 100.0 55.4 0.0 100.0 0.132 0.268 0.600 0.000 
110.2 40.533825 -3.434421 75.8 100.0 89.2 100.0 100.0 39.8 1.6 100.0 0.000 0.361 0.741 0.000 76.6 100.0 80.4 100.0 100.0 56.1 0.0 100.0 0.136 0.264 0.600 0.000 
111.2 40.533825 -3.434751 75.9 100.0 89.4 100.0 100.0 39.8 2.2 100.0 0.000 0.361 0.737 0.000 76.7 100.0 80.8 100.0 100.0 56.1 0.0 100.0 0.136 0.264 0.600 0.000 
112.2 40.533825 -3.435087 76.0 100.0 89.6 100.0 100.0 39.9 2.7 100.0 0.000 0.361 0.734 0.000 76.5 100.0 80.7 100.0 100.0 54.8 0.0 100.0 0.129 0.271 0.600 0.000 
113.2 40.533829 -3.435420 76.1 100.0 89.7 100.0 100.0 39.9 3.2 100.0 0.000 0.361 0.731 0.000 76.2 100.0 80.1 100.0 100.0 53.1 0.0 100.0 0.118 0.281 0.600 0.000 
114.2 40.533833 -3.435741 76.2 100.0 89.9 100.0 100.0 39.9 3.7 100.0 0.000 0.361 0.728 0.000 76.0 100.0 80.5 100.0 100.0 51.4 0.0 100.0 0.108 0.291 0.600 0.000 
115.2 40.533829 -3.436080 76.3 100.0 90.1 100.0 100.0 39.9 4.2 100.0 0.000 0.361 0.725 0.000 75.7 100.0 80.0 100.0 100.0 50.3 0.0 100.0 0.101 0.298 0.600 0.000 
116.2 40.533829 -3.436418 76.4 100.0 90.2 100.0 100.0 39.8 4.7 100.0 0.000 0.361 0.722 0.000 75.8 100.0 80.4 100.0 100.0 50.2 0.0 100.0 0.101 0.299 0.600 0.000 
117.2 40.533817 -3.436759 76.5 100.0 90.4 100.0 100.0 39.8 5.2 100.0 0.000 0.361 0.719 0.000 76.9 100.0 79.9 100.0 100.0 50.2 8.3 100.0 0.151 0.299 0.550 0.000 
118.2 40.533810 -3.437101 76.6 100.0 90.6 100.0 100.0 39.8 5.7 100.0 0.000 0.361 0.716 0.000 79.9 100.0 100.0 100.0 100.0 50.1 9.0 100.0 0.155 0.299 0.546 0.000 
119.2 40.533806 -3.437439 76.7 100.0 90.7 100.0 100.0 39.8 6.1 100.0 0.000 0.361 0.713 0.000 81.5 100.0 100.0 100.0 100.0 50.2 20.0 100.0 0.221 0.299 0.480 0.000 
120.2 40.533806 -3.437784 76.7 100.0 90.9 100.0 100.0 39.7 6.6 100.0 0.000 0.362 0.711 0.000 81.5 100.0 100.0 100.0 100.0 50.2 20.5 100.0 0.224 0.299 0.477 0.000 
121.2 40.533802 -3.438132 76.8 100.0 91.0 100.0 100.0 39.7 7.0 100.0 0.000 0.362 0.708 0.000 81.5 100.0 100.0 100.0 100.0 50.5 20.0 100.0 0.223 0.297 0.480 0.000 
122.2 40.533798 -3.438483 76.9 100.0 91.2 100.0 100.0 39.7 7.5 100.0 0.000 0.362 0.705 0.000 81.7 100.0 100.0 100.0 100.0 52.0 20.0 100.0 0.232 0.288 0.480 0.000 
123.2 40.533798 -3.438843 76.9 100.0 91.3 100.0 100.0 39.8 7.4 100.0 0.000 0.361 0.706 0.000 81.8 100.0 100.0 100.0 100.0 52.7 19.7 100.0 0.234 0.284 0.482 0.000 
124.2 40.533787 -3.439214 76.9 100.0 91.5 100.0 100.0 39.8 7.3 100.0 0.000 0.361 0.706 0.000 81.6 100.0 100.0 100.0 100.0 52.7 18.3 100.0 0.226 0.284 0.490 0.000 
125.2 40.533802 -3.439583 77.0 100.0 91.6 100.0 100.0 39.8 7.3 100.0 0.000 0.361 0.707 0.000 81.7 100.0 100.0 100.0 100.0 53.9 18.3 100.0 0.233 0.277 0.490 0.000 
126.2 40.533794 -3.439945 77.0 100.0 91.8 100.0 100.0 39.9 7.2 100.0 0.000 0.361 0.707 0.000 82.0 100.0 100.0 100.0 100.0 55.6 18.3 100.0 0.244 0.266 0.490 0.000 
127.2 40.533810 -3.440317 77.0 100.0 91.9 100.0 100.0 39.9 7.1 100.0 0.000 0.360 0.708 0.000 82.2 100.0 100.0 100.0 100.0 57.4 18.0 100.0 0.252 0.256 0.492 0.000 
128.2 40.533806 -3.440698 77.0 100.0 92.1 100.0 100.0 40.0 7.0 100.0 0.000 0.360 0.708 0.000 82.5 100.0 100.0 100.0 100.0 59.2 18.0 100.0 0.263 0.245 0.492 0.000 
129.2 40.533806 -3.441072 77.0 100.0 92.2 100.0 100.0 40.1 7.0 100.0 0.000 0.359 0.708 0.000 82.9 100.0 100.0 100.0 100.0 61.0 19.7 100.0 0.284 0.234 0.482 0.000 
130.2 40.533806 -3.441451 77.1 100.0 92.3 100.0 100.0 40.2 6.9 100.0 0.000 0.359 0.709 0.000 83.4 100.0 100.0 100.0 100.0 62.6 21.3 100.0 0.303 0.225 0.472 0.000 
131.2 40.533802 -3.441840 77.0 100.0 92.5 100.0 100.0 40.4 5.9 100.0 0.000 0.358 0.715 0.000 83.9 100.0 100.0 100.0 100.0 64.3 23.3 100.0 0.326 0.214 0.460 0.000 
132.2 40.533813 -3.442244 76.9 100.0 92.6 100.0 100.0 40.5 5.0 100.0 0.000 0.357 0.720 0.000 84.2 100.0 100.0 100.0 100.0 65.9 23.3 100.0 0.335 0.205 0.460 0.000 
133.2 40.533813 -3.442635 76.8 100.0 92.8 100.0 100.0 40.6 4.0 100.0 0.000 0.356 0.726 0.000 84.1 100.0 100.0 100.0 100.0 67.6 21.3 100.0 0.333 0.195 0.472 0.000 
134.2 40.533817 -3.443034 76.7 100.0 92.9 100.0 100.0 40.8 3.1 100.0 0.000 0.355 0.732 0.000 84.2 100.0 100.0 100.0 100.0 69.2 20.0 100.0 0.335 0.185 0.480 0.000 
135.2 40.533810 -3.443434 76.6 100.0 93.0 100.0 100.0 40.9 2.1 100.0 0.000 0.354 0.737 0.000 84.1 100.0 100.0 100.0 100.0 70.9 18.0 100.0 0.333 0.175 0.492 0.000 
136.2 40.533802 -3.443833 76.5 100.0 93.2 100.0 100.0 41.1 1.2 100.0 0.000 0.353 0.743 0.000 84.1 100.0 100.0 100.0 100.0 72.5 16.4 100.0 0.333 0.165 0.502 0.000 
137.2 40.533794 -3.444236 76.4 100.0 93.3 100.0 100.0 41.2 0.4 100.0 0.000 0.353 0.748 0.000 84.2 100.0 100.0 100.0 100.0 74.2 15.0 100.0 0.335 0.155 0.510 0.000 
138.2 40.533794 -3.444634 76.4 100.0 93.4 100.0 100.0 41.4 0.0 100.0 0.000 0.352 0.750 0.000 84.1 100.0 100.0 100.0 100.0 75.7 13.3 100.0 0.334 0.146 0.520 0.000 
139.2 40.533787 -3.445033 76.4 100.0 93.5 100.0 100.0 41.6 0.0 100.0 0.000 0.351 0.750 0.000 84.0 100.0 100.0 100.0 100.0 76.1 11.7 100.0 0.326 0.144 0.530 0.000 
140.2 40.533779 -3.445434 76.5 100.0 93.7 100.0 100.0 41.7 0.0 100.0 0.000 0.350 0.750 0.000 83.7 100.0 100.0 100.0 100.0 76.1 9.8 100.0 0.316 0.143 0.541 0.000 
141.2 40.533779 -3.445834 76.5 100.0 93.8 100.0 100.0 41.9 0.0 100.0 0.000 0.349 0.750 0.000 83.5 100.0 100.0 100.0 100.0 76.1 8.3 100.0 0.307 0.143 0.550 0.000 
142.2 40.533775 -3.446228 76.6 100.0 93.9 100.0 100.0 42.0 0.0 100.0 0.000 0.348 0.750 0.000 83.2 100.0 100.0 100.0 100.0 76.0 6.7 100.0 0.296 0.144 0.560 0.000 
143.2 40.533772 -3.446632 76.6 100.0 94.0 100.0 100.0 42.2 0.0 100.0 0.000 0.347 0.750 0.000 83.0 100.0 100.0 100.0 100.0 75.9 4.9 100.0 0.285 0.144 0.570 0.000 
144.2 40.533772 -3.447035 76.6 100.0 94.1 100.0 100.0 42.3 0.0 100.0 0.000 0.346 0.750 0.000 82.7 100.0 100.0 100.0 100.0 75.9 3.3 100.0 0.275 0.145 0.580 0.000 
145.2 40.533783 -3.447438 76.7 100.0 94.2 100.0 100.0 42.5 0.0 100.0 0.000 0.345 0.750 0.000 82.6 100.0 100.0 100.0 100.0 76.3 1.6 100.0 0.268 0.142 0.590 0.000 
146.2 40.533783 -3.447834 76.7 100.0 94.3 100.0 100.0 42.6 0.0 100.0 0.000 0.344 0.750 0.000 82.6 100.0 100.0 100.0 100.0 78.1 0.0 100.0 0.269 0.131 0.600 0.000 
147.2 40.533779 -3.448249 76.7 100.0 94.5 100.0 100.0 42.8 0.0 100.0 0.000 0.343 0.750 0.000 82.8 100.0 100.0 100.0 100.0 79.8 0.0 100.0 0.279 0.121 0.600 0.000 
148.2 40.533772 -3.448664 76.8 100.0 94.6 100.0 100.0 42.9 0.0 100.0 0.000 0.343 0.750 0.000 83.0 100.0 100.0 100.0 100.0 81.2 0.0 100.0 0.287 0.113 0.600 0.000 
149.2 40.533772 -3.449067 76.8 100.0 94.7 100.0 100.0 43.1 0.0 100.0 0.000 0.342 0.750 0.000 83.0 100.0 100.0 100.0 100.0 81.2 0.0 100.0 0.287 0.113 0.600 0.000 
150.2 40.533772 -3.449470 76.9 100.0 94.8 100.0 100.0 43.2 0.0 100.0 0.000 0.341 0.750 0.000 83.0 100.0 100.0 100.0 100.0 81.2 0.0 100.0 0.287 0.113 0.600 0.000 
151.2 40.533760 -3.449873 76.9 100.0 94.9 100.0 100.0 43.3 0.0 100.0 0.000 0.340 0.750 0.000 83.0 100.0 100.0 100.0 100.0 81.2 0.0 100.0 0.287 0.113 0.600 0.000 
152.2 40.533749 -3.450279 76.9 100.0 95.0 100.0 100.0 43.5 0.0 100.0 0.000 0.339 0.750 0.000 83.0 100.0 100.0 100.0 100.0 81.2 0.0 100.0 0.287 0.113 0.600 0.000 
153.2 40.533749 -3.450680 77.0 100.0 95.1 100.0 100.0 43.6 0.0 100.0 0.000 0.338 0.750 0.000 83.0 100.0 100.0 100.0 100.0 81.2 0.0 100.0 0.287 0.113 0.600 0.000 
154.2 40.533749 -3.451083 77.0 100.0 95.2 100.0 100.0 43.8 0.0 100.0 0.000 0.337 0.750 0.000 83.0 100.0 100.0 100.0 100.0 81.1 0.0 100.0 0.287 0.113 0.600 0.000 
155.2 40.533749 -3.451485 77.0 100.0 95.3 100.0 100.0 43.9 0.0 100.0 0.000 0.337 0.750 0.000 83.0 100.0 100.0 100.0 100.0 81.1 0.0 100.0 0.287 0.113 0.600 0.000 
156.2 40.533752 -3.451873 77.1 100.0 95.4 100.0 100.0 44.0 0.0 100.0 0.000 0.336 0.750 0.000 83.0 100.0 100.0 100.0 100.0 81.1 0.0 100.0 0.286 0.114 0.600 0.000 
157.2 40.533752 -3.452270 77.1 100.0 95.4 100.0 100.0 44.2 0.0 100.0 0.000 0.335 0.750 0.000 83.0 100.0 100.0 100.0 100.0 81.1 0.0 100.0 0.287 0.113 0.600 0.000 
158.2 40.533752 -3.452667 77.1 100.0 95.5 100.0 100.0 44.3 0.0 100.0 0.000 0.334 0.750 0.000 83.0 100.0 100.0 100.0 100.0 81.0 0.0 100.0 0.286 0.114 0.600 0.000 
159.2 40.533749 -3.453074 77.2 100.0 95.6 100.0 100.0 44.4 0.0 100.0 0.000 0.333 0.750 0.000 83.0 100.0 100.0 100.0 100.0 81.0 0.0 100.0 0.286 0.114 0.600 0.000 
160.2 40.533741 -3.453470 77.2 100.0 95.7 100.0 100.0 44.6 0.0 100.0 0.000 0.333 0.750 0.000 83.0 100.0 100.0 100.0 100.0 81.0 0.0 100.0 0.286 0.114 0.600 0.000 
161.2 40.533741 -3.453866 77.2 100.0 95.8 100.0 100.0 44.7 0.0 100.0 0.000 0.332 0.750 0.000 83.0 100.0 100.0 100.0 100.0 81.0 0.0 100.0 0.286 0.114 0.600 0.000 
162.2 40.533733 -3.454268 77.2 100.0 95.9 100.0 100.0 44.8 0.0 100.0 0.000 0.331 0.750 0.000 83.0 100.0 100.0 100.0 100.0 81.0 0.0 100.0 0.286 0.114 0.600 0.000 
163.2 40.533733 -3.454679 77.3 100.0 96.0 100.0 100.0 45.0 0.0 100.0 0.000 0.330 0.750 0.000 83.0 100.0 100.0 100.0 100.0 81.0 0.0 100.0 0.286 0.114 0.600 0.000 
164.2 40.533741 -3.455087 77.3 100.0 96.0 100.0 100.0 45.1 0.0 100.0 0.000 0.329 0.750 0.000 83.0 100.0 100.0 100.0 100.0 80.9 0.0 100.0 0.286 0.114 0.600 0.000 
165.2 40.533756 -3.455483 77.3 100.0 96.1 100.0 100.0 45.2 0.0 100.0 0.000 0.329 0.750 0.000 83.0 100.0 100.0 100.0 100.0 80.9 0.0 100.0 0.285 0.115 0.600 0.000 
166.2 40.533760 -3.455896 77.4 100.0 96.2 100.0 100.0 45.4 0.0 100.0 0.000 0.328 0.750 0.000 83.0 100.0 100.0 100.0 100.0 80.9 0.0 100.0 0.286 0.114 0.600 0.000 
167.2 40.533756 -3.456298 77.4 100.0 96.3 100.0 100.0 45.5 0.0 100.0 0.000 0.327 0.750 0.000 83.0 100.0 100.0 100.0 100.0 80.9 0.0 100.0 0.285 0.115 0.600 0.000 
168.2 40.533756 -3.456689 77.4 100.0 96.4 100.0 100.0 45.6 0.0 100.0 0.000 0.326 0.750 0.000 83.0 100.0 100.0 100.0 100.0 80.8 0.0 100.0 0.285 0.115 0.600 0.000 
169.2 40.533764 -3.457078 77.5 100.0 96.4 100.0 100.0 45.8 0.0 100.0 0.000 0.325 0.750 0.000 83.0 100.0 100.0 100.0 100.0 80.8 0.0 100.0 0.285 0.115 0.600 0.000 
170.2 40.533764 -3.457465 77.5 100.0 96.5 100.0 100.0 45.9 0.0 100.0 0.000 0.325 0.750 0.000 83.0 100.0 100.0 100.0 100.0 80.8 0.0 100.0 0.285 0.115 0.600 0.000 
171.2 40.533760 -3.457854 77.5 100.0 96.6 100.0 100.0 46.0 0.0 100.0 0.000 0.324 0.750 0.000 83.0 100.0 100.0 100.0 100.0 80.8 0.0 100.0 0.285 0.115 0.600 0.000 
172.2 40.533760 -3.458241 77.5 100.0 96.6 100.0 100.0 46.1 0.0 100.0 0.000 0.323 0.750 0.000 83.1 100.0 100.0 100.0 100.0 81.9 0.0 100.0 0.291 0.109 0.600 0.000 
173.2 40.533752 -3.458627 77.6 100.0 96.7 100.0 100.0 46.3 0.0 100.0 0.000 0.322 0.750 0.000 83.4 100.0 100.0 100.0 100.0 83.6 0.0 100.0 0.301 0.099 0.600 0.000 
174.2 40.533749 -3.459007 77.6 100.0 96.8 100.0 100.0 46.4 0.0 100.0 0.000 0.322 0.750 0.000 83.6 100.0 100.0 100.0 100.0 85.2 0.0 100.0 0.311 0.089 0.600 0.000 
175.2 40.533737 -3.459390 77.6 100.0 96.8 100.0 100.0 46.5 0.0 100.0 0.000 0.321 0.750 0.000 83.9 100.0 100.0 100.0 100.0 87.0 0.0 100.0 0.322 0.078 0.600 0.000 
176.2 40.533733 -3.459762 75.5 100.0 96.9 85.1 100.0 46.6 0.0 100.0 0.000 0.320 0.750 0.000 78.8 100.0 100.0 62.8 100.0 88.8 0.0 100.0 0.333 0.067 0.600 0.000 
177.2 40.533737 -3.460139 75.6 100.0 97.0 85.2 100.0 46.7 0.0 100.0 0.000 0.320 0.750 0.000 79.1 100.0 100.0 63.4 100.0 90.6 0.0 100.0 0.343 0.057 0.600 0.000 
178.2 40.533745 -3.460520 75.6 100.0 97.0 85.3 100.0 46.8 0.0 100.0 0.000 0.319 0.750 0.000 79.3 100.0 100.0 63.0 100.0 92.3 0.0 100.0 0.354 0.046 0.600 0.000 
179.2 40.533737 -3.460893 75.6 100.0 97.1 85.4 100.0 46.9 0.0 100.0 0.000 0.318 0.750 0.000 79.6 100.0 100.0 63.0 100.0 93.9 0.0 100.0 0.363 0.036 0.600 0.000 
180.2 40.533733 -3.461263 75.7 100.0 97.2 85.5 100.0 47.0 0.0 100.0 0.000 0.318 0.750 0.000 79.8 100.0 100.0 63.0 100.0 95.6 0.0 100.0 0.373 0.026 0.600 0.000 
181.2 40.533737 -3.461629 75.7 100.0 97.2 85.5 100.0 47.1 0.0 100.0 0.000 0.317 0.750 0.000 80.0 100.0 100.0 63.1 100.0 97.0 0.0 100.0 0.382 0.018 0.600 0.000 
182.2 40.533733 -3.461990 75.7 100.0 97.3 85.6 100.0 47.2 0.0 100.0 0.000 0.317 0.750 0.000 80.0 100.0 100.0 63.1 100.0 97.0 0.0 100.0 0.382 0.018 0.600 0.000 
183.2 40.533730 -3.462358 75.8 100.0 97.3 85.7 100.0 47.3 0.0 100.0 0.000 0.316 0.750 0.000 80.2 100.0 100.0 63.7 100.0 97.8 0.0 100.0 0.386 0.013 0.600 0.000 
184.2 40.533722 -3.462731 75.8 100.0 97.4 85.8 100.0 47.4 0.0 100.0 0.000 0.316 0.750 0.000 80.5 100.0 100.0 63.7 100.0 99.5 0.0 100.0 0.397 0.003 0.600 0.000 
185.2 40.533722 -3.463079 75.8 100.0 97.5 85.9 100.0 47.5 0.0 100.0 0.000 0.315 0.750 0.000 80.4 100.0 100.0 63.1 100.0 100.0 0.0 100.0 0.400 0.000 0.600 0.000 
186.2 40.533714 -3.463438 75.9 100.0 97.5 86.0 100.0 47.6 0.0 100.0 0.000 0.314 0.750 0.000 80.5 100.0 100.0 63.6 100.0 99.7 0.0 100.0 0.398 0.002 0.600 0.000 
187.2 40.533695 -3.463806 75.9 100.0 97.6 86.0 100.0 47.7 0.0 100.0 0.000 0.314 0.750 0.000 80.2 100.0 100.0 63.1 100.0 98.2 0.0 100.0 0.389 0.011 0.600 0.000 
188.2 40.533695 -3.464164 75.9 100.0 97.6 86.1 100.0 47.8 0.0 100.0 0.000 0.313 0.750 0.000 80.1 100.0 100.0 63.0 100.0 97.4 0.0 100.0 0.384 0.016 0.600 0.000 
189.2 40.533699 -3.464516 76.0 100.0 97.7 86.2 100.0 47.9 0.0 100.0 0.000 0.313 0.750 0.000 80.1 100.0 100.0 63.0 100.0 97.4 0.0 100.0 0.384 0.016 0.600 0.000 
190.2 40.533699 -3.464865 76.0 100.0 97.7 86.3 100.0 48.0 0.0 100.0 0.000 0.312 0.750 0.000 80.0 100.0 100.0 62.9 100.0 97.4 0.0 100.0 0.384 0.016 0.600 0.000 
191.2 40.533710 -3.465209 76.0 100.0 97.8 86.4 100.0 48.1 0.0 100.0 0.000 0.311 0.750 0.000 80.1 100.0 100.0 63.5 100.0 97.4 0.0 100.0 0.384 0.016 0.600 0.000 
192.2 40.533737 -3.465530 76.1 100.0 97.8 86.4 100.0 48.2 0.0 100.0 0.000 0.311 0.750 0.000 80.1 100.0 100.0 63.4 100.0 97.4 0.0 100.0 0.384 0.016 0.600 0.000 
193.2 40.533764 -3.465879 76.1 100.0 97.9 86.5 100.0 48.3 0.0 100.0 0.000 0.310 0.750 0.000 80.0 100.0 100.0 62.7 100.0 97.4 0.0 100.0 0.384 0.016 0.600 0.000 
194.2 40.533810 -3.466228 76.1 100.0 97.9 86.6 100.0 48.4 0.0 100.0 0.000 0.310 0.750 0.000 80.1 100.0 100.0 63.2 100.0 97.3 0.0 100.0 0.384 0.016 0.600 0.000 
195.2 40.533875 -3.466581 76.2 100.0 98.0 86.6 100.0 48.5 0.0 100.0 0.000 0.309 0.750 0.000 80.0 100.0 100.0 62.5 100.0 97.3 0.0 100.0 0.384 0.016 0.600 0.000 
196.2 40.533955 -3.466922 76.2 100.0 98.0 86.7 100.0 48.6 0.0 100.0 0.000 0.308 0.750 0.000 79.7 100.0 100.0 62.5 100.0 95.8 0.0 100.0 0.374 0.025 0.600 0.000 
197.2 40.534054 -3.467264 76.2 100.0 98.1 86.8 100.0 48.7 0.0 100.0 0.000 0.308 0.750 0.000 79.6 100.0 100.0 63.1 100.0 93.9 0.0 100.0 0.363 0.037 0.600 0.000 
198.2 40.534164 -3.467592 76.3 100.0 98.1 86.9 100.0 48.9 0.0 100.0 0.000 0.307 0.750 0.000 79.4 100.0 100.0 63.0 100.0 92.9 0.0 100.0 0.357 0.043 0.600 0.000 
199.2 40.534290 -3.467922 76.3 100.0 98.2 86.9 100.0 49.0 0.0 100.0 0.000 0.306 0.750 0.000 79.4 100.0 100.0 62.9 100.0 92.9 0.0 100.0 0.357 0.043 0.600 0.000 
200.2 40.534420 -3.468241 76.3 100.0 98.2 87.0 100.0 49.1 0.0 100.0 0.000 0.305 0.750 0.000 79.4 100.0 100.0 62.9 100.0 92.9 0.0 100.0 0.357 0.043 0.600 0.000 
201.2 40.534584 -3.468543 76.4 100.0 98.2 87.1 100.0 49.2 0.0 100.0 0.000 0.305 0.750 0.000 79.2 100.0 100.0 62.8 100.0 91.5 0.0 100.0 0.349 0.051 0.600 0.000 
202.2 40.534760 -3.468826 76.4 100.0 98.3 87.2 100.0 49.3 0.0 100.0 0.000 0.304 0.750 0.000 78.9 100.0 100.0 62.1 100.0 89.8 0.0 100.0 0.339 0.061 0.600 0.000 
203.2 40.534962 -3.469110 76.4 100.0 98.3 87.2 100.0 49.4 0.0 100.0 0.000 0.303 0.750 0.000 78.7 100.0 100.0 62.8 100.0 88.3 0.0 100.0 0.329 0.070 0.600 0.000 
204.2 40.535160 -3.469359 76.5 100.0 98.4 87.3 100.0 49.5 0.0 100.0 0.000 0.303 0.750 0.000 78.5 100.0 100.0 62.7 100.0 86.8 0.0 100.0 0.320 0.079 0.600 0.000 
205.2 40.535374 -3.469615 76.5 100.0 98.4 87.4 100.0 49.6 0.0 100.0 0.000 0.302 0.750 0.000 78.3 100.0 100.0 62.0 100.0 86.4 0.0 100.0 0.318 0.081 0.600 0.000 
206.2 40.535606 -3.469839 76.5 100.0 98.5 87.4 100.0 49.8 0.0 100.0 0.000 0.301 0.750 0.000 78.1 100.0 100.0 62.0 100.0 84.8 0.0 100.0 0.308 0.091 0.600 0.000 
207.2 40.535854 -3.470044 76.6 100.0 98.5 87.5 100.0 49.9 0.0 100.0 0.000 0.301 0.750 0.000 78.0 100.0 100.0 62.6 100.0 83.1 0.0 100.0 0.298 0.101 0.600 0.000 
208.2 40.536102 -3.470225 76.6 100.0 98.6 87.6 100.0 50.0 0.0 100.0 0.000 0.300 0.750 0.000 77.7 100.0 100.0 62.5 100.0 81.4 0.0 100.0 0.288 0.112 0.600 0.000 
209.2 40.536369 -3.470388 76.6 100.0 98.6 87.6 100.0 50.0 0.0 100.0 0.000 0.300 0.750 0.000 77.7 100.0 100.0 62.5 100.0 81.1 0.0 100.0 0.286 0.113 0.600 0.000 
210.2 40.536640 -3.470531 76.6 100.0 98.7 87.7 100.0 50.1 0.0 100.0 0.000 0.299 0.750 0.000 77.7 100.0 100.0 62.5 100.0 81.2 0.0 100.0 0.287 0.113 0.600 0.000 
211.2 40.536926 -3.470661 76.7 100.0 98.7 87.8 100.0 50.2 0.0 100.0 0.000 0.299 0.750 0.000 77.7 100.0 100.0 62.4 100.0 81.1 0.0 100.0 0.286 0.113 0.600 0.000 
212.2 40.537212 -3.470772 76.7 100.0 98.8 87.8 100.0 50.3 0.0 100.0 0.000 0.298 0.750 0.000 77.5 100.0 100.0 61.8 100.0 80.6 0.0 100.0 0.283 0.116 0.600 0.000 
213.2 40.537502 -3.470867 76.7 100.0 98.8 87.9 100.0 50.4 0.0 100.0 0.000 0.298 0.750 0.000 77.3 100.0 100.0 62.4 100.0 79.0 0.0 100.0 0.274 0.126 0.600 0.000 
214.2 40.537792 -3.470956 76.8 100.0 98.8 88.0 100.0 50.5 0.0 100.0 0.000 0.297 0.750 0.000 77.1 100.0 100.0 62.4 100.0 77.4 0.0 100.0 0.264 0.136 0.600 0.000 
215.2 40.538078 -3.471046 76.8 100.0 98.9 88.0 100.0 50.6 0.0 100.0 0.000 0.297 0.750 0.000 76.8 100.0 100.0 61.7 100.0 76.0 0.0 100.0 0.256 0.144 0.600 0.000 
216.2 40.538361 -3.471139 76.8 100.0 98.9 88.1 100.0 50.6 0.0 100.0 0.000 0.296 0.750 0.000 76.9 100.0 100.0 62.3 100.0 76.1 0.0 100.0 0.256 0.144 0.600 0.000 
217.2 40.538651 -3.471234 76.8 100.0 99.0 88.2 100.0 50.7 0.0 100.0 0.000 0.296 0.750 0.000 76.9 100.0 100.0 62.3 100.0 76.1 0.0 100.0 0.256 0.143 0.600 0.000 
218.2 40.538937 -3.471338 76.9 100.0 99.0 88.2 100.0 50.8 0.0 100.0 0.000 0.295 0.750 0.000 76.8 100.0 100.0 61.7 100.0 76.1 0.0 100.0 0.256 0.143 0.600 0.000 
219.2 40.539234 -3.471432 76.9 100.0 99.1 88.3 100.0 50.9 0.0 100.0 0.000 0.295 0.750 0.000 76.8 100.0 100.0 61.6 100.0 76.0 0.0 100.0 0.256 0.144 0.600 0.000 
220.2 40.539539 -3.471526 76.9 100.0 99.1 88.4 100.0 50.9 0.0 100.0 0.000 0.294 0.750 0.000 76.9 100.0 100.0 62.3 100.0 76.0 0.0 100.0 0.256 0.144 0.600 0.000 
221.2 40.539822 -3.471627 76.9 100.0 99.1 88.4 100.0 51.0 0.0 100.0 0.000 0.294 0.750 0.000 76.9 100.0 100.0 62.3 100.0 76.1 0.0 100.0 0.256 0.144 0.600 0.000 
222.2 40.540112 -3.471718 77.0 100.0 99.2 88.5 100.0 51.1 0.0 100.0 0.000 0.294 0.750 0.000 76.8 100.0 100.0 61.6 100.0 76.0 0.0 100.0 0.256 0.144 0.600 0.000 
223.2 40.540409 -3.471803 77.0 100.0 99.2 88.5 100.0 51.2 0.0 100.0 0.000 0.293 0.750 0.000 76.9 100.0 100.0 62.3 100.0 76.0 0.0 100.0 0.256 0.144 0.600 0.000 
224.2 40.540710 -3.471887 77.0 100.0 99.3 88.6 100.0 51.2 0.0 100.0 0.000 0.293 0.750 0.000 76.9 100.0 100.0 62.3 100.0 76.0 0.0 100.0 0.256 0.144 0.600 0.000 
225.2 40.541000 -3.471977 77.0 100.0 99.3 88.7 100.0 51.3 0.0 100.0 0.000 0.292 0.750 0.000 76.9 100.0 100.0 62.3 100.0 76.0 0.0 100.0 0.256 0.144 0.600 0.000 
226.2 40.541306 -3.472083 77.1 100.0 99.3 88.7 100.0 51.4 0.0 100.0 0.000 0.292 0.750 0.000 76.8 100.0 100.0 61.6 100.0 76.0 0.0 100.0 0.256 0.144 0.600 0.000 
227.2 40.541595 -3.472173 77.1 100.0 99.4 88.8 100.0 51.4 0.0 100.0 0.000 0.291 0.750 0.000 76.8 100.0 100.0 61.6 100.0 76.0 0.0 100.0 0.256 0.144 0.600 0.000 
228.2 40.541885 -3.472275 77.1 100.0 99.4 88.8 100.0 51.5 0.0 100.0 0.000 0.291 0.750 0.000 76.9 100.0 100.0 62.2 100.0 76.1 0.0 100.0 0.256 0.144 0.600 0.000 
229.2 40.542183 -3.472384 77.1 100.0 99.5 88.9 100.0 51.6 0.0 100.0 0.000 0.291 0.750 0.000 76.9 100.0 100.0 62.3 100.0 76.1 0.0 100.0 0.256 0.144 0.600 0.000 
230.2 40.542484 -3.472476 77.2 100.0 99.5 88.9 100.0 51.6 0.0 100.0 0.000 0.290 0.750 0.000 76.9 100.0 100.0 62.3 100.0 76.0 0.0 100.0 0.256 0.144 0.600 0.000 
231.2 40.542778 -3.472566 77.2 100.0 99.5 89.0 100.0 51.7 0.0 100.0 0.000 0.290 0.750 0.000 76.8 100.0 100.0 61.6 100.0 76.1 0.0 100.0 0.256 0.144 0.600 0.000 
232.2 40.543079 -3.472653 77.2 100.0 99.6 89.1 100.0 51.8 0.0 100.0 0.000 0.289 0.750 0.000 76.8 100.0 100.0 61.7 100.0 76.0 0.0 100.0 0.256 0.144 0.600 0.000 
233.2 40.543369 -3.472754 77.2 100.0 99.6 89.1 100.0 51.8 0.0 100.0 0.000 0.289 0.750 0.000 76.9 100.0 100.0 62.3 100.0 76.0 0.0 100.0 0.256 0.144 0.600 0.000 
234.2 40.543663 -3.472844 77.2 100.0 99.6 89.2 100.0 51.9 0.0 100.0 0.000 0.289 0.750 0.000 76.9 100.0 100.0 62.3 100.0 76.1 0.0 100.0 0.256 0.144 0.600 0.000 
235.2 40.543941 -3.472930 77.3 100.0 99.7 89.2 100.0 52.0 0.0 100.0 0.000 0.288 0.750 0.000 76.8 100.0 100.0 61.7 100.0 76.1 0.0 100.0 0.256 0.143 0.600 0.000 
236.2 40.544231 -3.473026 77.3 100.0 99.7 89.3 100.0 52.0 0.0 100.0 0.000 0.288 0.750 0.000 82.3 100.0 100.0 100.0 100.0 76.0 0.0 100.0 0.256 0.144 0.600 0.000 
237.2 40.544518 -3.473125 77.3 100.0 99.7 89.3 100.0 52.1 0.0 100.0 0.000 0.287 0.750 0.000 82.3 100.0 100.0 100.0 100.0 76.0 0.0 100.0 0.256 0.144 0.600 0.000 
238.2 40.544800 -3.473216 77.3 100.0 99.8 89.4 100.0 52.2 0.0 100.0 0.000 0.287 0.750 0.000 82.3 100.0 100.0 100.0 100.0 76.0 0.0 100.0 0.256 0.144 0.600 0.000 
239.2 40.545078 -3.473312 77.3 100.0 99.8 89.4 100.0 52.2 0.0 100.0 0.000 0.287 0.750 0.000 82.3 100.0 100.0 100.0 100.0 76.1 0.0 100.0 0.257 0.143 0.600 0.000 
240.2 40.545357 -3.473401 77.4 100.0 99.8 89.5 100.0 52.3 0.0 100.0 0.000 0.286 0.750 0.000 82.4 100.0 100.0 100.0 100.0 76.0 1.0 100.0 0.262 0.144 0.594 0.000 
241.2 40.545624 -3.473488 77.4 100.0 99.9 89.5 100.0 52.3 0.0 100.0 0.000 0.286 0.750 0.000 82.7 100.0 100.0 100.0 100.0 76.1 3.0 100.0 0.275 0.143 0.582 0.000 
242.2 40.545898 -3.473594 77.4 100.0 99.9 89.6 100.0 52.4 0.0 100.0 0.000 0.286 0.750 0.000 83.0 100.0 100.0 100.0 100.0 76.1 5.1 100.0 0.287 0.143 0.569 0.000 
243.2 40.546173 -3.473687 77.4 100.0 99.9 89.6 100.0 52.5 0.0 100.0 0.000 0.285 0.750 0.000 83.3 100.0 100.0 100.0 100.0 76.1 7.1 100.0 0.300 0.143 0.557 0.000 
244.2 40.546448 -3.473794 77.4 100.0 100.0 89.6 100.0 52.5 0.0 100.0 0.000 0.285 0.750 0.000 83.6 100.0 100.0 100.0 100.0 76.1 9.2 100.0 0.312 0.143 0.545 0.000 
245.2 40.546726 -3.473900 77.5 100.0 100.0 89.7 100.0 52.6 0.0 100.0 0.000 0.285 0.750 0.000 83.9 100.0 100.0 100.0 100.0 76.2 11.0 100.0 0.323 0.143 0.534 0.000 
246.2 40.547001 -3.474010 77.5 100.0 100.0 89.7 100.0 52.6 0.0 100.0 0.000 0.284 0.750 0.000 84.2 100.0 100.0 100.0 100.0 76.2 13.3 100.0 0.337 0.143 0.520 0.000 
247.2 40.547264 -3.474135 77.5 100.0 100.0 89.8 100.0 52.7 0.0 100.0 0.000 0.284 0.750 0.000 84.7 100.0 100.0 100.0 100.0 77.8 15.0 100.0 0.357 0.133 0.510 0.000 
248.2 40.547531 -3.474260 77.5 100.0 100.0 89.8 100.0 52.8 0.0 100.0 0.000 0.283 0.750 0.000 85.1 100.0 100.0 100.0 100.0 78.5 17.0 100.0 0.373 0.129 0.498 0.000 
249.2 40.547791 -3.474379 77.5 100.0 100.0 89.9 100.0 52.8 0.0 100.0 0.000 0.283 0.750 0.000 85.3 100.0 100.0 100.0 100.0 78.5 18.4 100.0 0.381 0.129 0.490 0.000 
250.2 40.548058 -3.474519 77.5 100.0 100.0 89.9 100.0 52.9 0.0 100.0 0.000 0.283 0.750 0.000 85.4 100.0 100.0 100.0 100.0 78.6 19.4 100.0 0.388 0.129 0.484 0.000 
251.2 40.548298 -3.474646 77.6 100.0 100.0 90.0 100.0 53.0 0.0 100.0 0.000 0.282 0.750 0.000 85.4 100.0 100.0 100.0 100.0 78.6 19.4 100.0 0.388 0.128 0.484 0.000 
252.2 40.548542 -3.474785 77.6 100.0 100.0 90.0 100.0 53.0 0.0 100.0 0.000 0.282 0.750 0.000 85.4 100.0 100.0 100.0 100.0 78.5 19.4 100.0 0.388 0.129 0.484 0.000 
253.2 40.548786 -3.474929 77.6 100.0 100.0 90.0 100.0 53.1 0.0 100.0 0.000 0.281 0.750 0.000 85.5 100.0 100.0 100.0 100.0 78.5 20.0 100.0 0.391 0.129 0.480 0.000 
254.2 40.549026 -3.475085 77.6 100.0 100.0 90.1 100.0 53.2 0.0 100.0 0.000 0.281 0.750 0.000 85.5 100.0 100.0 100.0 100.0 78.5 20.0 100.0 0.391 0.129 0.480 0.000 
255.2 40.549259 -3.475248 77.6 100.0 100.0 90.1 100.0 53.2 0.0 100.0 0.000 0.281 0.750 0.000 85.7 100.0 100.0 100.0 100.0 78.5 21.4 100.0 0.399 0.129 0.471 0.000 
256.2 40.549500 -3.475430 77.6 100.0 100.0 90.2 100.0 53.3 0.0 100.0 0.000 0.280 0.750 0.000 85.9 100.0 100.0 100.0 100.0 79.6 22.0 100.0 0.410 0.122 0.468 0.000 
257.2 40.549728 -3.475612 77.7 100.0 100.0 90.2 100.0 53.4 0.0 100.0 0.000 0.280 0.750 0.000 86.3 100.0 100.0 100.0 100.0 81.4 23.0 100.0 0.427 0.111 0.462 0.000 
258.2 40.549953 -3.475789 77.7 100.0 100.0 90.2 100.0 53.4 0.0 100.0 0.000 0.279 0.750 0.000 86.6 100.0 100.0 100.0 100.0 82.4 24.0 100.0 0.439 0.105 0.456 0.000 
259.2 40.550171 -3.475976 77.7 100.0 100.0 90.3 100.0 53.5 0.0 100.0 0.000 0.279 0.750 0.000 86.8 100.0 100.0 100.0 100.0 82.4 25.5 100.0 0.447 0.106 0.447 0.000 
260.2 40.550388 -3.476163 77.7 100.0 100.0 90.3 100.0 53.6 0.0 100.0 0.000 0.279 0.750 0.000 86.9 100.0 100.0 100.0 100.0 82.4 26.0 100.0 0.450 0.106 0.444 0.000 
261.2 40.550598 -3.476353 77.7 100.0 100.0 90.3 100.0 53.6 0.0 100.0 0.000 0.278 0.750 0.000 87.3 100.0 100.0 100.0 100.0 83.8 27.6 100.0 0.468 0.097 0.435 0.000 
262.2 40.550808 -3.476555 77.7 100.0 100.0 90.4 100.0 53.7 0.0 100.0 0.000 0.278 0.750 0.000 87.6 100.0 100.0 100.0 100.0 85.4 28.0 100.0 0.481 0.087 0.432 0.000 
263.2 40.551018 -3.476767 77.7 100.0 100.0 90.4 100.0 53.8 0.0 100.0 0.000 0.277 0.750 0.000 88.1 100.0 100.0 100.0 100.0 87.1 29.6 100.0 0.500 0.078 0.422 0.000 
264.2 40.551224 -3.476984 77.8 100.0 100.0 90.5 100.0 53.9 0.0 100.0 0.000 0.277 0.750 0.000 88.4 100.0 100.0 100.0 100.0 88.5 30.0 100.0 0.511 0.069 0.420 0.000 
265.2 40.551418 -3.477222 77.8 100.0 100.0 90.5 100.0 53.9 0.0 100.0 0.000 0.276 0.750 0.000 88.5 100.0 100.0 100.0 100.0 88.8 30.4 100.0 0.515 0.067 0.418 0.000 
266.2 40.551620 -3.477449 77.8 100.0 100.0 90.5 100.0 54.0 0.0 100.0 0.000 0.276 0.750 0.000 88.8 100.0 100.0 100.0 100.0 90.5 30.8 100.0 0.528 0.057 0.415 0.000 
267.2 40.551815 -3.477680 77.8 100.0 100.0 90.6 100.0 54.1 0.0 100.0 0.000 0.275 0.750 0.000 89.0 100.0 100.0 100.0 100.0 92.1 31.1 100.0 0.540 0.047 0.413 0.000 
268.2 40.552010 -3.477917 77.8 100.0 100.0 90.6 100.0 54.2 0.0 100.0 0.000 0.275 0.750 0.000 89.3 100.0 100.0 100.0 100.0 93.9 31.5 100.0 0.552 0.037 0.411 0.000 
269.2 40.552200 -3.478164 77.8 100.0 100.0 90.6 100.0 54.2 0.0 100.0 0.000 0.275 0.750 0.000 89.4 100.0 100.0 100.0 100.0 94.2 31.8 100.0 0.556 0.035 0.409 0.000 
270.2 40.552391 -3.478404 77.9 100.0 100.0 90.7 100.0 54.3 0.0 100.0 0.000 0.274 0.750 0.000 89.5 100.0 100.0 100.0 100.0 94.2 32.1 100.0 0.558 0.035 0.407 0.000 
271.2 40.552578 -3.478653 77.9 100.0 100.0 90.7 100.0 54.4 0.0 100.0 0.000 0.274 0.750 0.000 89.5 100.0 100.0 100.0 100.0 94.2 32.5 100.0 0.560 0.035 0.405 0.000 
272.2 40.552761 -3.478916 77.9 100.0 100.0 90.7 100.0 54.4 0.0 100.0 0.000 0.273 0.750 0.000 89.6 100.0 100.0 100.0 100.0 94.7 32.8 100.0 0.565 0.032 0.403 0.000 
273.2 40.552937 -3.479183 77.9 100.0 100.0 90.8 100.0 54.5 0.0 100.0 0.000 0.273 0.750 0.000 89.9 100.0 100.0 100.0 100.0 96.3 33.1 100.0 0.576 0.022 0.402 0.000 
274.2 40.553116 -3.479460 77.9 100.0 100.0 90.8 100.0 54.6 0.0 100.0 0.000 0.272 0.750 0.000 90.2 100.0 100.0 100.0 100.0 97.9 33.3 100.0 0.588 0.012 0.400 0.000 
275.2 40.553272 -3.479749 77.9 100.0 100.0 90.8 100.0 54.6 0.0 100.0 0.000 0.272 0.750 0.000 90.3 100.0 100.0 100.0 100.0 99.3 32.8 100.0 0.593 0.004 0.403 0.000 
276.2 40.553432 -3.480031 77.9 100.0 100.0 90.9 100.0 54.7 0.0 100.0 0.000 0.272 0.750 0.000 90.9 100.0 100.0 100.0 100.0 99.3 36.7 100.0 0.616 0.004 0.380 0.000 
277.2 40.553589 -3.480333 78.0 100.0 100.0 90.9 100.0 54.8 0.0 100.0 0.000 0.271 0.750 0.000 91.1 100.0 100.0 100.0 100.0 99.3 38.3 100.0 0.626 0.004 0.370 0.000 
278.2 40.553749 -3.480626 78.0 100.0 100.0 90.9 100.0 54.8 0.0 100.0 0.000 0.271 0.750 0.000 91.0 100.0 100.0 100.0 100.0 99.4 37.7 100.0 0.622 0.004 0.374 0.000 
279.2 40.553894 -3.480926 78.0 100.0 100.0 91.0 100.0 54.9 0.0 100.0 0.000 0.271 0.750 0.000 91.2 100.0 100.0 100.0 100.0 99.4 39.3 100.0 0.632 0.004 0.364 0.000 
280.2 40.554039 -3.481252 78.0 100.0 100.0 91.0 100.0 55.0 0.0 100.0 0.000 0.270 0.750 0.000 91.8 100.0 100.0 100.0 100.0 99.4 43.3 100.0 0.656 0.004 0.340 0.000 
281.2 40.554188 -3.481578 78.0 100.0 100.0 91.0 100.0 55.0 0.0 100.0 0.000 0.270 0.750 0.000 92.1 100.0 100.0 100.0 100.0 99.4 45.0 100.0 0.666 0.004 0.330 0.000 
282.2 40.554329 -3.481908 78.0 100.0 100.0 91.1 100.0 55.1 0.0 100.0 0.000 0.269 0.750 0.000 92.3 100.0 100.0 100.0 100.0 99.4 46.7 100.0 0.676 0.004 0.320 0.000 
283.2 40.554470 -3.482249 78.0 100.0 100.0 91.1 100.0 55.2 0.0 100.0 0.000 0.269 0.750 0.000 92.5 100.0 100.0 100.0 100.0 99.4 48.3 100.0 0.686 0.004 0.310 0.000 
284.2 40.554607 -3.482593 78.1 100.0 100.0 91.2 100.0 55.2 0.0 100.0 0.000 0.269 0.750 0.000 92.5 100.0 100.0 100.0 100.0 99.4 48.3 100.0 0.686 0.004 0.310 0.000 
285.2 40.554726 -3.482953 78.1 100.0 100.0 91.2 100.0 55.3 0.0 100.0 0.000 0.268 0.750 0.000 92.5 100.0 100.0 100.0 100.0 99.4 48.3 100.0 0.686 0.004 0.310 0.000 
286.2 40.554840 -3.483319 78.1 100.0 100.0 91.2 100.0 55.4 0.0 100.0 0.000 0.268 0.750 0.000 92.5 100.0 100.0 100.0 100.0 99.4 48.3 100.0 0.686 0.004 0.310 0.000 
287.2 40.554958 -3.483682 78.1 100.0 100.0 91.3 100.0 55.4 0.0 100.0 0.000 0.267 0.750 0.000 92.5 100.0 100.0 100.0 100.0 99.4 48.3 100.0 0.686 0.004 0.310 0.000 
288.2 40.555073 -3.484051 78.1 100.0 100.0 91.3 100.0 55.5 0.0 100.0 0.000 0.267 0.750 0.000 92.2 100.0 100.0 100.0 100.0 99.4 45.9 100.0 0.672 0.004 0.325 0.000 
289.2 40.555172 -3.484426 78.1 100.0 100.0 91.3 100.0 55.6 0.0 100.0 0.000 0.267 0.750 0.000 92.2 100.0 100.0 100.0 100.0 99.4 45.9 100.0 0.672 0.004 0.325 0.000 
290.2 40.555283 -3.484794 78.1 100.0 100.0 91.4 100.0 55.6 0.0 100.0 0.000 0.266 0.750 0.000 91.7 100.0 100.0 100.0 100.0 99.4 42.6 100.0 0.652 0.004 0.344 0.000 
291.2 40.555374 -3.485183 78.2 100.0 100.0 91.4 100.0 55.7 0.0 100.0 0.000 0.266 0.750 0.000 91.2 100.0 100.0 100.0 100.0 99.4 39.3 100.0 0.632 0.004 0.364 0.000 
292.2 40.555466 -3.485571 78.2 100.0 100.0 91.4 100.0 55.8 0.0 100.0 0.000 0.265 0.750 0.000 90.6 100.0 100.0 100.0 100.0 99.4 35.0 100.0 0.606 0.004 0.390 0.000 
293.2 40.555534 -3.485965 78.2 100.0 100.0 91.5 100.0 55.8 0.0 100.0 0.000 0.265 0.750 0.000 90.1 100.0 100.0 100.0 100.0 99.4 31.7 100.0 0.586 0.004 0.410 0.000 
294.2 40.555603 -3.486363 78.2 100.0 100.0 91.5 100.0 55.9 0.0 100.0 0.000 0.265 0.750 0.000 89.7 100.0 100.0 100.0 100.0 99.4 28.3 100.0 0.566 0.004 0.430 0.000 
295.2 40.555672 -3.486760 78.2 100.0 100.0 91.5 100.0 56.0 0.0 100.0 0.000 0.264 0.750 0.000 89.4 100.0 100.0 100.0 100.0 99.3 26.2 100.0 0.553 0.004 0.443 0.000 
296.2 40.555729 -3.487167 78.2 100.0 100.0 91.6 100.0 56.0 0.0 100.0 0.000 0.264 0.750 0.000 88.4 100.0 100.0 100.0 100.0 99.3 19.7 100.0 0.514 0.004 0.482 0.000 
297.2 40.555782 -3.487586 78.2 100.0 100.0 91.6 100.0 56.1 0.0 100.0 0.000 0.263 0.750 0.000 87.3 100.0 100.0 100.0 100.0 99.3 11.7 100.0 0.466 0.004 0.530 0.000 
298.2 40.555828 -3.488014 78.3 100.0 100.0 91.6 100.0 56.2 0.0 100.0 0.000 0.263 0.750 0.000 86.8 100.0 100.0 100.0 100.0 99.3 8.3 100.0 0.446 0.004 0.550 0.000 
299.2 40.555866 -3.488404 78.3 100.0 100.0 91.7 100.0 56.2 0.0 100.0 0.000 0.263 0.750 0.000 86.3 100.0 100.0 100.0 100.0 99.3 5.0 100.0 0.426 0.004 0.570 0.000 
300.2 40.555885 -3.488814 78.3 100.0 100.0 91.7 100.0 56.3 0.0 100.0 0.000 0.262 0.750 0.000 86.1 100.0 100.0 100.0 100.0 99.3 3.3 100.0 0.416 0.004 0.580 0.000 
301.2 40.555901 -3.489216 78.3 100.0 100.0 91.7 100.0 56.3 0.0 100.0 0.000 0.262 0.750 0.000 85.6 100.0 100.0 100.0 100.0 99.3 0.0 100.0 0.396 0.004 0.600 0.000 
302.2 40.555885 -3.489607 78.3 100.0 100.0 91.8 100.0 56.4 0.0 100.0 0.000 0.262 0.750 0.000 85.6 100.0 100.0 100.0 100.0 99.3 0.0 100.0 0.396 0.004 0.600 0.000 
303.2 40.555862 -3.489987 78.3 100.0 100.0 91.8 100.0 56.5 0.0 100.0 0.000 0.261 0.750 0.000 85.6 100.0 100.0 100.0 100.0 99.3 0.0 100.0 0.396 0.004 0.600 0.000 
304.2 40.555828 -3.490366 78.3 100.0 100.0 91.8 100.0 56.5 0.0 100.0 0.000 0.261 0.750 0.000 85.6 100.0 100.0 100.0 100.0 99.3 0.0 100.0 0.396 0.004 0.600 0.000 
305.2 40.555786 -3.490735 78.4 100.0 100.0 91.9 100.0 56.6 0.0 100.0 0.000 0.260 0.750 0.000 85.6 100.0 100.0 100.0 100.0 99.3 0.0 100.0 0.396 0.004 0.600 0.000 
306.2 40.555729 -3.491108 78.4 100.0 100.0 91.9 100.0 56.7 0.0 100.0 0.000 0.260 0.750 0.000 85.6 100.0 100.0 100.0 100.0 99.5 0.0 100.0 0.397 0.003 0.600 0.000 
307.2 40.555656 -3.491478 78.4 100.0 100.0 91.9 100.0 56.7 0.0 100.0 0.000 0.260 0.750 0.000 85.6 100.0 100.0 100.0 100.0 99.5 0.0 100.0 0.397 0.003 0.600 0.000 
308.2 40.555576 -3.491842 78.4 100.0 100.0 91.9 100.0 56.8 0.0 100.0 0.000 0.259 0.750 0.000 85.6 100.0 100.0 100.0 100.0 99.5 0.0 100.0 0.397 0.003 0.600 0.000 
309.2 40.555485 -3.492204 78.4 100.0 100.0 92.0 100.0 56.9 0.0 100.0 0.000 0.259 0.750 0.000 85.6 100.0 100.0 100.0 100.0 99.5 0.0 100.0 0.397 0.003 0.600 0.000 
310.2 40.555378 -3.492552 78.4 100.0 100.0 92.0 100.0 56.9 0.0 100.0 0.000 0.258 0.750 0.000 85.6 100.0 100.0 100.0 100.0 99.5 0.0 100.0 0.397 0.003 0.600 0.000 
311.2 40.555252 -3.492889 78.4 100.0 100.0 92.0 100.0 57.0 0.0 100.0 0.000 0.258 0.750 0.000 85.6 100.0 100.0 100.0 100.0 99.5 0.0 100.0 0.397 0.003 0.600 0.000 
312.2 40.555134 -3.493214 78.4 100.0 100.0 92.0 100.0 57.1 0.0 100.0 0.000 0.258 0.750 0.000 85.6 100.0 100.0 100.0 100.0 99.5 0.0 100.0 0.397 0.003 0.600 0.000 
313.2 40.555004 -3.493548 78.5 100.0 100.0 92.1 100.0 57.1 0.0 100.0 0.000 0.257 0.750 0.000 85.6 100.0 100.0 100.0 100.0 99.5 0.0 100.0 0.397 0.003 0.600 0.000 
314.2 40.554878 -3.493881 78.5 100.0 100.0 92.1 100.0 57.2 0.0 100.0 0.000 0.257 0.750 0.000 85.4 100.0 100.0 100.0 100.0 97.6 0.0 100.0 0.385 0.015 0.600 0.000 
315.2 40.554749 -3.494209 78.5 100.0 100.0 92.1 100.0 57.3 0.0 100.0 0.000 0.256 0.750 0.000 85.1 100.0 100.0 100.0 100.0 95.8 0.0 100.0 0.375 0.025 0.600 0.000 
316.2 40.554626 -3.494543 78.5 100.0 100.0 92.2 100.0 57.3 0.0 100.0 0.000 0.256 0.750 0.000 85.1 100.0 100.0 100.0 100.0 95.6 0.0 100.0 0.373 0.027 0.600 0.000 
317.2 40.554516 -3.494895 78.5 100.0 100.0 92.2 100.0 57.4 0.0 100.0 0.000 0.256 0.750 0.000 85.1 100.0 100.0 100.0 100.0 95.4 0.0 100.0 0.373 0.027 0.600 0.000 
318.2 40.554428 -3.495246 78.5 100.0 100.0 92.2 100.0 57.5 0.0 100.0 0.000 0.255 0.750 0.000 84.8 100.0 100.0 100.0 100.0 93.9 0.0 100.0 0.363 0.037 0.600 0.000 
319.2 40.554348 -3.495604 78.5 100.0 100.0 92.2 100.0 57.5 0.0 100.0 0.000 0.255 0.750 0.000 84.6 100.0 100.0 100.0 100.0 92.3 0.0 100.0 0.354 0.046 0.600 0.000 
320.2 40.554287 -3.495977 78.5 100.0 100.0 92.3 100.0 57.6 0.0 100.0 0.000 0.254 0.750 0.000 84.3 100.0 100.0 100.0 100.0 90.4 0.0 100.0 0.343 0.057 0.600 0.000 
321.2 40.554241 -3.496360 78.6 100.0 100.0 92.3 100.0 57.6 0.0 100.0 0.000 0.254 0.750 0.000 84.1 100.0 100.0 100.0 100.0 88.8 0.0 100.0 0.333 0.067 0.600 0.000 
322.2 40.554195 -3.496744 78.6 100.0 100.0 92.3 100.0 57.7 0.0 100.0 0.000 0.254 0.750 0.000 83.9 100.0 100.0 100.0 100.0 87.3 0.0 100.0 0.324 0.076 0.600 0.000 
323.2 40.554180 -3.497125 78.6 100.0 100.0 92.3 100.0 57.8 0.0 100.0 0.000 0.253 0.750 0.000 83.7 100.0 100.0 100.0 100.0 85.9 0.0 100.0 0.315 0.085 0.600 0.000 
324.2 40.554184 -3.497488 78.6 100.0 100.0 92.4 100.0 57.8 0.0 100.0 0.000 0.253 0.750 0.000 83.6 100.0 100.0 100.0 100.0 85.5 0.0 100.0 0.313 0.087 0.600 0.000 
325.2 40.554199 -3.497861 78.6 100.0 100.0 92.4 100.0 57.9 0.0 100.0 0.000 0.253 0.750 0.000 83.4 100.0 100.0 100.0 100.0 83.7 0.0 100.0 0.302 0.098 0.600 0.000 
326.2 40.554234 -3.498233 78.6 100.0 100.0 92.4 100.0 57.9 0.0 100.0 0.000 0.253 0.750 0.000 83.2 100.0 100.0 100.0 100.0 82.3 0.0 100.0 0.294 0.106 0.600 0.000 
327.2 40.554287 -3.498617 78.6 100.0 100.0 92.4 100.0 57.9 0.0 100.0 0.000 0.252 0.750 0.000 83.0 100.0 100.0 100.0 100.0 80.7 0.0 100.0 0.284 0.116 0.600 0.000 
328.2 40.554352 -3.498991 78.6 100.0 100.0 92.5 100.0 58.0 0.0 100.0 0.000 0.252 0.750 0.000 82.7 100.0 100.0 100.0 100.0 79.2 0.0 100.0 0.275 0.125 0.600 0.000 
329.2 40.554428 -3.499367 78.6 100.0 100.0 92.5 100.0 58.0 0.0 100.0 0.000 0.252 0.750 0.000 82.7 100.0 100.0 100.0 100.0 78.9 0.0 100.0 0.273 0.127 0.600 0.000 
330.2 40.554508 -3.499746 78.7 100.0 100.0 92.5 100.0 58.1 0.0 100.0 0.000 0.252 0.750 0.000 82.7 100.0 100.0 100.0 100.0 78.8 0.0 100.0 0.273 0.127 0.600 0.000 
331.2 40.554592 -3.500101 75.9 100.0 81.0 92.5 100.0 58.1 0.0 100.0 0.000 0.252 0.750 0.000 69.1 100.0 5.2 100.0 100.0 78.2 0.0 100.0 0.267 0.133 0.600 0.000 
332.2 40.554676 -3.500444 76.0 100.0 81.1 92.6 100.0 58.1 0.0 100.0 0.000 0.252 0.750 0.000 68.9 100.0 5.2 100.0 100.0 76.8 0.0 100.0 0.259 0.141 0.600 0.000 
333.2 40.554775 -3.500772 71.6 100.0 81.1 61.9 100.0 58.1 0.0 100.0 0.000 0.252 0.750 0.000 54.3 100.0 5.2 0.0 100.0 75.1 0.0 100.0 0.247 0.153 0.600 0.000 
334.2 40.554909 -3.501074 71.6 100.0 81.2 62.0 100.0 58.2 0.0 100.0 0.000 0.252 0.750 0.000 54.3 100.0 6.7 0.0 100.0 73.3 0.0 100.0 0.236 0.164 0.600 0.000 
335.2 40.555054 -3.501378 71.7 100.0 81.3 62.2 100.0 58.2 0.0 100.0 0.000 0.252 0.750 0.000 53.8 100.0 5.2 0.0 100.0 71.7 0.0 100.0 0.226 0.174 0.600 0.000 
336.2 40.555210 -3.501677 71.7 100.0 81.4 62.3 100.0 58.2 0.0 100.0 0.000 0.252 0.750 0.000 53.8 100.0 6.8 0.0 100.0 70.1 0.0 100.0 0.217 0.183 0.600 0.000 
337.2 40.555370 -3.501972 71.7 100.0 81.4 62.4 100.0 58.2 0.0 100.0 0.000 0.252 0.750 0.000 53.4 100.0 5.2 0.0 100.0 68.4 0.0 100.0 0.206 0.194 0.600 0.000 
338.2 40.555538 -3.502265 71.7 100.0 81.5 62.5 100.0 58.2 0.0 100.0 0.000 0.252 0.750 0.000 53.3 100.0 5.3 0.0 100.0 67.6 0.0 100.0 0.201 0.199 0.600 0.000 
339.2 40.555695 -3.502575 71.8 100.0 81.6 62.6 100.0 58.2 0.0 100.0 0.000 0.252 0.750 0.000 53.3 100.0 5.3 0.0 100.0 67.5 0.0 100.0 0.201 0.199 0.600 0.000 
340.2 40.555836 -3.502914 71.8 100.0 81.7 62.7 100.0 58.2 0.0 100.0 0.000 0.252 0.750 0.000 53.5 100.0 7.0 0.0 100.0 67.5 0.0 100.0 0.201 0.199 0.600 0.000 
341.2 40.555977 -3.503258 71.8 100.0 81.8 62.8 100.0 58.1 0.0 100.0 0.000 0.252 0.750 0.000 53.5 100.0 7.0 0.0 100.0 67.6 0.0 100.0 0.201 0.199 0.600 0.000 
342.2 40.556107 -3.503598 71.8 100.0 81.8 63.0 100.0 58.1 0.0 100.0 0.000 0.252 0.750 1.000 53.5 100.0 7.0 0.0 100.0 67.7 0.0 100.0 0.202 0.198 0.600 1.000 
343.2 40.556229 -3.503951 71.9 100.0 81.9 63.1 100.0 58.1 0.0 100.0 0.000 0.252 0.750 1.000 53.5 100.0 7.1 0.0 100.0 67.6 0.0 100.0 0.201 0.199 0.600 1.000 
344.2 40.556339 -3.504308 71.9 100.0 82.0 63.2 100.0 58.1 0.0 100.0 0.000 0.252 0.750 0.000 53.5 100.0 7.1 0.0 100.0 67.6 0.0 100.0 0.202 0.198 0.600 0.000 
345.2 40.556431 -3.504676 71.9 100.0 82.1 63.3 100.0 58.1 0.0 100.0 0.000 0.252 0.750 1.000 53.5 100.0 7.1 0.0 100.0 67.5 0.0 100.0 0.201 0.199 0.600 1.000 
346.2 40.556515 -3.505026 72.0 100.0 82.1 63.4 100.0 58.1 0.0 100.0 0.000 0.252 0.750 1.000 53.5 100.0 7.0 0.0 100.0 67.5 0.0 100.0 0.201 0.199 0.600 1.000 
347.2 40.556595 -3.505410 72.0 100.0 82.2 63.5 100.0 58.1 0.0 100.0 0.000 0.252 0.750 1.000 53.2 100.0 5.3 0.0 100.0 67.4 0.0 100.0 0.200 0.200 0.600 1.000 
348.2 40.556648 -3.505799 72.0 100.0 82.3 63.6 100.0 58.1 0.0 100.0 0.000 0.252 0.750 1.000 53.2 100.0 5.3 0.0 100.0 67.4 0.0 100.0 0.200 0.200 0.600 1.000 
349.2 40.556698 -3.506190 72.0 100.0 82.4 63.7 100.0 58.1 0.0 100.0 0.000 0.252 0.750 1.000 53.2 100.0 5.3 0.0 100.0 67.3 0.0 100.0 0.199 0.201 0.600 1.000 
350.2 40.556721 -3.506581 72.1 100.0 82.4 63.9 100.0 58.1 0.0 100.0 0.000 0.252 0.750 0.000 53.2 100.0 5.2 0.0 100.0 67.3 0.0 100.0 0.200 0.200 0.600 0.000 
351.2 40.556744 -3.506988 72.1 100.0 82.5 64.0 100.0 58.1 0.0 100.0 0.000 0.252 0.750 0.000 53.2 100.0 5.2 0.0 100.0 67.3 0.0 100.0 0.200 0.200 0.600 0.000 
352.2 40.556751 -3.507386 72.1 100.0 82.6 64.1 100.0 58.1 0.0 100.0 0.000 0.252 0.750 0.000 53.5 100.0 7.0 0.0 100.0 67.3 0.0 100.0 0.200 0.200 0.600 0.000 
353.2 40.556744 -3.507786 72.1 100.0 82.7 64.2 100.0 58.1 0.0 100.0 0.000 0.252 0.750 0.000 53.2 100.0 5.2 0.0 100.0 67.3 0.0 100.0 0.200 0.200 0.600 0.000 
354.2 40.556728 -3.508194 72.2 100.0 82.7 64.3 100.0 58.1 0.0 100.0 0.000 0.252 0.750 0.000 53.2 100.0 5.2 0.0 100.0 67.1 0.0 100.0 0.199 0.201 0.600 0.000 
355.2 40.556721 -3.508587 72.2 100.0 82.8 64.4 100.0 58.0 0.0 100.0 0.000 0.252 0.750 0.000 53.2 100.0 5.1 0.0 100.0 67.1 0.0 100.0 0.199 0.201 0.600 0.000 
356.2 40.556709 -3.508994 72.2 100.0 82.9 64.5 100.0 58.0 0.0 100.0 0.000 0.252 0.750 0.000 53.4 100.0 6.9 0.0 100.0 67.1 0.0 100.0 0.198 0.202 0.600 0.000 
357.2 40.556705 -3.509395 72.2 100.0 83.0 64.6 100.0 58.0 0.0 100.0 0.000 0.253 0.750 1.000 53.4 100.0 6.8 0.0 100.0 67.2 0.0 100.0 0.199 0.201 0.600 1.000 
358.2 40.556721 -3.509798 72.3 100.0 83.0 64.8 100.0 58.0 0.0 100.0 0.000 0.253 0.750 1.000 53.2 100.0 4.9 0.0 100.0 67.2 0.0 100.0 0.199 0.201 0.600 1.000 
359.2 40.556747 -3.510203 72.3 100.0 83.1 64.9 100.0 58.0 0.0 100.0 0.000 0.253 0.750 0.000 53.4 100.0 6.6 0.0 100.0 67.3 0.0 100.0 0.200 0.200 0.600 0.000 
360.2 40.556805 -3.510604 72.3 100.0 83.2 65.0 100.0 58.0 0.0 100.0 0.000 0.253 0.750 1.000 53.2 100.0 4.9 0.0 100.0 67.3 0.0 100.0 0.200 0.200 0.600 1.000 
361.2 40.556873 -3.511009 72.3 100.0 83.3 65.1 100.0 58.0 0.0 100.0 0.000 0.253 0.750 0.000 53.4 100.0 6.7 0.0 100.0 67.2 0.0 100.0 0.199 0.201 0.600 0.000 
362.2 40.556953 -3.511399 69.6 100.0 64.3 65.2 100.0 58.0 0.0 100.0 0.000 0.253 0.750 0.000 52.4 100.0 0.0 0.0 100.0 66.7 0.0 100.0 0.194 0.206 0.600 0.000 
363.2 40.557049 -3.511784 69.7 100.0 64.4 65.3 100.0 58.0 0.0 100.0 0.000 0.253 0.750 0.000 52.1 100.0 0.0 0.0 100.0 65.0 0.0 100.0 0.184 0.216 0.600 0.000 
364.2 40.557148 -3.512163 69.7 100.0 64.5 65.4 100.0 58.0 0.0 100.0 0.000 0.253 0.750 0.000 51.9 100.0 0.0 0.0 100.0 63.1 0.0 100.0 0.172 0.228 0.600 0.000 
365.2 40.557270 -3.512534 69.7 100.0 64.7 65.5 100.0 57.9 0.0 100.0 0.000 0.253 0.750 0.000 51.8 100.0 0.0 0.0 100.0 62.8 0.0 100.0 0.171 0.229 0.600 0.000 
366.2 40.557404 -3.512876 69.8 100.0 64.8 65.6 100.0 57.9 0.0 100.0 0.000 0.254 0.750 0.000 51.8 100.0 0.0 0.0 100.0 62.8 0.0 100.0 0.171 0.229 0.600 0.000 
367.2 40.557541 -3.513219 67.1 100.0 46.1 65.7 100.0 57.9 0.0 100.0 0.000 0.254 0.750 0.000 51.8 100.0 0.0 0.0 100.0 62.8 0.0 100.0 0.169 0.231 0.600 0.000 
368.2 40.557705 -3.513531 67.1 100.0 46.3 65.8 100.0 57.8 0.0 100.0 0.000 0.254 0.750 0.000 51.7 100.0 0.0 0.0 100.0 61.6 0.0 100.0 0.161 0.239 0.600 0.000 
369.2 40.557873 -3.513837 67.2 100.0 46.5 65.9 100.0 57.8 0.0 100.0 0.000 0.255 0.750 0.000 51.6 100.0 0.0 0.0 100.0 60.9 0.0 100.0 0.157 0.243 0.600 0.000 
370.2 40.558056 -3.514105 67.2 100.0 46.6 66.0 100.0 57.8 0.0 100.0 0.000 0.255 0.750 0.000 51.3 100.0 0.0 0.0 100.0 59.2 0.0 100.0 0.147 0.253 0.600 0.000 
371.2 40.558254 -3.514360 67.2 100.0 46.8 66.1 100.0 57.7 0.0 100.0 0.000 0.255 0.750 0.000 51.1 100.0 0.0 0.0 100.0 57.4 0.0 100.0 0.136 0.264 0.600 0.000 
372.2 40.558460 -3.514627 67.3 100.0 47.0 66.2 100.0 57.7 0.0 100.0 0.000 0.256 0.750 0.000 50.8 100.0 0.0 0.0 100.0 55.8 0.0 100.0 0.127 0.273 0.600 0.000 
373.2 40.558678 -3.514879 67.3 100.0 47.1 66.3 100.0 57.6 0.0 100.0 0.000 0.256 0.750 1.000 50.6 100.0 0.0 0.0 100.0 54.3 0.0 100.0 0.117 0.283 0.600 1.000 
374.2 40.558926 -3.515153 67.3 100.0 47.3 66.4 100.0 57.5 0.0 100.0 0.000 0.256 0.750 0.000 50.7 100.0 0.0 0.0 100.0 54.6 0.0 100.0 0.119 0.281 0.600 0.000 
375.2 40.559166 -3.515383 64.7 100.0 29.1 66.5 100.0 57.4 0.0 100.0 0.000 0.257 0.750 0.000 50.7 100.0 0.0 0.0 100.0 54.9 0.0 100.0 0.120 0.280 0.600 0.000 
376.2 40.559402 -3.515609 64.8 100.0 29.3 66.6 100.0 57.4 0.0 100.0 0.000 0.258 0.750 0.000 50.5 100.0 0.0 0.0 100.0 53.8 0.0 100.0 0.113 0.287 0.600 0.000 
377.2 40.559647 -3.515813 64.8 100.0 29.5 66.7 100.0 57.3 0.0 100.0 0.000 0.258 0.750 0.000 50.4 100.0 0.0 0.0 100.0 52.6 0.0 100.0 0.106 0.294 0.600 0.000 
378.2 40.559910 -3.515973 64.8 100.0 29.7 66.7 100.0 57.2 0.0 100.0 0.000 0.258 0.750 0.000 50.4 100.0 0.0 0.0 100.0 52.9 0.0 100.0 0.107 0.293 0.600 0.000 
379.2 40.560188 -3.516151 64.8 100.0 30.0 66.8 100.0 57.1 0.0 100.0 0.000 0.259 0.750 0.000 50.5 100.0 0.0 0.0 100.0 53.4 0.0 100.0 0.111 0.289 0.600 0.000 
380.2 40.560459 -3.516300 64.9 100.0 30.2 66.9 100.0 57.1 0.0 100.0 0.000 0.259 0.750 0.000 50.6 100.0 0.0 0.0 100.0 54.1 0.0 100.0 0.114 0.286 0.600 0.000 
381.2 40.560722 -3.516440 64.9 100.0 30.4 67.0 100.0 57.0 0.0 100.0 0.000 0.260 0.750 0.000 50.7 100.0 0.0 0.0 100.0 54.7 0.0 100.0 0.118 0.282 0.600 0.000 
382.2 40.561008 -3.516546 64.9 100.0 30.6 67.1 100.0 56.9 0.0 100.0 0.000 0.260 0.750 0.000 50.7 100.0 0.0 0.0 100.0 54.7 0.0 100.0 0.118 0.282 0.600 0.000 
383.2 40.561298 -3.516652 65.0 100.0 30.8 67.2 100.0 56.9 0.0 100.0 0.000 0.260 0.750 0.000 50.6 100.0 0.0 0.0 100.0 54.4 0.0 100.0 0.116 0.284 0.600 0.000 
384.2 40.561588 -3.516732 65.0 100.0 31.0 67.3 100.0 56.8 0.0 100.0 0.000 0.261 0.750 0.000 50.4 100.0 0.0 0.0 100.0 53.1 0.0 100.0 0.108 0.292 0.600 0.000 
385.2 40.561878 -3.516793 61.3 100.0 31.2 41.1 100.0 56.7 0.0 100.0 0.000 0.262 0.750 0.000 50.5 100.0 0.0 0.0 100.0 53.5 0.0 100.0 0.109 0.291 0.600 0.000 
386.2 40.562168 -3.516845 61.3 100.0 31.4 41.2 100.0 56.7 0.0 100.0 0.000 0.262 0.750 0.000 50.6 100.0 0.0 0.0 100.0 54.4 0.0 100.0 0.114 0.286 0.600 0.000 
387.2 40.562462 -3.516891 60.8 100.0 27.4 41.4 100.0 56.6 0.0 100.0 0.000 0.262 0.750 1.000 50.9 100.0 0.0 0.0 100.0 56.2 0.0 100.0 0.125 0.275 0.600 1.000 
388.2 40.562756 -3.516934 60.8 100.0 27.6 41.6 100.0 56.6 0.0 100.0 0.000 0.263 0.750 1.000 51.1 100.0 0.0 0.0 100.0 57.8 0.0 100.0 0.134 0.265 0.600 1.000 
389.2 40.563042 -3.516977 60.9 100.0 27.8 41.7 100.0 56.5 0.0 100.0 0.000 0.263 0.750 0.000 51.1 100.0 0.0 0.0 100.0 57.7 0.0 100.0 0.134 0.266 0.600 0.000 
390.2 40.563332 -3.517028 60.9 100.0 28.0 41.9 100.0 56.5 0.0 100.0 0.000 0.263 0.750 0.000 51.1 100.0 0.0 0.0 100.0 57.7 0.0 100.0 0.134 0.266 0.600 0.000 
391.2 40.563614 -3.517078 61.0 100.0 28.2 42.0 100.0 56.4 0.0 100.0 0.000 0.263 0.750 0.000 51.2 100.0 0.0 0.0 100.0 58.4 0.0 100.0 0.140 0.260 0.600 0.000 
392.2 40.563900 -3.517138 61.0 100.0 28.4 42.2 100.0 56.4 0.0 100.0 0.000 0.264 0.750 0.000 51.4 100.0 0.0 0.0 100.0 59.9 0.0 100.0 0.149 0.251 0.600 0.000 
393.2 40.564186 -3.517207 61.1 100.0 28.6 42.3 100.0 56.4 0.0 100.0 0.000 0.264 0.750 0.000 51.7 100.0 0.0 0.0 100.0 61.6 0.0 100.0 0.161 0.239 0.600 0.000 
394.2 40.564476 -3.517276 61.1 100.0 28.8 42.5 100.0 56.4 0.0 100.0 0.000 0.264 0.750 0.000 51.9 100.0 0.0 0.0 100.0 63.3 0.0 100.0 0.172 0.228 0.600 0.000 
395.2 40.564758 -3.517350 61.1 100.0 29.0 42.6 100.0 56.4 0.0 100.0 0.000 0.264 0.750 0.000 52.1 100.0 0.0 0.0 100.0 64.8 0.0 100.0 0.181 0.219 0.600 0.000 
396.2 40.565033 -3.517439 61.2 100.0 29.2 42.8 100.0 56.4 0.0 100.0 0.000 0.264 0.750 0.000 52.3 100.0 0.0 0.0 100.0 66.4 0.0 100.0 0.190 0.210 0.600 0.000 
397.2 40.565304 -3.517543 61.2 100.0 29.4 42.9 100.0 56.4 0.0 100.0 0.000 0.264 0.750 0.000 52.4 100.0 0.0 0.0 100.0 66.8 0.0 100.0 0.192 0.207 0.600 0.000 
398.2 40.565567 -3.517649 61.3 100.0 29.6 43.1 100.0 56.4 0.0 100.0 0.000 0.264 0.750 0.000 52.5 100.0 0.0 0.0 100.0 67.5 0.0 100.0 0.197 0.203 0.600 0.000 
399.2 40.565834 -3.517766 61.3 100.0 29.8 43.2 100.0 56.4 0.0 100.0 0.000 0.264 0.750 0.000 52.5 100.0 0.0 0.0 100.0 67.5 0.0 100.0 0.197 0.203 0.600 0.000 
400.2 40.566090 -3.517880 61.4 100.0 30.0 43.3 100.0 56.4 0.0 100.0 0.000 0.264 0.750 0.000 52.5 100.0 0.0 0.0 100.0 67.5 0.0 100.0 0.197 0.203 0.600 0.000 
401.2 40.566341 -3.518017 61.4 100.0 30.2 43.5 100.0 56.4 0.0 100.0 0.000 0.264 0.750 0.000 52.5 100.0 0.0 0.0 100.0 67.5 0.0 100.0 0.196 0.203 0.600 0.000 
402.2 40.566582 -3.518152 61.5 100.0 30.3 43.6 100.0 56.4 0.0 100.0 0.000 0.264 0.750 0.000 52.5 100.0 0.0 0.0 100.0 67.3 0.0 100.0 0.196 0.204 0.600 0.000 
403.2 40.566818 -3.518305 61.5 100.0 30.5 43.7 100.0 56.4 0.0 100.0 0.000 0.264 0.750 0.000 52.5 100.0 0.0 0.0 100.0 67.3 0.0 100.0 0.195 0.204 0.600 0.000 
404.2 40.567066 -3.518458 61.6 100.0 30.7 43.9 100.0 56.4 0.0 100.0 0.000 0.264 0.750 0.000 52.5 100.0 0.0 0.0 100.0 67.3 0.0 100.0 0.195 0.204 0.600 0.000 
405.2 40.567299 -3.518621 61.6 100.0 30.9 44.0 100.0 56.4 0.0 100.0 0.000 0.264 0.750 0.000 52.5 100.0 0.0 0.0 100.0 67.3 0.0 100.0 0.195 0.204 0.600 0.000 
406.2 40.567539 -3.518782 61.6 100.0 31.0 44.1 100.0 56.4 0.0 100.0 0.000 0.264 0.750 0.000 52.5 100.0 0.0 0.0 100.0 67.4 0.0 100.0 0.196 0.204 0.600 0.000 
407.2 40.567772 -3.518951 61.7 100.0 31.2 44.3 100.0 56.4 0.0 100.0 0.036 0.264 0.700 0.000 52.5 100.0 0.0 0.0 100.0 67.5 0.0 100.0 0.196 0.203 0.600 0.000 
408.2 40.567993 -3.519128 61.7 100.0 31.4 44.4 100.0 56.4 0.0 100.0 0.036 0.264 0.700 0.000 52.5 100.0 0.0 0.0 100.0 67.5 0.0 100.0 0.197 0.203 0.600 0.000 
409.2 40.568233 -3.519344 61.8 100.0 31.6 44.5 100.0 56.4 0.0 100.0 0.036 0.264 0.700 0.000 52.3 100.0 0.0 0.0 100.0 66.2 0.0 100.0 0.189 0.211 0.600 0.000 
410.2 40.568447 -3.519537 61.8 100.0 31.7 44.6 100.0 56.4 0.0 100.0 0.036 0.264 0.700 0.000 52.1 100.0 0.0 0.0 100.0 64.6 0.0 100.0 0.179 0.221 0.600 0.000 
411.2 40.568653 -3.519742 61.9 100.0 31.9 44.8 100.0 56.4 0.0 100.0 0.036 0.264 0.700 0.000 51.8 100.0 0.0 0.0 100.0 62.8 0.0 100.0 0.168 0.231 0.600 0.000 
412.2 40.568863 -3.519952 61.9 100.0 32.1 44.9 100.0 56.3 0.0 100.0 0.036 0.264 0.700 0.000 51.7 100.0 0.0 0.0 100.0 61.7 0.0 100.0 0.162 0.238 0.600 0.000 
413.2 40.569073 -3.520158 61.9 100.0 32.2 45.0 100.0 56.3 0.0 100.0 0.036 0.264 0.700 0.000 51.4 100.0 0.0 0.0 100.0 59.9 0.0 100.0 0.151 0.249 0.600 0.000 
414.2 40.569271 -3.520373 62.0 100.0 32.4 45.1 100.0 56.3 0.0 100.0 0.036 0.264 0.700 0.000 51.2 100.0 0.0 0.0 100.0 58.5 0.0 100.0 0.142 0.257 0.600 0.000 
415.2 40.569454 -3.520587 62.0 100.0 32.5 45.3 100.0 56.2 0.0 100.0 0.035 0.265 0.700 0.000 51.0 100.0 0.0 0.0 100.0 56.8 0.0 100.0 0.132 0.268 0.600 0.000 
416.2 40.569641 -3.520808 62.0 100.0 32.7 45.4 100.0 56.2 0.0 100.0 0.035 0.265 0.700 0.000 51.0 100.0 0.0 0.0 100.0 56.8 0.0 100.0 0.132 0.267 0.600 0.000 
417.2 40.569832 -3.521049 62.1 100.0 32.9 45.5 100.0 56.1 0.0 100.0 0.035 0.265 0.700 0.000 51.0 100.0 0.0 0.0 100.0 56.7 0.0 100.0 0.131 0.268 0.600 0.000 
418.2 40.570007 -3.521292 62.1 100.0 33.0 45.6 100.0 56.1 0.0 100.0 0.035 0.265 0.700 0.000 50.9 100.0 0.0 0.0 100.0 56.5 0.0 100.0 0.130 0.269 0.600 0.000 
419.2 40.570187 -3.521536 62.1 100.0 33.2 45.7 100.0 56.1 0.0 100.0 0.034 0.266 0.700 1.000 50.9 100.0 0.0 0.0 100.0 56.4 0.0 100.0 0.129 0.270 0.600 1.000 
420.2 40.570374 -3.521792 62.2 100.0 33.3 45.9 100.0 56.0 0.0 100.0 0.034 0.266 0.700 0.000 50.9 100.0 0.0 0.0 100.0 56.3 0.0 100.0 0.129 0.270 0.600 0.000 
421.2 40.570553 -3.522056 62.2 100.0 33.5 46.0 100.0 56.0 0.0 100.0 0.034 0.266 0.700 0.000 50.9 100.0 0.0 0.0 100.0 56.4 0.0 100.0 0.130 0.270 0.600 0.000 
422.2 40.570736 -3.522341 62.2 100.0 33.7 46.1 100.0 55.9 0.0 100.0 0.034 0.266 0.700 0.000 51.0 100.0 0.0 0.0 100.0 56.7 0.0 100.0 0.134 0.266 0.600 0.000 
423.2 40.570923 -3.522631 62.3 100.0 33.8 46.2 100.0 55.9 0.0 100.0 0.033 0.267 0.700 0.000 51.2 100.0 0.0 0.0 100.0 58.6 0.0 100.0 0.145 0.255 0.600 0.000 
424.2 40.571087 -3.522929 62.3 100.0 34.0 46.4 100.0 55.9 0.0 100.0 0.033 0.267 0.700 0.000 51.5 100.0 0.0 0.0 100.0 60.7 0.0 100.0 0.158 0.242 0.600 0.000 
425.2 40.571236 -3.523238 62.4 100.0 34.2 46.5 100.0 55.9 0.0 100.0 0.033 0.267 0.700 0.000 52.0 100.0 0.0 0.0 100.0 61.0 3.1 100.0 0.178 0.240 0.582 0.000 
426.2 40.571392 -3.523553 62.4 100.0 34.3 46.6 100.0 55.8 0.0 100.0 0.033 0.267 0.700 0.000 52.0 100.0 0.0 0.0 100.0 61.0 3.0 100.0 0.177 0.240 0.582 0.000 
427.2 40.571545 -3.523875 62.4 100.0 34.5 46.7 100.0 55.8 0.0 100.0 0.033 0.267 0.700 0.000 52.3 100.0 0.0 0.0 100.0 61.2 5.0 100.0 0.193 0.237 0.570 0.000 
428.2 40.571697 -3.524193 62.5 100.0 34.7 46.9 100.0 55.8 0.0 100.0 0.033 0.267 0.700 0.000 52.8 100.0 0.0 0.0 100.0 62.4 7.0 100.0 0.212 0.230 0.558 0.000 
429.2 40.571838 -3.524521 62.5 100.0 34.9 47.0 100.0 55.8 0.0 100.0 0.033 0.267 0.700 0.000 52.6 100.0 0.0 0.0 100.0 63.3 5.1 100.0 0.206 0.225 0.570 0.000 
430.2 40.571972 -3.524869 62.6 100.0 35.0 47.1 100.0 55.8 0.0 100.0 0.033 0.267 0.700 0.000 52.6 100.0 0.0 0.0 100.0 65.1 3.1 100.0 0.204 0.214 0.582 0.000 
431.2 40.572105 -3.525221 62.6 100.0 35.2 47.3 100.0 55.8 0.0 100.0 0.033 0.267 0.700 0.000 52.6 100.0 0.0 0.0 100.0 67.0 1.0 100.0 0.203 0.202 0.594 0.000 
432.2 40.572231 -3.525590 62.7 100.0 35.4 47.4 100.0 55.8 0.0 100.0 0.033 0.267 0.700 0.000 52.6 100.0 0.0 0.0 100.0 68.5 0.0 100.0 0.206 0.193 0.600 0.000 
433.2 40.572334 -3.525984 62.7 100.0 35.6 47.5 100.0 55.8 0.0 100.0 0.033 0.267 0.700 0.000 52.9 100.0 0.0 0.0 100.0 70.2 0.0 100.0 0.217 0.183 0.600 0.000 
434.2 40.572453 -3.526351 62.7 100.0 35.7 47.7 100.0 55.8 0.0 100.0 0.033 0.267 0.700 0.000 53.1 100.0 0.0 0.0 100.0 71.8 0.0 100.0 0.226 0.173 0.600 0.000 
435.2 40.572567 -3.526738 62.8 100.0 35.9 47.8 100.0 55.8 0.0 100.0 0.033 0.267 0.700 0.000 64.9 100.0 80.8 0.0 100.0 73.2 0.0 100.0 0.237 0.163 0.600 0.000 
436.2 40.572685 -3.527134 62.8 100.0 36.1 47.9 100.0 55.9 0.0 100.0 0.033 0.267 0.700 0.000 65.2 100.0 81.3 0.0 100.0 74.9 0.0 100.0 0.247 0.152 0.600 0.000 
437.2 40.572800 -3.527525 62.9 100.0 36.3 48.1 100.0 55.9 0.0 100.0 0.033 0.266 0.700 0.000 65.3 100.0 80.9 0.0 100.0 76.2 0.0 100.0 0.255 0.145 0.600 0.000 
438.2 40.572910 -3.527918 62.9 100.0 36.5 48.2 100.0 55.9 0.0 100.0 0.034 0.266 0.700 0.000 65.5 100.0 80.9 0.0 100.0 77.5 0.0 100.0 0.262 0.137 0.600 0.000 
439.2 40.573025 -3.528298 63.0 100.0 36.6 48.3 100.0 56.0 0.0 100.0 0.034 0.266 0.700 1.000 65.7 100.0 81.4 0.0 100.0 78.3 0.0 100.0 0.267 0.133 0.600 1.000 
440.2 40.573135 -3.528696 63.0 100.0 36.8 48.5 100.0 56.0 0.0 100.0 0.034 0.266 0.700 0.000 65.8 100.0 81.4 0.0 100.0 79.3 0.0 100.0 0.273 0.126 0.600 0.000 
441.2 40.573246 -3.529080 63.1 100.0 37.0 48.6 100.0 56.0 0.0 100.0 0.034 0.266 0.700 0.000 65.9 100.0 81.4 0.0 100.0 80.1 0.0 100.0 0.278 0.121 0.600 0.000 
442.2 40.573368 -3.529458 63.1 100.0 37.1 48.7 100.0 56.1 0.0 100.0 0.034 0.265 0.700 0.000 66.1 100.0 81.5 0.0 100.0 81.6 0.0 100.0 0.287 0.113 0.600 0.000 
443.2 40.573498 -3.529836 63.2 100.0 37.3 48.8 100.0 56.1 0.0 100.0 0.035 0.265 0.700 0.000 66.3 100.0 81.0 0.0 100.0 83.4 0.0 100.0 0.298 0.102 0.600 0.000 
444.2 40.573639 -3.530212 63.2 100.0 37.5 49.0 100.0 56.1 0.0 100.0 0.035 0.265 0.700 0.000 66.6 100.0 81.1 0.0 100.0 85.1 0.0 100.0 0.308 0.091 0.600 0.000 
445.2 40.573784 -3.530581 63.3 100.0 37.7 49.1 100.0 56.2 0.0 100.0 0.035 0.265 0.700 0.000 81.1 100.0 81.1 100.0 100.0 86.5 0.0 100.0 0.319 0.081 0.600 0.000 
446.2 40.573940 -3.530959 63.3 100.0 37.8 49.2 100.0 56.2 0.0 100.0 0.035 0.264 0.700 0.000 81.3 100.0 81.6 100.0 100.0 87.2 0.0 100.0 0.323 0.077 0.600 0.000 
447.2 40.574097 -3.531329 63.4 100.0 38.0 49.4 100.0 56.3 0.0 100.0 0.036 0.264 0.700 0.000 83.9 100.0 100.0 100.0 100.0 87.1 0.0 100.0 0.323 0.077 0.600 0.000 
448.2 40.574272 -3.531685 63.4 100.0 38.2 49.5 100.0 56.3 0.0 100.0 0.036 0.264 0.700 0.000 83.6 100.0 100.0 100.0 100.0 85.4 0.0 100.0 0.313 0.087 0.600 0.000 
449.2 40.574455 -3.532049 63.5 100.0 38.3 49.6 100.0 56.3 0.0 100.0 0.036 0.264 0.700 0.000 83.4 100.0 100.0 100.0 100.0 84.1 0.0 100.0 0.305 0.095 0.600 0.000 
450.2 40.574650 -3.532389 63.5 100.0 38.5 49.7 100.0 56.4 0.0 100.0 0.036 0.264 0.700 0.000 83.4 100.0 100.0 100.0 100.0 83.8 0.0 100.0 0.303 0.097 0.600 0.000 
451.2 40.574829 -3.532753 63.6 100.0 38.7 49.9 100.0 56.4 0.0 100.0 0.037 0.263 0.700 0.000 83.4 100.0 100.0 100.0 100.0 83.8 0.0 100.0 0.303 0.097 0.600 0.000 
452.2 40.575012 -3.533107 63.6 100.0 38.9 50.0 100.0 56.4 0.0 100.0 0.037 0.263 0.700 0.000 83.3 100.0 100.0 100.0 100.0 83.2 0.0 100.0 0.299 0.101 0.600 0.000 
453.2 40.575203 -3.533459 63.7 100.0 39.0 50.1 100.0 56.5 0.0 100.0 0.037 0.263 0.700 0.000 83.2 100.0 100.0 100.0 100.0 82.6 0.0 100.0 0.295 0.105 0.600 0.000 
454.2 40.575386 -3.533810 63.7 100.0 39.2 50.2 100.0 56.5 0.0 100.0 0.037 0.263 0.700 0.000 83.2 100.0 100.0 100.0 100.0 82.6 0.0 100.0 0.296 0.104 0.600 0.000 
455.2 40.575562 -3.534190 63.8 100.0 39.4 50.4 100.0 56.5 0.0 100.0 0.037 0.262 0.700 0.000 83.3 100.0 100.0 100.0 100.0 82.8 0.0 100.0 0.297 0.103 0.600 0.000 
456.2 40.575733 -3.534560 63.8 100.0 39.5 50.5 100.0 56.6 0.0 100.0 0.038 0.262 0.700 0.000 83.3 100.0 100.0 100.0 100.0 82.9 0.0 100.0 0.297 0.103 0.600 0.000 
457.2 40.575893 -3.534922 63.8 100.0 39.7 50.6 100.0 56.6 0.0 100.0 0.038 0.262 0.700 0.000 83.4 100.0 100.0 100.0 100.0 84.1 0.0 100.0 0.305 0.095 0.600 0.000 
458.2 40.576046 -3.535295 63.9 100.0 39.9 50.7 100.0 56.7 0.0 100.0 0.038 0.262 0.700 0.000 83.4 100.0 100.0 100.0 100.0 84.1 0.0 100.0 0.305 0.095 0.600 0.000 
459.2 40.576199 -3.535673 63.9 100.0 40.0 50.9 100.0 56.7 0.0 100.0 0.038 0.262 0.700 0.000 83.4 100.0 100.0 100.0 100.0 84.1 0.0 100.0 0.305 0.095 0.600 0.000 
460.2 40.576347 -3.536069 64.0 100.0 40.2 51.0 100.0 56.7 0.0 100.0 0.039 0.261 0.700 0.000 83.4 100.0 100.0 100.0 100.0 84.1 0.0 100.0 0.305 0.095 0.600 0.000 
461.2 40.576477 -3.536451 64.0 100.0 40.3 51.1 100.0 56.8 0.0 100.0 0.039 0.261 0.700 0.000 83.4 100.0 100.0 100.0 100.0 84.1 0.0 100.0 0.305 0.095 0.600 0.000 
462.2 40.576614 -3.536824 64.1 100.0 40.5 51.2 100.0 56.8 0.0 100.0 0.039 0.261 0.700 0.000 83.4 100.0 100.0 100.0 100.0 84.1 0.0 100.0 0.305 0.095 0.600 0.000 
463.2 40.576740 -3.537207 64.1 100.0 40.7 51.3 100.0 56.8 0.0 100.0 0.039 0.261 0.700 0.000 83.4 100.0 100.0 100.0 100.0 84.1 0.0 100.0 0.305 0.095 0.600 0.000 
464.2 40.576866 -3.537592 64.2 100.0 40.8 51.5 100.0 56.9 0.0 100.0 0.039 0.261 0.700 0.000 83.4 100.0 100.0 100.0 100.0 84.1 0.0 100.0 0.305 0.095 0.600 0.000 
465.2 40.576996 -3.537954 64.2 100.0 41.0 51.6 100.0 56.9 0.0 100.0 0.040 0.260 0.700 0.000 83.4 100.0 100.0 100.0 100.0 84.1 0.0 100.0 0.305 0.095 0.600 0.000 
466.2 40.577114 -3.538337 64.2 100.0 41.1 51.7 100.0 56.9 0.0 100.0 0.040 0.260 0.700 0.000 83.5 100.0 100.0 100.0 100.0 84.2 0.0 100.0 0.305 0.095 0.600 0.000 
467.2 40.577244 -3.538706 64.3 100.0 41.3 51.8 100.0 57.0 0.0 100.0 0.040 0.260 0.700 0.000 83.5 100.0 100.0 100.0 100.0 84.2 0.0 100.0 0.305 0.095 0.600 0.000 
468.2 40.577385 -3.539081 64.3 100.0 41.4 51.9 100.0 57.0 0.0 100.0 0.040 0.260 0.700 0.000 83.5 100.0 100.0 100.0 100.0 84.3 0.0 100.0 0.306 0.094 0.600 0.000 
469.2 40.577522 -3.539460 64.4 100.0 41.6 52.0 100.0 57.0 0.0 100.0 0.040 0.259 0.700 0.000 83.7 100.0 100.0 100.0 100.0 85.6 0.0 100.0 0.314 0.086 0.600 0.000 
470.2 40.577675 -3.539837 64.4 100.0 41.7 52.1 100.0 57.1 0.0 100.0 0.041 0.259 0.700 0.000 83.9 100.0 100.0 100.0 100.0 87.1 0.0 100.0 0.323 0.077 0.600 0.000 
471.2 40.577824 -3.540209 64.5 100.0 41.9 52.2 100.0 57.1 0.0 100.0 0.041 0.259 0.700 0.000 84.1 100.0 100.0 100.0 100.0 88.9 0.0 100.0 0.333 0.067 0.600 0.000 
472.2 40.577976 -3.540581 64.5 100.0 42.0 52.4 100.0 57.2 0.0 100.0 0.041 0.259 0.700 0.000 84.3 100.0 100.0 100.0 100.0 89.9 0.0 100.0 0.340 0.060 0.600 0.000 
473.2 40.578129 -3.540945 64.5 100.0 42.2 52.5 100.0 57.2 0.0 100.0 0.041 0.258 0.700 0.000 84.5 100.0 100.0 100.0 100.0 91.6 0.0 100.0 0.349 0.051 0.600 0.000 
474.2 40.578312 -3.541310 64.6 100.0 42.3 52.6 100.0 57.2 0.0 100.0 0.042 0.258 0.700 0.000 84.7 100.0 100.0 100.0 100.0 93.1 0.0 100.0 0.358 0.042 0.600 0.000 
475.2 40.578506 -3.541673 64.6 100.0 42.5 52.7 100.0 57.3 0.0 100.0 0.042 0.258 0.700 0.000 84.9 100.0 100.0 100.0 100.0 94.6 0.0 100.0 0.368 0.032 0.600 0.000 
476.2 40.578678 -3.542039 64.7 100.0 42.6 52.8 100.0 57.3 0.0 100.0 0.042 0.258 0.700 0.000 84.9 100.0 100.0 100.0 100.0 94.6 0.0 100.0 0.368 0.032 0.600 0.000 
477.2 40.578854 -3.542392 64.7 100.0 42.8 52.9 100.0 57.3 0.0 100.0 0.042 0.258 0.700 0.000 84.9 100.0 100.0 100.0 100.0 94.6 0.0 100.0 0.368 0.032 0.600 0.000 
478.2 40.579033 -3.542732 64.3 100.0 39.6 53.0 100.0 57.4 0.0 100.0 0.043 0.257 0.700 0.000 82.6 100.0 83.4 100.0 100.0 94.6 0.0 100.0 0.367 0.032 0.600 0.000 
479.2 40.579208 -3.543052 64.3 100.0 39.7 53.1 100.0 57.4 0.0 100.0 0.043 0.257 0.700 0.000 82.6 100.0 83.7 100.0 100.0 94.6 0.0 100.0 0.367 0.033 0.600 0.000 
480.2 40.579384 -3.543361 64.4 100.0 39.9 53.2 100.0 57.5 0.0 100.0 0.043 0.257 0.700 0.000 82.6 100.0 83.4 100.0 100.0 94.6 0.0 100.0 0.367 0.032 0.600 0.000 
481.2 40.579552 -3.543646 64.4 100.0 40.0 53.3 100.0 57.5 0.0 100.0 0.043 0.257 0.700 0.000 82.6 100.0 83.8 100.0 100.0 94.6 0.0 100.0 0.367 0.032 0.600 0.000 
482.2 40.579716 -3.543919 64.4 100.0 40.1 53.4 100.0 57.5 0.0 100.0 0.043 0.256 0.700 0.000 82.6 100.0 83.4 100.0 100.0 94.6 0.0 100.0 0.367 0.032 0.600 0.000 
483.2 40.579895 -3.544188 64.5 100.0 40.2 53.5 100.0 57.6 0.0 100.0 0.044 0.256 0.700 0.000 82.6 100.0 83.7 100.0 100.0 94.6 0.0 100.0 0.367 0.032 0.600 0.000 
484.2 40.580055 -3.544434 64.5 100.0 40.4 53.6 100.0 57.6 0.0 100.0 0.044 0.256 0.700 0.000 82.6 100.0 83.4 100.0 100.0 94.6 0.0 100.0 0.367 0.032 0.600 0.000 
485.2 40.580219 -3.544680 64.5 100.0 40.5 53.7 100.0 57.6 0.0 100.0 0.044 0.256 0.700 0.000 82.6 100.0 83.7 100.0 100.0 94.6 0.0 100.0 0.367 0.032 0.600 0.000 
486.2 40.580379 -3.544905 64.6 100.0 40.6 53.7 100.0 57.7 0.0 100.0 0.044 0.256 0.700 0.000 82.6 100.0 83.6 100.0 100.0 94.6 0.0 100.0 0.367 0.032 0.600 0.000 
487.2 40.580536 -3.545142 64.6 100.0 40.7 53.8 100.0 57.7 0.0 99.9 0.044 0.255 0.700 0.000 82.3 100.0 83.5 100.0 100.0 94.6 0.0 98.3 0.362 0.033 0.605 0.000 
488.2 40.580692 -3.545370 64.6 100.0 40.8 53.9 100.0 57.8 0.0 99.8 0.045 0.255 0.700 0.000 82.2 100.0 83.5 100.0 100.0 94.6 0.0 97.4 0.360 0.033 0.608 0.000 
489.2 40.580845 -3.545590 64.6 100.0 40.9 54.0 100.0 57.8 0.0 99.7 0.045 0.255 0.700 0.000 82.0 100.0 83.4 100.0 100.0 94.5 0.0 96.1 0.355 0.033 0.612 0.000 
490.2 40.580997 -3.545803 64.6 100.0 41.0 54.0 100.0 57.8 0.0 99.6 0.045 0.255 0.701 0.000 81.6 100.0 82.9 100.0 100.0 94.5 0.0 93.9 0.349 0.033 0.619 0.000 
491.2 40.581146 -3.546016 64.6 100.0 41.1 54.1 100.0 57.9 0.0 99.4 0.045 0.254 0.701 0.000 81.3 100.0 83.2 100.0 100.0 94.6 0.0 91.2 0.341 0.032 0.627 0.000 
492.2 40.581291 -3.546223 64.6 100.0 41.2 54.2 100.0 57.9 0.0 99.2 0.045 0.254 0.701 0.000 80.8 100.0 82.7 100.0 100.0 94.6 0.0 88.5 0.333 0.032 0.634 0.000 
493.2 40.581436 -3.546412 64.6 100.0 41.3 54.3 100.0 57.9 0.0 99.0 0.045 0.254 0.701 0.000 80.4 100.0 82.6 100.0 100.0 94.6 0.0 85.8 0.325 0.032 0.643 0.000 
494.2 40.581573 -3.546600 64.7 100.0 41.4 54.3 100.0 58.0 0.0 99.0 0.045 0.254 0.701 0.000 80.3 100.0 82.8 100.0 100.0 94.6 0.0 84.5 0.321 0.032 0.647 0.000 
495.2 40.581711 -3.546798 64.7 100.0 41.5 54.4 100.0 58.0 0.0 98.9 0.045 0.254 0.701 0.000 80.1 100.0 82.7 100.0 100.0 94.6 0.0 83.2 0.317 0.032 0.651 0.000 
496.2 40.581860 -3.546990 64.7 100.0 41.6 54.5 100.0 58.0 0.0 98.7 0.045 0.253 0.701 0.000 79.8 100.0 82.6 100.0 100.0 94.6 0.0 81.4 0.312 0.032 0.656 0.000 
497.2 40.581997 -3.547186 64.7 100.0 41.7 54.5 100.0 58.1 0.0 98.7 0.045 0.253 0.701 0.000 79.6 100.0 82.4 100.0 100.0 94.6 0.0 80.1 0.308 0.032 0.660 0.000 
498.2 40.582138 -3.547387 64.7 100.0 41.8 54.6 100.0 58.1 0.0 98.6 0.046 0.253 0.702 0.000 79.4 100.0 82.2 100.0 100.0 94.6 0.0 78.7 0.304 0.032 0.664 0.000 
499.2 40.582287 -3.547606 64.7 100.0 41.9 54.7 100.0 58.2 0.0 98.5 0.046 0.253 0.702 0.000 79.2 100.0 82.1 100.0 100.0 94.6 0.0 77.3 0.300 0.032 0.668 0.000 
500.2 40.582443 -3.547813 64.8 100.0 42.0 54.7 100.0 58.2 0.0 98.4 0.046 0.252 0.702 0.000 78.8 100.0 81.5 100.0 100.0 94.5 0.0 75.9 0.295 0.033 0.672 0.000 
501.2 40.582592 -3.548034 64.8 100.0 42.1 54.8 100.0 58.2 0.0 98.3 0.046 0.252 0.702 0.000 78.6 100.0 81.4 100.0 100.0 94.4 0.0 74.3 0.290 0.033 0.677 0.000 
502.2 40.582733 -3.548263 64.3 100.0 39.0 54.9 100.0 58.3 0.0 98.1 0.046 0.252 0.702 0.000 74.4 100.0 55.7 100.0 100.0 94.4 0.0 70.6 0.278 0.033 0.688 0.000 
503.2 40.582870 -3.548501 64.3 100.0 39.1 54.9 100.0 58.3 0.0 97.9 0.046 0.252 0.702 0.000 74.1 100.0 56.3 100.0 100.0 94.4 0.0 67.7 0.269 0.034 0.697 0.000 
504.2 40.582993 -3.548738 64.3 100.0 39.2 55.0 100.0 58.3 0.0 97.7 0.046 0.252 0.702 0.000 73.6 100.0 56.0 100.0 100.0 94.4 0.0 64.7 0.260 0.034 0.706 0.000 
505.2 40.583115 -3.548981 64.3 100.0 39.3 55.1 100.0 58.4 0.0 97.6 0.046 0.251 0.703 0.000 73.0 100.0 54.8 100.0 100.0 93.6 0.0 62.7 0.250 0.038 0.712 0.000 
506.2 40.583237 -3.549232 64.3 100.0 39.4 55.1 100.0 58.4 0.0 97.4 0.046 0.251 0.703 0.000 72.6 100.0 55.5 100.0 100.0 93.3 0.0 59.7 0.239 0.040 0.721 0.000 
507.2 40.583355 -3.549473 64.3 100.0 39.5 55.2 100.0 58.4 0.0 97.2 0.046 0.251 0.703 0.000 71.8 100.0 54.2 100.0 100.0 92.4 0.0 55.8 0.222 0.046 0.733 0.000 
508.2 40.583462 -3.549726 64.3 100.0 39.6 55.3 100.0 58.5 0.0 97.0 0.046 0.251 0.703 0.000 71.5 100.0 54.9 100.0 100.0 92.7 0.0 53.0 0.215 0.044 0.741 0.000 
509.2 40.583565 -3.549983 64.3 100.0 39.7 55.3 100.0 58.5 0.0 96.8 0.046 0.250 0.703 0.000 71.2 100.0 54.5 100.0 100.0 93.8 0.0 50.0 0.213 0.037 0.750 0.000 
510.2 40.583656 -3.550245 64.4 100.0 39.8 55.4 100.0 58.6 0.0 96.7 0.046 0.250 0.703 0.000 70.6 100.0 53.1 100.0 100.0 92.9 0.0 48.1 0.202 0.042 0.756 0.000 
511.2 40.583752 -3.550501 64.3 100.0 39.9 55.5 100.0 58.6 0.0 96.5 0.046 0.250 0.704 0.000 70.1 100.0 53.8 100.0 100.0 92.5 0.0 44.4 0.188 0.045 0.767 0.000 
512.2 40.583836 -3.550750 64.3 100.0 40.0 55.5 100.0 58.6 0.0 96.3 0.046 0.250 0.704 0.000 69.4 100.0 52.4 100.0 100.0 93.0 0.0 40.4 0.179 0.042 0.779 0.000 
513.2 40.583923 -3.550988 64.3 100.0 40.0 55.6 100.0 58.7 0.0 96.1 0.046 0.250 0.704 0.000 69.0 100.0 51.9 100.0 100.0 93.8 0.0 37.6 0.175 0.037 0.788 0.000 
514.2 40.583981 -3.551242 64.3 100.0 40.1 55.7 100.0 58.7 0.0 95.9 0.046 0.249 0.704 0.000 68.5 100.0 51.5 100.0 100.0 93.8 0.0 34.4 0.166 0.037 0.797 0.000 
515.2 40.584042 -3.551497 64.4 100.0 40.2 55.7 100.0 58.7 0.0 95.8 0.046 0.249 0.704 0.000 68.3 100.0 52.2 100.0 100.0 93.7 0.0 32.2 0.159 0.038 0.804 0.000 
516.2 40.584095 -3.551749 64.4 100.0 40.3 55.8 100.0 58.8 0.0 95.7 0.047 0.249 0.704 0.000 68.1 100.0 51.7 100.0 100.0 93.7 0.0 31.0 0.155 0.038 0.807 0.000 
517.2 40.584148 -3.551996 64.4 100.0 40.4 55.8 100.0 58.8 0.0 95.6 0.047 0.249 0.705 0.000 67.7 100.0 51.3 100.0 100.0 93.8 0.0 28.7 0.149 0.037 0.814 0.000 
518.2 40.584194 -3.552245 64.4 100.0 40.5 55.9 100.0 58.8 0.0 95.6 0.047 0.249 0.705 0.000 67.4 100.0 50.8 100.0 100.0 94.0 0.0 27.3 0.145 0.036 0.818 0.000 
519.2 40.584251 -3.552486 64.4 100.0 40.6 56.0 100.0 58.9 0.0 95.4 0.047 0.248 0.705 0.000 66.9 100.0 49.2 100.0 100.0 93.9 0.0 25.4 0.139 0.036 0.824 0.000 
520.2 40.584286 -3.552742 64.4 100.0 40.7 56.0 100.0 58.9 0.0 95.3 0.047 0.248 0.705 0.000 66.7 100.0 49.9 100.0 100.0 93.9 0.0 23.4 0.133 0.037 0.830 0.000 
521.2 40.584320 -3.552986 64.4 100.0 40.7 56.1 100.0 58.9 0.0 95.3 0.047 0.248 0.705 0.000 66.5 100.0 49.4 100.0 100.0 93.9 0.0 22.5 0.130 0.037 0.833 0.000 
522.2 40.584347 -3.553227 64.4 100.0 40.8 56.1 100.0 59.0 0.0 95.2 0.047 0.248 0.705 0.000 66.0 100.0 47.6 100.0 100.0 93.9 0.0 20.6 0.125 0.037 0.839 0.000 
523.2 40.584366 -3.553470 64.5 100.0 40.9 56.2 100.0 59.0 0.0 95.2 0.048 0.247 0.705 0.000 65.9 100.0 47.1 100.0 100.0 93.9 0.0 20.2 0.123 0.037 0.840 0.000 
524.2 40.584389 -3.553726 64.5 100.0 41.0 56.2 100.0 59.1 0.0 95.2 0.048 0.247 0.705 0.000 66.2 100.0 46.6 100.0 100.0 93.9 2.7 20.6 0.141 0.037 0.823 0.000 
525.2 40.584431 -3.553984 64.5 100.0 41.1 56.3 100.0 59.1 0.0 95.2 0.048 0.247 0.705 0.000 67.1 100.0 46.2 100.0 100.0 92.9 9.3 21.0 0.176 0.043 0.781 0.000 
526.2 40.584465 -3.554229 62.6 100.0 27.8 56.4 100.0 59.1 0.0 95.2 0.048 0.247 0.705 0.000 60.5 100.0 0.0 100.0 100.0 91.1 10.8 21.3 0.173 0.056 0.771 0.000 
527.2 40.584492 -3.554481 62.7 100.0 27.9 56.4 100.0 59.2 0.0 95.2 0.048 0.247 0.705 0.000 62.0 100.0 0.0 100.0 100.0 90.1 22.7 21.3 0.234 0.062 0.704 0.000 
528.2 40.584522 -3.554708 62.7 100.0 28.0 56.5 100.0 59.2 0.0 95.2 0.048 0.247 0.705 0.000 63.0 100.0 0.0 100.0 100.0 90.1 29.3 21.7 0.256 0.062 0.682 0.000 
529.2 40.584553 -3.554931 62.7 100.0 28.1 56.5 100.0 59.2 0.0 95.2 0.049 0.246 0.705 0.000 64.1 100.0 0.0 100.0 100.0 90.1 36.0 22.4 0.280 0.062 0.658 0.000 
530.2 40.584583 -3.555151 62.7 100.0 28.2 56.6 100.0 59.2 0.0 95.2 0.049 0.246 0.705 0.000 64.3 100.0 0.0 100.0 100.0 90.1 37.0 22.8 0.286 0.062 0.652 0.000 
531.2 40.584614 -3.555367 62.8 100.0 28.3 56.6 100.0 59.3 0.0 95.2 0.049 0.246 0.705 0.000 66.1 100.0 0.0 100.0 100.0 90.1 49.3 23.1 0.325 0.062 0.613 0.000 
532.2 40.584641 -3.555583 62.8 100.0 28.4 56.7 100.0 59.3 0.0 95.2 0.049 0.246 0.705 0.000 67.0 100.0 0.0 100.0 100.0 90.1 56.0 23.1 0.344 0.062 0.593 0.000 
533.2 40.584667 -3.555776 62.8 100.0 28.4 56.7 100.0 59.3 0.0 95.2 0.049 0.246 0.705 0.000 67.6 100.0 0.0 100.0 100.0 90.1 59.3 23.9 0.359 0.062 0.579 0.000 
534.2 40.584690 -3.555987 62.8 100.0 28.5 56.7 100.0 59.4 0.0 95.2 0.050 0.245 0.705 0.000 68.6 100.0 0.0 100.0 100.0 90.1 66.0 24.2 0.381 0.062 0.557 0.000 
535.2 40.584717 -3.556187 62.9 100.0 28.6 56.8 100.0 59.4 0.0 95.2 0.050 0.245 0.705 0.000 68.8 100.0 0.0 100.0 100.0 90.1 66.6 24.9 0.386 0.062 0.551 0.000 
536.2 40.584736 -3.556388 62.9 100.0 28.7 56.8 100.0 59.4 0.0 95.3 0.050 0.245 0.705 0.000 70.7 100.0 0.0 100.0 100.0 90.0 79.3 25.6 0.428 0.063 0.509 0.000 
