35.56 90.0 1 primary 1 1 40.584465 -3.557142 3.699 74.7
37.68 90.0 1 primary 1 1 40.584435 -3.556209 1.824 79.5
39.10 90.0 1 primary 1 1 40.584438 -3.555693 1.241 80.6
40.86 90.0 1 primary 1 1 40.584446 -3.555155 1.005 82.4
42.60 90.0 1 primary 1 1 40.584446 -3.554602 0.746 86.1
44.04 90.0 1 primary 1 1 40.584442 -3.554298 1.185 88.9
46.25 90.0 1 primary 1 1 40.584389 -3.553714 1.390 89.9
47.72 90.0 1 primary 2 1 40.584328 -3.553122 0.866 91.7
48.96 90.0 1 primary 2 1 40.584301 -3.552817 1.099 93.0
51.00 90.0 1 primary 2 1 40.584217 -3.552207 1.143 92.8
53.05 90.0 1 primary 2 1 40.584095 -3.551620 1.195 93.6
54.69 90.0 1 primary 2 1 40.583946 -3.551055 0.830 93.5
56.46 90.0 1 primary 2 1 40.583858 -3.550770 1.607 93.6
58.37 90.0 1 primary 2 1 40.583675 -3.550195 1.518 92.4
60.24 90.0 1 primary 2 1 40.583481 -3.549665 1.379 92.4
62.37 90.0 1 primary 2 1 40.583244 -3.549138 1.512 93.1
63.59 90.0 1 primary 2 1 40.582996 -3.548643 0.738 93.5
64.42 90.0 1 primary 2 1 40.582867 -3.548389 0.560 93.9
72.50 90.0 1 primary 2 1 40.582722 -3.548150 7.645 95.8
73.74 90.0 1 primary 2 1 40.581402 -3.546313 0.884 94.7
74.87 90.0 1 primary 2 1 40.581226 -3.546108 1.013 94.5
77.35 90.0 1 primary 2 1 40.580902 -3.545661 1.496 95.1
78.80 90.0 1 primary 2 1 40.580566 -3.545199 0.939 95.4
79.68 90.0 1 primary 2 1 40.580402 -3.544975 0.826 95.4
80.41 90.0 1 primary 2 1 40.580238 -3.544736 0.549 95.2
85.75 90.0 1 primary 2 1 40.580074 -3.544506 4.889 93.6
86.84 90.0 1 primary 2 1 40.579311 -3.543336 0.988 94.1
87.70 90.0 1 primary 2 1 40.579174 -3.543081 0.845 94.3
88.89 90.0 1 primary 2 1 40.579037 -3.542819 1.034 95.3
92.68 90.0 1 primary 2 1 40.578766 -3.542305 2.820 96.4
94.44 90.0 1 primary 2 1 40.578384 -3.541528 1.578 96.2
96.06 90.0 1 primary 2 1 40.578140 -3.541012 1.200 96.1
98.11 90.0 1 primary 2 1 40.577896 -3.540483 1.246 95.8
100.05 90.0 1 primary 2 1 40.577656 -3.539946 1.193 95.0
103.71 90.0 1 primary 2 1 40.577438 -3.539388 2.857 93.9
105.49 90.0 1 primary 2 1 40.577152 -3.538543 1.630 94.8
115.15 90.0 1 primary 2 1 40.576958 -3.537950 9.292 95.0
117.94 90.0 1 primary 2 1 40.575954 -3.535125 2.084 93.6
121.18 90.0 1 primary 2 1 40.575603 -3.534346 2.328 93.7
123.02 90.0 1 primary 2 1 40.575237 -3.533555 1.166 93.5
125.35 90.0 1 primary 2 1 40.574986 -3.533051 1.495 94.1
133.57 90.0 1 primary 2 1 40.574730 -3.532525 7.712 95.9
138.47 90.0 1 primary 2 1 40.573750 -3.530402 4.612 98.0
140.13 90.0 1 primary 2 1 40.573208 -3.528930 1.270 99.7
141.86 90.0 1 primary 2 1 40.573006 -3.528324 1.007 99.8
144.49 90.0 1 primary 2 1 40.572819 -3.527710 1.637 99.1
146.24 90.0 1 primary 2 1 40.572636 -3.527103 1.383 98.5
147.36 90.0 1 primary 2 1 40.572449 -3.526489 0.502 98.2
149.42 90.0 1 primary 2 1 40.572353 -3.526198 1.559 98.0
153.00 90.0 1 primary 2 1 40.572174 -3.525623 3.139 98.4
170.24 90.0 1 primary 2 1 40.571751 -3.524458 16.379 95.0
171.94 90.0 1 primary 2 1 40.569199 -3.520262 1.080 94.6
173.91 90.0 1 primary 2 1 40.568840 -3.519873 1.049 96.2
176.38 90.0 1 primary 2 1 40.568462 -3.519510 1.528 98.3
177.80 90.0 1 primary 2 1 40.568058 -3.519149 0.942 98.5
186.80 90.0 1 primary 2 1 40.567860 -3.518965 8.947 95.4
188.23 90.0 1 primary 3 2 40.565868 -3.517711 1.369 94.3
190.40 90.0 1 primary 3 1 40.565411 -3.517502 1.543 94.0
192.75 90.0 1 primary 3 1 40.564926 -3.517350 1.891 92.4
194.09 90.0 1 primary 3 1 40.564465 -3.517233 1.233 92.9
196.53 90.0 1 primary 3 1 40.563999 -3.517119 1.674 92.7
201.84 90.0 1 primary 3 1 40.563538 -3.517016 4.986 93.6
202.98 100.0 3 primary_link 1 1 40.562393 -3.516840 1.124 94.7
206.89 100.0 3 primary_link 1 1 40.561920 -3.516777 3.031 96.8
209.52 90.0 1 primary 3 1 40.560963 -3.516544 1.663 97.3
211.87 90.0 1 primary 3 1 40.560505 -3.516315 2.017 97.3
224.31 100.0 3 primary_link 1 1 40.559841 -3.515934 11.456 90.8
236.80 90.0 1 primary 3 1 40.557720 -3.513539 11.940 89.8
271.59 90.0 1 primary 3 1 40.556740 -3.510303 34.731 97.3
332.07 -1.0 -1 - -1 -1 40.554600 -3.500012 60.208 88.5
336.27 90.0 1 primary 2 1 40.554375 -3.481847 3.412 90.0
338.16 90.0 1 primary 2 1 40.553898 -3.480833 1.290 90.5
339.50 90.0 1 primary 2 1 40.553654 -3.480353 0.640 93.6
340.79 90.0 1 primary 2 1 40.553516 -3.480092 0.938 95.9
350.51 90.0 1 primary 2 1 40.553371 -3.479843 9.655 90.9
352.05 90.0 1 primary 2 1 40.551807 -3.477629 1.191 91.3
354.48 90.0 1 primary 2 1 40.551460 -3.477227 1.621 91.1
355.86 90.0 1 primary 2 1 40.551105 -3.476850 0.994 91.8
357.61 90.0 1 primary 2 1 40.550716 -3.476468 0.754 92.4
363.33 90.0 1 primary 2 1 40.550526 -3.476293 5.470 95.9
365.99 90.0 1 primary 2 1 40.549355 -3.475308 2.136 96.4
367.85 90.0 1 primary 2 1 40.548714 -3.474890 0.994 96.6
369.78 90.0 1 primary 2 1 40.548492 -3.474751 1.925 96.8
371.22 90.0 1 primary 2 1 40.548058 -3.474500 1.359 97.6
372.77 90.0 1 primary 2 1 40.547600 -3.474270 0.917 98.0
373.69 90.0 1 primary 2 1 40.547371 -3.474157 0.839 98.7
382.73 90.0 1 primary 2 1 40.547134 -3.474052 8.870 98.2
384.42 90.0 1 primary 2 1 40.544979 -3.473252 1.566 97.4
385.76 90.0 1 primary 2 1 40.544506 -3.473099 0.905 97.3
386.77 90.0 1 primary 2 1 40.544285 -3.473017 0.917 94.5
387.90 90.0 1 primary 2 1 40.544056 -3.472944 1.042 94.1
399.17 90.0 1 primary 2 1 40.543610 -3.472794 10.310 90.6
401.32 30.0 1 primary_link 1 1 40.541145 -3.471962 1.460 92.4
403.27 30.0 1 primary_link 1 1 40.540707 -3.471803 1.413 91.7
406.03 90.0 1 primary 2 1 40.540260 -3.471651 2.172 92.4
408.04 30.0 1 primary_link 1 1 40.539585 -3.471415 1.179 93.6
410.31 30.0 2 primary_link 1 1 40.539135 -3.471268 1.450 93.1
412.04 100.0 3 primary_link 1 1 40.538685 -3.471117 1.176 93.0
414.33 100.0 3 primary_link 1 1 40.538227 -3.470962 1.472 92.7
422.31 100.0 3 primary_link 1 1 40.537785 -3.470797 7.450 93.3
424.28 100.0 3 primary_link 1 1 40.536026 -3.470028 1.420 94.0
425.77 100.0 3 primary_link 1 1 40.535625 -3.469719 0.915 93.5
427.02 90.0 1 primary 2 1 40.535439 -3.469538 1.159 94.3
428.96 100.0 3 primary_link 1 1 40.535072 -3.469141 1.109 94.3
430.81 100.0 3 primary_link 1 1 40.534744 -3.468690 0.957 93.3
432.88 90.0 1 primary 2 1 40.534588 -3.468456 2.025 92.1
435.52 90.0 1 primary 2 1 40.534225 -3.467719 1.668 89.9
438.08 90.0 1 primary 2 1 40.534023 -3.467194 2.220 90.9
440.40 90.0 1 primary 2 1 40.533806 -3.466370 1.544 90.6
441.78 90.0 1 primary 2 1 40.533722 -3.465801 0.921 89.8
443.94 90.0 1 primary 2 1 40.533699 -3.465501 2.080 90.3
448.01 90.0 1 primary 2 1 40.533669 -3.464619 3.155 87.5
451.00 90.0 1 primary 2 1 40.533676 -3.463447 2.139 88.3
453.24 90.0 1 primary 2 1 40.533669 -3.462574 1.386 88.7
455.49 90.0 1 primary 2 1 40.533669 -3.461970 1.627 89.5
456.62 90.0 1 primary 2 1 40.533657 -3.461395 0.759 89.1
458.87 90.0 1 primary 2 1 40.533669 -3.461102 2.003 88.3
460.61 90.0 1 primary 2 1 40.533688 -3.460230 0.752 88.4
462.79 90.0 1 primary 2 1 40.533688 -3.459935 1.935 88.3
464.09 90.0 1 primary 2 1 40.533695 -3.459354 1.230 86.9
466.95 90.0 1 primary 2 1 40.533695 -3.458771 2.096 88.0
469.11 90.0 1 primary 2 1 40.533680 -3.457893 1.255 88.3
471.08 90.0 1 primary 2 1 40.533672 -3.457305 1.222 86.8
473.92 90.0 1 primary 2 1 40.533665 -3.456730 2.068 84.9
476.18 90.0 1 primary 2 1 40.533657 -3.455899 1.319 84.6
477.50 90.0 1 primary 2 1 40.533661 -3.455353 0.647 85.0
478.63 90.0 1 primary 2 1 40.533665 -3.455084 0.766 85.0
480.37 90.0 1 primary 2 1 40.533665 -3.454811 1.512 84.4
483.18 90.0 1 primary 2 1 40.533684 -3.454263 2.319 85.9
486.20 90.0 1 primary 2 1 40.533707 -3.453432 2.346 88.6
487.43 90.0 1 primary 2 1 40.533714 -3.452583 0.577 88.3
490.11 90.0 1 primary 2 1 40.533714 -3.452293 2.253 86.8
493.39 90.0 1 primary 2 1 40.533710 -3.451439 2.534 86.9
494.60 90.0 1 primary 2 1 40.533726 -3.450587 0.743 87.8
496.58 90.0 1 primary 2 1 40.533722 -3.450288 1.726 87.8
498.94 90.0 1 primary 2 1 40.533718 -3.449732 2.087 88.8
500.86 90.0 1 primary 2 1 40.533703 -3.448879 0.999 89.1
502.29 90.0 1 primary 2 1 40.533707 -3.448588 1.419 91.1
503.94 90.0 1 primary 2 1 40.533722 -3.447995 1.087 89.4
505.66 90.0 1 primary 2 1 40.533718 -3.447389 0.807 89.6
506.54 90.0 1 primary 2 1 40.533730 -3.447099 0.682 88.8
507.46 90.0 1 primary 2 1 40.533730 -3.446805 0.601 89.3
509.00 90.0 1 primary 2 1 40.533733 -3.446513 1.143 89.1
512.16 90.0 1 primary 2 1 40.533749 -3.445906 2.300 87.7
515.25 90.0 1 primary 2 1 40.533741 -3.445032 2.394 87.0
517.17 90.0 1 primary 2 1 40.533752 -3.444170 1.307 87.0
519.19 90.0 1 primary 2 1 40.533760 -3.443602 1.329 86.8
521.20 90.0 1 primary 2 1 40.533768 -3.443035 1.341 87.7
522.67 90.0 1 primary 2 1 40.533764 -3.442456 0.812 87.8
524.05 90.0 1 primary 2 1 40.533772 -3.442168 1.190 88.5
525.73 90.0 1 primary 2 1 40.533756 -3.441564 0.874 89.0
528.09 90.0 1 primary 2 1 40.533752 -3.441255 2.230 91.3
532.29 90.0 1 primary 2 1 40.533760 -3.440345 3.429 90.4
539.27 90.0 1 primary 2 1 40.533791 -3.439180 6.414 98.0
541.40 90.0 1 primary 2 1 40.533802 -3.437027 1.544 96.2
542.63 90.0 1 primary 2 1 40.533813 -3.436399 0.775 94.1
543.55 90.0 1 primary 2 1 40.533825 -3.436101 0.692 93.8
544.72 90.0 1 primary 2 1 40.533810 -3.435799 0.859 93.0
552.40 90.0 1 primary 2 1 40.533821 -3.435498 7.541 94.8
553.99 90.0 1 primary 2 1 40.533775 -3.433099 1.136 96.9
556.35 90.0 1 primary 2 1 40.533718 -3.432480 1.491 94.2
558.10 90.0 1 primary 2 1 40.533627 -3.431867 1.240 96.5
561.08 90.0 1 primary 2 1 40.533508 -3.431261 2.219 92.9
564.13 90.0 1 primary 2 1 40.533272 -3.430395 2.278 91.3
572.92 90.0 1 primary 2 1 40.532986 -3.429550 8.066 96.1
574.80 90.0 1 primary 2 1 40.531773 -3.427197 0.945 96.3
576.38 90.0 1 primary 2 1 40.531612 -3.426962 1.523 93.5
577.45 90.0 1 primary 2 1 40.531296 -3.426525 0.591 90.0
579.78 90.0 1 primary 2 1 40.531128 -3.426330 1.923 87.3
581.77 90.0 1 primary 2 1 40.530777 -3.425948 1.915 84.7
583.42 90.0 1 primary 2 1 40.530422 -3.425613 1.562 83.8
585.17 90.0 1 primary 2 1 40.530071 -3.425285 1.318 84.4
587.12 90.0 1 primary 2 1 40.529713 -3.424999 1.260 85.5
589.50 90.0 1 primary 2 1 40.529324 -3.424743 1.647 86.1
591.69 90.0 1 primary 2 1 40.528965 -3.424490 1.833 86.7
592.92 90.0 1 primary 2 1 40.528584 -3.424242 1.060 89.3
595.06 90.0 1 primary 2 1 40.528194 -3.423995 1.201 91.8
603.15 90.0 1 primary 2 1 40.527790 -3.423720 7.290 85.1
605.22 90.0 1 primary 2 1 40.526398 -3.422290 1.361 84.4
606.80 90.0 1 primary 2 1 40.526123 -3.421859 0.940 83.2
607.80 90.0 1 primary 2 1 40.526001 -3.421645 0.948 83.1
609.80 100.0 1 primary 2 1 40.525890 -3.421427 1.947 84.2
614.96 100.0 3 primary_link 1 1 40.525658 -3.420952 5.101 86.3
617.31 100.0 1 primary 2 1 40.525124 -3.419394 1.455 87.8
619.17 100.0 1 primary 2 1 40.524994 -3.418850 1.311 88.1
621.38 100.0 1 primary 2 1 40.524879 -3.418281 1.522 88.6
622.91 100.0 1 primary 2 1 40.524742 -3.417723 1.055 86.5
625.02 100.0 1 primary 2 1 40.524597 -3.417183 1.162 86.4
627.34 100.0 3 primary_link 1 1 40.524441 -3.416659 1.484 85.3
629.75 100.0 3 primary_link 1 1 40.524258 -3.416146 1.889 86.5
631.00 100.0 3 primary_link 1 1 40.524036 -3.415665 1.143 91.7
633.35 100.0 3 primary_link 1 1 40.523792 -3.415184 1.493 91.8
636.12 100.0 1 primary 2 1 40.523506 -3.414712 2.267 93.6
637.90 100.0 1 primary 3 2 40.523014 -3.414046 1.039 95.5
639.66 100.0 1 primary 3 2 40.522659 -3.413639 0.800 96.4
652.96 100.0 1 primary 2 2 40.522465 -3.413427 13.106 113.3
654.97 100.0 1 primary 2 2 40.519463 -3.410637 1.110 113.1
657.12 100.0 1 primary 2 1 40.518990 -3.410225 1.265 111.5
