31.87 65.7 40.584465 -3.557142 601.2 6 5 94.6 0.703 0 0 0 
32.90 69.0 40.584446 -3.556929 602.4 6 5 94.2 1.055 0 0 0 
33.87 71.5 40.584435 -3.556698 603.4 6 5 93.2 1.406 0 0 0 
34.89 74.7 40.584431 -3.556467 604.3 6 5 91.8 2.461 0 0 0 
35.87 77.8 40.584435 -3.556209 605.9 6 5 90.7 2.461 0 0 0 
36.88 79.5 40.584446 -3.555957 606.5 6 5 88.9 2.812 0 0 0 
37.90 79.6 40.584438 -3.555694 606.6 6 5 87.5 3.164 0 0 0 
38.93 80.6 40.584442 -3.555427 607.2 6 5 87.9 1.055 0 0 0 
39.86 82.4 40.584446 -3.555156 608.0 6 5 89.3 1.758 0 0 0 
40.87 84.4 40.584454 -3.554883 608.2 6 5 91.1 3.164 0 0 0 
41.89 86.1 40.584446 -3.554603 608.9 6 5 92.8 3.516 0 0 0 
42.87 88.5 40.584442 -3.554298 609.3 6 5 95.3 4.219 0 0 0 
43.87 88.9 40.584415 -3.554011 609.7 6 5 96.7 3.867 0 0 0 
44.91 89.5 40.584389 -3.553714 610.1 6 5 97.4 2.109 0 0 0 
45.87 89.9 40.584358 -3.553427 610.7 6 5 98.1 1.406 0 0 0 
46.87 91.7 40.584328 -3.553123 611.0 6 5 98.4 1.055 0 0 0 
47.88 92.3 40.584301 -3.552817 611.4 6 5 99.8 1.758 0 0 0 
48.92 93.0 40.584267 -3.552507 612.0 6 5 101.2 2.812 0 0 0 
49.91 93.7 40.584217 -3.552207 612.3 6 5 102.7 2.812 0 0 0 
50.86 92.8 40.584160 -3.551909 612.5 6 5 104.8 3.516 0 0 0 
51.88 93.0 40.584095 -3.551620 612.7 6 5 106.5 3.867 0 0 0 
52.93 93.6 40.584026 -3.551333 613.0 6 5 107.9 3.164 0 0 0 
53.89 93.5 40.583946 -3.551055 613.2 6 5 109.7 3.164 0 0 0 
54.88 93.6 40.583858 -3.550770 613.4 6 5 111.4 3.516 0 0 0 
55.86 93.6 40.583767 -3.550485 613.6 8 5 113.9 4.219 0 0 0 
56.88 92.4 40.583675 -3.550195 613.7 8 5 114.6 3.164 0 0 0 
57.86 92.4 40.583584 -3.549939 614.0 6 5 116.4 2.461 0 0 0 
58.89 92.3 40.583481 -3.549666 614.4 6 5 117.8 3.164 0 0 0 
59.88 92.4 40.583370 -3.549402 614.4 6 5 119.9 3.516 0 0 0 
60.87 93.0 40.583244 -3.549139 614.8 6 5 121.3 3.516 0 0 0 
61.86 93.1 40.583122 -3.548878 615.1 6 5 123.0 3.164 0 0 0 
62.86 93.5 40.582996 -3.548643 615.0 6 5 124.8 3.516 0 0 0 
63.86 93.9 40.582867 -3.548389 615.6 6 5 126.2 3.164 0 0 0 
64.89 94.0 40.582722 -3.548150 616.1 6 5 128.0 3.164 0 0 0 
65.89 94.6 40.582569 -3.547907 616.7 6 5 129.7 3.516 0 0 0 
66.88 94.9 40.582405 -3.547669 617.1 6 5 131.8 3.867 0 0 0 
67.89 95.0 40.582241 -3.547440 617.5 6 5 132.9 3.164 1 0 0 
68.92 95.6 40.582081 -3.547202 617.6 6 5 133.6 1.758 0 0 0 
69.90 95.8 40.581913 -3.546971 617.8 6 5 134.3 1.406 0 0 0 
70.86 96.4 40.581741 -3.546746 618.4 6 5 134.6 1.055 0 0 0 
71.86 95.8 40.581570 -3.546527 619.2 6 5 135.0 0.703 0 0 0 
72.88 94.7 40.581402 -3.546313 619.5 6 5 135.0 0.352 0 0 0 
73.86 94.5 40.581226 -3.546108 619.9 6 5 134.6 0.352 0 0 0 
74.87 94.5 40.581062 -3.545890 620.3 4 5 134.3 0.703 0 0 0 
75.86 94.8 40.580902 -3.545662 620.4 4 5 134.3 0.352 0 0 0 
76.86 95.1 40.580734 -3.545431 620.5 6 5 133.6 0.703 0 0 0 
77.90 95.4 40.580566 -3.545199 620.8 6 5 133.2 1.055 0 0 0 
78.87 95.4 40.580402 -3.544975 621.3 6 5 132.5 1.055 0 0 0 
79.86 95.2 40.580238 -3.544737 621.8 6 5 132.2 1.055 0 0 0 
80.86 93.8 40.580074 -3.544507 621.9 6 5 131.1 1.406 0 0 0 
81.86 93.5 40.579910 -3.544279 622.1 6 5 130.8 1.406 0 0 0 
82.88 93.3 40.579758 -3.544057 622.5 6 5 130.1 1.055 0 0 0 
83.90 93.1 40.579597 -3.543824 623.0 6 5 129.0 1.758 0 0 0 
84.91 93.6 40.579449 -3.543588 623.1 6 5 129.0 1.055 0 0 0 
85.87 94.1 40.579311 -3.543336 623.6 6 5 128.0 1.055 0 0 0 
86.87 94.3 40.579174 -3.543081 624.0 6 5 126.6 2.461 0 0 0 
87.87 94.8 40.579037 -3.542819 624.2 6 5 125.9 2.109 0 0 0 
88.87 95.3 40.578896 -3.542566 624.5 6 5 125.9 0.703 0 0 0 
89.87 95.5 40.578766 -3.542305 625.1 6 5 125.2 0.703 0 0 0 
90.87 95.5 40.578640 -3.542057 625.3 6 5 124.1 1.758 0 0 0 
91.89 96.4 40.578506 -3.541797 625.5 6 5 123.0 2.109 0 0 0 
92.91 96.6 40.578384 -3.541529 625.6 6 5 122.3 1.758 0 0 0 
93.88 96.2 40.578259 -3.541260 625.7 6 5 122.3 0.703 1 0 0 
94.87 96.1 40.578140 -3.541012 626.1 6 5 121.6 0.703 1 0 0 
95.88 96.1 40.578014 -3.540748 626.2 6 5 120.2 2.109 1 0 0 
96.88 95.8 40.577896 -3.540483 626.3 6 5 119.2 2.461 1 1 0 
97.87 95.8 40.577774 -3.540208 626.8 6 5 118.1 2.109 0 1 0 
98.88 95.5 40.577656 -3.539946 627.5 6 5 117.8 1.406 0 1 0 
99.93 95.0 40.577541 -3.539668 627.8 6 5 117.1 1.055 0 1 0 
100.93 95.1 40.577438 -3.539388 628.0 6 5 115.7 2.109 1 1 0 
101.92 94.1 40.577343 -3.539114 627.9 6 5 115.7 1.406 1 1 0 
102.87 93.9 40.577244 -3.538828 627.8 6 5 115.7 0 2 1 0 
103.87 94.6 40.577152 -3.538543 628.0 6 5 115.0 0.703 1 1 0 
104.89 94.8 40.577053 -3.538246 628.2 6 5 115.3 0.352 1 1 0 
105.90 94.8 40.576958 -3.537951 629.6 6 5 114.3 1.055 1 1 0 
106.89 93.7 40.576866 -3.537666 629.6 6 5 114.3 1.055 1 2 0 
107.88 94.1 40.576771 -3.537384 630.2 6 5 113.9 0.352 1 2 0 
108.88 93.9 40.576683 -3.537102 630.3 6 5 113.2 1.055 0 2 0 
109.88 94.0 40.576591 -3.536811 630.2 6 5 113.6 0.352 0 2 0 
110.87 94.2 40.576492 -3.536527 630.7 6 5 113.9 0.703 0 2 0 
111.88 94.2 40.576393 -3.536242 630.4 6 5 114.6 1.055 0 2 0 
112.86 94.5 40.576294 -3.535955 631.1 6 5 115.7 1.758 0 2 0 
113.86 94.9 40.576191 -3.535680 631.5 6 5 116.7 2.109 0 2 0 
114.96 95.0 40.576073 -3.535407 631.9 6 5 117.1 1.406 0 2 0 
115.95 95.3 40.575954 -3.535125 632.7 6 5 118.1 1.406 0 2 0 
116.91 93.7 40.575832 -3.534864 633.3 6 5 119.2 2.109 0 2 0 
117.94 93.6 40.575722 -3.534606 633.8 6 5 119.9 1.758 0 2 0 
118.86 94.0 40.575603 -3.534346 634.4 6 5 120.6 1.406 0 2 0 
119.88 93.9 40.575481 -3.534082 635.5 6 5 121.6 1.758 0 2 0 
120.88 93.7 40.575363 -3.533816 635.9 6 5 121.6 1.055 0 2 0 
121.89 93.5 40.575237 -3.533556 636.8 6 5 122.7 1.055 0 2 0 
122.87 93.5 40.575111 -3.533301 637.2 6 5 123.4 1.758 0 2 0 
123.92 93.7 40.574986 -3.533051 637.7 6 5 123.0 0.352 0 2 0 
124.88 94.1 40.574860 -3.532789 638.7 6 5 123.0 0.352 0 2 0 
125.95 94.1 40.574730 -3.532525 639.2 6 5 124.1 1.055 0 2 0 
126.87 94.6 40.574600 -3.532279 639.7 6 5 124.1 1.055 0 2 0 
127.88 95.2 40.574471 -3.532011 640.7 6 5 123.0 1.055 1 2 0 
128.89 95.7 40.574345 -3.531751 641.4 6 5 121.3 2.812 0 2 0 
129.87 96.0 40.574223 -3.531487 641.9 6 5 120.6 2.461 0 2 0 
130.86 95.9 40.574100 -3.531216 642.6 6 5 119.9 1.406 0 2 0 
131.86 95.6 40.573978 -3.530944 643.2 4 5 119.5 1.055 0 2 0 
132.86 95.9 40.573864 -3.530675 643.5 6 5 119.2 0.703 1 2 0 
133.86 96.1 40.573750 -3.530402 643.9 4 5 118.1 1.406 1 2 0 
134.98 96.7 40.573635 -3.530116 644.4 6 5 116.7 2.461 0 2 0 
135.92 97.6 40.573528 -3.529823 644.8 6 5 115.7 2.461 0 2 0 
136.89 98.0 40.573429 -3.529541 646.0 6 5 115.3 1.406 0 2 0 
137.90 98.0 40.573429 -3.529541 646.0 6 5 115.3 1.406 0 2 0 
138.88 98.8 40.573208 -3.528931 647.1 6 5 113.6 1.758 0 2 0 
139.87 99.7 40.573109 -3.528633 647.7 4 5 112.9 1.406 0 2 0 
140.87 99.7 40.573006 -3.528324 648.4 4 5 112.1 1.406 0 2 0 
141.86 99.8 40.572910 -3.528018 649.2 4 5 111.8 1.055 0 2 0 
142.89 99.6 40.572819 -3.527711 649.6 4 5 111.8 0.352 0 2 0 
143.87 99.1 40.572731 -3.527402 650.3 4 5 111.4 0.352 0 2 0 
144.89 98.1 40.572636 -3.527104 650.6 4 5 111.1 0.703 0 2 0 
145.86 98.5 40.572544 -3.526801 651.2 4 5 111.1 0.352 1 2 0 
146.87 98.2 40.572449 -3.526490 651.5 4 5 111.1 0 0 2 0 
147.86 97.4 40.572353 -3.526198 652.4 6 5 111.4 0.352 0 2 0 
148.87 98.0 40.572269 -3.525917 653.0 6 5 112.5 1.406 0 2 0 
149.89 97.2 40.572174 -3.525623 653.6 6 5 113.2 1.758 0 2 0 
150.88 97.9 40.572071 -3.525330 654.2 6 5 114.6 2.109 1 2 0 
151.87 98.1 40.571972 -3.525035 654.8 6 5 115.7 2.461 0 2 0 
152.89 98.4 40.571861 -3.524741 655.4 6 5 117.1 2.461 0 2 0 
153.87 99.0 40.571751 -3.524458 655.8 6 5 118.1 2.461 1 2 0 
154.86 98.9 40.571640 -3.524171 656.5 6 5 119.5 2.461 1 2 0 
155.87 99.4 40.571514 -3.523895 656.9 6 5 120.9 2.812 1 2 0 
156.87 100.1 40.571388 -3.523621 657.0 6 5 122.0 2.461 2 2 0 
157.87 100.4 40.571259 -3.523341 657.4 6 5 123.4 2.461 1 2 0 
158.89 100.5 40.571121 -3.523062 657.3 6 5 124.5 2.461 0 2 0 
159.89 100.2 40.570976 -3.522789 657.8 6 5 125.5 2.109 0 2 0 
160.87 98.8 40.570831 -3.522516 657.5 6 5 126.9 2.461 0 2 0 
161.86 96.3 40.570683 -3.522262 657.1 6 5 128.7 3.164 0 2 0 
162.87 96.4 40.570530 -3.522013 656.9 6 5 130.1 3.164 0 2 0 
163.89 96.2 40.570370 -3.521772 656.5 6 5 131.1 2.461 0 2 0 
164.90 95.9 40.570210 -3.521537 655.9 6 5 131.8 1.758 0 2 0 
165.86 95.3 40.570049 -3.521302 655.7 6 5 133.2 2.109 0 1 0 
166.89 94.4 40.569874 -3.521088 655.3 6 5 134.6 2.812 0 1 0 
167.89 94.1 40.569706 -3.520875 655.0 6 5 136.1 2.812 0 1 0 
168.90 94.2 40.569538 -3.520675 654.3 6 5 137.5 2.812 0 1 0 
169.87 95.0 40.569366 -3.520471 654.2 6 5 138.5 2.461 0 1 0 
170.87 94.2 40.569199 -3.520262 653.7 6 5 139.6 2.109 0 1 0 
171.87 94.6 40.569027 -3.520066 653.4 6 5 141.0 2.461 0 1 0 
172.86 96.0 40.568840 -3.519874 653.1 6 5 141.7 2.109 0 1 0 
173.86 96.2 40.568645 -3.519682 653.0 6 5 143.4 2.461 0 1 0 
174.90 97.3 40.568462 -3.519510 652.9 6 5 144.5 2.812 0 1 0 
175.89 98.3 40.568256 -3.519337 652.4 6 5 145.5 2.109 0 1 0 
176.89 98.5 40.568058 -3.519149 652.2 6 5 146.6 2.109 0 1 0 
177.87 99.7 40.567860 -3.518965 651.9 6 5 148.4 2.812 0 1 0 
178.94 99.8 40.567642 -3.518798 651.2 6 5 149.8 3.164 0 1 0 
179.87 100.2 40.567429 -3.518643 650.4 6 5 151.5 3.164 1 1 0 
180.88 98.1 40.567207 -3.518494 650.2 6 5 152.9 3.164 2 1 0 
181.86 97.5 40.566994 -3.518340 649.8 6 5 153.3 1.758 2 1 0 
182.86 98.5 40.566772 -3.518192 649.9 6 5 154.7 1.758 2 2 0 
183.88 99.1 40.566536 -3.518067 650.1 6 5 155.7 2.461 2 2 0 
184.87 97.3 40.566307 -3.517945 650.1 6 5 156.8 2.109 2 2 0 
185.90 95.4 40.566082 -3.517825 650.3 6 5 158.2 2.461 2 2 0 
186.87 94.5 40.565868 -3.517711 650.6 6 5 159.6 2.812 1 2 0 
187.87 94.3 40.565639 -3.517605 650.5 6 5 161.0 2.812 2 2 0 
188.90 94.2 40.565411 -3.517502 651.0 6 5 162.1 2.461 2 2 0 
189.86 94.0 40.565166 -3.517426 651.2 6 5 164.5 3.516 0 2 0 
190.94 93.1 40.564926 -3.517350 651.5 6 5 166.3 4.219 0 2 0 
191.89 92.4 40.564693 -3.517294 651.4 6 5 167.3 2.812 0 2 0 
192.94 92.8 40.564465 -3.517233 652.2 6 5 167.7 1.406 0 2 0 
193.89 92.9 40.564236 -3.517175 653.1 6 5 168.0 0.703 0 2 0 
194.93 92.6 40.563999 -3.517119 653.6 6 5 169.1 1.406 0 2 0 
195.88 92.7 40.563766 -3.517066 654.5 6 5 170.5 2.461 0 2 0 
196.91 92.3 40.563538 -3.517016 655.1 6 5 171.6 2.461 0 2 0 
197.94 92.4 40.563301 -3.516979 655.9 6 5 172.6 2.109 1 2 0 
198.89 92.8 40.563076 -3.516950 656.6 6 5 173.7 2.109 1 2 0 
199.91 93.0 40.562847 -3.516912 657.8 6 5 174.0 1.406 1 2 0 
200.91 93.6 40.562622 -3.516873 658.7 6 5 174.4 0.703 0 3 0 
201.88 93.6 40.562393 -3.516840 659.5 6 5 173.7 0.703 0 3 0 
202.94 94.7 40.562160 -3.516808 660.6 6 5 174.7 1.055 0 3 0 
203.91 95.1 40.561920 -3.516777 661.5 6 5 173.0 1.758 0 3 0 
204.89 95.7 40.561691 -3.516747 662.5 6 5 170.9 3.867 0 3 0 
205.90 97.2 40.561440 -3.516693 663.8 6 5 169.5 3.516 0 3 0 
206.89 96.8 40.561203 -3.516627 664.7 6 5 166.6 4.219 0 3 0 
207.86 97.2 40.560963 -3.516544 665.4 6 5 164.2 5.273 0 3 0 
208.88 97.3 40.560734 -3.516433 666.5 6 5 161.7 4.922 0 3 0 
209.95 96.9 40.560505 -3.516315 667.4 6 5 159.3 4.922 0 3 0 
210.92 97.3 40.560280 -3.516204 668.1 6 5 157.1 4.570 0 2 0 
211.89 97.0 40.560055 -3.516080 668.8 6 5 155.0 4.219 0 2 0 
212.88 96.7 40.559841 -3.515935 669.8 6 5 152.6 4.570 0 2 0 
213.86 96.6 40.559628 -3.515770 670.6 6 5 150.5 4.570 0 2 0 
214.87 95.5 40.559422 -3.515612 671.6 6 5 148.0 4.570 0 2 0 
215.87 94.5 40.559216 -3.515442 672.0 6 5 145.9 4.570 0 2 0 
216.87 94.1 40.559029 -3.515255 672.7 6 5 143.8 4.219 0 2 0 
217.87 93.1 40.558838 -3.515069 673.2 6 5 141.0 4.922 0 2 0 
218.87 94.3 40.558655 -3.514864 674.2 6 5 139.2 4.570 0 2 0 
219.87 94.1 40.558479 -3.514663 675.0 6 5 136.4 4.570 0 2 0 
220.87 93.6 40.558315 -3.514454 675.8 6 5 134.6 4.570 0 2 0 
221.89 93.1 40.558132 -3.514247 676.8 6 5 132.5 3.867 0 2 0 
222.87 90.9 40.557987 -3.514021 677.7 6 5 130.4 4.219 0 2 0 
223.93 90.8 40.557854 -3.513788 678.8 6 5 128.0 4.570 0 2 0 
224.91 90.4 40.557720 -3.513540 679.7 6 5 125.5 4.922 0 2 0 
225.87 89.9 40.557583 -3.513292 681.1 4 5 123.4 4.570 0 2 0 
226.86 89.1 40.557468 -3.513053 682.0 6 5 121.6 3.867 0 2 0 
227.86 88.8 40.557362 -3.512806 682.7 6 5 118.8 4.570 0 2 0 
228.96 88.6 40.557262 -3.512547 683.8 6 5 116.4 5.273 0 2 0 
229.88 88.3 40.557163 -3.512287 685.2 6 5 115.0 3.867 0 2 0 
230.86 88.0 40.557079 -3.512024 686.5 6 5 113.2 3.164 0 2 0 
231.86 88.3 40.556999 -3.511740 687.3 6 5 110.7 4.219 0 2 0 
232.86 88.1 40.556938 -3.511468 688.4 6 5 109.0 4.219 0 2 0 
233.86 88.3 40.556877 -3.511188 689.9 6 5 106.5 4.219 0 2 0 
234.88 88.9 40.556820 -3.510907 691.5 6 5 104.4 4.570 0 2 0 
235.90 89.8 40.556774 -3.510604 692.5 6 5 101.2 5.273 0 2 0 
236.86 90.0 40.556740 -3.510303 693.9 6 5 98.4 5.977 2 2 0 
237.87 90.7 40.556721 -3.510009 694.9 6 5 95.3 5.977 0 2 0 
238.87 91.4 40.556705 -3.509719 696.4 6 5 93.5 4.922 2 2 0 
239.90 92.1 40.556698 -3.509427 697.4 6 5 92.1 3.164 0 2 0 
240.93 93.0 40.556694 -3.509113 698.5 6 5 90.4 3.164 0 2 0 
241.92 93.1 40.556698 -3.508806 699.7 6 5 89.6 2.461 0 2 0 
242.86 93.7 40.556709 -3.508495 701.0 6 5 88.6 1.758 1 2 0 
243.86 94.2 40.556721 -3.508183 702.1 6 5 88.2 1.406 1 2 0 
244.90 93.9 40.556736 -3.507876 703.2 6 5 87.9 0.703 1 2 0 
245.88 94.4 40.556744 -3.507575 704.4 6 5 88.6 0.703 1 2 0 
246.94 94.4 40.556747 -3.507273 705.6 6 5 90.4 2.461 2 2 0 
247.89 94.5 40.556740 -3.506959 706.9 6 5 91.8 3.164 2 2 0 
248.88 95.3 40.556725 -3.506652 708.2 4 5 94.2 3.867 2 2 0 
249.86 96.0 40.556705 -3.506335 709.4 6 5 96.7 4.922 0 2 0 
250.89 96.7 40.556675 -3.506024 710.6 6 5 98.8 4.570 0 2 0 
251.87 97.1 40.556625 -3.505706 712.0 6 5 100.9 4.219 0 2 0 
252.89 97.8 40.556572 -3.505389 713.1 6 5 103.0 4.219 0 2 0 
253.89 98.1 40.556519 -3.505079 714.1 4 5 104.8 3.867 0 2 0 
254.93 98.4 40.556450 -3.504764 715.7 4 5 106.2 3.164 1 2 0 
255.90 98.9 40.556370 -3.504450 716.9 6 5 107.9 3.164 0 2 0 
256.89 97.3 40.556293 -3.504146 718.0 6 5 110.0 3.867 0 2 0 
257.89 96.6 40.556213 -3.503860 719.5 6 5 112.1 4.219 0 2 0 
258.91 96.2 40.556126 -3.503578 720.7 6 5 114.6 4.570 0 1 0 
259.89 96.1 40.556026 -3.503302 721.8 6 5 116.4 4.219 0 1 0 
260.89 96.0 40.555916 -3.503027 723.2 6 5 118.1 3.516 0 1 0 
261.89 95.9 40.555801 -3.502761 724.4 6 5 119.9 3.516 0 1 0 
262.95 96.4 40.555672 -3.502494 725.6 6 5 122.7 4.570 0 1 0 
263.88 97.0 40.555534 -3.502227 726.7 6 5 124.1 4.219 0 1 0 
264.97 97.2 40.555397 -3.501975 728.4 6 5 123.8 1.055 2 1 0 
265.90 96.7 40.555256 -3.501700 729.8 6 5 123.8 0.352 0 1 0 
266.86 96.6 40.555115 -3.501429 731.9 4 5 123.0 0.703 1 2 0 
267.89 96.5 40.554985 -3.501165 733.2 4 5 122.0 1.758 1 2 0 
268.90 97.3 40.554871 -3.500892 734.6 4 5 119.5 3.516 0 2 0 
269.86 97.1 40.554756 -3.500609 735.8 4 5 115.0 7.031 0 2 0 
270.88 97.3 40.554672 -3.500314 736.5 4 5 110.0 9.492 0 2 0 
271.88 98.2 40.554600 -3.500013 737.0 4 5 106.5 8.438 0 2 0 
272.94 98.3 40.554531 -3.499697 737.7 4 5 105.1 4.922 1 2 0 
273.88 98.5 40.554474 -3.499390 738.3 4 5 105.8 0.703 0 2 0 
274.92 97.5 40.554413 -3.499080 738.7 4 5 105.8 0.703 0 2 0 
275.88 97.8 40.554356 -3.498766 739.1 4 5 104.1 1.758 0 2 0 
276.88 98.5 40.554302 -3.498440 739.0 4 5 100.5 5.273 0 2 0 
277.89 99.2 40.554268 -3.498127 739.3 4 5 98.1 5.977 0 2 0 
278.88 99.3 40.554230 -3.497792 739.2 4 5 95.6 4.922 0 2 0 
279.88 100.6 40.554211 -3.497475 739.6 4 5 93.2 4.922 0 2 0 
280.88 101.7 40.554203 -3.497144 739.3 4 5 89.6 5.977 0 2 0 
281.87 101.6 40.554218 -3.496808 739.9 4 5 86.8 6.328 0 2 0 
282.90 102.8 40.554241 -3.496470 739.5 4 5 84.4 5.273 0 2 0 
283.86 102.3 40.554279 -3.496127 739.3 4 5 81.9 4.922 0 2 0 
284.89 102.3 40.554321 -3.495798 739.3 4 5 79.5 4.922 0 2 0 
285.88 103.0 40.554371 -3.495467 738.9 4 5 78.4 3.516 0 2 0 
286.87 103.6 40.554440 -3.495138 739.0 4 5 73.5 5.977 0 2 0 
287.86 103.5 40.554523 -3.494817 738.4 6 5 71.0 7.383 0 2 0 
288.87 102.2 40.554611 -3.494498 738.1 6 5 67.9 5.625 0 2 0 
289.90 102.3 40.554710 -3.494191 738.2 6 5 66.4 4.570 0 2 0 
290.86 99.8 40.554836 -3.493918 737.4 6 5 63.3 4.570 0 2 0 
291.88 99.7 40.554970 -3.493646 736.9 4 5 62.6 3.867 0 2 0 
292.87 99.4 40.555084 -3.493345 736.5 4 5 62.9 0.352 0 2 0 
294.00 99.7 40.555199 -3.493056 736.3 4 5 62.6 0.352 0 2 0 
294.87 100.1 40.555305 -3.492754 735.6 4 5 65.0 2.461 0 2 0 
295.87 97.8 40.555412 -3.492457 735.3 4 5 66.4 3.867 0 2 0 
296.87 97.7 40.555504 -3.492152 735.1 4 5 68.2 3.164 1 2 0 
297.87 97.1 40.555592 -3.491855 734.8 4 5 70.3 3.867 1 2 0 
298.86 96.8 40.555668 -3.491550 734.2 4 5 72.8 4.570 2 2 0 
299.87 96.7 40.555729 -3.491247 734.2 4 5 74.9 4.570 2 2 0 
300.95 97.1 40.555790 -3.490936 733.9 4 5 77.3 4.570 1 2 0 
301.89 95.3 40.555832 -3.490623 733.8 4 5 78.8 3.867 1 2 0 
302.88 94.7 40.555874 -3.490310 733.5 4 5 80.2 2.812 2 3 0 
303.88 94.1 40.555893 -3.490000 733.0 6 5 84.0 5.273 2 2 0 
304.88 93.7 40.555920 -3.489697 732.1 6 5 85.1 4.922 2 2 0 
305.88 92.4 40.555935 -3.489412 731.7 6 5 87.5 3.516 2 2 0 
306.86 91.7 40.555935 -3.489101 731.7 6 5 89.3 4.219 0 2 0 
307.87 91.5 40.555916 -3.488790 731.0 6 5 91.8 4.219 0 2 0 
308.97 91.7 40.555897 -3.488487 731.0 6 5 93.5 4.219 1 2 0 
309.93 90.9 40.555870 -3.488177 730.5 6 5 94.2 2.461 2 2 0 
310.90 90.4 40.555847 -3.487873 730.3 6 5 96.0 2.461 1 2 0 
311.91 89.3 40.555820 -3.487593 729.7 6 5 97.7 3.516 1 2 0 
312.87 89.3 40.555782 -3.487291 729.5 6 5 100.2 4.219 1 3 0 
314.00 87.7 40.555752 -3.487001 729.3 6 5 99.1 1.406 0 3 0 
315.00 88.1 40.555714 -3.486722 729.0 4 5 100.2 1.055 0 3 0 
315.87 88.3 40.555676 -3.486437 728.8 4 5 101.6 2.461 0 3 0 
316.91 88.7 40.555641 -3.486158 729.0 6 5 102.3 2.109 0 3 0 
317.86 90.0 40.555592 -3.485881 728.6 6 5 103.7 2.109 0 3 0 
318.97 89.7 40.555534 -3.485601 728.3 6 5 104.8 2.461 0 3 0 
319.89 90.5 40.555485 -3.485319 728.1 6 5 105.8 2.109 0 3 0 
320.87 89.7 40.555424 -3.485037 727.5 4 5 106.9 2.109 0 3 0 
321.89 88.6 40.555363 -3.484780 727.3 6 5 107.9 2.109 1 3 0 
322.86 88.0 40.555290 -3.484510 727.1 6 5 109.3 2.461 1 3 0 
323.86 87.1 40.555214 -3.484241 726.9 6 5 109.7 1.758 1 3 0 
324.87 86.5 40.555134 -3.483976 726.6 6 5 110.4 1.055 1 3 0 
325.87 86.9 40.555046 -3.483714 726.5 6 5 111.8 2.109 1 3 0 
326.86 87.0 40.554955 -3.483450 726.0 6 5 112.9 2.461 1 3 0 
327.87 87.7 40.554859 -3.483180 726.2 6 5 114.3 2.461 1 3 0 
328.92 87.0 40.554771 -3.482888 725.7 6 5 114.3 1.406 1 3 0 
329.96 87.3 40.554680 -3.482625 725.5 6 5 116.0 1.758 1 4 0 
330.89 87.2 40.554577 -3.482355 725.5 6 5 116.0 1.758 1 4 0 
331.87 88.5 40.554478 -3.482095 725.4 6 5 117.1 1.055 0 4 0 
332.92 89.6 40.554375 -3.481848 725.3 6 5 118.5 2.461 0 4 0 
333.86 90.1 40.554264 -3.481591 724.7 6 5 118.1 1.055 0 4 0 
334.88 90.3 40.554138 -3.481334 724.3 6 5 120.6 2.461 1 4 0 
335.88 90.0 40.554020 -3.481084 723.7 6 5 121.6 3.516 1 4 0 
336.88 88.3 40.553898 -3.480834 723.3 4 5 120.9 0.703 1 4 0 
337.86 90.5 40.553783 -3.480600 723.3 6 5 123.4 2.461 1 4 0 
338.86 93.6 40.553654 -3.480353 722.7 6 5 124.8 3.867 1 5 1 
339.86 95.9 40.553516 -3.480092 722.5 6 5 125.9 2.461 1 5 1 
340.88 95.8 40.553371 -3.479843 721.7 6 5 126.6 1.758 1 5 1 
341.87 95.2 40.553223 -3.479601 721.0 6 5 127.6 1.758 1 5 1 
342.87 95.3 40.553074 -3.479368 720.3 6 5 129.0 2.461 1 5 1 
343.88 96.2 40.552925 -3.479123 719.2 6 5 130.1 2.461 1 5 1 
344.89 93.1 40.552769 -3.478883 717.9 6 5 130.8 1.758 1 6 1 
345.87 91.3 40.552612 -3.478660 717.0 6 5 132.2 2.109 1 6 1 
346.89 92.0 40.552460 -3.478450 716.2 6 5 133.2 2.461 2 6 1 
347.89 91.9 40.552299 -3.478236 715.3 6 5 134.3 2.109 1 6 1 
348.88 91.3 40.552143 -3.478032 714.3 6 5 135.4 2.109 1 6 1 
349.95 90.9 40.551975 -3.477832 713.5 6 5 136.1 1.758 0 6 1 
350.87 91.0 40.551807 -3.477629 712.8 6 5 136.8 1.406 0 6 1 
351.98 91.3 40.551640 -3.477422 712.1 6 5 137.8 1.758 0 6 1 
352.96 91.2 40.551460 -3.477228 711.6 6 5 139.6 2.812 0 7 1 
353.89 91.1 40.551289 -3.477037 711.1 6 5 140.3 2.461 0 7 1 
354.89 91.8 40.551105 -3.476851 710.7 6 5 141.7 2.109 0 7 1 
355.90 91.1 40.550922 -3.476666 709.9 6 5 142.7 2.461 0 7 1 
356.93 92.4 40.550716 -3.476468 709.2 6 5 143.8 2.109 0 6 1 
357.90 92.8 40.550526 -3.476293 708.4 6 5 144.8 2.109 0 6 1 
358.90 93.0 40.550331 -3.476124 707.4 6 5 145.9 2.109 0 6 1 
359.94 93.7 40.550144 -3.475954 706.9 4 5 147.3 2.461 0 6 1 
360.98 94.5 40.549950 -3.475778 706.3 6 5 148.0 2.109 1 6 1 
361.89 94.9 40.549755 -3.475608 705.1 6 5 148.7 1.406 0 6 1 
362.88 95.9 40.549561 -3.475456 704.2 6 5 149.8 1.758 0 5 1 
363.93 96.1 40.549355 -3.475308 703.2 6 5 151.2 2.461 0 5 1 
364.88 96.5 40.549145 -3.475165 702.4 6 5 152.2 2.461 0 5 1 
365.88 96.4 40.548935 -3.475024 701.6 6 5 153.6 2.461 0 5 1 
366.92 96.6 40.548714 -3.474890 700.4 6 5 154.7 2.461 1 5 1 
367.88 96.8 40.548492 -3.474752 699.8 6 5 155.4 1.758 1 5 1 
368.89 96.8 40.548279 -3.474629 699.1 6 5 156.4 1.758 0 5 1 
369.93 97.1 40.548058 -3.474500 698.4 4 5 157.5 2.109 1 5 1 
370.86 97.6 40.547832 -3.474391 697.5 4 5 158.9 2.461 1 5 1 
371.88 98.0 40.547600 -3.474270 696.7 4 5 160.0 2.461 0 5 1 
372.88 98.7 40.547371 -3.474157 696.2 6 5 161.0 2.109 1 5 1 
373.96 99.1 40.547134 -3.474052 695.6 6 5 162.1 2.109 1 5 1 
374.89 99.7 40.546886 -3.473951 694.6 6 5 163.1 2.109 1 5 1 
375.86 99.7 40.546638 -3.473856 693.8 6 5 163.5 1.406 1 5 1 
376.88 99.8 40.546394 -3.473761 692.5 6 5 164.5 1.406 1 5 1 
377.87 99.1 40.546158 -3.473673 691.9 6 5 164.5 1.055 0 5 1 
378.87 98.6 40.545929 -3.473568 690.7 6 5 164.9 0.352 0 5 1 
379.88 98.8 40.545685 -3.473480 690.0 6 5 165.2 0.703 0 5 1 
380.87 98.1 40.545452 -3.473402 689.4 4 5 165.6 0.703 0 5 1 
381.88 98.2 40.545216 -3.473323 688.0 4 5 165.6 0.352 0 5 1 
382.88 98.0 40.544979 -3.473252 687.1 4 5 166.3 0.703 0 5 1 
383.87 97.4 40.544735 -3.473175 685.7 6 5 166.3 0.703 0 5 1 
384.91 97.3 40.544506 -3.473099 685.2 6 5 165.6 0.703 0 5 1 
385.87 94.5 40.544285 -3.473017 684.0 4 5 165.6 0.703 1 5 1 
386.87 94.3 40.544056 -3.472944 683.3 4 5 165.9 0.352 0 5 1 
387.88 94.1 40.543835 -3.472871 682.3 6 5 165.6 0.352 0 4 0 
388.87 94.2 40.543610 -3.472794 681.2 6 5 165.6 0.352 0 4 0 
389.87 93.6 40.543385 -3.472703 679.9 4 5 164.9 0.703 1 4 0 
390.88 93.7 40.543156 -3.472620 679.3 4 5 165.9 1.055 1 4 0 
391.87 93.6 40.542934 -3.472553 678.4 6 5 166.3 1.406 1 4 0 
392.88 92.7 40.542706 -3.472472 677.6 6 5 165.9 0.352 1 4 0 
393.86 93.7 40.542480 -3.472409 677.3 6 5 167.0 1.055 1 5 1 
394.87 92.5 40.542252 -3.472332 676.6 6 5 165.9 1.055 0 5 1 
395.93 91.6 40.542030 -3.472256 675.6 6 5 165.6 1.406 0 4 0 
396.86 91.6 40.541809 -3.472178 675.1 6 5 165.9 0.352 0 4 0 
397.86 91.2 40.541584 -3.472104 674.3 6 5 165.9 0.352 0 4 0 
398.88 90.6 40.541363 -3.472031 673.3 6 5 165.9 0 0 4 0 
399.90 91.3 40.541145 -3.471962 673.5 6 5 166.3 0.352 1 4 0 
400.86 92.4 40.540924 -3.471884 672.9 6 5 164.9 1.406 1 4 0 
401.86 91.0 40.540707 -3.471803 672.4 6 5 165.9 1.055 1 4 0 
402.86 91.7 40.540485 -3.471728 672.0 6 5 165.6 0.703 1 4 0 
403.86 92.2 40.540260 -3.471651 671.5 6 5 165.6 0.352 1 4 0 
404.86 91.7 40.540043 -3.471585 670.8 6 5 167.0 1.406 1 4 0 
405.91 92.4 40.539818 -3.471508 670.6 6 5 165.6 1.406 1 4 0 
406.87 93.5 40.539585 -3.471415 669.7 6 5 165.9 1.055 1 4 0 
407.91 93.6 40.539360 -3.471343 669.3 6 5 165.9 0.352 1 4 0 
408.89 93.3 40.539135 -3.471268 669.2 6 5 165.9 0 1 4 0 
409.94 93.1 40.538914 -3.471204 668.7 6 5 165.6 0.352 0 4 0 
410.89 92.5 40.538685 -3.471117 668.1 6 5 165.6 0.352 0 4 0 
411.89 93.0 40.538456 -3.471038 667.6 6 5 165.6 0 0 4 0 
412.89 91.9 40.538227 -3.470962 666.8 6 5 166.3 0.703 0 4 0 
413.89 92.7 40.538002 -3.470870 666.8 6 5 165.9 0.352 0 4 0 
414.89 92.6 40.537785 -3.470797 666.1 6 5 165.6 0.703 0 4 0 
415.88 92.3 40.537563 -3.470716 665.4 6 5 165.2 0.703 0 4 0 
417.00 91.3 40.537338 -3.470653 665.0 6 5 163.8 1.758 0 4 0 
417.86 91.6 40.537113 -3.470559 664.4 6 5 163.8 1.406 0 4 0 
418.87 92.3 40.536892 -3.470486 664.0 6 5 163.1 0.703 0 4 0 
419.89 92.0 40.536667 -3.470389 663.4 6 5 161.4 2.461 0 4 0 
420.89 92.5 40.536457 -3.470280 662.9 6 5 157.5 5.625 0 4 0 
421.89 93.3 40.536240 -3.470165 662.7 6 5 154.7 6.680 0 4 0 
422.89 94.8 40.536026 -3.470028 662.1 6 5 152.2 5.273 1 4 0 
423.89 94.0 40.535824 -3.469881 661.5 6 5 148.7 5.977 1 4 0 
424.89 93.5 40.535625 -3.469719 661.0 6 5 145.2 7.031 0 4 0 
425.88 93.3 40.535439 -3.469538 660.9 6 5 142.0 6.680 0 4 0 
426.86 94.3 40.535255 -3.469347 660.6 6 5 139.6 5.625 0 4 0 
427.86 94.2 40.535072 -3.469141 659.8 6 5 136.4 5.625 0 4 0 
428.88 94.3 40.534897 -3.468907 659.4 6 5 133.6 5.977 0 4 0 
429.88 93.3 40.534744 -3.468691 659.4 6 5 130.8 5.625 0 4 0 
430.95 92.7 40.534588 -3.468457 658.6 6 5 127.3 6.328 0 3 0 
431.99 92.1 40.534462 -3.468210 658.1 6 5 124.5 6.328 0 3 0 
432.94 91.4 40.534340 -3.467961 657.3 6 5 121.3 5.977 0 3 0 
433.88 90.8 40.534225 -3.467719 656.9 6 5 118.8 5.625 0 3 0 
434.86 89.9 40.534119 -3.467459 656.2 6 5 115.7 5.625 0 3 0 
435.90 90.0 40.534023 -3.467194 655.4 6 5 112.9 5.977 0 3 0 
436.94 90.1 40.533939 -3.466923 655.3 6 5 110.0 5.625 0 3 0 
437.89 90.9 40.533867 -3.466649 654.6 6 5 107.2 5.625 0 2 0 
438.88 90.9 40.533806 -3.466370 654.5 4 5 104.1 5.977 0 2 0 
439.88 90.6 40.533760 -3.466090 653.9 4 5 101.6 5.625 0 2 0 
440.88 89.8 40.533722 -3.465801 653.5 4 5 98.8 5.273 0 2 0 
441.88 90.0 40.533699 -3.465501 653.1 4 5 95.6 5.977 0 2 0 
442.88 90.3 40.533680 -3.465209 653.0 4 5 93.5 5.273 0 2 0 
443.99 89.4 40.533669 -3.464911 652.2 4 5 91.4 4.219 0 2 0 
444.88 88.6 40.533669 -3.464619 651.8 6 5 90.4 3.164 1 2 0 
445.87 88.2 40.533669 -3.464315 651.5 4 5 90.4 1.055 0 2 0 
446.94 87.8 40.533676 -3.464015 650.9 4 5 89.3 1.055 0 2 0 
447.87 87.5 40.533680 -3.463736 650.5 4 5 89.3 1.055 0 2 0 
448.88 87.7 40.533676 -3.463448 650.2 4 5 89.6 0.352 0 2 0 
449.87 88.1 40.533676 -3.463149 649.8 4 5 90.0 0.703 0 2 0 
450.87 88.3 40.533665 -3.462862 649.3 4 5 89.6 0.352 0 2 0 
451.92 88.8 40.533669 -3.462574 648.7 4 5 90.0 0.352 0 2 0 
452.98 88.7 40.533669 -3.462280 648.2 4 5 90.0 0.352 0 2 0 
453.87 88.6 40.533669 -3.461971 647.5 4 5 89.6 0.352 0 2 0 
454.91 89.5 40.533661 -3.461686 647.1 4 5 90.4 0.703 0 2 0 
455.93 89.1 40.533657 -3.461395 646.7 4 5 89.6 0.703 0 2 0 
456.88 88.2 40.533669 -3.461102 645.9 4 5 89.6 0.703 0 2 0 
457.92 88.3 40.533672 -3.460813 645.6 6 5 89.6 0 0 2 0 
458.93 88.3 40.533680 -3.460521 645.1 4 5 89.3 0.352 0 2 0 
459.93 88.4 40.533688 -3.460230 644.6 4 5 89.3 0.352 0 2 0 
460.91 88.7 40.533688 -3.459935 644.4 4 5 89.6 0.352 0 1 0 
461.87 88.3 40.533684 -3.459637 644.3 4 5 89.6 0.352 0 1 0 
462.86 87.2 40.533695 -3.459354 644.0 4 5 89.6 0 0 1 0 
463.89 86.9 40.533699 -3.459070 643.7 4 5 90.0 0.352 0 1 0 
464.87 87.1 40.533695 -3.458771 643.5 4 5 90.0 0.352 0 1 0 
465.86 87.4 40.533691 -3.458481 643.5 4 5 90.4 0.352 1 1 0 
466.86 88.0 40.533684 -3.458189 643.4 4 5 90.0 0.352 1 1 0 
467.88 88.6 40.533680 -3.457893 643.6 6 5 89.3 1.055 1 1 0 
468.86 88.3 40.533676 -3.457597 643.4 6 5 90.0 0.703 1 1 0 
469.89 87.7 40.533672 -3.457306 643.5 6 5 89.6 0.352 1 1 0 
470.91 86.8 40.533661 -3.457019 643.5 6 5 89.3 0.703 0 1 0 
471.88 86.1 40.533665 -3.456730 643.6 6 5 88.9 0.703 0 1 0 
472.88 85.6 40.533661 -3.456447 643.6 6 5 89.6 0.703 0 1 0 
473.87 84.9 40.533657 -3.456173 643.9 6 5 89.6 0.703 0 1 0 
474.92 85.0 40.533657 -3.455899 644.0 6 5 90.0 0.352 0 1 0 
475.87 84.6 40.533657 -3.455627 644.3 6 5 89.6 0.352 0 1 0 
476.89 85.0 40.533661 -3.455354 645.0 6 5 89.3 0.703 0 1 0 
477.89 85.0 40.533665 -3.455084 645.2 6 5 90.0 0.703 0 1 0 
478.86 84.7 40.533665 -3.454811 645.4 6 5 89.6 0.352 0 1 0 
479.86 84.4 40.533676 -3.454535 645.5 6 5 88.9 1.055 0 1 0 
480.87 84.7 40.533684 -3.454263 646.3 6 5 89.6 0.703 0 1 0 
481.87 85.5 40.533699 -3.453988 647.0 6 5 89.3 0.352 0 1 0 
482.98 85.9 40.533703 -3.453709 647.6 6 5 89.6 0.352 0 1 0 
483.87 86.3 40.533707 -3.453432 647.8 6 5 90.4 1.055 0 1 0 
484.89 87.9 40.533710 -3.453154 648.4 6 5 90.4 0.703 1 0 0 
485.98 88.6 40.533714 -3.452864 648.7 6 5 90.0 0.352 1 1 0 
486.89 88.3 40.533714 -3.452583 648.9 6 5 89.6 0.703 1 1 0 
487.89 88.3 40.533714 -3.452294 649.5 6 5 89.6 0.352 1 1 0 
488.87 87.6 40.533703 -3.452002 649.9 6 5 90.0 0.352 1 1 0 
489.89 86.8 40.533710 -3.451711 650.0 6 5 89.3 0.703 1 1 0 
490.86 87.1 40.533710 -3.451439 650.4 6 5 89.6 0.352 0 1 0 
491.86 85.9 40.533714 -3.451158 651.0 6 5 90.7 1.406 0 1 0 
492.86 86.9 40.533718 -3.450870 651.2 6 5 90.7 1.055 0 1 0 
493.89 87.8 40.533726 -3.450587 651.9 6 5 90.0 0.703 0 1 0 
494.89 88.2 40.533722 -3.450288 652.2 6 5 89.6 1.055 0 1 0 
495.96 87.8 40.533718 -3.450009 652.5 6 5 90.0 0.352 0 1 0 
496.89 87.8 40.533718 -3.449732 653.1 6 5 90.0 0.352 1 2 0 
497.89 87.8 40.533699 -3.449458 653.6 6 5 90.0 0 1 2 0 
498.87 88.8 40.533707 -3.449166 654.0 6 5 90.0 0 1 2 0 
499.90 89.1 40.533703 -3.448879 654.5 6 5 90.4 0.352 2 2 0 
500.88 89.5 40.533707 -3.448588 654.5 6 5 89.6 0.703 2 2 0 
501.88 91.1 40.533714 -3.448287 655.2 6 5 89.3 1.055 1 2 0 
502.94 90.6 40.533722 -3.447995 655.2 6 5 89.3 0.352 1 3 0 
503.86 89.4 40.533722 -3.447695 656.4 6 5 89.6 0.352 1 3 0 
504.99 89.6 40.533718 -3.447390 656.6 6 5 88.9 0.703 1 3 0 
505.88 88.8 40.533730 -3.447099 656.6 6 5 89.3 0.352 1 3 0 
506.91 89.3 40.533730 -3.446805 657.2 6 5 89.6 0.703 0 3 0 
507.88 89.3 40.533733 -3.446514 657.5 6 5 89.3 0.352 0 3 0 
508.88 89.1 40.533749 -3.446202 658.3 6 5 89.6 0.352 0 3 0 
509.88 90.0 40.533749 -3.445906 658.4 6 5 89.6 0.352 0 3 0 
510.91 88.7 40.533752 -3.445609 659.1 6 5 90.4 0.703 0 3 0 
511.88 87.7 40.533749 -3.445315 659.0 6 5 90.0 0.352 1 3 0 
512.93 87.7 40.533741 -3.445032 659.3 6 5 90.0 0.352 0 3 0 
513.88 87.4 40.533741 -3.444747 660.0 6 5 88.9 1.055 0 3 0 
514.88 87.0 40.533752 -3.444461 660.3 6 5 89.6 0.703 0 3 0 
515.88 86.7 40.533752 -3.444170 660.4 6 5 90.0 1.055 0 3 0 
516.87 87.0 40.533756 -3.443884 660.9 6 5 90.0 0.352 1 3 0 
517.87 86.5 40.533760 -3.443602 661.1 6 5 90.0 0 1 3 0 
518.97 86.8 40.533764 -3.443325 661.7 6 5 89.6 0.352 1 3 0 
519.89 87.6 40.533768 -3.443036 661.7 6 5 89.6 0.352 1 4 0 
520.98 87.7 40.533764 -3.442750 662.2 6 5 89.6 0 1 4 0 
521.87 87.8 40.533764 -3.442456 663.2 6 5 89.6 0 1 4 0 
522.87 88.3 40.533772 -3.442168 663.8 6 5 90.4 0.703 1 4 0 
523.88 88.5 40.533752 -3.441874 663.6 6 5 89.6 0.703 0 4 0 
524.96 89.0 40.533756 -3.441564 663.8 6 5 89.3 1.055 0 4 0 
525.87 89.8 40.533752 -3.441255 664.1 6 5 89.6 0.352 0 4 0 
526.87 90.9 40.533752 -3.440957 664.0 6 5 88.9 0.703 0 4 0 
527.87 91.3 40.533756 -3.440650 663.8 6 5 89.6 0.703 0 4 0 
528.87 90.5 40.533760 -3.440345 663.8 6 5 90.0 1.055 0 4 0 
529.90 89.9 40.533760 -3.440053 663.3 6 5 89.3 0.703 0 3 0 
530.91 89.6 40.533775 -3.439762 663.1 6 5 88.9 1.055 1 4 0 
531.87 90.4 40.533779 -3.439462 662.6 6 5 88.6 0.703 0 4 0 
532.89 90.4 40.533791 -3.439180 662.1 6 5 88.9 0.352 0 4 0 
533.86 92.0 40.533798 -3.438879 661.8 6 5 87.9 1.055 1 4 0 
534.86 94.2 40.533825 -3.438589 661.1 6 5 88.2 0.703 2 4 0 
535.94 95.3 40.533821 -3.438287 660.2 6 5 90.0 2.109 2 4 0 
536.91 96.2 40.533810 -3.437979 658.3 6 5 90.7 2.461 0 4 0 
537.89 97.7 40.533806 -3.437669 658.3 6 5 90.7 0.703 0 4 0 
538.86 98.0 40.533802 -3.437346 657.0 6 5 89.6 1.055 0 4 0 
539.91 96.6 40.533802 -3.437027 656.0 6 5 90.0 0.703 0 4 0 
540.86 96.2 40.533806 -3.436717 654.0 6 5 89.6 0.352 0 4 0 
541.86 94.1 40.533813 -3.436399 652.7 6 5 89.3 0.703 0 4 0 
542.87 93.8 40.533825 -3.436102 649.7 6 5 90.0 0.703 0 4 0 
543.86 93.0 40.533810 -3.435799 649.7 6 5 90.0 0.703 0 4 0 
544.86 92.5 40.533821 -3.435498 648.3 6 5 90.0 0 0 4 0 
545.89 92.2 40.533840 -3.435212 646.9 6 5 90.0 0 0 4 0 
546.86 90.3 40.533844 -3.434908 645.6 6 5 90.0 0 1 4 0 
547.86 90.8 40.533833 -3.434634 644.3 6 5 90.7 0.703 1 4 0 
548.89 91.9 40.533836 -3.434333 643.1 6 5 91.4 1.406 1 4 0 
549.87 92.1 40.533829 -3.434038 642.2 6 5 92.1 1.406 1 4 0 
550.90 93.6 40.533817 -3.433728 640.9 4 5 93.5 2.109 2 4 0 
551.89 94.8 40.533794 -3.433403 640.0 4 5 94.9 2.812 2 4 0 
552.87 95.8 40.533775 -3.433099 638.9 4 5 96.3 2.812 2 4 0 
553.86 96.9 40.533756 -3.432786 638.1 4 5 97.7 2.812 2 4 0 
554.90 94.0 40.533718 -3.432480 636.7 4 5 99.1 2.812 2 4 0 
555.91 94.2 40.533672 -3.432180 634.6 4 5 100.5 2.812 2 5 1 
556.90 95.6 40.533627 -3.431868 633.9 4 5 102.7 3.516 2 5 1 
557.89 96.5 40.533569 -3.431561 631.4 4 5 104.8 4.219 2 5 1 
558.99 96.4 40.533508 -3.431261 631.4 4 5 105.5 2.812 2 5 1 
559.95 95.4 40.533440 -3.430965 629.9 4 5 107.9 3.164 2 5 1 
560.86 92.9 40.533360 -3.430680 626.9 4 5 109.3 3.867 2 5 1 
561.92 93.6 40.533272 -3.430395 625.8 4 5 111.4 3.516 2 5 1 
562.89 93.5 40.533180 -3.430111 625.8 4 5 112.9 3.516 2 5 1 
563.90 91.3 40.533081 -3.429828 624.3 4 5 114.3 2.812 2 5 1 
564.87 92.2 40.532986 -3.429550 623.0 4 5 115.7 2.812 2 5 1 
565.90 92.1 40.532879 -3.429281 621.9 4 5 117.4 3.164 2 5 1 
566.89 93.3 40.532761 -3.429013 621.4 4 5 119.5 3.867 2 5 1 
567.89 93.7 40.532642 -3.428753 620.0 4 5 120.9 3.516 2 5 1 
568.89 96.6 40.532513 -3.428473 619.2 4 5 122.3 2.812 1 5 1 
569.89 97.6 40.532372 -3.428199 617.7 6 5 124.5 3.516 1 5 1 
570.92 97.6 40.532230 -3.427934 616.2 6 5 125.2 2.812 1 6 1 
571.89 96.8 40.532093 -3.427688 615.4 6 5 128.0 3.516 1 6 1 
572.89 96.1 40.531933 -3.427441 614.5 4 5 129.7 4.570 1 6 1 
573.91 96.3 40.531773 -3.427198 613.3 4 5 131.1 3.164 1 6 1 
574.88 94.4 40.531612 -3.426962 612.8 4 5 132.9 3.164 1 6 1 
575.89 93.5 40.531452 -3.426738 612.2 6 5 134.6 3.516 1 6 1 
576.94 90.0 40.531296 -3.426526 612.2 6 5 136.1 3.164 0 6 1 
577.89 88.6 40.531128 -3.426330 612.1 4 5 137.5 2.812 0 6 1 
578.88 87.3 40.530956 -3.426141 612.5 4 5 138.9 2.812 0 6 1 
579.88 85.4 40.530777 -3.425948 612.8 4 5 140.6 3.164 0 6 1 
580.88 84.7 40.530598 -3.425780 612.9 4 5 142.4 3.516 0 6 1 
581.86 84.0 40.530422 -3.425613 613.0 4 5 143.4 2.812 0 6 1 
582.91 83.8 40.530247 -3.425438 613.3 6 5 145.2 2.812 0 5 1 
583.88 83.7 40.530071 -3.425285 614.0 4 5 146.6 3.164 0 5 1 
584.89 84.4 40.529892 -3.425137 614.5 4 5 148.0 2.812 0 5 1 
585.87 85.1 40.529713 -3.425000 615.3 6 5 149.8 3.164 0 5 1 
586.86 85.5 40.529518 -3.424868 615.8 6 5 151.2 3.164 0 5 1 
587.92 86.2 40.529324 -3.424743 616.3 6 5 152.2 2.461 1 5 1 
588.87 86.1 40.529152 -3.424622 616.9 6 5 152.6 1.406 1 6 1 
589.87 86.4 40.528965 -3.424490 617.1 4 5 152.9 0.703 1 6 1 
590.88 86.7 40.528778 -3.424371 617.8 6 5 153.6 1.055 1 6 1 
591.96 88.3 40.528584 -3.424242 618.0 6 5 153.6 0.703 1 6 1 
592.87 89.3 40.528389 -3.424118 618.4 4 5 153.3 0.352 0 6 1 
593.87 90.9 40.528194 -3.423995 619.2 6 5 152.9 0.703 0 6 1 
594.87 91.8 40.527992 -3.423863 619.8 6 5 151.9 1.406 0 6 1 
595.87 92.4 40.527790 -3.423720 619.9 6 5 150.5 2.461 0 6 1 
596.89 91.7 40.527592 -3.423568 620.6 6 5 148.7 3.164 0 5 1 
597.87 91.0 40.527397 -3.423410 621.1 6 5 146.2 4.219 0 5 1 
598.87 90.6 40.527222 -3.423241 621.4 6 5 143.8 4.922 0 5 1 
599.90 88.7 40.527046 -3.423071 621.9 4 5 142.0 4.219 0 5 1 
600.87 86.9 40.526867 -3.422895 621.8 4 5 139.9 3.867 0 5 1 
601.87 86.2 40.526703 -3.422699 622.1 4 5 137.1 4.922 0 6 1 
602.88 85.1 40.526546 -3.422498 622.6 4 5 134.3 5.625 0 6 1 
603.92 84.6 40.526398 -3.422291 623.0 4 5 132.5 4.570 0 6 1 
604.87 84.4 40.526253 -3.422072 623.2 4 5 130.1 4.219 0 6 1 
605.86 83.2 40.526123 -3.421859 623.5 4 5 127.6 4.922 0 6 1 
606.86 83.1 40.526001 -3.421645 624.2 4 5 125.5 4.570 0 6 1 
607.91 83.5 40.525890 -3.421427 624.8 4 5 123.4 4.219 0 5 1 
608.86 84.2 40.525772 -3.421193 625.3 4 5 121.3 4.219 0 5 1 
609.88 86.1 40.525658 -3.420952 625.7 4 5 120.6 2.812 0 5 1 
610.86 86.4 40.525547 -3.420701 626.4 4 5 118.8 2.461 0 5 1 
611.88 89.3 40.525440 -3.420442 626.7 4 5 118.5 2.109 0 5 1 
612.95 87.0 40.525345 -3.420181 627.2 4 5 114.6 4.219 0 5 1 
613.91 86.1 40.525261 -3.419922 627.5 4 5 112.5 5.977 0 5 1 
614.86 86.3 40.525196 -3.419663 627.7 4 5 110.7 3.867 1 4 0 
615.86 87.3 40.525124 -3.419394 628.4 4 5 109.7 2.812 0 4 0 
616.86 87.8 40.525063 -3.419119 628.5 4 5 108.6 2.109 0 4 0 
617.86 87.4 40.524994 -3.418851 628.9 4 5 107.2 2.461 2 4 0 
618.89 88.1 40.524940 -3.418569 629.2 4 5 106.9 1.758 1 4 0 
619.89 88.4 40.524879 -3.418281 629.4 4 5 106.9 0.352 1 4 0 
620.95 88.6 40.524815 -3.417999 630.3 4 5 106.9 0 2 4 0 
621.95 87.1 40.524742 -3.417723 630.3 4 5 107.9 1.055 2 4 0 
622.91 86.5 40.524670 -3.417452 630.5 4 5 109.3 2.461 2 4 0 
623.89 86.1 40.524597 -3.417183 632.0 4 5 110.7 2.812 2 4 0 
624.86 86.4 40.524529 -3.416919 631.3 4 5 112.1 2.812 2 4 0 
625.89 86.3 40.524441 -3.416660 631.6 4 5 113.9 3.164 1 4 0 
626.89 85.3 40.524349 -3.416407 631.9 4 5 115.3 3.164 1 4 0 
627.87 85.4 40.524258 -3.416146 631.8 4 5 118.5 4.570 1 4 0 
628.92 86.5 40.524155 -3.415908 631.6 4 5 120.9 5.625 2 4 0 
629.93 90.2 40.524036 -3.415666 631.4 4 5 122.0 3.516 2 4 0 
630.89 91.7 40.523922 -3.415420 633.8 4 5 124.5 3.516 2 4 0 
631.86 91.5 40.523792 -3.415184 631.4 4 5 126.2 4.219 2 4 0 
632.89 91.8 40.523651 -3.414937 631.3 4 5 128.3 3.867 2 4 0 
633.91 91.7 40.523506 -3.414713 630.9 4 5 130.1 3.867 2 4 0 
634.93 92.1 40.523354 -3.414483 630.4 4 5 132.9 4.570 2 4 0 
635.96 93.6 40.523186 -3.414254 629.5 4 5 135.0 4.922 2 4 0 
636.86 95.5 40.523014 -3.414046 629.1 6 5 137.1 4.219 2 4 0 
637.97 96.5 40.522835 -3.413839 627.0 6 5 139.2 4.219 2 4 0 
638.88 96.4 40.522659 -3.413640 627.0 4 5 141.0 3.867 2 4 0 
639.89 96.7 40.522465 -3.413427 625.9 4 5 142.4 3.164 1 5 1 
640.87 96.7 40.522274 -3.413233 624.8 4 5 142.4 1.406 2 5 1 
641.88 94.8 40.522083 -3.413066 624.1 6 5 143.8 1.406 0 5 1 
642.90 97.5 40.521862 -3.412883 625.3 6 5 144.8 2.461 1 5 1 
643.90 97.1 40.521652 -3.412702 622.1 4 5 145.2 1.406 1 5 1 
644.88 97.3 40.521450 -3.412508 622.1 4 5 144.5 0.703 1 5 1 
645.88 99.3 40.521248 -3.412320 621.5 4 5 143.4 1.758 0 5 1 
646.88 102.5 40.521057 -3.412125 621.3 4 5 142.0 2.461 0 5 1 
647.92 104.7 40.520851 -3.411924 620.7 4 5 142.4 1.055 1 5 1 
648.88 108.5 40.520638 -3.411710 620.3 4 5 143.4 1.406 0 5 1 
649.88 110.4 40.520412 -3.411498 621.0 4 5 144.1 1.758 0 5 1 
650.89 111.3 40.520176 -3.411274 620.9 6 5 144.5 1.055 0 5 1 
651.91 112.8 40.519939 -3.411060 621.8 6 5 144.8 0.703 0 5 1 
652.87 113.3 40.519703 -3.410847 623.1 4 5 144.8 0.352 0 4 0 
653.95 113.7 40.519463 -3.410638 623.6 4 5 147.0 2.109 0 4 0 
654.88 113.1 40.519226 -3.410432 623.7 4 5 144.8 2.109 0 4 0 
655.89 112.3 40.518990 -3.410225 618.3 4 5 145.5 1.406 2 5 1 
656.96 111.5 40.518757 -3.410029 619.0 4 5 146.2 1.406 0 5 1 
657.86 109.9 40.518524 -3.409830 618.9 4 5 146.6 1.055 2 5 1 
