32.82 2 1 40.505520 -3.363513 20151217162747 
43.30 2 1 40.504658 -3.365957 20151217162757 
76.64 2 1 40.500294 -3.374868 20151217162831 
145.57 2 1 40.490116 -3.392228 20151217162939 
184.85 3 1 40.482475 -3.401177 20151217163019 
184.85 2 2 40.482475 -3.401177 20151217163019 
206.22 2 2 40.478294 -3.405473 20151217163040 
267.74 2 1 40.471703 -3.422907 20151217163142 
273.79 1 1 40.471165 -3.424797 20151217163148 
335.95 3 1 40.467606 -3.442869 20151217163250 
352.56 2 1 40.467171 -3.447953 20151217163306 
362.63 2 1 40.466911 -3.451176 20151217163317 
465.57 1 1 40.466217 -3.482021 20151217163459 
470.23 3 1 40.466564 -3.483129 20151217163504 
492.40 2 1 40.465137 -3.487372 20151217163526 
500.60 1 1 40.464111 -3.487841 20151217163535 
512.01 3 1 40.463711 -3.486127 20151217163546 
735.91 2 1 40.471622 -3.422240 20151217163930 
848.32 2 2 40.485943 -3.397340 20151217164122 
919.62 3 1 40.496483 -3.382070 20151217164234 
975.90 1 1 40.503426 -3.367796 20151217164330 
998.94 1 1 40.505539 -3.361821 20151217164353 
