41.48 -1 40.504879 -3.365465 0.17 1.50
76.53 1 40.500294 -3.374868 0.95 1.50
109.06 -1 40.495842 -3.383637 0.66 1.50
213.73 1 40.476952 -3.407359 0.87 1.50
360.67 -1 40.466965 -3.450530 0.77 1.50
394.76 1 40.467022 -3.461857 0.59 1.50
415.90 1 40.467175 -3.468303 0.66 1.50
460.87 1 40.465912 -3.481106 0.42 1.50
492.62 1 40.465137 -3.487372 0.20 1.50
544.90 -1 40.465694 -3.478222 0.72 1.50
553.05 -1 40.466183 -3.475991 0.66 1.50
595.54 1 40.466965 -3.463433 0.35 1.50
927.32 -1 40.497425 -3.380129 0.82 1.50
966.53 1 40.502224 -3.370471 0.45 1.50
974.45 1 40.503178 -3.368335 0.50 1.50
1009.37 1 40.505657 -3.359128 0.29 1.50
1013.13 1 40.505585 -3.358190 1.41 1.50
