8.21 -1.0 -1 - -1 -1 0.000000 0.000000 -1.000 68.7 
9.21 -1.0 -1 - -1 -1 0.000000 0.000000 -1.000 71.4 
10.21 -1.0 -1 - -1 -1 0.000000 0.000000 -1.000 75.0 
11.20 -1.0 -1 - -1 -1 0.000000 0.000000 -1.000 79.1 
12.20 -1.0 -1 - -1 -1 0.000000 0.000000 -1.000 82.8 
13.20 -1.0 -1 - -1 -1 0.000000 0.000000 -1.000 86.0 
14.20 -1.0 -1 - -1 -1 0.000000 0.000000 -1.000 89.0 
15.20 -1.0 -1 - -1 -1 0.000000 0.000000 -1.000 91.5 
16.20 -1.0 -1 - -1 -1 0.000000 0.000000 -1.000 93.2 
17.20 -1.0 -1 - -1 -1 0.000000 0.000000 -1.000 93.7 
18.20 -1.0 -1 - -1 -1 0.000000 0.000000 -1.000 92.8 
19.20 -1.0 -1 - -1 -1 0.000000 0.000000 -1.000 92.8 
20.20 -1.0 -1 - -1 -1 0.000000 0.000000 -1.000 90.3 
21.20 -1.0 -1 - -1 -1 0.000000 0.000000 -1.000 88.5 
22.20 -1.0 -1 - -1 -1 0.000000 0.000000 -1.000 87.7 
23.20 -1.0 -1 - -1 -1 0.000000 0.000000 -1.000 86.9 
24.20 -1.0 -1 - -1 -1 0.000000 0.000000 -1.000 86.2 
25.20 -1.0 -1 - -1 -1 0.000000 0.000000 -1.000 86.0 
26.21 -1.0 -1 - -1 -1 0.000000 0.000000 -1.000 86.5 
27.20 -1.0 -1 - -1 -1 0.000000 0.000000 -1.000 87.0 
28.20 -1.0 -1 - -1 -1 0.000000 0.000000 -1.000 86.4 
29.20 -1.0 -1 - -1 -1 0.000000 0.000000 -1.000 85.0 
30.20 -1.0 -1 - -1 -1 0.000000 0.000000 -1.000 83.2 
31.20 -1.0 -1 - -1 -1 0.000000 0.000000 -1.000 82.5 
32.20 -1.0 -1 - -1 -1 0.000000 0.000000 -1.000 81.1 
33.20 -1.0 -1 - -1 -1 0.000000 0.000000 -1.000 80.9 
34.20 -1.0 -1 - -1 -1 0.000000 0.000000 -1.000 80.7 
35.20 -1.0 -1 - -1 -1 0.000000 0.000000 -1.000 81.0 
36.20 -1.0 -1 - -1 -1 0.000000 0.000000 -1.000 81.3 
37.20 -1.0 -1 - -1 -1 0.000000 0.000000 -1.000 81.8 
38.20 -1.0 -1 - -1 -1 0.000000 0.000000 -1.000 82.5 
39.20 -1.0 -1 - -1 -1 0.000000 0.000000 -1.000 83.2 
40.20 -1.0 -1 - -1 -1 0.000000 0.000000 -1.000 84.1 
41.20 -1.0 -1 - -1 -1 0.000000 0.000000 -1.000 85.4 
42.20 -1.0 -1 - -1 -1 0.000000 0.000000 -1.000 86.5 
43.20 -1.0 -1 - -1 -1 0.000000 0.000000 -1.000 89.3 
44.20 -1.0 -1 - -1 -1 0.000000 0.000000 -1.000 91.9 
45.20 -1.0 -1 - -1 -1 0.000000 0.000000 -1.000 93.7 
46.20 -1.0 -1 - -1 -1 0.000000 0.000000 -1.000 94.9 
47.20 -1.0 -1 - -1 -1 0.000000 0.000000 -1.000 95.5 
48.20 -1.0 -1 - -1 -1 0.000000 0.000000 -1.000 95.7 
49.20 -1.0 -1 - -1 -1 0.000000 0.000000 -1.000 96.9 
50.20 -1.0 -1 - -1 -1 0.000000 0.000000 -1.000 97.2 
51.20 -1.0 -1 - -1 -1 0.000000 0.000000 -1.000 97.2 
52.20 -1.0 -1 - -1 -1 0.000000 0.000000 -1.000 98.4 
53.20 -1.0 -1 - -1 -1 0.000000 0.000000 -1.000 98.4 
54.20 -1.0 -1 - -1 -1 0.000000 0.000000 -1.000 99.1 
55.20 -1.0 -1 - -1 -1 0.000000 0.000000 -1.000 100.0 
56.20 -1.0 -1 - -1 -1 0.000000 0.000000 -1.000 98.8 
57.20 -1.0 -1 - -1 -1 0.000000 0.000000 -1.000 98.0 
58.20 -1.0 -1 - -1 -1 0.000000 0.000000 -1.000 97.4 
59.20 -1.0 -1 - -1 -1 0.000000 0.000000 -1.000 96.7 
60.35 -1.0 -1 - -1 -1 0.000000 0.000000 -1.000 96.2 
61.23 -1.0 -1 - -1 -1 0.000000 0.000000 -1.000 95.4 
62.20 -1.0 -1 - -1 -1 0.000000 0.000000 -1.000 96.4 
63.20 -1.0 -1 - -1 -1 0.000000 0.000000 -1.000 96.9 
64.20 -1.0 -1 - -1 -1 0.000000 0.000000 -1.000 96.8 
65.20 -1.0 -1 - -1 -1 0.000000 0.000000 -1.000 97.0 
67.71 120.0 1 motorway 3 -1 40.501629 -3.372143 1.504 98.7 
68.68 120.0 1 motorway 3 -1 40.501369 -3.372684 0.482 96.6 
70.24 120.0 1 motorway 3 -1 40.501244 -3.372962 1.032 98.6 
72.66 120.0 1 motorway 3 -1 40.500969 -3.373494 1.455 99.1 
73.93 120.0 1 motorway 3 -1 40.500698 -3.374045 0.721 99.5 
77.11 120.0 1 motorway 3 1 40.500565 -3.374323 2.903 99.5 
78.10 120.0 1 motorway 3 1 40.500160 -3.375145 0.900 99.9 
79.67 120.0 1 motorway 3 1 40.500031 -3.375429 1.462 99.3 
84.17 120.0 1 motorway 3 1 40.499779 -3.375988 3.967 102.1 
87.68 120.0 1 motorway 3 1 40.499233 -3.377056 3.477 98.8 
89.84 120.0 1 motorway 3 1 40.498680 -3.378121 1.638 98.2 
91.34 120.0 1 motorway 3 1 40.498405 -3.378668 1.133 98.2 
95.70 120.0 1 motorway 3 1 40.498135 -3.379197 3.492 97.6 
109.39 120.0 1 motorway 3 2 40.497601 -3.380247 13.183 95.3 
112.69 120.0 1 motorway 3 2 40.495701 -3.383881 2.485 94.1 
116.54 120.0 1 motorway 3 2 40.495270 -3.384613 3.336 94.2 
119.24 120.0 1 motorway 3 2 40.494682 -3.385594 2.038 95.1 
121.75 120.0 1 motorway 3 2 40.494267 -3.386323 1.547 97.0 
123.91 120.0 1 motorway 3 2 40.493950 -3.386811 1.704 96.1 
125.77 120.0 1 motorway 3 2 40.493629 -3.387298 1.563 96.7 
131.08 120.0 1 motorway 3 2 40.493313 -3.387769 4.878 97.2 
132.20 120.0 1 motorway 3 2 40.492504 -3.388927 0.997 95.4 
148.89 -1.0 -1 - -1 -1 40.492336 -3.389163 16.691 103.0 
153.10 120.0 1 motorway 3 2 40.489418 -3.393198 3.899 103.2 
155.06 120.0 1 motorway 3 2 40.488708 -3.394181 1.855 104.4 
159.07 120.0 1 motorway 3 2 40.488346 -3.394658 3.866 104.0 
160.26 120.0 1 motorway 3 2 40.487606 -3.395628 1.059 103.8 
162.61 120.0 1 motorway 3 2 40.487244 -3.396125 1.401 103.5 
164.09 120.0 1 motorway 3 2 40.486862 -3.396595 0.892 103.1 
164.61 120.0 1 motorway 3 2 40.486671 -3.396829 0.404 103.1 
165.95 120.0 1 motorway 3 2 40.486481 -3.397061 0.744 102.7 
167.37 120.0 1 motorway 3 2 40.486290 -3.397291 1.164 101.9 
169.57 120.0 1 motorway 3 2 40.485897 -3.397728 1.370 101.7 
172.44 120.0 1 motorway 3 2 40.485512 -3.398141 2.238 101.8 
176.01 120.0 1 motorway 3 2 40.484917 -3.398754 2.809 101.7 
178.24 120.0 1 motorway 3 2 40.484314 -3.399360 2.039 100.9 
180.02 120.0 1 motorway 3 2 40.483700 -3.399981 0.808 101.7 
181.02 120.0 1 motorway 3 2 40.483494 -3.400168 0.819 104.1 
191.74 120.0 1 motorway 3 2 40.483284 -3.400369 10.534 102.1 
194.05 120.0 1 motorway 3 2 40.481033 -3.402584 1.843 100.5 
195.75 120.0 1 motorway 3 2 40.480621 -3.402977 1.547 100.2 
196.82 120.0 1 motorway 3 2 40.480213 -3.403366 0.612 101.2 
198.28 120.0 1 motorway 3 2 40.480007 -3.403565 1.077 103.0 
200.60 120.0 1 motorway 3 2 40.479610 -3.403980 1.396 100.8 
201.73 120.0 1 motorway 3 2 40.479221 -3.404367 0.524 101.2 
204.39 120.0 1 motorway 3 2 40.479038 -3.404575 2.186 98.3 
206.03 120.0 1 motorway 3 2 40.478481 -3.405238 0.826 99.8 
208.74 120.0 1 motorway 3 2 40.478294 -3.405473 2.534 99.4 
210.94 120.0 1 motorway 3 2 40.477760 -3.406166 1.739 99.4 
213.81 120.0 1 motorway 3 1 40.477425 -3.406633 2.604 98.7 
216.30 120.0 1 motorway 3 1 40.476952 -3.407359 2.096 100.9 
218.21 120.0 1 motorway 3 1 40.476494 -3.408130 1.007 98.2 
220.50 120.0 1 motorway 3 1 40.476192 -3.408664 1.299 97.3 
223.64 120.0 1 motorway 3 1 40.475906 -3.409192 2.439 97.4 
228.46 120.0 1 motorway 3 1 40.475517 -3.409986 4.253 94.8 
231.63 120.0 1 motorway 3 1 40.474880 -3.411373 2.424 95.4 
233.88 120.0 1 motorway 3 1 40.474579 -3.412195 1.676 94.9 
234.72 120.0 1 motorway 3 1 40.474377 -3.412761 0.518 94.4 
237.36 120.0 1 motorway 3 1 40.474281 -3.413043 2.158 94.4 
239.62 120.0 1 motorway 3 1 40.474014 -3.413889 1.413 93.7 
240.95 120.0 1 motorway 3 1 40.473854 -3.414443 0.742 93.1 
242.22 120.0 1 motorway 3 1 40.473778 -3.414735 1.015 93.6 
245.04 120.0 1 motorway 3 1 40.473625 -3.415323 1.832 94.0 
247.02 120.0 1 motorway 3 1 40.473484 -3.415909 1.819 94.0 
248.62 120.0 1 motorway 3 1 40.473339 -3.416493 1.421 93.9 
250.16 120.0 1 motorway 3 1 40.473194 -3.417083 0.958 95.0 
253.18 120.0 1 motorway 3 1 40.473129 -3.417369 2.979 96.6 
255.28 120.0 1 motorway 3 1 40.472908 -3.418251 2.078 98.5 
258.19 120.0 1 motorway 3 1 40.472679 -3.419168 1.991 100.9 
264.60 120.0 1 motorway 3 1 40.472527 -3.419811 6.397 99.3 
267.10 120.0 1 motorway 3 1 40.471939 -3.422020 1.897 99.5 
269.67 120.0 1 motorway 3 1 40.471775 -3.422632 2.467 101.3 
274.74 120.0 1 motorway 3 1 40.471516 -3.423552 4.536 99.0 
277.01 120.0 1 motorway 3 1 40.471081 -3.425097 1.806 98.1 
279.24 120.0 1 motorway 3 1 40.470890 -3.425727 2.035 97.9 
283.46 120.0 1 motorway 3 1 40.470615 -3.426649 3.261 94.6 
287.27 120.0 1 motorway 3 1 40.470287 -3.427818 3.068 92.7 
295.54 120.0 1 motorway 3 1 40.469982 -3.428956 7.333 89.9 
299.52 120.0 1 motorway 3 1 40.469475 -3.431217 3.316 89.2 
304.47 120.0 1 motorway 3 1 40.469284 -3.432334 4.263 88.4 
318.36 120.0 1 motorway 3 1 40.469063 -3.433724 13.158 91.9 
321.67 120.0 1 motorway 3 1 40.468399 -3.437740 2.469 92.8 
323.58 120.0 1 motorway 3 1 40.468246 -3.438622 1.377 93.0 
325.12 120.0 1 motorway 3 1 40.468140 -3.439222 0.920 91.7 
327.04 120.0 1 motorway 3 1 40.468082 -3.439488 1.831 93.3 
329.89 120.0 1 motorway 3 1 40.467983 -3.440086 2.690 95.3 
330.96 120.0 1 motorway 3 1 40.467838 -3.441008 0.755 95.9 
336.43 120.0 1 motorway 3 1 40.467796 -3.441324 5.225 94.9 
338.63 120.0 1 motorway 3 1 40.467579 -3.443168 1.431 95.9 
344.07 120.0 1 motorway 3 1 40.467529 -3.443798 4.864 98.5 
346.88 120.0 1 motorway 3 1 40.467384 -3.445387 2.676 97.5 
355.33 120.0 1 motorway 3 1 40.467308 -3.446356 8.127 98.2 
357.84 120.0 2 motorway 3 1 40.467056 -3.449250 1.631 97.8 
361.99 120.0 1 motorway 3 2 40.467007 -3.449882 3.776 100.7 
364.96 120.0 1 motorway 3 2 40.466911 -3.451177 2.751 100.1 
366.21 120.0 1 motorway 3 2 40.466862 -3.452155 1.003 99.8 
379.52 120.0 1 motorway 3 2 40.466839 -3.452809 12.317 98.0 
380.89 120.0 1 motorway 3 2 40.466785 -3.457024 0.689 99.8 
382.77 120.0 1 motorway 3 2 40.466812 -3.457359 1.566 97.8 
388.40 120.0 1 motorway 3 2 40.466858 -3.458029 5.198 98.1 
393.87 120.0 1 motorway 3 2 40.466953 -3.459951 4.669 98.1 
396.80 120.0 1 motorway 3 1 40.467003 -3.461543 2.596 98.0 
403.98 120.0 1 motorway 3 1 40.467052 -3.462499 6.775 96.3 
406.14 120.0 1 motorway 3 1 40.467140 -3.464714 1.938 95.6 
414.18 120.0 1 motorway 3 1 40.467152 -3.465341 7.973 89.1 
416.31 120.0 1 motorway 3 1 40.467178 -3.467741 2.098 89.5 
420.28 120.0 1 motorway 3 1 40.467171 -3.468615 3.081 90.6 
424.24 120.0 1 motorway 3 1 40.467148 -3.469798 3.039 90.5 
426.82 120.0 1 motorway 3 1 40.467083 -3.471007 1.614 92.1 
450.15 120.0 1 motorway 3 1 40.467022 -3.471603 22.946 86.9 
451.58 80.0 1 primary_link 1 1 40.465984 -3.478369 1.380 85.2 
454.30 80.0 1 primary_link 1 1 40.465881 -3.478907 2.099 76.3 
458.35 80.0 1 primary_link 1 1 40.465771 -3.479648 3.141 74.4 
461.45 70.0 1 primary_link 1 1 40.465790 -3.480637 2.242 74.5 
463.38 70.0 1 primary_link 1 1 40.465977 -3.481339 1.173 76.6 
466.82 70.0 1 primary_link 1 1 40.466133 -3.481799 2.621 74.9 
468.50 70.0 1 primary_link 1 1 40.466373 -3.482472 1.292 71.4 
470.44 70.0 1 primary_link 1 1 40.466507 -3.482909 1.236 72.9 
473.88 70.0 1 primary_link 1 1 40.466621 -3.483363 2.680 74.9 
475.89 70.0 1 primary_link 1 1 40.466713 -3.484095 1.684 75.0 
478.68 70.0 1 primary_link 1 1 40.466682 -3.484581 2.472 70.7 
481.61 70.0 1 primary_link 1 1 40.466499 -3.485231 2.394 69.3 
483.82 70.0 1 primary_link 1 1 40.466198 -3.485771 1.615 66.4 
485.38 90.0 3 motorway_link 1 1 40.465992 -3.486106 1.174 65.2 
487.03 90.0 3 motorway_link 1 1 40.465771 -3.486420 0.821 64.3 
489.99 90.0 3 motorway_link 1 1 40.465668 -3.486583 2.782 63.3 
491.93 90.0 3 motorway_link 1 1 40.465366 -3.487066 1.731 64.0 
494.33 50.0 1 primary 1 1 40.465137 -3.487373 2.124 60.9 
496.44 50.0 1 primary 1 1 40.464794 -3.487781 1.235 58.1 
500.15 50.0 1 primary 1 1 40.464512 -3.487891 2.947 53.2 
503.23 50.0 1 primary 1 1 40.464111 -3.487841 3.019 53.3 
505.33 50.0 1 primary 1 1 40.463711 -3.487430 1.129 52.4 
507.52 50.0 1 primary 1 1 40.463608 -3.487118 1.307 52.8 
511.49 50.0 1 primary 1 1 40.463581 -3.486778 3.283 53.8 
513.37 100.0 3 primary 1 1 40.463711 -3.486127 1.170 57.0 
515.55 90.0 1 motorway_link 1 1 40.463837 -3.485778 1.344 63.0 
518.04 90.0 1 motorway_link 1 1 40.463963 -3.485406 1.827 70.2 
519.28 90.0 1 motorway_link 1 1 40.464062 -3.484981 1.078 72.2 
521.14 90.0 1 motorway_link 1 1 40.464165 -3.484522 0.941 74.1 
523.26 90.0 1 motorway_link 1 1 40.464218 -3.484291 2.050 76.5 
526.87 90.0 1 motorway_link 1 1 40.464401 -3.483567 2.665 78.2 
527.89 90.0 1 motorway_link 1 1 40.464565 -3.482834 0.691 78.4 
530.55 90.0 1 motorway_link 1 1 40.464622 -3.482585 2.351 79.2 
534.84 90.0 1 motorway_link 1 1 40.464802 -3.481834 3.629 82.2 
537.50 90.0 1 motorway_link 1 1 40.465046 -3.480797 2.288 82.2 
545.73 90.0 1 motorway_link 1 1 40.465263 -3.480036 7.524 82.8 
547.19 90.0 1 motorway_link 1 1 40.465759 -3.477967 0.989 84.4 
547.85 90.0 1 motorway_link 1 1 40.465824 -3.477704 0.653 86.0 
549.10 90.0 1 motorway_link 1 1 40.465881 -3.477434 0.903 88.0 
559.11 90.0 1 motorway_link 1 1 40.465942 -3.477152 9.907 93.5 
559.94 120.0 1 motorway 4 1 40.466511 -3.474187 0.736 92.7 
561.05 120.0 1 motorway 4 1 40.466545 -3.473882 0.854 92.8 
561.77 120.0 1 motorway 4 1 40.466602 -3.473586 0.566 92.6 
571.43 120.0 1 motorway 4 1 40.466648 -3.473284 9.232 90.0 
574.06 120.0 1 motorway 4 1 40.466957 -3.470338 1.860 90.8 
575.90 120.0 1 motorway 3 1 40.467007 -3.469747 1.699 91.2 
577.24 120.0 1 motorway 3 1 40.467030 -3.469150 1.044 91.0 
579.48 120.0 1 motorway 3 1 40.467049 -3.468560 1.275 91.4 
582.26 120.0 1 motorway 3 1 40.467056 -3.467952 2.064 91.3 
585.73 120.0 1 motorway 3 1 40.467045 -3.467028 2.533 91.3 
589.92 120.0 1 motorway 3 1 40.467037 -3.466141 3.724 92.7 
591.53 120.0 1 motorway 3 1 40.467014 -3.464918 1.333 92.2 
592.79 120.0 1 motorway 3 1 40.466988 -3.464311 0.583 91.5 
599.92 120.0 1 motorway 3 1 40.466976 -3.464014 6.723 91.1 
601.19 120.0 1 motorway 3 1 40.466873 -3.461919 0.990 91.2 
604.38 120.0 1 motorway 3 1 40.466858 -3.461626 3.180 90.5 
605.92 120.0 1 motorway 3 1 40.466808 -3.460429 0.717 89.9 
607.85 120.0 1 motorway 3 1 40.466785 -3.460129 1.649 89.7 
611.12 120.0 1 motorway 3 1 40.466740 -3.459534 2.918 90.0 
612.74 120.0 1 motorway 3 1 40.466644 -3.458627 1.538 92.1 
614.03 120.0 1 motorway 3 1 40.466602 -3.458025 0.828 90.8 
615.53 120.0 1 motorway 3 1 40.466591 -3.457720 1.326 90.5 
617.47 120.0 1 motorway 3 1 40.466579 -3.457146 1.267 91.0 
620.80 120.0 1 motorway 3 1 40.466564 -3.456553 2.601 90.6 
623.44 120.0 1 motorway 3 1 40.466545 -3.455673 2.242 90.8 
632.03 120.0 1 motorway 3 1 40.466564 -3.454796 7.827 93.4 
646.35 120.0 1 motorway 3 1 40.466637 -3.452397 14.146 91.7 
648.72 120.0 1 motorway 3 1 40.466919 -3.447840 1.521 91.9 
650.75 120.0 1 motorway 3 1 40.466965 -3.447239 1.553 91.3 
652.47 120.0 1 motorway 3 1 40.466999 -3.446640 1.277 91.5 
654.74 120.0 1 motorway 3 1 40.467064 -3.446046 1.529 90.9 
656.95 120.0 1 motorway 3 1 40.467113 -3.445463 1.748 90.9 
659.60 120.0 1 motorway 3 1 40.467152 -3.444855 2.408 90.8 
662.33 120.0 1 motorway 3 1 40.467220 -3.443968 2.138 90.8 
664.47 120.0 1 motorway 3 1 40.467323 -3.443099 1.273 90.7 
666.94 120.0 1 motorway 3 1 40.467400 -3.442529 1.745 90.0 
672.27 120.0 1 motorway 3 1 40.467457 -3.441931 5.074 89.6 
696.32 120.0 1 motorway 3 1 40.467720 -3.440209 23.121 90.1 
698.06 120.0 1 motorway 3 1 40.468853 -3.433481 0.859 90.9 
698.78 120.0 1 motorway 3 1 40.468910 -3.433195 0.583 91.4 
700.74 120.0 1 motorway 3 1 40.468956 -3.432904 1.532 92.3 
702.17 120.0 1 motorway 3 1 40.469048 -3.432312 0.960 92.6 
702.87 120.0 1 motorway 3 1 40.469090 -3.432018 0.662 92.3 
704.20 120.0 1 motorway 3 1 40.469135 -3.431727 1.001 92.0 
706.55 120.0 1 motorway 3 1 40.469269 -3.431144 1.354 92.8 
708.18 120.0 1 motorway 3 1 40.469387 -3.430566 0.980 93.8 
708.72 120.0 1 motorway 3 1 40.469440 -3.430266 0.524 94.4 
711.06 120.0 1 motorway 3 1 40.469501 -3.429951 1.861 95.0 
712.72 120.0 1 motorway 3 1 40.469624 -3.429348 1.518 95.8 
713.84 120.0 1 motorway 3 1 40.469776 -3.428747 0.642 96.0 
715.47 120.0 1 motorway 3 1 40.469852 -3.428441 1.267 96.0 
717.32 120.0 1 motorway 3 1 40.470013 -3.427863 1.123 95.4 
719.84 120.0 1 motorway 3 1 40.470173 -3.427283 1.638 94.9 
721.51 120.0 1 motorway 3 1 40.470337 -3.426700 1.311 94.6 
723.76 120.0 1 motorway 3 1 40.470509 -3.426128 1.563 92.7 
725.69 120.0 1 motorway 3 1 40.470673 -3.425562 1.490 92.1 
726.86 120.0 1 motorway 3 1 40.470848 -3.425001 0.661 90.7 
730.42 120.0 1 motorway 3 1 40.470932 -3.424721 3.218 89.8 
732.45 120.0 1 motorway 3 1 40.471241 -3.423597 1.255 89.2 
745.11 120.0 1 motorway 3 1 40.471397 -3.423055 11.913 86.8 
745.91 120.0 1 motorway 3 1 40.472267 -3.419792 0.716 86.4 
747.13 120.0 1 motorway 3 1 40.472332 -3.419521 0.929 86.1 
748.16 120.0 1 motorway 3 1 40.472397 -3.419249 0.965 85.7 
750.16 120.0 1 motorway 3 1 40.472462 -3.418984 1.961 85.5 
757.17 120.0 1 motorway 3 1 40.472599 -3.418453 6.976 86.9 
758.30 120.0 1 motorway 3 1 40.473080 -3.416584 1.101 87.0 
760.74 120.0 1 motorway 3 1 40.473209 -3.416041 1.544 87.4 
762.16 120.0 1 motorway 3 1 40.473351 -3.415496 0.956 87.4 
762.90 120.0 1 motorway 3 1 40.473419 -3.415227 0.701 87.5 
772.91 120.0 1 motorway 3 1 40.473484 -3.414952 9.715 90.3 
774.73 120.0 1 motorway 3 1 40.474289 -3.412250 1.532 89.8 
776.94 120.0 1 motorway 3 1 40.474487 -3.411713 1.746 90.0 
781.97 120.0 1 motorway 3 1 40.474705 -3.411198 4.778 91.0 
786.13 120.0 1 motorway 3 1 40.475292 -3.409915 3.927 88.5 
788.39 120.0 1 motorway 3 1 40.475788 -3.408949 2.192 89.4 
790.95 120.0 1 motorway 3 1 40.476177 -3.408241 1.754 89.6 
792.32 120.0 1 motorway 3 1 40.476440 -3.407777 1.124 90.4 
807.01 120.0 1 motorway 3 1 40.476723 -3.407351 13.812 88.5 
809.47 120.0 1 motorway 3 1 40.478954 -3.404391 2.274 87.8 
812.41 120.0 1 motorway 3 1 40.479458 -3.403853 2.216 85.6 
814.92 120.0 1 motorway 3 1 40.479969 -3.403340 1.718 86.4 
820.95 120.0 1 motorway 3 1 40.480324 -3.403010 5.744 88.6 
823.82 120.0 1 motorway 3 1 40.481388 -3.401990 2.621 87.5 
825.75 120.0 1 motorway 3 1 40.481926 -3.401458 1.549 87.5 
830.87 120.0 1 motorway 3 1 40.482265 -3.401114 4.678 84.9 
839.27 120.0 1 motorway 3 1 40.483135 -3.400268 8.070 84.7 
847.87 120.0 1 motorway 3 1 40.484646 -3.398758 7.676 85.5 
850.18 120.0 1 motorway 3 1 40.485943 -3.397340 1.985 86.7 
866.30 120.0 1 motorway 3 1 40.486279 -3.396973 16.106 86.7 
871.42 120.0 1 motorway 3 1 40.488899 -3.393554 4.224 87.3 
875.73 120.0 1 motorway 3 1 40.489639 -3.392518 3.532 88.2 
878.56 120.0 1 motorway 3 1 40.490257 -3.391690 2.368 88.3 
895.00 -1.0 -1 - -1 -1 40.490707 -3.391061 15.800 90.9 
895.94 120.0 1 motorway 3 1 40.493153 -3.387630 0.745 91.0 
897.30 120.0 1 motorway 3 1 40.493301 -3.387398 1.099 90.6 
899.53 120.0 1 motorway 3 1 40.493591 -3.386941 1.333 90.8 
908.71 120.0 1 motorway 3 1 40.493889 -3.386503 8.512 91.4 
910.99 120.0 1 motorway 3 1 40.495152 -3.384407 1.786 91.3 
914.29 120.0 1 motorway 3 1 40.495426 -3.383927 3.088 89.1 
917.30 120.0 1 motorway 3 1 40.495968 -3.382996 2.102 89.3 
924.68 120.0 1 motorway 3 1 40.496361 -3.382307 6.478 88.2 
932.75 120.0 1 motorway 3 2 40.497181 -3.380616 7.550 90.0 
933.78 120.0 1 motorway 3 2 40.498203 -3.378651 0.575 89.7 
935.46 120.0 1 motorway 3 2 40.498325 -3.378383 1.256 89.7 
938.93 120.0 1 motorway 3 2 40.498569 -3.377928 2.734 85.8 
940.55 120.0 1 motorway 3 2 40.498940 -3.377210 1.344 87.5 
942.49 120.0 1 motorway 3 2 40.499165 -3.376723 1.286 87.4 
945.67 120.0 1 motorway 3 2 40.499416 -3.376240 2.471 88.5 
947.92 120.0 1 motorway 3 2 40.499771 -3.375511 1.718 89.6 
949.14 120.0 1 motorway 3 2 40.500015 -3.375026 0.947 90.8 
950.68 120.0 1 motorway 3 2 40.500130 -3.374763 1.478 90.5 
955.14 120.0 1 motorway 3 2 40.500378 -3.374263 3.945 91.2 
956.71 120.0 1 motorway 3 2 40.500858 -3.373268 1.514 91.7 
958.36 120.0 1 motorway 3 2 40.501118 -3.372758 1.164 91.7 
970.55 120.0 1 motorway 3 1 40.501331 -3.372257 11.350 92.1 
972.60 120.0 1 motorway 4 2 40.502811 -3.369152 1.400 92.8 
973.88 120.0 1 motorway 4 2 40.503056 -3.368602 0.688 95.0 
975.84 120.0 1 motorway 4 1 40.503178 -3.368335 1.646 96.1 
980.31 120.0 1 motorway 4 1 40.503426 -3.367796 4.111 85.5 
983.41 120.0 1 motorway 4 1 40.503998 -3.366592 2.214 86.1 
985.81 120.0 1 motorway 4 1 40.504333 -3.365879 1.612 87.4 
987.39 120.0 1 motorway 4 1 40.504543 -3.365379 1.182 87.7 
989.60 120.0 1 motorway 4 1 40.504734 -3.364877 1.401 88.1 
994.71 120.0 1 motorway 4 1 40.504917 -3.364354 4.517 89.8 
997.04 120.0 1 motorway 4 1 40.505302 -3.362973 1.824 91.9 
999.22 120.0 1 motorway 3 1 40.505436 -3.362410 2.021 91.6 
1001.47 120.0 1 motorway 3 1 40.505573 -3.361531 1.270 85.6 
1004.44 120.0 1 motorway 3 1 40.505615 -3.360970 2.240 82.6 
1006.90 90.0 3 motorway_link 1 1 40.505642 -3.360154 1.704 78.6 
1007.84 90.0 1 motorway_link 2 1 40.505661 -3.359623 0.641 78.6 
1009.90 90.0 1 motorway_link 2 1 40.505665 -3.359366 1.707 71.2 
1012.97 90.0 1 motorway_link 2 1 40.505653 -3.358894 2.768 70.9 
1015.23 90.0 1 motorway_link 2 1 40.505585 -3.358189 2.037 72.6 
1018.11 90.0 1 motorway_link 2 1 40.505520 -3.357479 1.915 71.5 
1019.80 90.0 1 motorway_link 2 1 40.505493 -3.357020 1.605 64.2 
1022.26 90.0 1 motorway_link 2 1 40.505459 -3.356589 2.054 56.3 
1026.05 90.0 1 motorway_link 2 1 40.505417 -3.356025 2.848 46.9 
