7.23 0.0 40.505894 -3.360942 609.9 34 175 -1 -1 -9 -9 0 
8.26 68.7 40.505917 -3.356682 603.4 48 50 273.5 86.484 0 0 0 
9.29 71.4 40.505707 -3.356798 594.4 3 5 273.5 0 0 0 0 
10.22 75.0 40.505749 -3.357033 596.0 3 5 273.9 0.352 0 0 0 
11.26 79.1 40.505764 -3.357294 593.7 3 5 274.9 1.406 0 0 0 
12.22 82.8 40.505791 -3.357562 592.4 3 5 276.0 2.109 0 0 0 
13.22 86.0 40.505806 -3.357844 591.7 3 5 276.3 1.406 0 0 0 
14.23 89.0 40.505833 -3.358136 591.0 3 5 276.3 0.352 0 0 0 
15.22 91.5 40.505859 -3.358434 590.1 3 5 276.0 0.352 1 0 0 
16.23 93.2 40.505890 -3.358737 591.2 3 5 275.3 1.055 0 0 0 
17.23 93.7 40.505909 -3.359043 591.7 3 5 274.2 1.758 0 0 0 
18.23 92.8 40.505924 -3.359350 592.9 3 5 273.2 2.109 0 0 0 
19.22 92.8 40.505939 -3.359650 593.9 3 5 273.2 1.055 0 0 0 
20.24 90.3 40.505936 -3.359946 593.7 3 5 270.4 2.812 0 0 0 
21.22 88.5 40.505932 -3.360235 594.0 3 5 268.2 4.922 0 0 0 
22.23 87.7 40.505924 -3.360520 593.8 3 5 267.9 2.461 0 0 0 
23.24 86.9 40.505913 -3.360807 594.4 3 5 266.8 1.406 0 0 0 
24.20 86.2 40.505894 -3.361087 595.0 3 5 265.1 2.812 0 0 0 
25.27 86.0 40.505871 -3.361367 595.2 3 5 263.7 3.164 0 0 0 
26.23 86.5 40.505844 -3.361650 596.8 3 5 262.6 2.461 0 0 0 
27.24 87.0 40.505810 -3.361931 596.9 3 5 261.2 2.461 0 0 0 
28.22 86.4 40.505772 -3.362208 597.3 3 5 259.5 3.164 0 0 0 
29.28 85.0 40.505730 -3.362483 597.6 3 5 258.0 3.164 0 0 0 
30.25 83.2 40.505684 -3.362751 598.0 3 5 257.3 2.109 0 0 0 
31.21 82.5 40.505634 -3.363009 599.3 3 5 255.6 2.461 0 0 0 
32.21 81.1 40.505581 -3.363263 599.4 3 5 254.2 3.164 0 0 0 
33.23 80.9 40.505520 -3.363513 599.2 3 5 252.8 2.812 0 0 0 
34.25 80.7 40.505455 -3.363767 600.2 3 5 251.7 2.461 0 0 0 
35.23 81.0 40.505390 -3.364013 600.0 3 5 250.3 2.461 0 0 0 
36.24 81.3 40.505318 -3.364259 600.7 3 5 248.9 2.812 0 0 0 
37.25 81.8 40.505241 -3.364505 601.5 3 5 247.9 2.461 0 0 0 
38.21 82.5 40.505157 -3.364747 601.3 3 5 246.8 2.109 0 0 0 
39.21 83.2 40.505070 -3.364991 601.5 3 5 245.0 2.812 0 0 0 
40.22 84.1 40.504974 -3.365235 602.0 3 5 243.6 3.164 2 0 0 
41.20 85.4 40.504879 -3.365465 601.7 3 5 241.2 3.867 2 0 0 
42.22 86.5 40.504772 -3.365710 601.9 3 5 239.1 4.570 0 0 0 
43.22 89.3 40.504658 -3.365957 602.3 3 5 236.6 4.570 1 0 0 
44.22 91.9 40.504539 -3.366194 602.2 3 5 236.6 2.461 0 0 0 
45.21 93.7 40.504410 -3.366449 602.5 3 5 236.2 0.352 0 0 0 
46.23 94.9 40.504288 -3.366713 602.5 4 5 237.0 0.703 0 0 0 
47.21 95.5 40.504158 -3.366975 602.4 4 5 237.3 1.055 0 0 0 
48.25 95.7 40.504025 -3.367236 602.0 4 5 237.3 0.352 0 0 0 
49.21 96.9 40.503883 -3.367504 603.3 3 5 237.3 0 0 0 0 
50.21 97.2 40.503750 -3.367781 600.7 3 5 237.7 0.352 0 0 0 
51.26 97.2 40.503620 -3.368050 600.5 4 5 237.7 0.352 0 0 0 
52.21 98.4 40.503490 -3.368336 600.0 4 5 237.7 0 0 0 0 
53.22 98.4 40.503372 -3.368597 600.2 4 5 237.0 0.703 0 0 0 
54.35 99.1 40.503220 -3.368867 600.3 4 5 237.3 0.352 0 0 0 
55.30 100.0 40.503082 -3.369164 600.2 6 5 238.0 1.055 0 0 0 
56.21 98.8 40.502960 -3.369441 600.2 4 5 238.4 1.055 0 0 0 
57.25 98.0 40.502831 -3.369717 599.8 4 5 238.0 0.352 1 0 0 
58.23 97.4 40.502701 -3.369990 599.4 4 5 237.3 1.055 1 0 0 
59.23 96.7 40.502563 -3.370264 598.7 4 5 237.0 1.055 0 0 0 
61.30 95.4 40.502289 -3.370799 598.9 4 5 237.3 0 0 0 0 
62.21 96.4 40.502159 -3.371068 598.6 4 5 237.3 0 0 0 0 
63.24 96.9 40.502022 -3.371331 598.4 4 5 237.0 0.352 0 0 0 
64.24 96.8 40.501888 -3.371602 598.2 4 5 237.3 0.352 0 0 0 
65.21 97.0 40.501755 -3.371870 598.4 4 5 237.0 0.352 0 0 0 
66.22 97.7 40.501629 -3.372143 597.7 4 5 238.0 1.055 0 0 0 
67.20 98.4 40.501503 -3.372407 598.3 4 5 237.3 0.703 0 0 0 
68.24 98.7 40.501369 -3.372684 599.6 4 5 237.3 0.703 0 0 0 
69.21 96.6 40.501244 -3.372962 600.4 4 5 237.3 0 0 0 0 
70.26 98.6 40.501110 -3.373229 600.9 4 5 237.3 0 1 0 0 
71.23 98.6 40.500969 -3.373494 600.1 4 5 237.0 0.352 1 0 0 
72.21 99.1 40.500835 -3.373755 598.3 4 5 237.3 0.352 0 0 0 
73.22 99.3 40.500698 -3.374045 596.5 4 5 238.0 1.055 0 0 0 
74.20 99.5 40.500565 -3.374323 595.7 4 5 237.7 0.352 0 0 0 
75.22 99.5 40.500427 -3.374593 596.8 4 5 237.7 0.352 1 0 0 
76.21 99.7 40.500294 -3.374868 596.6 4 5 238.4 0.703 2 0 0 
77.24 99.5 40.500160 -3.375144 596.4 4 5 238.7 1.055 0 0 0 
78.22 99.9 40.500031 -3.375429 596.2 4 5 239.1 0.703 0 0 0 
79.21 99.3 40.499908 -3.375712 595.7 3 5 237.7 1.406 0 0 0 
80.23 98.9 40.499779 -3.375988 595.7 3 5 236.2 2.812 0 0 0 
81.21 98.7 40.499638 -3.376256 595.6 3 5 236.2 1.406 0 0 0 
82.22 99.5 40.499516 -3.376523 595.8 3 5 236.6 0.352 0 0 0 
83.21 100.4 40.499374 -3.376794 595.5 3 5 236.2 0.352 0 0 0 
84.21 102.1 40.499233 -3.377056 595.4 4 5 235.9 0.703 0 0 0 
85.21 100.1 40.499100 -3.377331 595.5 3 5 235.9 0.352 0 0 0 
86.21 99.6 40.498962 -3.377608 594.5 3 5 236.2 0.352 0 0 0 
87.23 98.8 40.498825 -3.377875 594.5 4 5 236.2 0.352 0 0 0 
88.24 98.1 40.498680 -3.378120 594.0 4 5 235.5 0.703 0 0 0 
89.22 98.3 40.498543 -3.378395 594.0 4 5 236.2 0.703 0 0 0 
90.22 98.2 40.498405 -3.378667 593.9 4 5 236.2 0.703 0 0 0 
91.24 98.2 40.498268 -3.378930 593.6 6 5 236.6 0.352 0 0 0 
92.24 96.4 40.498135 -3.379196 593.4 4 5 236.6 0.352 0 0 0 
93.22 97.3 40.498009 -3.379450 593.6 6 5 236.2 0.352 0 0 0 
94.24 97.5 40.497871 -3.379718 593.3 6 5 235.9 0.703 0 0 0 
95.22 97.6 40.497738 -3.379980 593.6 4 5 236.2 0.352 0 0 0 
96.22 97.6 40.497601 -3.380246 593.0 4 5 236.2 0.352 0 0 0 
97.22 97.3 40.497478 -3.380515 592.8 4 5 236.6 0.352 0 0 0 
98.23 96.6 40.497349 -3.380780 592.7 4 5 236.6 0.352 0 0 0 
99.23 97.7 40.497215 -3.381050 592.4 4 5 235.9 0.703 0 0 0 
100.22 97.7 40.497074 -3.381315 592.0 4 5 235.9 0.703 0 0 0 
101.27 97.1 40.496941 -3.381580 592.0 4 5 236.2 0.352 0 0 0 
102.22 97.0 40.496799 -3.381848 591.8 4 5 236.6 0.703 0 0 0 
103.21 96.6 40.496670 -3.382110 592.7 4 5 236.6 0.352 0 0 0 
104.22 96.4 40.496529 -3.382376 592.1 4 5 236.2 0.352 0 0 0 
105.24 96.0 40.496399 -3.382623 591.4 4 5 235.5 1.055 0 0 0 
106.21 96.0 40.496265 -3.382881 591.4 4 5 235.2 1.055 0 0 0 
107.26 95.4 40.496128 -3.383136 591.5 4 5 234.8 0.703 0 0 0 
108.23 95.7 40.495987 -3.383395 591.7 4 5 233.8 1.406 2 0 0 
109.23 95.3 40.495842 -3.383637 591.3 4 5 232.4 2.461 0 0 0 
110.28 94.5 40.495701 -3.383881 591.2 4 5 231.7 2.109 1 0 0 
111.22 94.0 40.495556 -3.384126 591.8 4 5 232.0 0.352 0 0 0 
112.21 94.1 40.495411 -3.384368 591.9 4 5 232.7 1.055 0 0 0 
113.21 94.1 40.495270 -3.384613 591.6 6 5 232.7 0.703 0 0 0 
114.22 95.0 40.495121 -3.384858 591.9 6 5 233.1 0.352 0 0 0 
115.22 94.2 40.494968 -3.385104 591.8 6 5 232.4 0.703 0 0 0 
116.21 94.2 40.494823 -3.385352 592.4 6 5 232.4 0.703 0 0 0 
117.23 95.1 40.494682 -3.385594 592.0 6 5 232.0 0.352 0 0 0 
118.25 95.2 40.494545 -3.385838 592.5 4 5 231.7 0.703 0 0 0 
119.22 95.1 40.494411 -3.386084 592.7 6 5 231.7 0.352 0 0 0 
120.21 96.0 40.494267 -3.386322 593.0 6 5 231.0 0.703 0 0 0 
121.23 96.0 40.494110 -3.386564 592.8 6 5 230.6 1.055 0 0 0 
122.24 97.0 40.493950 -3.386811 593.1 6 5 230.3 0.703 0 0 0 
123.21 96.9 40.493790 -3.387052 592.5 6 5 229.9 0.703 0 0 0 
124.22 96.1 40.493629 -3.387298 593.0 6 5 229.9 0.352 0 0 0 
125.21 96.1 40.493469 -3.387536 592.8 4 5 229.6 0.352 0 0 0 
126.21 96.7 40.493313 -3.387769 592.2 4 5 229.6 0.352 1 0 0 
127.22 97.0 40.493156 -3.387996 591.4 6 5 228.5 1.055 0 0 0 
128.21 97.5 40.492996 -3.388231 590.9 6 5 228.9 0.703 0 0 0 
129.24 95.8 40.492840 -3.388469 595.6 6 5 229.6 1.055 0 0 0 
130.24 97.2 40.492676 -3.388710 596.3 6 5 227.5 2.109 0 0 0 
131.22 97.2 40.492504 -3.388927 593.6 6 5 227.1 2.461 0 0 0 
132.21 95.4 40.492336 -3.389163 591.5 6 5 228.2 1.055 0 0 0 
133.24 96.6 40.492176 -3.389398 590.7 6 5 227.1 1.055 0 0 0 
134.22 97.4 40.492008 -3.389631 592.6 4 5 226.8 1.406 0 0 0 
135.21 98.5 40.491844 -3.389864 590.6 6 5 226.4 0.703 0 0 0 
136.21 98.9 40.491680 -3.390100 589.9 6 5 226.4 0.352 0 0 0 
137.21 96.5 40.491512 -3.390323 589.5 6 5 226.1 0.352 0 0 0 
138.23 99.0 40.491337 -3.390564 590.0 4 5 225.7 0.703 0 0 0 
139.26 99.4 40.491165 -3.390807 591.4 4 5 226.1 0.352 0 0 0 
140.22 99.6 40.490982 -3.391057 591.5 4 5 225.7 0.352 0 0 0 
141.24 100.1 40.490795 -3.391301 592.0 6 5 226.4 0.703 0 0 0 
142.26 100.5 40.490620 -3.391524 591.7 6 5 225.7 0.703 0 0 0 
143.21 101.3 40.490459 -3.391747 591.7 6 5 226.4 0.703 0 0 0 
144.27 100.5 40.490284 -3.391989 589.9 6 5 226.1 0.352 0 0 0 
145.21 100.4 40.490116 -3.392228 587.0 6 5 226.4 0.352 0 0 0 
146.27 101.1 40.489941 -3.392477 589.3 6 5 226.4 0.352 0 0 0 
147.22 101.5 40.489769 -3.392719 589.1 4 5 225.7 0.703 0 0 0 
148.23 101.8 40.489594 -3.392956 588.5 4 5 225.7 0.703 0 0 0 
149.22 103.0 40.489418 -3.393198 588.1 4 5 226.4 0.703 0 0 0 
150.21 103.8 40.489231 -3.393447 588.5 4 5 226.4 0.703 0 0 0 
151.22 102.9 40.489052 -3.393696 588.8 4 5 226.8 0.352 0 0 0 
152.24 102.2 40.488888 -3.393935 587.6 4 5 225.7 1.055 1 0 0 
153.28 103.2 40.488708 -3.394181 587.5 4 5 225.7 1.055 1 0 0 
154.22 104.3 40.488525 -3.394415 587.5 4 5 226.1 0.352 0 0 0 
155.21 104.4 40.488346 -3.394657 586.5 4 5 226.1 0.352 0 0 0 
156.24 104.4 40.488167 -3.394886 586.9 6 5 226.1 0 0 0 0 
157.22 104.7 40.487976 -3.395141 588.2 6 5 226.1 0 0 0 0 
158.22 104.3 40.487789 -3.395386 587.1 6 5 225.7 0.352 0 0 0 
159.22 104.0 40.487606 -3.395628 586.2 6 5 225.0 1.055 0 0 0 
160.22 103.8 40.487427 -3.395876 586.3 6 5 224.6 1.055 0 0 0 
161.30 104.0 40.487244 -3.396124 586.1 6 5 224.3 0.703 0 0 0 
162.22 103.5 40.487053 -3.396365 586.7 6 5 222.9 1.758 0 0 0 
163.22 102.9 40.486862 -3.396595 587.2 6 5 222.9 1.406 0 0 0 
164.22 103.1 40.486671 -3.396829 587.0 6 5 222.5 0.352 0 0 0 
165.25 102.9 40.486481 -3.397060 587.3 6 5 222.5 0.352 0 0 0 
166.24 102.7 40.486290 -3.397291 586.9 6 5 221.8 0.703 0 0 0 
167.21 101.9 40.486099 -3.397509 586.7 6 5 221.1 1.406 0 0 0 
168.23 102.3 40.485897 -3.397727 587.1 6 5 220.4 1.451 0 0 0 
169.26 101.7 40.485714 -3.397933 586.3 6 5 220.4 0.748 0 0 0 
170.24 102.7 40.485512 -3.398141 586.8 6 5 219.7 0.640 0 0 0 
171.25 102.0 40.485321 -3.398347 586.3 6 5 218.5 1.861 0 0 0 
172.24 101.8 40.485123 -3.398551 587.2 6 5 218.0 1.721 0 0 0 
173.22 101.1 40.484917 -3.398753 587.0 6 5 218.0 0.500 0 0 0 
174.20 101.3 40.484707 -3.398966 588.4 6 5 217.3 0.764 0 0 0 
175.22 101.6 40.484524 -3.399150 588.3 6 5 216.4 1.623 0 0 0 
176.22 101.7 40.484314 -3.399360 587.0 6 5 216.4 0.859 0 0 0 
177.29 100.9 40.484108 -3.399572 585.2 6 5 216.4 0 0 0 0 
178.23 100.9 40.483906 -3.399774 585.0 6 5 216.9 0.516 0 0 0 
179.23 101.8 40.483700 -3.399981 584.4 6 5 216.9 0.516 0 0 0 
180.23 101.7 40.483494 -3.400168 584.9 4 5 216.9 0 0 0 0 
181.23 104.1 40.483284 -3.400369 586.1 4 5 216.9 0 0 0 0 
182.24 101.3 40.483074 -3.400584 585.0 4 5 217.6 0.636 0 0 0 
183.28 102.1 40.482883 -3.400769 582.6 4 5 217.6 0.636 0 0 0 
184.20 102.5 40.482666 -3.400981 582.0 4 5 216.7 0.861 0 0 0 
185.22 102.1 40.482475 -3.401177 582.0 4 5 216.7 0.861 0 0 0 
186.23 102.1 40.482265 -3.401383 580.8 4 5 217.3 0.612 0 0 0 
187.29 101.4 40.482056 -3.401587 579.9 4 5 216.3 0.960 0 0 0 
188.22 102.2 40.481842 -3.401797 578.9 6 5 216.3 0.960 0 0 0 
189.24 102.5 40.481644 -3.401992 580.2 4 5 216.3 0 0 0 0 
190.21 102.5 40.481445 -3.402184 580.8 6 5 216.3 0 0 0 0 
191.26 100.7 40.481239 -3.402383 580.8 6 5 216.3 0 0 0 0 
192.24 102.1 40.481033 -3.402584 581.1 6 5 216.3 0 0 0 0 
193.22 101.7 40.480831 -3.402782 581.5 6 5 216.3 0 0 0 0 
194.21 100.5 40.480621 -3.402976 583.2 6 5 216.9 0.555 0 0 0 
195.21 101.5 40.480415 -3.403169 582.0 6 5 216.9 0.526 0 0 0 
196.22 100.2 40.480213 -3.403366 579.6 6 5 216.7 0.243 0 0 0 
197.22 101.2 40.480007 -3.403565 577.5 6 5 217.1 0.405 0 0 0 
198.21 103.0 40.479813 -3.403779 575.2 6 5 217.1 0.405 0 0 0 
199.21 101.6 40.479610 -3.403979 575.8 6 5 217.1 0 0 0 0 
200.21 100.8 40.479427 -3.404155 575.5 4 5 219.4 2.360 0 0 0 
201.25 100.3 40.479221 -3.404367 575.4 6 5 221.1 4.064 0 0 0 
202.22 101.2 40.479038 -3.404575 575.2 4 5 221.4 2.020 0 0 0 
203.21 97.6 40.478855 -3.404794 574.7 4 5 221.4 0.316 0 0 0 
204.21 98.3 40.478672 -3.405012 574.6 4 5 222.4 0.969 0 0 0 
205.21 99.4 40.478481 -3.405238 576.7 6 5 223.2 1.751 1 0 0 
206.27 99.8 40.478294 -3.405473 576.3 6 5 223.6 1.183 0 0 0 
207.24 99.6 40.478111 -3.405706 574.5 6 5 223.9 0.753 0 0 0 
208.23 99.4 40.477936 -3.405935 574.6 6 5 225.0 1.406 0 0 0 
209.28 99.4 40.477760 -3.406165 574.6 6 5 226.4 2.461 0 0 0 
210.28 99.6 40.477585 -3.406397 574.0 6 5 226.8 1.758 0 0 0 
211.22 99.4 40.477425 -3.406632 573.6 6 5 227.8 1.406 0 0 0 
212.22 98.2 40.477261 -3.406869 573.1 6 5 228.5 1.758 1 0 0 
213.22 99.8 40.477104 -3.407120 572.7 6 5 231.7 3.867 2 0 0 
214.23 98.7 40.476952 -3.407359 572.9 6 5 231.7 3.164 0 0 0 
215.21 99.3 40.476799 -3.407615 572.4 6 5 231.3 0.352 0 0 0 
216.21 100.9 40.476639 -3.407874 573.1 6 5 231.0 0.703 0 0 0 
217.26 97.7 40.476494 -3.408130 572.9 6 5 232.4 1.406 0 0 0 
218.25 98.2 40.476334 -3.408397 572.7 6 5 233.1 2.109 0 0 0 
219.22 98.4 40.476192 -3.408663 572.9 6 5 234.1 1.758 0 0 0 
220.22 97.3 40.476051 -3.408925 574.7 4 5 234.8 1.758 0 0 0 
221.26 97.5 40.475906 -3.409192 573.3 4 5 235.2 1.055 0 0 0 
222.25 97.8 40.475777 -3.409450 572.8 6 5 236.6 1.758 0 0 0 
223.22 97.4 40.475636 -3.409722 573.2 4 5 237.3 2.109 0 0 0 
224.24 96.5 40.475517 -3.409985 573.8 4 5 238.0 1.406 0 0 0 
225.22 96.4 40.475384 -3.410266 573.8 4 5 238.7 1.406 0 0 0 
226.24 95.8 40.475246 -3.410540 573.6 4 5 239.4 1.406 0 0 0 
227.22 95.9 40.475113 -3.410830 574.0 4 5 240.1 1.406 0 0 0 
228.24 94.8 40.474991 -3.411102 574.3 4 5 239.8 0.352 0 0 0 
229.23 95.1 40.474880 -3.411372 574.3 4 5 241.9 2.109 0 0 0 
230.29 95.4 40.474777 -3.411651 574.7 4 5 242.9 3.164 0 0 0 
231.23 95.4 40.474670 -3.411923 574.8 4 5 243.3 1.406 0 0 0 
232.21 95.1 40.474579 -3.412195 575.0 4 5 244.0 1.055 0 0 0 
233.22 94.9 40.474476 -3.412475 574.6 4 5 244.7 1.406 0 0 0 
234.23 94.9 40.474377 -3.412760 574.6 4 5 245.4 1.406 0 0 0 
235.24 94.4 40.474281 -3.413043 575.2 4 5 246.1 1.406 0 0 0 
236.21 94.6 40.474186 -3.413328 577.7 4 5 246.4 1.055 0 0 0 
237.21 94.4 40.474098 -3.413600 575.8 4 5 247.1 1.055 0 0 0 
238.21 94.1 40.474014 -3.413889 575.5 4 5 247.9 1.406 0 0 0 
239.23 93.7 40.473934 -3.414162 576.2 4 5 248.9 1.758 0 0 0 
240.24 94.3 40.473854 -3.414443 576.3 4 5 250.0 2.109 0 0 0 
241.24 93.1 40.473778 -3.414735 577.2 4 5 251.0 2.109 0 0 0 
242.21 93.6 40.473701 -3.415032 577.6 4 5 251.7 1.758 0 0 0 
243.25 93.9 40.473625 -3.415323 577.8 4 5 251.7 0.703 0 0 0 
244.21 93.5 40.473553 -3.415618 578.4 4 5 252.1 0.352 0 0 0 
245.21 94.0 40.473484 -3.415909 578.2 4 5 252.1 0.352 0 0 0 
246.24 95.9 40.473415 -3.416207 578.5 4 5 252.1 0 0 0 0 
247.26 94.0 40.473339 -3.416493 578.2 4 5 251.7 0.352 0 0 0 
248.20 93.9 40.473270 -3.416779 578.2 4 5 252.1 0.352 0 0 0 
249.21 95.3 40.473194 -3.417083 578.3 4 5 252.1 0.352 0 0 0 
250.24 95.0 40.473129 -3.417369 579.0 4 5 252.8 0.703 0 0 0 
251.24 95.0 40.473057 -3.417666 579.6 4 5 252.8 0.703 0 0 0 
252.25 92.8 40.472992 -3.417946 577.8 4 5 253.5 0.703 0 0 0 
253.21 96.6 40.472908 -3.418250 578.0 4 5 251.7 1.758 0 0 0 
254.21 98.1 40.472836 -3.418546 578.0 4 5 251.7 1.758 0 0 0 
255.23 98.5 40.472759 -3.418856 577.6 4 5 251.4 0.352 0 0 0 
256.24 99.9 40.472679 -3.419168 576.7 4 5 251.7 0.352 0 0 0 
257.23 100.7 40.472603 -3.419483 576.3 4 5 251.7 0.352 0 0 0 
258.22 100.9 40.472527 -3.419810 576.1 4 5 251.7 0 0 0 0 
259.22 101.1 40.472435 -3.420135 575.3 6 5 251.7 0 0 0 0 
260.21 100.4 40.472359 -3.420440 575.2 4 5 251.4 0.352 0 0 0 
261.21 100.2 40.472279 -3.420762 574.5 4 5 251.0 0.703 0 0 0 
262.21 99.5 40.472195 -3.421072 574.0 6 5 251.0 0.352 0 0 0 
263.21 98.8 40.472115 -3.421379 573.6 6 5 250.7 0.352 0 0 0 
264.22 99.3 40.472031 -3.421706 573.8 6 5 250.7 0.352 0 0 0 
265.25 99.7 40.471939 -3.422020 573.1 6 5 249.6 1.055 0 0 0 
266.21 98.8 40.471855 -3.422322 573.0 6 5 250.0 0.703 0 0 0 
267.27 99.5 40.471775 -3.422631 573.0 6 5 250.3 0.703 0 0 0 
268.21 100.5 40.471703 -3.422907 574.6 6 5 250.0 0.352 0 0 0 
269.21 101.3 40.471611 -3.423230 572.2 6 5 250.0 0.352 0 0 0 
270.22 101.8 40.471516 -3.423552 572.2 6 5 249.6 0.352 0 0 0 
271.22 101.5 40.471428 -3.423867 573.0 6 5 248.9 1.055 0 0 0 
272.28 102.4 40.471344 -3.424178 572.6 6 5 249.6 0.703 0 0 0 
273.24 101.7 40.471264 -3.424475 572.4 6 5 250.0 1.055 0 0 0 
274.20 102.3 40.471165 -3.424797 572.3 6 5 248.6 1.406 0 0 0 
275.22 99.0 40.471081 -3.425097 571.6 6 5 248.2 1.758 0 0 0 
276.22 97.6 40.470982 -3.425413 571.3 6 5 248.2 0.352 0 0 0 
277.24 98.1 40.470890 -3.425727 571.1 6 5 248.9 0.703 0 0 0 
278.22 98.4 40.470798 -3.426027 571.5 6 5 248.9 0.703 0 0 0 
279.26 97.9 40.470707 -3.426335 571.3 6 5 249.3 0.352 0 0 0 
280.22 97.5 40.470615 -3.426649 571.1 6 5 249.3 0.352 0 0 0 
281.22 96.7 40.470528 -3.426947 571.7 6 5 248.9 0.352 0 0 0 
282.25 96.3 40.470440 -3.427243 571.8 6 5 249.6 0.703 0 0 0 
283.21 94.6 40.470364 -3.427529 571.5 4 5 250.3 1.406 0 0 0 
284.22 94.9 40.470287 -3.427817 572.4 4 5 250.7 1.055 0 0 0 
285.23 93.1 40.470207 -3.428113 572.8 4 5 250.3 0.352 0 0 0 
286.21 93.1 40.470131 -3.428402 573.8 4 5 250.7 0.352 0 0 0 
287.22 92.7 40.470055 -3.428692 573.7 4 5 251.0 0.703 0 0 0 
288.27 92.4 40.469982 -3.428956 574.9 4 5 251.0 0.352 0 0 0 
289.23 91.5 40.469910 -3.429241 576.2 4 5 251.4 0.352 0 0 0 
290.23 91.3 40.469837 -3.429523 575.1 4 5 252.1 1.055 0 0 0 
291.25 91.4 40.469769 -3.429805 576.3 4 5 252.8 1.406 0 0 0 
292.23 91.2 40.469704 -3.430091 576.5 4 5 253.5 1.406 0 0 0 
293.22 90.4 40.469635 -3.430379 576.3 4 5 254.5 1.758 0 0 0 
294.23 90.0 40.469582 -3.430662 576.6 4 5 255.2 1.758 0 0 0 
295.27 89.9 40.469528 -3.430931 577.2 4 5 255.6 1.055 0 0 0 
296.21 89.5 40.469475 -3.431217 578.2 4 5 256.3 1.055 0 0 0 
297.31 89.4 40.469418 -3.431497 577.2 4 5 257.0 1.406 0 0 0 
298.26 89.2 40.469379 -3.431763 578.0 4 5 257.7 1.406 0 0 0 
299.23 89.2 40.469330 -3.432049 580.4 4 5 257.7 0.703 0 0 0 
300.23 89.1 40.469284 -3.432334 578.2 4 5 258.8 1.055 0 0 0 
301.20 88.7 40.469242 -3.432620 579.4 4 5 258.8 1.055 0 0 0 
302.24 88.8 40.469196 -3.432873 579.7 4 5 258.8 0 0 0 0 
303.21 88.5 40.469147 -3.433159 580.0 4 5 259.1 0.352 0 0 0 
304.21 88.4 40.469105 -3.433441 580.4 4 5 258.8 0.352 0 0 0 
305.27 87.4 40.469063 -3.433724 580.3 4 5 257.3 1.758 0 0 0 
306.20 88.0 40.469013 -3.434013 580.9 4 5 259.1 1.758 0 0 0 
307.22 87.9 40.468971 -3.434292 581.1 4 5 258.8 1.406 0 0 0 
308.29 89.1 40.468925 -3.434578 581.5 4 5 258.0 1.055 0 0 0 
309.22 88.3 40.468884 -3.434861 581.9 4 5 258.0 0.703 0 0 0 
310.21 88.6 40.468842 -3.435141 582.3 4 5 258.0 0 0 0 0 
311.21 87.6 40.468792 -3.435421 582.5 4 5 257.3 0.703 0 0 0 
312.21 89.0 40.468742 -3.435697 582.4 4 5 257.3 0.703 0 0 0 
313.21 90.0 40.468697 -3.435983 582.7 4 5 258.4 1.055 0 0 0 
314.21 89.6 40.468651 -3.436271 582.7 4 5 257.3 1.055 0 0 0 
315.23 90.2 40.468609 -3.436561 582.7 4 5 257.3 1.055 0 0 0 
316.22 90.1 40.468555 -3.436850 582.3 4 5 257.3 0 0 0 0 
317.25 91.3 40.468502 -3.437146 582.3 4 5 257.3 0 0 0 0 
318.22 91.9 40.468449 -3.437443 581.5 4 5 257.0 0.352 0 0 0 
319.21 92.7 40.468399 -3.437739 581.4 4 5 257.0 0.352 0 0 0 
320.22 91.6 40.468353 -3.438032 581.1 4 5 257.3 0.352 0 0 0 
321.21 92.8 40.468300 -3.438333 580.2 4 5 256.6 0.703 0 0 0 
322.21 92.9 40.468246 -3.438622 579.8 4 5 256.6 0.703 0 0 0 
323.21 93.0 40.468193 -3.438921 579.4 4 5 257.0 0.352 0 0 0 
324.24 92.7 40.468140 -3.439222 579.1 4 5 257.0 0.352 0 0 0 
325.22 91.7 40.468082 -3.439488 578.9 4 5 256.3 0.703 0 0 0 
326.21 93.1 40.468029 -3.439785 578.7 4 5 257.0 0.703 0 0 0 
327.22 93.3 40.467983 -3.440086 578.3 6 5 257.3 1.055 0 0 0 
328.21 94.6 40.467934 -3.440392 577.2 4 5 258.0 1.055 0 0 0 
329.25 94.6 40.467884 -3.440697 577.3 4 5 258.8 1.406 0 0 0 
330.28 95.3 40.467838 -3.441007 578.6 4 5 259.1 1.055 0 0 0 
331.22 95.9 40.467796 -3.441323 577.4 4 5 259.8 1.055 0 0 0 
332.27 95.4 40.467754 -3.441628 575.8 4 5 260.5 1.406 0 0 0 
333.22 95.2 40.467720 -3.441945 576.0 4 5 261.6 1.758 0 0 0 
334.24 95.3 40.467682 -3.442263 575.6 4 5 261.9 1.406 0 0 0 
335.22 95.1 40.467644 -3.442565 577.1 3 5 261.9 0.352 0 0 0 
336.22 94.9 40.467606 -3.442869 576.9 3 5 262.3 0.352 0 0 0 
337.22 95.2 40.467579 -3.443168 575.0 4 5 263.0 1.055 0 0 0 
338.24 95.9 40.467556 -3.443475 575.2 4 5 263.7 1.406 0 0 0 
339.21 96.4 40.467529 -3.443798 576.5 4 5 264.0 1.055 0 0 0 
340.24 96.8 40.467503 -3.444112 576.9 4 5 263.3 0.703 0 0 0 
341.23 97.1 40.467468 -3.444425 576.2 4 5 263.0 1.055 1 0 0 
342.20 97.4 40.467438 -3.444743 575.3 4 5 263.3 0.352 0 0 0 
343.23 98.5 40.467415 -3.445066 575.4 4 5 264.0 1.055 1 0 0 
344.25 98.5 40.467384 -3.445386 575.1 4 5 264.0 0.703 0 0 0 
345.21 98.2 40.467365 -3.445713 575.7 4 5 263.7 0.352 0 0 0 
346.24 98.0 40.467339 -3.446033 575.7 6 5 263.7 0.352 0 0 0 
347.21 97.5 40.467308 -3.446356 575.7 6 5 263.7 0 0 0 0 
348.21 97.2 40.467278 -3.446679 575.2 6 5 263.7 0 0 0 0 
349.22 97.2 40.467243 -3.446997 575.5 6 5 263.7 0 0 0 0 
350.23 97.3 40.467224 -3.447311 575.6 6 5 263.7 0 0 0 0 
351.32 97.3 40.467197 -3.447633 575.8 6 5 264.0 0.352 0 0 0 
352.26 97.6 40.467171 -3.447953 575.6 6 5 264.0 0.352 0 0 0 
353.25 98.0 40.467148 -3.448275 575.8 6 5 264.0 0 0 0 0 
354.23 98.3 40.467121 -3.448599 576.0 6 5 264.0 0 0 0 0 
355.23 98.2 40.467087 -3.448923 575.6 6 5 263.3 0.703 0 0 0 
356.26 97.8 40.467056 -3.449249 575.0 6 5 263.7 0.352 1 0 0 
357.26 98.1 40.467033 -3.449565 575.2 6 5 263.7 0.352 1 0 0 
358.23 97.8 40.467007 -3.449881 575.5 6 5 264.4 0.703 1 0 0 
359.24 98.1 40.466988 -3.450207 576.6 6 5 264.7 1.055 1 1 0 
360.20 98.7 40.466965 -3.450530 576.0 6 5 264.0 0.703 2 1 0 
361.27 99.4 40.466942 -3.450845 575.8 6 5 263.7 1.055 0 1 0 
362.20 100.7 40.466911 -3.451176 575.9 6 5 263.7 0.352 1 1 0 
363.21 101.1 40.466904 -3.451517 576.4 6 5 264.7 1.055 0 1 0 
364.23 100.9 40.466877 -3.451843 576.7 6 5 265.8 2.109 0 1 0 
365.22 100.1 40.466862 -3.452155 576.6 6 5 266.1 1.406 0 1 0 
366.20 99.8 40.466854 -3.452481 576.1 6 5 266.5 0.703 0 1 0 
367.21 98.4 40.466839 -3.452809 576.8 6 5 267.2 1.055 0 1 0 
368.28 98.6 40.466824 -3.453120 577.1 6 5 267.5 0.993 0 1 0 
369.23 98.8 40.466808 -3.453446 576.8 4 5 268.6 1.422 0 1 0 
370.21 98.6 40.466805 -3.453776 576.6 4 5 268.6 1.132 0 1 0 
371.21 98.4 40.466805 -3.454100 576.8 6 5 268.6 0 0 1 0 
372.24 98.8 40.466785 -3.454439 577.2 6 5 269.0 0.415 0 1 0 
373.21 98.4 40.466778 -3.454767 577.4 6 5 269.7 1.076 0 1 0 
374.33 98.2 40.466782 -3.455092 577.4 6 5 269.7 0.661 0 1 0 
375.21 98.3 40.466785 -3.455415 577.1 6 5 269.7 0 0 1 0 
376.22 96.8 40.466770 -3.455708 577.0 6 10 272.3 2.645 0 1 0 
377.21 98.5 40.466766 -3.456059 577.7 6 5 271.6 1.913 0 1 0 
378.24 98.4 40.466766 -3.456382 577.5 6 10 271.6 0.731 0 1 0 
379.22 98.0 40.466770 -3.456699 577.1 6 10 272.5 0.927 0 1 0 
380.22 98.9 40.466785 -3.457023 577.5 6 10 272.5 0.927 0 1 0 
381.23 99.8 40.466812 -3.457358 577.8 6 5 272.5 0 0 1 0 
382.21 98.8 40.466843 -3.457693 580.0 6 5 273.5 0.931 0 1 0 
383.21 97.8 40.466858 -3.458029 578.9 6 5 272.9 0.533 0 1 0 
384.22 98.1 40.466881 -3.458333 578.0 6 5 273.6 0.721 0 1 0 
385.29 98.0 40.466892 -3.458646 577.1 6 5 273.6 0.721 0 1 0 
386.22 98.0 40.466896 -3.458966 577.7 6 5 273.2 0.484 0 1 0 
387.22 98.2 40.466911 -3.459294 577.6 6 5 273.6 0.449 0 1 0 
388.26 98.1 40.466930 -3.459624 578.2 6 5 273.6 0.449 0 1 0 
389.22 98.3 40.466953 -3.459951 579.7 6 5 273.6 0 0 1 0 
390.22 98.0 40.466969 -3.460273 580.0 6 5 273.5 0.094 0 1 0 
391.22 96.6 40.466969 -3.460589 580.8 6 5 271.4 2.203 0 1 0 
392.24 97.9 40.466980 -3.460900 581.8 6 5 273.9 2.461 0 1 0 
393.26 98.2 40.466991 -3.461222 577.9 6 5 273.9 2.461 0 1 0 
394.27 98.1 40.467003 -3.461542 577.7 6 5 275.3 1.406 2 1 0 
395.22 97.5 40.467022 -3.461857 578.5 4 5 275.6 1.758 0 1 0 
396.25 98.7 40.467033 -3.462175 578.7 4 5 275.3 0.352 0 1 0 
397.23 98.0 40.467052 -3.462499 579.3 4 5 273.9 1.758 0 1 0 
398.22 97.3 40.467064 -3.462812 579.6 4 5 273.2 2.109 0 1 0 
399.22 97.4 40.467075 -3.463133 581.4 4 5 273.5 0.352 0 1 0 
400.24 97.5 40.467087 -3.463450 581.0 4 5 273.5 0.352 0 1 0 
401.24 97.7 40.467102 -3.463771 579.7 4 5 273.5 0 0 1 0 
402.21 96.3 40.467113 -3.464086 580.4 4 5 272.8 0.703 0 1 0 
403.21 96.2 40.467125 -3.464396 580.6 4 5 272.8 0.703 0 1 0 
404.23 96.3 40.467140 -3.464713 580.2 4 5 272.8 0 0 1 0 
405.24 95.8 40.467148 -3.465032 580.4 4 5 271.8 1.055 0 1 0 
406.24 95.6 40.467152 -3.465340 580.2 4 5 271.8 1.055 0 1 0 
407.21 96.0 40.467155 -3.465659 580.6 3 5 271.4 0.352 0 1 0 
408.31 95.1 40.467178 -3.465982 582.2 4 5 271.1 0.703 0 1 0 
409.23 93.8 40.467178 -3.466298 582.1 4 5 271.1 0.352 0 1 0 
410.21 90.8 40.467178 -3.466591 580.2 4 5 270.7 0.352 0 1 0 
411.20 89.7 40.467182 -3.466883 580.9 4 5 270.7 0.352 0 0 0 
412.23 88.9 40.467182 -3.467172 581.1 4 5 270.0 0.703 0 0 0 
413.24 87.7 40.467186 -3.467453 581.0 4 5 270.0 0.703 0 0 0 
414.24 89.1 40.467178 -3.467740 580.8 4 5 269.5 0.466 0 0 0 
415.22 89.1 40.467178 -3.468016 581.1 4 5 269.5 0.505 1 1 0 
416.24 89.5 40.467175 -3.468303 582.1 4 5 268.5 1.036 0 1 0 
417.21 90.4 40.467171 -3.468614 582.5 4 5 267.8 1.659 2 1 0 
418.22 90.3 40.467178 -3.468904 581.4 4 5 267.8 0.662 1 1 0 
419.24 90.4 40.467171 -3.469209 581.4 4 5 267.4 0.438 0 1 0 
420.25 90.6 40.467163 -3.469510 581.4 4 5 266.7 1.088 0 0 0 
421.29 90.3 40.467148 -3.469798 581.5 4 5 265.7 1.665 0 0 0 
422.21 91.5 40.467125 -3.470105 581.4 4 5 265.2 1.548 0 0 0 
423.21 90.7 40.467121 -3.470420 581.6 4 5 265.2 0.532 0 0 0 
424.21 90.5 40.467117 -3.470717 581.7 6 5 265.2 0 0 0 0 
425.21 90.5 40.467083 -3.471006 581.7 4 5 264.0 1.191 0 0 0 
426.27 91.4 40.467056 -3.471304 582.2 4 5 263.7 1.528 0 0 0 
427.21 92.1 40.467022 -3.471603 582.1 4 5 263.0 1.041 0 0 0 
428.24 92.4 40.467014 -3.471924 582.3 6 5 262.6 1.055 0 0 0 
429.22 92.5 40.466980 -3.472227 582.6 6 5 261.6 1.406 1 0 0 
430.21 92.2 40.466953 -3.472522 582.6 4 5 261.6 1.055 0 0 0 
431.21 93.7 40.466911 -3.472818 582.0 4 5 260.9 0.703 0 0 0 
432.21 92.7 40.466885 -3.473110 582.1 6 5 261.2 0.371 0 0 0 
433.33 94.0 40.466846 -3.473411 582.1 6 5 261.2 0.371 0 0 0 
434.20 94.0 40.466797 -3.473709 582.3 6 5 259.9 1.291 0 0 0 
435.22 93.9 40.466755 -3.474021 582.8 6 5 259.3 1.910 0 0 0 
436.21 94.2 40.466705 -3.474307 582.5 6 5 258.7 1.281 0 0 0 
437.22 94.1 40.466660 -3.474610 582.2 4 5 257.7 1.630 0 0 0 
438.28 93.2 40.466614 -3.474902 582.5 6 5 257.7 0.969 0 0 0 
439.23 94.3 40.466572 -3.475205 582.2 4 5 257.0 0.717 0 0 0 
440.22 92.4 40.466526 -3.475497 582.7 4 5 257.0 0.717 0 0 0 
441.21 94.4 40.466476 -3.475775 582.2 4 5 256.4 0.607 1 0 0 
442.21 94.3 40.466419 -3.476088 581.9 4 5 256.4 0.607 0 0 0 
443.23 93.6 40.466370 -3.476391 581.7 4 5 256.4 0 0 0 0 
444.23 93.0 40.466309 -3.476686 582.3 6 5 255.5 0.864 0 0 0 
445.21 92.4 40.466248 -3.476984 581.8 6 5 255.5 0.864 0 0 0 
446.23 91.5 40.466194 -3.477268 581.8 6 5 255.5 0 0 0 0 
447.23 90.3 40.466141 -3.477552 581.6 6 5 255.5 0 0 0 0 
448.21 89.4 40.466087 -3.477834 581.8 6 5 255.5 0 0 0 0 
449.32 89.0 40.466034 -3.478103 581.7 6 5 262.2 6.749 0 0 0 
450.23 86.9 40.465984 -3.478369 581.5 6 5 260.2 4.713 0 0 0 
451.21 85.2 40.465931 -3.478640 581.2 6 5 257.0 5.258 0 0 0 
452.23 81.6 40.465881 -3.478906 580.9 6 5 257.3 2.870 0 0 0 
453.21 77.7 40.465839 -3.479159 580.5 6 5 257.3 0.352 0 0 0 
454.23 76.3 40.465801 -3.479406 580.3 4 5 259.1 1.758 0 0 0 
455.22 75.0 40.465771 -3.479648 580.7 4 5 262.3 4.922 0 0 0 
456.24 73.6 40.465748 -3.479899 581.0 4 5 265.1 5.977 1 0 0 
457.23 73.4 40.465744 -3.480145 581.3 4 5 269.6 7.383 2 0 0 
458.24 74.4 40.465755 -3.480404 581.4 4 5 279.7 14.582 0 1 0 
459.23 73.6 40.465790 -3.480636 581.9 4 5 289.4 19.744 0 1 0 
460.29 73.6 40.465843 -3.480881 582.2 4 5 290.3 10.610 0 1 0 
461.28 74.5 40.465912 -3.481106 582.5 4 5 292.1 2.730 0 1 0 
462.26 76.1 40.465977 -3.481339 582.7 4 5 293.3 3.060 0 1 0 
463.27 76.6 40.466053 -3.481574 583.1 3 5 294.0 1.859 0 1 0 
464.25 76.6 40.466133 -3.481798 583.4 3 5 294.0 0.651 0 1 0 
465.23 76.8 40.466217 -3.482021 583.5 3 5 294.3 0.277 0 1 0 
466.20 76.2 40.466293 -3.482248 583.9 3 5 294.6 0.629 0 1 0 
467.24 74.9 40.466373 -3.482472 583.9 3 5 296.4 2.109 0 1 0 
468.20 71.4 40.466442 -3.482689 584.0 3 5 293.9 2.461 0 1 0 
469.26 71.6 40.466507 -3.482909 584.1 4 5 292.9 3.516 0 1 0 
470.27 72.9 40.466564 -3.483129 584.4 3 5 292.5 1.406 0 1 0 
471.26 73.5 40.466621 -3.483363 584.8 3 5 287.9 4.922 1 1 0 
472.32 73.2 40.466660 -3.483598 585.1 3 5 280.9 11.602 1 1 0 
473.23 74.2 40.466686 -3.483840 585.7 3 5 276.7 11.250 1 1 0 
474.22 74.9 40.466713 -3.484094 586.4 3 5 271.1 9.844 2 1 0 
475.30 75.1 40.466702 -3.484337 586.5 3 5 265.4 11.250 1 1 0 
476.23 75.0 40.466682 -3.484581 586.5 3 5 261.6 9.492 1 1 0 
477.21 73.0 40.466640 -3.484810 586.6 3 5 256.6 8.789 0 1 0 
478.21 70.7 40.466583 -3.485018 586.5 3 5 249.3 12.305 0 1 0 
479.24 70.0 40.466499 -3.485231 586.5 3 5 241.5 15.117 0 1 0 
480.24 69.0 40.466408 -3.485414 586.5 4 5 234.1 15.117 0 1 0 
481.22 69.3 40.466293 -3.485592 586.5 4 5 229.9 11.602 0 1 0 
482.22 68.5 40.466198 -3.485771 586.6 4 5 231.3 2.812 0 1 0 
483.26 67.3 40.466099 -3.485941 586.7 4 5 231.0 1.055 0 1 0 
484.21 66.4 40.465992 -3.486106 586.9 4 5 230.3 1.055 0 1 0 
485.21 65.2 40.465881 -3.486272 587.2 4 5 229.9 1.055 0 1 0 
486.24 64.4 40.465771 -3.486420 587.3 4 5 230.3 0.352 0 1 0 
487.25 64.3 40.465668 -3.486583 587.1 4 5 230.6 0.703 0 1 0 
488.21 63.9 40.465569 -3.486740 587.3 4 5 230.6 0.352 0 1 0 
489.24 64.3 40.465462 -3.486898 587.3 4 5 230.3 0.352 0 1 0 
490.22 63.3 40.465366 -3.487065 587.4 4 5 231.7 1.406 0 1 0 
491.22 64.7 40.465252 -3.487227 587.4 4 5 229.9 1.758 0 1 0 
492.21 64.0 40.465137 -3.487372 587.5 4 5 228.2 3.516 0 1 0 
493.31 62.4 40.465027 -3.487533 587.5 4 5 225.7 4.219 2 1 0 
494.22 60.9 40.464909 -3.487673 588.2 4 5 219.4 8.789 1 1 0 
495.23 58.5 40.464794 -3.487781 589.3 4 5 212.3 13.359 0 2 0 
496.21 58.1 40.464653 -3.487845 590.4 4 5 198.6 20.742 0 2 0 
497.28 56.7 40.464512 -3.487891 591.5 4 5 190.2 22.148 0 2 0 
498.22 54.5 40.464371 -3.487900 592.5 4 5 180.0 18.633 0 2 0 
499.28 53.2 40.464245 -3.487890 593.3 4 5 169.8 20.391 0 2 0 
500.25 53.2 40.464111 -3.487841 593.9 4 5 160.7 19.336 0 2 0 
501.25 52.6 40.463993 -3.487773 594.3 4 5 152.2 17.578 0 2 0 
502.23 52.5 40.463886 -3.487670 594.4 4 5 142.4 18.281 0 2 0 
503.24 53.3 40.463791 -3.487561 594.5 4 5 132.9 19.336 0 2 0 
504.22 52.7 40.463711 -3.487430 594.6 4 5 124.8 17.578 0 2 0 
505.24 52.4 40.463650 -3.487279 594.9 3 5 115.3 17.578 0 2 0 
506.26 52.1 40.463608 -3.487118 594.6 3 5 106.2 18.633 0 2 0 
507.26 52.8 40.463577 -3.486947 594.5 3 5 102.0 13.359 0 2 0 
508.29 51.1 40.463581 -3.486778 594.6 4 5 88.6 17.578 0 2 0 
509.24 52.2 40.463585 -3.486610 594.7 3 5 86.1 15.820 0 2 0 
510.32 51.0 40.463623 -3.486454 594.8 4 5 73.1 15.469 0 2 0 
511.22 53.8 40.463657 -3.486292 594.7 4 5 69.3 16.875 0 2 0 
512.22 55.5 40.463711 -3.486127 594.6 3 5 62.9 10.195 0 2 0 
513.23 57.0 40.463779 -3.485966 594.3 3 5 62.6 6.680 0 2 0 
514.29 60.6 40.463837 -3.485778 593.6 4 5 66.1 3.516 1 2 0 
515.23 63.0 40.463905 -3.485599 593.1 4 5 67.9 5.273 0 2 0 
516.30 65.9 40.463963 -3.485406 592.0 3 5 70.0 3.867 0 2 0 
517.21 67.4 40.464016 -3.485195 591.2 3 5 72.1 4.219 0 1 0 
518.26 70.2 40.464062 -3.484981 590.1 3 5 73.1 3.164 0 1 0 
519.21 72.2 40.464108 -3.484759 589.5 3 5 73.5 1.406 0 1 0 
520.24 73.6 40.464165 -3.484522 588.7 3 5 73.5 0.352 0 1 0 
521.23 74.1 40.464218 -3.484292 588.5 3 5 73.1 0.352 0 1 0 
522.24 75.7 40.464287 -3.484052 588.4 3 5 73.1 0.352 0 1 0 
523.21 76.5 40.464352 -3.483814 588.3 3 5 73.5 0.352 0 1 0 
524.22 77.3 40.464401 -3.483567 588.4 3 5 73.1 0.352 0 1 0 
525.22 78.3 40.464455 -3.483320 588.4 3 5 73.5 0.352 0 1 0 
526.26 78.3 40.464512 -3.483075 588.7 3 5 72.4 1.055 0 1 0 
527.22 78.2 40.464565 -3.482834 589.0 3 5 71.7 1.758 0 1 0 
528.20 78.4 40.464622 -3.482585 589.0 3 5 71.7 0.703 1 1 0 
529.22 80.3 40.464684 -3.482332 588.7 3 5 71.7 0 1 1 0 
530.22 79.2 40.464748 -3.482094 588.4 4 5 71.0 0.703 1 1 0 
531.34 81.4 40.464802 -3.481835 588.6 3 5 70.7 1.055 0 2 0 
532.24 82.0 40.464859 -3.481579 588.6 4 5 71.0 0.352 0 1 0 
533.31 82.1 40.464924 -3.481321 588.5 4 5 70.7 0.352 1 1 0 
534.22 82.3 40.464985 -3.481061 588.3 4 5 71.0 0.352 0 1 0 
535.24 82.2 40.465046 -3.480797 588.5 4 5 70.3 0.703 1 1 0 
536.21 82.0 40.465118 -3.480548 588.4 4 5 69.3 1.758 0 1 0 
537.24 82.2 40.465191 -3.480292 588.0 4 5 68.9 1.406 0 1 0 
538.24 82.7 40.465263 -3.480036 588.4 4 5 70.0 1.055 0 1 0 
539.27 83.7 40.465328 -3.479775 588.1 4 5 71.0 2.109 0 1 0 
540.36 84.1 40.465393 -3.479512 588.0 4 5 72.4 2.461 0 1 0 
541.24 83.7 40.465450 -3.479248 588.0 4 5 72.4 1.406 1 1 0 
542.21 83.2 40.465511 -3.478990 587.6 3 5 74.1 1.718 1 1 0 
543.25 82.5 40.465572 -3.478725 587.2 3 5 74.1 1.718 1 1 0 
544.24 81.9 40.465633 -3.478474 587.0 3 5 74.1 0 2 2 0 
545.21 81.9 40.465694 -3.478222 586.8 3 5 74.1 0 0 2 0 
546.28 82.8 40.465759 -3.477967 586.6 3 5 76.0 1.824 0 2 0 
547.21 84.4 40.465824 -3.477704 586.6 3 5 75.1 0.978 1 2 0 
548.29 86.0 40.465881 -3.477434 587.0 3 5 75.1 0.846 0 2 0 
549.22 88.0 40.465942 -3.477153 587.1 3 5 75.1 0 0 2 0 
550.22 89.9 40.466000 -3.476865 587.3 3 5 75.5 0.427 0 2 0 
551.30 91.3 40.466057 -3.476576 587.2 3 5 75.5 0.427 0 2 0 
552.27 91.8 40.466122 -3.476280 587.2 3 5 76.0 0.419 2 2 0 
553.21 92.4 40.466183 -3.475991 587.2 3 5 76.5 0.999 0 2 0 
554.29 93.2 40.466244 -3.475694 587.8 3 5 76.5 0.580 0 2 0 
555.21 93.8 40.466305 -3.475401 588.1 3 5 76.5 0 0 2 0 
556.25 94.4 40.466358 -3.475106 588.0 3 5 77.4 0.837 0 2 0 
557.23 94.2 40.466415 -3.474788 588.1 3 5 77.4 0.837 0 2 0 
558.21 93.9 40.466469 -3.474495 587.7 3 5 78.3 0.954 1 2 0 
559.23 93.5 40.466511 -3.474188 587.7 3 5 78.3 0.954 1 2 0 
560.38 92.7 40.466545 -3.473883 587.4 4 5 78.3 0 1 2 0 
561.28 92.8 40.466602 -3.473586 587.8 4 5 79.4 1.053 0 2 0 
562.21 92.6 40.466648 -3.473284 588.2 4 5 79.4 1.053 0 2 0 
563.22 92.5 40.466679 -3.472990 588.3 4 5 80.7 1.336 0 2 0 
564.23 93.0 40.466721 -3.472688 588.0 4 5 80.7 1.336 0 2 0 
565.21 91.0 40.466766 -3.472395 588.3 4 5 81.4 0.707 0 2 0 
566.30 91.2 40.466797 -3.472100 588.7 4 5 82.8 2.095 0 2 0 
567.23 90.6 40.466843 -3.471810 588.3 4 5 83.5 2.055 0 2 0 
568.22 90.4 40.466869 -3.471514 588.6 4 5 83.0 0.524 0 2 0 
569.21 90.4 40.466896 -3.471223 588.6 4 5 83.5 0.539 0 2 0 
570.21 90.1 40.466915 -3.470922 588.6 4 5 84.5 1.540 0 2 0 
571.25 90.0 40.466942 -3.470640 588.3 4 5 84.5 1.001 0 2 0 
572.26 89.6 40.466957 -3.470339 588.3 4 5 85.0 0.548 0 2 0 
573.23 90.8 40.466991 -3.470040 589.7 4 5 86.0 1.507 0 2 0 
574.22 90.8 40.467007 -3.469747 589.4 4 5 86.5 1.470 0 2 0 
575.26 91.0 40.467026 -3.469450 588.8 4 5 86.5 0.511 0 2 0 
576.23 91.2 40.467030 -3.469150 589.0 4 5 86.5 0 0 2 0 
577.22 91.0 40.467037 -3.468852 589.5 4 5 86.5 0 0 2 0 
578.23 90.9 40.467049 -3.468560 589.5 4 5 88.1 1.592 0 2 0 
579.20 91.4 40.467049 -3.468249 589.1 4 5 88.6 2.074 0 2 0 
580.24 91.1 40.467056 -3.467952 589.4 4 5 88.6 0.482 0 2 0 
581.23 91.5 40.467041 -3.467635 589.5 4 5 89.3 0.703 0 2 0 
582.24 91.3 40.467049 -3.467332 591.1 4 5 90.0 1.406 0 2 0 
583.23 91.5 40.467045 -3.467028 590.4 4 5 90.0 0.703 0 2 0 
584.24 91.2 40.467045 -3.466730 590.5 4 5 90.0 0 0 2 0 
585.20 91.3 40.467037 -3.466431 590.6 4 5 90.4 0.352 0 2 0 
586.21 91.3 40.467037 -3.466141 590.6 4 5 90.4 0.352 0 2 0 
587.24 91.7 40.467018 -3.465832 590.7 4 5 91.1 0.703 0 2 0 
588.20 91.8 40.467010 -3.465526 590.4 4 5 91.8 1.406 0 2 0 
589.20 91.6 40.467026 -3.465227 590.9 4 5 91.4 0.352 0 2 0 
590.22 92.7 40.467014 -3.464919 591.1 4 5 93.2 1.758 0 1 0 
591.20 92.2 40.466995 -3.464620 590.5 4 5 92.8 1.406 0 1 0 
592.23 91.3 40.466988 -3.464311 592.1 4 5 92.5 0.703 0 1 0 
593.22 91.5 40.466976 -3.464014 590.7 4 5 92.5 0.352 0 1 0 
594.21 91.4 40.466961 -3.463716 590.7 4 5 93.5 1.055 0 1 0 
595.25 91.9 40.466965 -3.463433 591.5 4 5 93.3 0.792 2 1 0 
596.20 91.7 40.466934 -3.463121 592.9 4 5 93.3 0.263 0 1 0 
597.21 92.1 40.466908 -3.462798 592.3 4 5 93.5 0.213 0 1 0 
598.21 91.9 40.466881 -3.462499 592.3 4 5 93.5 0.213 0 1 0 
599.23 91.1 40.466881 -3.462212 592.5 4 5 93.5 0 0 1 0 
600.20 91.1 40.466873 -3.461919 592.3 4 5 93.5 0 0 1 0 
601.21 91.2 40.466858 -3.461626 592.6 4 5 93.5 0 0 1 0 
602.20 91.3 40.466843 -3.461330 593.0 4 5 93.5 0 0 1 0 
603.21 92.2 40.466820 -3.461034 593.0 4 5 93.5 0 0 1 0 
604.21 90.5 40.466812 -3.460726 594.3 4 5 93.5 0 0 1 0 
605.21 89.8 40.466808 -3.460429 593.6 4 5 93.3 0.174 0 0 0 
606.21 89.9 40.466785 -3.460129 593.6 4 5 93.7 0.447 0 0 0 
607.22 90.0 40.466766 -3.459835 593.7 6 5 93.7 0.447 0 0 0 
608.23 89.7 40.466740 -3.459534 593.4 6 5 93.7 0 0 0 0 
609.21 89.4 40.466709 -3.459227 593.3 4 5 93.7 0 0 0 0 
610.21 90.9 40.466675 -3.458932 593.7 6 5 93.7 0 0 0 0 
611.22 90.0 40.466644 -3.458627 593.6 6 5 93.5 0.220 0 0 0 
612.23 89.8 40.466625 -3.458334 593.7 6 5 93.5 0.220 0 0 0 
613.23 92.1 40.466602 -3.458025 593.1 6 5 93.5 0 0 0 0 
614.21 90.8 40.466591 -3.457720 593.9 6 5 92.5 1.042 0 0 0 
615.20 90.5 40.466587 -3.457440 594.3 6 5 92.5 1.042 0 0 0 
616.22 92.6 40.466579 -3.457146 593.4 6 5 92.5 0 0 0 0 
617.26 91.0 40.466568 -3.456842 593.6 6 5 92.5 0 0 0 0 
618.22 88.5 40.466564 -3.456553 593.0 6 5 91.7 0.738 0 0 0 
619.32 90.3 40.466560 -3.456273 592.8 6 5 91.7 0.738 0 0 0 
620.29 90.6 40.466549 -3.455967 593.1 6 5 90.8 0.989 0 0 0 
621.22 90.6 40.466545 -3.455673 592.8 6 5 91.4 0.682 0 0 0 
622.22 92.7 40.466557 -3.455369 592.7 6 5 91.0 0.440 0 0 0 
623.21 90.8 40.466560 -3.455090 592.5 6 5 90.5 0.982 0 0 0 
624.26 91.0 40.466564 -3.454796 593.0 6 5 90.5 0.542 0 0 0 
625.22 91.2 40.466564 -3.454493 594.3 6 5 91.0 0.576 0 0 0 
626.25 90.4 40.466579 -3.454203 591.9 6 5 88.6 2.441 0 0 0 
627.22 92.0 40.466568 -3.453901 592.3 6 5 88.6 2.441 0 0 0 
628.25 92.0 40.466583 -3.453604 592.1 6 5 87.9 0.707 0 0 0 
629.20 91.8 40.466595 -3.453305 591.9 4 5 87.1 1.516 0 0 0 
630.22 92.4 40.466606 -3.452983 592.3 4 5 87.1 0.810 0 0 0 
631.26 92.8 40.466618 -3.452704 592.3 4 5 87.1 0 0 0 0 
632.20 93.4 40.466637 -3.452398 592.1 4 5 87.1 0 0 0 0 
633.22 94.0 40.466656 -3.452106 592.4 4 5 87.1 0 0 0 0 
634.22 94.2 40.466675 -3.451799 592.6 4 5 86.0 1.049 0 0 0 
635.23 94.2 40.466694 -3.451495 592.5 4 5 85.5 1.564 0 0 0 
636.24 93.9 40.466698 -3.451180 592.7 4 5 85.0 0.998 0 0 0 
637.21 93.9 40.466702 -3.450850 591.9 4 5 85.0 0.483 0 0 0 
638.23 90.5 40.466713 -3.450550 593.1 4 5 85.0 0 0 0 0 
639.24 92.4 40.466721 -3.450247 593.0 4 5 85.0 0.065 0 0 0 
640.22 92.1 40.466747 -3.449955 592.7 4 5 85.0 0.065 0 0 0 
641.23 91.7 40.466785 -3.449655 591.7 4 5 84.3 0.668 0 0 0 
642.22 91.9 40.466824 -3.449365 591.4 4 5 84.3 0.668 0 0 0 
643.21 92.3 40.466835 -3.449064 591.4 4 5 83.9 0.353 0 0 0 
644.20 91.8 40.466869 -3.448754 591.1 4 5 84.8 0.823 0 0 0 
645.23 91.9 40.466900 -3.448461 591.8 4 5 84.8 0.823 0 0 0 
646.26 91.7 40.466908 -3.448141 591.5 6 5 84.1 0.670 0 0 0 
647.21 92.0 40.466919 -3.447840 590.8 6 5 84.1 0.670 0 0 0 
648.20 90.8 40.466942 -3.447541 590.6 6 5 82.6 1.538 0 0 0 
649.20 91.9 40.466965 -3.447239 590.9 4 5 82.6 1.538 0 0 0 
650.23 91.7 40.466976 -3.446928 592.1 4 5 83.2 0.634 0 0 0 
651.22 91.3 40.466999 -3.446640 591.6 4 5 84.0 1.422 0 0 0 
652.20 91.5 40.467030 -3.446344 590.8 4 5 84.0 0.788 0 0 0 
653.29 91.2 40.467064 -3.446046 590.3 4 5 84.0 0 0 0 0 
654.21 91.2 40.467091 -3.445752 590.4 4 5 84.3 0.304 0 0 0 
655.21 90.9 40.467113 -3.445463 590.6 4 5 84.3 0.304 0 0 0 
656.31 91.2 40.467121 -3.445147 590.7 4 5 84.3 0 0 0 0 
657.22 90.9 40.467152 -3.444855 591.1 4 5 83.6 0.694 0 0 0 
658.20 91.0 40.467178 -3.444571 590.6 4 5 83.6 0.694 0 0 0 
659.20 90.8 40.467197 -3.444263 591.3 6 5 83.6 0 0 0 0 
660.22 90.8 40.467220 -3.443968 591.1 4 5 84.0 0.440 0 0 0 
661.21 90.8 40.467251 -3.443672 591.2 4 5 84.0 0.440 0 0 0 
662.23 90.8 40.467281 -3.443377 591.1 4 5 82.8 1.184 0 0 0 
663.21 90.8 40.467323 -3.443099 591.2 4 5 82.4 1.660 0 0 0 
664.20 90.7 40.467361 -3.442820 591.2 4 5 82.4 0.475 0 0 0 
665.24 90.5 40.467400 -3.442529 591.2 4 5 81.9 0.433 0 0 0 
666.22 90.2 40.467438 -3.442246 591.5 4 5 81.9 0.433 1 0 0 
667.21 90.0 40.467457 -3.441931 591.6 4 5 80.5 1.394 0 0 0 
668.34 89.9 40.467491 -3.441650 592.5 6 5 79.8 2.154 0 0 0 
669.20 90.0 40.467533 -3.441357 591.7 4 5 79.8 0.760 0 0 0 
670.21 90.3 40.467575 -3.441059 592.3 6 5 78.7 1.127 0 0 0 
671.23 89.7 40.467625 -3.440778 594.5 4 5 78.7 1.127 0 0 0 
672.20 89.6 40.467678 -3.440499 592.7 6 5 78.7 0 0 0 0 
673.21 89.1 40.467720 -3.440209 592.5 6 5 77.4 1.282 0 0 0 
674.25 89.4 40.467770 -3.439919 593.9 6 5 77.4 1.282 0 0 0 
675.25 87.5 40.467819 -3.439656 593.5 6 5 94.4 17.030 0 0 0 
676.21 88.5 40.467873 -3.439379 593.8 6 5 76.6 17.758 0 0 0 
677.21 88.9 40.467918 -3.439086 594.5 6 5 77.3 17.055 0 0 0 
678.21 89.0 40.467968 -3.438784 594.7 6 5 77.0 0.352 0 0 0 
679.22 88.9 40.468025 -3.438496 595.0 6 5 76.6 0.703 0 0 0 
680.21 88.0 40.468082 -3.438213 595.7 6 5 76.6 0.352 0 0 0 
681.31 87.0 40.468124 -3.437941 595.8 6 5 77.3 0.703 0 0 0 
682.26 87.5 40.468178 -3.437663 595.6 6 5 77.3 0.703 0 0 0 
683.24 87.4 40.468224 -3.437393 597.3 6 5 77.3 0 0 0 0 
684.22 87.0 40.468258 -3.437123 596.2 6 5 77.0 0.352 0 0 0 
685.20 86.9 40.468315 -3.436853 596.5 6 5 76.6 0.703 0 0 0 
686.23 86.4 40.468369 -3.436575 597.0 6 5 76.6 0.352 0 0 0 
687.24 86.8 40.468407 -3.436319 597.2 6 5 77.0 0.352 0 0 0 
688.24 87.5 40.468464 -3.436052 597.0 6 5 77.3 0.703 0 0 0 
689.21 87.4 40.468487 -3.435779 597.7 6 5 77.7 0.703 0 0 0 
690.20 87.3 40.468536 -3.435497 597.6 6 5 77.7 0.352 0 0 0 
691.23 87.6 40.468582 -3.435217 597.2 6 5 78.0 0.352 0 0 0 
692.21 88.0 40.468639 -3.434931 597.0 6 5 77.3 0.703 0 0 0 
693.23 88.6 40.468678 -3.434643 597.0 6 5 78.0 0.703 0 0 0 
694.20 89.3 40.468716 -3.434350 596.5 6 5 79.5 2.109 0 0 0 
695.22 89.9 40.468758 -3.434064 598.7 6 5 78.8 0.703 0 0 0 
696.32 90.1 40.468807 -3.433778 596.0 6 5 78.4 1.055 0 0 0 
697.23 90.6 40.468853 -3.433481 595.2 6 5 78.0 0.703 0 0 0 
698.22 90.9 40.468910 -3.433195 595.6 6 5 77.7 0.703 0 0 0 
699.23 91.4 40.468956 -3.432904 595.0 6 5 78.0 0.352 0 0 0 
700.23 91.8 40.469002 -3.432608 595.0 6 5 78.4 0.703 0 0 0 
701.23 92.3 40.469048 -3.432312 594.4 6 5 80.9 2.812 0 0 0 
702.23 92.6 40.469090 -3.432018 593.8 6 5 78.8 2.109 0 0 0 
703.22 92.3 40.469135 -3.431727 593.7 6 5 78.4 2.461 0 0 0 
704.29 92.0 40.469185 -3.431435 593.1 6 5 78.0 0.703 0 0 0 
705.24 92.3 40.469269 -3.431144 592.2 6 5 77.0 1.406 0 0 0 
706.30 92.8 40.469322 -3.430855 592.2 4 5 75.2 2.812 0 0 0 
707.23 93.2 40.469387 -3.430566 591.9 6 5 74.9 2.109 0 0 0 
708.20 93.8 40.469440 -3.430266 591.1 6 5 74.2 1.055 0 0 0 
709.21 94.4 40.469501 -3.429951 591.1 6 5 73.5 1.406 0 0 0 
710.28 94.6 40.469563 -3.429652 590.6 4 5 72.4 1.758 0 0 0 
711.20 95.0 40.469624 -3.429348 590.0 4 5 72.1 1.406 0 0 0 
712.25 95.4 40.469700 -3.429050 589.1 4 5 72.1 0.352 0 0 0 
713.20 95.8 40.469776 -3.428747 588.8 6 5 71.7 0.352 0 0 0 
714.23 96.0 40.469852 -3.428441 588.3 6 5 71.4 0.703 0 0 0 
715.20 96.0 40.469933 -3.428153 587.8 6 5 71.0 0.703 0 0 0 
716.23 95.7 40.470013 -3.427864 587.6 6 5 70.7 0.703 0 0 0 
717.30 95.4 40.470093 -3.427578 587.4 6 5 70.7 0.352 0 0 0 
718.22 95.4 40.470173 -3.427283 587.4 6 5 70.7 0 0 0 0 
719.23 94.4 40.470253 -3.426992 586.6 6 5 70.0 0.703 0 0 0 
720.20 94.9 40.470337 -3.426700 585.5 6 5 70.0 0.703 0 0 0 
721.30 94.6 40.470421 -3.426414 584.9 6 5 69.6 0.352 0 0 0 
722.23 93.8 40.470509 -3.426128 584.5 6 5 69.3 0.703 0 0 0 
723.21 93.3 40.470592 -3.425846 586.2 4 5 69.3 0.352 0 0 0 
724.22 92.7 40.470673 -3.425562 586.2 4 5 68.9 0.352 0 0 0 
725.21 92.1 40.470760 -3.425282 585.1 4 5 68.6 0.703 0 0 0 
726.21 91.3 40.470848 -3.425001 584.6 4 5 68.6 0.352 0 0 0 
727.22 90.7 40.470932 -3.424721 585.0 4 5 68.6 0 0 0 0 
728.21 90.5 40.471004 -3.424430 584.7 6 5 68.6 0 0 0 0 
729.21 90.1 40.471085 -3.424159 584.7 6 5 68.6 0 0 0 0 
730.20 89.8 40.471161 -3.423875 584.3 4 5 68.9 0.352 0 0 0 
731.35 89.6 40.471241 -3.423597 586.0 4 5 69.6 1.055 0 0 0 
732.21 89.2 40.471317 -3.423319 584.7 4 5 70.0 1.055 0 0 0 
733.21 88.9 40.471397 -3.423056 584.7 4 5 69.6 0.352 0 0 0 
734.20 88.6 40.471478 -3.422785 584.9 4 5 69.6 0.352 0 0 0 
735.23 88.4 40.471550 -3.422513 585.1 4 5 69.6 0 0 0 0 
736.23 88.5 40.471622 -3.422240 584.9 3 5 70.3 0.703 0 0 0 
737.22 88.4 40.471703 -3.421969 585.3 3 5 70.0 0.352 0 0 0 
738.21 88.1 40.471771 -3.421687 585.3 3 5 70.7 0.703 0 0 0 
739.20 87.9 40.471848 -3.421420 585.2 3 5 70.7 0.703 0 0 0 
740.21 87.8 40.471916 -3.421141 585.3 3 5 71.0 0.352 0 0 0 
741.22 87.8 40.471989 -3.420872 585.5 3 5 71.0 0.352 0 0 0 
742.20 87.7 40.472061 -3.420601 585.2 3 5 71.0 0 0 0 0 
743.21 87.4 40.472134 -3.420331 584.9 3 5 71.0 0 0 0 0 
744.21 87.2 40.472202 -3.420063 585.0 3 5 71.4 0.352 0 0 0 
745.22 86.8 40.472267 -3.419792 586.1 3 5 71.7 0.703 0 0 0 
746.22 86.4 40.472332 -3.419521 586.0 3 5 71.7 0.352 0 0 0 
747.21 86.1 40.472397 -3.419249 586.0 3 5 71.7 0 0 0 0 
748.22 85.7 40.472462 -3.418985 586.2 3 5 71.7 0 0 0 0 
749.22 85.5 40.472530 -3.418716 587.7 3 5 71.4 0.352 0 0 0 
750.34 85.5 40.472599 -3.418453 589.2 3 5 71.7 0.352 0 0 0 
751.22 85.4 40.472668 -3.418189 587.8 3 5 71.4 0.352 0 0 0 
752.23 88.1 40.472740 -3.417918 587.6 3 5 71.7 0.352 0 0 0 
753.24 87.3 40.472805 -3.417655 587.7 3 5 72.8 1.406 0 0 0 
754.22 85.9 40.472874 -3.417396 587.7 3 5 72.8 1.055 0 0 0 
755.22 86.6 40.472935 -3.417123 587.6 3 5 72.4 0.352 0 0 0 
756.21 87.0 40.473007 -3.416854 587.5 3 5 71.7 1.055 0 0 0 
757.23 86.9 40.473080 -3.416584 587.8 3 5 71.4 1.055 0 0 0 
758.28 87.0 40.473148 -3.416314 591.3 3 5 71.7 0.352 0 0 0 
759.22 87.3 40.473209 -3.416041 588.8 3 5 72.1 0.703 0 0 0 
760.21 87.4 40.473278 -3.415768 587.7 3 5 72.4 0.703 0 0 0 
761.22 87.4 40.473351 -3.415496 587.5 3 5 72.4 0.352 0 0 0 
762.21 87.4 40.473419 -3.415227 588.6 3 5 72.1 0.352 0 0 0 
763.22 87.5 40.473484 -3.414952 588.0 3 5 71.7 0.703 0 0 0 
764.29 87.6 40.473549 -3.414681 587.7 3 5 71.7 0.352 0 0 0 
765.20 87.9 40.473621 -3.414407 587.3 3 5 71.0 0.703 0 0 0 
766.21 87.4 40.473698 -3.414145 586.9 3 5 70.7 1.055 0 0 0 
767.23 88.9 40.473774 -3.413863 586.6 3 5 70.3 0.703 0 0 0 
768.20 87.9 40.473839 -3.413591 586.1 3 5 71.0 0.703 0 0 0 
769.21 89.7 40.473938 -3.413342 585.6 4 5 67.9 3.164 0 0 0 
770.23 89.6 40.473995 -3.413079 585.2 4 5 66.8 4.219 0 0 0 
771.23 90.0 40.474094 -3.412816 585.1 4 5 65.0 2.812 0 0 0 
772.27 89.9 40.474190 -3.412530 584.6 6 5 64.7 2.109 0 0 0 
773.20 90.3 40.474289 -3.412251 584.4 6 5 64.3 0.703 0 0 0 
774.20 90.0 40.474380 -3.411988 584.5 6 5 64.0 0.703 0 0 0 
775.20 89.8 40.474487 -3.411713 584.9 6 5 63.3 1.055 0 0 0 
776.30 89.8 40.474594 -3.411449 584.6 6 5 62.2 1.758 0 0 0 
777.20 90.0 40.474705 -3.411198 584.1 6 5 61.9 1.406 0 0 0 
778.20 89.6 40.474819 -3.410937 583.7 6 5 60.8 1.406 0 0 0 
779.24 89.3 40.474934 -3.410670 586.5 6 5 60.1 1.758 0 0 0 
780.20 89.6 40.475052 -3.410423 586.5 6 5 59.8 1.055 0 0 0 
781.21 89.5 40.475166 -3.410173 586.0 4 5 58.7 1.406 0 0 0 
782.22 91.0 40.475292 -3.409915 584.5 6 5 58.4 1.406 0 0 0 
783.20 89.6 40.475410 -3.409670 584.0 6 5 57.7 1.055 0 0 0 
784.20 88.8 40.475529 -3.409433 584.0 4 5 57.0 1.406 0 0 0 
785.20 88.7 40.475655 -3.409182 583.5 4 5 56.6 1.055 0 0 0 
786.24 88.5 40.475788 -3.408949 583.6 6 5 55.9 1.055 0 0 0 
787.20 88.8 40.475918 -3.408716 583.5 4 5 54.8 1.758 0 0 0 
788.20 89.4 40.476044 -3.408481 583.2 4 5 54.1 1.758 0 0 0 
789.29 89.6 40.476177 -3.408242 582.8 4 5 53.8 1.055 0 0 0 
790.25 89.1 40.476322 -3.408022 582.6 6 5 52.4 1.758 0 0 0 
791.21 89.6 40.476440 -3.407778 582.8 6 5 52.4 1.406 0 0 0 
792.24 90.4 40.476574 -3.407545 582.6 6 5 52.0 0.352 0 0 0 
793.21 90.0 40.476723 -3.407351 582.8 6 5 50.6 1.758 0 0 0 
794.29 90.1 40.476871 -3.407126 582.6 6 5 49.2 2.812 0 0 0 
795.21 90.5 40.477024 -3.406894 582.5 6 5 48.9 1.758 0 0 0 
796.23 91.0 40.477165 -3.406667 583.6 6 5 48.2 1.055 0 0 0 
797.21 91.2 40.477322 -3.406435 584.6 6 5 47.5 1.406 0 0 0 
798.21 91.1 40.477486 -3.406218 583.8 4 5 47.1 1.055 0 0 0 
799.22 91.0 40.477638 -3.405989 583.8 4 5 46.8 0.703 0 0 0 
800.21 91.0 40.477795 -3.405774 584.1 4 5 45.4 1.758 0 0 0 
801.21 90.9 40.477955 -3.405566 584.0 4 5 43.9 2.812 0 0 0 
802.23 90.1 40.478119 -3.405360 585.1 4 5 43.6 1.758 0 0 0 
803.21 90.2 40.478283 -3.405153 584.7 4 5 43.2 0.703 0 0 0 
804.21 88.6 40.478447 -3.404955 583.9 3 5 43.6 0.352 0 0 0 
805.22 89.5 40.478615 -3.404762 584.3 3 5 41.8 1.758 0 0 0 
806.21 89.2 40.478775 -3.404571 584.7 3 5 41.5 2.109 0 0 0 
807.22 88.5 40.478954 -3.404391 584.3 4 5 40.4 1.406 0 0 0 
808.20 88.1 40.479126 -3.404205 584.3 4 5 39.7 1.758 0 0 0 
809.22 87.8 40.479294 -3.404028 584.5 3 5 38.3 2.109 0 0 0 
810.27 87.3 40.479458 -3.403853 584.7 4 5 38.7 1.055 0 0 0 
811.20 86.9 40.479626 -3.403676 586.0 4 5 37.6 1.055 0 0 0 
812.22 85.6 40.479797 -3.403506 586.4 4 5 36.9 1.758 0 0 0 
813.22 85.3 40.479969 -3.403340 585.9 4 5 36.9 0.703 0 0 0 
814.22 85.8 40.480148 -3.403180 585.3 4 5 36.2 0.703 0 0 0 
815.23 86.4 40.480324 -3.403010 585.9 4 5 36.6 0.352 0 0 0 
816.22 86.3 40.480495 -3.402841 585.4 4 5 36.6 0.352 0 0 0 
817.21 86.4 40.480671 -3.402679 585.6 4 5 36.9 0.352 0 0 0 
818.27 87.0 40.480846 -3.402509 586.2 4 5 36.6 0.352 0 0 0 
819.22 87.8 40.481030 -3.402338 586.4 4 5 36.2 0.703 0 0 0 
820.21 88.3 40.481205 -3.402162 586.0 4 5 36.9 0.703 0 0 0 
821.21 88.6 40.481388 -3.401990 586.6 6 5 36.9 0.703 0 0 0 
822.21 88.9 40.481567 -3.401808 587.2 6 5 36.6 0.352 0 0 0 
823.22 88.4 40.481750 -3.401633 588.2 6 5 36.6 0.352 0 0 0 
824.22 87.5 40.481926 -3.401459 588.1 6 5 36.9 0.352 0 0 0 
825.20 88.2 40.482090 -3.401289 587.7 6 5 36.2 0.703 0 0 0 
826.21 87.5 40.482265 -3.401114 588.2 6 5 36.6 0.352 0 0 0 
827.20 87.2 40.482445 -3.400945 588.6 6 5 36.9 0.703 0 0 0 
828.21 87.3 40.482616 -3.400771 589.4 6 5 36.9 0.352 0 0 0 
829.22 88.2 40.482796 -3.400598 589.6 6 5 35.9 1.055 0 0 0 
830.27 85.9 40.482967 -3.400428 589.9 6 5 36.6 0.703 0 0 0 
831.20 84.9 40.483135 -3.400269 590.0 6 5 36.6 0.703 0 0 0 
832.23 84.4 40.483307 -3.400102 590.2 6 5 36.9 0.352 0 0 0 
833.20 83.8 40.483467 -3.399934 590.5 6 5 36.9 0.352 0 0 0 
834.20 83.4 40.483635 -3.399767 591.0 6 5 36.9 0 0 0 0 
835.20 83.4 40.483803 -3.399603 592.4 6 5 36.9 0 0 0 0 
836.22 84.9 40.483994 -3.399429 591.9 6 5 36.8 0.100 0 0 0 
837.20 84.9 40.484165 -3.399260 591.5 6 5 36.8 0.100 0 0 0 
838.37 84.5 40.484314 -3.399098 591.7 6 5 36.8 0 0 0 0 
839.27 84.7 40.484470 -3.398919 592.1 6 5 37.3 0.438 0 0 0 
840.21 84.2 40.484646 -3.398759 592.0 6 5 37.8 1.025 0 0 0 
841.25 84.5 40.484787 -3.398591 593.0 6 5 37.8 0.587 0 0 0 
842.22 84.0 40.484943 -3.398430 592.8 6 5 37.8 0 0 0 0 
843.20 84.7 40.485107 -3.398240 593.0 6 5 37.8 0 0 0 0 
844.24 84.4 40.485275 -3.398075 592.7 6 5 39.0 1.136 0 0 0 
845.20 86.3 40.485458 -3.397879 592.6 6 5 40.3 2.429 0 0 0 
846.20 85.3 40.485615 -3.397713 592.8 6 5 40.3 1.293 0 0 0 
847.21 85.7 40.485779 -3.397527 592.8 6 5 40.3 0 0 0 0 
848.21 85.5 40.485943 -3.397340 592.8 6 5 41.6 1.292 0 0 0 
849.21 85.8 40.486107 -3.397164 593.0 6 5 43.2 2.935 0 0 0 
850.22 86.7 40.486279 -3.396974 592.6 6 5 43.2 1.643 0 0 0 
851.21 86.9 40.486427 -3.396786 592.8 6 5 43.2 0 0 0 0 
852.21 86.3 40.486588 -3.396588 593.0 4 5 44.1 0.851 0 0 0 
853.21 86.4 40.486736 -3.396393 593.2 4 5 44.1 0.851 0 0 0 
854.21 85.9 40.486897 -3.396194 593.0 4 5 44.1 0 0 0 0 
855.21 87.8 40.487057 -3.396000 592.8 6 5 44.1 0 0 0 0 
856.21 86.1 40.487213 -3.395807 592.5 6 5 45.2 1.162 0 0 0 
857.21 86.0 40.487377 -3.395610 592.6 6 5 45.2 1.162 0 0 0 
858.21 86.5 40.487522 -3.395405 592.7 6 5 45.4 0.135 0 0 0 
859.21 86.1 40.487679 -3.395203 592.7 6 5 45.7 0.486 0 0 0 
860.22 86.5 40.487827 -3.395002 592.7 6 5 45.7 0.352 0 0 0 
861.22 86.8 40.487984 -3.394793 592.8 6 5 45.7 0 0 0 0 
862.22 86.3 40.488132 -3.394583 592.9 6 5 46.8 1.055 0 0 0 
863.21 86.6 40.488281 -3.394370 592.7 6 5 46.4 0.703 0 0 0 
864.21 87.8 40.488426 -3.394161 592.7 4 5 46.8 0.352 0 0 0 
865.28 86.5 40.488583 -3.393948 592.8 4 5 46.1 0.703 0 0 0 
866.21 86.7 40.488728 -3.393745 593.0 4 5 46.1 0.703 0 0 0 
867.22 86.5 40.488899 -3.393554 592.7 4 5 46.1 0 0 0 0 
868.22 86.6 40.489052 -3.393346 592.7 4 5 46.1 0 0 0 0 
869.25 86.9 40.489193 -3.393142 592.7 4 5 46.4 0.352 0 0 0 
870.24 87.0 40.489330 -3.392935 593.2 4 5 46.4 0.352 0 0 0 
871.22 87.3 40.489479 -3.392729 593.4 4 5 46.1 0.352 0 0 0 
872.22 87.3 40.489639 -3.392519 594.6 4 5 46.1 0.352 0 0 0 
873.21 86.4 40.489796 -3.392312 595.8 4 5 46.1 0 0 0 0 
874.20 87.2 40.489944 -3.392111 596.7 4 5 46.1 0 0 0 0 
875.20 88.1 40.490101 -3.391901 597.6 4 5 46.1 0 0 0 0 
876.21 88.2 40.490257 -3.391690 597.3 4 5 46.1 0 0 0 0 
877.20 88.2 40.490406 -3.391482 596.8 4 5 46.1 0 0 0 0 
878.22 88.3 40.490559 -3.391278 597.3 4 5 46.4 0.352 0 0 0 
879.24 88.4 40.490707 -3.391062 597.4 4 5 46.1 0.352 0 0 0 
880.22 89.0 40.490871 -3.390855 597.4 4 5 46.1 0.352 0 0 0 
881.22 89.7 40.491020 -3.390643 596.8 4 5 46.4 0.352 0 0 0 
882.22 90.0 40.491188 -3.390444 596.6 4 5 46.1 0.352 0 0 0 
883.21 90.2 40.491344 -3.390224 596.4 4 5 45.7 0.703 0 0 0 
884.20 90.3 40.491493 -3.390010 596.6 4 5 46.4 0.703 0 0 0 
885.20 90.3 40.491650 -3.389800 596.9 4 5 46.1 0.352 0 0 0 
886.22 90.0 40.491798 -3.389588 596.8 4 5 46.1 0.352 0 0 0 
887.20 90.6 40.491951 -3.389374 596.7 4 5 46.8 0.703 0 0 0 
888.21 89.6 40.492107 -3.389166 596.6 4 5 46.8 0.703 0 0 0 
889.36 89.7 40.492264 -3.388948 597.0 4 5 47.5 0.703 0 0 0 
890.20 90.3 40.492420 -3.388733 597.4 4 5 46.8 0.703 0 0 0 
891.20 89.0 40.492573 -3.388515 597.2 4 5 47.8 1.055 0 0 0 
892.24 87.6 40.492710 -3.388295 597.3 4 5 49.2 2.461 0 0 0 
893.21 89.7 40.492863 -3.388075 598.6 4 5 48.5 0.703 0 0 0 
894.20 90.1 40.493011 -3.387856 597.5 4 5 48.9 0.352 0 0 0 
895.23 90.9 40.493153 -3.387630 598.5 4 5 48.5 0.352 0 0 0 
896.22 91.0 40.493301 -3.387399 598.2 4 5 49.6 1.055 0 0 0 
897.23 90.6 40.493450 -3.387173 598.0 4 5 49.2 0.703 0 0 0 
898.20 91.0 40.493591 -3.386942 598.5 4 5 49.9 0.703 0 0 0 
899.20 90.8 40.493744 -3.386722 597.9 4 5 49.9 0.703 0 0 0 
900.21 89.2 40.493889 -3.386503 597.6 4 5 49.6 0.352 0 0 0 
901.20 90.7 40.494034 -3.386280 598.5 4 5 51.0 1.406 0 0 0 
902.20 90.6 40.494175 -3.386040 598.4 4 5 51.3 1.758 0 0 0 
903.20 90.5 40.494312 -3.385809 598.0 4 5 51.7 0.703 0 0 0 
904.20 90.5 40.494446 -3.385571 597.7 4 5 51.7 0.352 0 0 0 
905.22 90.2 40.494595 -3.385340 597.6 4 5 52.0 0.352 0 0 0 
906.21 89.7 40.494728 -3.385107 597.4 6 5 52.7 1.055 0 0 0 
907.33 90.5 40.494865 -3.384876 597.5 4 5 53.1 1.055 0 0 0 
908.22 91.4 40.494999 -3.384634 597.2 4 5 52.7 0.352 0 0 0 
909.22 92.6 40.495152 -3.384407 596.9 4 5 52.0 1.055 0 0 0 
910.21 92.5 40.495293 -3.384168 596.6 4 5 52.0 0.703 0 0 0 
911.21 91.3 40.495426 -3.383927 597.2 4 5 53.8 1.758 0 0 0 
912.22 90.3 40.495564 -3.383677 597.1 4 5 54.1 2.109 0 0 0 
913.21 90.1 40.495701 -3.383448 596.4 4 5 53.8 0.352 0 0 0 
914.21 89.1 40.495834 -3.383225 596.0 4 5 54.9 1.157 0 0 0 
915.22 88.6 40.495968 -3.382997 596.0 4 5 56.7 2.869 0 0 0 
916.26 88.7 40.496094 -3.382762 595.3 4 5 56.7 1.712 0 0 0 
917.21 89.3 40.496223 -3.382536 595.3 6 5 56.7 0 0 0 0 
918.30 88.4 40.496361 -3.382307 595.2 6 5 55.9 0.772 0 0 0 
919.24 88.6 40.496483 -3.382070 595.1 6 5 55.9 0.772 0 0 0 
920.20 88.7 40.496601 -3.381827 595.0 6 5 57.0 1.152 0 0 0 
921.22 88.1 40.496716 -3.381571 595.2 6 5 56.5 0.661 0 0 0 
922.20 87.3 40.496830 -3.381333 595.1 6 5 56.5 0.490 0 0 0 
923.26 87.6 40.496944 -3.381099 595.2 6 5 55.9 0.640 0 0 0 
924.21 88.2 40.497063 -3.380860 595.3 6 5 55.9 0.640 0 0 0 
925.27 88.2 40.497181 -3.380617 595.2 4 5 56.5 0.573 0 0 0 
926.21 88.8 40.497303 -3.380359 595.6 4 5 56.5 0.573 1 0 0 
927.21 88.7 40.497425 -3.380129 595.4 4 5 56.5 0 2 0 0 
928.21 90.7 40.497559 -3.379881 595.6 4 5 56.5 0 0 0 0 
929.21 91.0 40.497692 -3.379628 595.7 4 5 56.5 0 0 0 0 
930.20 91.1 40.497814 -3.379368 595.6 6 5 56.3 0.210 0 0 0 
931.22 91.2 40.497944 -3.379133 596.4 6 5 56.3 0.210 0 0 0 
932.22 91.2 40.498074 -3.378880 596.1 6 5 55.9 0.332 0 0 0 
933.29 90.0 40.498203 -3.378651 595.7 6 5 55.9 0.332 0 0 0 
934.22 89.7 40.498325 -3.378384 595.9 6 5 55.9 0 0 0 0 
935.22 89.7 40.498444 -3.378145 596.7 6 5 55.9 0 0 0 0 
936.21 86.8 40.498569 -3.377928 596.1 6 5 55.6 0.365 0 0 0 
937.26 86.7 40.498695 -3.377678 596.3 6 5 56.2 0.622 0 0 0 
938.24 86.9 40.498821 -3.377441 596.1 6 5 56.2 0.622 0 0 0 
939.22 85.8 40.498940 -3.377210 597.4 6 5 56.2 0 0 0 0 
940.22 87.5 40.499043 -3.376986 597.3 6 5 56.2 0 0 0 0 
941.44 87.5 40.499165 -3.376723 597.3 6 5 56.2 0 0 0 0 
942.24 87.4 40.499290 -3.376500 598.2 6 5 56.2 0 0 0 0 
943.21 87.8 40.499416 -3.376240 598.0 6 5 57.0 0.762 0 0 0 
944.23 88.0 40.499523 -3.375994 597.8 6 5 57.0 0.762 0 0 0 
945.21 88.5 40.499657 -3.375771 598.4 6 5 57.0 0 0 0 0 
946.21 88.7 40.499771 -3.375511 597.9 6 5 56.7 0.286 0 0 0 
947.23 88.7 40.499893 -3.375271 598.0 6 5 56.7 0.286 0 0 0 
948.23 89.6 40.500015 -3.375027 598.3 6 5 55.9 0.767 0 0 0 
949.23 90.8 40.500130 -3.374763 598.6 6 5 55.9 0.767 0 0 0 
950.20 90.5 40.500263 -3.374520 598.8 6 5 55.9 0 0 0 0 
951.21 90.6 40.500378 -3.374263 598.5 6 5 57.9 2.006 0 0 0 
952.24 90.6 40.500504 -3.374013 598.8 6 5 57.9 2.006 0 0 0 
953.20 90.1 40.500626 -3.373762 599.0 6 5 57.9 0 0 0 0 
954.20 91.0 40.500740 -3.373510 599.3 6 5 57.7 0.237 0 0 0 
955.20 91.2 40.500858 -3.373268 600.5 6 5 57.7 0.237 0 0 0 
956.20 91.4 40.500992 -3.373015 598.7 6 5 57.7 0 0 0 0 
957.21 91.7 40.501118 -3.372758 598.8 6 5 57.9 0.185 0 0 0 
958.24 91.7 40.501232 -3.372504 601.7 6 5 57.7 0.131 0 0 0 
959.22 91.0 40.501331 -3.372257 601.1 6 5 57.7 0.131 0 0 0 
960.24 91.8 40.501461 -3.371979 600.9 6 5 57.7 0 0 0 0 
961.29 91.8 40.501587 -3.371720 600.3 6 10 57.4 0.311 0 0 0 
962.27 91.3 40.501713 -3.371500 600.6 6 5 57.4 0.311 0 0 0 
963.27 91.8 40.501850 -3.371249 600.4 6 5 57.4 0 0 0 0 
964.23 92.2 40.501976 -3.371012 600.4 6 5 57.4 0 0 0 0 
965.21 93.0 40.502113 -3.370741 600.8 6 5 57.4 0 1 0 0 
966.20 93.3 40.502224 -3.370471 601.6 6 5 54.2 3.222 2 0 0 
967.21 94.6 40.502346 -3.370208 600.7 6 5 55.2 2.215 0 0 0 
968.21 93.5 40.502457 -3.369938 601.0 6 5 57.8 3.579 0 0 0 
969.20 92.1 40.502563 -3.369668 600.9 6 5 58.4 3.244 0 0 0 
970.27 92.1 40.502682 -3.369404 601.1 6 5 57.5 0.980 0 0 0 
971.21 92.6 40.502811 -3.369152 602.0 6 5 57.5 0.980 0 0 0 
972.21 92.8 40.502941 -3.368885 601.7 6 5 57.9 0.472 1 0 0 
973.20 94.4 40.503056 -3.368602 602.0 6 5 57.9 0.472 2 0 0 
974.21 95.0 40.503178 -3.368335 601.7 6 5 57.9 0 2 1 0 
975.21 96.0 40.503300 -3.368072 602.5 6 5 57.9 0 0 1 0 
976.23 96.1 40.503426 -3.367796 602.5 6 5 57.9 0.041 0 1 0 
977.23 96.1 40.503544 -3.367527 602.7 8 10 57.9 0.041 0 1 0 
978.33 87.3 40.503643 -3.367309 602.5 6 10 58.3 0.444 0 1 0 
979.21 87.4 40.503754 -3.367047 601.7 6 10 58.3 0.444 0 1 0 
980.25 85.5 40.503872 -3.366833 601.8 6 5 57.8 0.512 0 1 0 
981.22 85.3 40.503998 -3.366592 602.0 6 5 57.8 0.512 0 1 0 
982.26 85.5 40.504112 -3.366355 602.4 6 5 58.3 0.475 0 1 0 
983.22 86.1 40.504223 -3.366110 602.8 6 5 58.3 0.475 0 1 0 
984.22 86.5 40.504333 -3.365879 603.3 6 5 58.3 0 0 1 0 
985.22 87.0 40.504440 -3.365639 603.3 6 5 60.1 1.800 0 1 0 
986.23 87.4 40.504543 -3.365379 603.2 6 5 61.9 3.627 0 0 0 
987.22 87.7 40.504639 -3.365125 603.6 6 5 61.9 1.826 0 0 0 
988.20 87.8 40.504734 -3.364877 603.8 6 5 63.4 1.507 0 0 0 
989.23 88.1 40.504826 -3.364628 603.7 6 5 64.4 2.448 0 0 0 
990.21 88.2 40.504917 -3.364355 604.1 6 5 65.9 2.426 0 0 0 
991.22 88.4 40.505009 -3.364084 603.9 6 5 67.6 3.220 0 0 0 
992.21 88.7 40.505081 -3.363822 604.5 6 5 69.0 3.101 0 0 0 
993.22 89.3 40.505161 -3.363535 604.0 6 5 70.8 3.211 0 0 0 
994.20 89.8 40.505234 -3.363259 603.6 6 5 71.8 2.838 0 0 0 
995.22 90.4 40.505302 -3.362973 603.8 6 5 72.5 1.709 0 0 0 
996.28 91.1 40.505383 -3.362699 603.3 6 5 87.7 15.890 0 0 0 
997.30 91.9 40.505436 -3.362411 603.2 4 5 74.9 12.808 0 0 0 
998.22 91.8 40.505489 -3.362119 603.3 4 5 76.6 11.050 0 0 0 
999.23 91.6 40.505539 -3.361821 602.5 4 5 78.4 3.516 1 0 0 
1000.20 89.2 40.505573 -3.361531 601.9 4 5 80.2 3.516 1 1 0 
1001.23 85.6 40.505608 -3.361253 601.2 4 5 81.6 3.164 0 1 0 
1002.21 84.7 40.505615 -3.360970 600.5 4 5 85.1 4.922 0 1 0 
1003.20 83.6 40.505630 -3.360695 600.4 4 5 87.2 5.625 0 1 0 
1004.21 82.6 40.505634 -3.360425 600.3 3 5 88.6 3.516 0 1 0 
1005.21 82.5 40.505642 -3.360154 599.8 3 5 88.9 1.758 0 1 0 
1006.20 81.4 40.505650 -3.359882 599.7 3 5 88.2 0.703 0 1 0 
1007.20 78.6 40.505661 -3.359624 599.5 3 5 88.6 0.352 0 1 0 
1008.20 78.6 40.505665 -3.359366 599.1 3 5 88.6 0.352 0 1 0 
1009.21 72.7 40.505657 -3.359128 599.3 3 5 91.1 2.461 2 1 0 
1010.23 71.2 40.505653 -3.358895 598.2 3 5 94.2 5.625 0 1 0 
1011.20 71.3 40.505627 -3.358661 598.1 3 5 95.3 4.219 0 1 0 
1012.20 70.4 40.505600 -3.358428 598.0 3 5 94.2 1.055 2 1 0 
1013.33 70.9 40.505585 -3.358190 598.1 3 5 94.9 0.703 0 1 0 
1014.26 70.8 40.505566 -3.357958 598.2 3 5 96.3 2.109 0 1 0 
1015.21 72.6 40.505547 -3.357720 598.2 3 5 96.7 1.758 0 1 0 
1016.21 72.5 40.505520 -3.357479 598.7 3 5 97.0 0.703 0 1 0 
1017.23 72.9 40.505508 -3.357245 599.6 3 5 96.7 0.352 0 1 0 
1018.22 71.5 40.505493 -3.357020 599.5 3 5 97.0 0.352 0 1 0 
1019.21 67.3 40.505474 -3.356796 599.6 3 5 96.7 0.352 0 1 0 
1020.23 64.2 40.505459 -3.356589 599.4 3 5 96.7 0.352 0 1 0 
1021.20 61.0 40.505451 -3.356395 599.4 4 5 96.0 0.703 0 1 0 
1022.21 56.3 40.505436 -3.356205 599.3 4 5 96.0 0.703 0 1 0 
1023.21 53.7 40.505417 -3.356025 599.1 4 5 97.4 1.406 0 1 0 
1024.22 51.8 40.505394 -3.355858 598.9 3 5 97.4 1.406 0 1 0 
1025.20 50.7 40.505379 -3.355696 599.8 3 5 98.1 0.703 0 1 0 
1026.20 46.9 40.505360 -3.355532 599.5 3 5 97.7 0 -9 -9 0 
1027.20 43.5 40.505341 -3.355382 599.5 3 5 97.7 0 -9 -9 0 
1028.20 39.6 40.505322 -3.355244 599.5 3 5 98.8 0 -9 -9 0 
1029.20 33.0 40.505299 -3.355126 599.3 3 5 100.5 0 -9 -9 0 
