94.38 1 2 40.499317 -3.376942 20151211160347 
237.50 1 1 40.477600 -3.406494 20151211160610 
246.05 1 1 40.476337 -3.408493 20151211160619 
246.72 1 1 40.476208 -3.408720 20151211160620 
250.49 1 1 40.475830 -3.409394 20151211160623 
256.04 1 2 40.475143 -3.410832 20151211160629 
260.39 1 1 40.474735 -3.411792 20151211160633 
261.32 1 1 40.474640 -3.412029 20151211160634 
263.32 1 1 40.474464 -3.412527 20151211160636 
266.66 1 1 40.474133 -3.413538 20151211160640 
270.26 1 1 40.473888 -3.414329 20151211160643 
273.40 1 1 40.473648 -3.415141 20151211160646 
276.64 1 1 40.473419 -3.416184 20151211160650 
374.89 3 1 40.467617 -3.443354 20151211160828 
403.79 3 1 40.466961 -3.451379 20151211160857 
436.52 3 1 40.467018 -3.460388 20151211160929 
451.10 3 1 40.467209 -3.464623 20151211160944 
465.82 3 1 40.467216 -3.468996 20151211160959 
476.08 3 1 40.467037 -3.471799 20151211161009 
484.55 3 1 40.466778 -3.474003 20151211161018 
494.29 3 1 40.466297 -3.476769 20151211161027 
506.86 1 1 40.465748 -3.480240 20151211161040 
525.95 1 1 40.466702 -3.484666 20151211161059 
534.01 3 1 40.465832 -3.486341 20151211161107 
541.06 1 1 40.464893 -3.487691 20151211161114 
545.38 1 1 40.464256 -3.487879 20151211161118 
547.46 1 1 40.463989 -3.487753 20151211161120 
553.55 1 2 40.463581 -3.486909 20151211161127 
554.02 1 1 40.463608 -3.486744 20151211161127 
557.08 2 1 40.463680 -3.486274 20151211161130 
647.87 2 1 40.466938 -3.462744 20151211161301 
775.84 1 1 40.469501 -3.429806 20151211161509 
783.47 2 1 40.469986 -3.427940 20151211161516 
851.92 2 1 40.474918 -3.410769 20151211161625 
932.89 3 1 40.486652 -3.396525 20151211161746 
933.24 2 1 40.486652 -3.396525 20151211161746 
996.54 2 1 40.495121 -3.384483 20151211161850 
1027.17 1 1 40.498821 -3.377388 20151211161920 

