32.00 -1.0 2 - -1 1 40.506508 -3.360049 1.741 90.6 
32.84 90.0 1 motorway_link 2 1 40.505962 -3.360491 0.585 90.8 
33.78 120.0 1 motorway 3 1 40.505966 -3.360793 0.525 91.2 
34.75 120.0 1 motorway 3 1 40.505955 -3.361100 0.498 91.4 
37.67 120.0 1 motorway 3 1 40.505936 -3.361394 2.418 91.3 
41.49 120.0 1 motorway 3 1 40.505802 -3.362285 3.240 90.5 
44.02 120.0 1 motorway 3 1 40.505589 -3.363419 1.768 90.3 
44.94 120.0 1 motorway 3 1 40.505440 -3.363972 0.689 90.6 
45.88 120.0 1 motorway 3 1 40.505360 -3.364251 0.627 89.9 
47.52 120.0 1 motorway 3 1 40.505280 -3.364522 1.268 89.8 
49.79 120.0 1 motorway 3 1 40.505089 -3.365064 1.536 91.5 
50.88 120.0 1 motorway 3 1 40.504879 -3.365583 0.627 91.8 
52.31 120.0 1 motorway 3 1 40.504761 -3.365842 1.062 91.4 
54.87 120.0 1 motorway 3 1 40.504517 -3.366363 1.621 92.8 
56.82 120.0 1 motorway 3 1 40.504269 -3.366872 1.569 93.5 
58.46 120.0 1 motorway 3 1 40.504013 -3.367389 1.206 93.6 
60.34 120.0 1 motorway 3 1 40.503761 -3.367896 1.087 92.6 
63.78 120.0 1 motorway 3 1 40.503506 -3.368411 2.530 95.3 
65.11 120.0 1 motorway 3 1 40.503120 -3.369224 0.862 95.1 
66.79 120.0 1 motorway 3 1 40.502991 -3.369487 1.543 95.3 
69.93 120.0 1 motorway 3 1 40.502747 -3.370006 2.678 94.9 
72.49 120.0 1 motorway 3 1 40.502357 -3.370777 2.235 94.9 
75.05 120.0 1 motorway 3 1 40.501968 -3.371555 1.794 94.7 
77.30 120.0 1 motorway 3 1 40.501717 -3.372072 2.047 94.3 
82.13 120.0 1 motorway 3 1 40.501339 -3.372835 3.878 93.1 
86.22 120.0 1 motorway 3 1 40.500851 -3.373871 3.969 93.3 
88.46 120.0 1 motorway 3 1 40.500343 -3.374905 2.211 92.6 
91.49 120.0 1 motorway 3 1 40.499958 -3.375657 2.242 92.2 
106.18 120.0 1 motorway 3 1 40.499577 -3.376420 13.929 86.4 
106.69 120.0 1 motorway 3 1 40.497910 -3.379662 0.437 86.9 
108.12 120.0 1 motorway 3 1 40.497784 -3.379903 0.870 87.4 
109.97 120.0 1 motorway 3 1 40.497673 -3.380135 1.719 89.8 
110.80 120.0 1 motorway 3 1 40.497425 -3.380628 0.543 90.3 
112.22 120.0 1 motorway 3 1 40.497295 -3.380883 0.967 91.3 
113.96 120.0 1 motorway 3 1 40.497166 -3.381132 1.707 92.1 
114.73 120.0 1 motorway 3 1 40.496902 -3.381626 0.476 91.9 
115.90 120.0 1 motorway 3 1 40.496777 -3.381876 0.644 92.0 
117.08 120.0 1 motorway 3 1 40.496647 -3.382125 0.833 92.0 
118.98 120.0 1 motorway 3 1 40.496513 -3.382376 1.726 91.9 
120.20 120.0 1 motorway 3 1 40.496262 -3.382870 0.949 92.1 
121.13 120.0 1 motorway 3 1 40.496128 -3.383126 0.877 92.1 
122.09 120.0 1 motorway 3 1 40.496029 -3.383339 0.842 91.6 
123.87 120.0 1 motorway 3 1 40.495865 -3.383623 1.622 90.9 
125.66 120.0 1 motorway 3 1 40.495598 -3.384120 1.410 90.3 
127.28 120.0 1 motorway 3 1 40.495331 -3.384599 1.025 94.6 
129.53 120.0 1 motorway 3 1 40.495064 -3.385063 1.279 86.8 
131.47 120.0 1 motorway 3 1 40.494801 -3.385506 1.221 85.8 
133.73 120.0 1 motorway 3 1 40.494537 -3.385940 1.475 87.0 
134.75 120.0 1 motorway 3 1 40.494270 -3.386370 0.493 87.4 
136.94 120.0 1 motorway 3 1 40.494133 -3.386597 1.683 88.4 
140.39 120.0 1 motorway 3 1 40.493843 -3.387041 3.133 89.4 
142.97 120.0 1 motorway 3 1 40.493240 -3.387936 1.719 88.9 
144.27 120.0 1 motorway 3 1 40.492954 -3.388378 1.018 88.9 
146.55 120.0 1 motorway 3 1 40.492653 -3.388830 1.302 88.5 
150.45 120.0 1 motorway 3 1 40.492367 -3.389227 3.201 85.3 
152.98 120.0 1 motorway 3 1 40.491787 -3.390074 1.730 84.5 
154.53 120.0 1 motorway 3 1 40.491489 -3.390462 1.276 83.8 
156.78 120.0 1 motorway 3 1 40.491192 -3.390880 1.533 82.7 
163.85 120.0 1 motorway 3 1 40.490902 -3.391263 6.595 90.8 
166.39 120.0 1 motorway 3 1 40.489853 -3.392709 2.136 90.5 
169.56 120.0 1 motorway 3 1 40.489399 -3.393346 2.312 88.7 
171.84 120.0 1 motorway 3 1 40.488918 -3.393968 1.585 85.3 
174.39 120.0 1 motorway 3 1 40.488625 -3.394370 2.133 84.7 
178.37 120.0 1 motorway 3 1 40.488174 -3.394971 3.116 84.0 
194.79 120.0 1 motorway 3 1 40.487606 -3.395730 15.542 89.6 
220.09 120.0 1 motorway 3 1 40.484997 -3.398788 24.839 89.6 
221.66 120.0 1 motorway 3 1 40.480503 -3.403220 1.407 89.1 
224.15 120.0 1 motorway 3 1 40.480145 -3.403569 1.888 88.5 
226.50 120.0 1 motorway 3 1 40.479794 -3.403935 2.249 87.8 
229.69 120.0 1 motorway 3 1 40.479275 -3.404452 2.434 90.9 
231.31 120.0 1 motorway 3 1 40.478764 -3.405028 1.057 91.4 
234.80 120.0 1 motorway 3 1 40.478416 -3.405438 2.548 91.1 
240.84 120.0 1 motorway 3 1 40.477928 -3.406069 5.579 92.9 
244.62 120.0 1 motorway 3 1 40.477009 -3.407400 3.372 85.4 
246.32 120.0 1 motorway 3 1 40.476456 -3.408289 1.069 84.3 
248.24 120.0 1 motorway 3 1 40.476208 -3.408721 0.989 83.7 
249.36 120.0 1 motorway 3 1 40.476086 -3.408941 1.114 84.8 
252.10 120.0 1 motorway 3 1 40.475830 -3.409394 1.848 88.0 
254.42 120.0 1 motorway 3 1 40.475590 -3.409873 2.164 86.7 
257.54 120.0 1 motorway 3 1 40.475246 -3.410595 2.283 84.2 
259.21 120.0 1 motorway 3 1 40.474934 -3.411314 0.961 81.8 
264.01 120.0 1 motorway 3 1 40.474827 -3.411553 4.756 83.1 
270.75 120.0 1 motorway 3 1 40.474377 -3.412782 6.498 87.7 
273.11 120.0 1 motorway 3 1 40.473797 -3.414595 1.858 86.3 
274.63 120.0 1 motorway 3 1 40.473648 -3.415141 1.377 87.7 
276.42 120.0 1 motorway 3 1 40.473537 -3.415671 1.164 87.3 
278.66 120.0 1 motorway 3 1 40.473419 -3.416184 1.408 88.2 
280.95 120.0 1 motorway 3 1 40.473289 -3.416753 1.697 88.6 
282.52 120.0 1 motorway 3 1 40.473160 -3.417291 1.263 88.6 
286.12 120.0 1 motorway 3 1 40.473019 -3.417845 2.870 89.7 
287.02 120.0 1 motorway 3 1 40.472813 -3.418673 0.767 90.0 
291.85 120.0 1 motorway 3 1 40.472767 -3.418930 4.593 89.0 
293.67 120.0 1 motorway 3 1 40.472420 -3.420353 1.419 88.0 
296.35 120.0 1 motorway 3 1 40.472263 -3.420911 2.095 87.3 
298.49 120.0 1 motorway 3 1 40.472069 -3.421720 1.231 85.8 
301.35 -1.0 0 construction 1 1 40.471928 -3.422252 2.095 84.5 
303.30 -1.0 0 construction 1 1 40.471718 -3.423031 1.045 85.2 
305.36 -1.0 0 construction 1 1 40.471561 -3.423540 1.111 85.4 
307.81 -1.0 0 construction 1 1 40.471424 -3.424072 1.555 86.9 
310.98 -1.0 0 construction 1 1 40.471275 -3.424609 2.727 87.0 
312.31 -1.0 0 construction 1 1 40.471039 -3.425405 1.056 86.3 
315.20 -1.0 0 construction 1 1 40.470856 -3.425943 1.947 85.5 
317.44 -1.0 0 construction 1 1 40.470688 -3.426460 2.187 84.7 
320.66 -1.0 0 construction 1 1 40.470455 -3.427248 2.406 85.2 
322.25 120.0 1 motorway 3 1 40.470230 -3.428034 0.994 88.5 
325.42 120.0 1 motorway 3 1 40.470181 -3.428304 3.165 89.6 
327.68 120.0 1 motorway 3 1 40.469875 -3.429397 1.433 89.4 
328.69 120.0 1 motorway 3 1 40.469761 -3.429950 0.441 89.4 
329.82 120.0 1 motorway 3 1 40.469692 -3.430229 0.566 88.5 
330.84 120.0 1 motorway 3 1 40.469631 -3.430518 0.593 87.2 
333.86 120.0 1 motorway 3 1 40.469574 -3.430802 2.605 87.2 
335.02 120.0 1 motorway 3 1 40.469418 -3.431649 0.764 88.0 
335.78 120.0 1 motorway 3 1 40.469368 -3.431945 0.528 88.3 
337.42 120.0 1 motorway 3 1 40.469326 -3.432233 1.166 88.5 
338.75 120.0 1 motorway 3 1 40.469234 -3.432802 0.495 86.6 
339.88 120.0 1 motorway 3 1 40.469193 -3.433092 0.625 85.8 
341.09 120.0 1 motorway 3 1 40.469151 -3.433369 0.836 85.6 
342.36 90.0 3 motorway_link 2 1 40.469116 -3.433640 1.107 85.5 
344.87 90.0 3 motorway_link 2 1 40.469036 -3.434202 1.620 85.2 
345.79 90.0 2 motorway_link 2 1 40.468948 -3.434732 0.541 86.2 
347.12 90.0 3 motorway_link 2 1 40.468903 -3.435011 0.872 86.4 
347.84 90.0 2 motorway_link 2 1 40.468861 -3.435291 0.589 87.1 
352.35 120.0 1 motorway 3 1 40.468815 -3.435570 4.097 90.5 
355.12 120.0 1 motorway 3 1 40.468571 -3.436977 1.868 91.7 
356.70 120.0 1 motorway 3 1 40.468468 -3.437553 1.443 93.1 
358.18 120.0 1 motorway 3 1 40.468357 -3.438155 0.930 94.3 
359.26 120.0 1 motorway 3 1 40.468307 -3.438449 1.002 94.0 
364.82 120.0 1 motorway 3 1 40.468197 -3.439033 4.566 90.7 
369.86 120.0 1 motorway 3 1 40.467941 -3.440507 4.607 86.5 
372.45 120.0 1 motorway 3 1 40.467739 -3.441925 2.193 86.4 
375.29 120.0 1 motorway 3 1 40.467667 -3.442788 2.033 88.1 
377.28 120.0 1 motorway 3 1 40.467583 -3.443642 1.024 90.3 
379.07 120.0 1 motorway 3 1 40.467525 -3.444237 0.822 87.6 
384.20 120.0 1 motorway 3 1 40.467499 -3.444522 4.945 83.8 
386.75 120.0 1 motorway 3 1 40.467384 -3.445911 2.503 82.7 
388.29 90.0 3 motorway_link 2 1 40.467335 -3.446729 1.040 82.2 
390.18 90.0 3 motorway_link 2 1 40.467285 -3.447260 0.926 81.9 
390.95 90.0 3 motorway_link 2 1 40.467262 -3.447524 0.700 81.8 
394.13 90.0 3 motorway_link 2 1 40.467236 -3.447790 2.879 82.3 
395.37 90.0 3 motorway_link 2 1 40.467171 -3.448602 1.122 82.6 
397.61 90.0 2 motorway_link 2 1 40.467117 -3.449125 1.360 84.0 
398.85 90.0 3 motorway_link 2 1 40.467068 -3.449677 0.594 84.6 
400.47 90.0 2 motorway_link 2 1 40.467041 -3.449952 1.217 84.9 
402.05 90.0 3 motorway_link 2 1 40.467010 -3.450519 0.796 85.8 
403.84 90.0 2 motorway_link 2 1 40.466991 -3.450798 1.589 87.0 
405.32 90.0 3 motorway_link 2 1 40.466961 -3.451379 1.067 88.2 
406.93 90.0 2 motorway_link 2 1 40.466923 -3.451967 0.675 89.5 
407.89 120.0 1 motorway 3 1 40.466904 -3.452248 0.635 89.9 
410.16 120.0 1 motorway 3 1 40.466881 -3.452546 1.913 91.7 
411.06 120.0 1 motorway 3 1 40.466854 -3.453142 0.809 92.2 
412.37 120.0 1 motorway 3 1 40.466835 -3.453438 1.118 91.3 
413.72 120.0 1 motorway 3 1 40.466827 -3.454018 0.463 89.0 
414.73 120.0 1 motorway 3 1 40.466824 -3.454309 0.477 88.2 
421.86 120.0 1 motorway 3 1 40.466824 -3.454587 6.612 85.3 
423.12 120.0 1 motorway 3 1 40.466846 -3.456543 0.864 85.3 
424.34 120.0 1 motorway 3 1 40.466858 -3.456828 1.085 85.2 
426.46 120.0 1 motorway 3 1 40.466877 -3.457402 1.213 85.4 
428.97 120.0 1 motorway 3 1 40.466900 -3.457963 1.722 84.1 
430.49 120.0 1 motorway 3 1 40.466927 -3.458510 1.234 83.4 
432.02 120.0 1 motorway 3 1 40.466953 -3.459044 0.767 82.3 
433.68 120.0 1 motorway 3 1 40.466965 -3.459314 1.425 81.7 
435.09 120.0 1 motorway 3 1 40.466991 -3.459845 0.836 81.5 
436.42 120.0 1 motorway 3 1 40.467007 -3.460121 1.168 81.6 
438.57 120.0 1 motorway 3 1 40.467030 -3.460652 1.317 82.8 
440.65 120.0 1 motorway 3 1 40.467056 -3.461194 1.399 84.6 
442.58 120.0 1 motorway 3 1 40.467087 -3.461744 1.324 85.3 
444.71 120.0 1 motorway 3 1 40.467110 -3.462294 1.460 87.3 
445.84 120.0 1 motorway 3 1 40.467136 -3.462873 0.587 88.1 
447.11 120.0 1 motorway 3 1 40.467152 -3.463159 0.861 88.5 
448.19 120.0 1 motorway 3 1 40.467167 -3.463442 0.942 88.8 
455.06 120.0 1 motorway 3 1 40.467175 -3.463727 6.804 93.5 
456.49 120.0 1 motorway 3 1 40.467228 -3.465805 1.234 91.9 
458.74 120.0 1 motorway 3 1 40.467236 -3.466396 1.493 88.1 
461.22 120.0 1 motorway 3 1 40.467239 -3.466986 1.970 86.5 
462.91 120.0 1 motorway 3 1 40.467239 -3.467569 1.662 85.9 
464.07 120.0 1 motorway 3 1 40.467236 -3.468140 0.816 86.3 
469.63 120.0 1 motorway 3 1 40.467232 -3.468420 5.376 85.8 
471.24 120.0 1 motorway 3 1 40.467163 -3.470148 0.984 85.0 
472.36 120.0 1 motorway 3 1 40.467148 -3.470415 1.109 84.8 
474.52 120.0 1 motorway 3 1 40.467113 -3.470963 1.265 84.4 
476.36 120.0 1 motorway 3 1 40.467064 -3.471524 1.109 85.4 
497.54 120.0 1 motorway 3 1 40.467010 -3.472083 20.284 86.4 
499.71 80.0 1 primary_link 1 1 40.466084 -3.477863 1.456 86.9 
501.85 80.0 1 primary_link 1 1 40.465992 -3.478427 1.601 84.2 
503.61 80.0 1 primary_link 1 1 40.465916 -3.478965 1.360 82.8 
505.13 80.0 1 primary_link 1 1 40.465824 -3.479479 0.881 79.2 
522.46 80.0 1 primary_link 1 1 40.465790 -3.479726 17.209 74.7 
525.00 70.0 1 primary_link 1 1 40.466747 -3.483903 1.733 79.9 
526.05 70.0 1 primary_link 1 1 40.466732 -3.484416 0.793 78.5 
527.25 70.0 1 primary_link 1 1 40.466702 -3.484667 0.997 76.7 
529.01 70.0 1 primary_link 1 1 40.466553 -3.485161 0.753 75.9 
531.14 70.0 1 primary_link 1 1 40.466465 -3.485364 1.884 78.0 
538.86 70.0 1 primary_link 1 1 40.466232 -3.485762 7.604 80.5 
540.19 50.0 1 primary 1 1 40.465168 -3.487360 0.940 78.6 
541.48 50.0 1 primary 1 1 40.465042 -3.487540 1.231 73.9 
544.16 50.0 1 primary 1 1 40.464737 -3.487812 1.906 64.9 
545.29 50.0 1 primary 1 1 40.464420 -3.487894 1.032 61.6 
548.24 50.0 1 primary 1 1 40.464115 -3.487832 1.993 56.5 
550.31 50.0 1 primary 1 1 40.463871 -3.487650 2.054 55.0 
552.85 50.0 1 primary 1 1 40.463646 -3.487216 1.596 49.0 
562.28 100.0 3 primary 1 1 40.463680 -3.486273 5.024 67.3 
564.34 90.0 1 motorway_link 1 1 40.464050 -3.485190 1.086 73.4 
567.72 90.0 1 motorway_link 1 1 40.464161 -3.484715 2.470 70.3 
569.74 90.0 1 motorway_link 1 1 40.464321 -3.484063 1.492 69.9 
571.57 90.0 1 motorway_link 1 1 40.464424 -3.483618 1.319 70.1 
573.22 90.0 1 motorway_link 1 1 40.464523 -3.483186 0.973 69.8 
574.36 90.0 1 motorway_link 1 1 40.464565 -3.482959 1.112 69.5 
576.61 90.0 1 motorway_link 1 1 40.464664 -3.482521 1.360 71.5 
579.38 90.0 1 motorway_link 1 1 40.464756 -3.482059 2.133 72.7 
581.39 90.0 1 motorway_link 1 1 40.464912 -3.481362 1.141 74.9 
583.19 90.0 1 motorway_link 1 1 40.465046 -3.480882 0.938 76.5 
584.08 90.0 1 motorway_link 1 1 40.465111 -3.480648 0.834 77.5 
584.90 90.0 1 motorway_link 1 1 40.465172 -3.480411 0.650 77.9 
586.18 90.0 1 motorway_link 1 1 40.465244 -3.480169 0.936 78.8 
586.80 90.0 1 motorway_link 1 1 40.465298 -3.479932 0.548 79.1 
587.89 90.0 1 motorway_link 1 1 40.465363 -3.479688 0.641 79.2 
589.71 90.0 1 motorway_link 1 1 40.465424 -3.479446 1.462 80.8 
591.14 90.0 1 motorway_link 1 1 40.465546 -3.478938 0.895 82.5 
591.99 90.0 1 motorway_link 1 1 40.465607 -3.478674 0.745 81.0 
593.02 90.0 1 motorway_link 1 1 40.465672 -3.478440 0.769 84.0 
594.01 90.0 1 motorway_link 1 1 40.465729 -3.478157 0.763 85.0 
595.80 90.0 1 motorway_link 1 1 40.465790 -3.477892 1.545 86.0 
597.70 90.0 1 motorway_link 1 1 40.465904 -3.477345 1.443 86.8 
600.78 120.0 1 motorway 4 1 40.466011 -3.476801 2.533 87.7 
603.07 120.0 1 motorway 4 1 40.466171 -3.475969 1.824 88.1 
605.63 120.0 1 motorway 4 1 40.466270 -3.475402 2.383 88.9 
607.53 120.0 1 motorway 4 1 40.466431 -3.474518 1.279 88.7 
609.77 120.0 1 motorway 4 1 40.466518 -3.473978 1.526 88.2 
611.77 120.0 1 motorway 4 1 40.466602 -3.473397 1.526 88.3 
614.59 120.0 1 motorway 4 1 40.466671 -3.472835 2.345 87.3 
616.34 120.0 1 motorway 4 1 40.466766 -3.471978 1.089 84.9 
618.20 120.0 1 motorway 4 1 40.466827 -3.471423 0.947 85.9 
619.51 120.0 1 motorway 4 1 40.466850 -3.471144 1.254 85.9 
626.68 120.0 1 motorway 4 1 40.466892 -3.470593 6.427 88.1 
628.85 120.0 1 motorway 3 1 40.467018 -3.468613 1.600 89.6 
630.38 120.0 1 motorway 3 1 40.467010 -3.468004 1.136 89.7 
632.93 120.0 1 motorway 3 1 40.467030 -3.467416 1.675 87.5 
633.98 120.0 1 motorway 3 1 40.467026 -3.466838 0.732 86.5 
641.68 120.0 1 motorway 3 1 40.467018 -3.466538 7.429 82.5 
643.51 120.0 1 motorway 3 1 40.466980 -3.464354 1.263 81.8 
645.14 120.0 1 motorway 3 1 40.466965 -3.463827 0.895 82.5 
646.34 120.0 1 motorway 3 1 40.466957 -3.463554 1.090 81.5 
648.69 120.0 1 motorway 3 1 40.466946 -3.463026 1.442 81.5 
651.56 120.0 1 motorway 3 1 40.466923 -3.462483 2.311 81.0 
653.61 120.0 1 motorway 3 1 40.466869 -3.461706 1.355 79.5 
656.78 120.0 1 motorway 3 1 40.466831 -3.461185 2.530 77.3 
659.86 120.0 1 motorway 3 1 40.466801 -3.460428 2.603 78.2 
661.29 120.0 1 motorway 3 1 40.466778 -3.459679 1.041 78.0 
662.82 120.0 1 motorway 3 1 40.466743 -3.459158 0.576 82.2 
672.97 120.0 1 motorway 3 1 40.466728 -3.458887 9.718 80.2 
676.14 120.0 1 motorway 3 1 40.466606 -3.456104 2.886 78.4 
676.99 120.0 1 motorway 3 1 40.466595 -3.455331 0.745 77.1 
680.88 120.0 1 motorway 3 1 40.466602 -3.455094 3.629 76.6 
683.61 120.0 1 motorway 3 1 40.466591 -3.454068 2.361 79.2 
711.75 120.0 1 motorway 3 1 40.466614 -3.453264 27.501 78.9 
713.92 120.0 1 motorway 3 1 40.467083 -3.446251 1.665 78.6 
715.47 120.0 1 motorway 3 1 40.467121 -3.445739 1.215 78.8 
718.46 120.0 1 motorway 3 1 40.467163 -3.445231 2.204 79.4 
721.90 120.0 1 motorway 3 1 40.467220 -3.444462 2.646 79.7 
736.10 120.0 1 motorway 3 1 40.467281 -3.443683 13.851 82.1 
738.19 120.0 1 motorway 3 1 40.467724 -3.440006 1.944 83.3 
742.29 120.0 1 motorway 3 1 40.467815 -3.439474 4.031 82.9 
752.03 120.0 1 motorway 3 1 40.468075 -3.438165 8.777 75.1 
767.23 120.0 1 motorway 3 1 40.468464 -3.435858 14.980 81.7 
771.37 120.0 1 motorway 3 1 40.469032 -3.432194 4.118 81.0 
773.16 120.0 1 motorway 3 1 40.469288 -3.430902 0.907 84.2 
774.85 120.0 1 motorway 3 1 40.469334 -3.430622 1.601 86.2 
777.82 120.0 1 motorway 3 1 40.469444 -3.430085 2.570 86.7 
780.19 120.0 1 motorway 3 1 40.469662 -3.429266 1.942 85.8 
781.81 120.0 1 motorway 3 1 40.469791 -3.428744 1.566 85.0 
783.56 120.0 1 motorway 3 1 40.469913 -3.428208 1.312 85.0 
785.40 120.0 1 motorway 3 1 40.470062 -3.427671 1.150 85.5 
789.09 120.0 1 motorway 3 1 40.470222 -3.427146 2.836 84.7 
790.22 120.0 1 motorway 3 1 40.470459 -3.426358 0.975 85.1 
793.31 120.0 1 motorway 3 1 40.470528 -3.426095 3.057 83.2 
795.97 120.0 1 motorway 3 1 40.470825 -3.425110 1.726 80.4 
797.58 120.0 1 motorway 3 1 40.470993 -3.424632 1.333 79.5 
799.84 120.0 1 motorway 3 1 40.471138 -3.424157 1.589 80.3 
807.11 120.0 1 motorway 3 1 40.471264 -3.423661 6.867 79.2 
808.03 120.0 1 motorway 3 1 40.471756 -3.421906 0.778 79.6 
809.37 120.0 1 motorway 3 1 40.471828 -3.421656 1.123 79.6 
812.64 120.0 1 motorway 3 1 40.471966 -3.421142 2.386 81.2 
815.92 120.0 1 motorway 3 1 40.472145 -3.420403 2.670 79.6 
816.95 120.0 1 motorway 3 1 40.472324 -3.419676 0.696 79.7 
822.16 120.0 1 motorway 3 1 40.472397 -3.419441 4.914 80.3 
825.04 120.0 1 motorway 3 1 40.472729 -3.418191 2.787 81.4 
826.87 120.0 1 motorway 3 1 40.472916 -3.417431 1.624 80.9 
828.20 120.0 1 motorway 3 1 40.473034 -3.416937 0.951 80.8 
830.88 120.0 1 motorway 3 1 40.473106 -3.416691 2.624 81.7 
831.99 120.0 1 motorway 3 1 40.473297 -3.415908 0.740 81.9 
833.42 120.0 1 motorway 3 1 40.473354 -3.415654 1.175 81.6 
835.27 120.0 1 motorway 3 1 40.473476 -3.415166 1.018 82.9 
838.65 120.0 1 motorway 3 1 40.473598 -3.414650 2.398 81.9 
840.49 120.0 1 motorway 3 1 40.473812 -3.413887 1.241 81.3 
842.04 120.0 1 motorway 3 1 40.473949 -3.413424 0.789 82.3 
843.40 120.0 1 motorway 3 1 40.474030 -3.413177 1.151 83.2 
846.84 120.0 1 motorway 3 1 40.474209 -3.412658 2.594 81.7 
848.37 120.0 1 motorway 3 1 40.474464 -3.411935 1.126 80.9 
850.68 120.0 1 motorway 3 1 40.474648 -3.411461 1.427 79.3 
851.86 120.0 1 motorway 3 1 40.474823 -3.411006 0.610 80.1 
853.40 120.0 1 motorway 3 1 40.474918 -3.410769 1.152 80.2 
855.89 120.0 1 motorway 3 1 40.475117 -3.410316 1.644 78.4 
856.78 120.0 1 motorway 3 1 40.475315 -3.409870 0.535 79.8 
868.14 120.0 1 motorway 3 1 40.475422 -3.409645 10.892 79.2 
869.57 120.0 1 motorway 3 1 40.476765 -3.407283 1.321 78.2 
871.85 120.0 1 motorway 3 1 40.477016 -3.406891 1.601 79.6 
874.11 120.0 1 motorway 3 1 40.477283 -3.406521 1.856 79.7 
935.35 -1.0 -1 - -1 -1 40.477547 -3.406137 61.100 79.4 
938.37 120.0 1 motorway 3 1 40.487087 -3.396004 2.120 79.6 
940.15 120.0 1 motorway 3 1 40.487518 -3.395455 0.897 78.2 
942.07 120.0 1 motorway 3 1 40.487652 -3.395275 1.819 78.6 
943.61 120.0 1 motorway 3 1 40.487930 -3.394910 1.360 77.5 
946.43 120.0 1 motorway 3 1 40.488201 -3.394538 2.171 80.0 
949.71 120.0 1 motorway 3 1 40.488632 -3.393998 2.459 80.0 
956.62 120.0 1 motorway 3 1 40.489040 -3.393434 6.377 74.5 
960.22 120.0 1 motorway 3 1 40.489971 -3.392156 2.973 73.9 
965.62 120.0 1 motorway 3 1 40.490356 -3.391625 5.363 75.1 
972.30 120.0 1 motorway 3 1 40.491135 -3.390581 6.056 80.0 
982.65 120.0 1 motorway 3 1 40.492065 -3.389285 9.398 85.0 
984.46 120.0 1 motorway 3 1 40.493431 -3.387239 1.217 81.8 
987.77 120.0 1 motorway 3 1 40.493706 -3.386834 2.524 83.2 
989.02 120.0 1 motorway 3 1 40.494099 -3.386209 0.772 83.8 
990.61 120.0 1 motorway 3 1 40.494228 -3.385999 1.362 83.2 
991.84 120.0 1 motorway 3 1 40.494480 -3.385560 0.587 83.3 
993.19 120.0 1 motorway 3 1 40.494606 -3.385347 0.939 83.4 
994.91 120.0 1 motorway 3 1 40.494736 -3.385135 1.660 84.7 
996.55 120.0 1 motorway 3 1 40.494995 -3.384691 1.301 83.8 
998.09 120.0 1 motorway 3 1 40.495247 -3.384261 0.840 84.8 
999.42 120.0 1 motorway 3 1 40.495373 -3.384046 1.167 83.9 
1002.04 120.0 1 motorway 3 1 40.495617 -3.383621 1.787 81.1 
1004.23 120.0 1 motorway 3 1 40.495857 -3.383175 1.974 80.5 
1005.15 120.0 1 motorway 3 1 40.496082 -3.382725 0.905 82.0 
1005.76 120.0 1 motorway 3 1 40.496189 -3.382487 0.509 82.0 
1008.32 120.0 1 motorway 3 1 40.496319 -3.382278 2.066 83.2 
1009.76 120.0 1 motorway 3 1 40.496677 -3.381587 0.499 84.9 
1011.63 120.0 1 motorway 3 1 40.496792 -3.381357 1.379 84.0 
1012.83 120.0 1 motorway 3 1 40.497005 -3.380882 0.582 86.2 
1013.69 120.0 1 motorway 3 1 40.497120 -3.380651 0.437 86.7 
1014.82 120.0 1 motorway 3 1 40.497246 -3.380415 0.567 86.8 
1015.94 120.0 1 motorway 3 1 40.497372 -3.380179 0.688 86.0 
1019.01 120.0 1 motorway 3 1 40.497505 -3.379947 2.765 84.3 
1020.24 120.0 1 motorway 3 1 40.497841 -3.379261 0.990 84.0 
1021.55 120.0 1 motorway 3 1 40.497963 -3.379036 1.302 83.4 
1023.10 120.0 1 motorway 3 1 40.498184 -3.378583 0.854 85.2 
1025.02 120.0 1 motorway 3 1 40.498322 -3.378337 1.764 86.3 
1025.94 120.0 1 motorway 3 1 40.498573 -3.377858 0.687 86.1 
1026.96 120.0 1 motorway 3 1 40.498703 -3.377629 0.713 84.7 
1028.20 120.0 1 motorway 3 1 40.498821 -3.377388 0.950 81.8 
1032.08 120.0 1 motorway 3 1 40.498920 -3.377157 3.833 78.9 
1032.91 120.0 1 motorway 3 1 40.499355 -3.376295 0.658 80.5 
1033.84 120.0 1 motorway 3 1 40.499466 -3.376079 0.593 81.8 
1034.85 120.0 1 motorway 3 1 40.499580 -3.375856 0.606 83.8 
1036.40 120.0 1 motorway 3 1 40.499691 -3.375636 1.148 84.6 
1038.43 120.0 1 motorway 3 1 40.499924 -3.375180 1.183 83.1 
1039.76 120.0 1 motorway 3 1 40.500153 -3.374718 0.512 85.5 
1041.78 120.0 1 motorway 3 1 40.500282 -3.374482 1.533 85.2 
1044.17 120.0 1 motorway 3 1 40.500515 -3.374014 1.916 85.6 
1045.51 120.0 1 motorway 3 1 40.500740 -3.373547 1.267 84.6 
1047.34 120.0 1 motorway 3 1 40.500961 -3.373081 1.090 84.7 
1049.92 120.0 1 motorway 3 1 40.501194 -3.372610 1.675 82.7 
1051.26 120.0 1 motorway 3 1 40.501415 -3.372143 1.014 81.6 
1053.48 120.0 1 motorway 3 1 40.501644 -3.371673 1.234 78.7 
1056.35 120.0 1 motorway 3 1 40.501858 -3.371233 2.103 76.8 
1058.76 120.0 1 motorway 3 1 40.502171 -3.370615 1.512 80.6 
1060.16 120.0 1 motorway 4 2 40.502377 -3.370154 0.906 81.4 
1061.16 120.0 1 motorway 4 1 40.502472 -3.369918 0.910 81.4 
1062.73 120.0 1 motorway 4 1 40.502567 -3.369688 1.482 79.4 
1064.84 120.0 1 motorway 4 1 40.502758 -3.369232 1.594 79.0 
1065.87 120.0 1 motorway 4 1 40.502964 -3.368794 0.623 78.9 
1066.91 120.0 1 motorway 4 1 40.503071 -3.368559 0.661 78.7 
1067.82 120.0 1 motorway 4 1 40.503170 -3.368344 0.571 78.4 
1068.99 120.0 1 motorway 4 1 40.503281 -3.368123 0.744 78.1 
1071.91 120.0 1 motorway 4 1 40.503372 -3.367903 2.668 78.6 
1073.66 120.0 1 motorway 4 1 40.503681 -3.367251 1.414 78.3 
1075.19 120.0 1 motorway 4 1 40.503891 -3.366818 0.948 78.3 
1076.67 120.0 1 motorway 4 1 40.503990 -3.366599 1.428 78.4 
1078.37 120.0 1 motorway 4 1 40.504200 -3.366159 1.120 78.4 
1079.80 120.0 1 motorway 4 1 40.504410 -3.365716 0.551 79.7 
1080.92 120.0 1 motorway 4 1 40.504505 -3.365502 0.679 80.5 
1081.84 120.0 1 motorway 4 1 40.504604 -3.365255 0.599 80.8 
1083.48 120.0 1 motorway 4 1 40.504688 -3.365035 1.237 81.6 
1085.02 120.0 1 motorway 4 1 40.504856 -3.364548 0.773 82.7 
1088.00 120.0 1 motorway 4 1 40.504940 -3.364297 2.750 84.2 
1089.84 120.0 1 motorway 4 1 40.505184 -3.363528 1.592 85.5 
1091.18 120.0 1 motorway 4 1 40.505322 -3.363011 0.930 85.2 
1092.10 120.0 1 motorway 4 1 40.505367 -3.362798 0.849 86.1 
1093.80 120.0 1 motorway 3 1 40.505447 -3.362472 1.550 86.6 
1095.71 120.0 1 motorway 3 1 40.505531 -3.361920 1.467 85.3 
1097.71 120.0 1 motorway 3 1 40.505604 -3.361364 1.454 83.1 
1099.80 120.0 1 motorway 3 1 40.505634 -3.360812 1.555 82.8 
1102.03 90.0 3 motorway_link 1 1 40.505646 -3.360268 1.781 81.5 
1104.17 90.0 1 motorway_link 2 1 40.505642 -3.359718 1.926 80.2 
1106.85 90.0 1 motorway_link 2 1 40.505653 -3.359202 2.605 80.3 
1107.86 90.0 1 motorway_link 2 1 40.505627 -3.358413 0.610 79.5 
1110.69 90.0 1 motorway_link 2 1 40.505608 -3.358153 2.442 77.2 
1112.88 90.0 1 motorway_link 2 1 40.505543 -3.357381 1.632 76.4 
1114.20 90.0 1 motorway_link 2 1 40.505489 -3.356910 0.957 75.7 
1116.49 90.0 1 motorway_link 2 1 40.505463 -3.356668 2.241 72.6 
