28.27 0.0 40.507793 -3.352588 606.8 15 398 -1 -1 -9 -9 0 
29.28 0.0 40.507793 -3.352588 606.8 15 398 -1 -1 -9 -9 0 
30.34 89.7 40.506508 -3.360048 677.9 64 30 270.7 89.297 0 0 0 
31.27 90.4 40.506001 -3.360175 607.5 8 10 269.3 1.406 0 0 0 
32.26 90.6 40.505962 -3.360490 601.6 8 5 268.9 1.758 0 0 0 
33.27 90.8 40.505966 -3.360793 601.8 6 5 266.7 2.642 0 0 0 
34.30 91.2 40.505955 -3.361100 602.5 6 5 263.8 5.098 0 0 0 
35.27 91.4 40.505936 -3.361394 603.6 6 5 263.8 2.808 2 0 0 
36.27 91.5 40.505894 -3.361687 601.7 6 5 260.8 2.997 1 0 0 
37.29 91.4 40.505856 -3.361985 599.9 6 5 260.3 3.574 1 0 0 
38.28 91.3 40.505802 -3.362285 600.3 6 5 259.0 1.845 0 0 0 
39.27 91.2 40.505760 -3.362566 601.3 6 5 258.2 2.084 1 0 0 
40.28 90.8 40.505711 -3.362849 602.1 4 5 254.3 4.700 1 0 0 
41.29 90.5 40.505653 -3.363134 603.0 4 5 254.3 3.883 2 3 0 
42.34 90.4 40.505589 -3.363419 603.7 4 5 253.5 0.809 2 4 0 
43.27 89.8 40.505524 -3.363703 604.5 4 5 250.2 4.104 2 4 0 
44.31 90.3 40.505440 -3.363971 604.6 6 5 249.6 3.897 2 4 0 
45.27 90.6 40.505360 -3.364251 605.3 6 5 248.6 1.626 1 4 0 
46.26 89.9 40.505280 -3.364522 605.4 6 5 246.6 2.954 1 5 1 
47.26 89.8 40.505196 -3.364794 605.4 6 5 245.5 3.067 1 5 1 
48.29 91.0 40.505089 -3.365064 605.0 4 5 243.3 3.384 2 5 1 
49.26 91.2 40.504986 -3.365339 605.1 4 5 242.0 3.533 2 5 1 
50.30 91.5 40.504879 -3.365583 604.9 4 5 241.7 1.561 0 5 1 
51.26 91.8 40.504761 -3.365842 605.5 4 5 240.3 1.720 1 5 1 
52.28 91.4 40.504639 -3.366102 605.7 4 5 238.9 2.802 1 5 1 
53.30 92.4 40.504517 -3.366363 606.3 4 5 238.2 2.042 1 5 1 
54.31 92.6 40.504398 -3.366614 606.9 4 5 238.2 0.684 1 6 1 
55.26 92.8 40.504269 -3.366872 606.7 4 5 238.2 0 1 6 1 
56.26 93.1 40.504139 -3.367132 606.6 3 5 236.6 1.638 1 6 1 
57.28 93.5 40.504013 -3.367389 606.5 3 5 236.5 1.667 1 6 1 
58.29 93.6 40.503887 -3.367642 606.2 3 5 236.5 0.028 1 6 1 
59.29 93.6 40.503761 -3.367896 608.4 3 5 236.5 0 1 6 1 
60.28 92.6 40.503639 -3.368139 607.1 4 5 237.7 1.199 0 6 1 
61.28 97.0 40.503506 -3.368411 605.3 4 5 237.5 0.959 0 6 1 
62.26 94.7 40.503384 -3.368670 605.3 4 5 237.5 0.240 0 6 1 
63.25 95.7 40.503246 -3.368954 605.1 4 5 237.5 0 0 6 1 
64.26 95.3 40.503120 -3.369224 605.3 4 5 237.5 0 0 5 1 
65.26 95.1 40.502991 -3.369487 605.2 4 5 236.7 0.765 0 5 1 
66.32 95.0 40.502861 -3.369754 604.9 4 5 237.0 0.496 1 5 1 
67.28 95.3 40.502747 -3.370005 605.0 4 5 237.0 0.270 2 5 1 
68.27 95.2 40.502617 -3.370268 605.0 4 5 237.0 0 2 5 1 
69.26 95.1 40.502487 -3.370531 604.8 4 5 237.4 0.365 1 6 1 
70.26 94.9 40.502357 -3.370776 604.8 4 5 236.2 1.125 0 6 1 
71.26 95.0 40.502228 -3.371032 604.7 4 5 236.6 0.773 0 5 1 
72.26 94.9 40.502098 -3.371296 604.3 4 5 237.0 0.703 0 5 1 
73.27 95.1 40.501968 -3.371555 603.9 4 5 237.0 0.352 0 5 1 
74.26 95.1 40.501850 -3.371809 603.7 4 5 237.0 0 0 5 1 
75.27 94.7 40.501717 -3.372072 603.7 4 5 237.0 0 1 5 1 
76.28 94.6 40.501587 -3.372321 603.4 4 5 237.0 0 1 5 1 
77.30 94.3 40.501469 -3.372579 603.6 4 5 236.6 0.352 2 5 1 
78.28 94.1 40.501339 -3.372835 603.3 4 5 237.0 0.352 2 5 1 
79.27 94.7 40.501213 -3.373094 603.0 4 5 237.3 0.703 2 5 1 
80.26 93.7 40.501091 -3.373355 603.0 4 5 238.0 1.055 1 5 1 
81.29 94.5 40.500965 -3.373618 603.0 4 5 238.0 0.703 0 5 1 
82.28 93.1 40.500851 -3.373871 602.7 4 5 237.7 0.352 0 5 1 
83.27 93.3 40.500721 -3.374130 602.4 4 5 237.0 1.055 0 5 1 
84.27 93.0 40.500591 -3.374394 602.4 4 5 237.3 0.352 0 5 1 
85.33 93.9 40.500469 -3.374652 602.1 4 5 237.3 0.352 0 5 1 
86.27 93.3 40.500343 -3.374905 601.7 4 5 237.3 0 0 5 1 
87.27 93.6 40.500210 -3.375167 601.6 4 5 237.3 0 0 5 1 
88.28 92.6 40.500084 -3.375414 601.0 4 5 237.0 0.352 0 5 1 
89.31 92.4 40.499958 -3.375657 601.0 4 5 236.2 1.055 0 5 1 
90.26 92.9 40.499828 -3.375917 600.5 4 5 237.0 0.703 0 5 1 
91.27 92.2 40.499702 -3.376163 600.5 4 5 237.3 1.055 1 5 1 
92.27 92.0 40.499577 -3.376419 600.8 4 5 237.3 0.352 2 5 1 
93.27 92.8 40.499443 -3.376678 600.3 4 5 237.0 0.352 2 5 1 
94.27 91.7 40.499317 -3.376942 599.8 4 5 237.0 0.352 2 5 1 
95.36 87.7 40.499195 -3.377183 599.6 4 5 236.2 0.703 0 5 1 
96.28 86.1 40.499073 -3.377423 599.0 4 5 233.8 3.164 0 5 1 
97.27 84.6 40.498951 -3.377643 598.9 4 5 235.2 1.406 1 5 1 
98.27 83.6 40.498840 -3.377853 598.4 4 5 235.9 2.109 0 5 1 
99.27 83.4 40.498726 -3.378078 598.2 4 5 236.2 1.055 0 5 1 
100.27 82.7 40.498619 -3.378301 598.0 4 5 235.9 0.352 0 5 1 
101.25 82.8 40.498501 -3.378536 598.1 4 5 236.2 0.352 0 5 1 
102.27 83.3 40.498383 -3.378764 598.4 4 5 236.2 0.352 0 5 1 
103.27 83.8 40.498264 -3.378985 598.3 4 5 236.2 0 0 4 0 
104.27 84.3 40.498146 -3.379208 598.2 4 5 236.2 0 0 4 0 
105.25 85.1 40.498028 -3.379428 598.5 4 5 235.9 0.352 0 4 0 
106.26 86.4 40.497910 -3.379662 597.7 4 5 235.9 0.352 0 4 0 
107.28 86.9 40.497784 -3.379903 598.0 3 5 235.9 0 0 4 0 
108.28 87.4 40.497673 -3.380135 597.8 4 5 237.0 1.055 0 4 0 
109.28 89.0 40.497551 -3.380385 598.3 3 5 236.2 0.703 0 3 0 
110.26 89.8 40.497425 -3.380628 597.7 3 5 236.2 0.703 0 3 0 
111.28 90.3 40.497295 -3.380883 597.7 4 5 237.3 1.055 0 3 0 
112.27 91.3 40.497166 -3.381132 597.5 4 5 236.2 1.055 0 3 0 
113.31 92.1 40.497036 -3.381374 597.5 4 5 235.9 1.406 0 3 0 
114.29 92.1 40.496902 -3.381626 597.4 4 5 235.9 0.352 1 3 0 
115.28 91.9 40.496777 -3.381875 597.3 4 5 235.9 0 1 3 0 
116.26 92.0 40.496647 -3.382125 597.2 3 5 235.5 0.352 1 3 0 
117.31 92.0 40.496513 -3.382375 597.2 3 5 235.9 0.352 1 3 0 
118.28 91.8 40.496391 -3.382619 597.0 3 5 235.9 0.352 1 3 0 
119.28 91.9 40.496262 -3.382870 597.1 3 5 236.2 0.352 0 3 0 
120.27 92.1 40.496128 -3.383126 597.7 3 5 235.9 0.352 0 3 0 
121.25 92.1 40.496029 -3.383339 597.5 3 5 235.2 1.003 0 3 0 
122.26 91.6 40.495865 -3.383622 597.5 3 5 235.2 0.703 1 3 0 
123.26 91.3 40.495731 -3.383869 597.4 3 5 234.5 0.755 2 3 0 
124.33 90.9 40.495598 -3.384120 597.2 3 5 234.5 0.703 2 3 0 
125.28 90.3 40.495464 -3.384361 597.7 4 5 233.4 1.055 2 3 0 
126.27 90.3 40.495331 -3.384599 598.6 4 5 233.4 1.055 0 3 0 
127.25 94.6 40.495186 -3.384857 599.0 4 5 234.1 0.703 0 3 0 
128.26 87.0 40.495064 -3.385063 598.3 4 5 232.7 1.406 0 3 0 
129.26 86.8 40.494934 -3.385285 597.6 4 5 233.1 1.055 0 3 0 
130.26 85.9 40.494801 -3.385506 597.4 4 5 232.0 1.055 0 3 0 
131.27 85.8 40.494667 -3.385724 597.5 4 5 231.3 1.758 0 3 0 
132.30 83.0 40.494537 -3.385940 597.4 4 5 230.6 1.406 0 3 0 
133.26 85.4 40.494408 -3.386157 597.6 4 5 231.0 0.352 0 3 0 
134.27 87.0 40.494270 -3.386370 597.4 4 5 230.6 0.352 0 3 0 
135.26 87.4 40.494133 -3.386597 597.6 4 5 230.3 0.703 0 3 0 
136.30 88.0 40.493988 -3.386816 597.5 6 5 229.6 1.055 1 3 0 
137.27 88.4 40.493843 -3.387040 598.0 6 5 229.6 0.703 1 3 0 
138.26 89.2 40.493690 -3.387256 597.9 6 5 229.9 0.352 2 3 0 
139.26 89.1 40.493534 -3.387475 597.6 6 5 229.6 0.352 1 3 0 
140.32 89.4 40.493385 -3.387707 597.6 6 5 229.6 0.352 1 2 0 
141.28 89.6 40.493240 -3.387936 597.7 6 5 229.6 0 1 3 0 
142.28 88.5 40.493103 -3.388140 597.5 6 5 228.9 0.703 0 3 0 
143.26 88.9 40.492954 -3.388378 597.3 6 5 228.5 1.055 0 3 0 
144.26 88.9 40.492809 -3.388597 597.2 6 10 228.5 0.352 0 3 0 
145.27 89.7 40.492653 -3.388830 597.4 6 10 228.5 0 0 3 0 
146.27 88.5 40.492519 -3.389026 597.1 6 10 227.8 0.703 0 3 0 
147.27 88.1 40.492367 -3.389226 597.1 6 10 227.8 0.703 0 3 0 
148.27 87.2 40.492218 -3.389433 597.0 6 10 227.8 0 0 3 0 
149.27 85.8 40.492081 -3.389657 596.6 6 5 227.5 0.352 0 3 0 
150.25 85.3 40.491932 -3.389871 596.4 6 5 226.8 1.055 0 3 0 
151.27 85.3 40.491787 -3.390074 596.2 6 5 226.8 0.703 0 3 0 
152.30 84.7 40.491631 -3.390271 596.0 6 5 226.1 0.703 0 2 0 
153.28 84.5 40.491489 -3.390462 596.0 6 5 226.4 0.352 0 2 0 
154.34 83.8 40.491341 -3.390652 595.8 6 5 226.1 0.352 0 2 0 
155.31 84.3 40.491192 -3.390879 595.9 6 5 226.1 0.352 0 2 0 
156.26 81.4 40.491051 -3.391060 595.6 6 5 225.7 0.352 0 2 0 
157.27 82.7 40.490902 -3.391263 595.6 6 5 224.6 1.406 0 2 0 
158.25 84.2 40.490761 -3.391444 595.7 6 5 225.0 0.703 1 2 0 
159.29 86.1 40.490608 -3.391651 595.5 6 5 225.4 0.703 2 2 0 
160.25 87.5 40.490456 -3.391865 595.5 6 5 225.4 0.352 2 2 0 
161.27 88.8 40.490307 -3.392066 595.9 6 5 226.1 0.703 2 2 0 
162.32 89.9 40.490162 -3.392267 595.8 6 5 227.1 1.758 0 3 0 
163.25 89.9 40.490005 -3.392484 595.7 6 5 227.5 1.406 0 3 0 
164.34 90.8 40.489853 -3.392709 595.8 6 5 226.8 0.703 0 3 0 
165.30 91.1 40.489697 -3.392924 595.6 6 5 227.1 0.352 0 3 0 
166.27 90.5 40.489555 -3.393131 595.7 6 5 226.8 0.352 1 3 0 
167.33 89.6 40.489399 -3.393346 595.4 6 5 226.8 0.352 2 3 0 
168.28 89.7 40.489239 -3.393553 595.1 6 5 226.4 0.352 2 3 0 
169.28 88.7 40.489075 -3.393775 595.0 6 5 225.7 1.055 1 3 0 
170.28 86.8 40.488918 -3.393968 594.7 6 5 225.7 0.703 1 3 0 
171.26 85.9 40.488766 -3.394170 594.5 6 5 226.1 0.352 0 3 0 
172.28 85.3 40.488625 -3.394370 594.3 6 5 226.1 0.352 0 3 0 
173.25 85.5 40.488472 -3.394592 594.2 6 5 226.1 0 0 3 0 
174.28 84.7 40.488327 -3.394767 594.1 6 5 225.7 0.352 0 3 0 
175.28 84.9 40.488174 -3.394970 593.8 6 5 225.7 0.352 0 3 0 
176.26 84.8 40.488037 -3.395162 593.8 6 5 226.1 0.352 0 3 0 
177.30 84.9 40.487888 -3.395368 593.7 6 5 226.1 0.352 0 3 0 
178.28 84.0 40.487766 -3.395523 593.7 6 5 225.7 0.352 0 3 0 
179.25 84.6 40.487606 -3.395730 593.5 6 5 225.4 0.703 0 3 0 
180.31 84.9 40.487457 -3.395913 593.5 6 5 225.0 0.703 0 3 0 
181.29 84.9 40.487312 -3.396105 593.8 6 5 224.6 0.703 0 3 0 
182.25 82.9 40.487167 -3.396285 593.7 6 5 223.6 1.406 0 3 0 
183.25 84.7 40.487019 -3.396482 593.6 6 5 223.2 1.406 0 2 0 
184.25 85.0 40.486855 -3.396686 593.5 6 5 222.9 0.703 0 2 0 
185.26 85.5 40.486687 -3.396881 593.9 6 5 222.2 1.055 0 2 0 
186.25 86.1 40.486530 -3.397098 593.8 6 5 222.5 0.352 0 2 0 
187.26 86.5 40.486359 -3.397285 593.8 6 5 221.5 1.055 0 2 0 
188.29 87.3 40.486191 -3.397479 593.9 6 5 221.5 1.055 0 2 0 
189.26 87.9 40.486027 -3.397671 594.3 6 5 221.1 0.352 0 2 0 
190.28 88.3 40.485863 -3.397859 594.8 6 5 220.4 1.055 0 2 0 
191.28 89.2 40.485695 -3.398046 594.2 6 5 220.1 1.055 0 2 0 
192.26 89.7 40.485516 -3.398233 594.1 6 5 219.4 1.055 0 2 0 
193.27 89.4 40.485352 -3.398422 593.8 6 5 218.7 1.406 0 2 0 
194.29 89.3 40.485176 -3.398610 594.1 6 5 218.3 1.055 0 2 0 
195.26 89.6 40.484997 -3.398788 594.5 6 5 218.0 0.703 0 2 0 
196.26 89.1 40.484833 -3.398977 594.1 6 5 217.6 0.703 0 2 0 
197.26 89.1 40.484657 -3.399156 593.8 6 5 217.3 0.703 0 2 0 
198.26 88.8 40.484478 -3.399335 593.8 6 5 216.9 0.703 0 2 0 
199.26 88.5 40.484299 -3.399513 593.8 6 5 216.6 0.703 0 1 0 
200.28 88.5 40.484123 -3.399685 593.6 6 5 216.6 0.352 0 1 0 
201.26 91.1 40.483944 -3.399862 593.4 6 5 218.0 1.406 0 1 0 
202.27 91.1 40.483765 -3.400045 592.9 6 5 218.0 1.406 0 1 0 
203.26 89.2 40.483593 -3.400217 592.4 6 5 216.2 1.758 0 1 0 
204.26 89.1 40.483414 -3.400397 592.4 6 5 216.6 1.406 0 1 0 
205.28 89.4 40.483231 -3.400571 592.0 6 5 216.6 0.352 0 1 0 
206.32 90.2 40.483051 -3.400752 591.3 6 5 217.3 0.703 0 1 0 
207.30 90.3 40.482876 -3.400932 590.9 6 5 216.6 0.703 0 1 0 
208.27 90.4 40.482689 -3.401103 590.6 6 5 216.2 1.055 0 1 0 
209.27 90.9 40.482510 -3.401283 590.2 4 5 216.2 0.352 0 1 0 
210.28 91.2 40.482327 -3.401465 590.0 6 5 216.6 0.352 0 1 0 
211.34 91.4 40.482155 -3.401622 589.6 6 5 216.6 0.352 0 1 0 
212.27 93.3 40.481968 -3.401807 589.2 6 5 216.9 0.352 0 1 0 
213.30 91.4 40.481789 -3.401983 589.3 6 5 216.9 0.352 0 1 0 
214.31 92.5 40.481606 -3.402157 589.1 6 5 216.9 0 0 1 0 
215.27 92.5 40.481419 -3.402341 589.0 6 5 216.9 0 0 1 0 
216.25 89.5 40.481236 -3.402508 588.2 6 5 215.2 1.758 0 1 0 
217.29 91.7 40.481049 -3.402683 587.3 6 5 216.2 1.055 0 1 0 
218.27 90.3 40.480869 -3.402864 586.1 4 5 216.6 1.406 0 1 0 
219.28 89.2 40.480686 -3.403044 585.5 4 5 217.3 1.055 0 1 0 
220.28 89.6 40.480503 -3.403220 585.1 4 5 216.9 0.352 0 1 0 
221.27 89.2 40.480324 -3.403398 585.4 4 5 216.9 0.352 0 1 0 
222.31 89.1 40.480145 -3.403569 585.6 4 5 216.9 0 0 0 0 
223.28 89.4 40.479965 -3.403748 585.5 6 5 217.3 0.352 0 0 0 
224.31 88.5 40.479794 -3.403935 585.7 6 5 217.6 0.703 0 0 0 
225.26 88.5 40.479618 -3.404112 585.8 6 5 218.3 1.055 0 0 0 
226.28 87.8 40.479443 -3.404285 586.4 6 5 218.7 1.055 0 0 0 
227.28 89.0 40.479275 -3.404452 586.9 6 5 219.4 1.055 0 0 0 
228.26 89.1 40.479103 -3.404643 586.4 6 5 220.4 1.758 0 0 0 
229.28 89.4 40.478931 -3.404830 586.6 6 5 221.5 2.109 0 0 0 
230.27 90.9 40.478764 -3.405028 585.9 6 5 221.8 1.406 0 0 0 
231.26 91.4 40.478592 -3.405224 585.4 6 5 222.2 0.703 0 0 0 
232.26 92.2 40.478416 -3.405438 584.9 6 5 222.9 1.055 0 0 0 
233.27 92.2 40.478245 -3.405645 584.3 6 5 222.9 0.703 0 0 0 
234.28 91.3 40.478085 -3.405849 583.5 6 5 224.6 1.758 0 0 0 
235.29 91.1 40.477928 -3.406069 583.4 6 5 225.7 2.812 0 0 0 
236.27 91.3 40.477768 -3.406281 583.4 6 5 226.4 1.758 0 0 0 
237.27 91.6 40.477600 -3.406494 583.3 6 5 226.4 0.703 0 0 0 
238.25 91.7 40.477455 -3.406706 583.1 6 5 228.2 1.758 0 0 0 
239.31 92.1 40.477310 -3.406944 582.5 6 5 228.9 2.461 0 0 0 
240.25 91.9 40.477154 -3.407161 582.2 6 5 228.5 0.352 0 0 0 
241.28 92.9 40.477009 -3.407400 583.0 6 5 229.9 1.406 0 0 0 
242.25 89.4 40.476860 -3.407625 582.8 4 5 229.9 1.406 0 0 0 
243.25 88.0 40.476715 -3.407835 582.0 4 5 230.6 0.703 0 0 0 
244.25 86.2 40.476582 -3.408059 581.7 4 5 233.1 3.164 0 0 0 
245.26 85.4 40.476456 -3.408289 581.8 4 5 232.4 1.758 0 0 0 
246.26 84.3 40.476337 -3.408493 581.9 4 5 233.4 1.055 0 0 0 
247.26 83.6 40.476208 -3.408720 582.1 4 5 234.1 1.758 0 0 0 
248.26 83.7 40.476086 -3.408941 581.7 4 5 234.8 1.406 0 0 0 
249.28 84.8 40.475956 -3.409168 581.5 4 5 235.2 1.055 0 0 0 
250.26 85.9 40.475830 -3.409394 582.0 4 5 235.9 1.055 0 0 0 
251.26 86.5 40.475708 -3.409625 582.1 4 5 236.6 1.406 0 0 0 
252.26 88.0 40.475590 -3.409872 582.6 4 5 237.7 1.758 0 0 0 
253.26 87.9 40.475468 -3.410116 582.4 4 5 238.7 2.109 0 0 0 
254.26 86.7 40.475353 -3.410355 582.0 4 5 239.8 2.109 0 0 0 
255.26 85.2 40.475246 -3.410595 581.8 4 5 240.1 1.406 2 0 0 
256.26 84.3 40.475143 -3.410832 581.8 6 5 240.5 0.703 2 0 0 
257.26 84.2 40.475040 -3.411075 581.6 4 5 240.5 0.352 0 0 0 
258.28 83.2 40.474934 -3.411313 581.5 4 5 240.5 0 0 0 0 
259.34 81.8 40.474827 -3.411553 581.5 4 5 241.5 1.055 0 0 0 
260.28 81.5 40.474735 -3.411792 581.8 6 5 243.3 2.812 0 0 0 
261.28 82.0 40.474640 -3.412029 582.5 4 5 244.3 2.812 0 0 0 
262.26 82.1 40.474552 -3.412274 582.4 4 5 245.0 1.758 0 0 0 
263.26 82.5 40.474464 -3.412527 582.1 6 5 245.7 1.406 1 0 0 
264.29 83.1 40.474377 -3.412782 581.8 6 5 246.4 1.406 2 0 0 
265.27 83.9 40.474293 -3.413039 581.8 6 5 246.4 0.703 2 0 0 
266.27 84.3 40.474220 -3.413282 582.0 6 5 246.4 0 2 1 0 
267.30 85.4 40.474133 -3.413538 582.3 6 5 246.8 0.352 2 1 0 
268.29 85.9 40.474060 -3.413791 582.9 6 5 247.9 1.406 2 1 0 
269.27 86.3 40.473980 -3.414062 583.5 6 5 247.5 0.703 1 1 0 
270.27 86.5 40.473888 -3.414329 583.7 6 5 247.9 0.352 0 1 0 
271.35 87.7 40.473797 -3.414595 584.1 6 5 247.5 0.352 0 1 0 
272.28 85.0 40.473724 -3.414860 584.4 6 5 249.3 1.758 0 1 0 
273.25 86.3 40.473648 -3.415141 584.9 6 5 251.0 3.516 0 1 0 
274.27 86.4 40.473602 -3.415390 585.1 6 5 252.4 3.164 0 1 0 
275.31 87.7 40.473537 -3.415670 585.2 6 5 252.4 1.406 0 1 0 
276.35 87.3 40.473473 -3.415926 585.4 6 5 252.4 0 1 1 0 
277.27 87.4 40.473419 -3.416184 585.4 6 5 252.4 0 2 1 0 
278.28 87.4 40.473354 -3.416475 585.6 6 5 253.8 1.406 2 1 0 
279.27 88.2 40.473289 -3.416753 586.1 6 5 252.1 1.758 0 1 0 
280.26 88.6 40.473232 -3.417016 586.3 6 5 252.1 1.758 0 1 0 
281.27 88.6 40.473160 -3.417291 586.0 6 5 250.7 1.406 0 1 0 
282.28 88.6 40.473087 -3.417565 585.6 6 5 250.7 1.406 0 1 0 
283.28 89.7 40.473019 -3.417845 585.7 6 5 251.0 0.352 0 1 0 
284.28 89.7 40.472946 -3.418123 585.6 6 10 251.0 0.352 0 1 0 
285.31 88.3 40.472885 -3.418390 584.6 6 5 252.1 1.055 0 1 0 
286.30 89.7 40.472813 -3.418673 584.5 6 5 251.7 0.703 0 1 0 
287.28 90.0 40.472767 -3.418930 584.1 6 5 251.7 0.352 0 1 0 
288.26 90.6 40.472702 -3.419226 583.6 6 5 251.7 0 0 1 0 
289.30 89.7 40.472630 -3.419515 583.0 6 5 251.4 0.352 0 1 0 
290.33 89.6 40.472565 -3.419778 582.6 6 5 251.7 0.352 0 1 0 
291.26 89.3 40.472492 -3.420065 582.1 6 5 251.7 0.352 0 1 0 
292.28 89.0 40.472420 -3.420353 581.5 6 5 251.4 0.352 0 1 0 
293.26 89.2 40.472343 -3.420630 581.1 6 5 251.0 0.703 0 1 0 
294.30 88.0 40.472263 -3.420911 581.0 6 5 250.7 0.703 0 1 0 
295.30 88.1 40.472191 -3.421192 580.5 6 5 250.3 0.703 0 1 0 
296.28 87.3 40.472118 -3.421457 580.0 6 5 249.6 1.055 0 1 0 
297.28 86.5 40.472069 -3.421720 579.8 6 5 250.3 0.703 1 2 0 
298.30 85.8 40.471996 -3.421989 579.8 6 5 250.3 0.703 1 2 0 
299.28 85.3 40.471928 -3.422252 579.8 6 5 250.3 0 1 2 0 
300.25 84.5 40.471870 -3.422509 579.9 6 5 250.0 0.352 0 2 0 
301.25 84.5 40.471798 -3.422773 580.6 6 5 250.7 0.703 0 2 0 
302.27 84.8 40.471718 -3.423030 581.3 6 5 249.3 1.406 0 2 0 
303.25 85.2 40.471638 -3.423286 582.1 6 5 249.3 1.406 0 2 0 
304.33 85.5 40.471561 -3.423540 582.4 6 5 249.3 0 0 2 0 
305.28 85.4 40.471497 -3.423806 583.0 6 5 250.3 1.055 0 2 0 
306.26 86.3 40.471424 -3.424071 583.2 6 5 251.4 2.109 1 2 0 
307.27 87.4 40.471348 -3.424344 582.6 6 5 250.7 0.703 2 2 0 
308.29 86.9 40.471275 -3.424609 582.3 6 5 248.6 2.812 1 2 0 
309.33 87.6 40.471195 -3.424873 582.2 6 5 247.9 2.812 0 2 0 
310.26 87.6 40.471111 -3.425145 582.1 6 5 248.2 0.352 0 2 0 
311.28 87.0 40.471039 -3.425404 581.6 6 5 249.3 1.406 0 2 0 
312.26 86.3 40.470943 -3.425678 581.9 6 5 248.6 0.703 0 2 0 
313.26 86.3 40.470856 -3.425943 581.7 6 5 248.2 1.055 0 2 0 
314.29 85.3 40.470776 -3.426198 581.3 6 5 248.6 0.352 0 2 0 
315.34 85.5 40.470688 -3.426460 581.0 6 5 248.6 0.352 0 2 0 
316.32 85.2 40.470612 -3.426725 581.1 6 5 248.9 0.352 0 2 0 
317.33 84.7 40.470535 -3.426973 581.5 6 5 248.9 0.352 0 2 0 
318.31 85.9 40.470455 -3.427248 581.8 6 5 249.6 0.703 0 2 0 
319.26 84.9 40.470379 -3.427507 582.6 6 5 251.0 2.109 0 2 0 
320.26 85.2 40.470318 -3.427765 582.9 6 5 251.0 1.406 0 2 0 
321.27 85.9 40.470230 -3.428034 583.7 6 5 250.7 0.352 1 2 0 
322.26 88.5 40.470181 -3.428304 583.7 6 5 252.1 1.406 2 2 0 
323.29 86.7 40.470108 -3.428580 584.1 6 5 252.1 1.406 2 2 0 
324.26 85.2 40.470047 -3.428840 584.4 6 5 252.1 0 0 2 0 
325.30 89.6 40.469948 -3.429140 585.1 6 10 250.3 1.758 0 2 0 
326.30 88.5 40.469875 -3.429396 585.3 6 5 250.0 2.109 0 2 0 
327.27 88.6 40.469837 -3.429666 585.4 6 5 251.4 1.406 0 1 0 
328.29 89.4 40.469761 -3.429949 586.0 6 5 251.7 1.758 0 1 0 
329.27 89.4 40.469692 -3.430229 587.4 6 5 253.5 2.109 0 1 0 
330.35 88.5 40.469631 -3.430518 587.8 6 5 254.9 3.164 0 1 0 
331.27 87.2 40.469574 -3.430802 588.5 6 5 254.9 1.406 0 1 0 
332.32 87.9 40.469521 -3.431089 588.3 6 5 255.9 1.055 0 1 0 
333.26 88.1 40.469467 -3.431371 588.5 6 5 255.9 1.055 0 1 0 
334.29 87.2 40.469418 -3.431649 589.2 6 5 257.0 1.055 0 1 0 
335.27 88.0 40.469368 -3.431944 589.7 6 5 257.3 1.406 0 1 0 
336.27 88.3 40.469326 -3.432232 589.7 6 5 258.0 1.055 0 1 0 
337.28 88.5 40.469280 -3.432516 590.1 6 5 258.8 1.406 0 1 0 
338.30 87.6 40.469234 -3.432802 590.6 6 5 258.4 0.352 0 1 0 
339.27 86.6 40.469193 -3.433092 590.7 6 5 259.1 0.703 0 1 0 
340.27 85.8 40.469151 -3.433369 591.2 6 5 259.5 1.055 0 1 0 
341.27 85.6 40.469116 -3.433640 591.6 6 5 258.8 0.703 0 1 0 
342.28 85.5 40.469074 -3.433924 591.9 6 5 259.1 0.352 2 1 0 
343.28 84.8 40.469036 -3.434202 592.2 6 5 259.1 0.352 1 1 0 
344.28 85.1 40.468994 -3.434472 592.1 6 5 258.4 0.703 2 1 0 
345.28 85.2 40.468948 -3.434732 592.3 6 5 258.4 0.703 1 1 0 
346.33 86.2 40.468903 -3.435010 592.5 6 5 258.0 0.352 2 2 0 
347.28 86.4 40.468861 -3.435290 592.8 6 5 258.4 0.352 2 2 0 
348.30 87.1 40.468815 -3.435570 592.5 6 5 257.7 0.703 1 2 0 
349.35 86.7 40.468765 -3.435846 592.3 6 5 257.3 1.055 1 2 0 
350.26 87.0 40.468719 -3.436122 592.4 6 5 257.0 0.703 1 2 0 
351.26 88.2 40.468670 -3.436396 592.4 6 5 257.3 0.352 0 2 0 
352.28 90.5 40.468620 -3.436687 592.2 6 5 256.6 0.703 1 3 0 
353.28 90.1 40.468571 -3.436976 591.9 6 5 257.3 0.703 1 3 0 
354.28 91.3 40.468517 -3.437257 591.4 6 5 257.0 0.352 1 3 0 
355.28 91.7 40.468468 -3.437553 591.1 6 5 257.0 0.352 1 3 0 
356.26 92.4 40.468410 -3.437848 591.0 6 5 257.3 0.352 2 3 0 
357.26 93.1 40.468357 -3.438154 590.9 6 5 257.0 0.352 2 3 0 
358.26 94.3 40.468307 -3.438449 591.2 6 5 256.3 1.055 1 3 0 
359.33 94.0 40.468250 -3.438741 591.5 6 5 256.3 0.703 0 3 0 
360.25 93.6 40.468197 -3.439033 591.1 6 5 257.0 0.703 0 3 0 
361.26 93.2 40.468143 -3.439343 591.1 6 5 256.6 0.352 1 3 0 
362.27 93.2 40.468090 -3.439641 591.0 6 5 256.6 0.352 1 3 0 
363.25 92.8 40.468040 -3.439921 590.9 6 5 257.0 0.352 1 4 0 
364.30 92.3 40.467995 -3.440217 590.4 6 5 258.4 1.758 0 4 0 
365.28 90.7 40.467941 -3.440506 590.3 6 5 256.3 2.109 0 4 0 
366.35 91.3 40.467884 -3.440794 589.6 6 5 257.3 1.055 0 3 0 
367.26 89.3 40.467850 -3.441077 589.5 6 5 259.5 3.164 0 3 0 
368.26 86.9 40.467804 -3.441342 589.5 6 5 260.2 2.812 0 3 0 
369.31 86.9 40.467770 -3.441637 589.1 6 5 260.5 1.055 0 3 0 
370.25 86.5 40.467739 -3.441925 589.1 6 5 261.2 1.055 0 3 0 
371.28 86.5 40.467712 -3.442209 588.9 6 5 262.6 2.109 1 3 0 
372.26 86.4 40.467693 -3.442498 588.8 6 5 261.9 0.703 2 3 0 
373.28 85.4 40.467667 -3.442788 588.9 6 5 263.0 1.055 2 4 0 
374.26 86.9 40.467644 -3.443066 588.6 6 5 263.3 1.406 1 4 0 
375.26 88.1 40.467617 -3.443354 588.5 6 5 263.7 0.703 2 4 0 
376.29 88.8 40.467583 -3.443642 588.6 4 5 262.3 1.406 0 4 0 
377.36 90.3 40.467556 -3.443940 588.7 4 5 262.6 1.055 0 4 0 
378.26 89.7 40.467525 -3.444237 588.3 6 5 263.0 0.703 0 4 0 
379.26 87.6 40.467499 -3.444522 588.4 6 5 263.3 0.703 0 4 0 
380.26 87.6 40.467472 -3.444816 588.1 4 5 263.7 0.703 0 4 0 
381.26 86.3 40.467449 -3.445102 588.1 4 5 263.7 0.352 0 4 0 
382.30 85.7 40.467422 -3.445385 588.3 4 5 263.7 0 0 4 0 
383.30 84.6 40.467400 -3.445642 588.9 4 5 263.3 0.352 0 4 0 
384.26 83.8 40.467384 -3.445911 588.5 4 5 263.3 0.352 0 4 0 
385.29 82.8 40.467365 -3.446186 587.9 4 5 264.0 0.703 0 4 0 
386.34 82.0 40.467354 -3.446454 587.9 6 5 263.7 0.352 0 4 0 
387.25 82.7 40.467335 -3.446729 587.7 6 5 264.0 0.352 0 4 0 
388.27 82.2 40.467308 -3.446993 587.7 4 5 264.0 0.352 0 4 0 
389.29 81.6 40.467285 -3.447260 587.7 6 5 264.0 0 0 4 0 
390.27 81.9 40.467262 -3.447524 588.0 6 5 263.7 0.352 0 4 0 
391.28 81.8 40.467236 -3.447790 588.3 4 5 264.0 0.352 0 4 0 
392.29 81.6 40.467213 -3.448066 588.7 4 5 264.0 0.352 0 4 0 
393.27 82.1 40.467194 -3.448336 588.5 4 5 263.7 0.352 0 4 0 
394.29 82.3 40.467171 -3.448602 588.9 4 5 263.7 0.352 0 4 0 
395.27 82.6 40.467144 -3.448855 589.3 4 5 263.7 0 0 4 0 
396.28 83.0 40.467117 -3.449125 589.4 4 5 263.7 0 0 4 0 
397.29 84.0 40.467091 -3.449403 589.7 4 5 263.7 0 0 4 0 
398.27 83.9 40.467068 -3.449677 589.8 4 5 264.4 0.703 0 4 0 
399.29 84.6 40.467041 -3.449952 589.9 4 5 265.1 1.406 0 4 0 
400.33 84.9 40.467030 -3.450237 590.1 4 5 265.8 1.406 1 4 0 
401.31 85.0 40.467010 -3.450519 590.1 4 5 266.1 1.055 1 4 0 
402.27 85.8 40.466991 -3.450797 590.2 4 5 265.4 0.703 2 4 0 
403.25 86.5 40.466972 -3.451084 590.9 4 5 265.8 0.352 2 4 0 
404.37 87.0 40.466961 -3.451379 590.9 4 5 265.8 0.352 2 4 0 
405.28 88.2 40.466938 -3.451669 590.7 4 5 265.8 0 2 4 0 
406.28 88.8 40.466923 -3.451966 591.0 4 5 265.4 0.352 0 4 0 
407.28 89.5 40.466904 -3.452248 591.3 4 5 264.4 1.406 0 4 0 
408.27 89.9 40.466881 -3.452546 591.2 4 5 265.4 1.055 1 4 0 
409.28 91.1 40.466866 -3.452844 591.2 4 5 266.1 1.758 2 4 0 
410.29 91.7 40.466854 -3.453141 591.1 4 5 267.9 2.461 2 4 0 
411.25 92.2 40.466835 -3.453438 591.9 4 5 268.6 2.477 1 4 0 
412.28 91.3 40.466835 -3.453732 592.1 3 5 268.6 0.719 0 4 0 
413.28 90.1 40.466827 -3.454018 591.4 3 5 268.6 0 0 4 0 
414.27 89.0 40.466824 -3.454309 591.5 4 5 268.6 0 0 3 0 
415.28 88.2 40.466824 -3.454587 591.7 3 5 269.0 0.415 0 3 0 
416.26 87.4 40.466820 -3.454888 591.5 3 5 269.7 1.076 0 3 0 
417.26 86.6 40.466820 -3.455165 591.5 3 5 269.7 0.661 0 3 0 
418.28 86.6 40.466824 -3.455447 591.5 4 5 270.7 1.000 0 3 0 
419.31 84.8 40.466827 -3.455726 591.6 4 5 272.3 2.645 0 3 0 
420.32 85.5 40.466835 -3.455992 591.6 4 5 271.6 0.913 0 3 0 
421.25 85.6 40.466843 -3.456263 592.7 4 5 271.6 0.731 0 3 0 
422.32 85.3 40.466846 -3.456543 592.0 4 5 272.5 0.927 0 2 0 
423.33 85.3 40.466858 -3.456828 591.8 4 5 272.5 0.927 0 2 0 
424.25 85.2 40.466862 -3.457109 592.0 4 5 272.5 0 1 2 0 
425.26 85.4 40.466877 -3.457401 593.4 4 5 272.5 0 2 3 0 
426.26 85.4 40.466892 -3.457679 592.9 4 5 273.5 0.931 2 3 0 
427.27 85.1 40.466900 -3.457963 592.5 4 5 272.9 0.533 1 3 0 
428.26 84.4 40.466908 -3.458237 592.5 4 5 272.9 0.533 1 3 0 
429.33 84.1 40.466927 -3.458510 592.8 4 5 273.6 0.721 1 3 0 
430.26 83.4 40.466938 -3.458777 592.8 4 5 273.2 0.484 1 3 0 
431.26 82.9 40.466953 -3.459044 592.6 3 5 273.6 0.449 2 3 0 
432.27 82.3 40.466965 -3.459313 592.6 3 5 273.6 0.449 1 3 0 
433.28 81.9 40.466980 -3.459577 593.0 3 5 273.6 0 1 3 0 
434.31 81.7 40.466991 -3.459845 593.1 3 5 273.6 0 1 3 0 
435.32 81.5 40.467007 -3.460121 592.8 3 5 273.6 0 1 3 0 
436.26 81.6 40.467018 -3.460388 592.7 3 5 273.6 0 1 3 0 
437.26 82.2 40.467030 -3.460652 592.9 3 5 273.6 0 2 4 0 
438.26 82.8 40.467045 -3.460924 593.3 4 5 273.6 0.046 1 4 0 
439.26 84.4 40.467056 -3.461194 593.4 4 5 274.0 0.429 1 4 0 
440.28 84.2 40.467072 -3.461464 593.7 4 5 274.0 0.429 1 4 0 
441.26 84.6 40.467087 -3.461744 593.8 4 5 274.0 0 1 4 0 
442.27 85.3 40.467098 -3.462020 593.8 4 5 273.3 0.732 1 4 0 
443.26 86.0 40.467110 -3.462293 593.5 4 5 273.3 0.732 1 5 1 
444.26 86.8 40.467125 -3.462582 593.3 4 5 273.3 0 1 5 1 
445.27 87.3 40.467136 -3.462873 593.3 4 5 273.8 0.503 1 5 1 
446.28 88.1 40.467152 -3.463159 593.4 4 5 273.8 0.503 1 5 1 
447.27 88.5 40.467167 -3.463441 593.0 4 5 272.9 0.908 1 5 1 
448.27 88.8 40.467175 -3.463726 593.4 4 5 272.9 0.908 1 5 1 
449.27 89.9 40.467186 -3.464029 593.3 4 5 272.9 0 2 5 1 
450.27 90.3 40.467194 -3.464327 593.7 4 5 272.9 0 1 6 1 
451.27 90.6 40.467209 -3.464623 593.9 4 5 271.9 0.936 2 6 1 
452.27 91.9 40.467216 -3.464919 593.6 4 5 271.9 0.936 2 6 1 
453.36 92.1 40.467224 -3.465212 593.4 4 5 271.4 0.476 2 6 1 
454.27 92.7 40.467228 -3.465521 593.4 4 5 270.6 1.351 1 6 1 
455.27 93.5 40.467228 -3.465804 593.5 4 5 270.6 0.875 1 6 1 
456.28 91.9 40.467232 -3.466088 593.3 4 5 270.6 0 0 6 1 
457.27 90.5 40.467236 -3.466395 593.0 4 5 271.0 0.422 0 6 1 
458.29 89.3 40.467239 -3.466698 592.6 4 5 270.3 0.699 0 6 1 
459.29 88.1 40.467239 -3.466986 592.7 6 5 270.1 0.867 0 6 1 
460.29 87.0 40.467239 -3.467281 593.6 6 5 270.1 0.168 0 6 1 
461.28 86.5 40.467239 -3.467569 592.9 6 5 269.5 0.590 0 6 1 
462.28 86.3 40.467239 -3.467858 592.6 4 5 269.5 0.590 1 6 1 
463.28 85.9 40.467236 -3.468140 592.6 6 5 269.5 0.039 1 6 1 
464.28 86.3 40.467232 -3.468420 592.5 6 5 268.5 1.036 1 6 1 
465.30 86.5 40.467224 -3.468699 592.5 6 5 267.8 1.659 1 6 1 
466.35 86.9 40.467216 -3.468996 592.7 4 5 267.8 0.662 1 6 1 
467.27 87.6 40.467205 -3.469280 592.7 4 5 267.4 0.438 2 6 1 
468.26 87.9 40.467194 -3.469573 592.4 4 5 266.7 1.088 1 6 1 
469.29 86.7 40.467182 -3.469866 592.5 4 5 265.7 1.665 1 6 1 
470.28 85.8 40.467163 -3.470148 592.4 4 5 265.2 1.548 1 6 1 
471.27 85.0 40.467148 -3.470415 591.9 4 5 265.2 0.532 2 6 1 
472.30 84.8 40.467129 -3.470689 591.6 4 5 265.2 0 2 6 1 
473.25 84.6 40.467113 -3.470962 591.9 4 5 264.0 1.191 0 6 1 
474.33 84.4 40.467087 -3.471256 592.2 4 5 264.0 1.191 0 6 1 
475.32 84.9 40.467064 -3.471524 591.3 4 5 263.0 0.986 0 6 1 
476.30 85.4 40.467037 -3.471799 591.0 4 5 262.4 1.614 1 7 1 
477.29 85.3 40.467010 -3.472083 590.9 4 5 262.4 0.628 1 7 1 
478.26 85.7 40.466980 -3.472353 590.7 4 5 262.1 0.313 0 7 1 
479.25 85.9 40.466953 -3.472626 591.0 4 5 261.0 1.368 0 7 1 
480.27 85.9 40.466923 -3.472885 591.0 4 5 260.0 2.058 0 7 1 
481.25 85.9 40.466881 -3.473194 591.9 4 5 261.2 1.205 0 7 1 
482.25 85.0 40.466850 -3.473454 592.0 4 5 261.2 1.205 0 7 1 
483.25 85.4 40.466816 -3.473733 593.1 4 5 259.9 1.291 0 7 1 
484.30 85.0 40.466778 -3.474003 593.6 4 5 259.3 1.910 0 7 1 
485.26 86.0 40.466736 -3.474283 593.9 4 5 258.7 1.281 0 6 1 
486.27 85.5 40.466694 -3.474554 593.3 4 5 258.7 0.662 0 6 1 
487.26 86.9 40.466648 -3.474839 593.5 4 5 257.7 0.969 0 6 1 
488.26 86.2 40.466602 -3.475124 593.2 4 5 257.0 1.686 1 6 1 
489.26 86.5 40.466553 -3.475394 593.4 4 5 257.0 0.717 1 6 1 
490.26 88.4 40.466503 -3.475678 593.0 4 5 256.4 0.607 0 6 1 
491.31 86.8 40.466450 -3.475960 593.0 4 5 256.4 0.607 0 6 1 
492.26 85.2 40.466404 -3.476222 592.4 4 5 256.4 0 0 6 1 
493.29 86.7 40.466351 -3.476501 592.4 4 5 255.5 0.864 0 6 1 
494.26 86.7 40.466297 -3.476769 592.5 4 5 255.5 0.864 0 5 1 
495.25 86.6 40.466244 -3.477047 592.0 4 5 255.5 0 0 5 1 
496.26 86.8 40.466190 -3.477319 591.8 4 5 255.5 0 0 5 1 
497.26 86.4 40.466133 -3.477597 591.4 4 5 255.5 0 1 5 1 
498.26 86.7 40.466084 -3.477863 591.4 4 5 255.5 0 2 5 1 
499.26 86.9 40.466042 -3.478141 592.2 4 5 262.2 6.749 0 5 1 
500.26 86.9 40.465992 -3.478427 592.2 4 5 260.2 4.713 0 5 1 
501.26 85.8 40.465942 -3.478703 592.2 4 5 260.2 2.037 0 5 1 
502.27 84.2 40.465916 -3.478965 592.6 4 5 256.3 3.924 0 4 0 
503.26 82.8 40.465870 -3.479228 592.6 4 5 255.9 4.276 0 4 0 
504.27 80.6 40.465824 -3.479479 592.6 4 5 257.7 1.758 0 4 0 
505.32 79.2 40.465790 -3.479725 592.6 4 5 260.9 4.922 0 4 0 
506.25 77.9 40.465759 -3.479984 592.7 4 5 264.7 7.031 0 4 0 
507.30 77.1 40.465748 -3.480240 592.7 3 5 276.7 15.850 0 4 0 
508.27 76.3 40.465775 -3.480481 592.8 3 5 284.9 20.205 0 3 0 
509.27 74.2 40.465820 -3.480727 592.6 3 5 289.4 12.682 0 3 0 
510.25 73.2 40.465881 -3.480964 592.6 3 5 290.3 5.339 0 3 0 
511.27 73.3 40.465950 -3.481199 592.8 3 5 292.1 2.730 0 3 0 
512.27 74.2 40.466034 -3.481416 592.8 3 5 293.3 3.060 0 3 0 
513.27 74.6 40.466103 -3.481641 593.0 3 5 294.0 1.859 0 3 0 
514.27 75.0 40.466179 -3.481847 593.1 3 5 294.0 0.651 0 2 0 
515.28 75.3 40.466259 -3.482081 593.4 3 5 294.9 0.888 0 2 0 
516.27 76.8 40.466331 -3.482303 593.6 3 5 295.1 1.094 0 2 0 
517.27 75.9 40.466412 -3.482538 593.6 3 5 295.1 0.206 0 2 0 
518.31 74.2 40.466488 -3.482753 593.7 3 5 295.1 0.053 0 2 0 
519.28 73.6 40.466560 -3.482963 593.8 3 5 295.1 0.053 0 2 0 
520.27 73.6 40.466618 -3.483195 593.9 3 5 280.9 14.220 0 2 0 
521.28 74.3 40.466682 -3.483424 594.0 3 5 285.8 9.307 0 2 0 
522.31 74.7 40.466724 -3.483664 594.3 3 5 280.2 5.625 0 2 0 
523.28 75.2 40.466747 -3.483903 594.6 3 5 275.3 10.547 1 2 0 
524.33 78.1 40.466751 -3.484154 594.8 3 5 268.6 11.602 1 2 0 
525.28 79.9 40.466732 -3.484415 594.8 3 5 261.7 13.549 1 2 0 
526.27 78.5 40.466702 -3.484666 594.8 4 5 252.3 16.310 1 2 0 
527.30 76.7 40.466644 -3.484922 594.6 3 5 247.5 14.267 0 2 0 
528.27 76.5 40.466553 -3.485161 594.5 3 5 241.9 10.357 0 2 0 
529.28 75.9 40.466465 -3.485364 594.6 3 5 236.0 11.410 0 2 0 
530.35 76.3 40.466347 -3.485563 594.5 3 5 236.0 5.880 0 1 0 
531.28 78.0 40.466232 -3.485762 594.6 3 5 240.8 4.741 0 1 0 
532.30 78.7 40.466095 -3.485957 594.8 3 5 229.3 11.515 2 1 0 
533.32 79.1 40.465961 -3.486142 595.0 3 5 231.2 9.618 2 1 0 
534.26 79.3 40.465832 -3.486341 594.9 3 5 231.6 2.337 2 1 0 
535.25 80.3 40.465710 -3.486530 595.0 3 5 231.6 0.441 1 2 0 
536.28 81.8 40.465569 -3.486747 595.2 4 5 231.2 0.390 0 2 0 
537.26 82.4 40.465435 -3.486958 595.0 4 5 231.5 0.255 0 1 0 
538.25 81.7 40.465302 -3.487163 594.9 3 5 224.8 6.683 0 1 0 
539.27 80.5 40.465168 -3.487360 594.8 3 5 224.8 6.683 0 1 0 
540.25 78.6 40.465042 -3.487540 594.7 3 5 224.3 0.512 1 1 0 
541.25 73.9 40.464893 -3.487691 595.1 3 5 216.2 8.600 0 1 0 
542.27 70.9 40.464737 -3.487812 596.1 3 5 208.0 16.247 1 1 0 
543.28 67.6 40.464577 -3.487874 597.5 3 5 191.0 25.239 1 2 0 
544.26 64.9 40.464420 -3.487894 598.7 3 5 185.6 22.435 1 2 0 
545.25 61.6 40.464256 -3.487879 599.7 3 5 168.3 22.693 2 2 0 
546.26 59.4 40.464115 -3.487832 600.0 3 5 161.1 24.468 2 2 0 
547.26 57.3 40.463989 -3.487753 600.3 3 5 147.1 21.167 1 2 0 
548.26 56.5 40.463871 -3.487650 600.2 3 5 143.7 17.458 1 2 0 
549.26 55.0 40.463776 -3.487510 600.1 3 5 131.8 15.259 1 2 0 
550.26 55.0 40.463692 -3.487370 600.3 3 5 126.6 17.111 1 2 0 
551.26 51.6 40.463646 -3.487217 600.3 3 5 111.1 20.742 1 3 0 
552.26 50.9 40.463615 -3.487055 599.9 3 5 103.0 23.555 1 3 0 
553.26 49.0 40.463581 -3.486909 600.0 3 5 117.6 0 -9 -9 0 
554.26 48.5 40.463608 -3.486744 599.8 3 5 71.1 0 -9 -9 0 
555.26 48.0 40.463631 -3.486588 599.8 3 5 69.7 0 -9 -9 0 
556.26 48.6 40.463654 -3.486433 599.8 3 5 69.7 0 -9 -9 0 
557.26 52.7 40.463680 -3.486274 599.6 3 5 69.7 0 0 3 0 
558.26 54.3 40.463745 -3.486106 599.4 3 5 64.0 5.685 0 3 0 
559.26 57.1 40.463802 -3.485948 599.2 3 5 64.0 5.685 0 2 0 
560.28 61.1 40.463875 -3.485778 598.7 3 5 64.0 0 0 2 0 
561.29 62.7 40.463928 -3.485594 597.8 3 5 68.2 4.219 1 3 0 
562.33 67.3 40.463989 -3.485399 596.8 3 5 69.6 5.625 0 3 0 
563.30 68.5 40.464050 -3.485190 595.6 3 5 70.3 2.109 0 3 0 
564.27 73.4 40.464115 -3.484956 594.6 3 5 72.1 2.461 0 3 0 
565.31 74.2 40.464161 -3.484715 593.5 3 5 72.8 2.461 0 3 0 
566.25 74.1 40.464207 -3.484488 592.8 4 5 73.2 1.091 0 3 0 
567.27 74.4 40.464260 -3.484254 592.5 4 5 72.1 1.091 0 3 0 
568.26 70.3 40.464321 -3.484063 592.2 4 5 72.8 0.703 0 3 0 
569.31 70.3 40.464375 -3.483843 592.1 4 5 72.8 0.703 0 3 0 
570.26 69.9 40.464424 -3.483618 592.1 4 5 73.8 1.055 0 3 0 
571.27 70.1 40.464474 -3.483398 592.1 4 5 74.2 1.406 1 3 0 
572.27 70.1 40.464523 -3.483186 592.1 4 5 74.2 0.352 1 3 0 
573.27 69.8 40.464565 -3.482959 592.0 4 5 74.2 0 2 3 0 
574.29 69.5 40.464615 -3.482737 592.0 4 5 73.5 0.703 2 3 0 
575.27 69.4 40.464664 -3.482521 591.8 4 5 73.8 0.352 2 3 0 
576.30 71.5 40.464718 -3.482288 591.8 4 5 73.1 0.703 2 3 0 
577.27 71.0 40.464756 -3.482059 591.9 4 5 73.8 0.703 2 4 0 
578.27 72.0 40.464809 -3.481831 591.9 4 5 72.8 1.055 2 4 0 
579.27 72.7 40.464855 -3.481592 591.6 4 5 72.8 1.055 2 4 0 
580.31 73.7 40.464912 -3.481362 591.4 4 5 72.1 0.703 1 4 0 
581.27 74.9 40.464981 -3.481124 591.4 4 5 71.7 1.055 0 4 0 
582.27 75.8 40.465046 -3.480882 591.5 3 5 71.4 0.703 0 4 0 
583.26 76.5 40.465111 -3.480648 591.4 3 5 70.3 1.406 0 4 0 
584.29 77.5 40.465172 -3.480411 591.5 3 5 69.6 1.758 0 4 0 
585.27 77.9 40.465244 -3.480169 591.4 3 5 67.6 2.705 0 4 0 
586.27 78.8 40.465298 -3.479932 591.2 3 5 65.8 3.773 0 4 0 
587.27 79.1 40.465363 -3.479688 591.4 3 5 64.5 3.071 0 4 0 
588.27 79.2 40.465424 -3.479446 591.0 3 5 74.1 9.603 1 4 0 
589.33 78.7 40.465492 -3.479206 591.0 4 5 74.1 9.603 0 4 0 
590.27 80.8 40.465546 -3.478938 591.0 4 5 74.1 0 0 4 0 
591.28 82.5 40.465607 -3.478674 590.9 4 5 74.1 0 1 4 0 
592.28 81.0 40.465672 -3.478440 591.0 4 5 74.1 0 1 4 0 
593.26 84.0 40.465729 -3.478157 591.5 4 5 74.1 0 0 4 0 
594.27 85.0 40.465790 -3.477892 591.3 4 5 76.0 1.824 0 4 0 
595.26 85.6 40.465855 -3.477622 590.8 4 5 75.1 0.978 0 4 0 
596.26 86.0 40.465904 -3.477346 590.8 4 5 75.1 0.846 0 4 0 
597.28 86.4 40.465961 -3.477068 591.2 4 5 75.1 0 0 4 0 
598.28 86.8 40.466011 -3.476802 590.9 4 5 75.5 0.427 1 4 0 
599.28 87.0 40.466064 -3.476517 591.1 4 5 75.5 0.427 2 4 0 
600.25 87.6 40.466122 -3.476232 590.7 4 5 76.0 0.419 2 4 0 
601.25 87.7 40.466171 -3.475969 590.3 4 5 76.5 0.999 1 4 0 
602.27 87.9 40.466221 -3.475685 591.3 4 5 76.5 0.580 1 4 0 
603.27 88.1 40.466270 -3.475402 592.3 4 5 76.5 0 1 4 0 
604.27 88.5 40.466324 -3.475107 592.0 4 5 77.4 0.837 1 4 0 
605.25 88.7 40.466377 -3.474830 591.1 4 5 77.4 0.837 1 4 0 
606.25 88.9 40.466431 -3.474518 591.0 4 5 78.3 0.954 1 4 0 
607.26 88.7 40.466476 -3.474258 591.3 4 5 78.3 0.954 1 4 0 
608.28 88.2 40.466518 -3.473978 591.5 4 5 78.3 0 1 4 0 
609.25 88.4 40.466560 -3.473703 591.7 4 5 79.4 1.053 2 4 0 
610.31 88.2 40.466602 -3.473397 592.0 3 5 79.4 1.053 2 4 0 
611.26 88.3 40.466640 -3.473121 592.0 3 5 80.1 0.676 2 4 0 
612.26 88.3 40.466671 -3.472835 592.1 3 5 80.7 1.336 2 4 0 
613.26 88.4 40.466709 -3.472544 592.4 3 5 80.7 0.661 1 4 0 
614.26 87.3 40.466736 -3.472267 592.4 3 5 81.4 0.707 1 4 0 
615.28 85.9 40.466766 -3.471979 592.4 3 5 83.5 2.762 1 5 1 
616.34 84.9 40.466797 -3.471702 592.5 3 5 83.5 2.055 2 5 1 
617.31 85.2 40.466827 -3.471423 592.5 3 5 83.5 0.015 2 5 1 
618.27 85.9 40.466850 -3.471144 592.6 3 5 83.5 0.015 2 5 1 
619.27 85.9 40.466869 -3.470873 592.4 3 5 84.5 1.001 1 5 1 
620.34 85.6 40.466892 -3.470593 592.8 3 5 84.5 1.001 1 5 1 
621.27 85.5 40.466915 -3.470301 593.1 3 5 85.0 0.548 1 6 1 
622.26 86.0 40.466934 -3.470032 592.4 3 5 86.0 1.507 1 6 1 
623.26 86.4 40.466953 -3.469764 592.7 4 5 86.5 1.470 2 6 1 
624.27 86.6 40.466969 -3.469475 593.4 4 5 86.5 0.511 2 6 1 
625.26 86.7 40.466988 -3.469205 594.4 4 5 86.5 0 2 6 1 
626.27 88.9 40.467003 -3.468904 593.1 4 5 86.5 0 2 6 1 
627.26 88.1 40.467018 -3.468614 593.7 4 5 88.1 1.592 1 6 1 
628.28 88.3 40.467014 -3.468324 593.6 4 5 111.0 24.453 1 7 1 
629.28 89.6 40.467010 -3.468005 593.6 4 5 92.4 18.575 1 7 1 
630.32 89.7 40.467014 -3.467717 593.6 4 5 92.4 18.575 2 7 1 
631.27 91.5 40.467030 -3.467416 593.5 4 5 89.3 3.102 2 7 1 
632.27 90.6 40.467030 -3.467120 594.1 4 5 89.6 2.750 2 7 1 
633.27 87.5 40.467026 -3.466839 593.8 4 5 90.7 1.406 1 7 1 
634.27 86.5 40.467018 -3.466539 593.6 4 5 90.7 1.055 1 7 1 
635.27 87.3 40.467010 -3.466256 593.8 4 5 90.7 0 2 7 1 
636.27 86.0 40.467003 -3.465977 593.7 4 5 91.1 0.352 2 7 1 
637.30 86.0 40.467010 -3.465702 593.9 4 5 91.8 1.055 1 7 1 
638.27 85.7 40.466995 -3.465414 593.8 4 5 91.8 0.703 1 7 1 
639.33 84.9 40.466991 -3.465145 593.4 4 5 91.8 0 2 7 1 
640.31 84.2 40.466984 -3.464875 593.8 4 5 91.8 0 2 7 1 
641.27 83.4 40.466984 -3.464623 593.8 4 5 92.5 0.703 2 7 1 
642.27 82.5 40.466980 -3.464354 593.8 4 5 92.5 0.703 2 7 1 
643.27 81.8 40.466976 -3.464086 593.2 4 5 92.8 0.352 1 7 1 
644.27 82.4 40.466965 -3.463827 594.4 4 5 93.2 0.703 2 8 1 
645.26 82.5 40.466957 -3.463554 596.0 4 5 93.3 0.440 1 8 1 
646.27 81.5 40.466949 -3.463281 593.8 4 5 93.3 0.089 2 8 1 
647.27 82.8 40.466946 -3.463026 594.0 4 5 93.3 0 2 8 1 
648.29 82.3 40.466938 -3.462744 594.1 4 5 93.5 0.213 2 8 1 
649.27 81.5 40.466923 -3.462484 594.1 4 5 93.5 0.213 1 8 1 
650.27 81.6 40.466900 -3.462225 594.3 4 5 93.5 0 0 8 1 
651.28 81.0 40.466881 -3.461959 594.0 4 5 93.5 0 1 8 1 
652.28 79.3 40.466869 -3.461706 593.8 4 5 93.5 0 1 8 1 
653.28 79.5 40.466854 -3.461442 593.8 4 5 93.5 0 2 8 1 
654.28 78.9 40.466831 -3.461186 593.7 3 5 93.5 0 2 9 1 
655.30 78.0 40.466816 -3.460931 593.9 3 5 93.5 0 2 9 1 
656.30 77.1 40.466812 -3.460683 594.0 3 5 93.3 0.174 1 9 1 
657.28 77.3 40.466801 -3.460428 593.7 3 5 93.3 0.174 1 9 1 
658.25 77.2 40.466789 -3.460172 594.0 3 5 93.7 0.447 1 9 1 
659.27 77.7 40.466789 -3.459924 594.3 3 5 93.7 0.447 1 9 1 
660.26 78.2 40.466778 -3.459679 593.8 4 5 93.7 0 1 9 1 
661.25 78.0 40.466759 -3.459421 594.0 4 5 93.7 0 1 9 1 
662.28 80.9 40.466743 -3.459159 594.2 3 5 93.7 0 1 9 1 
663.26 82.2 40.466728 -3.458887 594.4 4 5 93.7 0 1 9 1 
664.26 83.7 40.466709 -3.458601 594.2 4 5 93.5 0.220 1 9 1 
665.34 84.4 40.466694 -3.458328 594.2 4 5 93.5 0.220 2 9 1 
666.25 84.7 40.466679 -3.458043 593.8 4 5 93.5 0 2 9 1 
667.32 86.6 40.466667 -3.457770 593.8 4 5 92.5 1.042 1 9 1 
668.26 85.6 40.466656 -3.457476 594.4 4 5 92.5 1.042 2 9 1 
669.25 84.3 40.466640 -3.457189 593.9 4 5 92.5 0 2 9 1 
670.32 83.3 40.466629 -3.456906 593.7 4 5 92.5 0 2 9 1 
671.28 82.3 40.466614 -3.456631 593.5 4 5 91.7 0.738 1 9 1 
672.26 80.4 40.466606 -3.456364 593.0 4 5 91.7 0.738 1 9 1 
673.26 80.2 40.466606 -3.456104 592.6 4 5 90.8 0.989 1 9 1 
674.25 80.2 40.466602 -3.455837 592.6 4 5 90.0 1.740 0 9 1 
675.31 78.0 40.466602 -3.455596 593.1 4 5 91.0 0.992 0 9 1 
676.26 78.4 40.466595 -3.455331 592.1 4 5 91.0 0.992 0 9 1 
677.31 77.1 40.466602 -3.455094 592.1 3 5 90.5 0.542 0 8 1 
678.26 76.1 40.466599 -3.454811 591.8 4 5 90.5 0.542 0 8 1 
679.26 76.6 40.466595 -3.454567 592.3 3 5 91.0 0.576 0 8 1 
680.26 76.6 40.466591 -3.454320 591.6 3 5 91.0 0.576 0 8 1 
681.27 76.6 40.466591 -3.454068 592.7 3 5 88.6 2.441 0 8 1 
682.30 77.9 40.466591 -3.453794 591.7 4 5 87.9 3.148 0 8 1 
683.26 79.2 40.466599 -3.453548 591.7 4 5 87.9 0.707 1 8 1 
684.26 80.0 40.466614 -3.453264 591.4 3 5 87.1 0.810 2 8 1 
685.29 81.3 40.466618 -3.453007 592.0 4 5 87.1 0.810 2 8 1 
686.26 81.4 40.466621 -3.452731 591.6 4 5 87.1 0 1 8 1 
687.27 83.8 40.466633 -3.452475 592.3 4 5 87.1 0 1 8 1 
688.26 82.2 40.466652 -3.452201 591.3 4 5 87.1 0 0 7 1 
689.30 81.0 40.466663 -3.451945 591.3 4 5 87.1 0 0 7 1 
690.27 79.5 40.466671 -3.451689 590.9 6 5 86.0 1.049 0 7 1 
691.33 78.5 40.466690 -3.451417 590.9 4 5 85.5 1.564 0 7 1 
692.26 77.4 40.466709 -3.451165 590.9 3 5 85.0 0.998 0 7 1 
693.28 78.2 40.466728 -3.450891 590.6 3 5 85.0 0.483 0 7 1 
694.27 76.9 40.466743 -3.450639 590.2 3 5 85.0 0 0 6 1 
695.27 74.7 40.466759 -3.450384 590.5 3 5 85.0 0 1 6 1 
696.32 73.6 40.466774 -3.450155 589.8 3 5 85.0 0.065 0 6 1 
697.28 72.4 40.466793 -3.449906 589.8 3 5 85.0 0.065 0 6 1 
698.26 71.4 40.466812 -3.449680 589.9 3 5 84.3 0.668 0 6 1 
699.28 71.3 40.466827 -3.449451 589.9 3 5 84.3 0.668 1 6 1 
700.26 72.2 40.466839 -3.449211 589.5 3 5 83.9 0.353 2 6 1 
701.27 73.0 40.466862 -3.448981 589.7 3 5 83.9 0.353 2 6 1 
702.27 73.4 40.466877 -3.448743 589.8 3 5 84.8 0.823 1 6 1 
703.27 74.5 40.466900 -3.448506 589.7 3 5 84.8 0.823 0 6 1 
704.28 75.8 40.466927 -3.448273 589.7 3 5 84.1 0.670 0 6 1 
705.30 76.7 40.466949 -3.448011 589.4 3 5 84.1 0.670 1 6 1 
706.26 77.6 40.466969 -3.447772 589.4 4 5 84.1 0 1 6 1 
707.27 77.6 40.466988 -3.447511 589.5 3 5 82.6 1.538 0 6 1 
708.33 77.1 40.467010 -3.447265 589.4 3 5 82.6 1.538 0 5 1 
709.26 77.8 40.467030 -3.447015 589.4 4 5 83.2 0.634 1 5 1 
710.30 77.6 40.467045 -3.446762 589.3 4 5 83.2 0.634 1 5 1 
711.28 77.9 40.467064 -3.446511 589.0 3 5 84.0 0.788 2 6 1 
712.28 78.9 40.467083 -3.446252 589.1 3 5 84.0 0.788 2 6 1 
713.25 78.8 40.467102 -3.445997 588.9 3 5 84.0 0 1 6 1 
714.28 78.6 40.467121 -3.445739 588.9 3 5 84.3 0.304 1 6 1 
715.26 78.8 40.467140 -3.445487 589.0 3 5 84.3 0.304 0 6 1 
716.28 79.7 40.467163 -3.445231 589.1 3 5 84.3 0 0 5 1 
717.28 78.2 40.467182 -3.444973 589.1 4 5 83.6 0.694 0 5 1 
718.25 79.4 40.467205 -3.444717 589.2 3 5 83.6 0.694 0 5 1 
719.28 79.6 40.467220 -3.444463 589.2 4 5 83.6 0 1 5 1 
720.34 79.6 40.467239 -3.444203 589.2 4 5 83.6 0 2 5 1 
721.26 79.6 40.467266 -3.443939 589.1 4 5 84.0 0.440 1 5 1 
722.25 79.7 40.467281 -3.443683 589.1 4 5 84.0 0.440 1 5 1 
723.31 80.0 40.467300 -3.443418 589.0 4 5 82.8 1.184 1 5 1 
724.25 80.7 40.467319 -3.443169 589.7 4 5 82.4 1.660 1 5 1 
725.31 81.0 40.467342 -3.442910 589.0 4 5 82.4 0.475 1 5 1 
726.25 81.4 40.467365 -3.442649 589.1 4 5 81.9 0.433 2 5 1 
727.25 81.3 40.467400 -3.442390 588.9 4 5 81.9 0.433 0 5 1 
728.28 81.1 40.467426 -3.442132 589.1 4 5 81.9 0 0 5 1 
729.25 81.0 40.467461 -3.441867 589.2 4 5 80.5 1.394 0 5 1 
730.26 81.1 40.467499 -3.441594 588.7 4 5 79.8 2.154 1 5 1 
731.26 81.5 40.467533 -3.441320 588.5 4 5 79.8 0.760 1 5 1 
732.26 81.0 40.467564 -3.441059 588.7 4 5 78.7 1.127 2 5 1 
733.26 81.3 40.467598 -3.440792 590.6 4 5 78.7 1.127 2 5 1 
734.28 81.5 40.467644 -3.440533 592.0 4 5 78.7 0 2 5 1 
735.26 81.4 40.467686 -3.440265 591.8 4 5 77.4 1.282 1 5 1 
736.26 82.1 40.467724 -3.440006 591.9 4 5 77.4 1.282 1 5 1 
737.30 83.4 40.467754 -3.439838 592.0 4 5 77.4 0 1 5 1 
738.26 83.3 40.467815 -3.439474 592.1 4 5 76.4 0.939 1 5 1 
739.29 82.1 40.467857 -3.439215 592.9 6 5 77.0 0.563 1 6 1 
740.26 83.5 40.467915 -3.438948 592.4 6 5 75.9 1.055 0 6 1 
741.34 83.1 40.467964 -3.438693 592.0 6 5 76.3 0.703 0 6 1 
742.37 82.9 40.468025 -3.438435 591.3 6 5 75.9 0.352 0 6 1 
743.26 83.5 40.468075 -3.438166 590.7 6 5 75.9 0.352 1 6 1 
744.29 82.3 40.468117 -3.437909 591.1 6 5 76.6 0.703 2 6 1 
745.26 83.5 40.468166 -3.437639 591.8 6 5 77.0 1.055 2 6 1 
746.26 83.6 40.468216 -3.437372 592.1 6 5 77.3 0.703 2 6 1 
747.26 83.6 40.468258 -3.437099 592.5 6 5 77.3 0.352 1 6 1 
748.26 82.0 40.468304 -3.436836 592.8 6 5 78.0 0.703 0 6 1 
749.33 80.2 40.468342 -3.436579 593.1 6 5 78.0 0.703 0 6 1 
750.29 78.1 40.468380 -3.436327 594.2 6 5 78.4 0.352 0 6 1 
751.26 76.8 40.468426 -3.436084 594.1 6 5 78.0 0.352 1 6 1 
752.30 75.1 40.468464 -3.435858 593.8 4 5 78.0 0.352 1 6 1 
753.33 74.4 40.468506 -3.435618 593.8 3 5 78.0 0 1 6 1 
754.27 73.1 40.468548 -3.435371 593.7 4 5 77.3 0.703 1 6 1 
755.27 72.6 40.468586 -3.435129 593.1 4 5 77.7 0.352 0 6 1 
756.27 72.0 40.468616 -3.434898 592.7 3 5 78.0 0.703 0 6 1 
757.28 72.7 40.468658 -3.434665 592.6 3 5 78.4 0.703 1 6 1 
758.27 73.5 40.468697 -3.434431 592.4 3 5 78.8 0.703 1 6 1 
759.27 74.6 40.468731 -3.434208 592.1 3 5 78.8 0.352 1 6 1 
760.27 75.7 40.468765 -3.433965 591.9 3 5 78.4 0.352 1 6 1 
761.28 77.3 40.468800 -3.433719 591.7 3 5 78.0 0.703 1 6 1 
762.33 78.0 40.468834 -3.433462 591.7 3 5 78.0 0.352 1 6 1 
763.27 78.1 40.468876 -3.433215 591.2 3 5 79.1 1.055 1 6 1 
764.25 79.5 40.468914 -3.432962 591.1 3 5 79.1 1.055 2 7 1 
765.27 80.3 40.468952 -3.432711 590.6 4 5 78.4 0.703 1 7 1 
766.38 81.3 40.468994 -3.432457 590.4 4 5 78.0 1.055 1 7 1 
767.30 81.7 40.469032 -3.432194 590.0 4 5 77.7 0.703 0 7 1 
768.26 81.3 40.469082 -3.431935 589.6 4 5 78.0 0.352 0 7 1 
769.29 80.9 40.469124 -3.431680 589.4 4 5 77.3 0.703 1 7 1 
770.35 80.9 40.469193 -3.431422 589.1 6 5 76.6 1.406 1 7 1 
771.26 81.0 40.469238 -3.431164 588.5 6 5 76.6 0.703 1 7 1 
772.35 82.8 40.469288 -3.430902 588.2 6 5 75.2 1.406 1 7 1 
773.25 84.2 40.469334 -3.430622 588.2 6 5 74.9 1.758 1 7 1 
774.29 84.9 40.469391 -3.430352 588.0 6 5 74.5 0.703 2 7 1 
775.39 86.2 40.469444 -3.430086 587.3 6 5 73.8 1.055 2 7 1 
776.28 87.6 40.469501 -3.429806 586.9 6 5 74.2 0.352 2 7 1 
777.35 88.4 40.469578 -3.429538 586.7 6 5 72.1 2.109 0 7 1 
778.28 86.7 40.469662 -3.429267 586.0 6 5 71.7 2.461 1 7 1 
779.26 86.0 40.469738 -3.429002 585.5 6 5 71.0 1.055 1 7 1 
780.25 85.8 40.469791 -3.428744 585.0 6 5 71.4 0.352 2 7 1 
781.29 84.6 40.469849 -3.428478 584.8 6 5 71.4 0.352 2 7 1 
782.25 85.0 40.469913 -3.428208 583.8 6 5 71.4 0 2 7 1 
783.27 85.0 40.469986 -3.427940 583.5 6 5 71.0 0.352 2 7 1 
784.25 85.3 40.470062 -3.427672 582.7 6 5 70.3 1.055 2 7 1 
785.28 85.5 40.470142 -3.427405 582.5 6 5 69.6 1.406 2 7 1 
786.26 84.9 40.470222 -3.427146 582.1 6 5 69.3 1.055 2 7 1 
787.29 87.0 40.470306 -3.426881 581.6 6 5 68.9 0.703 1 7 1 
788.26 85.4 40.470387 -3.426612 580.9 6 5 68.9 0.352 1 8 1 
789.26 84.7 40.470459 -3.426359 580.2 6 5 69.3 0.352 1 8 1 
790.26 85.1 40.470528 -3.426095 579.9 6 5 67.9 1.406 0 8 1 
791.26 85.1 40.470615 -3.425851 579.6 6 5 68.2 1.055 0 7 1 
792.26 84.5 40.470673 -3.425594 579.2 6 5 68.9 1.055 0 7 1 
793.27 83.2 40.470749 -3.425359 579.5 6 5 68.6 0.352 0 7 1 
794.29 82.7 40.470825 -3.425110 580.1 6 5 68.6 0.352 0 7 1 
795.26 81.7 40.470909 -3.424875 581.5 6 5 67.1 1.406 0 7 1 
796.26 80.4 40.470993 -3.424633 582.9 6 5 68.6 1.406 0 7 1 
797.26 79.5 40.471062 -3.424398 584.1 6 5 68.2 1.055 0 6 1 
798.26 80.0 40.471138 -3.424157 583.5 6 5 68.9 0.703 0 6 1 
799.26 79.4 40.471195 -3.423908 582.9 6 5 68.9 0.703 0 6 1 
800.26 80.3 40.471264 -3.423662 583.5 6 5 69.3 0.352 0 6 1 
801.37 78.8 40.471333 -3.423393 583.3 6 5 70.3 1.406 1 6 1 
802.26 80.0 40.471397 -3.423149 583.4 4 5 71.4 2.109 2 6 1 
803.31 78.7 40.471478 -3.422913 582.6 4 5 69.6 1.758 1 6 1 
804.26 79.2 40.471550 -3.422661 581.8 4 5 68.9 2.461 0 6 1 
805.31 79.1 40.471615 -3.422419 581.6 4 5 69.6 0.703 0 6 1 
806.26 79.1 40.471684 -3.422153 581.9 4 5 70.3 1.406 0 6 1 
807.27 79.2 40.471756 -3.421907 581.7 4 5 70.3 0.703 0 6 1 
808.31 79.6 40.471828 -3.421656 582.0 4 5 70.3 0 0 6 1 
809.31 79.6 40.471889 -3.421403 582.3 4 5 71.0 0.703 0 6 1 
810.27 79.5 40.471966 -3.421142 582.3 6 5 71.0 0.703 1 6 1 
811.27 80.8 40.472019 -3.420910 581.8 6 5 72.4 1.406 1 6 1 
812.27 80.3 40.472076 -3.420667 581.4 6 5 71.7 0.703 2 6 1 
813.28 81.2 40.472145 -3.420403 581.5 6 5 70.7 1.758 2 6 1 
814.27 80.8 40.472202 -3.420154 583.3 6 5 71.7 1.055 1 6 1 
815.34 79.5 40.472263 -3.419921 585.2 6 5 71.0 0.703 1 6 1 
816.27 79.6 40.472324 -3.419676 586.1 6 5 71.7 0.703 2 6 1 
817.26 79.7 40.472397 -3.419441 586.7 6 5 71.0 0.703 0 6 1 
818.27 80.4 40.472466 -3.419188 587.0 6 5 71.0 0.703 1 6 1 
819.27 79.9 40.472527 -3.418932 587.2 6 5 71.4 0.352 1 6 1 
820.30 79.8 40.472591 -3.418685 586.8 6 5 71.4 0.352 1 6 1 
821.26 80.2 40.472649 -3.418434 586.2 8 5 72.8 1.406 0 6 1 
822.27 80.3 40.472729 -3.418191 586.0 6 5 71.0 1.758 0 6 1 
823.30 80.3 40.472794 -3.417943 586.2 6 5 71.0 1.758 0 5 1 
824.25 81.4 40.472847 -3.417683 586.0 6 5 71.4 0.352 0 5 1 
825.28 81.4 40.472916 -3.417431 586.0 6 5 71.4 0.352 0 5 1 
826.26 81.4 40.472980 -3.417185 586.2 6 5 72.1 0.703 0 5 1 
827.31 80.9 40.473034 -3.416938 586.7 6 5 72.1 0.703 0 5 1 
828.28 80.8 40.473106 -3.416692 586.2 6 5 71.7 0.352 0 5 1 
829.26 81.1 40.473160 -3.416423 587.0 6 5 72.4 0.703 2 5 1 
830.28 81.1 40.473228 -3.416162 587.0 6 5 72.1 0.352 1 5 1 
831.37 81.7 40.473297 -3.415909 586.7 6 5 71.7 0.703 1 5 1 
832.26 81.9 40.473354 -3.415654 587.1 6 5 71.4 0.703 0 5 1 
833.25 81.6 40.473415 -3.415406 587.5 6 5 72.1 0.703 1 5 1 
834.25 81.9 40.473476 -3.415166 587.1 6 5 72.8 1.406 1 5 1 
835.25 82.9 40.473537 -3.414904 586.5 6 5 72.1 0.703 1 5 1 
836.25 83.7 40.473598 -3.414650 586.2 6 5 70.7 2.109 0 5 1 
837.25 83.1 40.473679 -3.414390 586.5 6 5 70.0 2.109 0 4 0 
838.25 81.3 40.473743 -3.414141 586.0 6 5 70.0 0.703 1 4 0 
839.31 81.9 40.473812 -3.413888 585.6 6 5 69.3 0.703 1 4 0 
840.35 81.3 40.473877 -3.413654 585.0 6 5 68.2 1.758 1 4 0 
841.25 82.1 40.473949 -3.413424 584.3 6 5 67.9 1.406 2 4 0 
842.26 82.3 40.474030 -3.413177 584.1 6 5 67.1 1.055 2 4 0 
843.26 83.2 40.474117 -3.412916 584.0 6 5 65.7 2.109 2 4 0 
844.26 82.9 40.474209 -3.412658 583.6 6 5 64.7 2.461 1 4 0 
845.26 82.8 40.474297 -3.412423 583.6 6 5 64.3 1.406 0 4 0 
846.36 82.6 40.474384 -3.412176 583.5 6 5 64.0 0.703 0 4 0 
847.27 81.7 40.474464 -3.411935 583.7 4 5 64.0 0.352 0 4 0 
848.29 80.9 40.474552 -3.411691 583.8 6 5 63.3 0.703 0 4 0 
849.36 80.3 40.474648 -3.411461 583.5 6 5 62.6 1.406 0 4 0 
850.25 79.3 40.474735 -3.411230 583.2 6 5 61.9 1.406 0 4 0 
851.26 79.7 40.474823 -3.411006 583.3 4 5 62.2 0.352 2 4 0 
852.26 80.1 40.474918 -3.410769 583.3 4 5 61.2 1.055 2 4 0 
853.26 80.2 40.475018 -3.410535 583.3 4 5 60.1 2.109 2 4 0 
854.32 79.8 40.475117 -3.410316 583.4 4 5 58.4 2.812 1 4 0 
855.26 78.6 40.475212 -3.410097 583.4 4 5 58.7 1.406 0 5 1 
856.26 78.4 40.475315 -3.409870 583.4 3 5 58.0 0.703 1 5 1 
857.26 79.8 40.475422 -3.409646 583.3 3 5 56.6 2.109 1 5 1 
858.26 79.3 40.475536 -3.409431 583.0 4 5 57.0 1.055 1 5 1 
859.26 79.6 40.475647 -3.409214 583.2 4 5 56.6 0.352 2 5 1 
860.26 82.1 40.475761 -3.408987 583.2 4 5 56.2 0.703 2 5 1 
861.33 84.0 40.475880 -3.408768 583.1 4 5 54.1 2.461 1 5 1 
862.27 85.1 40.476002 -3.408537 583.2 4 5 53.4 2.812 1 5 1 
863.27 83.7 40.476128 -3.408316 583.3 4 5 53.1 1.055 1 5 1 
864.30 82.2 40.476250 -3.408112 583.2 4 5 53.1 0.352 0 5 1 
865.30 81.8 40.476379 -3.407893 583.7 4 5 52.0 1.055 0 5 1 
866.33 80.8 40.476513 -3.407684 583.8 4 5 51.0 2.109 0 5 1 
867.28 80.1 40.476646 -3.407484 583.4 4 5 50.6 1.406 0 5 1 
868.29 79.2 40.476765 -3.407283 583.0 4 5 50.6 0.352 0 5 1 
869.25 78.2 40.476891 -3.407081 583.9 4 5 49.9 0.703 0 5 1 
870.26 77.6 40.477016 -3.406891 583.5 4 5 48.9 1.758 0 5 1 
871.26 77.7 40.477146 -3.406709 583.3 3 5 48.2 1.758 0 5 1 
872.32 79.6 40.477283 -3.406522 583.6 3 5 46.4 2.461 0 5 1 
873.27 78.4 40.477417 -3.406331 583.8 4 5 47.8 1.406 0 5 1 
874.27 79.7 40.477547 -3.406137 584.0 3 5 46.8 1.055 0 5 1 
875.36 80.2 40.477684 -3.405947 584.2 3 5 46.1 1.758 1 5 1 
876.37 81.1 40.477825 -3.405757 584.3 4 5 45.7 1.055 2 5 0 
877.30 82.1 40.477970 -3.405577 584.6 4 5 45.0 1.055 1 5 0 
878.27 84.1 40.478119 -3.405384 584.7 4 5 43.2 2.461 1 5 0 
879.27 82.7 40.478275 -3.405196 584.8 4 5 43.2 1.758 1 4 0 
880.29 82.4 40.478432 -3.405016 584.9 4 5 42.2 1.055 0 4 0 
881.29 81.4 40.478577 -3.404837 584.8 4 5 42.9 0.703 0 4 0 
882.28 79.6 40.478725 -3.404657 585.3 4 5 42.5 0.352 0 4 0 
883.32 77.7 40.478870 -3.404484 586.5 4 5 41.1 1.758 0 4 0 
884.28 77.7 40.479027 -3.404318 588.2 3 5 40.1 2.461 0 4 0 
885.26 78.3 40.479183 -3.404152 589.7 3 5 40.1 1.055 0 4 0 
886.25 78.1 40.479347 -3.403999 588.5 3 5 39.0 1.055 0 4 0 
887.25 76.8 40.479488 -3.403835 588.8 3 5 38.7 1.406 1 4 0 
888.33 77.1 40.479633 -3.403669 588.7 3 5 39.0 0.352 1 5 1 
889.27 78.4 40.479786 -3.403510 589.2 3 5 37.3 1.758 1 5 1 
890.29 79.7 40.479954 -3.403358 588.2 3 5 36.6 2.461 1 5 1 
891.25 80.5 40.480118 -3.403196 587.6 3 5 36.9 0.352 1 5 1 
892.41 82.6 40.480282 -3.403035 587.8 3 5 36.6 0.352 1 5 1 
893.25 82.4 40.480450 -3.402876 588.2 3 5 36.6 0.352 1 5 1 
894.26 80.5 40.480610 -3.402716 588.6 3 5 36.6 0 1 5 1 
895.25 80.6 40.480762 -3.402551 588.9 4 5 36.6 0 1 5 1 
896.25 81.8 40.480923 -3.402396 589.4 3 5 36.6 0 1 5 1 
897.25 82.9 40.481091 -3.402230 589.3 3 5 36.6 0 1 5 1 
898.32 83.8 40.481258 -3.402065 589.3 3 5 36.9 0.352 1 5 1 
899.26 84.0 40.481430 -3.401897 590.0 3 5 36.9 0.352 1 5 1 
900.28 84.6 40.481602 -3.401737 590.2 4 5 36.6 0.352 1 5 1 
901.39 82.9 40.481777 -3.401583 591.1 4 5 36.9 0.352 1 5 1 
902.27 82.8 40.481941 -3.401428 591.7 4 5 36.2 0.703 1 5 1 
903.25 80.6 40.482105 -3.401279 592.9 4 5 36.2 0.703 1 5 1 
904.27 81.5 40.482265 -3.401118 594.1 4 5 36.6 0.352 1 5 1 
905.26 80.8 40.482418 -3.400962 595.3 4 5 36.9 0.703 2 5 1 
906.27 80.8 40.482586 -3.400813 594.6 4 5 37.3 0.703 2 5 1 
907.26 80.5 40.482746 -3.400653 594.8 4 5 36.9 0.352 1 6 1 
908.26 77.7 40.482899 -3.400499 595.2 4 5 36.2 1.055 1 6 1 
909.26 76.0 40.483055 -3.400351 595.3 3 5 35.9 1.055 1 6 1 
910.26 74.7 40.483208 -3.400201 594.8 3 5 36.6 0.703 0 6 1 
911.27 74.3 40.483360 -3.400050 594.2 3 5 36.6 0.770 0 6 1 
912.26 74.4 40.483513 -3.399907 594.5 3 5 36.6 0.067 0 5 1 
913.26 74.6 40.483658 -3.399763 595.2 3 5 36.6 0 0 5 1 
914.26 76.3 40.483814 -3.399617 596.1 3 5 35.7 0.953 0 5 1 
915.26 76.2 40.483963 -3.399462 596.3 3 5 36.8 1.138 1 5 1 
916.27 74.6 40.484104 -3.399319 596.9 3 5 36.8 1.138 2 5 1 
917.28 73.3 40.484261 -3.399181 596.9 3 5 36.8 0 1 5 1 
918.41 73.0 40.484409 -3.399035 596.8 3 5 36.8 0 1 5 1 
919.26 74.7 40.484558 -3.398888 597.0 3 5 37.3 0.438 0 5 1 
920.26 75.7 40.484707 -3.398747 597.2 3 5 37.8 1.025 0 5 1 
921.27 76.6 40.484859 -3.398586 597.3 4 5 37.8 0.587 0 5 1 
922.27 78.0 40.485004 -3.398433 597.5 4 5 37.8 0 1 5 1 
923.29 78.9 40.485161 -3.398270 597.6 4 5 37.8 0 0 5 1 
924.27 79.0 40.485310 -3.398107 597.3 3 5 39.0 1.136 0 5 1 
925.27 80.1 40.485462 -3.397940 597.3 3 5 39.9 2.097 0 5 1 
926.27 81.0 40.485626 -3.397762 597.5 4 5 40.3 1.293 0 5 1 
927.27 81.3 40.485760 -3.397601 597.3 4 5 40.3 0.332 0 5 1 
928.25 81.1 40.485912 -3.397428 597.3 4 5 41.6 1.292 0 5 1 
929.27 81.0 40.486065 -3.397255 597.1 4 5 41.6 1.292 0 5 1 
930.25 81.1 40.486214 -3.397066 597.1 4 5 43.2 1.643 1 5 1 
931.26 79.7 40.486359 -3.396882 597.2 4 5 43.2 1.643 0 5 1 
932.29 79.0 40.486511 -3.396699 597.1 4 5 44.1 0.851 1 5 1 
933.25 78.9 40.486652 -3.396525 597.2 3 5 44.1 0.851 2 5 1 
934.27 79.4 40.486797 -3.396348 596.6 3 5 44.1 0 1 5 1 
935.27 79.4 40.486946 -3.396173 596.8 4 5 44.1 0 0 5 1 
936.26 79.7 40.487087 -3.396005 597.1 4 5 44.1 0 0 5 1 
937.28 81.0 40.487240 -3.395824 596.9 4 5 45.2 1.162 0 5 1 
938.25 79.6 40.487385 -3.395642 596.7 4 5 45.7 1.649 0 5 1 
939.28 78.2 40.487518 -3.395455 597.0 4 5 46.8 1.541 0 4 0 
940.35 78.2 40.487652 -3.395275 596.7 3 5 46.1 0.703 0 4 0 
941.28 77.6 40.487789 -3.395097 596.8 3 5 45.7 1.055 0 4 0 
942.27 78.6 40.487930 -3.394910 596.8 3 5 45.0 1.055 0 4 0 
943.28 77.5 40.488064 -3.394721 596.5 3 5 45.4 0.352 0 4 0 
944.35 77.1 40.488201 -3.394538 595.9 3 5 45.0 0.352 0 4 0 
945.26 76.6 40.488350 -3.394360 596.6 3 5 45.4 0.352 1 4 0 
946.26 80.0 40.488491 -3.394177 600.3 4 5 45.4 0.352 1 5 1 
947.26 80.1 40.488632 -3.393998 599.6 4 5 46.1 0.703 0 5 1 
948.28 79.6 40.488766 -3.393813 599.6 4 5 46.1 0.703 0 5 1 
949.32 79.6 40.488903 -3.393622 598.9 4 5 46.1 0 0 4 0 
950.26 80.0 40.489040 -3.393434 599.5 4 5 46.4 0.352 0 4 0 
951.25 78.9 40.489174 -3.393249 599.7 4 5 47.1 1.055 1 4 0 
952.26 78.1 40.489307 -3.393057 599.1 3 5 47.1 0.703 2 4 0 
953.26 76.8 40.489441 -3.392868 598.2 3 5 46.4 0.703 2 4 0 
954.28 75.9 40.489578 -3.392691 597.9 3 5 45.7 1.406 1 4 0 
955.25 75.2 40.489716 -3.392514 597.7 3 5 45.7 0.703 1 4 0 
956.27 74.5 40.489845 -3.392331 598.2 3 5 46.1 0.352 1 4 0 
957.26 74.4 40.489971 -3.392156 598.1 3 5 46.4 0.703 2 4 0 
958.26 74.9 40.490097 -3.391982 598.2 3 5 46.1 0.352 2 4 0 
959.26 74.1 40.490223 -3.391805 598.4 3 5 45.7 0.703 1 4 0 
960.28 73.9 40.490356 -3.391626 599.2 3 5 45.4 0.703 1 4 0 
961.34 73.8 40.490486 -3.391458 599.1 3 5 45.7 0.352 0 4 0 
962.26 73.8 40.490612 -3.391278 599.1 3 5 46.1 0.703 0 4 0 
963.34 74.2 40.490742 -3.391108 599.7 3 5 46.1 0.352 0 4 0 
964.29 74.8 40.490868 -3.390935 599.7 4 5 45.7 0.352 0 4 0 
965.27 75.1 40.490997 -3.390762 599.8 3 5 45.7 0.352 0 3 0 
966.28 76.0 40.491135 -3.390581 599.5 3 5 45.4 0.352 0 3 0 
967.26 76.3 40.491257 -3.390397 600.2 3 5 45.4 0.352 0 3 0 
968.40 76.8 40.491394 -3.390219 599.7 3 5 46.1 0.703 0 3 0 
969.29 77.8 40.491524 -3.390042 599.6 3 5 46.1 0.703 1 3 0 
970.26 79.2 40.491661 -3.389857 599.8 3 5 45.7 0.352 1 3 0 
971.26 79.3 40.491795 -3.389664 600.0 3 5 46.1 0.352 2 3 0 
972.26 80.0 40.491928 -3.389474 600.6 3 5 46.8 1.055 2 4 0 
973.30 80.4 40.492065 -3.389286 600.5 3 5 47.1 1.055 2 4 0 
974.27 81.2 40.492199 -3.389089 601.6 3 5 47.5 0.703 2 4 0 
975.27 81.8 40.492340 -3.388894 600.4 3 5 47.8 0.703 2 4 0 
976.25 83.0 40.492474 -3.388694 600.8 4 5 47.5 0.352 2 4 0 
977.26 82.2 40.492611 -3.388494 600.7 4 5 49.9 2.461 2 4 0 
978.27 84.1 40.492744 -3.388283 600.7 4 5 48.2 1.758 2 4 0 
979.26 84.6 40.492886 -3.388082 601.6 4 5 49.2 1.055 1 4 0 
980.35 84.7 40.493023 -3.387872 601.7 4 5 50.3 2.109 0 4 0 
981.37 84.7 40.493156 -3.387661 601.2 4 5 49.6 0.703 0 4 0 
982.28 85.0 40.493298 -3.387450 601.4 4 5 50.3 0.703 0 4 0 
983.31 82.0 40.493431 -3.387239 601.1 4 5 50.1 0.489 1 4 0 
984.28 81.8 40.493565 -3.387036 600.9 4 5 50.7 0.668 1 4 0 
985.30 82.2 40.493706 -3.386835 601.8 4 5 50.7 0.668 1 4 0 
986.33 82.1 40.493843 -3.386632 601.2 4 5 50.7 0 1 5 1 
987.28 82.9 40.493969 -3.386416 601.0 4 5 50.7 0 1 5 1 
988.28 83.2 40.494099 -3.386209 601.0 4 5 50.7 0 2 5 1 
989.30 83.8 40.494228 -3.385999 601.1 4 5 51.1 0.413 2 5 1 
990.27 83.2 40.494354 -3.385782 601.7 4 5 51.1 0.413 1 5 1 
991.27 83.2 40.494480 -3.385560 600.8 4 5 51.5 0.387 1 5 1 
992.26 83.3 40.494606 -3.385347 600.8 4 5 51.5 0.387 0 5 1 
993.27 83.4 40.494736 -3.385135 600.3 4 5 52.4 0.905 0 5 1 
994.26 83.9 40.494862 -3.384913 600.6 4 5 52.4 0.905 1 5 1 
995.25 84.7 40.494995 -3.384692 601.5 4 5 53.0 0.616 1 5 1 
996.25 83.8 40.495121 -3.384483 601.1 4 5 52.6 0.429 2 5 1 
997.29 83.8 40.495247 -3.384261 600.8 4 5 52.3 0.729 1 5 1 
998.28 84.8 40.495373 -3.384046 600.6 4 5 54.0 1.674 2 6 1 
999.28 83.9 40.495495 -3.383826 600.3 6 5 54.0 1.674 2 6 1 
1000.28 81.7 40.495617 -3.383621 600.0 6 5 53.8 0.156 1 6 1 
1001.29 81.9 40.495731 -3.383400 599.6 6 5 53.8 0.156 1 6 1 
1002.28 81.1 40.495857 -3.383176 600.2 6 5 56.7 2.821 0 6 1 
1003.28 80.6 40.495960 -3.382965 599.7 6 5 56.7 2.821 0 6 1 
1004.26 80.5 40.496082 -3.382726 599.7 6 5 56.7 0 1 6 1 
1005.28 82.0 40.496189 -3.382487 599.6 6 5 56.7 0 1 6 1 
1006.28 82.0 40.496319 -3.382278 599.6 6 5 55.9 0.772 1 6 1 
1007.28 83.1 40.496433 -3.382052 599.9 6 5 55.9 0.772 0 6 1 
1008.26 83.2 40.496536 -3.381827 600.1 6 5 55.9 0 0 6 1 
1009.28 84.0 40.496677 -3.381587 600.0 6 5 56.5 0.661 0 6 1 
1010.27 84.9 40.496792 -3.381357 599.9 6 5 56.5 0.661 0 6 1 
1011.32 84.0 40.496902 -3.381110 599.9 6 5 55.9 0.640 1 6 1 
1012.25 85.4 40.497005 -3.380883 600.3 6 5 55.9 0.640 1 6 1 
1013.27 86.2 40.497120 -3.380652 600.5 6 5 56.5 0.573 2 6 1 
1014.26 86.7 40.497246 -3.380415 600.4 4 5 56.5 0.573 2 6 1 
1015.42 86.8 40.497372 -3.380180 601.0 4 5 56.5 0 2 6 1 
1016.29 86.0 40.497505 -3.379947 601.1 6 5 56.5 0 1 6 1 
1017.26 85.4 40.497620 -3.379718 601.0 6 5 56.5 0 1 6 1 
1018.25 84.6 40.497734 -3.379483 601.0 6 5 56.3 0.210 2 6 1 
1019.28 84.3 40.497841 -3.379261 601.2 6 5 56.3 0.210 1 6 1 
1020.26 84.0 40.497963 -3.379036 601.0 4 5 55.9 0.332 1 6 1 
1021.28 83.4 40.498081 -3.378810 601.4 6 5 55.9 0.332 2 7 1 
1022.26 83.0 40.498184 -3.378583 601.7 6 5 55.9 0 1 7 1 
1023.27 85.2 40.498322 -3.378338 601.5 6 5 55.9 0 1 7 1 
1024.26 85.3 40.498440 -3.378097 601.6 6 5 55.9 0 1 7 1 
1025.28 86.3 40.498573 -3.377858 601.7 6 5 55.6 0.365 1 7 1 
1026.26 86.1 40.498703 -3.377629 601.9 6 5 56.2 0.622 1 7 1 
1027.27 84.7 40.498821 -3.377388 602.2 6 5 56.2 0.622 1 8 1 
1028.27 81.8 40.498920 -3.377158 602.2 6 5 56.2 0 1 8 1 
1029.25 80.4 40.499027 -3.376935 602.2 6 5 56.2 0 1 8 1 
1030.26 79.4 40.499138 -3.376721 602.6 6 5 56.2 0 2 8 1 
1031.26 79.2 40.499249 -3.376503 602.5 4 5 56.2 0 2 8 1 
1032.27 78.9 40.499355 -3.376295 602.8 3 5 57.0 0.762 1 8 1 
1033.26 80.5 40.499466 -3.376080 602.7 3 5 57.0 0.762 0 8 1 
1034.30 81.8 40.499580 -3.375856 602.9 4 5 57.0 0 0 7 1 
1035.26 83.8 40.499691 -3.375636 603.1 4 5 56.7 0.286 0 7 1 
1036.32 84.6 40.499813 -3.375404 603.2 4 5 56.7 0.286 0 7 1 
1037.27 83.7 40.499924 -3.375180 603.4 6 5 56.7 0 0 7 1 
1038.27 83.1 40.500042 -3.374939 603.5 4 5 55.9 0.767 0 7 1 
1039.27 84.0 40.500153 -3.374718 603.6 4 5 55.9 0.767 0 7 1 
1040.27 85.5 40.500282 -3.374482 604.5 6 5 55.9 0 1 7 1 
1041.26 85.4 40.500397 -3.374263 605.2 4 5 57.9 2.006 0 7 1 
1042.27 85.2 40.500515 -3.374014 604.7 4 5 57.9 2.006 1 7 1 
1043.28 85.7 40.500633 -3.373792 605.0 4 5 57.9 0 1 7 1 
1044.25 85.6 40.500740 -3.373547 605.4 4 5 57.7 0.237 1 7 1 
1045.27 84.6 40.500854 -3.373317 604.9 4 5 57.7 0.237 1 7 1 
1046.27 84.8 40.500961 -3.373081 605.4 4 5 57.7 0 2 7 1 
1047.27 84.7 40.501080 -3.372843 605.7 4 5 57.7 0 1 7 1 
1048.27 84.3 40.501194 -3.372610 605.7 4 5 57.7 0.054 1 7 1 
1049.27 83.7 40.501305 -3.372377 606.1 4 5 57.7 0.054 1 7 1 
1050.32 82.7 40.501415 -3.372143 606.0 6 5 57.7 0 0 7 1 
1051.27 81.6 40.501526 -3.371906 605.9 6 5 57.4 0.311 1 7 1 
1052.27 80.1 40.501644 -3.371674 606.1 6 5 57.4 0.311 0 7 1 
1053.34 78.7 40.501751 -3.371447 606.0 4 5 57.4 0 0 7 1 
1054.27 78.2 40.501858 -3.371233 606.1 3 5 57.4 0 0 7 1 
1055.27 75.9 40.501965 -3.371033 606.2 3 5 57.4 0 0 6 1 
1056.30 76.8 40.502068 -3.370827 606.9 3 5 57.4 0 0 6 1 
1057.26 78.2 40.502171 -3.370616 606.6 4 5 58.0 0.542 0 6 1 
1058.25 80.2 40.502270 -3.370394 606.1 4 5 54.2 3.763 0 6 1 
1059.27 80.6 40.502377 -3.370154 608.2 4 5 55.2 2.756 1 6 1 
1060.31 81.4 40.502472 -3.369918 607.4 6 5 57.8 3.579 2 6 1 
1061.27 81.4 40.502567 -3.369689 607.1 6 5 58.4 3.244 0 6 1 
1062.25 80.5 40.502670 -3.369443 607.2 4 5 57.5 0.980 0 6 1 
1063.27 79.4 40.502758 -3.369232 607.5 4 5 57.5 0.980 0 6 1 
1064.26 79.4 40.502869 -3.369002 607.5 4 5 57.9 0.472 0 5 1 
1065.32 79.0 40.502964 -3.368794 607.7 4 5 57.9 0.472 0 5 1 
1066.25 78.9 40.503071 -3.368559 608.3 3 5 57.9 0 0 5 1 
1067.28 78.7 40.503170 -3.368344 609.2 3 5 57.9 0 0 5 1 
1068.34 78.4 40.503281 -3.368123 608.5 3 5 57.9 0 0 5 1 
1069.25 78.1 40.503372 -3.367904 608.6 4 5 58.6 0.636 0 5 1 
1070.28 80.1 40.503468 -3.367684 608.8 4 5 57.9 0.677 0 5 1 
1071.25 78.6 40.503574 -3.367473 609.2 4 5 57.9 0.677 1 5 1 
1072.32 78.6 40.503681 -3.367251 609.6 3 5 58.3 0.444 0 5 1 
1073.25 78.3 40.503788 -3.367028 610.2 3 5 58.3 0.444 0 5 1 
1074.26 78.3 40.503891 -3.366818 610.0 3 5 57.8 0.512 1 5 1 
1075.36 78.3 40.503990 -3.366599 609.7 3 5 57.8 0.512 1 5 1 
1076.26 78.4 40.504097 -3.366379 609.9 4 5 58.3 0.475 1 5 1 
1077.25 78.4 40.504200 -3.366159 609.7 3 5 58.3 0.475 1 5 1 
1078.27 78.4 40.504303 -3.365943 610.0 3 5 58.3 0 1 5 1 
1079.28 79.0 40.504410 -3.365716 611.2 3 5 60.1 1.800 1 5 1 
1080.25 79.7 40.504505 -3.365502 610.6 3 5 60.9 2.556 1 5 1 
1081.26 80.5 40.504604 -3.365255 610.4 4 5 61.9 1.826 2 5 1 
1082.26 80.8 40.504688 -3.365035 610.5 4 5 63.4 2.578 2 5 1 
1083.27 81.6 40.504776 -3.364791 610.6 4 5 64.4 2.448 1 5 1 
1084.26 82.5 40.504856 -3.364548 610.8 4 5 65.9 2.426 1 5 1 
1085.26 82.7 40.504940 -3.364298 610.8 4 5 65.9 1.485 1 5 1 
1086.26 83.2 40.505028 -3.364055 611.2 4 5 67.6 1.735 1 5 1 
1087.26 83.7 40.505108 -3.363801 610.7 4 5 69.0 3.101 1 5 1 
1088.26 84.2 40.505184 -3.363528 610.8 4 5 70.8 3.211 1 5 1 
1089.33 84.5 40.505253 -3.363267 610.6 4 5 71.8 2.838 1 5 1 
1090.26 85.5 40.505322 -3.363011 610.8 4 5 72.5 1.709 1 5 1 
1091.32 85.2 40.505367 -3.362798 610.1 4 5 72.5 0.716 2 5 1 
1092.25 86.1 40.505447 -3.362472 609.5 4 5 74.9 2.366 2 5 1 
1093.35 86.3 40.505493 -3.362203 609.5 6 5 76.6 4.124 2 5 1 
1094.26 86.6 40.505531 -3.361920 609.4 6 5 77.3 2.461 2 5 1 
1095.26 86.4 40.505569 -3.361646 609.1 6 5 79.8 3.164 2 5 1 
1096.27 85.3 40.505604 -3.361364 608.8 6 5 81.9 4.570 2 5 1 
1097.29 84.5 40.505615 -3.361088 608.3 4 5 86.1 6.328 1 5 1 
1098.25 83.1 40.505634 -3.360812 607.8 4 5 88.6 6.680 1 5 1 
1099.31 83.7 40.505642 -3.360534 607.2 4 5 89.3 3.164 0 5 1 
1100.26 82.8 40.505646 -3.360268 607.0 4 5 88.9 0.352 0 5 1 
1101.26 83.2 40.505638 -3.359993 606.9 4 5 88.6 0.703 0 5 1 
1102.29 81.5 40.505642 -3.359719 606.7 4 5 88.6 0.352 0 5 1 
1103.33 80.3 40.505650 -3.359462 606.8 4 5 88.6 0 0 5 1 
1104.31 80.2 40.505653 -3.359202 606.6 4 5 88.9 0.352 1 5 1 
1105.32 79.6 40.505650 -3.358941 606.5 6 5 91.8 3.164 2 5 1 
1106.26 80.2 40.505634 -3.358676 606.3 6 5 92.8 3.867 0 5 1 
1107.26 80.3 40.505627 -3.358414 606.2 6 5 94.2 2.461 0 5 1 
1108.42 79.5 40.505608 -3.358154 606.5 6 5 94.6 1.758 0 5 1 
1109.26 78.6 40.505592 -3.357882 606.6 6 5 95.3 1.055 1 5 1 
1110.27 77.0 40.505566 -3.357620 606.8 3 5 96.0 1.406 2 5 1 
1111.30 77.2 40.505543 -3.357381 606.8 3 5 97.4 2.109 2 5 1 
1112.29 76.5 40.505516 -3.357145 607.0 3 5 97.7 1.758 0 5 1 
1113.27 76.4 40.505489 -3.356910 607.2 3 5 98.4 1.055 1 5 1 
1114.25 75.7 40.505463 -3.356668 607.2 3 5 97.7 0.703 0 5 1 
1115.26 73.7 40.505432 -3.356424 607.3 3 5 97.4 1.055 0 5 1 
1116.27 72.6 40.505413 -3.356188 607.0 4 5 97.0 0.703 0 5 1 
1117.31 73.7 40.505394 -3.355940 607.0 4 5 96.0 1.406 0 5 1 
1118.35 69.3 40.505383 -3.355716 607.0 3 5 97.0 1.055 0 5 1 
