19.36 90.0 1 primary 1 1 40.584465 -3.554250 1.700 83.8 
21.91 90.0 1 primary 1 1 40.584412 -3.553719 2.244 85.5 
23.84 90.0 1 primary 2 1 40.584316 -3.552897 1.180 84.6 
25.80 90.0 1 primary 2 1 40.584229 -3.552358 1.134 86.4 
27.63 90.0 1 primary 2 1 40.584110 -3.551814 0.968 87.5 
29.58 90.0 1 primary 2 1 40.584045 -3.551540 1.914 88.0 
32.86 90.0 1 primary 2 1 40.583897 -3.550998 3.192 90.6 
34.81 90.0 1 primary 2 1 40.583519 -3.549911 1.147 92.1 
36.76 90.0 1 primary 2 1 40.583294 -3.549395 1.089 88.2 
39.31 90.0 1 primary 2 1 40.583073 -3.548911 1.644 86.5 
42.28 90.0 1 primary 2 1 40.582825 -3.548448 2.614 87.0 
43.81 90.0 1 primary 2 1 40.582413 -3.547778 1.149 86.9 
46.37 90.0 1 primary 2 1 40.582119 -3.547361 1.709 85.5 
48.06 90.0 1 primary 2 1 40.581821 -3.546952 1.394 86.3 
51.19 90.0 1 primary 2 1 40.581528 -3.546546 2.527 87.9 
52.41 90.0 1 primary 2 1 40.581059 -3.545932 0.749 88.2 
54.05 90.0 1 primary 2 1 40.580902 -3.545730 1.387 88.3 
56.94 90.0 1 primary 2 1 40.580593 -3.545294 2.274 87.7 
59.81 90.0 1 primary 2 1 40.580135 -3.544652 2.141 86.6 
64.02 90.0 1 primary 2 1 40.579700 -3.544009 3.354 89.4 
66.92 90.0 1 primary 2 1 40.579151 -3.543079 2.255 90.4 
68.30 90.0 1 primary 2 1 40.578766 -3.542354 0.632 89.5 
70.05 90.0 1 primary 2 1 40.578640 -3.542111 1.387 89.9 
73.25 90.0 1 primary 2 1 40.578396 -3.541621 2.586 88.1 
74.91 90.0 1 primary 2 1 40.578094 -3.540909 1.242 88.7 
79.97 90.0 1 primary 2 1 40.577854 -3.540395 4.301 93.5 
82.30 90.0 1 primary 2 1 40.577320 -3.539065 1.633 95.8 
83.76 90.0 1 primary 2 1 40.577110 -3.538501 1.097 96.2 
87.29 90.0 1 primary 2 1 40.576916 -3.537933 2.621 92.8 
89.29 90.0 1 primary 2 1 40.576611 -3.537061 1.619 92.3 
91.11 90.0 1 primary 2 1 40.576424 -3.536497 1.444 92.6 
93.38 90.0 1 primary 2 1 40.576233 -3.535953 1.713 93.3 
95.63 90.0 1 primary 2 1 40.576027 -3.535407 1.967 92.1 
96.89 90.0 1 primary 2 1 40.575813 -3.534865 1.222 92.6 
98.52 90.0 1 primary 2 1 40.575577 -3.534341 0.853 91.2 
99.83 90.0 1 primary 2 1 40.575455 -3.534086 1.155 89.7 
103.92 90.0 1 primary 2 1 40.575222 -3.533608 3.259 87.1 
105.25 90.0 1 primary 2 1 40.574757 -3.532644 0.590 88.4 
107.51 90.0 1 primary 2 1 40.574635 -3.532396 1.850 89.5 
108.45 90.0 1 primary 2 1 40.574394 -3.531908 0.784 89.0 
110.71 90.0 1 primary 2 1 40.574276 -3.531652 2.045 90.3 
132.26 90.0 1 primary 2 1 40.573956 -3.530895 20.598 90.4 
138.84 90.0 1 primary 2 1 40.572041 -3.525186 6.176 90.0 
141.86 90.0 1 primary 2 1 40.571274 -3.523417 2.200 91.0 
144.58 90.0 1 primary 2 1 40.570885 -3.522702 1.913 89.6 
145.27 90.0 1 primary 2 1 40.570614 -3.522256 0.608 89.4 
147.77 90.0 1 primary 2 1 40.570469 -3.522036 2.100 87.3 
152.05 90.0 1 primary 2 1 40.570042 -3.521388 3.386 88.1 
154.94 90.0 1 primary 2 1 40.569408 -3.520588 2.268 84.9 
157.40 90.0 1 primary 2 1 40.568905 -3.520051 1.725 83.5 
158.50 90.0 1 primary 2 1 40.568565 -3.519701 0.838 81.4 
159.63 90.0 1 primary 2 1 40.568428 -3.519564 0.966 82.4 
160.45 90.0 1 primary 2 1 40.568272 -3.519415 0.775 82.4 
161.85 90.0 1 primary 2 1 40.568104 -3.519265 1.184 82.9 
163.42 90.0 1 primary 2 1 40.567741 -3.518967 0.754 82.5 
164.65 90.0 1 primary 2 1 40.567562 -3.518829 0.983 82.3 
165.60 90.0 1 primary 3 2 40.567387 -3.518699 0.935 82.6 
166.31 90.0 1 primary 3 2 40.567204 -3.518560 0.648 83.3 
167.78 90.0 1 primary 3 2 40.567017 -3.518436 1.111 83.9 
169.78 90.0 1 primary 3 2 40.566681 -3.518249 1.113 83.9 
174.28 90.0 1 primary 3 1 40.566303 -3.518029 3.612 85.0 
176.25 90.0 1 primary 3 1 40.565483 -3.517633 1.588 84.6 
178.32 90.0 1 primary 3 1 40.565079 -3.517475 1.660 84.2 
179.60 90.0 1 primary 3 1 40.564663 -3.517313 0.934 83.7 
181.14 90.0 1 primary 3 1 40.564457 -3.517250 1.474 83.9 
182.37 90.0 1 primary 3 1 40.564041 -3.517134 0.701 85.1 
186.56 90.0 1 primary 3 1 40.563828 -3.517087 3.889 87.3 
188.14 90.0 1 primary 3 1 40.562973 -3.516945 1.405 88.6 
191.02 100.0 3 primary_link 1 1 40.562527 -3.516881 2.359 87.7 
193.74 100.0 3 primary_link 1 1 40.561871 -3.516772 2.075 85.1 
196.91 90.0 1 primary 3 1 40.561249 -3.516607 2.246 86.1 
199.30 90.0 1 primary 3 1 40.560616 -3.516370 1.634 89.5 
201.22 90.0 1 primary 3 1 40.560204 -3.516155 1.554 87.6 
205.11 100.0 3 primary_link 1 1 40.559803 -3.515901 3.444 85.8 
207.14 100.0 3 primary_link 1 1 40.559071 -3.515285 1.472 88.3 
208.47 90.0 1 primary 3 1 40.558731 -3.514922 0.810 87.6 
210.14 90.0 1 primary 3 1 40.558563 -3.514727 1.476 88.1 
212.61 90.0 1 primary 3 1 40.558254 -3.514314 1.937 88.7 
219.23 90.0 1 primary 3 1 40.557964 -3.513884 6.563 88.3 
220.65 90.0 1 primary 3 1 40.557163 -3.512167 0.983 87.8 
222.02 90.0 1 primary 3 1 40.557079 -3.511900 1.353 87.6 
228.24 90.0 1 primary 3 1 40.556942 -3.511329 5.564 87.7 
229.57 90.0 1 primary 3 1 40.556675 -3.509626 0.906 87.6 
235.00 90.0 1 primary 3 1 40.556664 -3.509348 5.332 88.6 
237.45 90.0 1 primary 3 1 40.556728 -3.507617 1.787 87.8 
240.10 90.0 1 primary 3 1 40.556725 -3.507047 2.433 88.4 
243.21 90.0 1 primary 3 1 40.556664 -3.506162 2.547 89.2 
245.06 90.0 1 primary 3 1 40.556549 -3.505307 1.394 88.0 
247.30 90.0 1 primary 3 1 40.556438 -3.504766 1.631 88.8 
249.76 90.0 1 primary 3 1 40.556305 -3.504196 2.099 85.2 
253.53 90.0 1 primary 3 2 40.556042 -3.503406 2.864 88.8 
255.04 90.0 1 primary 3 2 40.555729 -3.502633 1.376 87.8 
257.78 90.0 1 primary 3 2 40.555492 -3.502151 2.117 88.1 
259.57 90.0 1 primary 3 2 40.555138 -3.501444 0.907 89.1 
260.70 90.0 1 primary 3 2 40.555016 -3.501204 1.033 89.2 
264.41 90.0 1 primary 3 2 40.554787 -3.500700 2.742 88.9 
265.82 90.0 1 primary 2 2 40.554546 -3.499886 1.158 88.9 
268.00 90.0 1 primary 2 2 40.554420 -3.499345 1.333 87.3 
269.41 90.0 1 primary 2 2 40.554310 -3.498802 0.742 86.8 
270.86 90.0 1 primary 2 2 40.554268 -3.498525 1.191 87.5 
273.62 90.0 1 primary 2 2 40.554207 -3.497963 1.954 89.7 
275.83 90.0 3 tertiary_link 1 2 40.554184 -3.497391 2.161 91.5 
277.39 90.0 3 tertiary_link 1 2 40.554214 -3.496508 0.720 92.7 
278.97 100.0 3 primary_link 1 2 40.554245 -3.496204 1.305 91.8 
287.09 100.0 3 primary_link 1 2 40.554333 -3.495622 7.429 85.2 
289.48 90.0 1 primary 2 2 40.554977 -3.493537 1.819 87.0 
291.12 90.0 1 primary 2 2 40.555176 -3.493033 1.455 85.6 
292.92 90.0 1 primary 2 2 40.555351 -3.492533 1.253 88.9 
295.22 90.0 3 tertiary_link 1 2 40.555515 -3.491986 1.545 90.1 
296.42 90.0 3 tertiary_link 1 2 40.555660 -3.491426 0.752 91.5 
297.46 90.0 3 tertiary_link 1 2 40.555721 -3.491140 0.793 92.0 
298.42 90.0 3 tertiary_link 1 2 40.555775 -3.490840 0.754 93.2 
300.54 100.0 3 primary_link 1 2 40.555820 -3.490532 1.870 93.9 
303.42 90.0 1 primary 2 2 40.555866 -3.489929 2.757 94.4 
304.62 90.0 1 primary 2 2 40.555885 -3.488988 0.956 92.8 
306.50 90.0 1 primary 2 2 40.555874 -3.488674 1.834 89.2 
308.53 90.0 1 primary 2 2 40.555828 -3.488078 1.859 86.7 
324.10 90.0 1 primary 2 2 40.555794 -3.487496 15.430 88.1 
328.65 90.0 1 primary 2 2 40.554802 -3.483121 3.979 87.8 
333.36 90.0 1 primary 2 2 40.554401 -3.482082 4.693 89.7 
334.64 90.0 1 primary 2 2 40.553844 -3.480827 0.969 89.8 
336.07 90.0 1 primary 2 2 40.553722 -3.480580 1.409 89.6 
356.99 -1.0 -1 - -1 -1 40.553467 -3.480081 20.321 91.0 
360.71 90.0 1 primary 2 2 40.550259 -3.476065 3.045 92.3 
383.56 90.0 1 primary 2 2 40.549427 -3.475416 21.894 87.6 
385.33 90.0 1 primary 2 2 40.544788 -3.473290 1.667 87.7 
386.27 90.0 1 primary 2 2 40.544361 -3.473144 0.607 88.0 
387.90 90.0 1 primary 2 2 40.544147 -3.473079 1.235 88.5 
389.72 90.0 1 primary 2 2 40.543716 -3.472917 1.060 89.5 
391.98 30.0 1 primary_link 1 2 40.543282 -3.472771 1.315 87.5 
395.64 30.0 1 primary_link 1 2 40.542862 -3.472633 2.967 86.3 
396.31 30.0 1 primary_link 1 2 40.542217 -3.472433 0.635 85.4 
397.46 30.0 1 primary_link 1 2 40.542015 -3.472363 0.793 86.7 
399.36 30.0 1 primary_link 1 2 40.541801 -3.472290 1.691 86.2 
400.58 30.0 1 primary_link 1 2 40.541386 -3.472155 0.916 85.8 
401.91 30.0 1 primary_link 1 2 40.541187 -3.472076 1.242 86.4 
403.88 90.0 1 primary 2 2 40.540760 -3.471924 1.215 86.7 
406.77 90.0 1 primary 2 2 40.540340 -3.471791 2.107 85.0 
409.59 90.0 1 primary 2 2 40.539726 -3.471580 1.927 84.8 
411.60 90.0 1 primary 2 2 40.539307 -3.471439 1.936 84.6 
413.85 90.0 1 primary 2 2 40.538891 -3.471300 2.184 87.8 
415.94 90.0 1 primary 2 2 40.538284 -3.471078 1.277 83.4 
420.96 90.0 1 primary 2 2 40.537880 -3.470952 4.291 84.3 
423.31 100.0 3 primary_link 1 2 40.536869 -3.470600 1.649 85.3 
427.13 100.0 3 primary_link 1 2 40.536472 -3.470409 3.463 86.0 
428.77 100.0 3 primary_link 1 2 40.535728 -3.469889 1.100 86.0 
430.61 100.0 3 primary_link 1 2 40.535381 -3.469556 0.946 86.7 
431.30 100.0 3 primary_link 1 2 40.535217 -3.469365 0.639 87.2 
432.96 100.0 3 primary_link 1 2 40.535053 -3.469171 1.295 87.4 
434.80 100.0 3 primary_link 1 2 40.534752 -3.468746 1.133 88.0 
436.45 90.0 1 primary 2 2 40.534485 -3.468288 0.783 88.6 
437.66 90.0 1 primary 2 2 40.534374 -3.468048 0.987 88.0 
439.40 90.0 1 primary 2 2 40.534264 -3.467797 1.729 87.2 
442.14 90.0 1 primary 2 2 40.534073 -3.467270 2.472 86.2 
444.00 90.0 1 primary 2 2 40.533871 -3.466483 1.333 86.5 
446.29 90.0 1 primary 2 2 40.533779 -3.465928 1.616 88.2 
447.89 90.0 1 primary 2 2 40.533737 -3.465362 1.223 87.8 
449.87 90.0 1 primary 2 2 40.533726 -3.464786 1.209 86.8 
451.30 90.0 1 primary 2 2 40.533726 -3.464221 0.633 86.1 
452.41 90.0 1 primary 2 2 40.533730 -3.463942 0.734 85.7 
454.00 90.0 1 primary 2 2 40.533733 -3.463679 1.331 84.8 
456.80 90.0 1 primary 2 2 40.533730 -3.463112 2.130 84.4 
458.74 90.0 1 primary 2 2 40.533730 -3.462288 1.077 83.4 
462.38 90.0 1 primary 2 2 40.533741 -3.461755 2.715 82.3 
464.17 90.0 1 primary 2 2 40.533749 -3.460942 1.511 81.8 
468.48 90.0 1 primary 2 2 40.533752 -3.460419 3.815 84.3 
471.02 90.0 1 primary 2 2 40.533764 -3.459327 2.351 85.7 
474.14 90.0 1 primary 2 2 40.533760 -3.458480 2.480 88.1 
477.02 90.0 1 primary 2 2 40.533760 -3.457619 2.354 89.8 
487.93 90.0 1 primary 2 2 40.533772 -3.456714 10.263 89.9 
498.35 90.0 1 primary 2 2 40.533802 -3.453464 9.685 87.8 
500.93 90.0 1 primary 2 2 40.533829 -3.450566 2.262 87.7 
504.16 90.0 1 primary 2 2 40.533821 -3.449694 2.492 86.8 
507.28 90.0 1 primary 2 2 40.533829 -3.448821 2.610 86.5 
513.07 90.0 1 primary 2 2 40.533829 -3.447982 5.401 87.3 
514.97 90.0 1 primary 2 2 40.533821 -3.446216 1.301 87.0 
518.16 90.0 1 primary 2 2 40.533821 -3.445645 2.455 86.9 
520.08 90.0 1 primary 2 2 40.533806 -3.444773 1.418 87.1 
521.72 90.0 1 primary 2 2 40.533806 -3.444207 1.058 86.6 
523.73 90.0 1 primary 2 2 40.533810 -3.443653 1.062 86.5 
525.60 90.0 1 primary 2 2 40.533810 -3.443085 0.939 88.1 
527.14 90.0 1 primary 2 2 40.533813 -3.442803 1.479 86.7 
533.01 90.0 1 primary 2 2 40.533817 -3.442243 5.347 86.0 
535.95 90.0 1 primary 2 2 40.533836 -3.440537 2.287 88.4 
538.41 90.0 1 primary 2 2 40.533836 -3.439653 1.741 88.6 
540.47 90.0 1 primary 2 2 40.533836 -3.439057 1.807 88.8 
567.68 90.0 1 primary 2 2 40.533829 -3.438474 27.014 89.7 
571.38 90.0 1 primary 2 2 40.533276 -3.430353 2.718 87.4 
576.09 90.0 1 primary 2 2 40.532997 -3.429540 4.420 88.1 
579.48 90.0 1 primary 2 2 40.532425 -3.428279 2.813 89.1 
582.54 90.0 1 primary 2 2 40.532024 -3.427592 2.880 87.1 
592.38 90.0 1 primary 2 2 40.531586 -3.426954 9.719 88.0 
593.51 90.0 1 primary 2 2 40.529896 -3.425178 0.844 88.1 
611.63 -1.0 -1 - -1 -1 40.529709 -3.425025 17.964 87.0 
613.99 90.0 1 primary 2 2 40.526421 -3.422282 2.330 86.8 
674.81 -1.0 -1 - -1 -1 40.526009 -3.421615 60.146 92.5 
677.04 100.0 1 primary 2 1 40.517044 -3.408540 1.397 95.2 
678.80 100.0 1 primary 2 1 40.516655 -3.408203 1.151 93.1 
681.26 100.0 1 primary 2 1 40.516273 -3.407873 1.612 90.5 
682.42 100.0 1 primary 2 1 40.515873 -3.407534 0.769 89.4 
684.47 100.0 1 primary 2 1 40.515705 -3.407408 1.826 86.5 
697.22 100.0 1 primary 2 1 40.515297 -3.407106 12.569 28.1 
